40  77.0  118
60  66.0  258
80  34.0  337
100  79.0  158
120  45.0  263
140  89.0  203
160  78.0  280
180  97.0  186
200  96.0  99
40  10.0  66
60  34.0  173
80  35.0  302
100  56.0  287
120  89.0  249
140  91.0  167
160  79.0  382
180  98.0  37
200  78.0  226
40  46.0  160
60  28.0  209
80  62.0  142
100  80.0  239
120  70.0  364
140  56.0  253
160  92.0  277
180  76.0  244
200  59.0  339
40  20.0  248
60  29.0  185
80  56.0  315
100  43.0  347
120  53.0  243
140  86.0  229
160  87.0  284
180  90.0  129
200  83.0  190
40  30.0  105
60  69.0  171
80  48.0  267
100  55.0  324
120  98.0  74
140  46.0  273
160  98.0  71
180  95.0  226
200  93.0  268
40  68.0  85
60  98.0  28
80  43.0  230
100  58.0  303
120  75.0  280
140  91.0  149
160  90.0  156
180  95.0  225
200  82.0  230
40  41.0  31
60  85.0  79
80  70.0  234
100  35.0  294
120  31.0  214
140  91.0  116
160  81.0  304
180  93.0  263
200  98.0  116
40  69.0  57
60  50.0  266
80  59.0  295
100  81.0  247
120  77.0  206
140  62.0  347
160  69.0  273
180  97.0  205
200  95.0  217
40  36.0  188
60  85.0  68
80  84.0  137
100  47.0  335
120  96.0  48
140  88.0  128
160  87.0  282
180  90.0  149
200  95.0  230
40  65.0  195
60  41.0  233
80  56.0  363
100  92.0  115
120  51.0  347
140  95.0  181
160  45.0  209
180  83.0  125
200  52.0  378
40  78.0  143
60  27.0  179
80  18.0  126
100  70.0  284
120  84.0  251
140  86.0  197
160  98.0  185
180  89.0  216
200  98.0  236
40  14.0  282
60  79.0  123
80  46.0  214
100  67.0  248
120  53.0  249
140  77.0  220
160  61.0  571
180  98.0  112
200  75.0  253
40  39.0  168
60  20.0  256
80  64.0  85
100  73.0  166
120  85.0  168
140  73.0  240
160  42.0  242
180  98.0  101
200  94.0  159
40  43.0  173
60  23.0  154
80  82.0  169
100  78.0  122
120  43.0  363
140  97.0  68
160  58.0  294
180  98.0  127
200  94.0  233
40  30.0  146
60  65.0  229
80  83.0  106
100  63.0  317
120  52.0  281
140  43.0  191
160  86.0  296
180  98.0  92
200  88.0  219
40  69.0  108
60  17.0  261
80  47.0  366
100  62.0  149
120  53.0  449
140  86.0  233
160  73.0  305
180  96.0  179
200  94.0  85
40  16.0  269
60  28.0  329
80  68.0  162
100  77.0  179
120  91.0  150
140  82.0  123
160  84.0  224
180  73.0  353
200  87.0  136
40  41.0  184
60  85.0  166
80  48.0  296
100  78.0  234
120  81.0  204
140  93.0  96
160  62.0  214
180  79.0  410
200  48.0  486
40  80.0  72
60  48.0  219
80  63.0  221
100  50.0  401
120  65.0  223
140  98.0  53
160  78.0  282
180  98.0  114
200  44.0  451
40  48.0  215
60  90.0  101
80  70.0  139
100  79.0  260
120  76.0  299
140  66.0  268
160  40.0  259
180  92.0  156
200  98.0  33
40  60.0  72
60  48.0  233
80  76.0  130
100  76.0  291
120  89.0  212
140  79.0  93
160  86.0  81
180  80.0  233
200  89.0  289
40  27.0  176
60  7.0  259
80  70.0  240
100  72.0  274
120  88.0  203
140  61.0  361
160  57.0  268
180  71.0  140
200  58.0  378
40  41.0  217
60  39.0  346
80  22.0  214
100  55.0  208
120  76.0  228
140  90.0  208
160  65.0  238
180  71.0  278
200  88.0  294
40  30.0  249
60  25.0  167
80  42.0  307
100  43.0  293
120  94.0  119
140  95.0  68
160  62.0  400
180  81.0  256
200  93.0  127
40  38.0  197
60  65.0  205
80  23.0  281
100  81.0  161
120  95.0  148
140  86.0  295
160  95.0  241
180  68.0  354
200  95.0  193
40  50.0  174
60  66.0  231
80  55.0  244
100  66.0  279
120  98.0  83
140  98.0  27
160  55.0  327
180  75.0  184
200  84.0  280
40  62.0  62
60  62.0  233
80  69.0  183
100  70.0  224
120  42.0  282
140  69.0  289
160  91.0  268
180  73.0  235
200  93.0  72
40  25.0  138
60  69.0  236
80  72.0  258
100  94.0  35
120  33.0  352
140  85.0  215
160  41.0  252
180  97.0  120
200  83.0  204
40  17.0  217
60  75.0  103
80  36.0  243
100  84.0  201
120  88.0  120
140  89.0  261
160  61.0  340
180  86.0  232
200  68.0  177
40  95.0  20
60  22.0  155
80  17.0  296
100  75.0  309
120  88.0  172
140  81.0  236
160  73.0  178
180  86.0  303
200  84.0  216
40  18.0  176
60  24.0  194
80  96.0  44
100  89.0  81
120  2.0  172
140  85.0  264
160  45.0  190
180  88.0  204
200  78.0  334
40  32.0  257
60  41.0  283
80  44.0  252
100  56.0  163
120  80.0  269
140  81.0  186
160  68.0  149
180  86.0  239
200  54.0  363
40  45.0  127
60  36.0  262
80  45.0  331
100  61.0  218
120  72.0  358
140  80.0  237
160  77.0  327
180  95.0  218
200  70.0  252
40  37.0  147
60  49.0  223
80  48.0  363
100  72.0  302
120  51.0  341
140  52.0  306
160  94.0  154
180  97.0  127
200  98.0  33
40  49.0  230
60  57.0  305
80  28.0  286
100  70.0  155
120  67.0  433
140  78.0  211
160  69.0  229
180  84.0  312
200  96.0  35
40  25.0  258
60  68.0  115
80  43.0  251
100  87.0  43
120  48.0  433
140  94.0  186
160  40.0  221
180  67.0  299
200  98.0  120
40  42.0  179
60  24.0  224
80  71.0  224
100  61.0  275
120  71.0  417
140  55.0  288
160  73.0  288
180  48.0  440
200  72.0  255
40  63.0  50
60  44.0  275
80  61.0  267
100  42.0  269
120  50.0  285
140  98.0  19
160  68.0  236
180  87.0  297
200  97.0  141
40  23.0  167
60  75.0  113
80  59.0  235
100  65.0  288
120  64.0  214
140  95.0  123
160  95.0  189
180  79.0  316
200  63.0  221
40  76.0  123
60  35.0  326
80  24.0  272
100  66.0  319
120  81.0  197
140  57.0  221
160  62.0  378
180  52.0  260
200  98.0  151
40  48.0  217
60  55.0  173
80  52.0  424
100  89.0  142
120  53.0  412
140  54.0  207
160  98.0  77
180  63.0  207
200  93.0  197
40  19.0  131
60  16.0  208
80  58.0  295
100  63.0  280
120  62.0  337
140  69.0  273
160  80.0  317
180  98.0  59
200  89.0  170
40  27.0  189
60  45.0  201
80  78.0  192
100  56.0  338
120  75.0  226
140  66.0  280
160  95.0  75
180  57.0  312
200  78.0  220
40  61.0  222
60  52.0  195
80  37.0  212
100  44.0  274
120  98.0  32
140  52.0  192
160  64.0  377
180  67.0  289
200  87.0  147
40  37.0  141
60  45.0  324
80  41.0  295
100  62.0  362
120  92.0  104
140  79.0  253
160  43.0  233
180  95.0  122
200  98.0  129
40  29.0  113
60  0.0  33
80  69.0  356
100  55.0  380
120  91.0  168
140  78.0  267
160  84.0  324
180  67.0  450
200  74.0  205
40  53.0  220
60  73.0  156
80  59.0  225
100  93.0  53
120  73.0  390
140  83.0  239
160  73.0  430
180  90.0  295
200  90.0  260
40  83.0  67
60  45.0  219
80  66.0  209
100  96.0  171
120  78.0  360
140  81.0  227
160  85.0  209
180  89.0  157
200  80.0  280
40  81.0  103
60  94.0  60
80  24.0  166
100  66.0  219
120  86.0  264
140  98.0  48
160  96.0  105
180  85.0  246
200  96.0  117
40  14.0  137
60  50.0  133
80  78.0  150
100  89.0  95
120  97.0  51
140  91.0  130
160  84.0  258
180  72.0  358
200  91.0  299
40  31.0  190
60  65.0  107
80  51.0  243
100  72.0  277
120  88.0  133
140  43.0  245
160  84.0  293
180  98.0  37
200  94.0  177
40  21.0  165
60  42.0  295
80  41.0  274
100  87.0  106
120  61.0  232
140  89.0  120
160  38.0  242
180  74.0  171
200  84.0  155
40  66.0  159
60  74.0  78
80  51.0  235
100  64.0  181
120  86.0  186
140  97.0  153
160  84.0  320
180  95.0  157
200  96.0  223
40  34.0  239
60  81.0  62
80  95.0  55
100  89.0  85
120  60.0  140
140  85.0  307
160  65.0  274
180  76.0  299
200  96.0  171
40  14.0  220
60  86.0  110
80  41.0  353
100  90.0  146
120  92.0  183
140  98.0  46
160  94.0  125
180  52.0  337
200  98.0  98
40  21.0  185
60  44.0  298
80  64.0  249
100  53.0  204
120  69.0  369
140  71.0  182
160  81.0  222
180  97.0  156
200  57.0  468
40  36.0  216
60  87.0  99
80  68.0  203
100  78.0  217
120  47.0  366
140  98.0  49
160  97.0  94
180  96.0  176
200  94.0  128
40  48.0  145
60  77.0  257
80  49.0  266
100  64.0  411
120  80.0  245
140  93.0  198
160  97.0  60
180  73.0  153
200  98.0  107
40  59.0  179
60  24.0  238
80  59.0  229
100  58.0  293
120  87.0  123
140  70.0  218
160  73.0  385
180  63.0  537
200  86.0  169
40  70.0  119
60  28.0  302
80  71.0  257
100  82.0  96
120  81.0  229
140  90.0  234
160  69.0  347
180  90.0  260
200  87.0  261
40  0.0  95
60  98.0  25
80  40.0  299
100  43.0  149
120  49.0  254
140  97.0  134
160  97.0  37
180  32.0  407
200  96.0  160
40  34.0  181
60  53.0  155
80  10.0  245
100  82.0  214
120  73.0  204
140  64.0  137
160  83.0  434
180  90.0  247
200  84.0  288
40  21.0  223
60  27.0  268
80  80.0  236
100  82.0  140
120  71.0  242
140  95.0  88
160  37.0  393
180  66.0  272
200  62.0  456
40  21.0  151
60  78.0  107
80  85.0  105
100  53.0  378
120  73.0  144
140  76.0  238
160  98.0  46
180  50.0  248
200  80.0  97
40  81.0  73
60  38.0  267
80  68.0  196
100  33.0  348
120  27.0  313
140  72.0  226
160  70.0  399
180  60.0  535
200  63.0  252
40  30.0  179
60  73.0  82
80  37.0  295
100  20.0  288
120  73.0  326
140  98.0  190
160  82.0  175
180  82.0  227
200  80.0  366
40  49.0  101
60  65.0  199
80  32.0  321
100  80.0  104
120  87.0  232
140  82.0  220
160  61.0  175
180  74.0  179
200  41.0  401
40  3.0  212
60  51.0  267
80  56.0  172
100  93.0  106
120  60.0  143
140  77.0  281
160  63.0  325
180  89.0  187
200  84.0  137
40  48.0  278
60  74.0  170
80  53.0  290
100  96.0  53
120  57.0  393
140  51.0  213
160  90.0  142
180  77.0  129
200  73.0  168
40  52.0  104
60  98.0  40
80  54.0  240
100  28.0  237
120  52.0  301
140  83.0  313
160  52.0  150
180  98.0  56
200  95.0  218
40  28.0  190
60  48.0  200
80  68.0  308
100  82.0  138
120  71.0  302
140  57.0  240
160  86.0  273
180  98.0  122
200  56.0  168
40  62.0  108
60  23.0  158
80  78.0  197
100  71.0  252
120  98.0  105
140  64.0  399
160  95.0  164
180  97.0  194
200  98.0  69
40  43.0  132
60  26.0  296
80  61.0  174
100  79.0  215
120  84.0  190
140  90.0  166
160  81.0  244
180  51.0  282
200  97.0  148
40  14.0  198
60  40.0  306
80  33.0  322
100  62.0  168
120  64.0  198
140  59.0  418
160  56.0  205
180  77.0  329
200  84.0  335
40  57.0  74
60  47.0  188
80  83.0  138
100  47.0  350
120  71.0  271
140  84.0  288
160  77.0  142
180  93.0  141
200  86.0  124
40  20.0  217
60  64.0  213
80  70.0  255
100  48.0  278
120  90.0  131
140  89.0  229
160  98.0  91
180  37.0  282
200  89.0  271
40  32.0  149
60  54.0  186
80  48.0  447
100  68.0  315
120  90.0  100
140  81.0  285
160  91.0  183
180  82.0  328
200  96.0  200
40  23.0  178
60  44.0  169
80  85.0  128
100  49.0  168
120  35.0  362
140  82.0  164
160  96.0  131
180  90.0  205
200  47.0  237
40  26.0  261
60  51.0  299
80  72.0  211
100  41.0  289
120  61.0  442
140  77.0  249
160  82.0  391
180  59.0  93
200  75.0  266
40  6.0  226
60  32.0  256
80  70.0  272
100  42.0  399
120  83.0  210
140  27.0  268
160  96.0  159
180  97.0  65
200  98.0  107
40  26.0  243
60  70.0  140
80  76.0  170
100  80.0  95
120  97.0  95
140  88.0  174
160  41.0  268
180  78.0  344
200  56.0  311
40  31.0  177
60  31.0  240
80  8.0  172
100  81.0  303
120  97.0  138
140  77.0  356
160  48.0  449
180  86.0  228
200  92.0  101
40  76.0  52
60  20.0  233
80  68.0  215
100  53.0  447
120  79.0  218
140  93.0  155
160  72.0  315
180  87.0  233
200  87.0  264
40  40.0  236
60  26.0  381
80  39.0  328
100  78.0  260
120  85.0  252
140  86.0  212
160  94.0  154
180  82.0  236
200  83.0  408
40  43.0  131
60  82.0  76
80  56.0  242
100  76.0  247
120  81.0  264
140  87.0  144
160  95.0  102
180  91.0  198
200  58.0  204
40  56.0  98
60  40.0  231
80  60.0  261
100  82.0  147
120  55.0  425
140  54.0  217
160  65.0  213
180  98.0  28
200  98.0  81
40  43.0  152
60  46.0  143
80  71.0  261
100  66.0  199
120  88.0  180
140  70.0  280
160  82.0  253
180  92.0  268
200  40.0  307
40  39.0  288
60  72.0  191
80  46.0  213
100  81.0  189
120  85.0  161
140  86.0  150
160  75.0  221
180  90.0  178
200  98.0  118
40  3.0  153
60  97.0  32
80  35.0  122
100  82.0  292
120  72.0  149
140  74.0  126
160  91.0  165
180  61.0  138
200  49.0  107
40  79.0  112
60  59.0  280
80  67.0  307
100  73.0  197
120  43.0  296
140  94.0  172
160  73.0  145
180  81.0  179
200  96.0  151
40  50.0  222
60  97.0  17
80  42.0  295
100  48.0  202
120  50.0  285
140  88.0  161
160  93.0  205
180  65.0  268
200  95.0  77
40  39.0  217
60  39.0  192
80  71.0  227
100  90.0  168
120  74.0  153
140  97.0  152
160  93.0  184
180  89.0  145
200  84.0  313
40  61.0  139
60  23.0  131
80  80.0  126
100  81.0  95
120  85.0  175
140  65.0  121
160  88.0  259
180  92.0  190
200  76.0  261
40  2.0  129
60  26.0  430
80  80.0  168
100  57.0  194
120  94.0  104
140  80.0  347
160  74.0  292
180  96.0  87
200  98.0  146
40  26.0  160
60  73.0  115
80  25.0  355
100  86.0  206
120  92.0  104
140  48.0  171
160  49.0  311
180  48.0  349
200  95.0  138
40  57.0  165
60  49.0  192
80  85.0  167
100  52.0  249
120  51.0  326
140  61.0  363
160  69.0  322
180  94.0  199
200  98.0  139
40  43.0  196
60  29.0  310
80  59.0  310
100  69.0  150
120  81.0  119
140  86.0  241
160  91.0  152
180  45.0  183
200  53.0  290
40  58.0  184
60  22.0  346
80  72.0  157
100  58.0  280
120  67.0  222
140  88.0  163
160  90.0  228
180  42.0  295
200  88.0  166
40  50.0  102
60  30.0  339
80  67.0  270
100  52.0  467
120  26.0  184
140  83.0  231
160  72.0  323
180  65.0  226
200  85.0  259
40  65.0  114
60  43.0  172
80  63.0  324
100  56.0  480
120  80.0  61
140  94.0  195
160  74.0  279
180  89.0  62
200  92.0  248
