0  10.0  356.0
0  64.0  444.0
0  66.0  292.0
0  22.0  390.0
0  80.0  295.0
0  58.0  405.0
0  62.0  354.0
0  76.0  310.0
0  29.0  413.0
0  40.0  481.0
0  67.0  353.0
0  80.0  360.0
0  45.0  341.0
0  42.0  429.0
0  45.0  401.0
0  22.0  485.0
0  77.0  329.0
0  33.0  484.0
0  50.0  374.0
0  46.0  343.0
0  22.0  369.0
0  27.0  239.0
0  35.0  386.0
0  20.0  282.0
0  31.0  518.0
0  58.0  407.0
0  73.0  328.0
0  20.0  217.0
0  53.0  403.0
0  59.0  316.0
0  73.0  280.0
0  57.0  390.0
0  59.0  455.0
0  58.0  457.0
0  64.0  355.0
0  26.0  472.0
0  2.0  225.0
0  37.0  311.0
0  38.0  398.0
0  43.0  383.0
0  54.0  395.0
0  21.0  296.0
0  6.0  212.0
0  33.0  547.0
0  52.0  303.0
0  39.0  499.0
0  66.0  354.0
0  56.0  397.0
0  50.0  436.0
0  41.0  175.0
0  84.0  331.0
0  46.0  477.0
0  41.0  543.0
0  27.0  462.0
0  25.0  364.0
0  35.0  491.0
0  38.0  384.0
0  64.0  440.0
0  72.0  328.0
0  41.0  368.0
0  35.0  497.0
0  50.0  333.0
0  63.0  370.0
0  40.0  505.0
0  36.0  454.0
0  55.0  471.0
0  32.0  502.0
0  55.0  414.0
0  61.0  379.0
0  65.0  326.0
0  37.0  365.0
0  49.0  257.0
0  64.0  412.0
0  19.0  419.0
0  49.0  354.0
0  38.0  441.0
0  69.0  390.0
0  29.0  317.0
0  46.0  528.0
0  78.0  320.0
0  30.0  391.0
0  60.0  396.0
0  91.0  265.0
0  56.0  401.0
0  67.0  418.0
0  51.0  378.0
0  48.0  319.0
0  66.0  384.0
0  21.0  431.0
0  60.0  509.0
0  42.0  478.0
0  58.0  418.0
0  55.0  325.0
0  62.0  366.0
0  44.0  247.0
0  62.0  341.0
0  48.0  380.0
0  56.0  423.0
0  50.0  484.0
0  28.0  245.0
1  38.0  437.0
1  38.0  336.0
1  53.0  380.0
1  29.0  444.0
1  24.0  408.0
1  52.0  475.0
1  32.0  349.0
1  37.0  317.0
1  45.0  379.0
1  28.0  318.0
1  48.0  378.0
1  72.0  349.0
1  25.0  315.0
1  78.0  316.0
1  36.0  394.0
1  72.0  317.0
1  64.0  365.0
1  70.0  369.0
1  48.0  416.0
1  45.0  313.0
1  57.0  290.0
1  62.0  540.0
1  16.0  493.0
1  43.0  285.0
1  70.0  345.0
1  58.0  421.0
1  63.0  386.0
1  63.0  375.0
1  79.0  328.0
1  61.0  332.0
1  51.0  381.0
1  64.0  226.0
1  20.0  518.0
1  70.0  361.0
1  30.0  454.0
1  55.0  513.0
1  27.0  504.0
1  51.0  383.0
1  30.0  260.0
1  44.0  448.0
1  65.0  404.0
1  69.0  312.0
1  34.0  248.0
1  21.0  239.0
1  17.0  317.0
1  34.0  432.0
1  22.0  326.0
1  29.0  424.0
1  42.0  380.0
1  55.0  387.0
1  53.0  429.0
1  81.0  326.0
1  30.0  443.0
1  25.0  427.0
1  43.0  417.0
1  43.0  495.0
1  72.0  286.0
1  44.0  411.0
1  46.0  391.0
1  47.0  480.0
1  45.0  340.0
1  69.0  375.0
1  49.0  305.0
1  62.0  445.0
1  38.0  422.0
1  36.0  386.0
1  34.0  494.0
1  73.0  331.0
1  27.0  273.0
1  24.0  507.0
1  42.0  380.0
1  54.0  376.0
1  72.0  289.0
1  56.0  302.0
1  53.0  380.0
1  58.0  375.0
1  42.0  375.0
1  20.0  337.0
1  28.0  238.0
1  58.0  339.0
1  58.0  432.0
1  37.0  522.0
1  31.0  383.0
1  45.0  331.0
1  59.0  473.0
1  58.0  266.0
1  31.0  299.0
1  51.0  389.0
1  48.0  403.0
1  54.0  410.0
1  49.0  398.0
1  34.0  432.0
1  80.0  288.0
1  65.0  398.0
1  14.0  263.0
1  88.0  318.0
1  45.0  364.0
1  76.0  398.0
1  25.0  336.0
1  46.0  531.0
2  66.0  407.0
2  66.0  426.0
2  61.0  475.0
2  54.0  485.0
2  40.0  385.0
2  43.0  574.0
2  76.0  347.0
2  82.0  314.0
2  58.0  480.0
2  92.0  261.0
2  3.0  270.0
2  46.0  328.0
2  25.0  504.0
2  71.0  333.0
2  85.0  316.0
2  43.0  332.0
2  17.0  221.0
2  49.0  373.0
2  48.0  388.0
2  80.0  333.0
2  60.0  397.0
2  54.0  533.0
2  29.0  191.0
2  57.0  360.0
2  32.0  624.0
2  27.0  452.0
2  72.0  362.0
2  34.0  410.0
2  78.0  285.0
2  36.0  461.0
2  44.0  284.0
2  27.0  403.0
2  42.0  405.0
2  39.0  312.0
2  50.0  424.0
2  56.0  393.0
2  70.0  380.0
2  31.0  480.0
2  36.0  421.0
2  41.0  449.0
2  34.0  396.0
2  74.0  297.0
2  27.0  537.0
2  61.0  419.0
2  77.0  297.0
2  10.0  387.0
2  42.0  506.0
2  39.0  390.0
2  46.0  340.0
2  47.0  371.0
2  41.0  363.0
2  31.0  329.0
2  56.0  346.0
2  39.0  226.0
2  62.0  456.0
2  36.0  509.0
2  65.0  408.0
2  55.0  323.0
2  55.0  370.0
2  66.0  417.0
2  30.0  461.0
2  62.0  367.0
2  55.0  418.0
2  19.0  397.0
2  17.0  346.0
2  31.0  435.0
2  67.0  322.0
2  58.0  316.0
2  77.0  340.0
2  27.0  191.0
2  73.0  321.0
2  85.0  237.0
2  65.0  420.0
2  64.0  421.0
2  24.0  338.0
2  52.0  380.0
2  41.0  385.0
2  57.0  454.0
2  71.0  390.0
2  67.0  307.0
2  55.0  421.0
2  26.0  354.0
2  53.0  279.0
2  39.0  337.0
2  52.0  385.0
2  44.0  338.0
2  37.0  503.0
2  60.0  368.0
2  77.0  369.0
2  83.0  307.0
2  49.0  446.0
2  51.0  339.0
2  71.0  353.0
2  16.0  347.0
2  41.0  402.0
2  60.0  419.0
2  75.0  222.0
2  35.0  505.0
2  73.0  300.0
2  36.0  245.0
3  49.0  388.0
3  75.0  329.0
3  52.0  459.0
3  81.0  306.0
3  52.0  448.0
3  28.0  411.0
3  67.0  473.0
3  39.0  451.0
3  49.0  364.0
3  29.0  176.0
3  39.0  488.0
3  52.0  466.0
3  60.0  446.0
3  85.0  352.0
3  71.0  357.0
3  45.0  385.0
3  51.0  379.0
3  42.0  335.0
3  34.0  417.0
3  48.0  457.0
3  42.0  470.0
3  31.0  345.0
3  50.0  384.0
3  34.0  312.0
3  32.0  388.0
3  46.0  227.0
3  37.0  478.0
3  32.0  198.0
3  51.0  392.0
3  67.0  301.0
3  35.0  511.0
3  70.0  239.0
3  64.0  273.0
3  35.0  480.0
3  76.0  324.0
3  81.0  277.0
3  65.0  313.0
3  30.0  436.0
3  60.0  431.0
3  54.0  267.0
3  6.0  533.0
3  27.0  377.0
3  60.0  325.0
3  36.0  368.0
3  51.0  288.0
3  41.0  301.0
3  47.0  275.0
3  69.0  365.0
3  30.0  482.0
3  57.0  449.0
3  40.0  375.0
3  64.0  398.0
3  59.0  404.0
3  65.0  288.0
3  67.0  416.0
3  50.0  204.0
3  64.0  300.0
3  60.0  342.0
3  85.0  288.0
3  69.0  328.0
3  23.0  369.0
3  34.0  484.0
3  59.0  322.0
3  58.0  395.0
3  58.0  536.0
3  48.0  367.0
3  40.0  229.0
3  55.0  417.0
3  47.0  414.0
3  43.0  311.0
3  76.0  350.0
3  43.0  418.0
3  43.0  435.0
3  17.0  387.0
3  79.0  332.0
3  70.0  319.0
3  46.0  489.0
3  26.0  280.0
3  47.0  427.0
3  63.0  320.0
3  36.0  373.0
3  45.0  612.0
3  14.0  486.0
3  47.0  320.0
3  40.0  380.0
3  37.0  444.0
3  66.0  361.0
3  25.0  453.0
3  25.0  293.0
3  63.0  380.0
3  43.0  486.0
3  38.0  480.0
3  38.0  328.0
3  26.0  331.0
3  21.0  281.0
3  44.0  587.0
3  62.0  341.0
3  41.0  450.0
3  46.0  333.0
3  39.0  508.0
4  53.0  307.0
4  52.0  455.0
4  59.0  344.0
4  23.0  463.0
4  45.0  400.0
4  16.0  419.0
4  65.0  460.0
4  60.0  340.0
4  39.0  482.0
4  15.0  466.0
4  48.0  428.0
4  30.0  415.0
4  54.0  361.0
4  44.0  380.0
4  48.0  265.0
4  32.0  424.0
4  33.0  378.0
4  66.0  285.0
4  62.0  442.0
4  77.0  329.0
4  20.0  373.0
4  56.0  320.0
4  39.0  323.0
4  47.0  487.0
4  88.0  257.0
4  79.0  243.0
4  55.0  277.0
4  48.0  464.0
4  25.0  310.0
4  76.0  417.0
4  64.0  345.0
4  45.0  348.0
4  48.0  520.0
4  58.0  414.0
4  42.0  281.0
4  25.0  409.0
4  54.0  333.0
4  54.0  262.0
4  19.0  441.0
4  69.0  311.0
4  31.0  300.0
4  73.0  378.0
4  51.0  507.0
4  40.0  382.0
4  58.0  169.0
4  5.0  273.0
4  31.0  268.0
4  19.0  323.0
4  61.0  350.0
4  52.0  395.0
4  49.0  435.0
4  42.0  504.0
4  48.0  554.0
4  54.0  323.0
4  57.0  434.0
4  75.0  365.0
4  30.0  451.0
4  32.0  498.0
4  54.0  418.0
4  79.0  262.0
4  70.0  344.0
4  59.0  367.0
4  41.0  434.0
4  49.0  378.0
4  26.0  418.0
4  53.0  383.0
4  66.0  275.0
4  54.0  280.0
4  78.0  372.0
4  42.0  410.0
4  53.0  299.0
4  89.0  259.0
4  50.0  409.0
4  36.0  368.0
4  41.0  267.0
4  35.0  397.0
4  73.0  319.0
4  89.0  262.0
4  68.0  347.0
4  62.0  255.0
4  57.0  378.0
4  38.0  388.0
4  39.0  276.0
4  31.0  266.0
4  35.0  246.0
4  49.0  454.0
4  17.0  514.0
4  31.0  536.0
4  41.0  504.0
4  24.0  436.0
4  49.0  352.0
4  26.0  297.0
4  18.0  553.0
4  70.0  321.0
4  69.0  424.0
4  72.0  404.0
4  47.0  362.0
4  37.0  336.0
4  52.0  374.0
4  40.0  418.0
5  35.0  384.0
5  53.0  455.0
5  26.0  361.0
5  42.0  363.0
5  77.0  357.0
5  33.0  333.0
5  50.0  482.0
5  31.0  246.0
5  62.0  485.0
5  19.0  524.0
5  66.0  357.0
5  26.0  356.0
5  66.0  373.0
5  24.0  495.0
5  67.0  418.0
5  41.0  365.0
5  62.0  370.0
5  38.0  145.0
5  8.0  566.0
5  28.0  229.0
5  49.0  296.0
5  77.0  339.0
5  34.0  581.0
5  72.0  342.0
5  7.0  366.0
5  45.0  340.0
5  68.0  327.0
5  37.0  364.0
5  31.0  451.0
5  78.0  268.0
5  68.0  360.0
5  70.0  284.0
5  45.0  370.0
5  57.0  341.0
5  25.0  312.0
5  16.0  466.0
5  54.0  444.0
5  55.0  399.0
5  74.0  325.0
5  40.0  358.0
5  41.0  592.0
5  38.0  263.0
5  43.0  465.0
5  41.0  502.0
5  50.0  440.0
5  66.0  336.0
5  54.0  456.0
5  75.0  380.0
5  47.0  430.0
5  77.0  355.0
5  33.0  477.0
5  43.0  453.0
5  21.0  322.0
5  69.0  359.0
5  41.0  375.0
5  28.0  297.0
5  27.0  385.0
5  31.0  407.0
5  29.0  260.0
5  31.0  339.0
5  28.0  345.0
5  53.0  398.0
5  62.0  412.0
5  54.0  229.0
5  31.0  324.0
5  32.0  328.0
5  60.0  358.0
5  58.0  439.0
5  78.0  380.0
5  37.0  333.0
5  37.0  361.0
5  26.0  557.0
5  95.0  243.0
5  52.0  235.0
5  47.0  366.0
5  52.0  344.0
5  53.0  463.0
5  15.0  309.0
5  65.0  334.0
5  64.0  364.0
5  47.0  256.0
5  25.0  509.0
5  51.0  293.0
5  25.0  354.0
5  47.0  352.0
5  33.0  346.0
5  47.0  355.0
5  53.0  269.0
5  42.0  410.0
5  57.0  320.0
5  55.0  371.0
5  75.0  312.0
5  46.0  234.0
5  40.0  368.0
5  65.0  357.0
5  47.0  339.0
5  75.0  360.0
5  40.0  222.0
5  36.0  559.0
5  49.0  349.0
6  61.0  421.0
6  54.0  488.0
6  53.0  301.0
6  78.0  301.0
6  19.0  236.0
6  81.0  307.0
6  60.0  406.0
6  70.0  322.0
6  59.0  443.0
6  48.0  356.0
6  38.0  358.0
6  44.0  499.0
6  66.0  285.0
6  53.0  378.0
6  78.0  317.0
6  89.0  249.0
6  78.0  361.0
6  28.0  220.0
6  34.0  465.0
6  29.0  670.0
6  48.0  461.0
6  57.0  311.0
6  55.0  280.0
6  76.0  337.0
6  31.0  423.0
6  35.0  250.0
6  34.0  400.0
6  89.0  265.0
6  83.0  281.0
6  26.0  158.0
6  41.0  421.0
6  75.0  297.0
6  51.0  311.0
6  66.0  364.0
6  22.0  288.0
6  51.0  255.0
6  36.0  374.0
6  51.0  398.0
6  38.0  363.0
6  52.0  271.0
6  65.0  321.0
6  52.0  500.0
6  63.0  283.0
6  30.0  246.0
6  56.0  449.0
6  44.0  312.0
6  42.0  357.0
6  56.0  329.0
6  31.0  226.0
6  47.0  203.0
6  72.0  370.0
6  78.0  316.0
6  51.0  269.0
6  10.0  258.0
6  20.0  292.0
6  14.0  221.0
6  37.0  466.0
6  32.0  398.0
6  49.0  287.0
6  49.0  430.0
6  42.0  425.0
6  47.0  357.0
6  61.0  363.0
6  69.0  348.0
6  25.0  488.0
6  33.0  521.0
6  31.0  255.0
6  70.0  364.0
6  21.0  252.0
6  81.0  340.0
6  57.0  431.0
6  59.0  494.0
6  47.0  312.0
6  25.0  228.0
6  26.0  267.0
6  46.0  480.0
6  60.0  355.0
6  54.0  368.0
6  46.0  353.0
6  83.0  294.0
6  51.0  343.0
6  36.0  345.0
6  66.0  368.0
6  40.0  436.0
6  32.0  464.0
6  57.0  323.0
6  69.0  348.0
6  54.0  376.0
6  24.0  261.0
6  63.0  381.0
6  64.0  376.0
6  80.0  336.0
6  39.0  392.0
6  43.0  509.0
6  52.0  212.0
6  70.0  337.0
6  31.0  319.0
6  72.0  395.0
6  81.0  374.0
6  74.0  284.0
7  77.0  317.0
7  40.0  542.0
7  70.0  404.0
7  51.0  344.0
7  79.0  326.0
7  63.0  412.0
7  74.0  396.0
7  55.0  404.0
7  43.0  404.0
7  36.0  495.0
7  41.0  309.0
7  58.0  319.0
7  61.0  420.0
7  58.0  264.0
7  41.0  440.0
7  30.0  243.0
7  87.0  293.0
7  76.0  319.0
7  48.0  434.0
7  45.0  272.0
7  53.0  331.0
7  53.0  324.0
7  83.0  280.0
7  59.0  334.0
7  33.0  485.0
7  68.0  426.0
7  58.0  412.0
7  52.0  341.0
7  39.0  452.0
7  48.0  350.0
7  55.0  352.0
7  62.0  478.0
7  61.0  405.0
7  83.0  280.0
7  48.0  323.0
7  60.0  399.0
7  40.0  342.0
7  95.0  196.0
7  89.0  280.0
7  43.0  377.0
7  74.0  385.0
7  26.0  393.0
7  84.0  350.0
7  65.0  335.0
7  73.0  347.0
7  52.0  333.0
7  49.0  244.0
7  55.0  416.0
7  37.0  344.0
7  51.0  409.0
7  60.0  223.0
7  96.0  122.0
7  14.0  234.0
7  39.0  506.0
7  51.0  423.0
7  69.0  368.0
7  68.0  243.0
7  84.0  323.0
7  62.0  282.0
7  83.0  265.0
7  62.0  406.0
7  34.0  496.0
7  65.0  440.0
7  17.0  356.0
7  66.0  308.0
7  64.0  305.0
7  34.0  329.0
7  54.0  349.0
7  63.0  436.0
7  51.0  473.0
7  69.0  325.0
7  50.0  339.0
7  25.0  530.0
7  65.0  408.0
7  53.0  251.0
7  59.0  343.0
7  33.0  324.0
7  63.0  375.0
7  26.0  480.0
7  46.0  501.0
7  25.0  190.0
7  47.0  463.0
7  46.0  427.0
7  58.0  278.0
7  65.0  383.0
7  51.0  473.0
7  31.0  355.0
7  50.0  418.0
7  42.0  307.0
7  86.0  267.0
7  30.0  345.0
7  28.0  398.0
7  36.0  578.0
7  63.0  351.0
7  72.0  351.0
7  37.0  296.0
7  33.0  465.0
7  77.0  298.0
7  33.0  383.0
7  77.0  351.0
8  84.0  331.0
8  54.0  242.0
8  73.0  235.0
8  46.0  347.0
8  68.0  361.0
8  80.0  328.0
8  43.0  493.0
8  69.0  444.0
8  82.0  255.0
8  35.0  446.0
8  65.0  305.0
8  27.0  276.0
8  59.0  273.0
8  49.0  281.0
8  44.0  431.0
8  48.0  436.0
8  57.0  381.0
8  61.0  460.0
8  60.0  282.0
8  27.0  415.0
8  70.0  330.0
8  26.0  377.0
8  23.0  220.0
8  42.0  355.0
8  49.0  303.0
8  76.0  300.0
8  28.0  440.0
8  61.0  375.0
8  39.0  554.0
8  90.0  263.0
8  50.0  272.0
8  58.0  466.0
8  75.0  329.0
8  86.0  284.0
8  43.0  466.0
8  27.0  498.0
8  32.0  200.0
8  84.0  313.0
8  63.0  385.0
8  49.0  359.0
8  37.0  399.0
8  43.0  416.0
8  40.0  555.0
8  70.0  316.0
8  44.0  371.0
8  53.0  353.0
8  47.0  506.0
8  66.0  324.0
8  88.0  289.0
8  90.0  283.0
8  35.0  466.0
8  36.0  239.0
8  42.0  456.0
8  21.0  345.0
8  62.0  360.0
8  55.0  490.0
8  49.0  307.0
8  31.0  459.0
8  39.0  387.0
8  39.0  192.0
8  26.0  299.0
8  67.0  347.0
8  47.0  290.0
8  28.0  450.0
8  47.0  373.0
8  44.0  517.0
8  84.0  310.0
8  65.0  300.0
8  58.0  450.0
8  73.0  286.0
8  54.0  360.0
8  69.0  248.0
8  70.0  320.0
8  36.0  467.0
8  63.0  322.0
8  67.0  420.0
8  48.0  433.0
8  14.0  321.0
8  39.0  377.0
8  26.0  340.0
8  48.0  178.0
8  33.0  524.0
8  37.0  471.0
8  53.0  397.0
8  66.0  299.0
8  57.0  435.0
8  33.0  458.0
8  36.0  326.0
8  71.0  326.0
8  43.0  262.0
8  66.0  303.0
8  63.0  338.0
8  40.0  475.0
8  80.0  281.0
8  60.0  463.0
8  31.0  345.0
8  62.0  405.0
8  61.0  371.0
8  30.0  600.0
8  58.0  379.0
9  43.0  417.0
9  76.0  347.0
9  49.0  374.0
9  44.0  259.0
9  40.0  389.0
9  66.0  427.0
9  62.0  264.0
9  51.0  405.0
9  49.0  436.0
9  50.0  477.0
9  4.0  428.0
9  65.0  329.0
9  46.0  238.0
9  71.0  352.0
9  53.0  413.0
9  64.0  357.0
9  32.0  446.0
9  58.0  311.0
9  41.0  441.0
9  31.0  421.0
9  57.0  236.0
9  63.0  449.0
9  40.0  448.0
9  49.0  434.0
9  40.0  216.0
9  34.0  236.0
9  52.0  454.0
9  48.0  309.0
9  44.0  396.0
9  65.0  326.0
9  41.0  444.0
9  40.0  284.0
9  38.0  271.0
9  64.0  481.0
9  42.0  384.0
9  45.0  276.0
9  18.0  400.0
9  33.0  390.0
9  50.0  342.0
9  35.0  449.0
9  18.0  244.0
9  48.0  361.0
9  32.0  592.0
9  56.0  292.0
9  60.0  423.0
9  29.0  286.0
9  48.0  618.0
9  45.0  313.0
9  44.0  303.0
9  58.0  506.0
9  34.0  326.0
9  47.0  430.0
9  69.0  399.0
9  69.0  385.0
9  41.0  325.0
9  37.0  289.0
9  42.0  534.0
9  46.0  361.0
9  55.0  370.0
9  55.0  325.0
9  71.0  422.0
9  64.0  427.0
9  85.0  261.0
9  38.0  429.0
9  37.0  258.0
9  42.0  308.0
9  41.0  458.0
9  33.0  331.0
9  29.0  328.0
9  49.0  415.0
9  75.0  343.0
9  45.0  436.0
9  35.0  286.0
9  82.0  318.0
9  46.0  183.0
9  59.0  355.0
9  49.0  406.0
9  30.0  406.0
9  65.0  293.0
9  58.0  280.0
9  67.0  256.0
9  42.0  552.0
9  20.0  582.0
9  42.0  468.0
9  88.0  260.0
9  64.0  300.0
9  59.0  425.0
9  59.0  353.0
9  63.0  294.0
9  64.0  399.0
9  36.0  367.0
9  68.0  359.0
9  55.0  434.0
9  44.0  207.0
9  60.0  295.0
9  47.0  419.0
9  45.0  434.0
9  39.0  231.0
9  53.0  262.0
9  87.0  179.0
10  55.0  318.0
10  47.0  432.0
10  45.0  227.0
10  37.0  538.0
10  57.0  289.0
10  67.0  440.0
10  34.0  243.0
10  67.0  334.0
10  43.0  369.0
10  50.0  282.0
10  51.0  368.0
10  81.0  308.0
10  77.0  252.0
10  69.0  347.0
10  47.0  306.0
10  32.0  223.0
10  51.0  370.0
10  56.0  415.0
10  74.0  261.0
10  59.0  421.0
10  35.0  443.0
10  71.0  304.0
10  57.0  356.0
10  62.0  378.0
10  76.0  366.0
10  44.0  205.0
10  43.0  404.0
10  56.0  424.0
10  36.0  360.0
10  76.0  344.0
10  40.0  574.0
10  51.0  336.0
10  67.0  372.0
10  33.0  459.0
10  33.0  237.0
10  37.0  335.0
10  52.0  468.0
10  63.0  386.0
10  84.0  339.0
10  41.0  508.0
10  16.0  435.0
10  61.0  375.0
10  63.0  320.0
10  46.0  452.0
10  47.0  475.0
10  30.0  448.0
10  46.0  362.0
10  68.0  361.0
10  46.0  355.0
10  44.0  314.0
10  68.0  307.0
10  51.0  336.0
10  59.0  343.0
10  48.0  436.0
10  66.0  373.0
10  49.0  373.0
10  55.0  546.0
10  50.0  422.0
10  77.0  332.0
10  58.0  322.0
10  65.0  363.0
10  42.0  354.0
10  59.0  321.0
10  39.0  369.0
10  42.0  318.0
10  81.0  264.0
10  47.0  496.0
10  42.0  330.0
10  51.0  399.0
10  75.0  330.0
10  40.0  462.0
10  57.0  292.0
10  27.0  472.0
10  32.0  527.0
10  81.0  213.0
10  36.0  298.0
10  58.0  277.0
10  49.0  423.0
10  61.0  297.0
10  60.0  490.0
10  33.0  295.0
10  79.0  319.0
10  44.0  363.0
10  21.0  416.0
10  73.0  360.0
10  60.0  357.0
10  46.0  389.0
10  56.0  213.0
10  67.0  365.0
10  59.0  323.0
10  48.0  469.0
10  34.0  471.0
10  38.0  273.0
10  72.0  352.0
10  67.0  346.0
10  52.0  414.0
10  52.0  377.0
10  32.0  446.0
10  61.0  328.0
10  67.0  344.0
11  28.0  412.0
11  60.0  201.0
11  44.0  529.0
11  62.0  423.0
11  24.0  270.0
11  65.0  415.0
11  57.0  190.0
11  68.0  399.0
11  39.0  431.0
11  49.0  243.0
11  54.0  239.0
11  37.0  210.0
11  51.0  415.0
11  71.0  367.0
11  55.0  255.0
11  65.0  357.0
11  40.0  529.0
11  63.0  354.0
11  44.0  302.0
11  55.0  449.0
11  80.0  339.0
11  62.0  230.0
11  66.0  351.0
11  13.0  242.0
11  79.0  341.0
11  54.0  477.0
11  67.0  329.0
11  76.0  342.0
11  70.0  227.0
11  78.0  304.0
11  55.0  365.0
11  69.0  417.0
11  44.0  342.0
11  66.0  342.0
11  31.0  307.0
11  50.0  459.0
11  62.0  367.0
11  53.0  185.0
11  34.0  515.0
11  30.0  392.0
11  79.0  261.0
11  35.0  315.0
11  67.0  399.0
11  44.0  417.0
11  55.0  418.0
11  40.0  516.0
11  64.0  230.0
11  39.0  372.0
11  65.0  391.0
11  43.0  346.0
11  37.0  437.0
11  68.0  410.0
11  73.0  356.0
11  69.0  333.0
11  41.0  440.0
11  55.0  392.0
11  76.0  328.0
11  49.0  449.0
11  54.0  392.0
11  48.0  320.0
11  59.0  319.0
11  47.0  334.0
11  69.0  264.0
11  51.0  368.0
11  22.0  457.0
11  22.0  209.0
11  76.0  305.0
11  44.0  494.0
11  27.0  404.0
11  31.0  289.0
11  54.0  386.0
11  55.0  360.0
11  48.0  352.0
11  51.0  483.0
11  48.0  259.0
11  61.0  398.0
11  69.0  411.0
11  59.0  330.0
11  79.0  303.0
11  45.0  508.0
11  62.0  357.0
11  31.0  445.0
11  62.0  237.0
11  50.0  434.0
11  29.0  556.0
11  52.0  446.0
11  91.0  226.0
11  38.0  386.0
11  52.0  466.0
11  48.0  359.0
11  38.0  306.0
11  68.0  390.0
11  35.0  485.0
11  57.0  267.0
11  9.0  158.0
11  39.0  374.0
11  34.0  499.0
11  47.0  412.0
11  56.0  512.0
11  53.0  422.0
12  32.0  276.0
12  71.0  225.0
12  60.0  273.0
12  60.0  396.0
12  78.0  303.0
12  38.0  569.0
12  85.0  299.0
12  66.0  339.0
12  75.0  296.0
12  74.0  367.0
12  70.0  346.0
12  51.0  510.0
12  64.0  361.0
12  15.0  303.0
12  43.0  442.0
12  61.0  415.0
12  87.0  293.0
12  38.0  359.0
12  35.0  477.0
12  69.0  323.0
12  60.0  414.0
12  59.0  361.0
12  33.0  479.0
12  50.0  280.0
12  73.0  321.0
12  67.0  370.0
12  83.0  200.0
12  36.0  241.0
12  70.0  269.0
12  52.0  358.0
12  49.0  361.0
12  81.0  295.0
12  57.0  427.0
12  29.0  387.0
12  54.0  410.0
12  48.0  298.0
12  53.0  419.0
12  40.0  260.0
12  50.0  427.0
12  71.0  413.0
12  68.0  339.0
12  56.0  421.0
12  46.0  429.0
12  65.0  274.0
12  64.0  316.0
12  50.0  509.0
12  54.0  406.0
12  35.0  332.0
12  58.0  353.0
12  56.0  347.0
12  27.0  358.0
12  39.0  469.0
12  52.0  460.0
12  54.0  176.0
12  64.0  345.0
12  36.0  237.0
12  65.0  350.0
12  48.0  233.0
12  54.0  315.0
12  60.0  306.0
12  69.0  355.0
12  38.0  490.0
12  17.0  297.0
12  78.0  296.0
12  70.0  411.0
12  41.0  256.0
12  52.0  390.0
12  44.0  387.0
12  85.0  247.0
12  49.0  417.0
12  68.0  343.0
12  71.0  342.0
12  35.0  508.0
12  35.0  487.0
12  81.0  275.0
12  58.0  325.0
12  65.0  208.0
12  100.0  99.0
12  4.0  384.0
12  41.0  319.0
12  58.0  444.0
12  53.0  262.0
12  62.0  385.0
12  6.0  220.0
12  50.0  393.0
12  76.0  399.0
12  81.0  268.0
12  73.0  329.0
12  70.0  319.0
12  29.0  384.0
12  30.0  547.0
12  79.0  239.0
12  43.0  490.0
12  64.0  339.0
12  77.0  321.0
12  41.0  412.0
12  58.0  400.0
12  65.0  430.0
12  47.0  350.0
12  43.0  339.0
13  56.0  269.0
13  82.0  244.0
13  38.0  323.0
13  26.0  522.0
13  39.0  194.0
13  53.0  400.0
13  69.0  334.0
13  54.0  333.0
13  74.0  299.0
13  57.0  400.0
13  55.0  324.0
13  65.0  307.0
13  36.0  419.0
13  56.0  246.0
13  22.0  509.0
13  58.0  344.0
13  33.0  535.0
13  48.0  514.0
13  69.0  351.0
13  34.0  487.0
13  71.0  315.0
13  38.0  472.0
13  39.0  421.0
13  40.0  429.0
13  69.0  272.0
13  42.0  326.0
13  50.0  486.0
13  38.0  475.0
13  54.0  504.0
13  41.0  336.0
13  29.0  511.0
13  67.0  387.0
13  28.0  338.0
13  62.0  326.0
13  29.0  516.0
13  50.0  410.0
13  34.0  403.0
13  51.0  285.0
13  68.0  302.0
13  39.0  314.0
13  70.0  209.0
13  73.0  400.0
13  55.0  266.0
13  65.0  373.0
13  65.0  411.0
13  25.0  257.0
13  72.0  371.0
13  75.0  353.0
13  65.0  303.0
13  43.0  423.0
13  54.0  396.0
13  34.0  338.0
13  26.0  127.0
13  58.0  338.0
13  28.0  273.0
13  64.0  437.0
13  26.0  397.0
13  63.0  236.0
13  73.0  355.0
13  56.0  343.0
13  60.0  367.0
13  44.0  509.0
13  55.0  389.0
13  42.0  384.0
13  19.0  255.0
13  65.0  226.0
13  46.0  417.0
13  72.0  314.0
13  59.0  199.0
13  48.0  514.0
13  20.0  258.0
13  36.0  273.0
13  43.0  425.0
13  54.0  322.0
13  67.0  332.0
13  43.0  329.0
13  50.0  335.0
13  83.0  246.0
13  18.0  373.0
13  70.0  330.0
13  21.0  382.0
13  75.0  269.0
13  32.0  329.0
13  56.0  440.0
13  38.0  479.0
13  15.0  627.0
13  66.0  331.0
13  81.0  323.0
13  27.0  425.0
13  43.0  279.0
13  49.0  445.0
13  25.0  441.0
13  63.0  245.0
13  74.0  303.0
13  68.0  389.0
13  43.0  359.0
13  73.0  343.0
13  37.0  210.0
13  22.0  453.0
13  56.0  374.0
14  70.0  310.0
14  43.0  406.0
14  27.0  423.0
14  51.0  466.0
14  37.0  259.0
14  51.0  427.0
14  46.0  434.0
14  56.0  466.0
14  63.0  438.0
14  34.0  332.0
14  59.0  420.0
14  18.0  258.0
14  54.0  314.0
14  40.0  478.0
14  61.0  313.0
14  71.0  275.0
14  45.0  329.0
14  57.0  367.0
14  57.0  405.0
14  52.0  398.0
14  42.0  500.0
14  53.0  308.0
14  37.0  655.0
14  41.0  700.0
14  42.0  467.0
14  53.0  383.0
14  58.0  253.0
14  65.0  360.0
14  53.0  253.0
14  71.0  296.0
14  30.0  195.0
14  46.0  393.0
14  60.0  332.0
14  40.0  336.0
14  40.0  552.0
14  65.0  333.0
14  58.0  265.0
14  61.0  362.0
14  43.0  425.0
14  51.0  259.0
14  30.0  585.0
14  74.0  409.0
14  64.0  406.0
14  34.0  277.0
14  20.0  371.0
14  58.0  316.0
14  83.0  188.0
14  29.0  391.0
14  36.0  520.0
14  55.0  374.0
14  72.0  381.0
14  57.0  289.0
14  56.0  421.0
14  44.0  287.0
14  40.0  311.0
14  69.0  272.0
14  72.0  323.0
14  48.0  301.0
14  69.0  238.0
14  46.0  267.0
14  62.0  326.0
14  51.0  270.0
14  62.0  479.0
14  65.0  347.0
14  47.0  217.0
14  73.0  339.0
14  37.0  322.0
14  65.0  340.0
14  59.0  268.0
14  54.0  391.0
14  46.0  182.0
14  87.0  198.0
14  49.0  457.0
14  59.0  422.0
14  39.0  306.0
14  29.0  375.0
14  82.0  218.0
14  60.0  386.0
14  37.0  233.0
14  49.0  250.0
14  59.0  359.0
14  28.0  366.0
14  59.0  252.0
14  22.0  441.0
14  63.0  385.0
14  47.0  340.0
14  64.0  278.0
14  49.0  438.0
14  39.0  449.0
14  47.0  423.0
14  53.0  428.0
14  34.0  323.0
14  57.0  365.0
14  36.0  632.0
14  64.0  443.0
14  81.0  339.0
14  35.0  347.0
14  69.0  320.0
14  65.0  308.0
14  69.0  377.0
15  55.0  273.0
15  52.0  188.0
15  41.0  524.0
15  75.0  323.0
15  58.0  358.0
15  53.0  441.0
15  53.0  488.0
15  60.0  416.0
15  41.0  328.0
15  62.0  411.0
15  66.0  347.0
15  70.0  308.0
15  57.0  363.0
15  33.0  175.0
15  64.0  270.0
15  50.0  448.0
15  83.0  290.0
15  46.0  428.0
15  33.0  588.0
15  49.0  418.0
15  43.0  515.0
15  40.0  466.0
15  27.0  624.0
15  36.0  392.0
15  51.0  457.0
15  61.0  253.0
15  50.0  293.0
15  38.0  462.0
15  61.0  365.0
15  35.0  417.0
15  65.0  436.0
15  48.0  358.0
15  57.0  445.0
15  52.0  305.0
15  57.0  301.0
15  49.0  391.0
15  62.0  357.0
15  34.0  392.0
15  65.0  362.0
15  56.0  309.0
15  61.0  279.0
15  44.0  352.0
15  52.0  472.0
15  49.0  413.0
15  50.0  380.0
15  39.0  325.0
15  43.0  467.0
15  55.0  355.0
15  64.0  301.0
15  72.0  373.0
15  60.0  440.0
15  54.0  438.0
15  54.0  404.0
15  63.0  316.0
15  57.0  334.0
15  44.0  301.0
15  83.0  207.0
15  47.0  513.0
15  68.0  414.0
15  32.0  311.0
15  52.0  425.0
15  38.0  363.0
15  51.0  371.0
15  46.0  391.0
15  41.0  589.0
15  66.0  351.0
15  58.0  374.0
15  79.0  205.0
15  67.0  371.0
15  61.0  456.0
15  31.0  308.0
15  67.0  320.0
15  59.0  376.0
15  30.0  301.0
15  59.0  351.0
15  86.0  274.0
15  83.0  366.0
15  72.0  314.0
15  66.0  464.0
15  53.0  401.0
15  35.0  453.0
15  71.0  238.0
15  82.0  281.0
15  61.0  457.0
15  46.0  373.0
15  70.0  408.0
15  51.0  358.0
15  59.0  452.0
15  12.0  393.0
15  48.0  444.0
15  79.0  298.0
15  23.0  242.0
15  70.0  287.0
15  41.0  309.0
15  47.0  420.0
15  63.0  422.0
15  43.0  437.0
15  51.0  336.0
15  45.0  207.0
15  49.0  458.0
16  42.0  341.0
16  55.0  390.0
16  38.0  446.0
16  60.0  425.0
16  75.0  329.0
16  56.0  368.0
16  65.0  363.0
16  65.0  317.0
16  32.0  479.0
16  44.0  485.0
16  46.0  377.0
16  61.0  435.0
16  60.0  382.0
16  38.0  402.0
16  73.0  294.0
16  59.0  415.0
16  72.0  316.0
16  70.0  324.0
16  63.0  287.0
16  60.0  428.0
16  51.0  558.0
16  61.0  304.0
16  66.0  261.0
16  73.0  360.0
16  22.0  480.0
16  87.0  278.0
16  61.0  352.0
16  65.0  320.0
16  65.0  385.0
16  60.0  471.0
16  69.0  414.0
16  64.0  392.0
16  52.0  302.0
16  60.0  341.0
16  43.0  424.0
16  45.0  329.0
16  42.0  350.0
16  20.0  393.0
16  78.0  338.0
16  37.0  434.0
16  41.0  410.0
16  61.0  365.0
16  16.0  657.0
16  73.0  381.0
16  66.0  216.0
16  62.0  287.0
16  30.0  431.0
16  30.0  540.0
16  66.0  423.0
16  23.0  554.0
16  66.0  359.0
16  49.0  287.0
16  55.0  291.0
16  56.0  413.0
16  54.0  435.0
16  50.0  442.0
16  57.0  383.0
16  75.0  286.0
16  47.0  303.0
16  70.0  386.0
16  91.0  271.0
16  50.0  457.0
16  76.0  275.0
16  48.0  438.0
16  71.0  146.0
16  69.0  302.0
16  66.0  301.0
16  41.0  391.0
16  42.0  466.0
16  38.0  466.0
16  49.0  380.0
16  45.0  394.0
16  64.0  279.0
16  14.0  260.0
16  27.0  427.0
16  50.0  189.0
16  66.0  269.0
16  76.0  316.0
16  25.0  376.0
16  22.0  604.0
16  69.0  364.0
16  54.0  392.0
16  43.0  484.0
16  56.0  359.0
16  49.0  484.0
16  42.0  236.0
16  40.0  478.0
16  39.0  383.0
16  76.0  323.0
16  30.0  543.0
16  69.0  300.0
16  60.0  274.0
16  68.0  347.0
16  51.0  248.0
16  45.0  510.0
16  54.0  385.0
16  56.0  325.0
16  81.0  326.0
16  47.0  393.0
16  49.0  527.0
17  61.0  345.0
17  49.0  122.0
17  77.0  330.0
17  64.0  160.0
17  40.0  404.0
17  64.0  338.0
17  44.0  466.0
17  68.0  344.0
17  80.0  356.0
17  49.0  405.0
17  53.0  379.0
17  59.0  516.0
17  57.0  251.0
17  59.0  387.0
17  76.0  273.0
17  61.0  353.0
17  50.0  411.0
17  45.0  383.0
17  53.0  510.0
17  42.0  360.0
17  75.0  324.0
17  52.0  399.0
17  43.0  59.0
17  66.0  408.0
17  37.0  330.0
17  69.0  342.0
17  64.0  394.0
17  42.0  360.0
17  83.0  281.0
17  71.0  305.0
17  27.0  310.0
17  54.0  368.0
17  79.0  289.0
17  89.0  295.0
17  69.0  275.0
17  47.0  322.0
17  43.0  269.0
17  46.0  527.0
17  60.0  383.0
17  42.0  276.0
17  67.0  342.0
17  68.0  420.0
17  27.0  541.0
17  47.0  508.0
17  26.0  430.0
17  50.0  454.0
17  64.0  95.0
17  54.0  423.0
17  62.0  229.0
17  61.0  491.0
17  65.0  341.0
17  62.0  272.0
17  49.0  252.0
17  71.0  167.0
17  39.0  400.0
17  55.0  531.0
17  62.0  390.0
17  45.0  541.0
17  25.0  382.0
17  38.0  551.0
17  60.0  453.0
17  83.0  304.0
17  42.0  299.0
17  47.0  406.0
17  51.0  358.0
17  18.0  353.0
17  60.0  393.0
17  79.0  289.0
17  30.0  499.0
17  47.0  297.0
17  53.0  387.0
17  59.0  238.0
17  44.0  403.0
17  56.0  406.0
17  36.0  471.0
17  87.0  193.0
17  52.0  279.0
17  27.0  395.0
17  83.0  243.0
17  29.0  386.0
17  80.0  365.0
17  67.0  286.0
17  75.0  381.0
17  53.0  361.0
17  46.0  414.0
17  49.0  218.0
17  63.0  344.0
17  80.0  278.0
17  55.0  392.0
17  69.0  178.0
17  63.0  272.0
17  54.0  325.0
17  44.0  397.0
17  38.0  543.0
17  51.0  399.0
17  21.0  552.0
17  57.0  435.0
17  62.0  169.0
17  73.0  364.0
17  54.0  312.0
18  78.0  360.0
18  51.0  418.0
18  69.0  295.0
18  68.0  296.0
18  40.0  283.0
18  43.0  431.0
18  50.0  231.0
18  49.0  488.0
18  80.0  247.0
18  42.0  444.0
18  66.0  415.0
18  61.0  451.0
18  45.0  486.0
18  22.0  322.0
18  42.0  544.0
18  79.0  339.0
18  57.0  196.0
18  82.0  333.0
18  56.0  458.0
18  62.0  446.0
18  47.0  504.0
18  69.0  462.0
18  39.0  518.0
18  42.0  190.0
18  68.0  217.0
18  56.0  277.0
18  76.0  286.0
18  61.0  395.0
18  73.0  182.0
18  55.0  396.0
18  67.0  329.0
18  67.0  357.0
18  49.0  487.0
18  46.0  411.0
18  63.0  350.0
18  40.0  390.0
18  56.0  349.0
18  66.0  425.0
18  65.0  196.0
18  42.0  521.0
18  61.0  341.0
18  89.0  279.0
18  73.0  287.0
18  55.0  470.0
18  23.0  302.0
18  42.0  296.0
18  82.0  328.0
18  84.0  145.0
18  53.0  410.0
18  69.0  304.0
18  50.0  371.0
18  88.0  269.0
18  72.0  365.0
18  60.0  374.0
18  62.0  464.0
18  66.0  332.0
18  22.0  450.0
18  38.0  402.0
18  80.0  288.0
18  41.0  469.0
18  68.0  324.0
18  43.0  496.0
18  54.0  203.0
18  79.0  208.0
18  65.0  335.0
18  56.0  372.0
18  67.0  352.0
18  87.0  291.0
18  66.0  280.0
18  60.0  374.0
18  62.0  202.0
18  37.0  405.0
18  74.0  330.0
18  31.0  313.0
18  80.0  187.0
18  55.0  338.0
18  27.0  353.0
18  58.0  373.0
18  74.0  230.0
18  55.0  183.0
18  54.0  392.0
18  66.0  364.0
18  51.0  349.0
18  72.0  403.0
18  62.0  208.0
18  34.0  487.0
18  25.0  246.0
18  72.0  333.0
18  68.0  265.0
18  51.0  369.0
18  81.0  354.0
18  40.0  378.0
18  52.0  342.0
18  58.0  209.0
18  43.0  384.0
18  82.0  260.0
18  73.0  311.0
18  79.0  209.0
18  36.0  309.0
18  43.0  268.0
19  56.0  285.0
19  54.0  484.0
19  77.0  342.0
19  58.0  230.0
19  60.0  369.0
19  43.0  571.0
19  66.0  462.0
19  46.0  449.0
19  64.0  227.0
19  55.0  307.0
19  46.0  495.0
19  55.0  269.0
19  44.0  488.0
19  77.0  328.0
19  26.0  394.0
19  53.0  412.0
19  38.0  242.0
19  52.0  412.0
19  33.0  528.0
19  55.0  398.0
19  73.0  158.0
19  43.0  382.0
19  54.0  308.0
19  82.0  200.0
19  42.0  457.0
19  45.0  334.0
19  73.0  169.0
19  40.0  419.0
19  43.0  386.0
19  56.0  240.0
19  45.0  375.0
19  68.0  311.0
19  56.0  184.0
19  39.0  455.0
19  65.0  336.0
19  67.0  484.0
19  67.0  347.0
19  73.0  329.0
19  62.0  427.0
19  23.0  450.0
19  45.0  501.0
19  64.0  361.0
19  30.0  481.0
19  82.0  333.0
19  30.0  303.0
19  55.0  294.0
19  45.0  405.0
19  80.0  166.0
19  30.0  487.0
19  72.0  311.0
19  29.0  386.0
19  62.0  323.0
19  59.0  441.0
19  85.0  314.0
19  43.0  432.0
19  79.0  267.0
19  72.0  344.0
19  58.0  384.0
19  79.0  329.0
19  45.0  238.0
19  56.0  350.0
19  35.0  508.0
19  48.0  507.0
19  90.0  132.0
19  56.0  373.0
19  89.0  254.0
19  47.0  259.0
19  59.0  355.0
19  51.0  251.0
19  71.0  275.0
19  64.0  373.0
19  36.0  372.0
19  56.0  205.0
19  69.0  333.0
19  22.0  488.0
19  48.0  415.0
19  44.0  420.0
19  62.0  451.0
19  51.0  406.0
19  65.0  420.0
19  49.0  503.0
19  70.0  303.0
19  82.0  229.0
19  35.0  510.0
19  49.0  429.0
19  65.0  404.0
19  60.0  399.0
19  31.0  325.0
19  64.0  291.0
19  39.0  234.0
19  35.0  320.0
19  88.0  174.0
19  40.0  394.0
19  45.0  427.0
19  54.0  507.0
19  47.0  403.0
19  52.0  346.0
19  38.0  442.0
19  48.0  408.0
19  40.0  438.0
20  67.0  241.0
20  62.0  326.0
20  68.0  403.0
20  71.0  318.0
20  77.0  303.0
20  35.0  451.0
20  53.0  317.0
20  62.0  295.0
20  52.0  475.0
20  39.0  223.0
20  49.0  225.0
20  53.0  475.0
20  62.0  352.0
20  82.0  282.0
20  43.0  271.0
20  35.0  493.0
20  45.0  417.0
20  85.0  322.0
20  50.0  411.0
20  42.0  224.0
20  35.0  301.0
20  25.0  392.0
20  67.0  300.0
20  43.0  322.0
20  57.0  423.0
20  28.0  195.0
20  36.0  451.0
20  42.0  336.0
20  62.0  363.0
20  77.0  348.0
20  82.0  142.0
20  48.0  474.0
20  61.0  277.0
20  55.0  373.0
20  56.0  449.0
20  58.0  316.0
20  51.0  407.0
20  57.0  382.0
20  51.0  130.0
20  69.0  296.0
20  64.0  401.0
20  55.0  184.0
20  51.0  415.0
20  72.0  357.0
20  57.0  378.0
20  36.0  271.0
20  55.0  324.0
20  37.0  284.0
20  37.0  304.0
20  88.0  284.0
20  51.0  190.0
20  80.0  372.0
20  65.0  370.0
20  37.0  423.0
20  56.0  482.0
20  56.0  467.0
20  49.0  284.0
20  57.0  207.0
20  70.0  347.0
20  46.0  461.0
20  52.0  398.0
20  84.0  261.0
20  54.0  323.0
20  79.0  290.0
20  78.0  256.0
20  52.0  362.0
20  35.0  149.0
20  46.0  318.0
20  63.0  370.0
20  86.0  269.0
20  55.0  448.0
20  51.0  451.0
20  54.0  442.0
20  65.0  142.0
20  60.0  177.0
20  51.0  310.0
20  64.0  431.0
20  46.0  413.0
20  58.0  410.0
20  37.0  577.0
20  70.0  347.0
20  47.0  294.0
20  10.0  425.0
20  63.0  386.0
20  33.0  395.0
20  37.0  463.0
20  82.0  178.0
20  61.0  380.0
20  64.0  415.0
20  51.0  275.0
20  48.0  470.0
20  35.0  351.0
20  46.0  299.0
20  50.0  256.0
20  69.0  367.0
20  48.0  382.0
20  52.0  395.0
20  56.0  411.0
20  44.0  278.0
20  53.0  452.0
