0  38.200000000000003  2371
1  42.600000000000001  2578
2  53.299999999999997  2331
3  50.700000000000003  2550
4  51.200000000000003  2311
5  47.299999999999997  2326
6  57.399999999999999  2018
7  52.700000000000003  2001
8  54.299999999999997  1694
9  54.799999999999997  1711
10  55.600000000000001  1769
11  51.399999999999999  1608
12  51.200000000000003  2010
13  65.900000000000006  1506
14  59.799999999999997  1609
15  57.299999999999997  1801
16  48.100000000000001  1720
17  55.100000000000001  1482
18  66.299999999999997  1161
19  65.700000000000003  1394
20  61.0  1712
0  42.299999999999997  2614
1  51.600000000000001  2772
2  38.799999999999997  2512
3  48.399999999999999  2221
4  47.5  2295
5  39.100000000000001  2244
6  54.200000000000003  2490
7  57.600000000000001  2309
8  53.700000000000003  1921
9  49.100000000000001  2300
10  58.100000000000001  1779
11  53.0  1883
12  54.100000000000001  1808
13  53.899999999999999  1820
14  54.600000000000001  1451
15  59.399999999999999  1860
16  58.200000000000003  1887
17  57.600000000000001  1782
18  60.799999999999997  1627
19  59.0  1761
20  65.099999999999994  1383
0  38.200000000000003  2875
1  48.600000000000001  2752
2  48.200000000000003  2366
3  45.799999999999997  2399
4  41.200000000000003  2910
5  51.299999999999997  2196
6  52.299999999999997  2252
7  50.299999999999997  2189
8  53.200000000000003  1972
9  57.100000000000001  2239
10  58.200000000000003  1819
11  51.799999999999997  1872
12  67.599999999999994  1832
13  60.200000000000003  1993
14  58.5  1701
15  62.799999999999997  1630
16  71.0  1447
17  66.099999999999994  1781
18  63.600000000000001  1557
19  72.299999999999997  1637
20  72.700000000000003  1371
0  46.799999999999997  2398
1  31.5  2213
2  47.600000000000001  2524
3  52.200000000000003  2490
4  39.100000000000001  2746
5  47.600000000000001  2589
6  55.5  2065
7  51.600000000000001  2022
8  51.0  2104
9  63.799999999999997  1775
10  59.100000000000001  1765
11  66.5  1825
12  67.700000000000003  1936
13  56.5  1946
14  57.200000000000003  2149
15  58.0  2163
16  51.600000000000001  2167
17  67.700000000000003  1840
18  53.100000000000001  1482
19  64.900000000000006  1233
20  53.799999999999997  1595
0  35.100000000000001  2299
1  51.299999999999997  2511
2  40.700000000000003  2443
3  52.399999999999999  2674
4  53.200000000000003  2659
5  48.100000000000001  2144
6  45.5  1794
7  53.0  2108
8  51.600000000000001  2346
9  49.899999999999999  2357
10  62.600000000000001  1635
11  54.899999999999999  1578
12  55.0  1922
13  61.700000000000003  1880
14  62.5  1751
15  58.5  2028
16  55.600000000000001  1727
17  58.0  1532
18  61.200000000000003  1425
19  63.700000000000003  1460
20  68.200000000000003  1307
0  54.100000000000001  2821
1  45.700000000000003  2558
2  37.200000000000003  2578
3  46.100000000000001  2311
4  40.200000000000003  2592
5  45.299999999999997  2605
6  40.0  2014
7  49.5  2255
8  52.299999999999997  2146
9  50.799999999999997  1809
10  54.399999999999999  1883
11  52.5  2050
12  61.100000000000001  1706
13  62.200000000000003  1502
14  50.700000000000003  1732
15  57.200000000000003  1614
16  69.099999999999994  1445
17  47.899999999999999  1689
18  59.600000000000001  1433
19  65.5  1706
20  75.299999999999997  1161
0  47.299999999999997  2517
1  48.299999999999997  2814
2  50.600000000000001  2392
3  56.5  2606
4  48.200000000000003  2518
5  59.799999999999997  2492
6  54.600000000000001  1841
7  51.0  2191
8  49.0  2081
9  47.799999999999997  1837
10  52.799999999999997  1787
11  58.200000000000003  1889
12  58.299999999999997  1991
13  54.299999999999997  1708
14  54.0  1753
15  65.299999999999997  1403
16  60.5  1714
17  59.200000000000003  1252
18  58.899999999999999  1566
19  65.400000000000006  1421
20  65.799999999999997  1742
0  42.399999999999999  2690
1  44.0  2652
2  46.799999999999997  2431
3  52.0  2242
4  44.5  2843
5  49.700000000000003  2053
6  55.100000000000001  2229
7  53.799999999999997  2350
8  48.200000000000003  1925
9  48.700000000000003  1916
10  57.299999999999997  1441
11  54.5  1837
12  60.799999999999997  1763
13  57.299999999999997  2031
14  62.100000000000001  1380
15  62.200000000000003  1653
16  68.200000000000003  1448
17  55.700000000000003  1848
18  57.5  1707
19  68.799999999999997  1642
20  68.599999999999994  1627
0  38.0  2748
1  43.5  2314
2  49.600000000000001  2368
3  53.5  2357
4  48.799999999999997  2412
5  44.0  2616
6  46.100000000000001  2021
7  54.5  2294
8  63.600000000000001  2225
9  58.600000000000001  2290
10  61.100000000000001  1937
11  54.5  1675
12  55.0  1716
13  44.799999999999997  1816
14  50.700000000000003  1557
15  69.099999999999994  1432
16  62.399999999999999  1941
17  55.899999999999999  1307
18  63.100000000000001  1405
19  60.899999999999999  1342
20  72.5  1578
0  41.5  2512
1  41.399999999999999  2789
2  48.899999999999999  2392
3  51.700000000000003  2359
4  54.600000000000001  2559
5  62.5  2316
6  43.200000000000003  2604
7  52.899999999999999  2028
8  59.200000000000003  1983
9  59.200000000000003  1839
10  59.200000000000003  1888
11  63.200000000000003  1819
12  67.700000000000003  1628
13  58.899999999999999  2000
14  64.700000000000003  1751
15  71.0  1601
16  61.899999999999999  1452
17  63.299999999999997  1558
18  63.899999999999999  1689
19  63.899999999999999  1290
20  66.900000000000006  1259
0  39.299999999999997  2613
1  48.0  2382
2  41.899999999999999  2308
3  47.899999999999999  2234
4  49.5  2191
5  48.399999999999999  2048
6  60.600000000000001  2333
7  58.0  2301
8  60.0  1924
9  47.299999999999997  2323
10  56.799999999999997  1753
11  44.600000000000001  1645
12  53.299999999999997  1812
13  65.599999999999994  1423
14  72.5  1488
15  57.799999999999997  1985
16  54.100000000000001  1731
17  59.899999999999999  1691
18  51.0  1611
19  71.799999999999997  1489
20  68.299999999999997  1503
0  43.100000000000001  2323
1  39.5  2633
2  27.300000000000001  1920
3  42.0  2647
4  60.200000000000003  2119
5  54.0  2161
6  45.700000000000003  2286
7  48.200000000000003  2439
8  49.100000000000001  2457
9  52.200000000000003  1687
10  50.799999999999997  1853
11  59.100000000000001  1588
12  61.299999999999997  1744
13  53.399999999999999  1906
14  62.200000000000003  2033
15  67.200000000000003  1662
16  58.299999999999997  1349
17  62.799999999999997  1775
18  63.299999999999997  1641
19  68.5  1662
20  69.5  1362
0  39.799999999999997  2553
1  50.899999999999999  2208
2  48.899999999999999  2370
3  45.700000000000003  2206
4  49.399999999999999  2318
5  43.0  2615
6  46.700000000000003  2644
7  60.0  2320
8  51.5  2095
9  61.299999999999997  2370
10  63.200000000000003  1749
11  54.399999999999999  1506
12  59.700000000000003  1993
13  52.600000000000001  1867
14  58.399999999999999  1618
15  57.200000000000003  1742
16  58.600000000000001  1493
17  62.799999999999997  1764
18  62.600000000000001  1942
19  64.099999999999994  1451
20  62.899999999999999  1636
0  35.100000000000001  2456
1  45.200000000000003  2792
2  53.0  2347
3  47.200000000000003  2389
4  45.799999999999997  2223
5  44.299999999999997  1984
6  47.600000000000001  2405
7  52.899999999999999  1994
8  58.399999999999999  2027
9  59.200000000000003  1912
10  61.5  1742
11  61.5  1981
12  57.100000000000001  1840
13  60.200000000000003  1700
14  64.700000000000003  1662
15  58.899999999999999  1835
16  52.600000000000001  1687
17  59.100000000000001  1649
18  64.599999999999994  1441
19  60.899999999999999  1588
20  69.900000000000006  1452
0  52.5  2566
1  35.299999999999997  2333
2  46.200000000000003  2347
3  51.600000000000001  2495
4  41.700000000000003  2295
5  48.399999999999999  2270
6  46.600000000000001  2120
7  50.600000000000001  2313
8  59.100000000000001  1819
9  48.899999999999999  2182
10  48.600000000000001  1975
11  51.299999999999997  1777
12  62.600000000000001  1802
13  64.599999999999994  1527
14  62.700000000000003  1594
15  63.799999999999997  1709
16  66.900000000000006  1650
17  65.5  1454
18  58.299999999999997  1747
19  61.899999999999999  1438
20  70.599999999999994  1540
0  42.5  2785
1  40.299999999999997  2555
2  53.200000000000003  2550
3  48.299999999999997  2337
4  52.600000000000001  2603
5  52.100000000000001  2295
6  60.899999999999999  1822
7  51.799999999999997  2229
8  59.899999999999999  2017
9  56.5  2356
10  53.899999999999999  2399
11  66.900000000000006  1589
12  60.399999999999999  1784
13  56.0  1647
14  60.0  1422
15  58.399999999999999  1741
16  63.299999999999997  1818
17  61.200000000000003  1596
18  70.299999999999997  1567
19  55.100000000000001  1859
20  61.899999999999999  1392
0  45.0  2612
1  50.399999999999999  2680
2  43.0  2573
3  44.0  2301
4  46.700000000000003  2526
5  56.700000000000003  2405
6  54.200000000000003  2526
7  50.600000000000001  1771
8  64.200000000000003  1969
9  55.299999999999997  2370
10  56.399999999999999  1936
11  55.5  2074
12  52.100000000000001  1800
13  40.0  1931
14  53.200000000000003  1787
15  61.100000000000001  1759
16  62.100000000000001  1866
17  61.5  1430
18  57.700000000000003  1526
19  62.5  1518
20  71.900000000000006  1427
0  49.600000000000001  2896
1  48.700000000000003  2521
2  46.299999999999997  2618
3  45.399999999999999  2665
4  48.700000000000003  2299
5  49.899999999999999  2265
6  55.799999999999997  2525
7  44.899999999999999  2117
8  50.700000000000003  2211
9  58.5  1936
10  57.5  2016
11  52.200000000000003  1882
12  46.399999999999999  1866
13  65.299999999999997  1950
14  43.200000000000003  1656
15  62.600000000000001  1838
16  51.600000000000001  1714
17  62.399999999999999  1493
18  53.0  1544
19  62.200000000000003  1910
20  63.200000000000003  1654
0  38.100000000000001  2914
1  36.799999999999997  2847
2  50.0  2339
3  49.0  2242
4  47.200000000000003  2507
5  50.100000000000001  2376
6  43.299999999999997  2189
7  53.299999999999997  1771
8  59.899999999999999  1731
9  52.0  1628
10  53.200000000000003  1918
11  58.899999999999999  2069
12  55.5  1485
13  54.899999999999999  1938
14  62.799999999999997  1611
15  63.200000000000003  1757
16  51.299999999999997  2143
17  61.5  1740
18  62.5  2036
19  65.0  1754
20  57.899999999999999  1272
0  35.0  2656
1  53.700000000000003  2314
2  54.299999999999997  2450
3  41.899999999999999  2271
4  53.399999999999999  2523
5  58.399999999999999  2293
6  51.5  1949
7  52.700000000000003  2179
8  61.600000000000001  1761
9  52.200000000000003  2162
10  59.200000000000003  1759
11  65.900000000000006  1908
12  59.5  1792
13  53.600000000000001  1856
14  64.400000000000006  1718
15  62.299999999999997  1387
16  64.799999999999997  1576
17  56.899999999999999  1549
18  57.399999999999999  1712
19  69.700000000000003  1550
20  49.100000000000001  1995
0  38.299999999999997  2355
1  41.799999999999997  2360
2  41.5  2445
3  54.899999999999999  2073
4  53.299999999999997  2546
5  46.0  2528
6  48.399999999999999  2215
7  49.399999999999999  2166
8  51.600000000000001  1816
9  45.100000000000001  2285
10  45.0  1503
11  63.0  1700
12  66.700000000000003  1649
13  59.799999999999997  1879
14  55.100000000000001  1831
15  64.400000000000006  1669
16  64.900000000000006  1596
17  67.5  1514
18  62.700000000000003  1923
19  58.299999999999997  1625
20  69.200000000000003  1550
0  32.600000000000001  2456
1  46.5  2349
2  47.600000000000001  2227
3  55.399999999999999  2573
4  39.5  2522
5  49.600000000000001  2279
6  52.0  2312
7  49.100000000000001  2228
8  48.899999999999999  2292
9  58.200000000000003  1942
10  52.399999999999999  2178
11  56.799999999999997  1672
12  55.299999999999997  1677
13  52.0  1788
14  64.5  1758
15  50.5  1871
16  70.700000000000003  1577
17  68.400000000000006  1684
18  62.200000000000003  1737
19  68.900000000000006  1368
20  57.899999999999999  1615
0  43.0  2709
1  45.600000000000001  2437
2  42.799999999999997  2621
3  44.899999999999999  2595
4  47.100000000000001  2601
5  55.299999999999997  2295
6  51.600000000000001  2278
7  54.600000000000001  2125
8  57.899999999999999  2274
9  63.600000000000001  1968
10  57.600000000000001  1842
11  52.399999999999999  1884
12  59.0  1811
13  50.100000000000001  1674
14  65.400000000000006  1806
15  57.200000000000003  1997
16  66.299999999999997  1678
17  52.200000000000003  1953
18  56.200000000000003  1808
19  65.700000000000003  1679
20  66.700000000000003  1291
0  47.200000000000003  2520
1  43.600000000000001  2568
2  54.700000000000003  2317
3  40.0  2552
4  51.700000000000003  2595
5  49.600000000000001  2249
6  41.200000000000003  1874
7  66.599999999999994  1677
8  45.600000000000001  1587
9  52.5  2423
10  59.399999999999999  1843
11  49.600000000000001  1825
12  60.299999999999997  2189
13  60.5  1616
14  57.100000000000001  1671
15  60.100000000000001  1845
16  67.200000000000003  1595
17  67.5  1498
18  64.799999999999997  1702
19  69.700000000000003  1263
20  73.200000000000003  1114
0  48.5  3202
1  45.5  2810
2  46.399999999999999  2607
3  51.0  2299
4  52.299999999999997  2130
5  48.799999999999997  2120
6  46.200000000000003  2215
7  51.799999999999997  2452
8  44.600000000000001  2036
9  65.900000000000006  2083
10  55.799999999999997  2176
11  57.600000000000001  1955
12  60.399999999999999  1988
13  55.299999999999997  2056
14  63.100000000000001  1759
15  57.0  1368
16  71.299999999999997  1534
17  68.200000000000003  1323
18  56.700000000000003  1395
19  57.100000000000001  1509
20  67.5  1626
0  40.700000000000003  2546
1  42.5  2709
2  51.200000000000003  2320
3  39.600000000000001  2610
4  33.899999999999999  2480
5  57.399999999999999  2397
6  47.299999999999997  1984
7  59.899999999999999  2114
8  48.600000000000001  1982
9  51.899999999999999  1883
10  53.700000000000003  1788
11  56.299999999999997  2199
12  56.5  1979
13  61.899999999999999  2232
14  60.600000000000001  2019
15  64.5  1868
16  51.299999999999997  1763
17  62.5  1844
18  64.400000000000006  1856
19  64.900000000000006  1645
20  64.5  1423
0  34.399999999999999  2308
1  32.600000000000001  2459
2  42.5  2513
3  47.100000000000001  2578
4  48.100000000000001  2338
5  51.0  2119
6  51.600000000000001  1934
7  52.899999999999999  2186
8  60.799999999999997  1916
9  64.799999999999997  1742
10  58.5  1500
11  64.200000000000003  2138
12  57.799999999999997  1871
13  67.0  1651
14  56.799999999999997  1943
15  57.299999999999997  1695
16  70.799999999999997  1640
17  58.100000000000001  1679
18  60.399999999999999  1538
19  63.299999999999997  1243
20  67.099999999999994  1496
0  51.899999999999999  2643
1  47.600000000000001  2532
2  33.600000000000001  2564
3  42.399999999999999  2233
4  51.799999999999997  2293
5  54.299999999999997  2409
6  52.299999999999997  1944
7  45.0  2502
8  55.399999999999999  1812
9  50.299999999999997  1745
10  44.0  2127
11  55.700000000000003  1925
12  51.600000000000001  1718
13  66.099999999999994  1595
14  64.5  1648
15  64.400000000000006  1449
16  67.900000000000006  1384
17  61.5  1535
18  70.200000000000003  1522
19  70.5  1509
20  65.200000000000003  1447
0  38.200000000000003  3143
1  48.600000000000001  2634
2  47.399999999999999  2213
3  51.200000000000003  2601
4  54.100000000000001  2339
5  59.700000000000003  2182
6  50.399999999999999  2247
7  59.799999999999997  2107
8  54.200000000000003  2179
9  51.299999999999997  2066
10  60.799999999999997  1796
11  53.799999999999997  1925
12  62.5  1935
13  62.899999999999999  1653
14  62.0  1527
15  64.0  1800
16  62.399999999999999  2036
17  53.5  1903
18  75.0  1330
19  52.399999999999999  1743
20  61.600000000000001  1526
0  44.899999999999999  2776
1  44.200000000000003  2730
2  50.100000000000001  2453
3  53.0  2276
4  45.0  2215
5  44.700000000000003  2241
6  51.200000000000003  2213
7  54.700000000000003  2282
8  55.200000000000003  2161
9  51.700000000000003  1620
10  59.0  1896
11  58.0  1839
12  67.299999999999997  1957
13  56.600000000000001  1693
14  72.5  1337
15  61.399999999999999  1867
16  57.299999999999997  1521
17  63.299999999999997  1817
18  55.700000000000003  1618
19  64.099999999999994  1701
20  61.200000000000003  1325
0  46.200000000000003  2837
1  42.799999999999997  2486
2  42.0  2497
3  54.299999999999997  2498
4  49.5  2153
5  57.5  2443
6  44.899999999999999  2144
7  51.600000000000001  2456
8  55.299999999999997  1984
9  56.899999999999999  2065
10  55.0  1959
11  57.799999999999997  2098
12  66.700000000000003  1773
13  68.5  1784
14  58.600000000000001  2115
15  53.700000000000003  1682
16  66.200000000000003  1465
17  60.299999999999997  1517
18  63.5  1550
19  62.700000000000003  1413
20  59.100000000000001  1253
0  41.299999999999997  2555
1  42.299999999999997  2149
2  47.899999999999999  2559
3  46.799999999999997  2323
4  50.899999999999999  2245
5  59.200000000000003  2160
6  50.700000000000003  2313
7  62.200000000000003  1934
8  53.600000000000001  2491
9  57.399999999999999  1986
10  56.799999999999997  2205
11  49.5  1776
12  63.200000000000003  1918
13  56.200000000000003  1925
14  68.400000000000006  1418
15  56.600000000000001  1727
16  64.200000000000003  1687
17  63.5  1517
18  64.599999999999994  1709
19  61.399999999999999  1850
20  57.799999999999997  1943
0  36.299999999999997  2238
1  30.199999999999999  2514
2  48.600000000000001  2595
3  47.5  2424
4  49.0  2145
5  53.299999999999997  2263
6  59.200000000000003  2267
7  52.799999999999997  2419
8  54.5  2402
9  72.299999999999997  1868
10  57.799999999999997  1844
11  50.799999999999997  2013
12  55.0  1918
13  53.600000000000001  1797
14  50.600000000000001  1710
15  68.799999999999997  1970
16  52.100000000000001  2068
17  63.899999999999999  1754
18  66.099999999999994  1588
19  62.200000000000003  1608
20  70.099999999999994  1536
0  45.5  2635
1  51.200000000000003  2389
2  53.200000000000003  2320
3  51.899999999999999  2478
4  51.200000000000003  2316
5  57.200000000000003  2050
6  54.0  1831
7  51.5  2318
8  52.399999999999999  2042
9  61.299999999999997  1702
10  53.200000000000003  2171
11  52.600000000000001  1741
12  54.100000000000001  1419
13  65.299999999999997  2019
14  55.299999999999997  2064
15  50.299999999999997  1717
16  54.799999999999997  2048
17  66.200000000000003  1582
18  68.900000000000006  1665
19  61.200000000000003  1461
20  56.5  1633
0  37.799999999999997  2203
1  49.799999999999997  2757
2  48.399999999999999  2595
3  47.600000000000001  2590
4  46.899999999999999  2417
5  42.600000000000001  2337
6  59.899999999999999  2341
7  53.600000000000001  2320
8  60.200000000000003  1977
9  57.899999999999999  1928
10  53.399999999999999  1973
11  59.700000000000003  1673
12  63.100000000000001  1857
13  64.700000000000003  1636
14  57.899999999999999  1586
15  69.200000000000003  1500
16  67.400000000000006  1867
17  74.900000000000006  1487
18  72.299999999999997  1562
19  61.399999999999999  1464
20  70.400000000000006  1425
0  60.0  2673
1  41.700000000000003  2645
2  33.200000000000003  2433
3  56.0  2349
4  46.0  2236
5  45.700000000000003  2120
6  49.5  2254
7  50.399999999999999  2314
8  63.299999999999997  1845
9  47.600000000000001  2077
10  55.799999999999997  1965
11  60.200000000000003  1782
12  59.100000000000001  2089
13  58.5  1917
14  63.600000000000001  1932
15  63.799999999999997  1795
16  55.700000000000003  1836
17  57.0  1847
18  57.5  1802
19  61.399999999999999  1614
20  61.799999999999997  1515
0  45.299999999999997  2776
1  58.299999999999997  2351
2  44.600000000000001  2125
3  47.0  2661
4  41.799999999999997  2738
5  51.899999999999999  2414
6  51.100000000000001  2031
7  51.0  2468
8  56.600000000000001  2016
9  61.200000000000003  1849
10  65.0  1738
11  49.700000000000003  1723
12  62.899999999999999  1804
13  51.200000000000003  1813
14  59.899999999999999  1777
15  64.900000000000006  1511
16  60.799999999999997  1544
17  67.900000000000006  1671
18  68.700000000000003  1551
19  62.200000000000003  1380
20  64.299999999999997  1452
0  37.299999999999997  2272
1  49.399999999999999  2486
2  43.799999999999997  2464
3  52.600000000000001  2283
4  48.399999999999999  2261
5  53.799999999999997  2271
6  55.399999999999999  2202
7  51.5  2204
8  51.600000000000001  2344
9  45.200000000000003  1720
10  61.899999999999999  2054
11  63.899999999999999  1931
12  61.899999999999999  1694
13  58.0  1720
14  52.200000000000003  1899
15  66.400000000000006  1662
16  60.399999999999999  1718
17  61.799999999999997  1512
18  51.899999999999999  1544
19  66.099999999999994  1541
20  66.5  1693
0  43.0  2622
1  38.100000000000001  2584
2  42.600000000000001  2520
3  39.5  2060
4  56.399999999999999  2384
5  50.399999999999999  2330
6  60.5  2036
7  55.399999999999999  2113
8  62.600000000000001  2164
9  61.100000000000001  1836
10  51.700000000000003  1931
11  53.799999999999997  1803
12  55.600000000000001  1911
13  54.5  1853
14  55.600000000000001  1950
15  60.5  1551
16  60.700000000000003  1689
17  58.0  1792
18  62.299999999999997  1677
19  67.099999999999994  1555
20  57.100000000000001  1302
0  44.799999999999997  2668
1  39.399999999999999  2778
2  52.100000000000001  2733
3  46.5  2352
4  51.299999999999997  2546
5  47.299999999999997  2567
6  57.399999999999999  2049
7  54.5  2117
8  54.399999999999999  2251
9  57.200000000000003  2296
10  46.399999999999999  1866
11  51.200000000000003  2019
12  49.399999999999999  2292
13  53.700000000000003  1760
14  61.0  1574
15  69.299999999999997  1634
16  58.399999999999999  1923
17  64.599999999999994  1470
18  58.799999999999997  1512
19  67.099999999999994  1507
20  65.400000000000006  1385
0  46.5  2666
1  46.299999999999997  2455
2  45.299999999999997  2601
3  39.5  2155
4  47.600000000000001  2431
5  61.600000000000001  2269
6  43.100000000000001  2205
7  66.700000000000003  2198
8  54.600000000000001  2215
9  50.100000000000001  2177
10  53.700000000000003  1899
11  59.399999999999999  1973
12  60.799999999999997  2083
13  49.899999999999999  2041
14  61.799999999999997  1726
15  54.399999999999999  1643
16  56.799999999999997  1591
17  59.100000000000001  1803
18  53.100000000000001  1612
19  73.5  1366
20  69.5  1435
0  40.5  3003
1  46.200000000000003  2408
2  46.5  2454
3  51.899999999999999  2664
4  51.299999999999997  2589
5  55.200000000000003  2496
6  52.0  2294
7  49.0  2376
8  53.299999999999997  1965
9  64.299999999999997  1940
10  42.399999999999999  1789
11  52.399999999999999  1566
12  48.5  2004
13  48.5  1900
14  54.100000000000001  1809
15  59.600000000000001  1869
16  65.799999999999997  1677
17  53.600000000000001  1583
18  53.299999999999997  1482
19  74.200000000000003  1711
20  60.200000000000003  1703
0  39.5  2657
1  39.200000000000003  2576
2  34.700000000000003  2433
3  49.799999999999997  2144
4  55.399999999999999  2184
5  55.399999999999999  2156
6  59.700000000000003  2423
7  53.100000000000001  2137
8  50.0  1839
9  62.700000000000003  1780
10  51.700000000000003  1961
11  52.700000000000003  1795
12  54.299999999999997  1784
13  58.700000000000003  1782
14  55.0  1990
15  71.900000000000006  1633
16  55.700000000000003  1506
17  68.900000000000006  1533
18  63.100000000000001  1621
19  68.299999999999997  1459
20  58.600000000000001  1881
0  42.700000000000003  2262
1  31.699999999999999  2384
2  45.399999999999999  2694
3  50.200000000000003  2398
4  44.5  2172
5  51.5  2089
6  53.899999999999999  2174
7  46.600000000000001  2263
8  61.5  1946
9  50.399999999999999  2037
10  59.600000000000001  2140
11  60.0  1934
12  53.0  1830
13  60.799999999999997  1886
14  66.5  1804
15  62.799999999999997  1604
16  66.799999999999997  1596
17  64.700000000000003  1452
18  53.899999999999999  1754
19  60.5  1771
20  66.599999999999994  1320
0  44.700000000000003  2327
1  47.600000000000001  2885
2  47.399999999999999  2687
3  40.600000000000001  2500
4  53.799999999999997  2263
5  57.799999999999997  1856
6  50.0  2275
7  51.200000000000003  2386
8  48.600000000000001  2094
9  54.700000000000003  1921
10  61.299999999999997  1900
11  47.399999999999999  2161
12  52.899999999999999  1771
13  66.5  1691
14  55.600000000000001  1848
15  69.900000000000006  1446
16  60.899999999999999  1746
17  68.299999999999997  1513
18  57.299999999999997  1894
19  66.400000000000006  1482
20  65.200000000000003  1665
0  47.399999999999999  2568
1  43.399999999999999  2500
2  42.899999999999999  2634
3  50.600000000000001  2263
4  47.0  2496
5  47.200000000000003  2407
6  47.600000000000001  2377
7  51.399999999999999  2559
8  50.899999999999999  1776
9  41.600000000000001  1855
10  56.899999999999999  2150
11  57.299999999999997  1924
12  60.700000000000003  1773
13  67.599999999999994  1775
14  58.299999999999997  1796
15  68.200000000000003  1238
16  60.399999999999999  1508
17  63.799999999999997  2074
18  62.299999999999997  1495
19  58.200000000000003  1547
20  66.5  1754
0  43.100000000000001  3157
1  43.200000000000003  2694
2  41.799999999999997  2326
3  45.200000000000003  2342
4  44.100000000000001  2130
5  48.299999999999997  2285
6  50.600000000000001  2087
7  49.0  2260
8  43.5  2121
9  51.299999999999997  2069
10  62.299999999999997  1894
11  43.600000000000001  2009
12  61.200000000000003  1666
13  56.0  1941
14  53.0  1530
15  61.200000000000003  1722
16  57.700000000000003  1550
17  64.5  1479
18  68.200000000000003  1460
19  70.299999999999997  1430
20  71.700000000000003  1325
0  51.799999999999997  2829
1  39.200000000000003  2629
2  55.600000000000001  2634
3  55.299999999999997  2414
4  50.600000000000001  2345
5  55.100000000000001  2320
6  60.600000000000001  1986
7  60.200000000000003  2340
8  55.399999999999999  2249
9  50.799999999999997  1931
10  53.799999999999997  2042
11  57.399999999999999  1890
12  57.600000000000001  1885
13  58.899999999999999  1756
14  59.200000000000003  1447
15  61.399999999999999  1649
16  68.700000000000003  1586
17  65.700000000000003  1519
18  53.299999999999997  1834
19  69.400000000000006  1529
20  61.0  1355
0  47.299999999999997  2593
1  54.399999999999999  2462
2  41.5  2377
3  42.100000000000001  2333
4  51.5  2203
5  38.600000000000001  2270
6  45.5  2537
7  48.899999999999999  2033
8  55.899999999999999  1850
9  59.200000000000003  2098
10  54.899999999999999  2235
11  64.099999999999994  1695
12  53.700000000000003  1899
13  66.900000000000006  1693
14  61.700000000000003  1866
15  55.600000000000001  1871
16  57.899999999999999  2067
17  56.600000000000001  1328
18  59.799999999999997  1805
19  67.299999999999997  1848
20  71.700000000000003  1477
0  47.700000000000003  2399
1  43.600000000000001  2779
2  38.799999999999997  2514
3  51.299999999999997  2032
4  45.299999999999997  2685
5  55.299999999999997  2286
6  48.0  2082
7  53.399999999999999  2249
8  49.5  2045
9  45.700000000000003  2481
10  59.700000000000003  1981
11  60.200000000000003  1840
12  59.700000000000003  1712
13  54.700000000000003  1693
14  60.5  1462
15  55.100000000000001  1849
16  57.600000000000001  1747
17  64.799999999999997  1609
18  68.0  1427
19  60.200000000000003  1470
20  68.400000000000006  1435
0  47.700000000000003  2667
1  33.600000000000001  2613
2  35.0  2396
3  51.899999999999999  2285
4  43.700000000000003  2304
5  43.299999999999997  2043
6  51.100000000000001  2279
7  56.0  2217
8  55.5  2240
9  43.799999999999997  1885
10  57.200000000000003  1537
11  53.399999999999999  2156
12  54.100000000000001  1882
13  61.799999999999997  1631
14  63.399999999999999  1597
15  59.700000000000003  1362
16  56.899999999999999  1726
17  69.400000000000006  1506
18  72.400000000000006  1502
19  67.5  1369
20  64.700000000000003  1348
0  40.299999999999997  2373
1  45.399999999999999  2502
2  52.100000000000001  2650
3  47.899999999999999  2437
4  40.899999999999999  2266
5  48.200000000000003  2503
6  52.399999999999999  2291
7  47.5  2505
8  41.299999999999997  1718
9  57.700000000000003  1750
10  56.899999999999999  1976
11  59.100000000000001  1903
12  55.100000000000001  1881
13  59.5  1744
14  57.600000000000001  1815
15  49.600000000000001  1879
16  66.299999999999997  1578
17  54.399999999999999  1802
18  58.700000000000003  1642
19  59.5  1721
20  67.799999999999997  1616
0  51.600000000000001  2330
1  45.0  2469
2  41.799999999999997  2458
3  44.5  2085
4  40.299999999999997  2363
5  57.600000000000001  2556
6  60.899999999999999  2451
7  56.799999999999997  2230
8  56.799999999999997  2074
9  56.600000000000001  2174
10  48.5  1967
11  52.899999999999999  1682
12  64.900000000000006  1676
13  60.5  1718
14  53.0  1846
15  62.0  1610
16  65.099999999999994  1646
17  57.399999999999999  1731
18  59.399999999999999  1928
19  59.799999999999997  1456
20  64.599999999999994  1354
0  30.699999999999999  2517
1  44.899999999999999  2560
2  43.600000000000001  2619
3  42.899999999999999  2038
4  40.200000000000003  2358
5  52.700000000000003  1980
6  54.5  2288
7  52.0  2013
8  57.299999999999997  2261
9  67.099999999999994  1838
10  63.200000000000003  1860
11  58.299999999999997  1992
12  51.799999999999997  1705
13  53.100000000000001  1700
14  64.799999999999997  1578
15  62.5  1954
16  65.799999999999997  1512
17  64.5  1410
18  62.0  1358
19  54.5  1220
20  73.5  1503
0  44.700000000000003  2695
1  50.299999999999997  2424
2  45.399999999999999  2614
3  39.0  2341
4  42.5  2110
5  44.799999999999997  2177
6  49.799999999999997  2422
7  50.700000000000003  2067
8  55.100000000000001  2087
9  45.899999999999999  2152
10  47.200000000000003  2107
11  52.899999999999999  1736
12  51.799999999999997  1712
13  51.899999999999999  1774
14  68.099999999999994  1450
15  58.399999999999999  1681
16  64.200000000000003  1527
17  60.600000000000001  1583
18  57.100000000000001  2004
19  64.200000000000003  1274
20  59.899999999999999  1513
0  50.5  2642
1  46.100000000000001  2477
2  37.100000000000001  2306
3  47.299999999999997  2037
4  51.600000000000001  2196
5  51.100000000000001  2219
6  50.0  2589
7  43.200000000000003  2009
8  69.299999999999997  2162
9  53.600000000000001  1602
10  59.299999999999997  1925
11  65.599999999999994  1952
12  51.600000000000001  1605
13  62.899999999999999  1771
14  54.299999999999997  1879
15  58.0  1925
16  71.400000000000006  1512
17  61.799999999999997  1933
18  58.399999999999999  1784
19  60.700000000000003  1561
20  65.400000000000006  1663
0  45.5  2611
1  40.0  2302
2  48.899999999999999  2504
3  57.0  2717
4  57.100000000000001  2487
5  47.600000000000001  2511
6  59.799999999999997  2014
7  46.600000000000001  1492
8  55.399999999999999  2228
9  56.100000000000001  2011
10  60.299999999999997  1733
11  50.600000000000001  1853
12  53.899999999999999  1684
13  71.700000000000003  1591
14  48.200000000000003  1652
15  47.799999999999997  1682
16  55.600000000000001  1911
17  60.299999999999997  1762
18  68.299999999999997  1369
19  61.399999999999999  1604
20  70.0  1177
0  46.200000000000003  2548
1  43.5  2603
2  45.200000000000003  2415
3  54.100000000000001  2567
4  45.799999999999997  2447
5  53.600000000000001  2269
6  49.200000000000003  1852
7  56.899999999999999  1725
8  54.399999999999999  2464
9  54.200000000000003  2135
10  56.5  1941
11  51.700000000000003  1680
12  58.299999999999997  2126
13  51.700000000000003  1910
14  60.100000000000001  1839
15  47.799999999999997  1737
16  44.600000000000001  1697
17  60.200000000000003  1981
18  61.700000000000003  1766
19  59.899999999999999  1613
20  63.5  1563
0  39.899999999999999  2957
1  50.899999999999999  2662
2  53.299999999999997  2409
3  50.600000000000001  2334
4  52.5  2567
5  42.700000000000003  2418
6  44.0  2252
7  45.600000000000001  2327
8  47.299999999999997  1842
9  54.0  2439
10  54.299999999999997  2102
11  60.100000000000001  1421
12  57.0  1769
13  66.5  1916
14  57.299999999999997  1946
15  59.200000000000003  1546
16  63.200000000000003  1541
17  59.200000000000003  1666
18  63.700000000000003  1993
19  60.200000000000003  1360
20  57.899999999999999  1470
0  35.200000000000003  2427
1  45.5  2406
2  35.399999999999999  2648
3  49.100000000000001  2465
4  48.399999999999999  2042
5  48.299999999999997  2126
6  48.0  2286
7  52.0  1926
8  55.299999999999997  2212
9  62.600000000000001  2077
10  53.600000000000001  1938
11  50.799999999999997  2026
12  52.0  1859
13  60.0  1649
14  64.799999999999997  1813
15  64.099999999999994  1859
16  59.600000000000001  2027
17  62.299999999999997  1656
18  57.399999999999999  1693
19  66.099999999999994  1545
20  53.299999999999997  1583
0  51.299999999999997  2720
1  48.899999999999999  2362
2  40.600000000000001  2314
3  48.299999999999997  2171
4  41.0  2203
5  49.700000000000003  2009
6  56.399999999999999  2220
7  60.200000000000003  2097
8  57.299999999999997  1962
9  58.799999999999997  1715
10  66.0  1901
11  59.299999999999997  2037
12  65.200000000000003  1688
13  64.200000000000003  1944
14  53.700000000000003  1712
15  58.200000000000003  1679
16  58.5  1772
17  57.899999999999999  1677
18  58.600000000000001  1931
19  66.200000000000003  1819
20  60.799999999999997  1462
0  43.899999999999999  2501
1  35.200000000000003  2629
2  49.799999999999997  2682
3  51.5  2422
4  50.399999999999999  2563
5  51.399999999999999  2386
6  47.5  2327
7  52.299999999999997  2149
8  57.5  1963
9  56.700000000000003  2126
10  51.0  2187
11  65.799999999999997  2058
12  55.899999999999999  2016
13  57.0  1786
14  55.700000000000003  2119
15  61.0  1413
16  56.899999999999999  2093
17  62.200000000000003  1479
18  67.799999999999997  1443
19  59.899999999999999  1499
20  70.200000000000003  1344
0  35.299999999999997  2401
1  37.399999999999999  2390
2  45.299999999999997  2634
3  42.799999999999997  2279
4  50.299999999999997  2174
5  49.799999999999997  2570
6  44.399999999999999  2081
7  62.0  1919
8  61.100000000000001  2132
9  57.0  2065
10  60.700000000000003  2082
11  48.899999999999999  1982
12  49.100000000000001  1713
13  63.100000000000001  1760
14  58.100000000000001  2002
15  62.899999999999999  1833
16  68.200000000000003  1470
17  62.399999999999999  1536
18  67.5  1564
19  60.5  1413
20  64.400000000000006  1612
0  43.899999999999999  2748
1  52.700000000000003  2332
2  39.799999999999997  2422
3  55.600000000000001  2331
4  47.700000000000003  2217
5  42.700000000000003  2157
6  43.5  2066
7  61.100000000000001  1786
8  62.0  2051
9  61.899999999999999  1818
10  73.5  1765
11  65.400000000000006  2098
12  65.099999999999994  1879
13  54.299999999999997  1868
14  56.0  1509
15  48.5  1628
16  67.099999999999994  1662
17  71.599999999999994  1264
18  60.200000000000003  1649
19  64.900000000000006  1644
20  69.200000000000003  1463
0  44.600000000000001  2834
1  41.700000000000003  2436
2  40.799999999999997  2360
3  29.0  2298
4  52.600000000000001  2281
5  50.799999999999997  2340
6  48.799999999999997  2298
7  43.100000000000001  2020
8  58.600000000000001  2255
9  48.600000000000001  2006
10  47.700000000000003  2114
11  57.299999999999997  1856
12  57.5  2005
13  67.599999999999994  1493
14  61.399999999999999  2073
15  52.299999999999997  1791
16  52.100000000000001  1469
17  54.5  1876
18  74.099999999999994  1272
19  67.0  1514
20  68.599999999999994  1259
0  51.899999999999999  2814
1  45.200000000000003  2834
2  51.299999999999997  2480
3  49.299999999999997  2477
4  43.299999999999997  1996
5  45.299999999999997  2085
6  51.0  2495
7  58.399999999999999  2084
8  48.200000000000003  2151
9  51.799999999999997  2045
10  58.700000000000003  2001
11  58.700000000000003  1982
12  50.5  1988
13  56.200000000000003  2135
14  59.200000000000003  1739
15  64.099999999999994  1749
16  60.0  1318
17  73.900000000000006  1764
18  62.399999999999999  1564
19  58.299999999999997  1950
20  70.799999999999997  1377
0  45.700000000000003  2571
1  50.299999999999997  2621
2  45.399999999999999  2512
3  56.5  2780
4  48.799999999999997  2641
5  43.700000000000003  1943
6  44.700000000000003  2608
7  50.899999999999999  2255
8  61.899999999999999  2397
9  52.200000000000003  2112
10  57.0  1841
11  53.200000000000003  2195
12  60.700000000000003  1973
13  57.700000000000003  1810
14  67.099999999999994  1587
15  57.5  1588
16  59.100000000000001  1690
17  63.700000000000003  1621
18  64.099999999999994  1893
19  66.400000000000006  1316
20  73.299999999999997  1503
0  41.799999999999997  2752
1  39.5  2335
2  36.100000000000001  2711
3  40.100000000000001  2573
4  51.700000000000003  2500
5  42.5  2390
6  50.0  2450
7  46.700000000000003  2131
8  53.700000000000003  2335
9  65.299999999999997  1756
10  59.399999999999999  1994
11  50.700000000000003  2282
12  54.799999999999997  1701
13  63.5  1835
14  53.299999999999997  1785
15  66.900000000000006  1536
16  56.299999999999997  1765
17  64.299999999999997  1598
18  56.399999999999999  1729
19  63.799999999999997  1720
20  51.899999999999999  1700
0  51.100000000000001  2443
1  49.399999999999999  2348
2  43.399999999999999  2399
3  47.600000000000001  2244
4  58.200000000000003  2206
5  55.200000000000003  1931
6  45.100000000000001  2091
7  53.299999999999997  2488
8  58.399999999999999  2081
9  58.799999999999997  2054
10  53.0  1863
11  55.700000000000003  2363
12  59.299999999999997  1942
13  59.100000000000001  1785
14  56.0  1736
15  66.599999999999994  1565
16  54.299999999999997  1573
17  65.5  1590
18  61.700000000000003  1850
19  67.900000000000006  1500
20  61.799999999999997  1959
0  34.0  2349
1  53.700000000000003  2173
2  47.299999999999997  2493
3  44.399999999999999  2233
4  44.0  2292
5  72.5  1524
6  45.899999999999999  2361
7  57.200000000000003  2458
8  46.799999999999997  1806
9  56.399999999999999  1964
10  59.600000000000001  1981
11  52.700000000000003  1988
12  57.899999999999999  1806
13  57.600000000000001  1568
14  50.100000000000001  1788
15  61.700000000000003  1693
16  62.700000000000003  1587
17  59.299999999999997  2050
18  68.799999999999997  1526
19  71.799999999999997  1480
20  68.599999999999994  1410
0  39.899999999999999  2571
1  46.700000000000003  2704
2  55.899999999999999  2495
3  54.0  2266
4  49.600000000000001  2504
5  48.799999999999997  2220
6  53.700000000000003  2256
7  51.600000000000001  2131
8  51.100000000000001  2366
9  52.700000000000003  1965
10  57.600000000000001  1696
11  55.600000000000001  1825
12  51.399999999999999  2240
13  62.5  1793
14  65.299999999999997  1505
15  59.5  1914
16  66.700000000000003  1346
17  70.400000000000006  1651
18  66.599999999999994  1647
19  65.099999999999994  1365
20  65.099999999999994  1726
0  44.100000000000001  2538
1  44.5  2889
2  52.399999999999999  2458
3  43.0  2697
4  53.700000000000003  2262
5  42.399999999999999  2254
6  59.600000000000001  1851
7  50.200000000000003  1994
8  59.5  1969
9  56.200000000000003  1976
10  54.600000000000001  1760
11  52.299999999999997  2145
12  54.700000000000003  1494
13  59.0  1734
14  53.399999999999999  1899
15  60.399999999999999  1639
16  55.799999999999997  1294
17  63.100000000000001  1761
18  69.400000000000006  1519
19  61.0  1529
20  66.099999999999994  1601
0  41.799999999999997  2772
1  44.0  2575
2  42.899999999999999  2499
3  40.200000000000003  2500
4  48.700000000000003  2334
5  52.799999999999997  2430
6  69.700000000000003  1982
7  57.299999999999997  2215
8  55.0  1819
9  50.100000000000001  1972
10  59.5  1725
11  66.799999999999997  2043
12  58.5  1858
13  60.0  1871
14  54.399999999999999  1760
15  64.400000000000006  1598
16  51.0  2005
17  69.599999999999994  1830
18  57.200000000000003  1997
19  67.700000000000003  1675
20  68.5  1465
0  45.700000000000003  3072
1  50.700000000000003  2508
2  42.899999999999999  2189
3  38.799999999999997  2609
4  48.5  2567
5  41.399999999999999  2387
6  52.100000000000001  1892
7  46.5  2256
8  47.200000000000003  2128
9  53.299999999999997  2025
10  58.5  2270
11  58.399999999999999  2030
12  59.0  1818
13  60.799999999999997  2141
14  60.5  1609
15  49.799999999999997  1646
16  53.899999999999999  1788
17  58.0  1539
18  71.5  1582
19  67.299999999999997  1583
20  56.600000000000001  1577
0  36.100000000000001  2735
1  44.200000000000003  2321
2  50.399999999999999  2515
3  46.100000000000001  2314
4  21.100000000000001  2202
5  48.700000000000003  2558
6  48.600000000000001  2344
7  56.0  1905
8  49.299999999999997  2128
9  60.600000000000001  1863
10  63.899999999999999  1927
11  64.400000000000006  1792
12  46.399999999999999  1880
13  52.600000000000001  1655
14  60.600000000000001  2200
15  61.600000000000001  1894
16  63.200000000000003  1683
17  53.899999999999999  1687
18  67.0  1641
19  60.899999999999999  1626
20  64.799999999999997  1320
0  49.299999999999997  2637
1  49.700000000000003  2653
2  47.100000000000001  2579
3  48.899999999999999  2536
4  56.100000000000001  2244
5  50.899999999999999  2076
6  51.200000000000003  2384
7  48.399999999999999  2261
8  45.799999999999997  2193
9  44.100000000000001  2154
10  57.899999999999999  2010
11  51.299999999999997  2211
12  47.0  1774
13  60.899999999999999  1556
14  67.799999999999997  1274
15  57.299999999999997  1879
16  58.299999999999997  1539
17  57.600000000000001  1879
18  68.099999999999994  1635
19  58.600000000000001  1561
20  56.200000000000003  1463
0  35.899999999999999  2489
1  39.899999999999999  2864
2  49.0  2368
3  44.0  2301
4  47.0  1908
5  41.899999999999999  2487
6  48.799999999999997  2246
7  53.799999999999997  2331
8  45.299999999999997  2034
9  46.200000000000003  1879
10  46.200000000000003  2051
11  49.399999999999999  2020
12  49.100000000000001  2200
13  59.5  1907
14  58.600000000000001  1726
15  58.799999999999997  1860
16  53.600000000000001  2011
17  62.700000000000003  1743
18  63.0  1665
19  71.5  1218
20  53.399999999999999  1801
0  40.700000000000003  2735
1  34.100000000000001  2669
2  54.700000000000003  2506
3  47.5  2186
4  47.700000000000003  2326
5  47.399999999999999  2191
6  46.5  2608
7  52.100000000000001  2103
8  62.299999999999997  2007
9  58.200000000000003  1619
10  57.100000000000001  2080
11  55.200000000000003  1689
12  55.700000000000003  1687
13  63.100000000000001  2078
14  60.0  1549
15  56.299999999999997  1753
16  61.5  1730
17  61.5  1923
18  64.299999999999997  1324
19  51.100000000000001  1707
20  59.899999999999999  1725
0  41.799999999999997  2595
1  38.700000000000003  2485
2  48.700000000000003  2366
3  53.399999999999999  2330
4  34.799999999999997  2267
5  51.399999999999999  2256
6  56.0  2369
7  58.600000000000001  1949
8  67.0  1975
9  61.200000000000003  1614
10  51.0  1970
11  58.0  2200
12  53.100000000000001  1755
13  61.5  1846
14  57.899999999999999  1589
15  47.399999999999999  1560
16  61.399999999999999  1704
17  65.900000000000006  1586
18  63.600000000000001  1661
19  61.299999999999997  1732
20  75.0  1634
0  44.200000000000003  2503
1  42.700000000000003  2278
2  45.100000000000001  2603
3  49.600000000000001  2336
4  47.899999999999999  2689
5  42.200000000000003  2363
6  47.100000000000001  2186
7  47.600000000000001  2123
8  49.600000000000001  2057
9  47.799999999999997  2032
10  70.799999999999997  1742
11  55.200000000000003  2100
12  58.700000000000003  1570
13  54.600000000000001  1772
14  55.5  1679
15  49.5  1535
16  60.299999999999997  1797
17  59.799999999999997  1951
18  58.799999999999997  1603
19  62.299999999999997  1463
20  61.0  1542
0  41.299999999999997  2840
1  35.799999999999997  2832
2  44.399999999999999  2446
3  53.0  2638
4  48.5  2232
5  51.899999999999999  2431
6  65.599999999999994  2159
7  60.399999999999999  2094
8  51.100000000000001  2029
9  54.899999999999999  1858
10  46.200000000000003  1936
11  58.600000000000001  1936
12  48.399999999999999  2351
13  56.799999999999997  1826
14  58.0  1484
15  52.100000000000001  1747
16  57.700000000000003  1496
17  66.5  1417
18  61.399999999999999  1485
19  48.5  2091
20  70.200000000000003  1674
0  41.200000000000003  2481
1  40.299999999999997  2735
2  49.600000000000001  2417
3  40.799999999999997  2202
4  45.700000000000003  2347
5  41.0  2214
6  50.5  2012
7  52.399999999999999  2062
8  62.5  1997
9  40.0  2154
10  46.299999999999997  1778
11  60.799999999999997  1508
12  45.299999999999997  2147
13  55.700000000000003  1776
14  60.299999999999997  1749
15  61.0  1627
16  65.400000000000006  1506
17  66.700000000000003  1697
18  63.200000000000003  1663
19  74.099999999999994  1170
20  60.299999999999997  1561
0  43.600000000000001  2971
1  33.399999999999999  2358
2  38.600000000000001  2308
3  51.0  2615
4  43.200000000000003  2370
5  61.700000000000003  2087
6  37.5  2008
7  48.399999999999999  2455
8  56.899999999999999  2333
9  60.200000000000003  2174
10  57.899999999999999  1718
11  61.399999999999999  1601
12  59.5  1802
13  61.0  1667
14  60.399999999999999  1417
15  57.399999999999999  1628
16  65.5  1676
17  64.299999999999997  1473
18  53.200000000000003  1901
19  59.100000000000001  1436
20  61.399999999999999  1219
0  37.100000000000001  2150
1  51.299999999999997  2270
2  47.0  2635
3  42.700000000000003  2784
4  44.200000000000003  2141
5  54.0  2286
6  68.700000000000003  1923
7  42.200000000000003  1783
8  62.799999999999997  2114
9  62.799999999999997  2129
10  59.600000000000001  2014
11  58.299999999999997  1710
12  50.299999999999997  1895
13  51.5  1756
14  55.0  1834
15  51.700000000000003  2013
16  65.299999999999997  1827
17  60.0  1691
18  55.299999999999997  1417
19  62.799999999999997  1363
20  63.5  1558
0  33.799999999999997  2421
1  41.899999999999999  2648
2  46.200000000000003  2375
3  50.700000000000003  2200
4  41.600000000000001  2596
5  45.700000000000003  2452
6  54.899999999999999  2195
7  45.5  2246
8  56.0  1968
9  60.600000000000001  1962
10  61.0  1887
11  62.299999999999997  1748
12  59.5  2150
13  64.0  1630
14  53.5  2012
15  52.0  1763
16  67.299999999999997  2037
17  63.399999999999999  1475
18  64.900000000000006  1449
19  63.299999999999997  1881
20  69.400000000000006  1661
0  37.899999999999999  2393
1  37.5  2594
2  45.299999999999997  2354
3  39.100000000000001  2612
4  35.899999999999999  2270
5  46.700000000000003  2026
6  56.5  1914
7  54.200000000000003  2278
8  50.600000000000001  1844
9  54.100000000000001  1936
10  64.400000000000006  1600
11  51.600000000000001  2019
12  58.700000000000003  1811
13  61.299999999999997  1648
14  60.5  1814
15  53.399999999999999  1893
16  56.299999999999997  1812
17  60.600000000000001  1407
18  69.200000000000003  1820
19  59.299999999999997  1671
20  73.0  1277
0  43.0  2630
1  60.299999999999997  2315
2  45.899999999999999  2348
3  49.700000000000003  2208
4  50.0  2199
5  47.399999999999999  2405
6  59.5  2245
7  57.5  2093
8  65.5  2129
9  67.299999999999997  1852
10  63.799999999999997  1846
12  54.799999999999997  1800
13  62.0  2080
14  66.5  1978
15  61.5  1262
16  65.5  1759
17  59.700000000000003  1758
18  64.099999999999994  1839
19  62.700000000000003  1425
20  65.599999999999994  1526
0  46.0  2601
1  56.399999999999999  2541
2  46.5  2462
3  46.200000000000003  2346
4  52.700000000000003  2239
5  43.399999999999999  2037
6  56.0  2075
7  63.100000000000001  2399
8  44.5  1593
9  61.700000000000003  2085
10  48.5  2320
11  59.399999999999999  1950
12  50.0  2221
13  57.299999999999997  1923
14  57.5  1475
15  62.899999999999999  1730
16  52.200000000000003  1793
17  54.799999999999997  1354
18  63.600000000000001  1737
19  60.600000000000001  1737
20  64.099999999999994  1443
0  41.0  2909
1  49.100000000000001  2727
2  45.299999999999997  2892
3  46.799999999999997  2451
4  44.700000000000003  2452
5  53.200000000000003  1952
6  31.0  1892
7  51.100000000000001  2191
8  42.299999999999997  1909
9  50.399999999999999  2073
10  59.700000000000003  1964
11  63.5  2057
12  52.100000000000001  2055
13  51.899999999999999  1692
14  66.400000000000006  1951
15  53.899999999999999  1644
16  59.799999999999997  1711
17  57.899999999999999  1566
18  70.0  1182
19  61.600000000000001  1737
20  55.799999999999997  1858
0  40.100000000000001  2454
1  45.399999999999999  2627
2  43.899999999999999  2455
3  46.5  2201
4  52.5  2282
5  50.899999999999999  2061
6  44.899999999999999  2051
7  46.399999999999999  2286
8  46.200000000000003  1853
9  57.100000000000001  1875
10  44.5  2246
11  55.100000000000001  1761
12  62.299999999999997  2255
13  59.600000000000001  1972
14  64.099999999999994  1492
15  59.799999999999997  2140
16  63.899999999999999  1601
17  63.100000000000001  1939
18  59.399999999999999  1508
19  73.400000000000006  1312
20  74.200000000000003  1236
0  38.100000000000001  2536
1  44.200000000000003  2765
2  40.799999999999997  2828
3  44.299999999999997  2247
4  31.5  2738
5  45.399999999999999  1958
6  53.200000000000003  1899
7  45.700000000000003  2327
8  52.399999999999999  1923
9  61.399999999999999  1690
10  56.100000000000001  2440
11  57.200000000000003  1884
12  57.100000000000001  2096
13  62.600000000000001  1620
14  60.0  1715
15  62.5  1696
16  57.899999999999999  1632
17  70.599999999999994  1675
18  57.399999999999999  1612
19  66.0  1654
20  68.400000000000006  1587
0  41.600000000000001  2389
1  38.700000000000003  2446
2  45.200000000000003  2515
3  45.399999999999999  2223
4  51.600000000000001  2476
5  42.100000000000001  2072
6  54.399999999999999  2327
7  48.899999999999999  1934
8  60.299999999999997  2148
9  56.200000000000003  1925
10  60.299999999999997  2186
11  58.0  2023
12  50.700000000000003  2238
13  55.100000000000001  1845
14  58.0  1507
15  68.400000000000006  1598
16  60.399999999999999  1787
17  65.900000000000006  1530
18  64.400000000000006  1566
19  64.200000000000003  1671
20  68.599999999999994  1146
0  47.600000000000001  2585
1  46.799999999999997  2690
2  51.299999999999997  2279
3  41.399999999999999  2414
4  55.600000000000001  2528
5  53.899999999999999  2599
6  46.100000000000001  2382
7  53.200000000000003  2373
8  46.0  2017
9  58.799999999999997  2080
10  55.100000000000001  2023
11  54.799999999999997  2252
12  66.299999999999997  1955
13  66.200000000000003  1862
14  62.799999999999997  1729
15  63.399999999999999  1724
16  61.0  1911
17  56.899999999999999  1796
18  55.200000000000003  1749
19  72.599999999999994  1490
20  64.099999999999994  1511
0  41.100000000000001  2985
1  40.200000000000003  2842
2  46.600000000000001  2771
3  53.799999999999997  2567
4  51.700000000000003  2463
5  41.600000000000001  2344
6  49.299999999999997  2284
7  58.0  2152
8  51.399999999999999  2070
9  55.700000000000003  2247
10  46.799999999999997  1964
11  66.299999999999997  1759
12  60.100000000000001  1881
13  63.200000000000003  1589
14  59.700000000000003  1540
15  65.099999999999994  1582
16  61.899999999999999  1796
17  48.299999999999997  1759
18  57.700000000000003  1941
19  55.5  1607
20  64.799999999999997  1653
0  42.700000000000003  2626
1  46.0  2404
2  49.100000000000001  2340
3  57.200000000000003  2181
4  45.0  2274
5  47.399999999999999  2210
6  54.299999999999997  2235
7  59.0  2144
8  55.600000000000001  2088
9  58.600000000000001  2015
10  57.799999999999997  1804
11  53.100000000000001  2189
12  54.200000000000003  1908
13  44.899999999999999  1769
14  52.100000000000001  2120
15  57.399999999999999  1384
16  57.399999999999999  1761
17  61.100000000000001  1919
18  62.700000000000003  1532
19  67.5  1719
20  56.700000000000003  1637
0  44.100000000000001  2427
1  44.700000000000003  2596
2  44.799999999999997  2759
3  51.299999999999997  2489
4  45.799999999999997  2213
5  50.0  2624
6  51.200000000000003  2379
7  29.399999999999999  2071
8  64.0  2070
9  61.100000000000001  1909
10  50.899999999999999  2053
11  63.399999999999999  2203
12  49.5  1877
13  59.100000000000001  1799
14  71.400000000000006  1586
15  61.799999999999997  1889
16  51.899999999999999  1662
17  71.400000000000006  1619
18  59.899999999999999  1688
19  62.600000000000001  1630
20  60.0  1283
0  50.399999999999999  2579
1  42.700000000000003  2462
2  47.799999999999997  2644
3  52.0  2573
4  45.200000000000003  2373
5  37.0  2493
6  50.5  2307
7  56.799999999999997  2290
8  56.0  1907
9  53.299999999999997  1928
10  57.0  1923
11  64.200000000000003  1919
12  63.399999999999999  2100
13  56.899999999999999  1827
14  63.5  1753
15  52.100000000000001  1782
16  59.899999999999999  1896
17  58.600000000000001  1653
18  75.299999999999997  1270
19  65.299999999999997  1295
20  62.899999999999999  1674
0  41.399999999999999  2475
1  43.5  2312
2  52.100000000000001  2537
3  40.399999999999999  2291
4  47.299999999999997  2122
5  48.600000000000001  2623
6  47.799999999999997  2219
7  48.5  2275
8  58.399999999999999  2123
9  72.599999999999994  2072
10  61.700000000000003  1997
11  63.700000000000003  2102
12  61.299999999999997  1726
13  57.200000000000003  1830
14  54.799999999999997  1791
15  56.600000000000001  1998
16  62.200000000000003  1685
17  64.099999999999994  1649
18  59.100000000000001  1727
19  69.200000000000003  1902
20  59.200000000000003  1929
0  44.5  2479
1  48.799999999999997  2176
2  45.399999999999999  2508
3  45.600000000000001  2580
4  51.899999999999999  2287
5  46.0  2499
6  43.200000000000003  2134
7  46.299999999999997  2141
8  56.0  2268
9  56.700000000000003  1924
10  53.399999999999999  1798
11  48.100000000000001  1967
12  53.299999999999997  1865
13  64.0  1869
14  56.700000000000003  1901
15  55.899999999999999  1578
16  67.400000000000006  1607
17  53.200000000000003  1693
18  65.299999999999997  1638
19  72.400000000000006  1465
20  61.0  1781
0  38.100000000000001  2683
1  54.899999999999999  2551
2  38.600000000000001  2041
3  44.200000000000003  2574
4  50.899999999999999  2205
5  52.200000000000003  2296
6  54.799999999999997  2402
7  58.899999999999999  2450
8  47.899999999999999  1944
9  51.100000000000001  2012
10  63.299999999999997  2117
11  49.600000000000001  1849
12  67.299999999999997  1701
13  62.200000000000003  1840
14  64.5  1775
15  59.600000000000001  2104
16  71.900000000000006  1676
17  54.399999999999999  1993
18  62.899999999999999  1499
19  54.200000000000003  1962
20  64.599999999999994  1294
