1  59.0  326.0
2  68.0  367.0
3  24.0  397.0
4  32.0  549.0
5  19.0  424.0
6  27.0  486.0
7  43.0  469.0
1  2.0  734.0
2  52.0  288.0
3  26.0  405.0
4  19.0  322.0
5  54.0  486.0
6  54.0  389.0
7  25.0  723.0
1  53.0  396.0
2  51.0  342.0
3  46.0  434.0
4  42.0  533.0
5  41.0  498.0
6  55.0  455.0
7  43.0  409.0
1  56.0  478.0
2  44.0  401.0
3  41.0  428.0
4  27.0  500.0
5  30.0  391.0
6  41.0  607.0
7  29.0  480.0
1  51.0  458.0
2  76.0  356.0
3  52.0  452.0
4  36.0  323.0
5  39.0  412.0
6  35.0  662.0
7  46.0  439.0
1  81.0  352.0
2  20.0  546.0
3  20.0  605.0
4  40.0  508.0
5  38.0  567.0
6  42.0  606.0
7  37.0  514.0
1  46.0  391.0
2  48.0  450.0
3  70.0  405.0
4  8.0  375.0
5  34.0  499.0
6  19.0  464.0
7  37.0  569.0
1  64.0  410.0
2  18.0  304.0
3  22.0  397.0
4  44.0  450.0
5  27.0  430.0
6  11.0  428.0
7  44.0  448.0
1  34.0  370.0
2  42.0  341.0
3  12.0  356.0
4  30.0  427.0
5  64.0  403.0
6  22.0  457.0
7  39.0  330.0
1  21.0  449.0
2  57.0  395.0
3  38.0  409.0
4  31.0  401.0
5  38.0  367.0
6  25.0  448.0
7  30.0  428.0
1  54.0  387.0
2  52.0  410.0
3  28.0  398.0
4  82.0  368.0
5  22.0  544.0
6  39.0  476.0
7  14.0  279.0
1  29.0  628.0
2  38.0  322.0
3  48.0  445.0
4  35.0  383.0
5  23.0  531.0
6  33.0  338.0
7  36.0  422.0
1  66.0  467.0
2  37.0  410.0
3  74.0  414.0
4  44.0  305.0
5  55.0  455.0
6  66.0  444.0
7  35.0  429.0
1  28.0  458.0
2  67.0  422.0
3  73.0  463.0
4  45.0  563.0
5  26.0  450.0
6  18.0  353.0
7  31.0  633.0
1  49.0  303.0
2  37.0  328.0
3  39.0  532.0
4  56.0  539.0
5  47.0  452.0
6  64.0  442.0
7  33.0  396.0
1  35.0  465.0
2  45.0  345.0
3  0.0  243.0
4  31.0  511.0
5  23.0  544.0
6  43.0  505.0
7  32.0  510.0
1  57.0  493.0
2  53.0  374.0
3  63.0  408.0
4  57.0  348.0
5  37.0  370.0
6  37.0  426.0
7  35.0  445.0
1  54.0  527.0
2  34.0  398.0
3  40.0  470.0
4  54.0  506.0
5  72.0  451.0
6  21.0  667.0
7  50.0  369.0
1  15.0  518.0
2  55.0  442.0
3  55.0  391.0
4  35.0  460.0
5  17.0  416.0
6  40.0  368.0
7  41.0  442.0
1  52.0  416.0
2  76.0  372.0
3  23.0  378.0
4  41.0  473.0
5  30.0  438.0
6  49.0  459.0
7  36.0  451.0
1  30.0  445.0
2  69.0  417.0
3  35.0  420.0
4  27.0  597.0
5  36.0  412.0
6  26.0  466.0
7  21.0  705.0
1  17.0  387.0
2  36.0  517.0
3  55.0  535.0
4  35.0  450.0
5  43.0  514.0
6  51.0  431.0
7  18.0  258.0
1  51.0  461.0
2  47.0  596.0
3  23.0  470.0
4  37.0  410.0
5  35.0  549.0
6  33.0  514.0
7  42.0  454.0
1  42.0  479.0
2  48.0  486.0
3  40.0  492.0
4  39.0  583.0
5  21.0  425.0
6  18.0  367.0
7  44.0  422.0
1  59.0  322.0
2  56.0  420.0
3  32.0  542.0
4  36.0  494.0
5  52.0  486.0
6  7.0  297.0
7  27.0  374.0
1  56.0  507.0
2  38.0  464.0
3  48.0  411.0
4  28.0  427.0
5  20.0  470.0
6  22.0  437.0
7  31.0  738.0
1  61.0  410.0
2  60.0  303.0
3  23.0  382.0
4  38.0  506.0
5  33.0  512.0
6  38.0  511.0
7  23.0  591.0
1  75.0  342.0
2  41.0  377.0
3  52.0  389.0
4  60.0  354.0
5  79.0  378.0
6  29.0  476.0
7  63.0  464.0
1  20.0  423.0
2  47.0  468.0
3  42.0  614.0
4  62.0  468.0
5  58.0  440.0
6  24.0  501.0
7  47.0  427.0
1  67.0  369.0
2  35.0  421.0
3  20.0  568.0
4  30.0  479.0
5  41.0  421.0
6  40.0  442.0
7  27.0  377.0
1  46.0  389.0
2  48.0  482.0
3  31.0  572.0
4  45.0  505.0
5  42.0  391.0
6  40.0  452.0
7  42.0  497.0
1  68.0  408.0
2  57.0  497.0
3  65.0  459.0
4  45.0  251.0
5  33.0  456.0
6  24.0  610.0
7  10.0  344.0
1  28.0  266.0
2  38.0  391.0
3  34.0  335.0
4  45.0  383.0
5  48.0  457.0
6  34.0  603.0
7  26.0  335.0
1  43.0  402.0
2  69.0  342.0
3  58.0  418.0
4  66.0  463.0
5  26.0  656.0
6  40.0  431.0
7  22.0  411.0
1  65.0  336.0
2  23.0  180.0
3  42.0  381.0
4  51.0  584.0
5  42.0  485.0
6  45.0  515.0
7  23.0  381.0
1  64.0  385.0
2  49.0  391.0
3  73.0  332.0
4  24.0  436.0
5  41.0  536.0
6  36.0  438.0
7  22.0  509.0
1  31.0  332.0
2  42.0  360.0
3  23.0  448.0
4  59.0  447.0
5  39.0  417.0
6  42.0  523.0
7  37.0  435.0
1  27.0  356.0
2  41.0  345.0
3  70.0  435.0
4  44.0  418.0
5  36.0  292.0
6  20.0  521.0
7  40.0  523.0
1  53.0  319.0
2  11.0  655.0
3  28.0  507.0
4  17.0  422.0
5  56.0  393.0
6  14.0  319.0
7  14.0  387.0
1  46.0  350.0
2  73.0  399.0
3  25.0  459.0
4  59.0  368.0
5  54.0  475.0
6  45.0  441.0
7  21.0  502.0
1  24.0  444.0
2  67.0  431.0
3  26.0  352.0
4  56.0  531.0
5  39.0  460.0
6  27.0  533.0
7  42.0  555.0
1  10.0  451.0
2  20.0  371.0
3  14.0  189.0
4  38.0  594.0
5  29.0  526.0
6  40.0  520.0
7  30.0  463.0
1  18.0  632.0
2  44.0  466.0
3  74.0  401.0
4  47.0  499.0
5  70.0  369.0
6  32.0  411.0
7  20.0  524.0
1  37.0  472.0
2  38.0  258.0
3  48.0  395.0
4  52.0  514.0
5  5.0  461.0
6  41.0  567.0
7  28.0  402.0
1  54.0  341.0
2  19.0  663.0
3  13.0  302.0
4  26.0  498.0
5  29.0  467.0
6  50.0  357.0
7  37.0  531.0
1  51.0  330.0
2  27.0  272.0
3  45.0  441.0
4  26.0  467.0
5  52.0  461.0
6  39.0  395.0
7  55.0  469.0
1  61.0  359.0
2  55.0  430.0
3  33.0  443.0
4  25.0  492.0
5  37.0  392.0
6  31.0  543.0
7  49.0  454.0
1  36.0  565.0
2  55.0  238.0
3  70.0  448.0
4  34.0  394.0
5  38.0  492.0
6  34.0  561.0
7  46.0  535.0
1  53.0  369.0
2  34.0  591.0
3  30.0  330.0
4  52.0  398.0
5  36.0  547.0
6  33.0  357.0
7  35.0  333.0
1  37.0  453.0
2  74.0  353.0
3  46.0  376.0
4  32.0  513.0
5  51.0  495.0
6  53.0  436.0
7  42.0  428.0
1  45.0  446.0
2  39.0  646.0
3  35.0  319.0
4  45.0  488.0
5  27.0  436.0
6  56.0  548.0
7  27.0  533.0
1  22.0  276.0
2  75.0  338.0
3  55.0  426.0
4  32.0  544.0
5  42.0  407.0
6  58.0  397.0
7  36.0  513.0
1  46.0  276.0
2  28.0  521.0
3  57.0  295.0
4  23.0  528.0
5  15.0  492.0
6  34.0  420.0
7  54.0  508.0
1  40.0  285.0
2  46.0  644.0
3  26.0  604.0
4  45.0  414.0
5  22.0  518.0
6  30.0  517.0
7  21.0  792.0
1  30.0  635.0
2  46.0  384.0
3  29.0  511.0
4  16.0  529.0
5  40.0  561.0
6  41.0  533.0
7  30.0  534.0
1  61.0  365.0
2  49.0  526.0
3  27.0  498.0
4  46.0  572.0
5  61.0  456.0
6  37.0  622.0
7  15.0  401.0
1  72.0  346.0
2  47.0  428.0
3  42.0  370.0
4  19.0  423.0
5  41.0  419.0
6  35.0  615.0
7  41.0  448.0
1  25.0  421.0
2  39.0  575.0
3  34.0  339.0
4  40.0  490.0
5  45.0  570.0
6  44.0  402.0
7  19.0  534.0
1  46.0  570.0
2  19.0  280.0
3  59.0  497.0
4  36.0  459.0
5  44.0  451.0
6  25.0  329.0
7  23.0  424.0
1  78.0  348.0
2  19.0  423.0
3  68.0  440.0
4  37.0  415.0
5  52.0  458.0
6  34.0  472.0
7  22.0  591.0
1  42.0  452.0
2  62.0  315.0
3  64.0  404.0
4  27.0  330.0
5  37.0  518.0
6  34.0  438.0
7  46.0  491.0
1  33.0  639.0
2  27.0  540.0
3  45.0  482.0
4  30.0  575.0
5  46.0  431.0
6  41.0  425.0
7  42.0  393.0
1  50.0  466.0
2  13.0  458.0
3  40.0  507.0
4  78.0  365.0
5  22.0  470.0
6  37.0  598.0
7  20.0  392.0
1  28.0  548.0
2  46.0  402.0
3  50.0  501.0
4  18.0  431.0
5  51.0  501.0
6  57.0  446.0
7  60.0  450.0
1  56.0  405.0
2  44.0  389.0
3  24.0  566.0
4  25.0  389.0
5  48.0  398.0
6  23.0  341.0
7  54.0  478.0
1  52.0  448.0
2  38.0  354.0
3  41.0  550.0
4  31.0  564.0
5  39.0  418.0
6  44.0  513.0
7  50.0  450.0
1  57.0  411.0
2  55.0  330.0
3  36.0  569.0
4  44.0  454.0
5  52.0  529.0
6  36.0  426.0
7  30.0  450.0
1  12.0  233.0
2  74.0  333.0
3  16.0  270.0
4  34.0  537.0
5  36.0  510.0
6  41.0  543.0
7  55.0  470.0
1  28.0  645.0
2  70.0  356.0
3  17.0  473.0
4  27.0  525.0
5  33.0  462.0
6  27.0  444.0
7  20.0  363.0
1  29.0  394.0
2  28.0  458.0
3  32.0  482.0
4  41.0  496.0
5  43.0  454.0
6  40.0  573.0
7  74.0  393.0
1  57.0  496.0
2  17.0  535.0
3  42.0  340.0
4  36.0  516.0
5  27.0  502.0
6  35.0  665.0
7  46.0  422.0
1  64.0  437.0
2  51.0  374.0
3  47.0  363.0
4  71.0  425.0
5  39.0  371.0
6  29.0  560.0
7  48.0  440.0
1  84.0  362.0
2  49.0  347.0
3  35.0  365.0
4  26.0  480.0
5  17.0  486.0
6  49.0  488.0
7  21.0  560.0
1  74.0  315.0
2  59.0  470.0
3  21.0  575.0
4  73.0  396.0
5  23.0  537.0
6  41.0  485.0
7  56.0  414.0
1  31.0  495.0
2  38.0  490.0
3  27.0  270.0
4  27.0  458.0
5  69.0  416.0
6  57.0  467.0
7  28.0  463.0
1  27.0  513.0
2  56.0  425.0
3  45.0  460.0
4  37.0  446.0
5  60.0  551.0
6  20.0  298.0
7  50.0  480.0
1  43.0  447.0
2  36.0  231.0
3  44.0  560.0
4  54.0  484.0
5  36.0  577.0
6  27.0  416.0
7  24.0  686.0
1  79.0  387.0
2  44.0  456.0
3  58.0  445.0
4  32.0  541.0
5  43.0  437.0
6  21.0  346.0
7  36.0  379.0
1  53.0  476.0
2  35.0  366.0
3  7.0  209.0
4  62.0  415.0
5  51.0  386.0
6  46.0  498.0
7  25.0  313.0
1  41.0  368.0
2  49.0  380.0
3  68.0  457.0
4  24.0  425.0
5  23.0  555.0
6  43.0  458.0
7  64.0  375.0
1  49.0  389.0
2  36.0  480.0
3  54.0  477.0
4  36.0  448.0
5  56.0  422.0
6  27.0  370.0
7  31.0  422.0
1  73.0  414.0
2  76.0  343.0
3  40.0  471.0
4  35.0  422.0
5  14.0  352.0
6  52.0  568.0
7  25.0  431.0
1  41.0  379.0
2  49.0  401.0
3  57.0  430.0
4  36.0  342.0
5  59.0  415.0
6  36.0  325.0
7  69.0  418.0
1  37.0  356.0
2  63.0  398.0
3  51.0  291.0
4  19.0  418.0
5  39.0  319.0
6  35.0  489.0
7  46.0  528.0
1  44.0  497.0
2  27.0  292.0
3  27.0  460.0
4  53.0  504.0
5  35.0  462.0
6  13.0  449.0
7  27.0  299.0
1  15.0  693.0
2  53.0  440.0
3  35.0  511.0
4  25.0  424.0
5  24.0  496.0
6  26.0  396.0
7  12.0  264.0
1  89.0  277.0
2  61.0  397.0
3  31.0  413.0
4  32.0  411.0
5  48.0  471.0
6  42.0  595.0
7  44.0  443.0
1  54.0  450.0
2  23.0  438.0
3  35.0  506.0
4  41.0  305.0
5  41.0  452.0
6  62.0  478.0
7  32.0  489.0
1  70.0  417.0
2  29.0  403.0
3  70.0  347.0
4  56.0  404.0
5  19.0  444.0
6  40.0  550.0
7  29.0  286.0
1  35.0  537.0
2  21.0  494.0
3  50.0  367.0
4  40.0  495.0
5  62.0  473.0
6  50.0  410.0
7  26.0  560.0
1  21.0  545.0
2  60.0  432.0
3  35.0  309.0
4  39.0  464.0
5  53.0  445.0
6  27.0  381.0
7  27.0  395.0
1  69.0  437.0
2  74.0  444.0
3  60.0  520.0
4  43.0  262.0
5  21.0  332.0
6  24.0  236.0
7  32.0  628.0
1  84.0  325.0
2  64.0  457.0
3  28.0  582.0
4  52.0  473.0
5  32.0  460.0
6  68.0  429.0
7  37.0  471.0
1  74.0  304.0
2  61.0  477.0
3  35.0  473.0
4  37.0  376.0
5  27.0  473.0
6  18.0  430.0
7  38.0  502.0
1  23.0  242.0
2  58.0  405.0
3  43.0  431.0
4  43.0  522.0
5  40.0  604.0
6  32.0  392.0
7  30.0  533.0
1  50.0  499.0
2  41.0  443.0
3  13.0  576.0
4  31.0  329.0
5  40.0  492.0
6  40.0  397.0
7  44.0  487.0
1  51.0  380.0
2  44.0  298.0
3  69.0  438.0
4  23.0  554.0
5  29.0  461.0
6  60.0  386.0
7  58.0  341.0
1  29.0  220.0
2  55.0  478.0
3  29.0  520.0
4  54.0  461.0
5  27.0  552.0
6  52.0  410.0
7  38.0  491.0
1  66.0  475.0
2  14.0  429.0
3  47.0  366.0
4  29.0  450.0
5  33.0  550.0
6  21.0  618.0
7  31.0  428.0
1  63.0  337.0
2  33.0  471.0
3  18.0  375.0
4  33.0  419.0
5  33.0  328.0
6  16.0  344.0
7  36.0  397.0
