2  54.0  558
4  58.5  1037
6  52.666666666666664  1294
8  53.0  1643
10  41.5  1906
12  49.583333333333336  2423
14  48.285714285714285  2725
16  52.4375  3270
18  49.055555555555557  3170
20  44.799999999999997  3888
2  64.5  397
4  76.5  793
6  65.833333333333329  970
8  47.625  1832
10  58.799999999999997  2255
12  52.833333333333336  2722
14  48.0  2469
16  56.375  3616
18  50.0  3205
20  53.600000000000001  3702
2  56.0  502
4  42.25  1269
6  53.166666666666664  1366
8  40.5  2124
10  51.600000000000001  2271
12  56.5  2589
14  48.857142857142854  2908
16  59.1875  3260
18  46.777777777777779  3432
20  49.950000000000003  3638
2  77.5  430
4  66.0  827
6  71.333333333333329  966
8  58.875  1730
10  57.299999999999997  2024
12  55.666666666666664  2574
14  49.928571428571431  2477
16  51.1875  3572
18  48.722222222222221  3805
20  53.549999999999997  3674
2  59.0  545
4  59.75  977
6  66.333333333333329  1274
8  56.5  1624
10  46.0  2317
12  56.75  2634
14  50.0  2892
16  50.75  3227
18  58.0  3458
20  49.049999999999997  3637
2  34.5  694
4  78.25  698
6  57.166666666666664  1367
8  54.5  1934
10  60.399999999999999  2537
12  61.166666666666664  2485
14  42.714285714285715  2682
16  57.125  3456
18  50.444444444444443  3365
20  48.399999999999999  3853
2  75.0  415
4  59.25  1165
6  47.333333333333336  1549
8  63.875  1445
10  59.700000000000003  2035
12  45.333333333333336  2464
14  58.357142857142854  2792
16  50.5  3628
18  52.666666666666664  2933
20  44.25  3639
2  58.5  519
4  67.75  939
6  62.166666666666664  1514
8  54.75  1700
10  51.799999999999997  2411
12  61.166666666666664  2760
14  49.571428571428569  3017
16  46.875  3303
18  45.5  3538
20  49.399999999999999  3798
2  81.5  400
4  64.5  1118
6  45.166666666666664  1596
8  50.625  1796
10  53.5  2658
12  53.5  2440
14  48.071428571428569  3240
16  46.3125  3342
18  52.222222222222221  3253
20  46.75  4029
2  72.0  382
4  81.25  810
6  70.5  1175
8  54.875  1996
10  61.299999999999997  1949
12  60.916666666666664  2914
14  57.785714285714285  2729
16  49.625  3347
18  46.0  3868
20  50.399999999999999  4162
2  83.0  263
4  57.0  1041
6  54.0  1276
8  63.5  1563
10  62.100000000000001  2270
12  63.0  2486
14  52.785714285714285  2866
16  55.125  3068
18  48.055555555555557  3677
20  49.549999999999997  3856
2  90.5  275
4  72.0  572
6  59.166666666666664  1226
8  54.875  1656
10  52.200000000000003  1993
12  55.583333333333336  2494
14  49.785714285714285  2963
16  53.75  3303
18  45.777777777777779  3558
20  52.350000000000001  3500
2  38.5  519
4  72.25  873
6  53.333333333333336  1491
8  58.625  2113
10  50.0  2222
12  48.666666666666664  2773
14  55.428571428571431  2784
16  42.75  3257
18  53.722222222222221  3528
20  53.25  3624
2  79.0  480
4  68.5  882
6  65.5  1412
8  51.625  2063
10  63.899999999999999  2113
12  50.333333333333336  2359
14  60.928571428571431  2630
16  48.6875  3497
18  48.944444444444443  3646
20  48.5  3614
2  39.5  589
4  67.5  861
6  60.333333333333336  1647
8  45.75  1879
10  59.600000000000001  2036
12  60.25  1908
14  53.5  3038
16  50.1875  3524
18  43.111111111111114  2937
20  48.0  3822
2  71.0  417
4  67.5  843
6  56.833333333333336  1557
8  60.125  1546
10  48.899999999999999  2234
12  48.166666666666664  2649
14  49.571428571428569  2588
16  53.5625  3218
18  45.611111111111114  3404
20  47.799999999999997  3438
2  71.5  618
4  62.25  950
6  70.0  1509
8  56.125  1725
10  55.0  1861
12  51.916666666666664  2318
14  55.071428571428569  2851
16  54.5625  3408
18  49.722222222222221  3252
20  55.299999999999997  3473
2  63.5  358
4  68.0  964
6  49.833333333333336  1496
8  57.625  1906
10  67.200000000000003  2327
12  61.333333333333336  2813
14  41.285714285714285  2672
16  58.5625  2938
18  47.888888888888886  3585
20  48.75  3782
2  67.5  492
4  70.25  950
6  58.833333333333336  1382
8  47.125  1734
10  58.0  2199
12  61.666666666666664  2586
14  49.857142857142854  2696
16  55.6875  3417
18  54.111111111111114  3799
20  55.549999999999997  3895
2  69.5  451
4  59.25  774
6  56.166666666666664  1441
8  61.875  1786
10  61.200000000000003  1935
12  55.666666666666664  2309
14  59.357142857142854  2778
16  52.4375  3425
18  48.833333333333336  3647
20  47.149999999999999  3605
2  73.5  372
4  42.75  1183
6  65.5  1188
8  55.25  1855
10  50.5  2450
12  44.666666666666664  2697
14  53.0  2673
16  47.3125  2992
18  49.055555555555557  3326
20  54.5  3836
2  69.0  569
4  75.0  998
6  62.5  1425
8  50.375  1833
10  69.599999999999994  1991
12  58.833333333333336  2455
14  54.642857142857146  2810
16  41.5625  3118
18  49.0  3265
20  53.200000000000003  3633
2  74.0  478
4  48.5  932
6  59.166666666666664  1429
8  55.375  1662
10  62.200000000000003  2681
12  63.583333333333336  2627
14  48.214285714285715  2921
16  55.4375  3077
18  44.833333333333336  3646
20  51.350000000000001  3863
2  68.5  408
4  59.5  1082
6  57.5  1184
8  52.5  2002
10  66.299999999999997  2108
12  52.583333333333336  2734
14  54.285714285714285  3403
16  48.4375  3368
18  49.277777777777779  3527
20  52.649999999999999  3700
2  72.5  495
4  55.75  1163
6  59.0  1379
8  55.5  1661
10  58.700000000000003  2210
12  49.083333333333336  2515
14  58.642857142857146  2967
16  55.875  3103
18  46.777777777777779  3753
20  42.399999999999999  3708
2  43.5  682
4  78.5  663
6  66.0  1547
8  47.75  1907
10  49.700000000000003  2758
12  50.75  2812
14  59.857142857142854  2688
16  50.5  2973
18  50.888888888888886  3292
20  49.649999999999999  3349
2  66.5  495
4  57.75  1083
6  62.666666666666664  1515
8  54.375  1900
10  56.899999999999999  2247
12  53.666666666666664  2798
14  49.428571428571431  2525
16  40.25  2994
18  54.111111111111114  3763
20  44.649999999999999  3975
2  50.5  567
4  68.0  985
6  57.0  1037
8  58.0  1904
10  54.399999999999999  2154
12  52.5  2301
14  54.785714285714285  2910
16  49.75  2929
18  50.444444444444443  3177
20  51.649999999999999  3773
2  25.0  385
4  54.5  833
6  68.666666666666671  1455
8  64.125  1684
10  41.299999999999997  1857
12  44.166666666666664  2638
14  53.428571428571431  3002
16  40.5  3027
18  58.111111111111114  3426
20  52.549999999999997  4168
2  78.5  488
4  71.5  844
6  51.833333333333336  1144
8  56.375  1844
10  56.600000000000001  1784
12  56.583333333333336  2805
14  55.428571428571431  2724
16  53.4375  3389
18  51.833333333333336  3664
20  48.700000000000003  3766
2  70.5  439
4  57.0  698
6  60.833333333333336  1345
8  60.625  1619
10  60.200000000000003  2030
12  56.5  2586
14  51.5  2564
16  51.5625  3729
18  48.111111111111114  3512
20  52.200000000000003  3725
2  85.5  316
4  66.75  1143
6  58.166666666666664  1216
8  62.125  1517
10  58.299999999999997  1884
12  53.25  2494
14  57.785714285714285  2873
16  44.0625  3534
18  55.0  3271
20  39.850000000000001  3432
2  70.5  544
4  54.0  1377
6  68.333333333333329  1494
8  55.125  1959
10  55.799999999999997  2528
12  64.833333333333329  2714
14  56.714285714285715  3095
16  53.0  3134
18  45.944444444444443  3170
20  51.399999999999999  3579
2  61.0  508
4  52.0  738
6  43.333333333333336  1706
8  68.0  1831
10  57.5  2064
12  58.583333333333336  2243
14  53.285714285714285  2702
16  48.4375  3525
18  42.277777777777779  3630
20  50.5  3792
2  76.0  455
4  52.0  1061
6  59.166666666666664  1337
8  56.375  1781
10  64.5  2135
12  55.75  2634
14  50.5  2658
16  48.0625  3153
18  41.666666666666664  3838
20  46.649999999999999  3946
2  52.0  342
4  73.25  847
6  59.0  1693
8  62.375  1661
10  62.0  2169
12  47.166666666666664  2545
14  44.214285714285715  2800
16  50.3125  3138
18  42.888888888888886  3480
20  44.850000000000001  3580
2  62.5  386
4  50.0  821
6  53.166666666666664  1622
8  53.5  1705
10  64.099999999999994  2229
12  55.5  2347
14  56.642857142857146  2913
16  49.6875  3610
18  50.444444444444443  3688
20  49.149999999999999  4006
2  59.5  449
4  71.75  648
6  66.0  1258
8  71.5  1633
10  53.0  2165
12  55.416666666666664  2135
14  49.214285714285715  2772
16  39.625  2568
18  47.222222222222221  3307
20  47.450000000000003  3608
2  73.0  432
4  64.5  1159
6  44.833333333333336  1724
8  65.0  1798
10  55.0  2125
12  60.5  2480
14  51.785714285714285  3030
16  44.875  3524
18  48.666666666666664  3751
20  46.149999999999999  3865
2  28.0  722
4  80.25  780
6  50.333333333333336  1449
8  55.0  1551
10  59.799999999999997  2312
12  46.416666666666664  2604
14  55.0  3008
16  40.1875  3013
18  43.055555555555557  3858
20  39.100000000000001  3643
2  70.0  460
4  54.0  874
6  72.0  1157
8  54.125  1935
10  46.200000000000003  2193
12  52.0  2370
14  61.071428571428569  2711
16  50.0625  3472
18  55.777777777777779  3621
20  40.149999999999999  3694
2  65.5  435
4  81.5  648
6  47.833333333333336  1542
8  59.625  1662
10  63.600000000000001  1667
12  50.75  2852
14  51.857142857142854  3261
16  52.5625  3512
18  53.277777777777779  3679
20  46.100000000000001  3640
2  81.0  304
4  71.75  777
6  57.666666666666664  1462
8  42.375  2033
10  55.5  2060
12  49.166666666666664  2292
14  49.214285714285715  3553
16  54.8125  3142
18  55.833333333333336  3501
20  74.400000000000006  2596
2  76.0  363
4  60.25  777
6  47.666666666666664  1607
8  57.125  1586
10  59.0  1946
12  57.5  2498
14  54.428571428571431  2784
16  51.25  3050
18  51.888888888888886  3766
20  39.700000000000003  4083
2  66.5  492
4  56.25  864
6  61.5  1274
8  64.75  1741
10  54.700000000000003  2149
12  56.416666666666664  2699
14  46.928571428571431  2982
16  56.125  3208
18  49.333333333333336  3780
20  48.649999999999999  4062
2  64.0  710
4  56.5  806
6  74.833333333333329  939
8  52.875  1852
10  57.200000000000003  2128
12  62.416666666666664  2602
14  43.5  3076
16  44.0  3171
18  48.166666666666664  3115
20  53.350000000000001  3561
2  63.0  430
4  61.75  1063
6  57.333333333333336  1619
8  50.375  1659
10  58.399999999999999  1931
12  54.0  2631
14  44.214285714285715  2890
16  53.0625  3350
18  44.777777777777779  3054
20  43.5  3719
2  78.5  488
4  73.5  970
6  48.0  1115
8  54.5  1727
10  50.799999999999997  2035
12  58.666666666666664  2154
14  56.0  2765
16  54.75  3441
18  44.555555555555557  3364
20  51.399999999999999  3753
2  67.0  419
4  62.75  624
6  54.166666666666664  1569
8  65.75  1583
10  40.600000000000001  1737
12  56.416666666666664  2376
14  51.071428571428569  3034
16  50.0  3301
18  57.777777777777779  3286
20  53.600000000000001  3866
2  47.0  569
4  54.5  1186
6  75.0  1272
8  57.5  1779
10  54.399999999999999  2570
12  57.583333333333336  2464
14  58.857142857142854  3015
16  55.5625  3142
18  53.777777777777779  3044
20  53.5  3731
2  87.0  329
4  79.5  682
6  61.666666666666664  1633
8  55.75  1638
10  60.799999999999997  2119
12  54.5  2642
14  48.857142857142854  3130
16  58.0  3251
18  58.166666666666664  3329
20  43.399999999999999  3691
2  73.0  491
4  55.25  1051
6  52.333333333333336  1578
8  47.625  1829
10  63.799999999999997  1825
12  49.25  2559
14  54.357142857142854  2626
16  56.1875  3195
18  44.111111111111114  2984
20  49.549999999999997  3770
2  54.0  604
4  64.25  824
6  61.833333333333336  1167
8  48.125  1921
10  59.0  2471
12  49.583333333333336  2697
14  53.642857142857146  3009
16  45.125  3321
18  54.388888888888886  3742
20  50.299999999999997  3644
2  46.5  391
4  62.0  833
6  63.833333333333336  1363
8  56.375  2025
10  54.799999999999997  2603
12  59.416666666666664  2410
14  57.571428571428569  2914
16  52.8125  3247
18  46.833333333333336  3754
20  40.850000000000001  3463
2  67.5  441
4  56.25  1203
6  69.833333333333329  1210
8  65.375  1331
10  53.0  1965
12  52.5  2811
14  51.428571428571431  2644
16  53.1875  3226
18  46.5  3271
20  48.200000000000003  4119
2  64.0  469
4  66.5  822
6  91.166666666666671  691
8  53.25  2264
10  49.899999999999999  2135
12  50.166666666666664  2277
14  51.071428571428569  3033
16  50.25  3095
18  48.166666666666664  3810
20  48.899999999999999  3647
2  65.0  529
4  64.0  535
6  54.666666666666664  1436
8  51.75  1696
10  54.200000000000003  1999
12  52.166666666666664  2460
14  53.142857142857146  2708
16  49.625  2909
18  55.444444444444443  3317
20  46.149999999999999  3958
2  71.0  522
4  64.5  1017
6  50.5  1437
8  61.5  1772
10  52.899999999999999  2211
12  55.083333333333336  2633
14  61.071428571428569  2576
16  49.6875  2902
18  40.166666666666664  3870
20  51.5  3717
2  66.0  315
4  55.75  1033
6  70.0  1124
8  58.25  1910
10  65.5  2131
12  56.333333333333336  2791
14  55.857142857142854  3134
16  49.8125  3421
18  52.833333333333336  3299
20  50.0  3513
2  58.0  657
4  85.0  692
6  61.166666666666664  1488
8  60.375  1700
10  58.100000000000001  2044
12  60.083333333333336  2672
14  54.714285714285715  2668
16  44.25  3261
18  51.444444444444443  3329
20  53.700000000000003  3678
2  32.0  552
4  74.75  982
6  70.5  1135
8  52.5  2032
10  60.200000000000003  2009
12  59.0  2640
14  56.285714285714285  2848
16  49.3125  3483
18  53.388888888888886  3681
20  41.799999999999997  3736
2  51.5  503
4  46.25  1032
6  51.666666666666664  1785
8  45.125  1851
10  53.399999999999999  2269
12  52.75  2304
14  46.5  3022
16  49.0625  2775
18  48.666666666666664  3402
20  47.649999999999999  3537
2  88.0  295
4  60.25  868
6  56.5  1818
8  58.25  1780
10  60.5  2452
12  61.333333333333336  2656
14  47.571428571428569  3035
16  59.125  3117
18  50.388888888888886  3517
20  48.649999999999999  3650
2  67.0  449
4  82.0  745
6  56.0  1459
8  55.625  1639
10  56.299999999999997  2108
12  52.0  2549
14  49.357142857142854  2555
16  52.75  3006
18  50.666666666666664  3806
20  45.100000000000001  4052
2  46.0  926
4  63.75  821
6  56.833333333333336  1224
8  51.5  2085
10  50.0  1910
12  52.833333333333336  2384
14  42.642857142857146  3446
16  46.75  3457
18  57.666666666666664  3490
20  47.100000000000001  3648
2  59.0  487
4  65.25  871
6  70.5  1318
8  64.125  1502
10  52.0  2191
12  59.833333333333336  2546
14  50.357142857142854  2693
16  55.4375  3036
18  52.944444444444443  3736
20  48.950000000000003  3733
2  68.0  406
4  59.5  1037
6  56.666666666666664  1561
8  62.125  1648
10  59.399999999999999  1957
12  61.5  2331
14  61.0  2778
16  46.1875  3111
18  53.888888888888886  3641
20  55.25  3819
2  61.0  514
4  60.5  998
6  61.5  1716
8  68.75  1680
10  56.5  1978
12  57.75  2833
14  40.428571428571431  3014
16  52.3125  3147
18  52.111111111111114  3560
20  51.299999999999997  4011
2  72.0  501
4  56.25  1106
6  56.833333333333336  1226
8  59.0  1748
10  50.5  2032
12  57.25  2781
14  45.428571428571431  2963
16  44.5625  3129
18  50.555555555555557  3577
20  47.600000000000001  3915
2  55.0  891
4  59.25  1241
6  71.833333333333329  1151
8  72.25  1696
10  62.200000000000003  2119
12  54.333333333333336  2727
14  44.0  3389
16  54.75  3011
18  51.166666666666664  3353
20  47.5  3493
2  54.5  699
4  36.0  1348
6  55.833333333333336  1458
8  56.375  1998
10  57.5  2214
12  52.666666666666664  2421
14  57.357142857142854  2946
16  51.1875  3286
18  45.944444444444443  3137
20  47.25  3799
2  84.5  370
4  65.75  980
6  68.166666666666671  1244
8  65.5  2129
10  46.399999999999999  2093
12  56.25  2511
14  55.714285714285715  3170
16  48.0625  3105
18  42.888888888888886  3470
20  45.350000000000001  3604
2  61.5  579
4  50.25  1052
6  54.166666666666664  1504
8  50.875  1826
10  61.0  2074
12  53.583333333333336  2305
14  52.428571428571431  3324
16  37.9375  2966
18  48.5  3398
20  47.0  3807
2  72.5  596
4  59.0  973
6  70.666666666666671  1424
8  45.875  1625
10  53.100000000000001  2022
12  49.666666666666664  2385
14  49.071428571428569  3227
16  48.0  3043
18  51.111111111111114  3632
20  45.549999999999997  3424
2  50.0  593
4  48.25  1116
6  64.5  1205
8  63.625  1731
10  54.299999999999997  2477
12  51.333333333333336  2243
14  43.5  2969
16  50.0625  3387
18  46.555555555555557  3856
20  45.450000000000003  3565
2  75.0  341
4  64.5  1166
6  60.666666666666664  1533
8  62.25  1776
10  55.0  2121
12  53.5  2309
14  51.285714285714285  3227
16  54.0  3241
18  52.666666666666664  3441
20  50.149999999999999  4130
2  69.5  555
4  68.0  841
6  59.0  1260
8  62.75  1675
10  55.799999999999997  2253
12  53.5  2810
14  53.357142857142854  2604
16  48.75  3296
18  45.833333333333336  3772
20  45.799999999999997  4107
2  82.0  359
4  70.0  1006
6  61.0  1289
8  51.375  1679
10  61.0  1893
12  59.25  2678
14  49.071428571428569  3141
16  51.4375  3143
18  55.833333333333336  3671
20  47.899999999999999  3834
2  64.5  695
4  58.25  685
6  45.166666666666664  1608
8  57.875  1831
10  54.899999999999999  2057
12  65.5  2658
14  49.142857142857146  2731
16  51.125  3471
18  45.166666666666664  3430
20  49.100000000000001  3889
2  64.0  554
4  69.25  849
6  58.5  1404
8  52.25  2424
10  49.0  2166
12  54.75  2505
14  51.214285714285715  3043
16  53.1875  3269
18  49.055555555555557  3515
20  45.549999999999997  3701
2  74.5  289
4  66.75  1069
6  53.5  1420
8  58.5  2141
10  46.700000000000003  2292
12  53.25  2302
14  56.285714285714285  3172
16  59.25  3137
18  51.277777777777779  3629
20  43.200000000000003  4003
2  69.5  542
4  63.75  886
6  49.833333333333336  1281
8  57.125  2196
10  55.200000000000003  2297
12  58.0  2298
14  55.642857142857146  2800
16  52.0  3026
18  47.722222222222221  3350
20  52.850000000000001  3753
2  60.5  594
4  75.75  879
6  55.5  1409
8  51.25  1615
10  56.100000000000001  2358
12  63.416666666666664  2647
14  49.785714285714285  2861
16  49.1875  3034
18  56.444444444444443  3282
20  50.899999999999999  3645
2  58.5  418
4  50.5  936
6  58.333333333333336  1353
8  48.5  1998
10  46.200000000000003  1926
12  54.916666666666664  2664
14  46.571428571428569  2990
16  45.625  3085
18  50.777777777777779  3856
20  47.049999999999997  3562
2  75.0  415
4  72.0  955
6  53.0  1507
8  54.5  1785
10  52.5  2050
12  58.333333333333336  2373
14  53.142857142857146  3195
16  48.875  2861
18  54.944444444444443  3209
20  52.0  3440
2  43.5  598
4  59.75  1005
6  61.666666666666664  1042
8  53.5  2185
10  56.899999999999999  2385
12  57.5  2541
14  47.142857142857146  3045
16  54.75  3175
18  44.444444444444443  3921
20  49.700000000000003  3607
2  74.5  545
4  55.25  989
6  71.833333333333329  1336
8  66.25  1698
10  52.299999999999997  2182
12  56.5  2475
14  57.571428571428569  2866
16  52.8125  3226
18  52.333333333333336  3552
20  44.049999999999997  3941
2  67.5  463
4  70.75  916
6  60.666666666666664  1526
8  55.375  2011
10  59.399999999999999  2228
12  44.833333333333336  2746
14  52.428571428571431  2716
16  50.0  2970
18  48.888888888888886  3479
20  50.399999999999999  3843
2  81.0  337
4  60.0  1033
6  47.166666666666664  1444
8  53.125  2196
10  51.899999999999999  1795
12  61.666666666666664  2300
14  61.928571428571431  3109
16  54.8125  2934
18  47.5  3395
20  43.5  3617
2  61.5  432
4  79.0  375
6  64.5  1482
8  58.875  1839
10  65.599999999999994  2150
12  58.916666666666664  2634
14  52.785714285714285  3089
16  51.6875  3111
18  48.888888888888886  3479
20  42.850000000000001  3596
2  79.5  409
4  60.0  1004
6  74.0  1338
8  58.875  1850
10  60.399999999999999  2107
12  51.333333333333336  2435
14  56.357142857142854  2768
16  52.25  3332
18  53.555555555555557  3261
20  53.649999999999999  3757
2  47.0  459
4  52.75  1092
6  57.666666666666664  1615
8  61.125  1738
10  51.5  1942
12  46.333333333333336  3222
14  48.785714285714285  2916
16  52.875  3289
18  46.055555555555557  3616
20  40.850000000000001  4020
2  54.5  855
4  56.25  874
6  43.666666666666664  1466
8  56.5  1895
10  57.700000000000003  2199
12  52.916666666666664  2369
14  52.928571428571431  2991
16  51.625  3673
18  51.333333333333336  3185
20  47.399999999999999  3527
2  62.0  439
4  52.0  909
6  64.0  1271
8  53.25  1697
10  63.100000000000001  1792
12  53.333333333333336  2330
14  48.785714285714285  3341
16  52.125  3034
18  46.777777777777779  3348
20  49.25  4093
2  60.5  467
4  50.0  1025
6  53.333333333333336  1441
8  52.375  1979
10  62.0  2253
12  61.583333333333336  2267
14  55.214285714285715  3211
16  57.6875  3425
18  48.277777777777779  3408
20  51.899999999999999  3682
2  65.0  467
4  80.5  873
6  62.666666666666664  1396
8  53.375  1732
10  56.299999999999997  2445
12  62.333333333333336  2393
14  55.785714285714285  3175
16  56.5625  3244
18  52.222222222222221  3688
20  45.700000000000003  3692
2  54.0  622
4  72.5  778
6  54.833333333333336  1572
8  63.25  1688
10  54.899999999999999  2163
12  54.083333333333336  2348
14  55.928571428571431  2822
16  59.875  3137
18  52.5  3171
20  49.850000000000001  3815
2  47.0  547
4  67.75  1130
6  55.333333333333336  1461
8  54.875  1939
10  61.600000000000001  2116
12  51.666666666666664  2640
14  50.857142857142854  2826
16  57.25  3323
18  44.833333333333336  3704
20  48.350000000000001  3941
2  85.0  245
4  68.0  890
6  66.0  1365
8  56.125  1527
10  47.100000000000001  2134
12  51.166666666666664  2691
14  56.714285714285715  2623
16  47.25  3191
18  52.055555555555557  3142
20  48.950000000000003  3723
2  62.0  575
4  66.25  799
6  55.833333333333336  1501
8  56.375  2117
10  44.399999999999999  1986
12  54.916666666666664  2530
14  55.785714285714285  2954
16  50.1875  3169
18  51.222222222222221  3710
20  51.350000000000001  3551
