1  60.0  94180.0
1  6.0  99418.0
1  72.0  93017.0
1  18.0  98256.0
1  0.0  100000.0
1  107.0  89630.0
1  136.0  86812.0
1  76.0  92629.0
1  82.0  92046.0
1  85.0  91760.0
1  158.0  84678.0
1  94.0  90883.0
1  49.0  95249.0
1  141.0  86330.0
1  72.0  93029.0
1  112.0  89137.0
1  96.0  90690.0
1  25.0  97575.0
1  48.0  95346.0
1  126.0  87793.0
1  0.0  100000.0
1  26.0  97478.0
1  52.0  94956.0
1  84.0  91852.0
1  121.0  88266.0
1  315.0  69447.0
1  114.0  88948.0
1  72.0  93018.0
1  77.0  92531.0
1  97.0  90597.0
1  81.0  92148.0
1  86.0  91659.0
1  84.0  91852.0
1  46.0  95539.0
1  138.0  86614.0
1  33.0  96880.0
1  201.0  80504.0
1  0.0  100000.0
1  107.0  89688.0
1  51.0  95053.0
1  119.0  88457.0
1  102.0  90106.0
1  78.0  92435.0
1  1.0  99903.0
1  110.0  89335.0
1  79.0  92338.0
1  32.0  96897.0
1  125.0  87876.0
1  42.0  95927.0
1  146.0  85840.0
1  152.0  85257.0
1  0.0  100000.0
1  60.0  94182.0
1  0.0  100000.0
1  24.0  97672.0
1  79.0  92343.0
1  58.0  94378.0
1  70.0  93211.0
1  16.0  98448.0
1  108.0  89524.0
1  0.0  100000.0
1  95.0  90786.0
1  56.0  94573.0
1  178.0  82739.0
1  26.0  97478.0
1  89.0  91370.0
1  24.0  97672.0
1  0.0  100000.0
1  0.0  100000.0
1  20.0  98066.0
1  30.0  97090.0
1  7.0  99321.0
1  12.0  98836.0
1  165.0  83997.0
1  78.0  92434.0
1  3.0  99709.0
1  0.0  100000.0
1  108.0  89529.0
1  82.0  92050.0
1  6.0  99418.0
1  99.0  90402.0
1  30.0  97091.0
1  94.0  90883.0
1  95.0  90790.0
1  129.0  87488.0
1  198.0  80806.0
1  98.0  90495.0
1  52.0  94959.0
1  72.0  93016.0
1  31.0  96994.0
1  215.0  79189.0
1  100.0  90306.0
1  42.0  95926.0
1  107.0  89635.0
1  4.0  99612.0
1  301.0  70815.0
1  30.0  97092.0
1  165.0  83996.0
1  172.0  83320.0
1  78.0  92438.0
1  0.0  100000.0
1  0.0  100000.0
1  44.0  95733.0
1  198.0  80801.0
1  81.0  92143.0
1  87.0  91563.0
1  129.0  87489.0
1  71.0  93115.0
1  0.0  100000.0
1  67.0  93501.0
1  74.0  92826.0
1  1.0  99903.0
1  172.0  83323.0
1  96.0  90688.0
1  84.0  91854.0
1  9.0  99128.0
1  97.0  90600.0
1  85.0  91761.0
1  74.0  92827.0
1  78.0  92434.0
1  215.0  79148.0
1  106.0  89720.0
1  139.0  86553.0
1  88.0  91478.0
1  245.0  76256.0
1  157.0  84776.0
1  18.0  98254.0
1  112.0  89136.0
1  78.0  92440.0
1  32.0  96896.0
1  53.0  94860.0
1  42.0  95926.0
1  108.0  89525.0
1  41.0  96024.0
1  165.0  83995.0
1  70.0  93213.0
1  0.0  100000.0
1  171.0  83416.0
1  6.0  99418.0
1  13.0  98739.0
1  240.0  76732.0
1  12.0  98836.0
1  153.0  85161.0
1  192.0  81377.0
1  127.0  87681.0
1  71.0  93117.0
1  216.0  79060.0
1  32.0  96898.0
1  15.0  98546.0
1  85.0  91757.0
1  18.0  98255.0
1  107.0  89742.0
1  54.0  94762.0
1  70.0  93213.0
1  52.0  94966.0
1  5.0  99516.0
1  98.0  90495.0
1  25.0  97575.0
1  112.0  89137.0
1  1.0  99903.0
1  57.0  94473.0
1  374.0  63723.0
1  0.0  100000.0
1  22.0  97866.0
1  137.0  86713.0
1  166.0  83904.0
1  5.0  99515.0
1  7.0  99321.0
1  142.0  86227.0
1  0.0  100000.0
1  34.0  96705.0
1  23.0  97769.0
1  61.0  94083.0
1  173.0  83228.0
1  123.0  88072.0
1  42.0  95926.0
1  136.0  86812.0
1  14.0  98643.0
1  141.0  86326.0
1  47.0  95441.0
1  76.0  92631.0
1  0.0  100000.0
1  78.0  92442.0
1  65.0  93704.0
1  73.0  92920.0
1  35.0  96614.0
1  187.0  81864.0
1  11.0  98934.0
1  163.0  84206.0
1  8.0  99225.0
1  119.0  88463.0
1  127.0  87683.0
1  94.0  90888.0
1  225.0  78178.0
1  91.0  91182.0
1  72.0  93019.0
1  194.0  81189.0
1  139.0  86523.0
1  125.0  87880.0
1  87.0  91573.0
2  49.0  95247.0
2  142.0  86230.0
2  0.0  100000.0
2  169.0  83636.0
2  262.0  74720.0
2  40.0  96122.0
2  167.0  83803.0
2  1.0  99903.0
2  39.0  96217.0
2  42.0  95926.0
2  130.0  87390.0
2  55.0  94671.0
2  102.0  90110.0
2  117.0  88652.0
2  20.0  98060.0
2  78.0  92435.0
2  0.0  100000.0
2  51.0  95055.0
2  28.0  97284.0
2  15.0  98545.0
2  4.0  99613.0
2  61.0  94084.0
2  92.0  91076.0
2  17.0  98353.0
2  100.0  90301.0
2  43.0  95836.0
2  194.0  81189.0
2  97.0  90592.0
2  60.0  94181.0
2  63.0  93890.0
2  0.0  100000.0
2  85.0  91758.0
2  26.0  97481.0
2  0.0  100000.0
2  119.0  88457.0
2  8.0  99224.0
2  84.0  91860.0
2  144.0  86047.0
2  31.0  96993.0
2  74.0  92822.0
2  57.0  94485.0
2  53.0  94866.0
2  52.0  94959.0
2  17.0  98352.0
2  85.0  91755.0
2  85.0  91759.0
2  70.0  93212.0
2  69.0  93307.0
2  95.0  90787.0
2  30.0  97091.0
2  107.0  89622.0
2  57.0  94471.0
2  120.0  88362.0
2  52.0  94956.0
2  12.0  98837.0
2  122.0  88170.0
2  205.0  80117.0
2  83.0  91952.0
2  196.0  80988.0
2  90.0  91272.0
2  115.0  88845.0
2  88.0  91467.0
2  163.0  84212.0
2  82.0  92048.0
2  178.0  82737.0
2  13.0  98739.0
2  68.0  93407.0
2  80.0  92242.0
2  60.0  94180.0
2  94.0  90886.0
2  110.0  89330.0
2  39.0  96218.0
2  147.0  85745.0
2  92.0  91079.0
2  155.0  84968.0
2  88.0  91467.0
2  194.0  81190.0
2  33.0  96799.0
2  44.0  95736.0
2  58.0  94376.0
2  48.0  95346.0
2  373.0  63825.0
2  91.0  91177.0
2  171.0  83414.0
2  393.0  61958.0
2  125.0  87878.0
2  288.0  72092.0
2  131.0  87297.0
2  9.0  99127.0
2  92.0  91076.0
2  226.0  78094.0
2  59.0  94280.0
2  279.0  72946.0
2  97.0  90593.0
2  69.0  93310.0
2  95.0  90788.0
2  91.0  91173.0
2  18.0  98254.0
2  15.0  98545.0
2  71.0  93114.0
2  86.0  91659.0
2  1.0  99903.0
2  97.0  90592.0
2  23.0  97769.0
2  1.0  99903.0
2  0.0  100000.0
2  56.0  94572.0
2  77.0  92533.0
2  85.0  91756.0
2  189.0  81667.0
2  87.0  91561.0
2  36.0  96508.0
2  27.0  97384.0
2  84.0  91897.0
2  59.0  94277.0
2  52.0  94962.0
2  69.0  93308.0
2  54.0  94766.0
2  261.0  74730.0
2  30.0  97091.0
2  269.0  73909.0
2  163.0  84189.0
2  83.0  91951.0
2  68.0  93406.0
2  18.0  98254.0
2  3.0  99709.0
2  31.0  96999.0
2  59.0  94281.0
2  115.0  88845.0
2  44.0  95735.0
2  12.0  98836.0
2  232.0  77499.0
2  40.0  96121.0
2  168.0  83704.0
2  88.0  91467.0
2  17.0  98351.0
2  188.0  81764.0
2  38.0  96314.0
2  90.0  91280.0
2  134.0  87009.0
2  101.0  90206.0
2  129.0  87489.0
2  37.0  96412.0
2  57.0  94476.0
2  325.0  68478.0
2  7.0  99321.0
2  321.0  68878.0
2  48.0  95345.0
2  193.0  81279.0
2  94.0  90891.0
2  18.0  98254.0
2  32.0  96897.0
2  103.0  90015.0
2  60.0  94181.0
2  159.0  84583.0
2  41.0  96023.0
2  51.0  95055.0
2  89.0  91369.0
2  61.0  94083.0
2  98.0  90497.0
2  135.0  86909.0
2  108.0  89526.0
2  10.0  99030.0
2  59.0  94279.0
2  66.0  93602.0
2  91.0  91182.0
2  203.0  80311.0
2  44.0  95734.0
2  271.0  73718.0
2  64.0  93792.0
2  346.0  66452.0
2  37.0  96411.0
2  87.0  91565.0
2  102.0  90114.0
2  57.0  94472.0
2  0.0  100000.0
2  75.0  92725.0
2  66.0  93599.0
2  111.0  89237.0
2  130.0  87393.0
2  22.0  97866.0
2  60.0  94183.0
2  65.0  93695.0
2  29.0  97189.0
2  27.0  97382.0
2  613.0  40613.0
2  39.0  96218.0
2  0.0  100000.0
2  150.0  85478.0
2  73.0  92920.0
2  283.0  72554.0
2  66.0  93613.0
2  50.0  95152.0
2  46.0  95541.0
2  67.0  93502.0
2  149.0  85547.0
2  65.0  93695.0
2  28.0  97285.0
2  55.0  94665.0
2  24.0  97672.0
3  175.0  83027.0
3  39.0  96218.0
3  124.0  87974.0
3  41.0  96023.0
3  8.0  99224.0
3  0.0  100000.0
3  89.0  91368.0
3  81.0  92145.0
3  139.0  86518.0
3  165.0  83995.0
3  48.0  95346.0
3  285.0  72373.0
3  135.0  86906.0
3  107.0  89626.0
3  82.0  92046.0
3  164.0  84136.0
3  45.0  95635.0
3  15.0  98545.0
3  70.0  93211.0
3  185.0  82057.0
3  109.0  89436.0
3  50.0  95157.0
3  54.0  94766.0
3  79.0  92342.0
3  34.0  96702.0
3  89.0  91367.0
3  42.0  95927.0
3  42.0  95927.0
3  15.0  98545.0
3  93.0  90979.0
3  46.0  95548.0
3  113.0  89042.0
3  106.0  89719.0
3  97.0  90594.0
3  68.0  93406.0
3  59.0  94281.0
3  124.0  87974.0
3  63.0  93889.0
3  57.0  94475.0
3  176.0  82929.0
3  60.0  94181.0
3  141.0  86328.0
3  11.0  98933.0
3  33.0  96799.0
3  5.0  99515.0
3  56.0  94581.0
3  80.0  92241.0
3  20.0  98060.0
3  17.0  98352.0
3  48.0  95346.0
3  0.0  100000.0
3  12.0  98836.0
3  34.0  96702.0
3  171.0  83420.0
3  109.0  89432.0
3  51.0  95055.0
3  60.0  94181.0
3  236.0  77108.0
3  111.0  89233.0
3  133.0  87103.0
3  122.0  88171.0
3  50.0  95150.0
3  29.0  97189.0
3  14.0  98642.0
3  59.0  94278.0
3  95.0  90788.0
3  110.0  89334.0
3  83.0  91954.0
3  64.0  93799.0
3  133.0  87104.0
3  98.0  90494.0
3  31.0  96994.0
3  89.0  91370.0
3  17.0  98351.0
3  30.0  97091.0
3  150.0  85451.0
3  62.0  93988.0
