0  42.100000000000001  3853
0  40.5  3958
0  48.799999999999997  4037
0  42.5  4006
0  36.799999999999997  4253
0  37.700000000000003  3526
0  46.100000000000001  4097
0  33.100000000000001  3342
0  50.899999999999999  3987
0  48.100000000000001  3724
0  32.899999999999999  3546
0  44.600000000000001  3562
0  32.200000000000003  3714
0  41.399999999999999  3529
0  43.899999999999999  3930
0  43.799999999999997  3822
0  41.399999999999999  3882
0  47.200000000000003  3945
0  42.399999999999999  3776
0  40.200000000000003  3775
0  44.799999999999997  3954
0  31.199999999999999  3481
0  56.200000000000003  3714
0  42.200000000000003  3611
0  49.799999999999997  4018
0  30.699999999999999  3594
0  41.600000000000001  3874
0  44.399999999999999  4053
0  50.700000000000003  4071
0  42.600000000000001  3746
0  45.899999999999999  3942
0  39.5  3346
0  46.100000000000001  4090
0  31.699999999999999  3315
0  44.299999999999997  3249
0  38.700000000000003  3874
0  47.299999999999997  3830
0  39.899999999999999  3655
0  37.200000000000003  3972
0  36.899999999999999  3254
0  37.299999999999997  3489
0  44.200000000000003  4076
0  49.100000000000001  4264
0  45.399999999999999  4162
0  42.899999999999999  3862
0  38.5  3869
0  49.799999999999997  4064
0  49.5  3988
0  44.700000000000003  3821
0  45.299999999999997  3840
0  33.399999999999999  3784
0  44.100000000000001  3798
0  33.0  3842
0  48.100000000000001  3894
0  46.899999999999999  3712
0  44.0  4005
0  35.0  3832
0  36.100000000000001  3714
0  46.899999999999999  4390
0  34.899999999999999  3731
0  50.200000000000003  4014
0  44.200000000000003  3822
0  42.399999999999999  3802
0  46.200000000000003  3967
0  36.899999999999999  3920
0  49.0  4038
0  47.5  3850
0  47.200000000000003  4168
0  38.5  4233
0  42.299999999999997  3852
0  45.5  3916
0  43.100000000000001  3830
0  40.899999999999999  3598
0  38.799999999999997  3734
0  35.100000000000001  3813
0  39.600000000000001  3793
0  55.799999999999997  4211
0  50.5  3919
0  41.5  3973
0  57.299999999999997  4174
0  45.100000000000001  3916
0  38.200000000000003  4070
0  53.100000000000001  4249
0  47.700000000000003  4068
0  42.700000000000003  3991
0  44.899999999999999  3966
0  45.200000000000003  4335
0  48.5  3963
0  45.799999999999997  4018
0  42.299999999999997  3748
0  48.799999999999997  4011
0  47.100000000000001  4223
0  32.0  3981
0  42.100000000000001  4119
0  52.799999999999997  4186
0  40.299999999999997  3549
0  48.799999999999997  3971
0  33.399999999999999  3636
0  38.100000000000001  3515
0  48.299999999999997  3615
