2  59.0  484
4  61.75  1095
6  59.166666666666664  1334
8  68.25  1678
10  49.700000000000003  2243
12  51.75  2625
14  49.785714285714285  2744
16  55.625  3253
18  53.166666666666664  3140
20  51.75  3535
2  61.0  413
4  67.75  802
6  59.5  1250
8  57.375  1876
10  55.600000000000001  2317
12  53.083333333333336  2655
14  61.357142857142854  3105
16  51.5625  3377
18  39.277777777777779  3455
20  45.25  3393
2  63.5  497
4  58.25  1077
6  57.666666666666664  1597
8  50.0  1630
10  58.399999999999999  2297
12  58.833333333333336  2648
14  47.785714285714285  3121
16  48.1875  3509
18  46.111111111111114  3692
20  46.549999999999997  4141
2  56.5  761
4  59.0  1092
6  55.166666666666664  1452
8  55.375  1503
10  45.899999999999999  2264
12  59.75  2851
14  50.857142857142854  2981
16  53.9375  3036
18  48.722222222222221  3724
20  47.149999999999999  4083
2  69.0  501
4  51.5  1317
6  67.5  1184
8  67.375  1667
10  57.200000000000003  2224
12  53.833333333333336  2457
14  44.0  2875
16  48.5  2964
18  44.555555555555557  3527
20  53.75  3592
2  75.5  472
4  63.75  950
6  70.166666666666671  1207
8  63.625  1923
10  50.5  2364
12  55.416666666666664  2457
14  52.928571428571431  3102
16  46.875  3179
18  44.333333333333336  3572
20  45.899999999999999  3777
2  79.0  282
4  70.0  800
6  63.166666666666664  1467
8  63.75  1942
10  48.399999999999999  2115
12  52.583333333333336  2493
14  53.5  2908
16  57.5  3186
18  51.277777777777779  3352
20  49.75  3695
2  73.0  461
4  60.0  865
6  71.333333333333329  1133
8  61.25  1619
10  52.700000000000003  2466
12  51.083333333333336  2248
14  51.642857142857146  2926
16  47.1875  3376
18  46.222222222222221  3301
20  45.200000000000003  3588
2  54.5  594
4  64.75  876
6  60.5  1226
8  69.5  1675
10  52.899999999999999  1964
12  40.25  2443
14  57.357142857142854  3060
16  45.75  3462
18  51.833333333333336  3163
20  43.049999999999997  3978
2  55.5  567
4  48.0  1058
6  59.833333333333336  1148
8  66.625  1470
10  62.600000000000001  1944
12  49.75  2876
14  52.285714285714285  2733
16  51.9375  3189
18  55.722222222222221  3621
20  49.549999999999997  3724
2  86.5  239
4  58.5  1236
6  56.333333333333336  1153
8  67.625  1970
10  53.100000000000001  2583
12  52.0  2642
14  57.0  2594
16  57.625  3247
18  46.333333333333336  3450
20  44.5  3655
2  39.5  656
4  49.0  1034
6  56.166666666666664  1419
8  59.25  1565
10  54.5  2109
12  53.5  2251
14  57.428571428571431  2825
16  55.375  3270
18  52.333333333333336  3526
20  53.600000000000001  3944
2  68.0  488
4  59.25  1016
6  90.666666666666671  837
8  51.5  2201
10  53.299999999999997  2369
12  54.666666666666664  2542
14  61.142857142857146  2853
16  41.8125  2948
18  49.222222222222221  3559
20  46.700000000000003  3735
2  51.5  651
4  51.75  992
6  47.833333333333336  1668
8  59.5  1994
10  60.200000000000003  2118
12  57.416666666666664  2519
14  55.785714285714285  2810
16  59.8125  3379
18  55.111111111111114  3481
20  46.299999999999997  3353
2  56.0  361
4  47.25  1271
6  58.5  1423
8  63.5  1739
10  51.700000000000003  1924
12  50.833333333333336  2579
14  54.857142857142854  2675
16  50.8125  3210
18  56.777777777777779  3286
20  43.0  3279
2  72.0  484
4  68.5  802
6  55.5  1482
8  62.125  1702
10  62.299999999999997  1968
12  52.833333333333336  2151
14  41.0  3157
16  46.0625  3005
18  51.833333333333336  3208
20  50.799999999999997  3959
2  48.5  621
4  60.75  742
6  54.0  1433
8  48.5  2179
10  60.5  1908
12  51.333333333333336  2622
14  44.5  3225
16  55.8125  3105
18  48.277777777777779  3698
20  44.299999999999997  4036
2  72.5  554
4  54.75  1087
6  67.166666666666671  1402
8  69.25  1537
10  54.399999999999999  2149
12  59.583333333333336  2674
14  46.571428571428569  2693
16  57.4375  3025
18  52.5  3211
20  48.5  3151
2  68.0  462
4  51.75  1088
6  69.666666666666671  1343
8  59.25  1128
10  51.600000000000001  2004
12  51.166666666666664  2739
14  56.214285714285715  2421
16  53.8125  3416
18  43.444444444444443  3860
20  52.600000000000001  3434
2  74.0  300
4  63.0  1006
6  62.0  1376
8  44.5  2054
10  55.200000000000003  2462
12  51.333333333333336  2697
14  49.785714285714285  3109
16  42.25  3143
18  48.555555555555557  3919
20  49.850000000000001  4031
2  86.0  345
4  72.75  888
6  56.0  1274
8  64.25  1749
10  57.700000000000003  1920
12  61.25  2881
14  53.214285714285715  2867
16  52.5625  3173
18  46.611111111111114  3687
20  46.700000000000003  3509
2  46.0  626
4  60.75  980
6  58.333333333333336  1339
8  62.375  1725
10  53.700000000000003  2354
12  57.333333333333336  2145
14  54.642857142857146  2968
16  49.9375  3043
18  58.0  3712
20  47.049999999999997  3724
2  64.5  503
4  56.75  1090
6  52.5  1217
8  60.125  1822
10  57.700000000000003  2572
12  45.75  2289
14  53.857142857142854  3378
16  53.0  3556
18  48.333333333333336  3794
20  51.75  3633
2  60.0  360
4  72.5  882
6  51.666666666666664  1388
8  48.0  2179
10  57.799999999999997  2389
12  51.166666666666664  2453
14  50.642857142857146  2361
16  53.4375  3038
18  45.833333333333336  3646
20  42.299999999999997  3766
2  69.0  405
4  63.0  934
6  71.333333333333329  1172
8  44.0  2087
10  66.400000000000006  2043
12  58.5  2371
14  57.357142857142854  2736
16  47.3125  3224
18  50.0  3774
20  48.049999999999997  3227
2  87.0  296
4  74.25  882
6  64.833333333333329  1302
8  56.25  1741
10  55.0  2290
12  58.583333333333336  2645
14  50.357142857142854  3075
16  48.75  3264
18  55.444444444444443  3367
20  53.299999999999997  3701
2  70.0  337
4  71.5  943
6  61.666666666666664  1572
8  60.125  1830
10  49.799999999999997  1750
12  49.75  2473
14  44.0  2787
16  47.3125  3207
18  56.444444444444443  3263
20  42.149999999999999  3469
2  57.5  604
4  63.5  899
6  79.166666666666671  1156
8  61.75  2085
10  68.200000000000003  1969
12  53.25  2241
14  50.714285714285715  2841
16  49.875  3555
18  50.944444444444443  3282
20  47.399999999999999  3668
2  57.0  484
4  64.5  1219
6  47.666666666666664  1517
8  57.0  1781
10  60.600000000000001  2392
12  56.75  2619
14  51.714285714285715  2801
16  50.3125  3219
18  42.444444444444443  3984
20  50.649999999999999  3931
2  67.5  537
4  54.0  805
6  66.0  1208
8  49.125  1766
10  57.299999999999997  2298
12  47.5  2791
14  48.571428571428569  2806
16  49.5625  2970
18  50.444444444444443  3419
20  43.549999999999997  4002
2  76.0  514
4  65.25  770
6  59.333333333333336  1468
8  52.875  1965
10  55.100000000000001  2195
12  46.583333333333336  2460
14  51.071428571428569  2746
16  45.75  3102
18  48.111111111111114  3625
20  49.799999999999997  4062
2  37.5  450
4  67.5  937
6  60.166666666666664  1573
8  53.125  2239
10  57.100000000000001  2107
12  54.916666666666664  2204
14  51.928571428571431  2742
16  55.1875  3156
18  51.388888888888886  3684
20  46.100000000000001  3916
2  95.0  160
4  70.5  846
6  59.5  1287
8  51.375  1832
10  59.5  2219
12  51.5  2569
14  53.357142857142854  3029
16  45.625  3289
18  47.055555555555557  3390
20  48.600000000000001  3457
2  73.5  225
4  58.75  851
6  61.333333333333336  1289
8  62.875  1566
10  56.5  2143
12  45.416666666666664  2826
14  57.714285714285715  2831
16  43.875  2827
18  41.277777777777779  3268
20  47.600000000000001  3848
2  92.0  213
4  49.0  796
6  62.5  1675
8  77.75  1515
10  52.899999999999999  1992
12  52.916666666666664  2694
14  53.428571428571431  2802
16  52.0  3399
18  53.944444444444443  3259
20  46.549999999999997  3606
2  62.5  423
4  68.0  907
6  57.166666666666664  1242
8  70.25  1531
10  47.799999999999997  2089
12  53.5  2738
14  50.0  2941
16  49.8125  3162
18  46.055555555555557  3555
20  51.649999999999999  3609
2  63.5  528
4  58.5  824
6  62.333333333333336  1535
8  52.0  2023
10  55.899999999999999  2220
12  46.75  2513
14  56.0  2815
16  58.1875  3268
18  46.055555555555557  3709
20  44.0  3524
2  72.5  651
4  64.0  983
6  70.833333333333329  1285
8  65.5  1978
10  56.600000000000001  2327
12  46.166666666666664  2457
14  59.0  2877
16  49.3125  3472
18  49.888888888888886  3595
20  44.299999999999997  3844
2  60.5  339
4  63.75  850
6  57.166666666666664  1583
8  69.25  1549
10  56.899999999999999  2307
12  51.166666666666664  2696
14  57.071428571428569  2723
16  54.0  3294
18  49.888888888888886  3208
20  46.149999999999999  3030
2  67.0  421
4  60.75  1066
6  43.166666666666664  1683
8  68.25  1999
10  57.700000000000003  2049
12  49.416666666666664  2628
14  51.285714285714285  2731
16  51.25  3128
18  56.388888888888886  3469
20  45.600000000000001  4174
2  77.0  444
4  58.75  1173
6  64.166666666666671  1485
8  61.625  1878
10  63.5  2323
12  46.583333333333336  2276
14  47.571428571428569  3124
16  49.875  3140
18  45.722222222222221  3259
20  49.649999999999999  3926
2  50.5  451
4  72.0  692
6  65.833333333333329  1303
8  51.375  1616
10  66.099999999999994  2097
12  55.583333333333336  2826
14  47.5  2968
16  53.3125  3058
18  49.722222222222221  3701
20  45.850000000000001  3920
2  55.0  461
4  76.0  907
6  58.166666666666664  1267
8  54.0  2062
10  66.0  2175
12  49.416666666666664  2303
14  52.071428571428569  2645
16  58.6875  3340
18  51.166666666666664  3249
20  48.200000000000003  4377
2  75.0  481
4  54.5  992
6  56.0  1326
8  57.875  1751
10  65.900000000000006  2062
12  52.833333333333336  2614
14  52.642857142857146  3436
16  58.625  2898
18  48.333333333333336  3482
20  46.850000000000001  3905
2  61.5  523
4  73.5  851
6  61.5  1331
8  50.375  1962
10  57.899999999999999  2370
12  65.416666666666671  2787
14  49.0  2890
16  49.75  2853
18  48.666666666666664  3179
20  49.75  3655
2  78.5  346
4  65.5  970
6  58.5  1513
8  54.625  1962
10  51.799999999999997  2291
12  51.083333333333336  2543
14  49.928571428571431  2415
16  50.875  3032
18  49.666666666666664  3478
20  51.049999999999997  4130
2  61.0  414
4  59.0  950
6  71.666666666666671  1393
8  54.875  1878
10  55.899999999999999  2206
12  62.25  2344
14  60.214285714285715  2877
16  55.6875  3373
18  47.888888888888886  3654
20  44.799999999999997  4024
2  65.5  377
4  88.75  631
6  50.333333333333336  1490
8  50.0  1561
10  64.0  1932
12  54.833333333333336  2623
14  53.285714285714285  2798
16  47.1875  3527
18  55.5  3404
20  51.399999999999999  3294
2  55.0  469
4  71.5  920
6  75.5  1290
8  60.375  1803
10  45.5  2344
12  61.833333333333336  2398
14  55.428571428571431  2937
16  48.875  3264
18  48.888888888888886  3186
20  50.049999999999997  3615
2  84.0  403
4  57.0  1359
6  66.5  1679
8  53.0  1854
10  61.100000000000001  2352
12  54.0  2791
14  45.928571428571431  2592
16  46.9375  3071
18  45.555555555555557  3384
20  46.0  3777
2  70.0  706
4  66.25  996
6  76.0  1322
8  63.75  2014
10  51.0  2141
12  53.583333333333336  2537
14  62.071428571428569  2466
16  54.375  3086
18  44.944444444444443  3421
20  47.799999999999997  4238
2  64.0  586
4  72.5  900
6  64.166666666666671  1441
8  57.875  1987
10  63.399999999999999  1887
12  59.833333333333336  2403
14  52.785714285714285  3044
16  53.5625  3611
18  44.833333333333336  3040
20  45.5  3429
2  63.0  585
4  71.0  759
6  35.166666666666664  1429
8  56.375  1971
10  55.700000000000003  2092
12  56.666666666666664  2312
14  54.571428571428569  3044
16  48.6875  3077
18  52.388888888888886  3438
20  48.299999999999997  3850
2  70.5  342
4  69.5  843
6  58.5  1205
8  59.5  1784
10  57.0  1961
12  52.916666666666664  2997
14  60.714285714285715  2544
16  50.9375  3015
18  47.611111111111114  3397
20  44.25  4180
2  67.5  539
4  79.5  708
6  64.166666666666671  1348
8  69.875  1623
10  66.5  1909
12  49.166666666666664  2570
14  58.357142857142854  2953
16  54.375  3017
18  44.722222222222221  3904
20  42.700000000000003  3537
2  75.5  329
4  57.5  1212
6  61.166666666666664  1276
8  61.0  2132
10  55.5  2189
12  62.75  2293
14  51.571428571428569  2967
16  54.6875  3062
18  45.5  3789
20  54.049999999999997  3905
2  61.5  559
4  55.25  845
6  68.0  1460
8  63.25  1902
10  47.799999999999997  2170
12  45.333333333333336  2812
14  51.714285714285715  3216
16  54.6875  2913
18  46.444444444444443  3347
20  49.149999999999999  3716
2  64.0  578
4  54.0  986
6  67.333333333333329  1337
8  60.625  1556
10  61.100000000000001  1965
12  61.166666666666664  2552
14  46.142857142857146  3010
16  57.25  3234
18  48.833333333333336  3033
20  48.5  3587
2  81.0  397
4  82.5  588
6  58.5  1460
8  49.375  1809
10  48.700000000000003  2440
12  57.5  2477
14  52.357142857142854  2817
16  54.25  3553
18  49.888888888888886  3498
20  47.799999999999997  4069
2  63.5  421
4  61.75  1032
6  60.333333333333336  1432
8  59.375  1935
10  67.799999999999997  2153
12  56.666666666666664  2386
14  53.785714285714285  2725
16  49.0  3239
18  59.055555555555557  3336
20  49.0  3667
2  63.5  517
4  58.0  1076
6  67.5  1282
8  60.25  1877
10  61.299999999999997  2206
12  56.666666666666664  2809
14  51.857142857142854  3352
16  56.625  3370
18  50.5  3248
20  46.25  4075
2  76.5  551
4  67.75  785
6  47.0  1541
8  49.875  1398
10  63.600000000000001  2110
12  61.666666666666664  2321
14  58.714285714285715  3136
16  48.125  3342
18  49.222222222222221  3430
20  46.549999999999997  4198
2  59.5  516
4  70.25  932
6  74.5  1149
8  57.625  1786
10  64.799999999999997  2337
12  60.083333333333336  2545
14  47.857142857142854  3026
16  51.9375  2972
18  47.611111111111114  3286
20  53.350000000000001  4128
2  72.0  428
4  65.5  1088
6  55.166666666666664  1533
8  48.5  2016
10  63.5  2163
12  47.083333333333336  2383
14  46.285714285714285  2710
16  53.875  3109
18  32.277777777777779  3163
20  43.350000000000001  3900
2  54.0  678
4  70.5  1004
6  68.666666666666671  1201
8  69.25  1654
10  46.200000000000003  2505
12  55.833333333333336  2683
14  48.285714285714285  2997
16  50.4375  3445
18  55.444444444444443  3395
20  54.899999999999999  3949
2  70.5  476
4  54.75  766
6  64.0  1447
8  63.0  1557
10  49.399999999999999  2029
12  47.166666666666664  2826
14  55.357142857142854  2679
16  48.6875  2824
18  46.888888888888886  3350
20  50.399999999999999  3518
2  48.5  367
4  58.0  796
6  73.0  1152
8  57.75  1885
10  64.400000000000006  2037
12  57.75  2520
14  54.571428571428569  2959
16  50.25  3277
18  58.055555555555557  3463
20  48.549999999999997  3649
2  67.5  500
4  69.0  949
6  51.833333333333336  1394
8  66.375  1634
10  51.299999999999997  2137
12  57.083333333333336  2559
14  55.0  2972
16  55.4375  3710
18  53.166666666666664  3295
20  53.799999999999997  4157
2  64.0  737
4  59.0  1042
6  65.333333333333329  1720
8  54.375  1729
10  49.399999999999999  2585
12  50.5  2550
14  56.142857142857146  3065
16  45.875  3141
18  46.944444444444443  3951
20  47.899999999999999  3677
2  60.5  547
4  52.75  897
6  65.166666666666671  1394
8  57.875  1646
10  59.100000000000001  1904
12  56.5  2790
14  55.428571428571431  2892
16  62.25  3224
18  50.5  3405
20  52.450000000000003  3671
2  63.0  634
4  61.0  939
6  55.666666666666664  1442
8  64.375  1936
10  64.0  2223
12  53.666666666666664  2515
14  51.071428571428569  2804
16  49.625  3340
18  49.611111111111114  3221
20  46.799999999999997  3466
2  38.5  531
4  68.0  690
6  44.5  1605
8  64.25  1601
10  46.899999999999999  2285
12  48.166666666666664  2174
14  55.714285714285715  2577
16  55.1875  3497
18  52.166666666666664  3020
20  43.75  3729
2  73.5  558
4  66.75  1211
6  53.0  1551
8  62.0  1680
10  61.899999999999999  2149
12  52.333333333333336  2156
14  47.5  2711
16  51.125  3275
18  50.611111111111114  3258
20  41.549999999999997  3473
2  61.0  467
4  65.75  856
6  41.833333333333336  1352
8  62.25  2065
10  55.600000000000001  2132
12  63.5  2852
14  48.357142857142854  2914
16  52.5  2868
18  46.444444444444443  3478
20  47.899999999999999  3868
2  43.5  505
4  49.25  1084
6  60.333333333333336  1431
8  56.75  1607
10  56.200000000000003  2033
12  59.25  2802
14  49.571428571428569  2961
16  43.0625  3199
18  50.222222222222221  3196
20  48.950000000000003  4131
2  66.0  518
4  42.25  961
6  60.833333333333336  1726
8  65.25  1601
10  51.799999999999997  1932
12  53.75  2630
14  52.357142857142854  3010
16  57.6875  3036
18  37.722222222222221  3606
20  52.25  4016
2  65.5  539
4  51.25  1250
6  56.5  1011
8  63.375  1632
10  62.799999999999997  2111
12  51.5  2910
14  60.785714285714285  2825
16  56.625  3521
18  45.0  3499
20  48.799999999999997  4029
2  75.0  478
4  73.0  753
6  58.166666666666664  1252
8  62.25  1830
10  58.5  2399
12  56.333333333333336  2143
14  55.357142857142854  2897
16  55.1875  3271
18  55.277777777777779  3412
20  48.899999999999999  3486
2  47.5  807
4  54.75  1088
6  57.333333333333336  1063
8  58.875  1590
10  53.200000000000003  1951
12  56.5  2856
14  58.714285714285715  2787
16  51.875  3113
18  50.111111111111114  3641
20  51.850000000000001  3552
2  57.5  585
4  75.5  847
6  64.0  1270
8  61.875  1876
10  48.0  2186
12  52.333333333333336  2648
14  53.0  2427
16  53.25  3372
18  41.333333333333336  3641
20  52.399999999999999  4087
2  90.5  234
4  59.25  842
6  53.333333333333336  1514
8  59.625  1812
10  57.0  2462
12  55.166666666666664  2439
14  48.0  2594
16  45.75  3008
18  48.944444444444443  3104
20  46.0  4284
2  66.5  492
4  56.0  729
6  67.166666666666671  1524
8  58.125  1813
10  66.599999999999994  1901
12  51.333333333333336  2659
14  56.857142857142854  2913
16  49.875  3235
18  51.611111111111114  3481
20  49.049999999999997  3822
2  81.0  181
4  56.0  1118
6  58.666666666666664  1151
8  56.125  2058
10  55.100000000000001  1971
12  50.083333333333336  2325
14  52.5  3097
16  49.375  2892
18  47.277777777777779  3364
20  47.950000000000003  3830
2  90.5  236
4  51.0  1305
6  63.5  1674
8  40.875  1982
10  50.5  2342
12  56.0  2541
14  45.5  3241
16  53.0625  3274
18  47.0  3307
20  51.600000000000001  3962
2  88.0  161
4  67.5  1001
6  64.333333333333329  1401
8  66.75  1461
10  56.5  1874
12  48.833333333333336  1924
14  45.142857142857146  3238
16  54.9375  2640
18  47.111111111111114  3474
20  47.350000000000001  3908
2  72.5  418
4  68.0  830
6  60.166666666666664  1689
8  47.875  1788
10  53.399999999999999  2166
12  46.083333333333336  2701
14  46.5  3189
16  52.8125  3209
18  55.444444444444443  3379
20  47.600000000000001  4042
2  46.0  443
4  75.5  904
6  67.0  1432
8  56.5  1730
10  55.600000000000001  2378
12  56.583333333333336  2608
14  45.785714285714285  3014
16  43.0625  3324
18  51.0  3453
20  49.950000000000003  3907
2  56.5  463
4  54.5  1087
6  62.666666666666664  1499
8  58.25  1856
10  56.399999999999999  2343
12  55.0  2474
14  47.214285714285715  2573
16  52.4375  3239
18  44.666666666666664  3516
20  46.700000000000003  3857
2  56.0  412
4  61.5  813
6  46.166666666666664  1549
8  53.75  1873
10  58.5  2023
12  50.166666666666664  2764
14  52.785714285714285  2871
16  39.0625  2829
18  48.333333333333336  3645
20  54.350000000000001  3595
2  63.5  433
4  50.0  752
6  50.166666666666664  1708
8  63.875  1501
10  56.5  2286
12  47.333333333333336  2542
14  51.428571428571431  2856
16  46.375  3060
18  45.722222222222221  3775
20  47.600000000000001  3976
2  64.0  578
4  44.0  920
6  83.5  918
8  62.0  2084
10  45.299999999999997  2228
12  45.583333333333336  2352
14  55.571428571428569  3150
16  52.375  3015
18  50.5  3343
20  48.799999999999997  3520
2  74.0  232
4  68.5  899
6  53.0  1391
8  64.5  1835
10  60.200000000000003  2126
12  57.083333333333336  2944
14  44.571428571428569  2963
16  49.125  3268
18  56.277777777777779  3716
20  52.799999999999997  3587
2  70.0  553
4  55.5  755
6  61.0  1397
8  57.25  1837
10  50.600000000000001  2202
12  52.083333333333336  2544
14  50.428571428571431  3132
16  46.125  3173
18  46.611111111111114  3416
20  52.049999999999997  3868
2  61.5  657
4  54.0  946
6  62.0  1201
8  61.0  1662
10  63.399999999999999  2286
12  53.75  2668
14  54.214285714285715  2980
16  44.625  3262
18  46.833333333333336  3429
20  39.100000000000001  3694
2  57.5  564
4  67.0  491
6  63.5  1003
8  51.375  2291
10  53.100000000000001  2006
12  52.666666666666664  2443
14  49.071428571428569  3210
16  55.0  3240
18  47.166666666666664  3850
20  43.700000000000003  3813
2  88.0  183
4  61.0  546
6  50.166666666666664  1355
8  59.625  1901
10  54.299999999999997  2521
12  57.75  2466
14  49.642857142857146  2917
16  55.4375  3278
18  52.611111111111114  3398
20  48.899999999999999  3719
2  57.5  614
4  37.0  1043
6  47.0  1221
8  59.375  1769
10  55.5  1871
12  57.416666666666664  2874
14  45.285714285714285  3046
16  42.0625  3146
18  47.333333333333336  3407
20  38.850000000000001  3482
2  74.0  498
4  68.5  941
6  76.5  1395
8  55.25  1706
10  52.100000000000001  2350
12  58.333333333333336  2500
14  59.142857142857146  2924
16  41.375  3533
18  49.111111111111114  3489
20  46.75  3979
2  65.5  503
4  40.5  1092
6  64.666666666666671  1397
8  55.25  1847
10  50.100000000000001  2023
12  52.0  2751
14  59.857142857142854  2811
16  53.625  3181
18  58.222222222222221  3054
20  58.049999999999997  3901
2  57.0  566
4  64.25  801
6  36.0  1451
8  47.25  1802
10  56.799999999999997  2307
12  45.75  2600
14  53.0  3062
16  53.9375  3172
18  48.222222222222221  3480
20  52.799999999999997  3941
