1  38.200000000000003  2889
2  48.600000000000001  2826
3  42.399999999999999  2802
4  45.700000000000003  2870
5  41.100000000000001  3079
6  41.5  3243
7  42.799999999999997  3357
1  40.399999999999999  2602
2  45.100000000000001  2869
3  36.899999999999999  3008
4  48.100000000000001  2920
5  47.799999999999997  3231
6  37.799999999999997  2916
7  44.299999999999997  2639
1  30.800000000000001  3009
2  41.5  3158
3  37.299999999999997  3492
4  45.0  2963
5  45.5  2966
6  44.100000000000001  3158
7  45.200000000000003  2976
1  42.899999999999999  2599
2  34.100000000000001  2637
3  47.799999999999997  2978
4  49.700000000000003  3008
5  38.600000000000001  3122
6  39.700000000000003  3018
7  45.600000000000001  3131
1  44.5  3010
2  44.200000000000003  2915
3  39.299999999999997  2709
4  36.399999999999999  3191
5  35.5  3060
6  32.799999999999997  3063
7  39.0  3019
1  35.100000000000001  2738
2  47.5  3372
3  44.100000000000001  2930
4  50.100000000000001  3001
5  48.600000000000001  2994
6  46.799999999999997  3227
7  42.700000000000003  3106
1  39.899999999999999  3020
2  48.200000000000003  2524
3  40.200000000000003  3039
4  41.600000000000001  2868
5  29.100000000000001  2742
6  36.899999999999999  2975
7  46.299999999999997  3467
1  41.100000000000001  3131
2  32.299999999999997  3035
3  34.600000000000001  3076
4  49.100000000000001  2857
5  44.100000000000001  2898
6  46.899999999999999  3091
7  36.299999999999997  2643
1  80.0  1976
2  39.100000000000001  2841
3  44.100000000000001  2955
4  40.200000000000003  2799
5  31.800000000000001  3162
6  37.299999999999997  2904
7  38.100000000000001  3389
1  36.799999999999997  2996
2  42.0  3301
3  49.100000000000001  3018
4  33.200000000000003  2972
5  36.100000000000001  3028
6  38.0  3130
7  48.600000000000001  2954
1  45.799999999999997  2646
2  39.899999999999999  2742
3  36.700000000000003  2856
4  37.399999999999999  2850
5  45.5  2888
6  43.899999999999999  3016
7  37.200000000000003  2934
1  44.299999999999997  2894
2  57.799999999999997  2915
3  29.100000000000001  3103
4  49.0  2842
5  41.200000000000003  3046
6  34.399999999999999  2933
7  40.299999999999997  3162
1  51.600000000000001  3110
2  51.399999999999999  2822
3  39.399999999999999  2798
4  54.700000000000003  2838
5  40.700000000000003  2807
6  33.0  3226
7  31.699999999999999  3052
1  50.899999999999999  3136
2  48.899999999999999  2881
3  47.700000000000003  2720
4  51.299999999999997  2840
5  39.0  2991
6  42.200000000000003  3266
7  34.399999999999999  2936
1  54.0  2985
2  34.700000000000003  2591
3  38.399999999999999  3223
4  38.399999999999999  2987
5  33.200000000000003  2319
6  41.600000000000001  2985
7  30.300000000000001  2912
1  33.100000000000001  2670
2  37.600000000000001  2900
3  44.899999999999999  2817
4  39.100000000000001  2706
5  32.799999999999997  2942
6  48.399999999999999  3020
7  34.600000000000001  3140
1  43.5  2886
2  38.700000000000003  2794
3  48.5  3240
4  43.5  3074
5  41.799999999999997  3100
6  37.0  3039
7  41.0  2789
1  47.100000000000001  2813
2  44.899999999999999  2847
3  49.600000000000001  2705
4  36.100000000000001  2678
5  39.0  3000
6  39.899999999999999  3012
7  37.299999999999997  2957
1  45.299999999999997  2675
2  41.399999999999999  2898
3  24.0  2730
4  49.5  3097
5  50.700000000000003  3031
6  43.700000000000003  2781
7  39.200000000000003  3199
1  38.0  2901
2  42.399999999999999  3225
3  44.200000000000003  2787
4  38.799999999999997  2617
5  32.399999999999999  3056
6  38.899999999999999  3068
7  38.899999999999999  2879
1  38.299999999999997  2558
2  53.200000000000003  2666
3  43.399999999999999  2745
4  43.700000000000003  2523
5  48.5  2945
6  41.399999999999999  3249
7  41.100000000000001  3014
1  33.100000000000001  2884
2  39.299999999999997  2427
3  43.200000000000003  2543
4  40.5  3072
5  40.299999999999997  3258
6  40.799999999999997  2873
7  51.5  3003
1  30.5  2357
2  44.0  2725
3  36.700000000000003  2733
4  54.0  2823
5  39.399999999999999  2681
6  47.799999999999997  3020
7  43.299999999999997  2904
1  43.0  2684
2  52.799999999999997  2821
3  42.299999999999997  2712
4  40.299999999999997  2977
5  50.700000000000003  2954
6  34.200000000000003  2778
7  38.899999999999999  3254
1  39.5  3296
2  33.100000000000001  2683
3  41.700000000000003  2874
4  43.299999999999997  2933
5  38.799999999999997  2920
6  49.600000000000001  2999
7  40.0  3258
1  44.299999999999997  2450
2  46.799999999999997  2977
3  37.100000000000001  3226
4  46.899999999999999  2764
5  47.5  2891
6  40.799999999999997  3251
7  44.700000000000003  3119
1  46.899999999999999  2855
2  40.700000000000003  2999
3  42.200000000000003  2850
4  45.5  3175
5  40.299999999999997  3328
6  39.399999999999999  3015
7  41.100000000000001  2963
1  36.100000000000001  3242
2  35.0  2664
3  48.600000000000001  2747
4  43.799999999999997  3043
5  38.399999999999999  2546
6  35.0  2895
7  41.799999999999997  3363
1  37.299999999999997  2758
2  46.799999999999997  2771
3  44.700000000000003  2699
4  38.299999999999997  3037
5  40.700000000000003  3009
6  41.0  3189
7  47.700000000000003  2739
1  41.399999999999999  2572
2  36.799999999999997  2447
3  47.399999999999999  2996
4  49.799999999999997  2854
5  50.299999999999997  2854
6  44.299999999999997  3268
7  32.0  2982
1  50.399999999999999  3068
2  47.299999999999997  2540
3  36.299999999999997  3125
4  41.600000000000001  3146
5  38.299999999999997  2969
6  47.200000000000003  3081
7  38.200000000000003  3112
1  44.0  3234
2  48.700000000000003  3225
3  43.899999999999999  2540
4  40.799999999999997  3109
5  47.200000000000003  2715
6  43.299999999999997  2978
7  41.200000000000003  3230
1  42.200000000000003  3007
2  28.300000000000001  2716
3  31.199999999999999  3081
4  34.899999999999999  2586
5  44.600000000000001  3159
6  39.899999999999999  2889
7  35.399999999999999  2951
1  43.0  3391
2  44.5  2800
3  46.799999999999997  3160
4  45.299999999999997  2406
5  42.399999999999999  3151
6  47.299999999999997  2894
7  43.0  2910
1  33.5  2870
2  29.199999999999999  2354
3  42.0  3292
4  44.5  2531
5  43.0  2964
6  50.700000000000003  3099
7  35.600000000000001  2769
1  44.600000000000001  2821
2  53.799999999999997  2783
3  39.700000000000003  3021
4  38.600000000000001  3154
5  41.200000000000003  3083
6  48.0  3031
7  31.0  2980
1  48.299999999999997  2544
2  49.100000000000001  2713
3  46.100000000000001  3159
4  51.0  3222
5  43.0  2899
6  45.600000000000001  3256
7  42.399999999999999  3272
1  35.600000000000001  2380
2  45.799999999999997  3542
3  44.299999999999997  2836
4  49.899999999999999  2716
5  35.200000000000003  3144
6  45.0  3009
7  39.600000000000001  2888
1  50.100000000000001  2952
2  44.899999999999999  3245
3  42.600000000000001  2996
4  37.100000000000001  2848
5  39.200000000000003  3050
6  52.5  2875
7  37.5  2886
1  39.299999999999997  2146
2  47.799999999999997  3194
3  39.700000000000003  2962
4  40.399999999999999  2671
5  50.100000000000001  3041
6  37.799999999999997  3199
7  42.299999999999997  3067
1  43.200000000000003  2691
2  51.899999999999999  2670
3  41.0  3183
4  34.0  2563
5  36.600000000000001  3231
6  38.299999999999997  3562
7  31.600000000000001  2811
1  46.899999999999999  3020
2  41.200000000000003  3077
3  51.299999999999997  2425
4  29.899999999999999  2831
5  34.899999999999999  2958
6  46.700000000000003  3094
7  30.800000000000001  3231
1  34.200000000000003  2767
2  54.399999999999999  2673
3  49.899999999999999  2792
4  42.5  3276
5  39.399999999999999  2853
6  43.5  3262
7  39.5  3296
1  46.100000000000001  2448
2  49.0  2943
3  51.299999999999997  2495
4  40.700000000000003  3176
5  33.5  3018
6  33.799999999999997  2973
7  38.600000000000001  2916
1  37.899999999999999  2587
2  44.600000000000001  2865
3  49.0  2805
4  39.399999999999999  2879
5  38.399999999999999  2867
6  42.399999999999999  3189
7  35.899999999999999  2955
1  41.799999999999997  3193
2  31.199999999999999  2722
3  47.700000000000003  2644
4  35.200000000000003  2884
5  34.100000000000001  3147
6  38.299999999999997  2743
7  43.5  3191
1  39.899999999999999  2742
2  45.600000000000001  3136
3  44.700000000000003  3190
4  42.100000000000001  3094
5  43.600000000000001  2646
6  38.600000000000001  3401
7  40.399999999999999  3309
1  43.299999999999997  2929
2  43.399999999999999  3246
3  52.200000000000003  3064
4  37.700000000000003  3185
5  41.899999999999999  3257
6  42.100000000000001  3178
7  38.399999999999999  3146
1  34.399999999999999  2511
2  42.200000000000003  3082
3  43.799999999999997  2886
4  44.5  2925
5  40.100000000000001  3039
6  36.899999999999999  2942
7  39.899999999999999  2978
1  52.899999999999999  2603
2  41.600000000000001  2884
3  42.0  3276
4  44.700000000000003  2759
5  42.100000000000001  3000
6  46.100000000000001  2818
7  41.0  3034
1  47.299999999999997  3015
2  42.899999999999999  2867
3  48.5  2885
4  41.700000000000003  2994
5  45.200000000000003  3022
6  41.899999999999999  2962
7  42.100000000000001  2939
1  53.700000000000003  2673
2  41.5  2923
3  50.5  3167
4  42.799999999999997  2962
5  36.399999999999999  2906
6  39.700000000000003  2893
7  39.600000000000001  2735
1  51.5  2659
2  46.700000000000003  3099
3  48.0  2538
4  44.899999999999999  2567
5  48.299999999999997  2767
6  42.700000000000003  2564
7  42.899999999999999  3208
1  35.700000000000003  3621
2  31.399999999999999  2996
3  50.299999999999997  2750
4  41.0  2784
5  47.399999999999999  2803
6  43.0  3350
7  35.899999999999999  3170
1  32.899999999999999  2694
2  46.399999999999999  2691
3  42.299999999999997  2759
4  44.100000000000001  3053
5  42.799999999999997  3430
6  36.600000000000001  3135
7  37.200000000000003  3093
1  53.600000000000001  2917
2  46.0  2797
3  47.600000000000001  3125
4  43.899999999999999  2942
5  38.5  3035
6  39.100000000000001  3448
7  43.5  2979
1  56.200000000000003  2984
2  42.700000000000003  2864
3  40.799999999999997  3036
4  34.5  2874
5  46.600000000000001  2803
6  36.299999999999997  3023
7  36.700000000000003  3164
1  49.899999999999999  2644
2  42.100000000000001  2946
3  43.899999999999999  2810
4  46.299999999999997  2887
5  48.200000000000003  2978
6  43.299999999999997  3054
7  39.700000000000003  3378
1  46.700000000000003  3118
2  37.899999999999999  2999
3  31.100000000000001  3219
4  55.200000000000003  2725
5  31.300000000000001  3407
6  42.799999999999997  3020
7  39.5  2696
1  35.799999999999997  2855
2  49.799999999999997  2609
3  43.399999999999999  2902
4  39.799999999999997  2782
5  41.0  2907
6  37.200000000000003  3226
7  46.799999999999997  3200
1  47.600000000000001  2908
2  43.899999999999999  3040
3  47.899999999999999  2849
4  39.600000000000001  2904
5  47.899999999999999  2899
6  34.799999999999997  2725
7  40.399999999999999  3119
1  43.200000000000003  2735
2  45.600000000000001  3037
3  46.899999999999999  2840
4  45.799999999999997  3110
5  37.799999999999997  2750
6  35.5  2795
7  38.0  2814
1  45.299999999999997  3199
2  34.899999999999999  2980
3  33.700000000000003  2873
4  38.100000000000001  3133
5  46.700000000000003  3026
6  39.399999999999999  3107
7  42.600000000000001  2985
1  34.399999999999999  2504
2  39.700000000000003  2839
3  41.600000000000001  3023
4  31.800000000000001  2565
5  40.700000000000003  3143
6  36.0  2975
7  41.899999999999999  3048
1  32.799999999999997  3002
2  42.5  3037
3  51.600000000000001  2756
4  34.899999999999999  3042
5  35.700000000000003  2866
6  38.399999999999999  3080
7  39.399999999999999  2935
1  43.0  2617
2  50.700000000000003  2930
3  36.399999999999999  2858
4  47.100000000000001  2942
5  40.700000000000003  2834
6  36.799999999999997  2918
7  33.299999999999997  2819
1  34.200000000000003  2710
2  48.600000000000001  2575
3  35.899999999999999  2508
4  29.699999999999999  3034
5  38.0  2751
6  35.700000000000003  3038
7  40.899999999999999  3233
1  38.399999999999999  3263
2  36.0  3128
3  41.600000000000001  2990
4  47.399999999999999  2954
5  34.0  3078
6  36.600000000000001  2863
7  36.299999999999997  3070
1  48.399999999999999  2725
2  40.0  2974
3  47.899999999999999  2827
4  35.399999999999999  2857
5  45.200000000000003  2916
6  36.299999999999997  2913
7  33.399999999999999  3037
1  48.5  2666
2  43.299999999999997  2861
3  40.5  2972
4  42.799999999999997  2977
5  44.700000000000003  2928
6  47.100000000000001  3118
7  32.600000000000001  2890
1  44.0  3158
2  35.200000000000003  2775
3  34.399999999999999  2617
4  47.700000000000003  2436
5  38.200000000000003  2839
6  38.399999999999999  3223
7  45.399999999999999  3059
1  41.0  2882
2  33.399999999999999  3186
3  40.799999999999997  2715
4  43.799999999999997  3272
5  47.899999999999999  2924
6  37.100000000000001  3247
7  31.399999999999999  3020
1  41.100000000000001  3261
2  41.0  2624
3  42.600000000000001  3332
4  39.899999999999999  2545
5  47.0  2826
6  46.200000000000003  2950
7  44.700000000000003  3373
1  32.899999999999999  3075
2  51.0  2895
3  39.399999999999999  2746
4  51.899999999999999  2693
5  37.0  3124
6  33.399999999999999  3423
7  36.600000000000001  3295
1  49.100000000000001  2597
2  37.399999999999999  3051
3  29.699999999999999  3341
4  27.699999999999999  2521
5  43.799999999999997  3258
6  41.700000000000003  3154
7  34.299999999999997  3318
1  46.5  3255
2  46.0  2741
3  53.100000000000001  2954
4  48.899999999999999  2818
5  43.899999999999999  3018
6  45.200000000000003  2929
7  32.100000000000001  3154
1  53.399999999999999  3224
2  52.5  2721
3  34.299999999999997  2849
4  52.799999999999997  3080
5  48.899999999999999  3114
6  37.799999999999997  3055
7  36.200000000000003  2638
1  33.899999999999999  2857
2  43.299999999999997  3056
3  54.399999999999999  2742
4  47.5  2687
5  48.799999999999997  3054
6  32.0  2949
7  43.399999999999999  3140
1  46.600000000000001  3027
2  40.100000000000001  2370
3  44.899999999999999  2813
4  43.799999999999997  2913
5  41.200000000000003  2790
6  45.600000000000001  2546
7  35.899999999999999  3234
1  48.799999999999997  2861
2  42.5  2977
3  40.600000000000001  2952
4  43.100000000000001  2591
5  48.0  3231
6  45.899999999999999  2910
7  36.5  3322
1  32.899999999999999  3033
2  41.5  2391
3  47.399999999999999  3075
4  37.200000000000003  2910
5  43.100000000000001  3080
6  38.399999999999999  3051
7  30.399999999999999  3383
1  44.0  2756
2  39.700000000000003  3079
3  45.200000000000003  3192
4  47.600000000000001  2599
5  40.799999999999997  2923
6  41.200000000000003  2880
7  28.899999999999999  3196
1  43.200000000000003  2724
2  35.299999999999997  3231
3  50.600000000000001  2664
4  44.399999999999999  3005
5  38.399999999999999  2791
6  44.700000000000003  3166
7  42.200000000000003  3004
1  44.0  2968
2  39.899999999999999  3161
3  48.600000000000001  2941
4  51.5  2981
5  43.0  3006
6  41.799999999999997  3145
7  29.5  2998
1  48.600000000000001  3058
2  31.800000000000001  3401
3  41.0  2908
4  49.0  2607
5  37.100000000000001  3273
6  42.600000000000001  3198
7  44.200000000000003  2999
1  44.0  2986
2  48.0  2787
3  38.299999999999997  2747
4  47.299999999999997  3040
5  36.399999999999999  2888
6  31.199999999999999  2968
7  44.0  3222
1  41.200000000000003  2660
2  48.200000000000003  2723
3  32.700000000000003  3046
4  45.700000000000003  2685
5  42.299999999999997  2820
6  35.700000000000003  2886
7  38.600000000000001  2862
1  43.600000000000001  2821
2  34.200000000000003  2760
3  41.399999999999999  3151
4  40.5  2462
5  48.600000000000001  3123
6  40.700000000000003  3249
7  75.200000000000003  1965
1  43.399999999999999  3241
2  45.100000000000001  2859
3  47.5  3391
4  47.299999999999997  2867
5  42.700000000000003  3173
6  50.799999999999997  3108
7  35.399999999999999  3252
1  45.600000000000001  2802
2  41.899999999999999  3551
3  36.200000000000003  3097
4  32.399999999999999  3202
5  36.899999999999999  3219
6  35.799999999999997  2960
7  46.299999999999997  2618
1  41.0  3019
2  39.100000000000001  2694
3  44.600000000000001  2943
4  39.200000000000003  2953
5  35.100000000000001  3175
6  46.700000000000003  2909
7  33.100000000000001  3177
1  38.5  3036
2  51.799999999999997  2964
3  40.799999999999997  2760
4  41.200000000000003  2565
5  38.799999999999997  2773
6  38.899999999999999  2560
7  32.399999999999999  2796
1  45.399999999999999  3064
2  48.299999999999997  3084
3  45.5  2942
4  39.200000000000003  3065
5  32.600000000000001  2726
6  39.600000000000001  3268
7  36.299999999999997  2804
1  40.5  2981
2  46.299999999999997  2843
3  43.399999999999999  2771
4  50.600000000000001  2721
5  46.600000000000001  2577
6  37.200000000000003  2609
7  40.5  3091
1  37.399999999999999  2869
2  41.899999999999999  2899
3  47.100000000000001  3177
4  33.899999999999999  2764
5  45.399999999999999  3112
6  31.699999999999999  3042
7  35.600000000000001  2661
1  48.200000000000003  2958
2  35.700000000000003  2881
3  41.299999999999997  3049
4  50.5  2858
5  41.700000000000003  3306
6  48.799999999999997  2963
7  36.700000000000003  2621
1  43.600000000000001  2926
2  32.399999999999999  2980
3  52.100000000000001  2931
4  43.600000000000001  3044
5  39.299999999999997  3015
6  38.899999999999999  2792
7  33.600000000000001  3550
1  39.0  2498
2  47.600000000000001  3167
3  44.299999999999997  2644
4  47.700000000000003  2872
5  34.0  2908
6  49.100000000000001  2757
7  48.5  3084
1  34.399999999999999  2712
2  40.299999999999997  2868
3  36.600000000000001  3077
4  44.700000000000003  3226
5  33.700000000000003  2752
6  50.600000000000001  2986
7  38.5  3175
1  50.100000000000001  2849
2  46.600000000000001  2670
3  45.899999999999999  3408
4  47.700000000000003  2982
5  49.299999999999997  3039
6  41.399999999999999  3190
7  34.200000000000003  2994
