1  67.0  530
2  44.0  520
3  53.0  453
4  48.0  496
5  39.0  520
6  45.0  517
7  75.0  506
1  66.0  502
2  21.0  376
3  25.0  416
4  38.0  342
5  32.0  517
6  32.0  589
7  38.0  617
1  55.0  462
2  43.0  389
3  62.0  540
4  44.0  533
5  52.0  456
6  5.0  260
7  46.0  576
1  72.0  508
2  1.0  344
3  88.0  517
4  38.0  401
5  27.0  430
6  46.0  633
7  21.0  510
1  65.0  495
2  62.0  472
3  35.0  528
4  37.0  510
5  51.0  565
6  58.0  511
7  67.0  503
1  78.0  507
2  12.0  261
3  58.0  463
4  41.0  424
5  40.0  542
6  35.0  499
7  47.0  509
1  42.0  490
2  70.0  494
3  65.0  550
4  54.0  539
5  68.0  541
6  51.0  412
7  21.0  451
1  60.0  469
2  63.0  515
3  36.0  482
4  41.0  561
5  25.0  464
6  37.0  567
7  46.0  572
1  51.0  404
2  51.0  502
3  39.0  508
4  68.0  570
5  25.0  458
6  46.0  471
7  33.0  561
1  34.0  480
2  75.0  510
3  47.0  528
4  27.0  464
5  40.0  496
6  25.0  616
7  49.0  565
1  44.0  468
2  55.0  381
3  42.0  575
4  52.0  522
5  87.0  515
6  37.0  610
7  32.0  509
1  21.0  220
2  54.0  538
3  38.0  395
4  32.0  547
5  71.0  482
6  60.0  515
7  56.0  517
1  72.0  503
2  35.0  537
3  63.0  555
4  49.0  443
5  56.0  535
6  60.0  613
7  32.0  540
1  8.0  219
2  48.0  530
3  34.0  391
4  29.0  477
5  40.0  411
6  17.0  614
7  66.0  591
1  15.0  465
2  66.0  498
3  51.0  562
4  42.0  433
5  65.0  550
6  19.0  530
7  31.0  537
1  63.0  526
2  46.0  500
3  45.0  541
4  26.0  330
5  17.0  346
6  37.0  538
7  46.0  542
1  73.0  515
2  39.0  480
3  47.0  551
4  55.0  477
5  57.0  581
6  40.0  500
7  77.0  522
1  82.0  517
2  75.0  521
3  63.0  505
4  62.0  576
5  23.0  457
6  22.0  437
7  38.0  550
1  32.0  414
2  33.0  387
3  47.0  526
4  28.0  466
5  66.0  529
6  51.0  623
7  24.0  554
1  35.0  472
2  39.0  466
3  44.0  520
4  57.0  479
5  35.0  430
6  69.0  533
7  80.0  484
1  40.0  505
2  58.0  526
3  66.0  549
4  20.0  467
5  45.0  501
6  41.0  531
7  64.0  534
1  48.0  351
2  47.0  413
3  71.0  440
4  71.0  535
5  68.0  509
6  18.0  300
7  11.0  396
1  13.0  286
2  37.0  494
3  56.0  536
4  26.0  367
5  53.0  536
6  27.0  485
7  67.0  583
1  39.0  517
2  74.0  522
3  47.0  394
4  43.0  552
5  22.0  429
6  81.0  551
7  30.0  499
1  37.0  534
2  86.0  509
3  58.0  529
4  68.0  526
5  61.0  562
6  60.0  542
7  79.0  511
1  62.0  513
2  46.0  482
3  57.0  546
4  10.0  308
5  31.0  474
6  33.0  544
7  31.0  550
1  64.0  498
2  52.0  359
3  45.0  499
4  33.0  428
5  52.0  522
6  46.0  554
7  19.0  474
1  21.0  331
2  25.0  429
3  66.0  535
4  44.0  517
5  11.0  239
6  38.0  492
7  36.0  465
1  51.0  501
2  50.0  498
3  60.0  565
4  56.0  524
5  36.0  359
6  36.0  595
7  28.0  471
1  46.0  374
2  24.0  383
3  65.0  515
4  82.0  522
5  39.0  504
6  38.0  486
7  53.0  619
1  68.0  505
2  77.0  523
3  55.0  475
4  41.0  451
5  52.0  630
6  82.0  528
7  20.0  517
1  74.0  518
2  46.0  421
3  58.0  501
4  40.0  540
5  56.0  604
6  19.0  549
7  60.0  490
1  48.0  488
2  57.0  518
3  41.0  350
4  57.0  581
5  35.0  524
6  22.0  350
7  46.0  431
1  13.0  147
2  69.0  497
3  19.0  374
4  19.0  269
5  19.0  336
6  28.0  482
7  45.0  526
1  38.0  527
2  54.0  503
3  44.0  380
4  21.0  407
5  69.0  531
6  51.0  447
7  38.0  486
1  89.0  515
2  47.0  484
3  60.0  481
4  16.0  468
5  84.0  516
6  33.0  471
7  40.0  575
1  69.0  504
2  16.0  244
3  51.0  554
4  44.0  527
5  27.0  567
6  48.0  603
7  47.0  620
1  32.0  528
2  57.0  513
3  81.0  576
4  34.0  567
5  49.0  332
6  43.0  511
7  10.0  507
1  34.0  384
2  23.0  363
3  44.0  441
4  26.0  438
5  38.0  489
6  59.0  576
7  22.0  513
1  36.0  478
2  46.0  495
3  43.0  506
4  23.0  517
5  50.0  524
6  59.0  544
7  45.0  431
1  81.0  503
2  33.0  453
3  53.0  488
4  30.0  334
5  15.0  343
6  47.0  466
7  23.0  541
1  65.0  510
2  70.0  524
3  27.0  438
4  49.0  592
5  30.0  575
6  37.0  416
7  47.0  595
1  60.0  493
2  36.0  518
3  21.0  367
4  70.0  522
5  53.0  575
6  43.0  525
7  20.0  473
1  77.0  495
2  85.0  517
3  75.0  504
4  52.0  532
5  51.0  526
6  45.0  546
7  40.0  618
1  61.0  476
2  57.0  527
3  53.0  524
4  48.0  528
5  49.0  537
6  24.0  499
7  44.0  500
1  61.0  507
2  34.0  271
3  34.0  566
4  22.0  377
5  75.0  490
6  26.0  582
7  45.0  550
1  35.0  351
2  36.0  386
3  42.0  466
4  44.0  511
5  72.0  533
6  40.0  561
7  35.0  587
1  46.0  396
2  83.0  504
3  58.0  494
4  62.0  514
5  52.0  520
6  21.0  307
7  36.0  509
1  76.0  490
2  36.0  451
3  46.0  481
4  43.0  450
5  43.0  587
6  44.0  554
7  55.0  525
1  25.0  503
2  58.0  490
3  61.0  513
4  64.0  518
5  77.0  543
6  44.0  588
7  67.0  562
1  66.0  510
2  62.0  510
3  50.0  528
4  50.0  485
5  40.0  519
6  81.0  490
7  24.0  574
1  86.0  506
2  60.0  476
3  57.0  522
4  34.0  485
5  35.0  374
6  38.0  487
7  52.0  539
1  54.0  464
2  48.0  343
3  19.0  353
4  34.0  387
5  40.0  538
6  17.0  435
7  51.0  484
1  69.0  512
2  45.0  523
3  39.0  549
4  51.0  544
5  16.0  258
6  37.0  515
7  25.0  491
1  54.0  514
2  51.0  489
3  33.0  485
4  86.0  523
5  27.0  508
6  21.0  527
7  64.0  556
1  70.0  490
2  57.0  390
3  52.0  598
4  59.0  485
5  51.0  551
6  40.0  523
7  19.0  416
1  15.0  459
2  65.0  515
3  36.0  527
4  42.0  481
5  36.0  610
6  36.0  537
7  19.0  560
1  39.0  309
2  43.0  429
3  59.0  490
4  66.0  540
5  33.0  470
6  42.0  409
7  32.0  459
1  43.0  342
2  38.0  486
3  75.0  541
4  61.0  589
5  46.0  480
6  14.0  529
7  47.0  497
1  20.0  377
2  14.0  455
3  66.0  503
4  72.0  443
5  51.0  485
6  68.0  563
7  52.0  665
1  67.0  507
2  62.0  446
3  71.0  540
4  33.0  450
5  48.0  509
6  35.0  471
7  14.0  415
1  30.0  362
2  49.0  516
3  55.0  522
4  25.0  341
5  42.0  611
6  46.0  541
7  31.0  528
1  51.0  514
2  25.0  400
3  25.0  271
4  40.0  491
5  29.0  423
6  52.0  460
7  22.0  461
1  47.0  458
2  66.0  487
3  47.0  414
4  72.0  557
5  56.0  562
6  26.0  494
7  29.0  500
1  52.0  519
2  60.0  463
3  53.0  429
4  45.0  380
5  4.0  416
6  36.0  430
7  34.0  534
1  80.0  489
2  19.0  461
3  43.0  420
4  36.0  315
5  25.0  403
6  24.0  342
7  44.0  509
1  85.0  522
2  20.0  375
3  56.0  526
4  29.0  539
5  49.0  469
6  73.0  557
7  30.0  421
1  42.0  327
2  57.0  436
3  50.0  515
4  20.0  313
5  42.0  442
6  64.0  529
7  36.0  512
1  43.0  489
2  30.0  430
3  43.0  452
4  79.0  473
5  45.0  502
6  30.0  472
7  57.0  578
1  82.0  508
2  90.0  516
3  48.0  358
4  53.0  532
5  76.0  538
6  26.0  508
7  34.0  532
1  27.0  367
2  53.0  452
3  65.0  514
4  27.0  394
5  51.0  581
6  33.0  388
7  53.0  660
1  61.0  496
2  47.0  368
3  68.0  478
4  43.0  543
5  61.0  565
6  47.0  559
7  57.0  438
1  42.0  450
2  25.0  370
3  36.0  511
4  65.0  455
5  58.0  463
6  26.0  459
7  26.0  439
1  64.0  397
2  40.0  419
3  49.0  559
4  26.0  383
5  22.0  547
6  56.0  582
7  44.0  559
1  43.0  483
2  53.0  462
3  35.0  442
4  22.0  388
5  42.0  548
6  44.0  488
7  23.0  289
1  82.0  477
2  50.0  396
3  39.0  451
4  29.0  509
5  36.0  487
6  36.0  525
7  51.0  492
1  68.0  516
2  71.0  518
3  74.0  552
4  40.0  484
5  51.0  418
6  22.0  420
7  57.0  596
1  81.0  512
2  36.0  437
3  55.0  366
4  67.0  521
5  32.0  588
6  25.0  461
7  33.0  514
1  46.0  460
2  43.0  440
3  39.0  477
4  41.0  405
5  55.0  527
6  58.0  639
7  25.0  584
1  3.0  319
2  63.0  541
3  69.0  508
4  54.0  505
5  33.0  399
6  62.0  535
7  47.0  558
1  47.0  516
2  35.0  490
3  32.0  487
4  62.0  546
5  64.0  557
6  35.0  484
7  40.0  461
1  29.0  506
2  51.0  515
3  51.0  463
4  45.0  508
5  33.0  454
6  48.0  511
7  44.0  574
1  69.0  504
2  70.0  501
3  36.0  519
4  56.0  463
5  42.0  474
6  44.0  534
7  19.0  360
1  60.0  497
2  51.0  448
3  34.0  423
4  47.0  537
5  58.0  528
6  22.0  511
7  39.0  529
1  74.0  456
2  45.0  460
3  85.0  515
4  40.0  429
5  20.0  358
6  44.0  393
7  57.0  519
1  56.0  507
2  49.0  519
3  8.0  407
4  31.0  439
5  63.0  546
6  70.0  562
7  45.0  473
1  56.0  509
2  19.0  405
3  55.0  503
4  77.0  567
5  33.0  468
6  51.0  417
7  47.0  582
1  79.0  503
2  79.0  523
3  53.0  469
4  36.0  565
5  37.0  507
6  16.0  541
7  48.0  525
1  31.0  504
2  59.0  522
3  22.0  315
4  55.0  559
5  42.0  573
6  57.0  573
7  65.0  583
1  62.0  516
2  28.0  345
3  50.0  457
4  49.0  536
5  40.0  489
6  33.0  488
7  45.0  581
1  11.0  397
2  35.0  389
3  41.0  469
4  62.0  534
5  35.0  527
6  32.0  614
7  49.0  500
1  66.0  506
2  38.0  519
3  15.0  328
4  61.0  531
5  42.0  495
6  72.0  535
7  53.0  488
1  32.0  307
2  46.0  496
3  39.0  586
4  51.0  537
5  42.0  561
6  39.0  517
7  30.0  446
1  29.0  452
2  32.0  382
3  47.0  550
4  51.0  494
5  35.0  492
6  31.0  547
7  66.0  530
1  45.0  400
2  48.0  476
3  50.0  438
4  76.0  546
5  26.0  490
6  46.0  458
7  31.0  334
1  60.0  367
2  68.0  543
3  47.0  509
4  69.0  524
5  58.0  614
6  51.0  494
7  28.0  500
1  12.0  221
2  28.0  396
3  67.0  530
4  29.0  481
5  45.0  481
6  38.0  569
7  34.0  730
1  53.0  514
2  37.0  444
3  40.0  492
4  19.0  300
5  33.0  539
6  38.0  519
7  40.0  524
1  69.0  505
2  58.0  534
3  28.0  482
4  78.0  519
5  69.0  519
6  35.0  496
7  47.0  573
1  9.0  340
2  56.0  514
3  9.0  267
4  61.0  523
5  24.0  481
6  48.0  488
7  57.0  536
