20  1  100.0  28.0
20  1  80.0  2032.0
20  1  64.0  3626.0
20  1  95.0  605.0
20  1  76.0  2404.0
20  1  95.0  507.0
20  1  95.0  506.0
20  1  69.0  3136.0
20  1  97.0  303.0
20  1  66.0  3415.0
20  1  3.0  9705.0
20  1  95.0  501.0
20  1  78.0  2200.0
20  1  100.0  4.0
20  1  86.0  1422.0
20  1  100.0  133.0
20  1  77.0  2323.0
20  1  84.0  1612.0
20  1  88.0  1231.0
20  1  94.0  618.0
20  1  73.0  2700.0
20  1  97.0  300.0
20  1  11.0  8922.0
20  1  85.0  1547.0
20  1  100.0  106.0
20  1  100.0  73.0
20  1  93.0  705.0
20  1  18.0  8216.0
20  1  0.0  10000.0
20  1  66.0  3420.0
20  1  73.0  2701.0
20  1  21.0  7900.0
20  1  91.0  900.0
20  1  36.0  6474.0
20  1  88.0  1201.0
20  1  94.0  601.0
20  1  70.0  3016.0
20  1  88.0  1200.0
20  1  77.0  2302.0
20  1  80.0  2006.0
20  1  95.0  515.0
20  1  85.0  1503.0
20  1  86.0  1400.0
20  1  81.0  1900.0
20  1  96.0  409.0
20  1  90.0  1005.0
20  1  82.0  1802.0
20  1  29.0  7180.0
20  1  0.0  10000.0
20  1  0.0  10000.0
20  1  87.0  1304.0
20  1  41.0  5951.0
20  1  90.0  1000.0
20  1  98.0  219.0
20  1  88.0  1200.0
20  1  60.0  4051.0
20  1  53.0  4747.0
20  1  100.0  13.0
20  1  92.0  838.0
20  1  90.0  1016.0
20  1  83.0  1737.0
20  1  96.0  411.0
20  1  24.0  7624.0
20  1  96.0  411.0
20  1  89.0  1131.0
20  1  97.0  306.0
20  1  9.0  9109.0
20  1  100.0  1.0
20  1  90.0  1000.0
20  1  88.0  1200.0
20  1  93.0  709.0
20  1  94.0  631.0
20  1  58.0  4211.0
20  1  86.0  1400.0
20  1  93.0  708.0
20  1  100.0  211.0
20  1  12.0  8812.0
20  1  88.0  1200.0
20  1  60.0  4004.0
20  1  88.0  1200.0
20  1  85.0  1500.0
20  1  0.0  10000.0
20  1  59.0  4218.0
20  1  86.0  1528.0
20  1  86.0  1400.0
20  1  88.0  1223.0
20  1  86.0  1425.0
20  1  84.0  1601.0
20  1  94.0  600.0
20  1  85.0  1525.0
20  1  97.0  330.0
20  1  97.0  302.0
20  1  97.0  312.0
20  1  27.0  7300.0
20  1  79.0  2107.0
20  1  90.0  1003.0
20  1  26.0  7426.0
20  1  93.0  710.0
20  1  93.0  721.0
20  1  75.0  2575.0
20  1  81.0  1903.0
20  1  57.0  4365.0
20  1  36.0  6473.0
20  1  40.0  6005.0
20  1  100.0  17.0
20  1  44.0  5636.0
20  1  54.0  4648.0
20  1  61.0  3965.0
20  1  15.0  8515.0
20  1  87.0  1366.0
20  1  79.0  2139.0
20  1  78.0  2278.0
20  1  99.0  106.0
20  1  66.0  3477.0
20  1  87.0  1341.0
20  1  97.0  312.0
20  1  61.0  3961.0
20  1  0.0  10000.0
20  1  62.0  3802.0
20  1  98.0  215.0
20  1  59.0  4216.0
20  1  77.0  2339.0
20  1  70.0  3140.0
20  1  82.0  1800.0
20  1  96.0  407.0
20  1  15.0  8500.0
20  1  89.0  1101.0
20  1  85.0  1507.0
20  1  76.0  2461.0
20  1  0.0  10000.0
20  1  60.0  4021.0
20  1  78.0  2204.0
20  1  5.0  9506.0
20  1  80.0  2000.0
20  1  92.0  802.0
20  1  92.0  800.0
20  1  99.0  103.0
20  1  98.0  227.0
20  1  90.0  1001.0
20  1  92.0  825.0
20  1  88.0  1288.0
20  1  100.0  209.0
20  1  67.0  3308.0
20  1  37.0  6366.0
20  1  92.0  803.0
20  1  44.0  5645.0
20  1  86.0  1438.0
20  1  84.0  1617.0
20  1  100.0  34.0
20  1  90.0  1002.0
20  1  100.0  10.0
20  1  85.0  1500.0
20  1  16.0  8432.0
20  1  99.0  133.0
20  1  85.0  1531.0
20  1  90.0  1002.0
20  1  83.0  1701.0
20  1  92.0  804.0
20  1  0.0  10000.0
20  1  87.0  1308.0
20  1  48.0  5243.0
20  1  76.0  2407.0
20  1  99.0  107.0
20  1  100.0  33.0
20  1  96.0  412.0
20  1  100.0  3.0
20  1  53.0  4707.0
20  1  80.0  2045.0
20  1  97.0  302.0
20  1  76.0  2400.0
20  1  95.0  500.0
20  1  75.0  2546.0
20  1  98.0  240.0
20  1  91.0  901.0
20  1  99.0  103.0
20  1  94.0  604.0
20  1  37.0  6411.0
20  1  84.0  1604.0
20  1  86.0  1403.0
20  1  87.0  1321.0
20  1  100.0  4.0
20  1  99.0  104.0
20  1  95.0  500.0
20  1  91.0  917.0
20  1  61.0  3937.0
20  1  78.0  2202.0
20  1  71.0  2925.0
20  1  100.0  26.0
20  1  74.0  2643.0
20  1  100.0  114.0
20  1  95.0  501.0
20  1  91.0  979.0
20  1  86.0  1438.0
20  1  66.0  3418.0
20  1  58.0  4213.0
20  1  87.0  1300.0
20  1  96.0  403.0
20  1  87.0  1300.0
20  1  96.0  413.0
20  1  92.0  892.0
20  2  70.0  3050.0
20  2  64.0  3723.0
20  2  73.0  2714.0
20  2  84.0  1615.0
20  2  92.0  800.0
20  2  86.0  1416.0
20  2  80.0  2080.0
20  2  65.0  3510.0
20  2  48.0  5266.0
20  2  74.0  2624.0
20  2  54.0  4710.0
20  2  77.0  2351.0
20  2  20.0  8042.0
20  2  0.0  10000.0
20  2  0.0  10000.0
20  2  98.0  202.0
20  2  71.0  2913.0
20  2  33.0  6730.0
20  2  81.0  1915.0
20  2  72.0  2802.0
20  2  73.0  2814.0
20  2  75.0  2543.0
20  2  91.0  901.0
20  2  91.0  936.0
20  2  100.0  2.0
20  2  54.0  4631.0
20  2  42.0  5807.0
20  2  60.0  4072.0
20  2  100.0  28.0
20  2  85.0  1526.0
20  2  70.0  3061.0
20  2  74.0  2632.0
20  2  87.0  1300.0
20  2  48.0  5213.0
20  2  88.0  1241.0
20  2  64.0  3627.0
20  2  86.0  1413.0
20  2  42.0  5825.0
20  2  63.0  3725.0
20  2  33.0  6744.0
20  2  91.0  993.0
20  2  68.0  3238.0
20  2  75.0  2575.0
20  2  61.0  3914.0
20  2  79.0  2118.0
20  2  44.0  5626.0
20  2  66.0  3453.0
20  2  92.0  814.0
20  2  5.0  9510.0
20  2  93.0  711.0
20  2  87.0  1346.0
20  2  49.0  5107.0
20  2  81.0  1919.0
20  2  57.0  4335.0
20  2  69.0  3106.0
20  2  64.0  3607.0
20  2  18.0  8230.0
20  2  58.0  4209.0
20  2  60.0  4009.0
20  2  33.0  6717.0
20  2  25.0  7558.0
20  2  94.0  606.0
20  2  55.0  4500.0
20  2  82.0  1893.0
20  2  100.0  50.0
20  2  90.0  1092.0
20  2  86.0  1471.0
20  2  90.0  1032.0
20  2  86.0  1415.0
20  2  84.0  1620.0
20  2  65.0  3557.0
20  2  45.0  5527.0
20  2  42.0  5834.0
20  2  57.0  4327.0
20  2  59.0  4156.0
20  2  17.0  8321.0
20  2  94.0  625.0
20  2  88.0  1200.0
20  2  66.0  3429.0
20  2  86.0  1444.0
20  2  70.0  3075.0
20  2  44.0  5601.0
20  2  100.0  37.0
20  2  69.0  3139.0
20  2  98.0  214.0
20  2  33.0  6799.0
20  2  66.0  3424.0
20  2  94.0  610.0
20  2  92.0  803.0
20  2  100.0  24.0
20  2  13.0  8728.0
20  2  27.0  7345.0
20  2  66.0  3457.0
20  2  91.0  926.0
20  2  90.0  1006.0
20  2  50.0  5095.0
20  2  65.0  3546.0
20  2  32.0  6831.0
20  2  0.0  10000.0
20  2  76.0  2421.0
20  2  65.0  3525.0
20  2  90.0  1004.0
20  2  87.0  1313.0
20  2  97.0  308.0
20  2  90.0  1012.0
20  2  83.0  1700.0
20  2  61.0  3900.0
20  2  61.0  3939.0
20  2  92.0  815.0
20  2  81.0  1925.0
20  2  33.0  6730.0
20  2  78.0  2229.0
20  2  73.0  2725.0
20  2  100.0  3.0
20  2  96.0  413.0
20  2  43.0  5718.0
20  2  63.0  3713.0
20  2  9.0  9118.0
20  2  88.0  1200.0
20  2  93.0  707.0
20  2  57.0  4309.0
20  2  94.0  608.0
20  2  69.0  3169.0
20  2  93.0  702.0
20  2  84.0  1614.0
20  2  69.0  3112.0
20  2  82.0  1800.0
20  2  66.0  3429.0
20  2  72.0  2813.0
20  2  87.0  1309.0
20  2  63.0  3715.0
20  2  92.0  801.0
20  2  70.0  3026.0
20  2  76.0  2435.0
20  2  54.0  4607.0
20  2  65.0  3500.0
20  2  70.0  3062.0
20  2  48.0  5241.0
20  2  97.0  301.0
20  2  88.0  1288.0
20  2  48.0  5265.0
20  2  80.0  2000.0
20  2  90.0  1090.0
20  2  90.0  1010.0
20  2  67.0  3314.0
20  2  96.0  406.0
20  2  55.0  4539.0
20  2  53.0  4750.0
20  2  75.0  2567.0
20  2  0.0  10000.0
20  2  34.0  6608.0
20  2  88.0  1201.0
20  2  45.0  5528.0
20  2  66.0  3427.0
20  2  36.0  6429.0
20  2  62.0  3830.0
20  2  66.0  3413.0
20  2  48.0  5230.0
20  2  56.0  4410.0
20  2  39.0  6206.0
20  2  57.0  4341.0
20  2  91.0  901.0
20  2  93.0  701.0
20  2  46.0  5416.0
20  2  12.0  8827.0
20  2  70.0  3080.0
20  2  75.0  2525.0
20  2  58.0  4250.0
20  2  58.0  4227.0
20  2  37.0  6321.0
20  2  13.0  8729.0
20  2  88.0  1200.0
20  2  90.0  1012.0
20  2  49.0  5119.0
20  2  93.0  700.0
20  2  51.0  4941.0
20  2  51.0  4973.0
20  2  81.0  1934.0
20  2  85.0  1517.0
20  2  100.0  26.0
20  2  74.0  2643.0
20  2  24.0  7624.0
20  2  73.0  2700.0
20  2  91.0  932.0
20  2  96.0  413.0
20  2  35.0  6517.0
20  2  11.0  8922.0
20  2  76.0  2411.0
20  2  95.0  520.0
20  2  0.0  10000.0
20  2  71.0  2957.0
20  2  41.0  5919.0
20  2  63.0  3724.0
20  2  66.0  3420.0
20  2  22.0  7804.0
20  2  89.0  1104.0
20  2  76.0  2405.0
20  2  44.0  5612.0
20  2  77.0  2312.0
20  2  77.0  2306.0
20  3  89.0  1121.0
20  3  21.0  7944.0
20  3  40.0  6040.0
20  3  98.0  220.0
20  3  52.0  4823.0
20  3  49.0  5126.0
20  3  57.0  4415.0
20  3  42.0  5800.0
20  3  42.0  5843.0
20  3  73.0  2714.0
20  3  55.0  4532.0
20  3  94.0  633.0
20  3  75.0  2525.0
20  3  63.0  3713.0
20  3  43.0  5766.0
20  3  90.0  1005.0
20  3  36.0  6423.0
20  3  82.0  1802.0
20  3  70.0  3000.0
20  3  95.0  516.0
20  3  92.0  809.0
20  3  71.0  2916.0
20  3  61.0  3920.0
20  3  67.0  3322.0
20  3  55.0  4526.0
20  3  62.0  3850.0
20  3  42.0  5837.0
20  3  57.0  4347.0
20  3  0.0  10000.0
20  3  66.0  3417.0
20  3  70.0  3003.0
20  3  83.0  1741.0
20  3  32.0  6834.0
20  3  80.0  2121.0
20  3  74.0  2611.0
20  3  98.0  245.0
20  3  66.0  3437.0
20  3  86.0  1427.0
20  3  75.0  2513.0
20  3  51.0  4968.0
20  3  76.0  2414.0
20  3  66.0  3409.0
20  3  94.0  603.0
20  3  56.0  4409.0
20  3  40.0  6041.0
20  3  21.0  7929.0
20  3  96.0  421.0
20  3  96.0  408.0
20  3  66.0  3473.0
20  3  63.0  3728.0
20  3  40.0  6049.0
20  3  60.0  4051.0
20  3  54.0  4658.0
20  3  70.0  3024.0
20  3  30.0  7024.0
20  3  25.0  7530.0
20  3  98.0  212.0
20  3  61.0  3940.0
20  3  57.0  4363.0
20  3  38.0  6217.0
20  3  90.0  1044.0
20  3  56.0  4435.0
20  3  69.0  3149.0
20  3  99.0  107.0
20  3  72.0  2800.0
20  3  50.0  5006.0
20  3  25.0  7538.0
20  3  96.0  457.0
20  3  61.0  3914.0
20  3  18.0  8231.0
20  3  61.0  3967.0
20  3  36.0  6425.0
20  3  85.0  1517.0
20  3  92.0  808.0
20  3  77.0  2343.0
20  3  40.0  6071.0
20  3  68.0  3232.0
20  3  70.0  3104.0
20  3  87.0  1343.0
20  3  49.0  5129.0
20  3  32.0  6842.0
20  3  74.0  2647.0
20  3  83.0  1712.0
20  3  81.0  1931.0
20  3  92.0  821.0
20  3  66.0  3407.0
20  3  96.0  420.0
20  3  34.0  6641.0
20  3  44.0  5617.0
20  3  29.0  7127.0
20  3  81.0  1900.0
20  3  54.0  4668.0
20  3  90.0  1001.0
20  3  96.0  407.0
20  3  17.0  8329.0
20  3  24.0  7621.0
20  3  86.0  1427.0
20  3  97.0  313.0
20  3  95.0  634.0
20  3  86.0  1436.0
20  3  54.0  4675.0
20  3  97.0  317.0
20  3  96.0  402.0
20  3  100.0  12.0
20  3  100.0  33.0
20  3  94.0  600.0
20  3  76.0  2400.0
20  3  15.0  8545.0
20  3  30.0  7055.0
20  3  70.0  3071.0
20  3  80.0  2000.0
20  3  82.0  1856.0
20  3  76.0  2524.0
20  3  10.0  9018.0
20  3  54.0  4635.0
20  3  84.0  1608.0
20  3  87.0  1350.0
20  3  58.0  4210.0
20  3  66.0  3400.0
20  3  94.0  606.0
20  3  71.0  2921.0
20  3  92.0  825.0
20  3  83.0  1739.0
20  3  43.0  5731.0
20  3  82.0  1807.0
20  3  95.0  604.0
20  3  34.0  6607.0
20  3  43.0  5711.0
20  3  42.0  5840.0
20  3  63.0  3708.0
20  3  40.0  6024.0
20  3  30.0  7027.0
20  3  23.0  7711.0
20  3  85.0  1516.0
20  3  62.0  3823.0
20  3  57.0  4369.0
20  3  55.0  4502.0
20  3  64.0  3641.0
20  3  54.0  4616.0
20  3  94.0  618.0
20  3  75.0  2533.0
20  3  82.0  1821.0
20  3  76.0  2412.0
20  3  63.0  3706.0
20  3  38.0  6242.0
20  3  80.0  2007.0
20  3  40.0  6082.0
20  3  65.0  3563.0
20  3  85.0  1527.0
20  3  74.0  2628.0
20  3  67.0  3308.0
20  3  51.0  4937.0
20  3  45.0  5514.0
20  3  0.0  10000.0
20  3  31.0  6932.0
20  3  88.0  1223.0
20  3  63.0  3727.0
20  3  62.0  3828.0
20  3  65.0  3547.0
20  3  76.0  2412.0
20  3  62.0  3834.0
20  3  24.0  7634.0
20  3  84.0  1609.0
20  3  42.0  5848.0
20  3  64.0  3600.0
20  3  90.0  1009.0
20  3  41.0  5933.0
20  3  22.0  7822.0
20  3  14.0  8609.0
20  3  46.0  5411.0
20  3  31.0  6915.0
20  3  60.0  4020.0
20  3  83.0  1700.0
20  3  100.0  257.0
20  3  94.0  610.0
20  3  60.0  4002.0
20  3  15.0  8523.0
20  3  41.0  5948.0
20  3  33.0  6723.0
20  3  23.0  7734.0
20  3  78.0  2244.0
20  3  53.0  4736.0
20  3  24.0  7628.0
20  3  86.0  1410.0
20  3  26.0  7421.0
20  3  99.0  121.0
20  3  77.0  2322.0
20  3  78.0  2226.0
20  3  88.0  1200.0
20  3  67.0  3300.0
20  3  85.0  1501.0
20  3  82.0  1800.0
20  3  75.0  2526.0
20  3  42.0  5816.0
20  3  52.0  4812.0
20  3  6.0  9409.0
20  3  49.0  5144.0
20  3  86.0  1415.0
20  3  84.0  1616.0
20  3  36.0  6431.0
20  4  32.0  6839.0
20  4  29.0  7136.0
20  4  0.0  10000.0
20  4  44.0  5625.0
20  4  94.0  604.0
20  4  30.0  7040.0
20  4  75.0  2520.0
20  4  79.0  2134.0
20  4  47.0  5339.0
20  4  71.0  2927.0
20  4  51.0  4944.0
20  4  84.0  1612.0
20  4  21.0  7934.0
20  4  87.0  1319.0
20  4  29.0  7147.0
20  4  15.0  8508.0
20  4  60.0  4070.0
20  4  57.0  4324.0
20  4  81.0  1972.0
20  4  16.0  8436.0
20  4  19.0  8119.0
20  4  36.0  6430.0
20  4  9.0  9100.0
20  4  19.0  8131.0
20  4  49.0  5155.0
20  4  31.0  6933.0
20  4  42.0  5816.0
20  4  41.0  5933.0
20  4  85.0  1501.0
20  4  72.0  2801.0
20  4  24.0  7625.0
20  4  39.0  6141.0
20  4  34.0  6646.0
20  4  39.0  6172.0
20  4  77.0  2374.0
20  4  84.0  1606.0
20  4  29.0  7133.0
20  4  16.0  8430.0
20  4  51.0  4918.0
20  4  94.0  618.0
20  4  22.0  7819.0
20  4  74.0  2611.0
20  4  77.0  2316.0
20  4  70.0  3014.0
20  4  33.0  6731.0
20  4  17.0  8333.0
20  4  74.0  2634.0
20  4  68.0  3213.0
20  4  15.0  8522.0
20  4  63.0  3713.0
20  4  33.0  6742.0
20  4  68.0  3242.0
20  4  42.0  5850.0
20  4  52.0  4844.0
20  4  60.0  4030.0
20  4  64.0  3615.0
20  4  23.0  7733.0
20  4  62.0  3801.0
20  4  80.0  2017.0
20  4  41.0  5929.0
20  4  86.0  1441.0
20  4  35.0  6503.0
20  4  95.0  500.0
20  4  39.0  6128.0
20  4  79.0  2155.0
20  4  45.0  5519.0
20  4  100.0  18.0
20  4  49.0  5100.0
20  4  83.0  1727.0
20  4  19.0  8116.0
20  4  59.0  4127.0
20  4  43.0  5754.0
20  4  82.0  1830.0
20  4  33.0  6758.0
20  4  44.0  5630.0
20  4  27.0  7333.0
20  4  55.0  4505.0
20  4  58.0  4260.0
20  4  77.0  2343.0
20  4  77.0  2312.0
20  4  44.0  5616.0
20  4  22.0  7832.0
20  4  20.0  8035.0
20  4  36.0  6426.0
20  4  97.0  340.0
20  4  68.0  3217.0
20  4  57.0  4358.0
20  4  23.0  7711.0
20  4  32.0  6856.0
20  4  16.0  8419.0
20  4  38.0  6257.0
20  4  20.0  8025.0
20  4  26.0  7433.0
20  4  13.0  8723.0
20  4  94.0  600.0
20  4  56.0  4439.0
20  4  89.0  1100.0
20  4  13.0  8730.0
20  4  64.0  3610.0
20  4  95.0  509.0
20  4  80.0  2008.0
20  4  29.0  7158.0
20  4  88.0  1261.0
20  4  87.0  1300.0
20  4  38.0  6259.0
20  4  32.0  6819.0
20  4  31.0  6933.0
20  4  52.0  4821.0
20  4  41.0  5934.0
20  4  52.0  4831.0
20  4  31.0  6922.0
20  4  0.0  10000.0
20  4  56.0  4438.0
20  4  86.0  1451.0
20  4  47.0  5356.0
20  4  63.0  3763.0
20  4  16.0  8425.0
20  4  100.0  14.0
20  4  27.0  7332.0
20  4  10.0  9020.0
20  4  41.0  5935.0
20  4  87.0  1308.0
20  4  36.0  6451.0
20  4  60.0  4033.0
20  4  39.0  6144.0
20  4  91.0  909.0
20  4  53.0  4702.0
20  4  91.0  926.0
20  4  61.0  3984.0
20  4  9.0  9118.0
20  4  52.0  4856.0
20  4  35.0  6535.0
20  4  35.0  6559.0
20  4  85.0  1536.0
20  4  19.0  8127.0
20  4  69.0  3248.0
20  4  65.0  3535.0
20  4  70.0  3017.0
20  4  40.0  6032.0
20  4  73.0  2718.0
20  4  89.0  1100.0
20  4  38.0  6225.0
20  4  16.0  8436.0
20  4  46.0  5452.0
20  4  34.0  6625.0
20  4  88.0  1203.0
20  4  68.0  3218.0
20  4  74.0  2611.0
20  4  61.0  3910.0
20  4  55.0  4508.0
20  4  92.0  815.0
20  4  39.0  6153.0
20  4  90.0  1024.0
20  4  49.0  5116.0
20  4  36.0  6453.0
20  4  71.0  2913.0
20  4  97.0  320.0
20  4  55.0  4538.0
20  4  43.0  5723.0
20  4  18.0  8219.0
20  4  96.0  403.0
20  4  70.0  3026.0
20  4  70.0  3023.0
20  4  0.0  10000.0
20  4  20.0  8031.0
20  4  85.0  1518.0
20  4  23.0  7738.0
20  4  68.0  3268.0
20  4  82.0  1800.0
20  4  8.0  9215.0
20  4  15.0  8520.0
20  4  81.0  1920.0
20  4  25.0  7542.0
20  4  40.0  6027.0
20  4  96.0  430.0
20  4  45.0  5504.0
20  4  51.0  4958.0
20  4  93.0  770.0
20  4  64.0  3627.0
20  4  87.0  1300.0
20  4  68.0  3210.0
20  4  79.0  2125.0
20  4  36.0  6443.0
20  4  68.0  3238.0
20  4  100.0  14.0
20  4  33.0  6739.0
20  4  62.0  3863.0
20  4  45.0  5566.0
20  4  80.0  2017.0
20  4  18.0  8217.0
20  4  82.0  1831.0
20  4  0.0  10000.0
20  4  43.0  5706.0
20  4  70.0  3008.0
20  4  49.0  5142.0
20  4  65.0  3518.0
20  4  25.0  7528.0
20  4  51.0  4922.0
20  4  62.0  3847.0
20  4  57.0  4342.0
20  5  79.0  2113.0
20  5  48.0  5211.0
20  5  50.0  5032.0
20  5  44.0  5657.0
20  5  20.0  8054.0
20  5  85.0  1501.0
20  5  45.0  5541.0
20  5  93.0  703.0
20  5  12.0  8832.0
20  5  38.0  6247.0
20  5  97.0  312.0
20  5  79.0  2139.0
20  5  30.0  7026.0
20  5  100.0  125.0
20  5  61.0  3932.0
20  5  43.0  5737.0
20  5  76.0  2411.0
20  5  57.0  4331.0
20  5  56.0  4455.0
20  5  60.0  4053.0
20  5  36.0  6421.0
20  5  42.0  5838.0
20  5  30.0  7032.0
20  5  26.0  7448.0
20  5  60.0  4027.0
20  5  95.0  595.0
20  5  27.0  7327.0
20  5  24.0  7636.0
20  5  61.0  3909.0
20  5  29.0  7131.0
20  5  41.0  5922.0
20  5  25.0  7513.0
20  5  32.0  6833.0
20  5  72.0  2809.0
20  5  39.0  6106.0
20  5  19.0  8141.0
20  5  59.0  4106.0
20  5  12.0  8815.0
20  5  81.0  1948.0
20  5  27.0  7320.0
20  5  47.0  5360.0
20  5  21.0  7927.0
20  5  57.0  4310.0
20  5  16.0  8416.0
20  5  28.0  7252.0
20  5  80.0  2010.0
20  5  85.0  1512.0
20  5  72.0  2809.0
20  5  30.0  7018.0
20  5  64.0  3637.0
20  5  21.0  7930.0
20  5  83.0  1717.0
20  5  80.0  2033.0
20  5  31.0  6949.0
20  5  94.0  614.0
20  5  33.0  6782.0
20  5  19.0  8109.0
20  5  30.0  7019.0
20  5  60.0  4030.0
20  5  39.0  6153.0
20  5  98.0  217.0
20  5  45.0  5538.0
20  5  49.0  5108.0
20  5  34.0  6658.0
20  5  53.0  4736.0
20  5  77.0  2300.0
20  5  32.0  6811.0
20  5  94.0  603.0
20  5  100.0  12.0
20  5  27.0  7349.0
20  5  41.0  5913.0
20  5  50.0  5071.0
20  5  77.0  2350.0
20  5  51.0  4937.0
20  5  43.0  5760.0
20  5  19.0  8143.0
20  5  31.0  6947.0
20  5  23.0  7733.0
20  5  63.0  3722.0
20  5  18.0  8219.0
20  5  71.0  2910.0
20  5  11.0  8927.0
20  5  46.0  5457.0
20  5  26.0  7421.0
20  5  30.0  7014.0
20  5  33.0  6753.0
20  5  82.0  1809.0
20  5  15.0  8515.0
20  5  20.0  8025.0
20  5  16.0  8413.0
20  5  66.0  3416.0
20  5  63.0  3769.0
20  5  35.0  6553.0
20  5  6.0  9402.0
20  5  66.0  3413.0
20  5  16.0  8429.0
20  5  28.0  7244.0
20  5  65.0  3527.0
20  5  96.0  434.0
20  5  17.0  8330.0
20  5  0.0  10000.0
20  5  31.0  6958.0
20  5  86.0  1409.0
20  5  73.0  2794.0
20  5  52.0  4868.0
20  5  77.0  2322.0
20  5  53.0  4736.0
20  5  85.0  1500.0
20  5  85.0  1585.0
20  5  22.0  7818.0
20  5  86.0  1463.0
20  5  21.0  7926.0
20  5  36.0  6460.0
20  5  13.0  8708.0
20  5  15.0  8536.0
20  5  40.0  6043.0
20  5  61.0  3925.0
20  5  75.0  2520.0
20  5  21.0  7935.0
20  5  38.0  6260.0
20  5  57.0  4343.0
20  5  30.0  7034.0
20  5  33.0  6725.0
20  5  48.0  5213.0
20  5  77.0  2300.0
20  5  35.0  6535.0
20  5  77.0  2325.0
20  5  36.0  6450.0
20  5  49.0  5133.0
20  5  79.0  2130.0
20  5  21.0  7919.0
20  5  51.0  4951.0
20  5  37.0  6300.0
20  5  35.0  6520.0
20  5  51.0  4930.0
20  5  89.0  1128.0
20  5  45.0  5552.0
20  5  61.0  3910.0
20  5  30.0  7015.0
20  5  29.0  7146.0
20  5  42.0  5847.0
20  5  23.0  7746.0
20  5  21.0  7918.0
20  5  74.0  2611.0
20  5  33.0  6749.0
20  5  58.0  4252.0
20  5  77.0  2312.0
20  5  71.0  2934.0
20  5  50.0  5006.0
20  5  69.0  3131.0
20  5  69.0  3141.0
20  5  70.0  3010.0
20  5  33.0  6738.0
20  5  25.0  7517.0
20  5  27.0  7339.0
20  5  41.0  5920.0
20  5  32.0  6832.0
20  5  83.0  1732.0
20  5  47.0  5320.0
20  5  38.0  6215.0
20  5  46.0  5491.0
20  5  66.0  3414.0
20  5  28.0  7225.0
20  5  10.0  9017.0
20  5  86.0  1434.0
20  5  100.0  16.0
20  5  21.0  7933.0
20  5  36.0  6437.0
20  5  20.0  8036.0
20  5  76.0  2440.0
20  5  1.0  9902.0
20  5  80.0  2014.0
20  5  69.0  3142.0
20  5  33.0  6740.0
20  5  82.0  1858.0
20  5  17.0  8322.0
20  5  17.0  8331.0
20  5  0.0  10000.0
20  5  54.0  4603.0
20  5  84.0  1600.0
20  5  22.0  7832.0
20  5  53.0  4728.0
20  5  90.0  1003.0
20  5  64.0  3629.0
20  5  71.0  2924.0
20  5  95.0  509.0
20  5  32.0  6879.0
20  5  26.0  7432.0
20  5  70.0  3035.0
20  5  25.0  7508.0
20  5  50.0  5009.0
20  5  53.0  4731.0
20  5  68.0  3256.0
20  5  86.0  1400.0
20  5  0.0  10000.0
20  5  65.0  3544.0
20  5  13.0  8706.0
20  5  82.0  1819.0
20  5  42.0  5842.0
20  5  41.0  5964.0
20  6  62.0  3875.0
20  6  100.0  1.0
20  6  55.0  4526.0
20  6  24.0  7632.0
20  6  38.0  6237.0
20  6  48.0  5248.0
20  6  38.0  6205.0
20  6  73.0  2720.0
20  6  27.0  7317.0
20  6  76.0  2407.0
20  6  34.0  6614.0
20  6  48.0  5263.0
20  6  66.0  3448.0
20  6  33.0  6743.0
20  6  100.0  17.0
20  6  52.0  4802.0
20  6  23.0  7729.0
20  6  35.0  6544.0
20  6  62.0  3881.0
20  6  35.0  6523.0
20  6  60.0  4084.0
20  6  21.0  7956.0
20  6  37.0  6385.0
20  6  15.0  8532.0
20  6  43.0  5728.0
20  6  31.0  6936.0
20  6  77.0  2307.0
20  6  78.0  2206.0
20  6  39.0  6137.0
20  6  50.0  5019.0
20  6  47.0  5319.0
20  6  40.0  6099.0
20  6  20.0  8028.0
20  6  35.0  6526.0
20  6  16.0  8442.0
20  6  51.0  4941.0
20  6  0.0  10000.0
20  6  40.0  6049.0
20  6  80.0  2035.0
20  6  24.0  7622.0
20  6  29.0  7135.0
20  6  29.0  7139.0
20  6  53.0  4759.0
20  6  44.0  5626.0
20  6  35.0  6541.0
20  6  21.0  7919.0
20  6  53.0  4711.0
20  6  22.0  7850.0
20  6  37.0  6346.0
20  6  59.0  4118.0
20  6  79.0  2112.0
20  6  74.0  2613.0
20  6  63.0  3739.0
20  6  5.0  9515.0
20  6  58.0  4200.0
20  6  87.0  1477.0
20  6  71.0  2974.0
20  6  0.0  10000.0
20  6  39.0  6156.0
20  6  37.0  6357.0
20  6  78.0  2218.0
20  6  81.0  1912.0
20  6  79.0  2103.0
20  6  27.0  7327.0
20  6  19.0  8131.0
20  6  34.0  6630.0
20  6  73.0  2720.0
20  6  72.0  2809.0
20  6  85.0  1532.0
20  6  95.0  555.0
20  6  18.0  8249.0
20  6  38.0  6232.0
20  6  62.0  3837.0
20  6  90.0  1023.0
20  6  87.0  1302.0
20  6  86.0  1486.0
20  6  18.0  8222.0
20  6  93.0  705.0
20  6  21.0  7929.0
20  6  89.0  1107.0
20  6  40.0  6048.0
20  6  76.0  2488.0
20  6  62.0  3869.0
20  6  40.0  6024.0
20  6  66.0  3400.0
20  6  21.0  7924.0
20  6  69.0  3170.0
20  6  93.0  747.0
20  6  58.0  4219.0
20  6  41.0  5955.0
20  6  22.0  7842.0
20  6  55.0  4579.0
20  6  68.0  3218.0
20  6  28.0  7265.0
20  6  81.0  1909.0
20  6  57.0  4420.0
20  6  25.0  7556.0
20  6  75.0  2520.0
20  6  22.0  7828.0
20  6  13.0  8716.0
20  6  23.0  7740.0
20  6  19.0  8117.0
20  6  94.0  609.0
20  6  98.0  219.0
20  6  7.0  9314.0
20  6  57.0  4328.0
20  6  48.0  5227.0
20  6  100.0  10.0
20  6  44.0  5618.0
20  6  42.0  5838.0
20  6  38.0  6258.0
20  6  24.0  7629.0
20  6  40.0  6030.0
20  6  26.0  7451.0
20  6  86.0  1400.0
20  6  31.0  6928.0
20  6  47.0  5313.0
20  6  24.0  7617.0
20  6  24.0  7642.0
20  6  59.0  4129.0
20  6  80.0  2029.0
20  6  19.0  8135.0
20  6  24.0  7639.0
20  6  42.0  5859.0
20  6  8.0  9208.0
20  6  81.0  1900.0
20  6  33.0  6701.0
20  6  57.0  4404.0
20  6  84.0  1600.0
20  6  46.0  5437.0
20  6  12.0  8831.0
20  6  31.0  6933.0
20  6  85.0  1515.0
20  6  55.0  4520.0
20  6  15.0  8521.0
20  6  17.0  8334.0
20  6  78.0  2216.0
20  6  61.0  3911.0
20  6  67.0  3371.0
20  6  55.0  4559.0
20  6  94.0  613.0
20  6  47.0  5324.0
20  6  36.0  6421.0
20  6  43.0  5746.0
20  6  55.0  4501.0
20  6  42.0  5846.0
20  6  42.0  5818.0
20  6  56.0  4402.0
20  6  31.0  6931.0
20  6  65.0  3517.0
20  6  92.0  800.0
20  6  62.0  3875.0
20  6  64.0  3612.0
20  6  54.0  4628.0
20  6  19.0  8134.0
20  6  68.0  3219.0
20  6  49.0  5118.0
20  6  26.0  7419.0
20  6  75.0  2535.0
20  6  88.0  1226.0
20  6  79.0  2103.0
20  6  82.0  1833.0
20  6  59.0  4127.0
20  6  29.0  7126.0
20  6  32.0  6842.0
20  6  100.0  37.0
20  6  50.0  5078.0
20  6  10.0  9025.0
20  6  36.0  6435.0
20  6  60.0  4033.0
20  6  36.0  6457.0
20  6  1.0  9903.0
20  6  12.0  8825.0
20  6  20.0  8031.0
20  6  16.0  8429.0
20  6  16.0  8425.0
20  6  13.0  8715.0
20  6  18.0  8246.0
20  6  69.0  3144.0
20  6  46.0  5454.0
20  6  32.0  6850.0
20  6  30.0  7005.0
20  6  23.0  7721.0
20  6  17.0  8343.0
20  6  47.0  5327.0
20  6  64.0  3642.0
20  6  31.0  6938.0
20  6  33.0  6762.0
20  6  34.0  6644.0
20  6  46.0  5460.0
20  6  15.0  8513.0
20  6  66.0  3431.0
20  6  32.0  6803.0
20  6  73.0  2707.0
20  6  16.0  8429.0
20  6  24.0  7604.0
20  6  73.0  2721.0
20  6  51.0  4911.0
20  6  29.0  7147.0
20  6  36.0  6436.0
20  7  45.0  5511.0
20  7  71.0  2924.0
20  7  21.0  7904.0
20  7  62.0  3800.0
20  7  33.0  6742.0
20  7  26.0  7427.0
20  7  35.0  6559.0
20  7  67.0  3316.0
20  7  39.0  6152.0
20  7  19.0  8117.0
20  7  19.0  8135.0
20  7  20.0  8034.0
20  7  56.0  4454.0
20  7  61.0  3960.0
20  7  78.0  2250.0
20  7  56.0  4416.0
20  7  31.0  6935.0
20  7  64.0  3609.0
20  7  79.0  2134.0
20  7  35.0  6525.0
20  7  27.0  7309.0
20  7  34.0  6635.0
20  7  29.0  7112.0
20  7  34.0  6633.0
20  7  32.0  6867.0
20  7  37.0  6345.0
20  7  42.0  5851.0
20  7  28.0  7265.0
20  7  23.0  7741.0
20  7  30.0  7056.0
20  7  49.0  5119.0
20  7  22.0  7841.0
20  7  94.0  610.0
20  7  24.0  7672.0
20  7  13.0  8716.0
20  7  32.0  6854.0
20  7  71.0  2921.0
20  7  52.0  4801.0
20  7  22.0  7824.0
20  7  60.0  4016.0
20  7  9.0  9110.0
20  7  38.0  6210.0
20  7  35.0  6547.0
20  7  44.0  5657.0
20  7  50.0  5042.0
20  7  80.0  2008.0
20  7  45.0  5503.0
20  7  58.0  4268.0
20  7  41.0  5934.0
20  7  15.0  8534.0
20  7  31.0  6932.0
20  7  70.0  3047.0
20  7  12.0  8826.0
20  7  9.0  9120.0
20  7  32.0  6852.0
20  7  83.0  1722.0
20  7  86.0  1404.0
20  7  12.0  8810.0
20  7  27.0  7343.0
20  7  46.0  5413.0
20  7  70.0  3039.0
20  7  42.0  5820.0
20  7  12.0  8821.0
20  7  36.0  6436.0
20  7  49.0  5122.0
20  7  73.0  2754.0
20  7  78.0  2216.0
20  7  78.0  2232.0
20  7  68.0  3215.0
20  7  82.0  1809.0
20  7  79.0  2118.0
20  7  22.0  7812.0
20  7  67.0  3367.0
20  7  25.0  7539.0
20  7  91.0  902.0
20  7  25.0  7527.0
20  7  20.0  8036.0
20  7  27.0  7351.0
20  7  32.0  6807.0
20  7  57.0  4333.0
20  7  25.0  7539.0
20  7  27.0  7349.0
20  7  28.0  7231.0
20  7  0.0  10000.0
20  7  50.0  5042.0
20  7  28.0  7238.0
20  7  59.0  4123.0
20  7  42.0  5842.0
20  7  21.0  7929.0
20  7  26.0  7406.0
20  7  7.0  9314.0
20  7  49.0  5144.0
20  7  31.0  6942.0
20  7  99.0  116.0
20  7  32.0  6852.0
20  7  55.0  4509.0
20  7  53.0  4705.0
20  7  65.0  3532.0
20  7  14.0  8639.0
20  7  60.0  4071.0
20  7  73.0  2714.0
20  7  21.0  7938.0
20  7  100.0  14.0
20  7  86.0  1411.0
20  7  80.0  2037.0
20  7  43.0  5764.0
20  7  40.0  6021.0
20  7  73.0  2706.0
20  7  51.0  4967.0
20  7  67.0  3341.0
20  7  23.0  7723.0
20  7  73.0  2717.0
20  7  55.0  4593.0
20  7  70.0  3031.0
20  7  34.0  6664.0
20  7  89.0  1100.0
20  7  52.0  4834.0
20  7  77.0  2308.0
20  7  10.0  9023.0
20  7  57.0  4306.0
20  7  87.0  1300.0
20  7  32.0  6820.0
20  7  10.0  9019.0
20  7  30.0  7039.0
20  7  85.0  1511.0
20  7  33.0  6721.0
20  7  48.0  5223.0
20  7  43.0  5718.0
20  7  28.0  7215.0
20  7  45.0  5562.0
20  7  15.0  8532.0
20  7  43.0  5745.0
20  7  79.0  2106.0
20  7  97.0  335.0
20  7  42.0  5842.0
20  7  67.0  3329.0
20  7  20.0  8022.0
20  7  74.0  2625.0
20  7  29.0  7171.0
20  7  16.0  8432.0
20  7  24.0  7650.0
20  7  61.0  3915.0
20  7  74.0  2603.0
20  7  57.0  4343.0
20  7  53.0  4717.0
20  7  44.0  5627.0
20  7  88.0  1224.0
20  7  62.0  3822.0
20  7  58.0  4246.0
20  7  35.0  6534.0
20  7  65.0  3506.0
20  7  58.0  4242.0
20  7  92.0  816.0
20  7  57.0  4355.0
20  7  74.0  2630.0
20  7  26.0  7445.0
20  7  69.0  3103.0
20  7  71.0  2914.0
20  7  63.0  3751.0
20  7  43.0  5770.0
20  7  91.0  915.0
20  7  94.0  626.0
20  7  100.0  4.0
20  7  41.0  5961.0
20  7  75.0  2514.0
20  7  96.0  415.0
20  7  29.0  7132.0
20  7  24.0  7617.0
20  7  78.0  2224.0
20  7  90.0  1034.0
20  7  73.0  2711.0
20  7  54.0  4640.0
20  7  22.0  7823.0
20  7  68.0  3232.0
20  7  65.0  3522.0
20  7  42.0  5824.0
20  7  27.0  7341.0
20  7  63.0  3713.0
20  7  46.0  5438.0
20  7  69.0  3118.0
20  7  25.0  7541.0
20  7  92.0  815.0
20  7  69.0  3104.0
20  7  24.0  7626.0
20  7  16.0  8419.0
20  7  10.0  9015.0
20  7  37.0  6346.0
20  7  25.0  7535.0
20  7  58.0  4267.0
20  7  21.0  7934.0
20  7  30.0  7026.0
20  7  15.0  8522.0
20  7  82.0  1830.0
20  7  13.0  8728.0
20  7  90.0  1000.0
20  7  20.0  8019.0
20  7  41.0  5949.0
20  7  13.0  8730.0
20  7  47.0  5349.0
20  7  88.0  1207.0
20  8  50.0  5000.0
20  8  18.0  8234.0
20  8  32.0  6860.0
20  8  16.0  8419.0
20  8  48.0  5252.0
20  8  42.0  5836.0
20  8  8.0  9225.0
20  8  52.0  4831.0
20  8  58.0  4212.0
20  8  31.0  6906.0
20  8  69.0  3127.0
20  8  18.0  8233.0
20  8  95.0  501.0
20  8  44.0  5646.0
20  8  4.0  9610.0
20  8  69.0  3135.0
20  8  46.0  5405.0
20  8  34.0  6632.0
20  8  54.0  4652.0
20  8  31.0  6938.0
20  8  27.0  7334.0
20  8  30.0  7053.0
20  8  74.0  2623.0
20  8  52.0  4841.0
20  8  24.0  7628.0
20  8  83.0  1712.0
20  8  21.0  7946.0
20  8  39.0  6148.0
20  8  81.0  1906.0
20  8  70.0  3020.0
20  8  84.0  1600.0
20  8  21.0  7949.0
20  8  13.0  8722.0
20  8  14.0  8625.0
20  8  37.0  6336.0
20  8  47.0  5345.0
20  8  77.0  2300.0
20  8  17.0  8330.0
20  8  38.0  6246.0
20  8  66.0  3416.0
20  8  50.0  5050.0
20  8  97.0  320.0
20  8  61.0  3934.0
20  8  35.0  6564.0
20  8  69.0  3173.0
20  8  21.0  7948.0
20  8  32.0  6800.0
20  8  41.0  5978.0
20  8  79.0  2103.0
20  8  48.0  5226.0
20  8  38.0  6256.0
20  8  34.0  6664.0
20  8  19.0  8128.0
20  8  9.0  9112.0
20  8  29.0  7124.0
20  8  74.0  2609.0
20  8  25.0  7539.0
20  8  73.0  2728.0
20  8  29.0  7136.0
20  8  57.0  4336.0
20  8  38.0  6223.0
20  8  47.0  5383.0
20  8  57.0  4369.0
20  8  34.0  6613.0
20  8  30.0  7036.0
20  8  27.0  7318.0
20  8  60.0  4082.0
20  8  39.0  6138.0
20  8  39.0  6154.0
20  8  100.0  26.0
20  8  38.0  6269.0
20  8  17.0  8332.0
20  8  43.0  5741.0
20  8  34.0  6643.0
20  8  96.0  476.0
20  8  44.0  5651.0
20  8  34.0  6656.0
20  8  70.0  3067.0
20  8  66.0  3422.0
20  8  8.0  9212.0
20  8  57.0  4339.0
20  8  67.0  3389.0
20  8  4.0  9608.0
20  8  16.0  8445.0
20  8  30.0  7028.0
20  8  25.0  7539.0
20  8  22.0  7820.0
20  8  7.0  9310.0
20  8  82.0  1819.0
20  8  23.0  7728.0
20  8  30.0  7015.0
20  8  17.0  8343.0
20  8  63.0  3735.0
20  8  30.0  7036.0
20  8  94.0  619.0
20  8  31.0  6934.0
20  8  65.0  3554.0
20  8  28.0  7235.0
20  8  59.0  4103.0
20  8  43.0  5708.0
20  8  66.0  3403.0
20  8  19.0  8119.0
20  8  14.0  8628.0
20  8  44.0  5648.0
20  8  27.0  7307.0
20  8  27.0  7360.0
20  8  67.0  3300.0
20  8  76.0  2405.0
20  8  19.0  8101.0
20  8  28.0  7226.0
20  8  25.0  7536.0
20  8  62.0  3890.0
20  8  44.0  5615.0
20  8  12.0  8829.0
20  8  48.0  5224.0
20  8  39.0  6179.0
20  8  11.0  8920.0
20  8  15.0  8532.0
20  8  46.0  5451.0
20  8  6.0  9408.0
20  8  55.0  4520.0
20  8  11.0  8910.0
20  8  41.0  5943.0
20  8  20.0  8040.0
20  8  48.0  5204.0
20  8  81.0  1924.0
20  8  73.0  2721.0
20  8  17.0  8326.0
20  8  60.0  4017.0
20  8  32.0  6870.0
20  8  58.0  4258.0
20  8  41.0  5942.0
20  8  27.0  7321.0
20  8  14.0  8616.0
20  8  33.0  6732.0
20  8  91.0  900.0
20  8  26.0  7442.0
20  8  26.0  7419.0
20  8  76.0  2413.0
20  8  18.0  8217.0
20  8  96.0  404.0
20  8  39.0  6166.0
20  8  19.0  8137.0
20  8  60.0  4014.0
20  8  44.0  5649.0
20  8  77.0  2306.0
20  8  63.0  3702.0
20  8  40.0  6050.0
20  8  27.0  7364.0
20  8  16.0  8430.0
20  8  96.0  427.0
20  8  21.0  7934.0
20  8  27.0  7341.0
20  8  48.0  5265.0
20  8  40.0  6043.0
20  8  22.0  7850.0
20  8  99.0  123.0
20  8  53.0  4743.0
20  8  93.0  704.0
20  8  7.0  9313.0
20  8  98.0  215.0
20  8  93.0  717.0
20  8  74.0  2600.0
20  8  67.0  3314.0
20  8  64.0  3606.0
20  8  78.0  2223.0
20  8  28.0  7250.0
20  8  29.0  7150.0
20  8  82.0  1897.0
20  8  62.0  3833.0
20  8  46.0  5467.0
20  8  33.0  6721.0
20  8  34.0  6640.0
20  8  29.0  7142.0
20  8  28.0  7223.0
20  8  42.0  5839.0
20  8  18.0  8239.0
20  8  46.0  5434.0
20  8  21.0  7938.0
20  8  27.0  7375.0
20  8  37.0  6356.0
20  8  13.0  8715.0
20  8  35.0  6557.0
20  8  59.0  4103.0
20  8  35.0  6524.0
20  8  87.0  1307.0
20  8  20.0  8027.0
20  8  40.0  6048.0
20  8  74.0  2602.0
20  8  41.0  5947.0
20  8  39.0  6152.0
20  8  66.0  3465.0
20  8  28.0  7236.0
20  8  59.0  4107.0
20  8  45.0  5567.0
20  8  17.0  8308.0
20  8  23.0  7735.0
20  8  10.0  9015.0
20  8  14.0  8603.0
20  8  49.0  5126.0
20  9  12.0  8825.0
20  9  16.0  8425.0
20  9  11.0  8918.0
20  9  38.0  6265.0
20  9  35.0  6533.0
20  9  42.0  5862.0
20  9  17.0  8328.0
20  9  35.0  6577.0
20  9  19.0  8142.0
20  9  85.0  1503.0
20  9  13.0  8722.0
20  9  23.0  7729.0
20  9  19.0  8129.0
20  9  69.0  3166.0
20  9  37.0  6325.0
20  9  89.0  1114.0
20  9  40.0  6046.0
20  9  23.0  7750.0
20  9  39.0  6153.0
20  9  46.0  5474.0
20  9  97.0  308.0
20  9  55.0  4506.0
20  9  17.0  8339.0
20  9  78.0  2219.0
20  9  16.0  8428.0
20  9  60.0  4028.0
20  9  79.0  2194.0
20  9  0.0  10000.0
20  9  88.0  1206.0
20  9  38.0  6272.0
20  9  36.0  6443.0
20  9  42.0  5850.0
20  9  54.0  4617.0
20  9  47.0  5344.0
20  9  8.0  9211.0
20  9  38.0  6241.0
20  9  36.0  6423.0
20  9  45.0  5512.0
20  9  27.0  7337.0
20  9  35.0  6542.0
20  9  72.0  2821.0
20  9  16.0  8422.0
20  9  24.0  7658.0
20  9  32.0  6844.0
20  9  21.0  7924.0
20  9  34.0  6653.0
20  9  35.0  6529.0
20  9  26.0  7417.0
20  9  92.0  818.0
20  9  60.0  4004.0
20  9  44.0  5666.0
20  9  32.0  6862.0
20  9  29.0  7128.0
20  9  31.0  6942.0
20  9  6.0  9412.0
20  9  20.0  8039.0
20  9  0.0  10000.0
20  9  25.0  7532.0
20  9  53.0  4722.0
20  9  8.0  9204.0
20  9  75.0  2502.0
20  9  17.0  8312.0
20  9  76.0  2406.0
20  9  37.0  6311.0
20  9  51.0  5006.0
20  9  81.0  1902.0
20  9  15.0  8519.0
20  9  30.0  7000.0
20  9  42.0  5877.0
20  9  27.0  7349.0
20  9  26.0  7416.0
20  9  16.0  8421.0
20  9  44.0  5662.0
20  9  42.0  5818.0
20  9  48.0  5260.0
20  9  25.0  7532.0
20  9  28.0  7273.0
20  9  34.0  6627.0
20  9  18.0  8200.0
20  9  64.0  3609.0
20  9  17.0  8342.0
20  9  32.0  6852.0
20  9  16.0  8430.0
20  9  93.0  722.0
20  9  15.0  8529.0
20  9  42.0  5845.0
20  9  89.0  1119.0
20  9  16.0  8411.0
20  9  33.0  6702.0
20  9  55.0  4502.0
20  9  86.0  1411.0
20  9  9.0  9125.0
20  9  0.0  10000.0
20  9  36.0  6434.0
20  9  32.0  6851.0
20  9  37.0  6313.0
20  9  29.0  7137.0
20  9  73.0  2706.0
20  9  21.0  7944.0
20  9  27.0  7309.0
20  9  72.0  2814.0
20  9  20.0  8025.0
20  9  44.0  5618.0
20  9  79.0  2118.0
20  9  2.0  9806.0
20  9  93.0  700.0
20  9  23.0  7741.0
20  9  15.0  8524.0
20  9  20.0  8042.0
20  9  43.0  5766.0
20  9  36.0  6433.0
20  9  23.0  7741.0
20  9  71.0  2900.0
20  9  40.0  6039.0
20  9  31.0  6924.0
20  9  33.0  6732.0
20  9  43.0  5751.0
20  9  0.0  10000.0
20  9  83.0  1901.0
20  9  56.0  4454.0
20  9  38.0  6231.0
20  9  48.0  5254.0
20  9  68.0  3212.0
20  9  74.0  2605.0
20  9  23.0  7741.0
20  9  47.0  5328.0
20  9  74.0  2604.0
20  9  49.0  5139.0
20  9  20.0  8011.0
20  9  39.0  6139.0
20  9  30.0  7053.0
20  9  33.0  6716.0
20  9  26.0  7461.0
20  9  28.0  7252.0
20  9  31.0  6900.0
20  9  100.0  2.0
20  9  63.0  3713.0
20  9  59.0  4114.0
20  9  32.0  6840.0
20  9  97.0  300.0
20  9  31.0  6942.0
20  9  9.0  9121.0
20  9  66.0  3421.0
20  9  51.0  4937.0
20  9  24.0  7627.0
20  9  43.0  5736.0
20  9  4.0  9608.0
20  9  12.0  8822.0
20  9  24.0  7647.0
20  9  39.0  6130.0
20  9  24.0  7620.0
20  9  77.0  2325.0
20  9  77.0  2303.0
20  9  68.0  3214.0
20  9  82.0  1810.0
20  9  48.0  5272.0
20  9  36.0  6436.0
20  9  69.0  3134.0
20  9  67.0  3383.0
20  9  69.0  3194.0
20  9  84.0  1602.0
20  9  33.0  6743.0
20  9  19.0  8135.0
20  9  51.0  4948.0
20  9  49.0  5135.0
20  9  35.0  6543.0
20  9  20.0  8021.0
20  9  37.0  6307.0
20  9  77.0  2362.0
20  9  19.0  8121.0
20  9  13.0  8720.0
20  9  61.0  3948.0
20  9  36.0  6451.0
20  9  28.0  7261.0
20  9  72.0  2817.0
20  9  24.0  7645.0
20  9  0.0  10000.0
20  9  11.0  8911.0
20  9  70.0  3024.0
20  9  16.0  8413.0
20  9  74.0  2607.0
20  9  80.0  2028.0
20  9  56.0  4424.0
20  9  43.0  5715.0
20  9  50.0  5018.0
20  9  11.0  8927.0
20  9  17.0  8339.0
20  9  56.0  4457.0
20  9  29.0  7128.0
20  9  53.0  4769.0
20  9  27.0  7352.0
20  9  28.0  7226.0
20  9  33.0  6756.0
20  9  15.0  8540.0
20  9  13.0  8723.0
20  9  68.0  3212.0
20  9  49.0  5186.0
20  9  46.0  5494.0
20  9  29.0  7130.0
20  9  9.0  9118.0
20  10  28.0  7246.0
20  10  68.0  3212.0
20  10  88.0  1213.0
20  10  43.0  5715.0
20  10  48.0  5237.0
20  10  29.0  7107.0
20  10  94.0  600.0
20  10  34.0  6649.0
20  10  63.0  3743.0
20  10  53.0  4759.0
20  10  11.0  8919.0
20  10  52.0  4809.0
20  10  74.0  2606.0
20  10  71.0  2911.0
20  10  52.0  4863.0
20  10  52.0  4891.0
20  10  26.0  7420.0
20  10  35.0  6527.0
20  10  57.0  4339.0
20  10  24.0  7645.0
20  10  22.0  7824.0
20  10  95.0  503.0
20  10  9.0  9118.0
20  10  71.0  2918.0
20  10  82.0  1806.0
20  10  14.0  8627.0
20  10  20.0  8034.0
20  10  26.0  7414.0
20  10  19.0  8142.0
20  10  43.0  5713.0
20  10  9.0  9113.0
20  10  64.0  3604.0
20  10  64.0  3667.0
20  10  55.0  4554.0
20  10  31.0  6978.0
20  10  57.0  4329.0
20  10  27.0  7361.0
20  10  25.0  7526.0
20  10  23.0  7740.0
20  10  71.0  2953.0
20  10  33.0  6733.0
20  10  29.0  7167.0
20  10  55.0  4521.0
20  10  34.0  6617.0
20  10  32.0  6849.0
20  10  83.0  1737.0
20  10  13.0  8732.0
20  10  40.0  6011.0
20  10  31.0  6922.0
20  10  25.0  7516.0
20  10  41.0  5953.0
20  10  32.0  6843.0
20  10  78.0  2237.0
20  10  30.0  7044.0
20  10  37.0  6326.0
20  10  34.0  6645.0
20  10  45.0  5520.0
20  10  35.0  6517.0
20  10  57.0  4311.0
20  10  42.0  5824.0
20  10  56.0  4451.0
20  10  26.0  7443.0
20  10  59.0  4115.0
20  10  25.0  7541.0
20  10  27.0  7328.0
20  10  23.0  7710.0
20  10  21.0  7944.0
20  10  36.0  6423.0
20  10  58.0  4247.0
20  10  24.0  7643.0
20  10  23.0  7753.0
20  10  29.0  7150.0
20  10  30.0  7008.0
20  10  19.0  8136.0
20  10  54.0  4649.0
20  10  42.0  5831.0
20  10  34.0  6662.0
20  10  39.0  6156.0
20  10  37.0  6358.0
20  10  37.0  6342.0
20  10  13.0  8714.0
20  10  12.0  8820.0
20  10  13.0  8712.0
20  10  27.0  7360.0
20  10  11.0  8914.0
20  10  85.0  1502.0
20  10  76.0  2402.0
20  10  47.0  5362.0
20  10  47.0  5356.0
20  10  83.0  1705.0
20  10  70.0  3022.0
20  10  68.0  3222.0
20  10  80.0  2029.0
20  10  39.0  6143.0
20  10  30.0  7055.0
20  10  37.0  6314.0
20  10  25.0  7518.0
20  10  88.0  1253.0
20  10  14.0  8631.0
20  10  16.0  8431.0
20  10  30.0  7020.0
20  10  71.0  2921.0
20  10  46.0  5433.0
20  10  85.0  1520.0
20  10  29.0  7154.0
20  10  63.0  3705.0
20  10  62.0  3821.0
20  10  87.0  1306.0
20  10  17.0  8319.0
20  10  9.0  9117.0
20  10  56.0  4443.0
20  10  38.0  6263.0
20  10  14.0  8630.0
20  10  82.0  1853.0
20  10  33.0  6755.0
20  10  18.0  8247.0
20  10  12.0  8817.0
20  10  11.0  8924.0
20  10  87.0  1312.0
20  10  51.0  4938.0
20  10  83.0  1700.0
20  10  19.0  8111.0
20  10  57.0  4324.0
20  10  82.0  1833.0
20  10  22.0  7830.0
20  10  49.0  5247.0
20  10  54.0  4660.0
20  10  61.0  3902.0
20  10  51.0  4948.0
20  10  14.0  8614.0
20  10  22.0  7826.0
20  10  35.0  6527.0
20  10  16.0  8431.0
20  10  32.0  6820.0
20  10  21.0  7942.0
20  10  10.0  9020.0
20  10  34.0  6652.0
20  10  55.0  4531.0
20  10  20.0  8032.0
20  10  58.0  4279.0
20  10  14.0  8633.0
20  10  62.0  3803.0
20  10  40.0  6086.0
20  10  31.0  6929.0
20  10  26.0  7429.0
20  10  23.0  7744.0
20  10  29.0  7145.0
20  10  59.0  4105.0
20  10  11.0  8911.0
20  10  17.0  8340.0
20  10  12.0  8819.0
20  10  45.0  5521.0
20  10  47.0  5316.0
20  10  28.0  7234.0
20  10  41.0  5913.0
20  10  26.0  7445.0
20  10  4.0  9609.0
20  10  9.0  9117.0
20  10  43.0  5767.0
20  10  6.0  9409.0
20  10  50.0  5005.0
20  10  79.0  2107.0
20  10  82.0  1846.0
20  10  22.0  7840.0
20  10  20.0  8040.0
20  10  21.0  7943.0
20  10  13.0  8732.0
20  10  39.0  6147.0
20  10  14.0  8616.0
20  10  35.0  6511.0
20  10  71.0  2915.0
20  10  28.0  7212.0
20  10  83.0  1737.0
20  10  84.0  1638.0
20  10  29.0  7143.0
20  10  13.0  8730.0
20  10  97.0  309.0
20  10  34.0  6665.0
20  10  28.0  7273.0
20  10  39.0  6130.0
20  10  13.0  8729.0
20  10  37.0  6316.0
20  10  11.0  8917.0
20  10  23.0  7735.0
20  10  56.0  4401.0
20  10  28.0  7229.0
20  10  24.0  7645.0
20  10  12.0  8820.0
20  10  71.0  2920.0
20  10  35.0  6518.0
20  10  25.0  7552.0
20  10  19.0  8140.0
20  10  100.0  23.0
20  10  38.0  6221.0
20  10  30.0  7060.0
20  10  17.0  8339.0
20  10  32.0  6858.0
20  10  88.0  1214.0
20  10  5.0  9512.0
20  10  28.0  7268.0
