0  48.600000000000001  4098
0  53.399999999999999  4089
0  45.799999999999997  3840
0  35.5  3741
0  42.399999999999999  4059
0  40.899999999999999  3806
0  44.600000000000001  3730
0  35.899999999999999  3577
0  49.0  4096
0  31.300000000000001  3266
0  41.100000000000001  3875
0  45.0  4015
0  47.799999999999997  4189
0  33.299999999999997  3405
0  47.799999999999997  3852
0  43.299999999999997  3859
0  32.399999999999999  3505
0  40.299999999999997  3712
0  38.799999999999997  3447
0  46.600000000000001  4049
0  69.5  3571
0  53.299999999999997  4212
0  33.799999999999997  3839
0  38.600000000000001  3672
0  44.200000000000003  3680
0  54.0  3983
0  36.700000000000003  3612
0  41.100000000000001  4281
0  42.700000000000003  3754
0  43.700000000000003  4034
0  36.200000000000003  3275
0  43.799999999999997  4105
0  38.200000000000003  4306
0  51.200000000000003  3899
0  36.0  3808
0  48.799999999999997  3773
0  37.600000000000001  3605
0  33.700000000000003  3766
0  56.299999999999997  4292
0  45.100000000000001  4191
0  38.899999999999999  3849
0  45.399999999999999  4194
0  39.299999999999997  3692
0  42.299999999999997  3876
0  30.699999999999999  3326
0  43.700000000000003  3843
0  39.299999999999997  3914
0  44.799999999999997  3855
0  49.899999999999999  4105
0  39.600000000000001  4048
0  43.600000000000001  3851
0  42.100000000000001  3453
0  44.0  3878
0  48.0  4004
0  45.5  4006
0  45.399999999999999  3726
0  34.399999999999999  3717
0  36.399999999999999  3805
0  32.399999999999999  3652
0  50.600000000000001  4119
0  34.899999999999999  3648
0  38.799999999999997  3494
0  43.799999999999997  3679
0  39.299999999999997  3965
0  45.100000000000001  4279
0  42.600000000000001  4171
0  46.200000000000003  3803
0  38.100000000000001  3861
0  37.200000000000003  3585
0  37.200000000000003  3606
0  45.799999999999997  3763
0  39.700000000000003  3641
0  47.799999999999997  3831
0  45.700000000000003  4149
0  47.899999999999999  3614
0  38.0  3749
0  43.200000000000003  4002
0  40.700000000000003  3861
0  40.700000000000003  3906
0  55.799999999999997  4278
0  40.5  3670
0  35.600000000000001  3703
0  52.399999999999999  4134
0  50.0  4034
0  41.600000000000001  3743
0  41.5  3993
0  51.5  4002
0  36.700000000000003  3507
0  43.399999999999999  3905
0  43.299999999999997  3739
0  39.100000000000001  3903
0  38.899999999999999  3986
0  49.899999999999999  3990
0  40.399999999999999  3711
0  46.799999999999997  3809
0  45.100000000000001  4115
0  49.200000000000003  4005
0  50.700000000000003  4134
0  35.399999999999999  3618
0  47.899999999999999  3681
