1  41.0  396.0
1  46.0  473.0
1  46.0  339.0
1  31.0  483.0
1  29.0  422.0
1  20.0  381.0
1  25.0  413.0
1  10.0  362.0
1  36.0  525.0
1  61.0  410.0
1  49.0  377.0
1  72.0  291.0
1  74.0  336.0
1  40.0  414.0
1  49.0  308.0
1  22.0  370.0
1  66.0  350.0
1  55.0  348.0
1  37.0  278.0
1  54.0  287.0
1  56.0  432.0
1  76.0  366.0
1  34.0  466.0
1  26.0  359.0
1  23.0  345.0
1  30.0  510.0
1  34.0  290.0
1  46.0  466.0
1  69.0  409.0
1  61.0  356.0
1  63.0  358.0
1  25.0  512.0
1  13.0  316.0
1  50.0  392.0
1  73.0  371.0
1  28.0  428.0
1  21.0  385.0
1  58.0  437.0
1  49.0  377.0
1  27.0  353.0
1  39.0  423.0
1  52.0  373.0
1  41.0  401.0
1  28.0  443.0
1  53.0  263.0
1  5.0  356.0
1  43.0  550.0
1  58.0  324.0
1  62.0  363.0
1  57.0  398.0
1  55.0  365.0
1  37.0  339.0
1  35.0  482.0
1  59.0  355.0
1  31.0  426.0
1  38.0  439.0
1  26.0  407.0
1  49.0  421.0
1  23.0  466.0
1  43.0  409.0
1  41.0  312.0
1  41.0  418.0
1  42.0  497.0
1  39.0  501.0
1  47.0  406.0
1  55.0  453.0
1  30.0  449.0
1  28.0  297.0
1  39.0  350.0
1  24.0  323.0
1  37.0  403.0
1  57.0  339.0
1  31.0  476.0
1  22.0  457.0
1  39.0  397.0
1  39.0  260.0
1  46.0  390.0
1  61.0  344.0
1  77.0  393.0
1  47.0  305.0
1  54.0  386.0
1  4.0  469.0
1  50.0  420.0
1  60.0  358.0
1  0.0  448.0
1  40.0  412.0
1  24.0  361.0
1  31.0  431.0
1  77.0  336.0
1  43.0  405.0
1  28.0  293.0
1  35.0  310.0
1  53.0  320.0
1  66.0  361.0
1  47.0  347.0
1  45.0  416.0
1  22.0  405.0
1  67.0  300.0
1  62.0  354.0
1  0.0  199.0
2  66.0  375.0
2  29.0  411.0
2  33.0  225.0
2  36.0  490.0
2  58.0  379.0
2  36.0  375.0
2  65.0  308.0
2  45.0  360.0
2  28.0  381.0
2  65.0  361.0
2  17.0  246.0
2  27.0  427.0
2  21.0  297.0
2  23.0  416.0
2  24.0  392.0
2  17.0  405.0
2  42.0  306.0
2  46.0  398.0
2  21.0  306.0
2  39.0  349.0
2  68.0  300.0
2  38.0  408.0
2  33.0  516.0
2  34.0  396.0
2  61.0  357.0
2  28.0  289.0
2  25.0  439.0
2  70.0  437.0
2  52.0  416.0
2  29.0  481.0
2  38.0  295.0
2  50.0  374.0
2  31.0  375.0
2  28.0  249.0
2  32.0  514.0
2  63.0  278.0
2  82.0  316.0
2  40.0  340.0
2  19.0  385.0
2  18.0  367.0
2  71.0  320.0
2  16.0  354.0
2  44.0  445.0
2  52.0  319.0
2  44.0  325.0
2  33.0  410.0
2  10.0  233.0
2  59.0  321.0
2  38.0  361.0
2  18.0  471.0
2  78.0  292.0
2  39.0  366.0
2  49.0  336.0
2  45.0  383.0
2  50.0  335.0
2  16.0  460.0
2  52.0  367.0
2  10.0  264.0
2  40.0  289.0
2  34.0  307.0
2  55.0  331.0
2  49.0  369.0
2  40.0  333.0
2  30.0  430.0
2  27.0  375.0
2  23.0  283.0
2  11.0  470.0
2  24.0  348.0
2  53.0  358.0
2  46.0  453.0
2  25.0  451.0
2  33.0  338.0
2  42.0  378.0
2  58.0  461.0
2  51.0  423.0
2  34.0  378.0
2  28.0  481.0
2  34.0  271.0
2  46.0  322.0
2  30.0  355.0
2  41.0  474.0
2  61.0  308.0
2  31.0  346.0
2  49.0  315.0
2  38.0  348.0
2  50.0  307.0
2  57.0  435.0
2  33.0  335.0
2  40.0  356.0
2  27.0  332.0
2  36.0  320.0
2  21.0  316.0
2  63.0  407.0
2  28.0  244.0
2  39.0  367.0
2  67.0  384.0
2  40.0  229.0
2  63.0  367.0
2  24.0  435.0
2  20.0  474.0
3  11.0  277.0
3  38.0  337.0
3  3.0  188.0
3  52.0  291.0
3  20.0  337.0
3  28.0  286.0
3  71.0  357.0
3  29.0  278.0
3  45.0  279.0
3  11.0  277.0
3  21.0  230.0
3  60.0  327.0
3  38.0  346.0
3  20.0  312.0
3  35.0  465.0
3  39.0  392.0
3  32.0  208.0
3  12.0  211.0
3  18.0  330.0
3  48.0  382.0
3  22.0  469.0
3  29.0  270.0
3  18.0  395.0
3  9.0  286.0
3  0.0  127.0
3  46.0  383.0
3  0.0  342.0
3  13.0  298.0
3  26.0  295.0
3  29.0  448.0
3  14.0  88.0
3  27.0  230.0
3  30.0  198.0
3  44.0  336.0
3  19.0  429.0
3  21.0  313.0
3  15.0  199.0
3  0.0  133.0
3  25.0  340.0
3  19.0  329.0
3  47.0  313.0
3  26.0  342.0
3  9.0  469.0
3  23.0  443.0
3  41.0  307.0
3  20.0  331.0
3  26.0  227.0
3  34.0  343.0
3  43.0  244.0
3  44.0  343.0
3  17.0  346.0
3  30.0  364.0
3  42.0  240.0
3  4.0  286.0
3  20.0  264.0
3  4.0  149.0
3  8.0  453.0
3  14.0  260.0
3  8.0  241.0
3  36.0  297.0
3  31.0  231.0
3  29.0  390.0
3  52.0  277.0
3  70.0  268.0
3  50.0  279.0
3  34.0  205.0
3  41.0  233.0
3  35.0  435.0
3  56.0  286.0
3  42.0  254.0
3  24.0  324.0
3  2.0  340.0
3  48.0  372.0
3  31.0  321.0
3  21.0  309.0
3  0.0  247.0
3  27.0  196.0
3  13.0  208.0
3  22.0  417.0
3  31.0  378.0
3  13.0  301.0
3  28.0  194.0
3  15.0  361.0
3  1.0  208.0
3  24.0  307.0
3  27.0  373.0
3  13.0  239.0
3  48.0  297.0
3  53.0  374.0
3  33.0  388.0
3  16.0  389.0
3  16.0  270.0
3  37.0  358.0
3  14.0  184.0
3  26.0  435.0
3  23.0  295.0
3  18.0  183.0
3  59.0  365.0
3  26.0  334.0
3  17.0  247.0
4  41.0  330.0
4  41.0  328.0
4  22.0  364.0
4  16.0  222.0
4  27.0  233.0
4  9.0  273.0
4  13.0  255.0
4  27.0  267.0
4  19.0  364.0
4  28.0  323.0
4  41.0  342.0
4  38.0  228.0
4  21.0  301.0
4  0.0  120.0
4  15.0  317.0
4  50.0  365.0
4  29.0  433.0
4  20.0  392.0
4  17.0  332.0
4  12.0  385.0
4  20.0  298.0
4  14.0  202.0
4  58.0  279.0
4  15.0  256.0
4  45.0  385.0
4  14.0  217.0
4  51.0  289.0
4  31.0  425.0
4  41.0  342.0
4  30.0  170.0
4  49.0  241.0
4  17.0  331.0
4  19.0  176.0
4  35.0  349.0
4  8.0  396.0
4  35.0  335.0
4  32.0  350.0
4  23.0  176.0
4  24.0  384.0
4  0.0  299.0
4  6.0  228.0
4  56.0  293.0
4  11.0  256.0
4  21.0  239.0
4  16.0  296.0
4  39.0  529.0
4  14.0  265.0
4  18.0  248.0
4  0.0  357.0
4  9.0  234.0
4  21.0  522.0
4  12.0  252.0
4  30.0  319.0
4  14.0  305.0
4  21.0  245.0
4  41.0  316.0
4  9.0  294.0
4  0.0  280.0
4  30.0  362.0
4  21.0  333.0
4  17.0  228.0
4  22.0  270.0
4  71.0  272.0
4  15.0  431.0
4  17.0  422.0
4  31.0  337.0
4  42.0  277.0
4  16.0  210.0
4  18.0  225.0
4  35.0  237.0
4  22.0  373.0
4  23.0  285.0
4  18.0  428.0
4  36.0  396.0
4  22.0  357.0
4  34.0  438.0
4  28.0  253.0
4  71.0  336.0
4  23.0  243.0
4  4.0  353.0
4  8.0  145.0
4  49.0  314.0
4  23.0  227.0
4  33.0  344.0
4  38.0  264.0
4  17.0  266.0
4  3.0  198.0
4  41.0  244.0
4  10.0  216.0
4  45.0  348.0
4  34.0  288.0
4  60.0  301.0
4  15.0  275.0
4  4.0  235.0
4  19.0  272.0
4  13.0  270.0
4  47.0  278.0
4  10.0  275.0
4  34.0  459.0
4  33.0  280.0
5  7.0  216.0
5  9.0  261.0
5  36.0  279.0
5  33.0  417.0
5  15.0  230.0
5  10.0  190.0
5  55.0  288.0
5  20.0  320.0
5  16.0  203.0
5  62.0  328.0
5  44.0  317.0
5  41.0  322.0
5  13.0  235.0
5  17.0  284.0
5  32.0  263.0
5  19.0  336.0
5  23.0  292.0
5  21.0  252.0
5  67.0  276.0
5  18.0  228.0
5  6.0  265.0
5  0.0  245.0
5  33.0  363.0
5  0.0  193.0
5  15.0  455.0
5  8.0  324.0
5  32.0  217.0
5  39.0  314.0
5  26.0  274.0
5  37.0  266.0
5  20.0  330.0
5  23.0  268.0
5  30.0  271.0
5  27.0  438.0
5  8.0  210.0
5  18.0  407.0
5  28.0  149.0
5  28.0  196.0
5  18.0  240.0
5  1.0  168.0
5  22.0  208.0
5  48.0  354.0
5  11.0  340.0
5  16.0  177.0
5  27.0  275.0
5  33.0  353.0
5  20.0  315.0
5  16.0  331.0
5  8.0  240.0
5  58.0  221.0
5  6.0  304.0
5  11.0  295.0
5  16.0  402.0
5  21.0  260.0
5  19.0  344.0
5  18.0  235.0
5  7.0  292.0
5  20.0  122.0
5  26.0  290.0
5  57.0  287.0
5  37.0  309.0
5  15.0  370.0
5  22.0  233.0
5  5.0  141.0
5  28.0  365.0
5  30.0  343.0
5  17.0  283.0
5  47.0  264.0
5  57.0  334.0
5  37.0  372.0
5  11.0  251.0
5  5.0  350.0
5  41.0  355.0
5  13.0  173.0
5  26.0  321.0
5  49.0  225.0
5  37.0  280.0
5  8.0  246.0
5  17.0  170.0
5  24.0  276.0
5  7.0  179.0
5  42.0  290.0
5  2.0  346.0
5  17.0  162.0
5  31.0  209.0
5  21.0  271.0
5  20.0  275.0
5  27.0  326.0
5  20.0  233.0
5  4.0  190.0
5  12.0  194.0
5  12.0  258.0
5  25.0  272.0
5  17.0  214.0
5  9.0  371.0
5  35.0  300.0
5  23.0  298.0
5  22.0  210.0
5  23.0  364.0
5  18.0  186.0
