1  82.0  156.0
1  100.0  25.0
1  78.0  126.0
1  40.0  227.0
1  100.0  19.0
1  51.0  213.0
1  71.0  256.0
1  74.0  234.0
1  60.0  355.0
1  89.0  120.0
1  81.0  198.0
1  31.0  273.0
1  44.0  284.0
1  91.0  84.0
1  71.0  151.0
1  64.0  331.0
1  62.0  209.0
1  34.0  474.0
1  62.0  374.0
1  100.0  45.0
1  93.0  170.0
1  38.0  201.0
1  79.0  127.0
1  68.0  331.0
1  93.0  82.0
1  60.0  73.0
1  85.0  193.0
1  98.0  55.0
1  78.0  118.0
1  58.0  479.0
1  82.0  238.0
1  94.0  76.0
1  71.0  336.0
1  75.0  279.0
1  74.0  271.0
1  45.0  143.0
1  58.0  307.0
1  95.0  96.0
1  68.0  157.0
1  85.0  306.0
1  85.0  161.0
1  89.0  76.0
1  92.0  122.0
1  21.0  699.0
1  91.0  183.0
1  100.0  100.0
1  15.0  346.0
1  63.0  301.0
1  28.0  353.0
1  70.0  211.0
1  96.0  226.0
1  59.0  233.0
1  45.0  109.0
1  76.0  229.0
1  74.0  201.0
1  52.0  365.0
1  86.0  149.0
1  91.0  169.0
1  40.0  370.0
1  45.0  333.0
1  84.0  291.0
1  78.0  192.0
1  57.0  262.0
1  87.0  168.0
1  21.0  179.0
1  82.0  170.0
1  91.0  169.0
1  85.0  157.0
1  99.0  53.0
1  86.0  118.0
1  35.0  488.0
1  68.0  184.0
1  74.0  256.0
1  65.0  314.0
1  98.0  70.0
1  90.0  71.0
1  88.0  127.0
1  53.0  296.0
1  82.0  148.0
1  100.0  17.0
1  90.0  150.0
1  100.0  42.0
1  80.0  196.0
1  47.0  281.0
1  80.0  154.0
1  100.0  200.0
1  100.0  32.0
1  62.0  335.0
1  0.0  176.0
1  95.0  46.0
1  41.0  87.0
1  74.0  158.0
1  99.0  141.0
1  34.0  313.0
1  45.0  244.0
1  43.0  296.0
1  60.0  234.0
1  91.0  121.0
1  55.0  294.0
1  61.0  351.0
2  24.0  123.0
2  42.0  153.0
2  61.0  176.0
2  85.0  81.0
2  89.0  95.0
2  99.0  14.0
2  36.0  404.0
2  72.0  102.0
2  71.0  185.0
2  40.0  253.0
2  48.0  251.0
2  58.0  386.0
2  43.0  265.0
2  99.0  27.0
2  75.0  209.0
2  42.0  225.0
2  61.0  247.0
2  90.0  106.0
2  98.0  129.0
2  50.0  325.0
2  98.0  123.0
2  69.0  403.0
2  81.0  125.0
2  76.0  218.0
2  99.0  10.0
2  47.0  242.0
2  92.0  81.0
2  86.0  265.0
2  90.0  173.0
2  55.0  383.0
2  69.0  263.0
2  42.0  331.0
2  82.0  190.0
2  77.0  236.0
2  58.0  277.0
2  93.0  139.0
2  86.0  164.0
2  100.0  10.0
2  95.0  65.0
2  78.0  214.0
2  100.0  55.0
2  12.0  618.0
2  69.0  179.0
2  85.0  105.0
2  97.0  42.0
2  72.0  230.0
2  61.0  232.0
2  43.0  181.0
2  100.0  64.0
2  67.0  239.0
2  43.0  390.0
2  71.0  262.0
2  95.0  148.0
2  91.0  200.0
2  99.0  108.0
2  82.0  111.0
2  52.0  374.0
2  79.0  175.0
2  47.0  370.0
2  92.0  79.0
2  93.0  25.0
2  34.0  338.0
2  72.0  170.0
2  99.0  59.0
2  87.0  265.0
2  49.0  233.0
2  79.0  54.0
2  81.0  247.0
2  49.0  200.0
2  76.0  221.0
2  88.0  130.0
2  81.0  161.0
2  77.0  133.0
2  74.0  349.0
2  9.0  78.0
2  58.0  315.0
2  71.0  308.0
2  21.0  172.0
2  89.0  108.0
2  84.0  123.0
2  87.0  180.0
2  100.0  200.0
2  63.0  224.0
2  93.0  134.0
2  74.0  197.0
2  69.0  117.0
2  76.0  258.0
2  75.0  214.0
2  60.0  156.0
2  84.0  221.0
2  26.0  491.0
2  94.0  181.0
2  81.0  227.0
2  97.0  118.0
2  48.0  404.0
2  99.0  31.0
2  78.0  146.0
2  100.0  8.0
2  61.0  264.0
2  55.0  640.0
3  59.0  287.0
3  76.0  264.0
3  57.0  242.0
3  91.0  231.0
3  72.0  241.0
3  100.0  28.0
3  96.0  120.0
3  64.0  244.0
3  98.0  11.0
3  87.0  133.0
3  81.0  87.0
3  46.0  381.0
3  65.0  291.0
3  74.0  210.0
3  18.0  250.0
3  72.0  42.0
3  63.0  235.0
3  65.0  323.0
3  61.0  230.0
3  49.0  244.0
3  55.0  308.0
3  84.0  214.0
3  86.0  314.0
3  81.0  243.0
3  77.0  154.0
3  18.0  237.0
3  58.0  198.0
3  79.0  172.0
3  0.0  82.0
3  66.0  252.0
3  100.0  200.0
3  86.0  93.0
3  69.0  303.0
3  70.0  149.0
3  70.0  68.0
3  52.0  148.0
3  92.0  66.0
3  75.0  90.0
3  4.0  142.0
3  72.0  323.0
3  0.0  128.0
3  14.0  252.0
3  73.0  187.0
3  74.0  364.0
3  58.0  246.0
3  40.0  125.0
3  0.0  484.0
3  100.0  2.0
3  66.0  141.0
3  59.0  287.0
3  66.0  212.0
3  100.0  4.0
3  39.0  174.0
3  38.0  253.0
3  57.0  249.0
3  50.0  218.0
3  91.0  70.0
3  76.0  162.0
3  47.0  325.0
3  6.0  210.0
3  14.0  349.0
3  76.0  218.0
3  60.0  299.0
3  83.0  110.0
3  67.0  136.0
3  95.0  68.0
3  72.0  208.0
3  82.0  146.0
3  75.0  351.0
3  69.0  262.0
3  58.0  160.0
3  46.0  190.0
3  95.0  79.0
3  25.0  131.0
3  44.0  256.0
3  0.0  192.0
3  100.0  0.0
3  38.0  250.0
3  76.0  202.0
3  88.0  80.0
3  30.0  277.0
3  36.0  192.0
3  64.0  415.0
3  0.0  121.0
3  27.0  290.0
3  98.0  112.0
3  93.0  71.0
3  32.0  266.0
3  64.0  129.0
3  66.0  185.0
3  88.0  115.0
3  7.0  301.0
3  22.0  337.0
3  95.0  58.0
3  100.0  4.0
3  12.0  281.0
3  75.0  103.0
3  20.0  164.0
3  70.0  276.0
3  42.0  254.0
4  21.0  282.0
4  100.0  37.0
4  36.0  279.0
4  72.0  278.0
4  29.0  215.0
4  24.0  199.0
4  95.0  79.0
4  59.0  181.0
4  40.0  98.0
4  72.0  86.0
4  95.0  54.0
4  56.0  311.0
4  91.0  112.0
4  60.0  239.0
4  44.0  228.0
4  73.0  49.0
4  69.0  191.0
4  45.0  246.0
4  24.0  279.0
4  70.0  153.0
4  83.0  171.0
4  94.0  134.0
4  56.0  256.0
4  97.0  92.0
4  0.0  36.0
4  74.0  273.0
4  42.0  251.0
4  91.0  71.0
4  43.0  272.0
4  14.0  290.0
4  77.0  233.0
4  62.0  300.0
4  0.0  201.0
4  55.0  210.0
4  33.0  338.0
4  60.0  241.0
4  70.0  120.0
4  67.0  232.0
4  92.0  96.0
4  87.0  165.0
4  53.0  141.0
4  49.0  199.0
4  45.0  269.0
4  73.0  196.0
4  100.0  12.0
4  69.0  201.0
4  80.0  228.0
4  97.0  114.0
4  53.0  233.0
4  82.0  169.0
4  83.0  151.0
4  27.0  250.0
4  74.0  205.0
4  16.0  309.0
4  60.0  271.0
4  0.0  438.0
4  54.0  384.0
4  43.0  258.0
4  20.0  328.0
4  73.0  242.0
4  93.0  62.0
4  43.0  296.0
4  35.0  258.0
4  89.0  98.0
4  100.0  7.0
4  69.0  231.0
4  58.0  257.0
4  94.0  80.0
4  100.0  200.0
4  74.0  281.0
4  100.0  9.0
4  63.0  203.0
4  60.0  285.0
4  100.0  35.0
4  60.0  207.0
4  65.0  233.0
4  53.0  256.0
4  34.0  197.0
4  68.0  261.0
4  59.0  159.0
4  41.0  208.0
4  18.0  241.0
4  56.0  331.0
4  10.0  375.0
4  22.0  206.0
4  53.0  122.0
4  76.0  173.0
4  71.0  149.0
4  50.0  312.0
4  34.0  424.0
4  100.0  200.0
4  58.0  292.0
4  91.0  177.0
4  72.0  187.0
4  53.0  372.0
4  94.0  65.0
4  64.0  113.0
4  41.0  250.0
4  100.0  0.0
4  44.0  254.0
5  42.0  257.0
5  82.0  248.0
5  56.0  280.0
5  54.0  270.0
5  75.0  220.0
5  14.0  283.0
5  58.0  158.0
5  47.0  272.0
5  45.0  345.0
5  41.0  234.0
5  100.0  5.0
5  93.0  112.0
5  0.0  4.0
5  50.0  195.0
5  83.0  112.0
5  12.0  177.0
5  0.0  343.0
5  82.0  29.0
5  28.0  501.0
5  56.0  300.0
5  80.0  237.0
5  62.0  103.0
5  44.0  236.0
5  49.0  240.0
5  41.0  259.0
5  99.0  57.0
5  58.0  231.0
5  67.0  274.0
5  30.0  185.0
5  80.0  73.0
5  77.0  124.0
5  79.0  124.0
5  29.0  305.0
5  78.0  123.0
5  39.0  363.0
5  83.0  110.0
5  93.0  134.0
5  98.0  32.0
5  48.0  247.0
5  57.0  421.0
5  35.0  288.0
5  100.0  200.0
5  77.0  148.0
5  100.0  107.0
5  88.0  169.0
5  45.0  284.0
5  46.0  201.0
5  36.0  158.0
5  59.0  163.0
5  95.0  60.0
5  100.0  8.0
5  100.0  3.0
5  59.0  217.0
5  39.0  321.0
5  69.0  170.0
5  83.0  117.0
5  44.0  201.0
5  55.0  366.0
5  50.0  116.0
5  10.0  215.0
5  95.0  83.0
5  24.0  351.0
5  21.0  378.0
5  93.0  53.0
5  90.0  38.0
5  23.0  455.0
5  82.0  111.0
5  100.0  17.0
5  100.0  102.0
5  20.0  84.0
5  48.0  248.0
5  49.0  339.0
5  100.0  38.0
5  100.0  1.0
5  76.0  129.0
5  87.0  131.0
5  69.0  141.0
5  100.0  0.0
5  26.0  153.0
5  43.0  223.0
5  81.0  76.0
5  63.0  104.0
5  77.0  58.0
5  58.0  278.0
5  34.0  224.0
5  13.0  214.0
5  75.0  259.0
5  50.0  388.0
5  98.0  50.0
5  0.0  320.0
5  90.0  70.0
5  99.0  44.0
5  33.0  189.0
5  35.0  156.0
5  80.0  172.0
5  69.0  148.0
5  81.0  246.0
5  100.0  64.0
5  69.0  162.0
5  78.0  178.0
