0  56.666666666666664  855
1  61.666666666666664  981
2  69.333333333333329  783
3  68.666666666666671  890
4  67.0  788
5  60.0  971
6  87.666666666666671  503
7  75.0  414
8  81.0  511
9  66.666666666666671  585
10  76.333333333333329  661
11  78.666666666666671  500
12  74.666666666666671  451
13  86.333333333333329  413
14  65.666666666666671  387
15  76.0  465
16  87.333333333333329  301
17  78.666666666666671  566
18  72.333333333333329  420
19  83.0  444
20  76.0  556
0  80.0  829
1  66.0  832
2  48.666666666666664  751
3  61.666666666666664  927
4  84.666666666666671  399
5  77.666666666666671  500
6  68.0  654
7  83.666666666666671  666
8  57.666666666666664  678
9  62.0  691
10  76.0  696
11  82.333333333333329  373
12  74.333333333333329  417
13  86.0  233
14  81.333333333333329  381
15  76.666666666666671  591
16  68.333333333333329  576
17  73.0  591
18  85.666666666666671  476
19  77.333333333333329  460
20  68.0  666
