1  19.0  313
2  57.0  305
3  32.0  289
4  63.0  268
5  39.0  211
1  14.0  342
2  38.0  368
3  57.0  290
4  46.0  365
5  29.0  156
1  47.0  251
2  47.0  254
3  41.0  206
4  46.0  312
5  33.0  279
1  69.0  398
2  72.0  277
3  41.0  259
4  17.0  334
5  57.0  228
1  50.0  316
2  48.0  344
3  34.0  268
4  12.0  293
5  36.0  258
1  46.0  258
2  27.0  256
3  19.0  344
4  53.0  277
5  23.0  343
1  50.0  376
2  45.0  287
3  30.0  269
4  30.0  189
5  39.0  337
1  52.0  353
2  72.0  365
3  47.0  378
4  22.0  381
5  33.0  275
1  57.0  322
2  74.0  251
3  37.0  166
4  36.0  288
5  47.0  255
1  38.0  318
2  57.0  415
3  34.0  305
4  22.0  355
5  44.0  311
1  68.0  295
2  53.0  378
3  19.0  273
4  36.0  292
5  26.0  327
1  89.0  231
2  67.0  250
3  22.0  333
4  47.0  330
5  30.0  237
1  50.0  315
2  50.0  189
3  47.0  211
4  23.0  262
5  35.0  225
1  55.0  330
2  51.0  395
3  41.0  201
4  35.0  324
5  15.0  238
1  27.0  310
2  53.0  367
3  46.0  309
4  26.0  380
5  24.0  328
1  46.0  227
2  65.0  309
3  39.0  345
4  51.0  250
5  32.0  272
1  77.0  335
2  56.0  283
3  8.0  163
4  27.0  317
5  42.0  266
1  39.0  383
2  48.0  378
3  24.0  250
4  35.0  250
5  16.0  216
1  41.0  422
2  17.0  297
3  0.0  190
4  37.0  302
5  5.0  142
1  66.0  380
2  58.0  245
3  12.0  162
4  22.0  297
5  20.0  230
1  55.0  401
2  60.0  244
3  15.0  386
4  24.0  291
5  36.0  272
1  62.0  311
2  85.0  294
3  45.0  214
4  46.0  251
5  2.0  245
1  65.0  321
2  44.0  281
3  46.0  355
4  9.0  399
5  46.0  383
1  60.0  385
2  40.0  225
3  41.0  391
4  11.0  265
5  51.0  195
1  56.0  271
2  32.0  235
3  45.0  330
4  52.0  228
5  55.0  212
1  12.0  96
2  52.0  346
3  43.0  275
4  19.0  238
5  61.0  177
1  68.0  382
2  60.0  340
3  49.0  311
4  31.0  300
5  19.0  209
1  38.0  319
2  48.0  352
3  18.0  209
4  45.0  295
5  67.0  128
1  71.0  293
2  43.0  320
3  31.0  233
4  56.0  296
5  8.0  210
1  58.0  371
2  35.0  306
3  27.0  210
4  19.0  258
5  8.0  313
1  57.0  386
2  49.0  418
3  10.0  345
4  8.0  182
5  17.0  307
1  70.0  333
2  32.0  318
3  25.0  535
4  39.0  282
5  46.0  253
1  36.0  282
2  22.0  454
3  33.0  354
4  42.0  382
5  28.0  342
1  57.0  360
2  54.0  389
3  22.0  309
4  18.0  176
5  27.0  259
1  65.0  355
2  21.0  242
3  39.0  373
4  32.0  287
5  52.0  340
1  31.0  378
2  51.0  349
3  12.0  242
4  62.0  203
5  13.0  152
1  52.0  375
2  55.0  402
3  51.0  402
4  25.0  323
5  56.0  228
1  12.0  607
2  33.0  377
3  41.0  369
4  12.0  224
5  12.0  184
1  65.0  371
2  28.0  277
3  77.0  250
4  68.0  322
5  11.0  276
1  48.0  329
2  30.0  310
3  34.0  290
4  27.0  220
5  50.0  213
1  53.0  307
2  80.0  278
3  43.0  451
4  10.0  218
5  14.0  251
1  56.0  339
2  71.0  312
3  28.0  260
4  61.0  169
5  24.0  358
1  62.0  342
2  20.0  314
3  62.0  154
4  14.0  226
5  39.0  236
1  34.0  381
2  47.0  330
3  19.0  224
4  16.0  205
5  12.0  300
1  34.0  344
2  33.0  201
3  12.0  278
4  58.0  288
5  41.0  304
1  40.0  294
2  48.0  467
3  19.0  406
4  48.0  338
5  37.0  232
1  41.0  365
2  39.0  312
3  54.0  210
4  6.0  206
5  47.0  300
1  30.0  268
2  12.0  217
3  38.0  223
4  9.0  256
5  37.0  266
1  35.0  393
2  30.0  452
3  52.0  329
4  53.0  298
5  40.0  288
1  51.0  392
2  51.0  299
3  45.0  306
4  14.0  304
5  22.0  342
1  34.0  444
2  40.0  275
3  63.0  313
4  35.0  319
5  18.0  361
1  50.0  455
2  73.0  286
3  33.0  273
4  22.0  197
5  36.0  351
1  39.0  374
2  39.0  327
3  51.0  248
4  17.0  221
5  15.0  138
1  30.0  551
2  26.0  285
3  36.0  237
4  59.0  215
5  55.0  284
1  82.0  210
2  60.0  280
3  67.0  239
4  18.0  271
5  18.0  194
1  53.0  315
2  27.0  428
3  37.0  386
4  55.0  261
5  29.0  374
1  28.0  470
2  42.0  294
3  18.0  301
4  18.0  273
5  0.0  104
1  57.0  189
2  58.0  297
3  52.0  285
4  57.0  256
5  14.0  231
1  36.0  321
2  37.0  371
3  30.0  307
4  52.0  187
5  40.0  149
1  67.0  320
2  34.0  426
3  76.0  267
4  56.0  328
5  12.0  192
1  25.0  210
2  49.0  262
3  23.0  405
4  18.0  248
5  30.0  276
1  43.0  371
2  35.0  320
3  15.0  243
4  37.0  284
5  47.0  263
1  41.0  429
2  74.0  322
3  37.0  267
4  43.0  266
5  32.0  216
1  58.0  316
2  26.0  228
3  32.0  379
4  20.0  292
5  39.0  274
1  29.0  412
2  42.0  452
3  32.0  371
4  51.0  323
5  9.0  221
1  41.0  441
2  30.0  316
3  49.0  307
4  33.0  414
5  15.0  219
1  70.0  374
2  63.0  383
3  27.0  312
4  65.0  309
5  47.0  291
1  3.0  226
2  61.0  328
3  33.0  284
4  42.0  243
5  52.0  303
1  63.0  325
2  41.0  344
3  1.0  199
4  49.0  290
5  46.0  342
1  50.0  360
2  61.0  334
3  27.0  235
4  47.0  314
5  28.0  124
1  68.0  372
2  67.0  332
3  6.0  356
4  61.0  248
5  19.0  158
1  54.0  327
2  47.0  415
3  69.0  290
4  6.0  181
5  29.0  279
1  59.0  379
2  25.0  267
3  0.0  253
4  20.0  364
5  46.0  313
1  41.0  455
2  60.0  329
3  34.0  319
4  34.0  379
5  64.0  324
1  40.0  351
2  54.0  409
3  54.0  284
4  55.0  371
5  22.0  200
1  20.0  370
2  60.0  323
3  16.0  299
4  32.0  155
5  24.0  330
1  63.0  262
2  38.0  486
3  16.0  150
4  22.0  339
5  40.0  288
1  58.0  445
2  79.0  281
3  17.0  232
4  25.0  204
5  18.0  195
1  56.0  442
2  49.0  295
3  52.0  284
4  24.0  341
5  49.0  309
1  32.0  328
2  56.0  354
3  48.0  336
4  47.0  231
5  46.0  215
1  59.0  408
2  91.0  213
3  33.0  216
4  20.0  215
5  32.0  327
1  29.0  439
2  43.0  272
3  22.0  355
4  56.0  254
5  16.0  134
1  67.0  327
2  63.0  368
3  33.0  265
4  13.0  275
5  17.0  236
1  47.0  320
2  58.0  383
3  11.0  169
4  28.0  278
5  33.0  243
1  38.0  403
2  3.0  192
3  7.0  392
4  18.0  452
5  51.0  315
1  53.0  296
2  62.0  300
3  57.0  253
4  14.0  230
5  5.0  240
1  33.0  353
2  40.0  334
3  2.0  221
4  7.0  337
5  13.0  300
1  47.0  353
2  31.0  187
3  34.0  306
4  35.0  294
5  27.0  302
1  49.0  306
2  71.0  336
3  33.0  221
4  20.0  155
5  22.0  305
1  26.0  477
2  30.0  316
3  46.0  234
4  10.0  294
5  45.0  306
1  54.0  358
2  70.0  353
3  41.0  259
4  52.0  385
5  9.0  178
1  62.0  309
2  23.0  450
3  31.0  233
4  0.0  155
5  32.0  319
1  20.0  333
2  51.0  276
3  20.0  289
4  19.0  274
5  29.0  358
1  59.0  316
2  39.0  361
3  47.0  309
4  33.0  388
5  49.0  283
1  39.0  495
2  60.0  252
3  52.0  260
4  28.0  200
5  37.0  327
1  84.0  257
2  50.0  332
3  39.0  409
4  17.0  199
5  56.0  277
1  53.0  441
2  44.0  473
3  25.0  290
4  22.0  349
5  27.0  221
1  54.0  283
2  46.0  391
3  30.0  286
4  37.0  250
5  28.0  297
1  79.0  288
2  40.0  281
3  26.0  257
4  57.0  260
5  29.0  294
1  31.0  318
2  65.0  338
3  33.0  331
4  22.0  397
5  15.0  308
