1  49.0  471
2  60.0  325
3  46.0  262
4  36.0  332
5  12.0  180
1  52.0  385
2  39.0  356
3  58.0  293
4  34.0  468
5  13.0  245
1  40.0  554
2  27.0  499
3  23.0  312
4  8.0  194
5  22.0  274
1  32.0  553
2  38.0  340
3  50.0  311
4  2.0  464
5  32.0  308
1  77.0  325
2  20.0  405
3  29.0  457
4  24.0  399
5  37.0  307
1  36.0  433
2  71.0  368
3  53.0  375
4  13.0  199
5  24.0  247
1  52.0  412
2  37.0  246
3  43.0  288
4  55.0  297
5  30.0  286
1  51.0  460
2  36.0  353
3  40.0  338
4  19.0  199
5  9.0  364
1  55.0  385
2  28.0  363
3  41.0  299
4  33.0  229
5  0.0  192
1  30.0  391
2  32.0  265
3  29.0  235
4  11.0  408
5  16.0  307
1  37.0  387
2  22.0  492
3  28.0  346
4  16.0  369
5  18.0  293
1  8.0  399
2  19.0  348
3  57.0  249
4  10.0  290
5  10.0  250
1  52.0  415
2  44.0  366
3  42.0  263
4  12.0  143
5  36.0  314
1  23.0  376
2  53.0  407
3  10.0  320
4  20.0  247
5  6.0  262
1  40.0  476
2  19.0  410
3  15.0  230
4  48.0  228
5  11.0  251
1  21.0  420
2  81.0  268
3  24.0  411
4  59.0  285
5  7.0  148
1  39.0  390
2  31.0  263
3  39.0  266
4  21.0  390
5  22.0  297
1  40.0  223
2  24.0  348
3  46.0  383
4  77.0  272
5  3.0  159
1  39.0  482
2  54.0  380
3  59.0  298
4  20.0  173
5  23.0  265
1  44.0  401
2  30.0  431
3  47.0  361
4  51.0  242
5  16.0  205
1  46.0  406
2  39.0  414
3  18.0  446
4  33.0  481
5  49.0  245
1  47.0  466
2  25.0  331
3  44.0  358
4  30.0  322
5  24.0  242
1  55.0  406
2  36.0  435
3  38.0  377
4  5.0  250
5  8.0  162
1  33.0  465
2  33.0  489
3  5.0  325
4  21.0  369
5  54.0  311
1  18.0  386
2  13.0  342
3  39.0  373
4  25.0  358
5  13.0  171
1  22.0  391
2  10.0  246
3  27.0  393
4  24.0  453
5  17.0  204
1  49.0  416
2  56.0  315
3  12.0  219
4  12.0  210
5  21.0  210
1  30.0  504
2  23.0  507
3  46.0  340
4  39.0  315
5  24.0  196
1  39.0  361
2  19.0  283
3  14.0  358
4  16.0  306
5  24.0  311
1  22.0  521
2  46.0  298
3  27.0  393
4  31.0  505
5  22.0  316
1  53.0  459
2  37.0  415
3  32.0  334
4  16.0  308
5  0.0  200
1  70.0  343
2  39.0  207
3  39.0  397
4  7.0  477
5  42.0  247
1  43.0  428
2  38.0  286
3  69.0  325
4  42.0  328
5  18.0  301
1  43.0  360
2  49.0  283
3  23.0  262
4  30.0  269
5  27.0  331
1  26.0  354
2  58.0  340
3  24.0  317
4  33.0  248
5  54.0  249
1  59.0  351
2  35.0  342
3  40.0  329
4  42.0  403
5  33.0  238
1  37.0  509
2  27.0  402
3  18.0  233
4  1.0  177
5  14.0  372
1  64.0  348
2  33.0  535
3  2.0  279
4  17.0  316
5  19.0  270
1  49.0  437
2  27.0  475
3  10.0  325
4  2.0  230
5  7.0  330
1  36.0  267
2  31.0  280
3  51.0  425
4  35.0  430
5  12.0  288
1  63.0  346
2  59.0  397
3  2.0  373
4  25.0  178
5  32.0  371
1  46.0  442
2  56.0  309
3  27.0  387
4  42.0  448
5  20.0  333
1  47.0  434
2  47.0  455
3  28.0  304
4  6.0  175
5  33.0  299
1  23.0  399
2  52.0  400
3  34.0  439
4  46.0  365
5  13.0  337
1  26.0  322
2  11.0  411
3  35.0  290
4  41.0  296
5  30.0  256
1  63.0  419
2  29.0  389
3  0.0  70
4  18.0  295
5  5.0  289
1  41.0  363
2  75.0  332
3  43.0  318
4  23.0  251
5  16.0  204
1  25.0  354
2  40.0  462
3  32.0  423
4  18.0  376
5  6.0  172
1  54.0  354
2  52.0  433
3  25.0  364
4  55.0  289
5  17.0  342
1  63.0  391
2  36.0  353
3  23.0  239
4  28.0  246
5  19.0  229
1  49.0  400
2  16.0  382
3  43.0  313
4  28.0  197
5  38.0  244
1  30.0  585
2  55.0  375
3  8.0  347
4  14.0  174
5  19.0  372
1  26.0  294
2  50.0  363
3  8.0  249
4  20.0  296
5  0.0  139
1  42.0  348
2  43.0  424
3  20.0  407
4  60.0  277
5  35.0  271
1  49.0  394
2  17.0  354
3  30.0  255
4  26.0  240
5  17.0  217
1  47.0  408
2  18.0  452
3  42.0  303
4  31.0  423
5  9.0  296
1  20.0  544
2  48.0  365
3  43.0  361
4  54.0  319
5  35.0  235
1  31.0  463
2  39.0  367
3  25.0  286
4  27.0  253
5  28.0  311
1  4.0  374
2  51.0  415
3  47.0  305
4  27.0  435
5  2.0  320
1  17.0  259
2  18.0  310
3  40.0  448
4  31.0  324
5  14.0  291
1  26.0  412
2  37.0  390
3  34.0  251
4  38.0  365
5  18.0  255
1  61.0  381
2  46.0  336
3  26.0  414
4  63.0  390
5  3.0  194
1  56.0  439
2  27.0  488
3  37.0  427
4  10.0  169
5  4.0  290
1  64.0  352
2  25.0  388
3  12.0  327
4  31.0  263
5  7.0  363
1  36.0  487
2  26.0  436
3  21.0  257
4  19.0  312
5  51.0  246
1  26.0  311
2  52.0  476
3  10.0  309
4  13.0  326
5  22.0  409
1  22.0  325
2  44.0  262
3  16.0  275
4  31.0  261
5  32.0  348
1  32.0  410
2  58.0  396
3  42.0  351
4  2.0  228
5  24.0  324
1  63.0  357
2  7.0  486
3  23.0  251
4  12.0  332
5  18.0  183
1  56.0  390
2  54.0  374
3  17.0  307
4  23.0  389
5  33.0  297
1  26.0  414
2  53.0  421
3  44.0  298
4  0.0  194
5  25.0  288
1  17.0  450
2  24.0  302
3  19.0  291
4  7.0  202
5  59.0  351
1  44.0  443
2  53.0  308
3  22.0  437
4  8.0  372
5  7.0  210
1  40.0  497
2  60.0  265
3  55.0  351
4  22.0  197
5  12.0  186
1  55.0  399
2  61.0  337
3  40.0  319
4  19.0  354
5  32.0  293
1  78.0  288
2  39.0  401
3  0.0  224
4  43.0  366
5  29.0  283
1  32.0  486
2  49.0  455
3  5.0  220
4  29.0  370
5  14.0  250
1  38.0  539
2  50.0  289
3  18.0  262
4  30.0  260
5  48.0  209
1  64.0  367
2  58.0  286
3  34.0  349
4  15.0  287
5  17.0  188
1  48.0  430
2  13.0  385
3  45.0  380
4  10.0  242
5  37.0  259
1  60.0  333
2  38.0  300
3  43.0  293
4  30.0  471
5  40.0  189
1  37.0  560
2  34.0  389
3  0.0  105
4  46.0  280
5  20.0  295
1  49.0  472
2  15.0  310
3  10.0  306
4  19.0  196
5  0.0  409
1  69.0  337
2  32.0  430
3  47.0  308
4  51.0  301
5  40.0  287
1  21.0  355
2  0.0  204
3  40.0  281
4  49.0  298
5  11.0  233
1  47.0  217
2  44.0  442
3  55.0  383
4  38.0  243
5  39.0  300
1  42.0  457
2  42.0  389
3  15.0  242
4  38.0  369
5  24.0  208
1  27.0  355
2  17.0  394
3  48.0  311
4  51.0  284
5  37.0  270
1  26.0  473
2  72.0  318
3  22.0  296
4  19.0  204
5  0.0  246
1  30.0  412
2  28.0  330
3  6.0  309
4  62.0  293
5  13.0  290
1  63.0  478
2  23.0  244
3  44.0  313
4  29.0  278
5  22.0  169
1  48.0  393
2  7.0  352
3  37.0  382
4  24.0  271
5  0.0  46
1  34.0  343
2  19.0  237
3  53.0  339
4  24.0  190
5  4.0  205
1  53.0  373
2  74.0  330
3  37.0  408
4  13.0  251
5  11.0  250
1  60.0  345
2  35.0  366
3  22.0  348
4  29.0  334
5  19.0  286
1  33.0  327
2  42.0  313
3  5.0  458
4  26.0  341
5  32.0  341
1  37.0  394
2  54.0  468
3  47.0  281
4  11.0  200
5  12.0  252
1  67.0  354
2  40.0  375
3  47.0  429
4  29.0  336
5  10.0  315
1  44.0  344
2  28.0  539
3  1.0  358
4  20.0  304
5  22.0  307
1  49.0  295
2  57.0  304
3  42.0  298
4  19.0  395
5  13.0  283
