0  43.100000000000001  2831
1  49.399999999999999  2648
2  53.399999999999999  2827
3  44.600000000000001  2675
4  50.399999999999999  2508
5  38.200000000000003  2583
6  52.399999999999999  2563
7  51.899999999999999  2399
8  61.700000000000003  2032
9  54.899999999999999  2483
10  46.5  2203
11  59.299999999999997  2167
12  47.100000000000001  1990
13  60.600000000000001  2170
14  54.899999999999999  2117
15  63.899999999999999  2062
16  55.0  1907
17  58.399999999999999  2290
18  58.600000000000001  1806
19  60.0  1791
20  72.799999999999997  1458
0  37.899999999999999  2772
1  40.899999999999999  2635
2  47.200000000000003  2441
3  50.799999999999997  2785
4  48.600000000000001  2771
5  67.0  2335
6  52.100000000000001  2341
7  59.200000000000003  2307
8  45.799999999999997  2702
9  54.700000000000003  2382
10  43.100000000000001  1944
11  63.0  1981
12  54.299999999999997  2046
13  61.200000000000003  1884
14  59.100000000000001  1769
15  67.200000000000003  1930
16  69.200000000000003  2044
17  59.200000000000003  1801
18  58.600000000000001  2147
19  60.799999999999997  1603
20  60.899999999999999  1904
0  48.399999999999999  2392
1  42.5  2375
2  44.299999999999997  2782
3  44.899999999999999  2743
4  47.299999999999997  2683
5  51.600000000000001  2483
6  52.299999999999997  2674
7  51.700000000000003  2165
8  52.5  2455
9  48.5  2288
10  50.5  2140
11  51.799999999999997  2423
12  69.0  1810
13  65.299999999999997  2239
14  45.200000000000003  2490
15  61.200000000000003  2248
16  63.0  2067
17  66.0  2019
18  62.799999999999997  1643
19  66.0  1720
20  63.0  1385
0  44.0  2958
1  40.799999999999997  3056
2  38.5  2641
3  53.399999999999999  2623
4  52.700000000000003  2701
5  40.700000000000003  2381
6  51.0  2514
7  53.299999999999997  2661
8  54.299999999999997  2225
9  51.299999999999997  2001
10  45.0  2145
11  60.0  2186
12  66.200000000000003  2111
13  53.700000000000003  2010
14  60.0  2332
15  60.899999999999999  1908
16  52.799999999999997  1935
17  58.100000000000001  2205
18  63.700000000000003  2177
19  64.299999999999997  2099
20  67.900000000000006  1575
0  48.700000000000003  3010
1  34.0  2502
2  52.799999999999997  2682
3  47.899999999999999  2471
4  38.5  2801
5  53.899999999999999  2743
6  50.899999999999999  2696
7  48.299999999999997  2291
8  52.899999999999999  2291
9  53.700000000000003  2189
10  60.5  2200
11  64.200000000000003  2041
12  55.0  2116
13  61.700000000000003  2484
14  69.900000000000006  1775
15  57.5  1879
16  60.100000000000001  1998
17  64.599999999999994  2070
18  51.0  2089
19  82.099999999999994  1185
20  59.299999999999997  1645
0  49.799999999999997  2810
1  44.399999999999999  2892
2  52.899999999999999  2817
3  39.200000000000003  2515
4  49.799999999999997  2520
5  44.399999999999999  3179
6  53.799999999999997  2685
7  62.200000000000003  2244
8  61.399999999999999  2286
9  51.5  2587
10  57.100000000000001  2180
11  60.600000000000001  1910
12  48.799999999999997  2319
13  54.600000000000001  1913
14  59.0  2004
15  59.600000000000001  1958
16  62.200000000000003  1815
17  63.100000000000001  2013
18  57.299999999999997  1860
19  59.700000000000003  1905
20  68.599999999999994  1658
0  51.299999999999997  2734
1  50.399999999999999  3162
2  61.299999999999997  2768
3  43.200000000000003  2363
4  49.899999999999999  2860
5  48.799999999999997  2458
6  50.200000000000003  2424
7  55.700000000000003  2340
8  60.899999999999999  2224
9  55.899999999999999  2170
10  53.799999999999997  2462
11  60.299999999999997  2445
12  67.200000000000003  2006
13  64.099999999999994  2437
14  56.100000000000001  1836
15  57.899999999999999  1799
16  47.0  1950
17  70.900000000000006  1555
18  69.599999999999994  1942
19  57.799999999999997  1487
20  66.299999999999997  1604
0  32.299999999999997  2881
1  44.700000000000003  3122
2  47.600000000000001  2807
3  52.5  2681
4  46.5  2407
5  50.399999999999999  2824
6  57.600000000000001  2197
7  54.0  2224
8  48.5  2518
9  55.700000000000003  2082
10  57.399999999999999  2084
11  59.399999999999999  2218
12  58.700000000000003  1880
13  65.700000000000003  2100
14  59.299999999999997  2415
15  59.0  1958
16  56.899999999999999  1876
17  58.0  1727
18  71.099999999999994  1904
19  63.100000000000001  1586
20  64.0  1655
0  41.100000000000001  2789
1  44.600000000000001  2484
2  51.0  2637
3  39.100000000000001  3092
4  56.399999999999999  2610
5  48.5  2501
6  43.299999999999997  2703
7  48.799999999999997  2572
8  66.900000000000006  1962
9  58.200000000000003  2035
10  60.100000000000001  2065
11  61.700000000000003  2469
12  66.200000000000003  1953
13  61.200000000000003  1914
14  66.5  2074
15  53.200000000000003  2082
16  63.799999999999997  2015
17  55.0  2093
18  68.799999999999997  1977
19  57.700000000000003  1974
20  65.900000000000006  1835
0  40.5  2964
1  31.399999999999999  2936
2  46.0  2933
3  44.700000000000003  2600
4  42.600000000000001  2745
5  38.899999999999999  2686
6  53.100000000000001  2298
7  44.200000000000003  2669
8  52.0  2447
9  50.100000000000001  2364
10  51.600000000000001  2180
11  56.799999999999997  1996
12  53.5  2195
13  54.100000000000001  1982
14  64.900000000000006  1926
15  62.100000000000001  2182
16  62.600000000000001  2138
17  61.299999999999997  2007
18  64.900000000000006  1791
19  56.600000000000001  1881
20  76.099999999999994  1780
0  42.299999999999997  3098
1  38.700000000000003  2715
2  50.700000000000003  2631
3  55.0  2576
4  55.200000000000003  2498
5  49.600000000000001  2414
6  49.5  2562
7  53.899999999999999  1970
8  56.399999999999999  2307
9  47.399999999999999  2103
10  53.399999999999999  2291
11  59.399999999999999  1777
12  59.700000000000003  2156
13  53.399999999999999  2036
14  60.799999999999997  1597
15  52.200000000000003  1987
16  66.200000000000003  1695
17  64.0  1809
18  61.700000000000003  1936
19  64.599999999999994  1781
20  72.099999999999994  1788
0  41.600000000000001  2651
1  45.799999999999997  2888
2  41.200000000000003  2760
3  43.0  2415
4  48.399999999999999  2531
5  49.700000000000003  2241
6  51.600000000000001  2173
7  51.5  2628
8  51.899999999999999  2275
9  52.200000000000003  1917
10  54.600000000000001  2619
11  60.299999999999997  2229
12  61.600000000000001  1958
13  47.100000000000001  1975
14  60.299999999999997  1937
15  63.399999999999999  1863
16  59.700000000000003  1748
17  68.200000000000003  1717
18  61.399999999999999  1966
19  59.200000000000003  1945
20  64.299999999999997  1563
0  54.0  2512
1  40.100000000000001  2879
2  48.200000000000003  2856
3  40.399999999999999  2690
4  47.200000000000003  2744
5  48.899999999999999  2487
6  45.200000000000003  2447
7  42.100000000000001  2847
8  50.399999999999999  2559
9  64.400000000000006  2095
10  51.100000000000001  2116
11  61.200000000000003  2125
12  59.399999999999999  2093
13  52.299999999999997  1846
14  50.600000000000001  1886
15  64.5  1712
16  67.200000000000003  2055
17  61.5  2023
18  56.5  1845
19  62.299999999999997  1935
20  70.5  1965
0  50.0  2855
1  46.399999999999999  2973
2  50.100000000000001  3042
3  48.5  2438
4  52.5  2842
5  56.799999999999997  2676
6  57.200000000000003  2399
7  51.100000000000001  2388
8  60.600000000000001  2250
9  61.100000000000001  2336
10  58.299999999999997  1873
11  63.600000000000001  2293
12  72.099999999999994  1726
13  50.399999999999999  2440
14  56.299999999999997  2067
15  53.700000000000003  1654
16  70.299999999999997  1772
17  48.600000000000001  1691
18  63.5  1855
19  64.5  2092
20  66.299999999999997  1580
0  43.600000000000001  3038
1  42.299999999999997  2714
2  37.600000000000001  2536
3  47.700000000000003  2824
4  44.0  2713
5  51.5  2640
6  45.899999999999999  2685
7  51.700000000000003  2452
8  62.399999999999999  1978
9  46.5  1989
10  63.200000000000003  2267
11  58.5  2254
12  47.700000000000003  2313
13  59.899999999999999  2423
14  52.799999999999997  1919
15  66.700000000000003  2059
16  72.5  1504
17  60.700000000000003  1648
18  56.600000000000001  1740
19  70.299999999999997  1731
20  55.600000000000001  1589
0  46.200000000000003  3090
1  37.799999999999997  2572
2  50.799999999999997  2674
3  39.299999999999997  2824
4  46.0  2692
5  48.600000000000001  2785
6  46.399999999999999  2832
7  57.5  2385
8  48.600000000000001  2363
9  52.399999999999999  2315
10  49.299999999999997  2215
11  61.799999999999997  1998
12  55.100000000000001  2392
13  58.399999999999999  2305
14  57.399999999999999  2132
15  58.700000000000003  1899
16  62.399999999999999  1928
17  64.0  1780
18  59.600000000000001  1904
19  60.799999999999997  2115
20  69.200000000000003  1559
0  49.100000000000001  2981
1  49.100000000000001  2660
2  51.200000000000003  2483
3  40.799999999999997  2794
4  43.799999999999997  2460
5  51.799999999999997  2495
6  49.200000000000003  2592
7  59.200000000000003  2285
8  44.299999999999997  2349
9  55.899999999999999  2085
10  52.299999999999997  2475
11  55.600000000000001  1960
12  55.100000000000001  2166
13  53.899999999999999  1836
14  59.899999999999999  1949
15  52.200000000000003  2030
16  51.5  2259
17  64.5  1838
18  50.200000000000003  2297
19  61.299999999999997  2020
20  54.100000000000001  1504
0  50.299999999999997  2697
1  43.799999999999997  3153
2  51.700000000000003  2884
3  38.799999999999997  2933
4  41.399999999999999  2498
5  44.5  2826
6  48.899999999999999  2271
7  64.799999999999997  2245
8  48.399999999999999  2464
9  50.799999999999997  2336
10  50.700000000000003  2237
11  47.700000000000003  2265
12  59.100000000000001  2179
13  51.799999999999997  2271
14  51.200000000000003  2096
15  68.099999999999994  1604
16  50.200000000000003  2316
17  61.399999999999999  2130
18  63.899999999999999  1868
19  64.200000000000003  1706
20  63.100000000000001  1799
0  48.799999999999997  3042
1  39.299999999999997  2770
2  39.399999999999999  2698
3  46.600000000000001  3016
4  52.200000000000003  2369
5  33.799999999999997  2684
6  48.700000000000003  2505
7  52.5  2528
8  55.299999999999997  2122
9  44.600000000000001  2354
10  50.0  1924
11  59.5  2100
12  62.600000000000001  2127
13  57.5  2142
14  68.099999999999994  1869
15  58.299999999999997  1892
16  74.299999999999997  1768
17  53.600000000000001  1870
18  54.0  1774
19  64.299999999999997  1567
20  53.200000000000003  2162
0  39.100000000000001  3380
1  45.200000000000003  2703
2  45.399999999999999  2818
3  40.5  2493
4  44.600000000000001  2290
5  46.899999999999999  2368
6  50.799999999999997  2345
7  53.299999999999997  2072
8  44.600000000000001  2472
9  53.700000000000003  2321
10  45.100000000000001  2103
11  47.899999999999999  2318
12  51.0  1905
13  54.799999999999997  2024
14  59.0  1728
15  69.799999999999997  1704
16  62.799999999999997  1756
17  67.400000000000006  1821
18  60.200000000000003  1709
19  59.200000000000003  1425
20  60.299999999999997  1491
0  34.0  2841
1  39.399999999999999  3087
2  39.100000000000001  2296
3  46.0  2498
4  45.0  2737
5  49.299999999999997  2773
6  58.0  2449
7  46.899999999999999  2280
8  45.299999999999997  2153
9  59.5  2451
10  53.700000000000003  2391
11  52.299999999999997  1862
12  55.399999999999999  2050
13  61.5  2237
14  55.399999999999999  2239
15  62.0  1978
16  86.099999999999994  1293
17  67.299999999999997  1860
18  53.0  2065
19  68.099999999999994  1604
20  56.899999999999999  1932
0  46.399999999999999  2917
1  37.799999999999997  2650
2  51.5  2520
3  51.5  2754
4  51.799999999999997  2838
5  53.299999999999997  2358
6  47.700000000000003  2116
7  53.799999999999997  2342
8  55.299999999999997  2623
9  56.899999999999999  2746
10  64.5  2122
11  51.600000000000001  2655
12  59.0  2274
13  52.0  1849
14  65.299999999999997  1882
15  58.600000000000001  1851
16  51.200000000000003  2127
17  59.799999999999997  2010
18  71.5  1927
19  55.600000000000001  1625
20  57.600000000000001  1686
0  43.5  2747
1  43.200000000000003  2995
2  46.799999999999997  2902
3  43.5  2694
4  53.700000000000003  2937
5  47.799999999999997  2688
6  54.0  2379
7  56.899999999999999  2559
8  64.099999999999994  2265
9  44.100000000000001  2577
10  50.899999999999999  2149
11  58.399999999999999  2329
12  58.200000000000003  1956
13  53.0  2334
14  49.899999999999999  2154
15  54.200000000000003  2189
16  54.200000000000003  2266
17  72.900000000000006  1800
18  59.600000000000001  1581
19  55.399999999999999  1852
20  65.200000000000003  1629
0  46.0  2697
1  43.799999999999997  2928
2  48.399999999999999  2995
3  43.5  2595
4  50.899999999999999  2393
5  42.299999999999997  2593
6  49.600000000000001  2732
7  42.299999999999997  2264
8  40.700000000000003  2751
9  52.299999999999997  2338
10  60.0  2370
11  54.399999999999999  2304
12  51.0  2041
13  62.899999999999999  2054
14  60.899999999999999  2126
15  58.799999999999997  1999
16  62.0  2273
17  61.0  2107
18  65.900000000000006  1840
19  57.100000000000001  1928
20  71.099999999999994  1648
0  36.100000000000001  2988
1  39.700000000000003  2840
2  48.799999999999997  3206
3  47.600000000000001  2587
4  33.5  2817
5  52.799999999999997  2467
6  47.200000000000003  2540
7  45.700000000000003  2224
8  58.0  2236
9  53.700000000000003  2238
10  45.399999999999999  2267
11  45.600000000000001  2178
12  58.799999999999997  1815
13  50.700000000000003  1902
14  46.299999999999997  2400
15  54.700000000000003  2051
16  52.0  2253
17  57.200000000000003  2220
18  62.899999999999999  2247
19  58.899999999999999  2000
20  54.5  1758
0  44.899999999999999  2515
1  34.899999999999999  2906
2  43.399999999999999  2665
3  41.0  2612
4  42.0  2313
5  45.5  2622
6  48.399999999999999  2231
7  51.5  2397
8  57.0  2405
9  55.100000000000001  2613
10  58.399999999999999  2190
11  56.799999999999997  2038
12  68.299999999999997  2062
13  42.100000000000001  2151
14  59.600000000000001  2077
15  57.299999999999997  1946
16  73.400000000000006  1545
17  63.100000000000001  1899
18  60.399999999999999  1874
19  69.299999999999997  1943
20  63.5  1610
0  49.100000000000001  2648
1  39.899999999999999  3084
2  46.299999999999997  2481
3  42.399999999999999  3486
4  47.899999999999999  2703
5  40.200000000000003  2526
6  51.5  2338
7  57.200000000000003  2467
8  62.700000000000003  2106
9  47.899999999999999  2298
10  58.399999999999999  1912
11  49.799999999999997  2251
12  56.200000000000003  2288
13  59.700000000000003  1998
14  51.0  2362
15  64.799999999999997  1753
16  51.5  2391
17  62.5  1628
18  49.799999999999997  1978
19  70.5  1772
20  56.600000000000001  2188
0  35.399999999999999  3127
1  41.100000000000001  3175
2  44.700000000000003  2696
3  43.100000000000001  2723
4  35.299999999999997  2541
5  46.799999999999997  2528
6  49.299999999999997  2539
7  51.700000000000003  2261
8  44.899999999999999  2110
9  51.200000000000003  2205
10  56.799999999999997  2180
11  61.700000000000003  2048
12  66.599999999999994  1920
13  54.600000000000001  2107
14  66.0  2413
15  61.0  1998
16  65.200000000000003  1970
17  58.899999999999999  2276
18  62.899999999999999  1774
19  63.600000000000001  1959
20  63.100000000000001  1771
0  40.5  2715
1  46.0  3163
2  41.0  2663
3  47.399999999999999  2743
4  47.399999999999999  2774
5  41.299999999999997  2359
6  47.899999999999999  2388
7  48.399999999999999  2150
8  51.899999999999999  2635
9  54.0  2264
10  48.600000000000001  2143
11  58.100000000000001  2055
12  66.700000000000003  1926
13  62.399999999999999  1926
14  62.600000000000001  2133
15  62.899999999999999  1977
16  57.0  2297
17  69.799999999999997  1571
18  67.799999999999997  1777
19  63.299999999999997  1747
20  70.599999999999994  1718
0  38.5  2613
1  44.299999999999997  2996
2  51.0  2929
3  58.0  2640
4  39.299999999999997  2860
5  49.299999999999997  2480
6  44.700000000000003  2357
7  46.0  2182
8  53.799999999999997  2332
9  50.0  2427
10  53.0  2384
11  55.5  2154
12  53.299999999999997  2436
13  51.700000000000003  2123
14  63.0  1930
15  64.5  1874
16  57.299999999999997  2221
17  64.799999999999997  1722
18  62.700000000000003  2169
19  61.700000000000003  1633
20  53.100000000000001  1702
0  49.399999999999999  2982
1  41.299999999999997  3069
2  54.700000000000003  2673
3  49.600000000000001  2699
4  50.799999999999997  2348
5  49.5  2731
6  51.799999999999997  2931
7  54.299999999999997  2254
8  58.700000000000003  2229
9  52.899999999999999  2117
10  57.299999999999997  2126
11  56.899999999999999  2302
12  54.700000000000003  2022
13  56.899999999999999  2172
14  60.600000000000001  1877
15  57.899999999999999  2053
16  64.5  1845
17  55.100000000000001  1815
18  52.299999999999997  1891
19  56.0  1900
20  67.299999999999997  1915
0  52.399999999999999  2754
1  38.899999999999999  2986
2  54.0  2928
3  52.399999999999999  2824
4  47.299999999999997  2737
5  51.299999999999997  2354
6  52.5  2435
7  45.0  2533
8  53.200000000000003  2374
9  50.200000000000003  2271
10  53.899999999999999  2657
11  64.599999999999994  2048
12  50.0  2060
13  60.600000000000001  1862
14  60.399999999999999  2279
15  68.200000000000003  1772
16  55.899999999999999  1989
17  59.200000000000003  1631
18  48.399999999999999  1985
19  53.799999999999997  1928
20  61.299999999999997  1604
0  38.0  2990
1  49.899999999999999  2430
2  46.600000000000001  2869
3  51.5  2566
4  46.100000000000001  2428
5  45.700000000000003  2165
6  51.399999999999999  2526
7  46.299999999999997  2770
8  45.700000000000003  2419
9  61.399999999999999  2160
10  53.200000000000003  2041
11  63.299999999999997  2029
12  57.600000000000001  2020
13  64.5  2084
14  60.399999999999999  1530
15  58.299999999999997  2085
16  67.700000000000003  1965
17  61.799999999999997  1995
18  59.799999999999997  2206
19  58.799999999999997  1504
20  60.899999999999999  2031
0  28.699999999999999  3099
1  45.600000000000001  3153
2  41.0  2911
3  47.200000000000003  2586
4  43.700000000000003  2946
5  48.5  2457
6  52.100000000000001  2553
7  53.0  2285
8  55.700000000000003  2126
9  60.5  2346
10  62.600000000000001  1945
11  51.0  2247
12  54.200000000000003  2082
13  54.200000000000003  2005
14  59.799999999999997  2168
15  60.899999999999999  1881
16  60.0  2244
17  67.400000000000006  1709
18  59.700000000000003  1921
19  57.299999999999997  1586
20  59.299999999999997  1838
0  41.799999999999997  2809
1  36.200000000000003  2950
2  48.600000000000001  2780
3  39.100000000000001  2530
4  46.100000000000001  2377
5  43.5  2606
6  54.5  2390
7  48.100000000000001  2145
8  49.799999999999997  2372
9  55.299999999999997  2517
10  61.0  2184
11  53.5  2332
12  57.600000000000001  2024
13  51.600000000000001  1881
14  52.200000000000003  2115
15  54.899999999999999  2012
16  60.799999999999997  2021
17  60.700000000000003  1807
18  68.0  1940
19  62.299999999999997  2042
20  63.700000000000003  1555
0  44.0  3129
1  44.299999999999997  2945
2  58.799999999999997  2715
3  48.799999999999997  2752
4  52.399999999999999  2696
5  51.799999999999997  2202
6  52.600000000000001  2352
7  49.5  2577
8  50.700000000000003  2374
9  49.799999999999997  2683
10  56.100000000000001  2257
11  51.200000000000003  2264
12  48.799999999999997  1733
13  45.200000000000003  2297
14  60.799999999999997  2100
15  54.200000000000003  2051
16  50.700000000000003  1940
17  64.099999999999994  1703
18  64.299999999999997  1588
19  53.700000000000003  2064
20  60.0  1677
0  46.399999999999999  2896
1  45.200000000000003  2541
2  47.5  2718
3  43.399999999999999  2767
4  47.299999999999997  2950
5  44.700000000000003  2767
6  49.100000000000001  2339
7  49.100000000000001  2325
8  48.399999999999999  2558
9  61.799999999999997  1990
10  55.899999999999999  2314
11  54.0  2369
12  62.200000000000003  1782
13  48.799999999999997  2528
14  56.899999999999999  2077
15  61.899999999999999  1692
16  53.600000000000001  1774
17  58.100000000000001  2104
18  60.700000000000003  1813
19  62.100000000000001  1716
20  64.200000000000003  1754
0  46.399999999999999  2631
1  37.0  2944
2  45.299999999999997  2664
3  52.700000000000003  2635
4  46.799999999999997  2822
5  46.700000000000003  2275
6  57.0  2311
7  44.799999999999997  2068
8  53.0  2381
9  56.700000000000003  2342
10  60.299999999999997  2385
11  56.5  2062
12  52.299999999999997  2307
13  49.299999999999997  1600
14  61.0  1984
15  63.5  2016
16  64.700000000000003  1665
17  60.799999999999997  1835
18  58.299999999999997  1708
19  67.700000000000003  1727
20  67.5  1723
0  43.399999999999999  2734
1  44.200000000000003  2643
2  54.0  2981
3  51.100000000000001  3039
4  44.100000000000001  2629
5  55.299999999999997  2651
6  45.399999999999999  2546
7  51.100000000000001  2249
8  51.5  2350
9  53.399999999999999  2159
10  57.399999999999999  2454
11  51.899999999999999  2341
12  51.299999999999997  2255
13  56.799999999999997  2495
14  59.0  1955
15  52.700000000000003  2254
16  59.200000000000003  1506
17  60.799999999999997  2103
18  57.200000000000003  1646
19  60.799999999999997  1664
20  60.600000000000001  1384
0  47.299999999999997  2864
1  48.200000000000003  2782
2  49.0  2711
3  49.0  2706
4  34.399999999999999  2216
5  45.600000000000001  2418
6  58.100000000000001  2511
7  41.799999999999997  2988
8  45.0  2271
9  50.899999999999999  2167
10  60.200000000000003  2132
11  50.600000000000001  2005
12  57.200000000000003  1930
13  62.700000000000003  1960
14  64.400000000000006  1972
15  59.200000000000003  1949
16  53.200000000000003  2261
17  60.799999999999997  2018
18  62.600000000000001  1763
19  67.400000000000006  1810
20  52.299999999999997  2113
0  39.700000000000003  2695
1  48.299999999999997  2877
2  40.5  2276
3  43.399999999999999  3023
4  42.100000000000001  2990
5  49.899999999999999  2531
6  49.299999999999997  2752
7  39.299999999999997  2015
8  46.399999999999999  1903
9  50.200000000000003  2135
10  50.700000000000003  2223
11  53.200000000000003  2298
12  51.299999999999997  2440
13  48.299999999999997  2326
14  64.099999999999994  2053
15  63.399999999999999  1596
16  64.0  1920
17  64.200000000000003  1982
18  55.100000000000001  1958
19  52.899999999999999  1673
20  56.100000000000001  1778
0  38.0  3184
1  31.800000000000001  2680
2  42.600000000000001  2777
3  50.299999999999997  2703
4  46.399999999999999  2917
5  51.200000000000003  2679
6  41.799999999999997  2664
7  43.899999999999999  2138
8  46.899999999999999  2517
9  50.299999999999997  2446
10  57.0  2233
11  58.700000000000003  1943
12  59.299999999999997  1746
13  59.600000000000001  2068
14  59.600000000000001  2194
15  66.599999999999994  1827
16  55.799999999999997  1767
17  63.399999999999999  1658
18  66.299999999999997  1834
19  66.099999999999994  1493
20  58.0  1857
0  38.5  2649
1  48.700000000000003  2618
2  34.700000000000003  2158
3  44.700000000000003  2912
4  41.799999999999997  2782
5  45.299999999999997  2448
6  50.299999999999997  2286
7  56.799999999999997  2190
8  63.399999999999999  2691
9  55.700000000000003  2040
10  51.0  2302
11  60.5  1990
12  55.799999999999997  1950
13  52.899999999999999  2355
14  47.399999999999999  2241
15  50.600000000000001  2206
16  53.700000000000003  1602
17  61.5  1985
18  62.899999999999999  1606
19  58.100000000000001  1723
20  63.600000000000001  1502
0  45.5  3063
1  35.0  2882
2  48.200000000000003  2572
3  50.399999999999999  2466
4  41.399999999999999  3063
5  54.0  2609
6  44.100000000000001  2948
7  58.200000000000003  2262
8  64.099999999999994  2351
9  55.600000000000001  2090
10  64.599999999999994  2058
11  55.100000000000001  2182
12  59.0  2049
13  45.600000000000001  2238
14  52.100000000000001  1590
15  59.600000000000001  2094
16  60.299999999999997  1802
17  65.799999999999997  2101
18  57.399999999999999  1920
19  62.299999999999997  1790
20  66.099999999999994  1754
0  44.600000000000001  2900
1  43.399999999999999  3032
2  32.399999999999999  2587
3  50.700000000000003  2824
4  45.5  2694
5  39.700000000000003  2404
6  61.899999999999999  2411
7  59.899999999999999  2368
8  48.5  2211
9  52.799999999999997  2462
10  54.200000000000003  1885
11  64.900000000000006  2124
12  58.600000000000001  2096
13  47.899999999999999  2170
14  52.200000000000003  1861
15  54.799999999999997  1974
16  68.200000000000003  1921
17  54.600000000000001  1566
18  69.700000000000003  1940
19  68.200000000000003  1876
20  57.700000000000003  2070
0  49.600000000000001  2543
1  43.899999999999999  3116
2  29.5  3036
3  49.399999999999999  2695
4  56.799999999999997  2303
5  62.600000000000001  2300
6  52.700000000000003  2136
7  49.700000000000003  2071
8  55.200000000000003  2502
9  52.899999999999999  2568
10  63.200000000000003  1956
11  56.899999999999999  2228
12  49.100000000000001  2057
13  62.799999999999997  2236
14  63.899999999999999  2243
15  45.100000000000001  2487
16  59.299999999999997  1659
17  61.5  1942
18  59.399999999999999  1744
19  73.299999999999997  1830
20  59.799999999999997  1895
0  47.899999999999999  2846
1  42.0  2761
2  50.899999999999999  2630
3  45.5  2998
4  45.700000000000003  2923
5  53.799999999999997  2587
6  60.200000000000003  1997
7  41.700000000000003  2524
8  44.5  2564
9  53.899999999999999  2207
10  51.399999999999999  2065
11  56.700000000000003  1841
12  61.399999999999999  2141
13  53.399999999999999  2266
14  53.100000000000001  2370
15  52.299999999999997  2074
16  65.0  1698
17  66.599999999999994  2080
18  53.700000000000003  2095
19  56.600000000000001  1546
20  65.900000000000006  1585
0  38.100000000000001  2804
1  38.899999999999999  2676
2  43.299999999999997  2840
3  54.600000000000001  2640
4  52.200000000000003  2655
5  48.100000000000001  2206
6  63.399999999999999  2389
7  58.299999999999997  2370
8  45.399999999999999  2343
9  57.200000000000003  2429
10  55.5  2500
11  63.700000000000003  2260
12  60.399999999999999  2266
13  64.0  2129
14  73.799999999999997  1776
15  58.100000000000001  2031
16  60.200000000000003  1719
17  70.599999999999994  2087
18  68.599999999999994  1713
19  55.399999999999999  1860
20  63.700000000000003  1800
0  44.899999999999999  2812
1  49.399999999999999  2734
2  40.299999999999997  2698
3  43.299999999999997  2768
4  48.100000000000001  2853
5  46.299999999999997  2380
6  52.200000000000003  2424
7  51.299999999999997  2264
8  46.299999999999997  2329
9  53.299999999999997  2324
10  53.299999999999997  2135
11  52.0  1855
12  61.200000000000003  1984
13  64.900000000000006  2006
14  59.5  1958
15  65.200000000000003  2174
16  59.899999999999999  1955
17  63.799999999999997  1623
18  63.200000000000003  1786
19  55.299999999999997  2014
20  65.400000000000006  1780
0  45.700000000000003  2794
1  34.299999999999997  2646
2  47.299999999999997  2859
3  55.899999999999999  2505
4  59.799999999999997  2259
5  41.299999999999997  2447
6  44.100000000000001  2363
7  58.100000000000001  2387
8  52.799999999999997  2185
9  55.299999999999997  2357
10  46.5  1951
11  51.399999999999999  2013
12  56.0  1951
13  48.0  1875
14  53.399999999999999  2098
15  61.0  1907
16  62.899999999999999  1648
17  72.900000000000006  1535
18  49.100000000000001  1875
19  59.600000000000001  1771
20  64.599999999999994  1800
0  33.799999999999997  2346
1  45.0  3033
2  44.899999999999999  2857
3  49.100000000000001  2399
4  41.799999999999997  2612
5  39.0  2318
6  42.899999999999999  2520
7  54.399999999999999  2675
8  49.5  2271
9  55.899999999999999  2619
10  70.700000000000003  2130
11  49.100000000000001  2328
12  57.299999999999997  2129
13  61.899999999999999  2191
14  59.899999999999999  1979
15  57.799999999999997  2175
16  65.5  1788
17  56.600000000000001  2310
18  60.899999999999999  1734
19  56.700000000000003  1933
20  73.900000000000006  1452
0  43.399999999999999  2918
1  44.600000000000001  3131
2  52.799999999999997  2659
3  46.700000000000003  2945
4  47.100000000000001  2826
5  53.799999999999997  2420
6  49.700000000000003  2718
7  49.5  2609
8  45.5  2454
9  55.799999999999997  2352
10  54.600000000000001  2506
11  51.200000000000003  2199
12  50.899999999999999  1776
13  60.299999999999997  1981
14  61.700000000000003  1941
15  66.400000000000006  1804
16  62.899999999999999  1746
17  63.700000000000003  2005
18  59.899999999999999  2226
19  61.100000000000001  1751
20  61.299999999999997  1989
0  49.700000000000003  2569
1  47.899999999999999  3061
2  46.0  2655
3  42.399999999999999  2762
4  39.299999999999997  2928
5  45.600000000000001  2613
6  39.700000000000003  2394
7  60.299999999999997  2237
8  51.299999999999997  2433
9  58.100000000000001  2408
10  53.0  2375
11  55.200000000000003  1896
12  49.200000000000003  2348
13  54.100000000000001  2224
14  67.400000000000006  1551
15  60.200000000000003  1976
16  55.899999999999999  2027
17  64.799999999999997  1892
18  61.899999999999999  1761
19  60.899999999999999  1812
20  63.600000000000001  2004
0  48.399999999999999  2555
1  47.5  2747
2  44.700000000000003  2599
3  56.200000000000003  2714
4  49.5  2460
5  49.700000000000003  2579
6  52.200000000000003  2546
7  54.0  2467
8  61.899999999999999  2297
9  46.100000000000001  2087
10  53.200000000000003  2420
11  55.700000000000003  2303
12  61.700000000000003  1953
13  55.899999999999999  2128
14  51.899999999999999  1895
15  56.299999999999997  1989
16  64.0  1841
17  61.299999999999997  2021
18  60.299999999999997  2082
19  67.799999999999997  1830
20  64.200000000000003  1295
0  38.799999999999997  3037
1  45.5  2834
2  43.299999999999997  2862
3  48.899999999999999  2741
4  52.0  2631
5  50.399999999999999  2571
6  42.700000000000003  2129
7  41.600000000000001  2317
8  45.899999999999999  2162
9  49.5  2300
10  54.200000000000003  2460
11  58.299999999999997  2417
12  59.200000000000003  2146
13  51.200000000000003  2334
14  61.899999999999999  1770
15  61.799999999999997  2008
16  61.5  1886
17  60.399999999999999  1703
18  53.399999999999999  1858
19  65.099999999999994  1740
20  57.899999999999999  1909
0  44.100000000000001  2997
1  47.799999999999997  2548
2  50.200000000000003  2814
3  38.200000000000003  2547
4  48.700000000000003  2251
5  46.799999999999997  2348
6  44.100000000000001  2332
7  44.399999999999999  2279
8  53.899999999999999  2552
9  54.399999999999999  2362
10  54.700000000000003  2195
11  55.399999999999999  2277
12  56.200000000000003  1968
13  59.100000000000001  2216
14  55.0  2299
15  64.599999999999994  2036
16  69.599999999999994  1759
17  60.899999999999999  1817
18  59.399999999999999  1729
19  60.100000000000001  1732
20  70.299999999999997  1771
0  40.0  2689
1  28.699999999999999  2625
2  44.600000000000001  2799
3  41.100000000000001  2423
4  48.600000000000001  2614
5  46.399999999999999  2561
6  50.899999999999999  2303
7  51.200000000000003  2192
8  58.5  2357
9  51.0  2551
10  54.0  2218
11  59.899999999999999  2113
12  60.200000000000003  2306
13  56.200000000000003  1845
14  60.600000000000001  1944
15  52.0  1976
16  62.700000000000003  2224
17  60.799999999999997  1799
18  62.700000000000003  1452
19  61.899999999999999  1894
20  68.299999999999997  1917
0  51.600000000000001  2973
1  38.899999999999999  2847
2  41.100000000000001  2731
3  53.5  2450
4  49.399999999999999  2649
5  44.5  2494
6  52.5  2503
7  51.899999999999999  2265
8  46.799999999999997  2572
9  54.799999999999997  1993
10  56.799999999999997  2050
11  63.200000000000003  1542
12  58.799999999999997  2354
13  49.799999999999997  2275
14  58.799999999999997  2116
15  59.899999999999999  2081
16  50.899999999999999  2055
17  57.799999999999997  1886
18  64.5  1524
19  55.0  2012
20  61.899999999999999  1566
0  55.600000000000001  3173
1  41.399999999999999  2855
2  46.899999999999999  3249
3  44.600000000000001  2911
4  46.700000000000003  2659
5  51.299999999999997  2806
6  51.399999999999999  2521
7  62.700000000000003  2593
8  49.0  2056
9  49.5  2608
10  58.100000000000001  2401
11  62.399999999999999  2595
12  68.599999999999994  2128
13  65.299999999999997  2170
14  68.799999999999997  2109
15  58.600000000000001  2125
16  56.299999999999997  2012
17  53.0  1875
18  60.899999999999999  1816
19  67.599999999999994  1884
20  64.400000000000006  1683
0  44.200000000000003  2644
1  48.299999999999997  2737
2  49.399999999999999  2551
3  48.399999999999999  2569
4  59.799999999999997  2590
5  59.700000000000003  2299
6  54.200000000000003  2757
7  45.100000000000001  2004
8  50.5  2174
9  51.899999999999999  2417
10  63.700000000000003  2100
11  59.100000000000001  2391
12  58.5  2321
13  60.399999999999999  2083
14  60.899999999999999  2192
15  70.400000000000006  1601
16  57.700000000000003  1694
17  65.200000000000003  1961
18  60.100000000000001  1684
19  59.200000000000003  2256
20  64.900000000000006  1650
0  38.799999999999997  3002
1  42.299999999999997  2936
2  49.100000000000001  2482
3  49.700000000000003  2521
4  41.0  2623
5  54.700000000000003  2967
6  51.299999999999997  2225
7  42.0  2897
8  51.700000000000003  2311
9  56.100000000000001  2448
10  46.700000000000003  2366
11  58.200000000000003  2022
12  62.899999999999999  2027
13  64.299999999999997  1857
14  57.700000000000003  1922
15  65.599999999999994  1731
16  58.799999999999997  2111
17  57.299999999999997  2147
18  64.799999999999997  2150
19  66.900000000000006  1564
20  59.299999999999997  1848
0  41.100000000000001  3091
1  51.799999999999997  2955
2  38.700000000000003  2962
3  40.5  2957
4  54.100000000000001  2520
5  54.0  2455
6  53.200000000000003  2201
7  56.799999999999997  2534
8  56.399999999999999  2208
9  48.200000000000003  2222
10  49.5  2295
11  56.0  1933
12  65.5  2283
13  52.0  2199
14  55.200000000000003  2340
15  58.100000000000001  2005
16  47.899999999999999  1986
17  59.200000000000003  1992
18  61.799999999999997  2093
19  63.200000000000003  1951
20  71.799999999999997  1707
0  47.200000000000003  2794
1  47.5  2885
2  43.0  2902
3  46.799999999999997  3078
4  38.600000000000001  2484
5  33.399999999999999  2175
6  37.600000000000001  2384
7  54.299999999999997  2476
8  50.100000000000001  2219
9  53.0  2465
10  54.799999999999997  2133
11  65.599999999999994  1768
12  57.0  2100
13  57.200000000000003  2163
14  60.799999999999997  1847
15  59.600000000000001  1907
16  59.899999999999999  1809
17  62.399999999999999  1881
18  62.100000000000001  1698
19  67.099999999999994  1617
20  71.900000000000006  1812
0  42.399999999999999  3234
1  43.600000000000001  2768
2  46.200000000000003  2737
3  56.399999999999999  2845
4  42.700000000000003  2782
5  48.600000000000001  2366
6  39.700000000000003  2001
7  44.899999999999999  2388
8  53.600000000000001  2348
9  52.100000000000001  2019
10  50.700000000000003  2295
11  41.0  2297
12  51.5  2431
13  55.200000000000003  2316
14  67.400000000000006  1713
15  66.5  1630
16  62.0  1726
17  60.100000000000001  2076
18  68.400000000000006  1803
19  55.799999999999997  2105
20  59.5  1590
0  36.299999999999997  2880
1  46.600000000000001  2651
2  49.399999999999999  2790
3  52.200000000000003  2986
4  43.600000000000001  3205
5  52.799999999999997  2686
6  56.799999999999997  2458
7  56.399999999999999  2557
8  45.600000000000001  2139
9  53.200000000000003  2411
10  65.599999999999994  2214
11  52.399999999999999  2768
12  49.200000000000003  2396
13  63.5  1919
14  69.099999999999994  2096
15  66.799999999999997  1783
16  50.299999999999997  2264
17  66.900000000000006  1808
18  58.299999999999997  2125
19  70.400000000000006  1904
20  76.099999999999994  1602
0  50.399999999999999  2794
1  39.899999999999999  2917
2  46.299999999999997  2456
3  52.700000000000003  2752
4  41.600000000000001  2568
5  47.600000000000001  2176
6  52.899999999999999  2239
7  54.299999999999997  2204
8  53.299999999999997  2344
9  59.200000000000003  2439
10  51.899999999999999  2368
11  58.399999999999999  2400
12  56.600000000000001  2365
13  59.0  2066
14  65.900000000000006  2037
15  68.200000000000003  2175
16  71.5  1886
17  53.399999999999999  1943
18  55.100000000000001  2057
19  57.899999999999999  1611
20  60.200000000000003  1994
0  49.100000000000001  2656
1  42.100000000000001  2890
2  54.600000000000001  2535
3  41.700000000000003  2603
4  56.200000000000003  2550
5  50.399999999999999  2355
6  44.799999999999997  2635
7  51.799999999999997  2264
8  49.600000000000001  2116
9  48.299999999999997  2244
10  63.399999999999999  2272
11  58.700000000000003  1922
12  56.5  2182
13  47.799999999999997  2140
14  68.0  1824
15  65.099999999999994  2195
16  66.5  2245
17  58.100000000000001  1859
18  63.299999999999997  1815
19  66.200000000000003  1736
20  57.399999999999999  1885
0  43.399999999999999  2753
1  49.200000000000003  2754
2  52.299999999999997  2617
3  48.100000000000001  2511
4  48.899999999999999  2775
5  56.299999999999997  2448
6  53.0  2733
7  51.100000000000001  2860
8  54.299999999999997  2605
9  55.200000000000003  2143
10  57.399999999999999  2172
11  56.399999999999999  2126
12  46.899999999999999  1961
13  56.399999999999999  2353
14  59.600000000000001  2167
15  56.600000000000001  2245
16  63.5  2171
17  63.299999999999997  1978
18  60.899999999999999  2094
19  64.599999999999994  1849
20  59.200000000000003  1632
0  34.700000000000003  2797
1  35.700000000000003  2222
2  47.399999999999999  2591
3  37.700000000000003  2485
4  47.100000000000001  2540
5  54.399999999999999  2639
6  47.200000000000003  2676
7  58.600000000000001  2548
8  54.5  2173
9  52.5  2316
10  59.200000000000003  2346
11  54.200000000000003  1987
12  68.200000000000003  1614
13  57.0  2150
14  60.0  1876
15  55.600000000000001  2224
16  66.599999999999994  1873
17  57.899999999999999  2198
18  67.900000000000006  1690
19  66.299999999999997  1501
20  66.299999999999997  1714
0  33.299999999999997  2639
1  48.100000000000001  3014
2  48.399999999999999  2810
3  44.0  2922
4  47.600000000000001  2761
5  47.700000000000003  2561
6  51.899999999999999  2253
7  51.200000000000003  2378
8  44.299999999999997  2517
9  55.399999999999999  2287
10  61.700000000000003  2273
11  56.100000000000001  2280
12  57.299999999999997  1995
13  51.0  1928
14  59.899999999999999  1707
15  51.600000000000001  1526
16  57.100000000000001  2143
17  57.899999999999999  1943
18  61.600000000000001  1920
19  59.799999999999997  1697
20  57.899999999999999  1974
0  48.399999999999999  2901
1  48.0  2828
2  45.799999999999997  2899
3  43.5  2970
4  40.600000000000001  3077
5  55.899999999999999  2976
6  46.0  2444
7  48.899999999999999  2460
8  46.600000000000001  2581
9  65.400000000000006  2334
10  58.200000000000003  2226
11  59.700000000000003  2139
12  54.100000000000001  2081
13  55.100000000000001  2158
14  53.299999999999997  2144
15  48.299999999999997  2454
16  56.100000000000001  1479
17  65.299999999999997  1967
18  58.700000000000003  1751
19  63.899999999999999  1720
20  59.0  1595
0  36.200000000000003  2862
1  39.399999999999999  2971
2  41.700000000000003  3305
3  49.5  2650
4  38.899999999999999  2532
5  43.0  2128
6  65.599999999999994  2287
7  56.299999999999997  2313
8  51.5  2390
9  58.600000000000001  2327
10  54.100000000000001  2167
11  55.399999999999999  2072
12  59.100000000000001  2192
13  70.5  2119
14  62.5  2130
15  60.100000000000001  1591
16  60.899999999999999  1908
17  64.599999999999994  1975
18  61.799999999999997  1596
19  67.400000000000006  1883
20  71.900000000000006  1513
0  44.100000000000001  2866
1  37.700000000000003  3003
2  44.200000000000003  2988
3  54.5  2776
4  38.899999999999999  2706
5  49.899999999999999  2567
6  51.100000000000001  2443
7  50.799999999999997  2287
8  51.799999999999997  2552
9  62.700000000000003  2004
10  47.399999999999999  2353
11  45.0  2271
12  59.5  1793
13  61.299999999999997  1900
14  62.799999999999997  2054
15  62.200000000000003  1602
16  57.700000000000003  1808
17  56.799999999999997  1915
18  61.0  2338
19  70.700000000000003  1652
20  59.600000000000001  1901
0  40.5  3174
1  47.5  2840
2  52.100000000000001  2634
3  42.100000000000001  2788
4  44.0  2685
5  49.100000000000001  2515
6  44.5  2452
7  51.0  2626
8  57.600000000000001  2257
9  62.399999999999999  2442
10  59.700000000000003  2473
11  62.299999999999997  1857
12  55.0  2066
13  57.5  2130
14  62.0  2239
15  60.600000000000001  2172
16  63.399999999999999  1671
17  59.100000000000001  1794
18  61.100000000000001  1756
19  56.0  1837
20  73.5  1513
0  44.700000000000003  3047
1  44.200000000000003  3178
2  46.299999999999997  2409
3  42.5  2431
4  42.5  2600
5  48.700000000000003  2565
6  55.100000000000001  2386
7  53.100000000000001  2287
8  51.100000000000001  1994
9  54.200000000000003  2414
10  59.100000000000001  2431
11  67.5  1758
12  50.200000000000003  2231
13  52.100000000000001  2651
14  61.200000000000003  1764
15  59.399999999999999  1782
16  59.0  1905
17  60.899999999999999  1551
18  61.0  1897
19  63.700000000000003  1766
20  62.100000000000001  1816
0  39.899999999999999  2794
1  39.799999999999997  3008
2  39.100000000000001  2880
3  46.100000000000001  2684
4  44.100000000000001  2547
5  58.299999999999997  2538
6  47.5  2500
7  51.399999999999999  2442
8  53.200000000000003  2837
9  59.799999999999997  2386
10  59.100000000000001  1845
11  56.899999999999999  2124
12  55.600000000000001  2095
13  62.799999999999997  1656
14  50.5  2173
15  62.899999999999999  1682
16  64.700000000000003  2047
17  53.299999999999997  2016
18  58.100000000000001  1929
19  63.600000000000001  1868
20  58.0  1786
0  44.600000000000001  2748
1  49.700000000000003  2677
2  51.0  2915
3  47.200000000000003  2717
4  47.100000000000001  2561
5  48.399999999999999  2683
6  52.299999999999997  2484
7  50.799999999999997  2483
8  62.399999999999999  2529
9  52.200000000000003  2161
10  65.099999999999994  2265
11  58.5  2171
12  59.200000000000003  2081
13  62.200000000000003  2473
14  63.5  2002
15  68.700000000000003  1789
16  61.899999999999999  1785
17  60.100000000000001  2133
18  70.400000000000006  2097
19  59.200000000000003  1862
20  67.099999999999994  1876
0  42.899999999999999  2953
1  47.899999999999999  2622
2  46.399999999999999  2746
3  45.299999999999997  2924
4  47.200000000000003  2741
5  44.200000000000003  2699
6  51.799999999999997  2309
7  51.399999999999999  2400
8  48.799999999999997  2422
9  68.099999999999994  2033
10  49.600000000000001  1896
11  49.200000000000003  2303
12  59.799999999999997  1778
13  48.700000000000003  2036
14  57.600000000000001  1817
15  49.299999999999997  2392
16  45.299999999999997  2112
17  69.099999999999994  1849
18  67.5  1912
19  57.100000000000001  1712
20  52.299999999999997  1836
0  43.700000000000003  2851
1  23.800000000000001  2855
2  37.0  2781
3  45.899999999999999  2621
4  47.299999999999997  2714
5  45.799999999999997  2695
6  58.799999999999997  2022
7  51.100000000000001  2352
8  56.299999999999997  2239
9  46.399999999999999  2308
10  50.899999999999999  2150
11  59.5  2327
12  58.5  1973
13  62.799999999999997  2097
14  55.5  1897
15  71.900000000000006  1647
16  55.600000000000001  2076
17  70.299999999999997  1452
18  68.299999999999997  1689
19  56.899999999999999  1453
20  65.900000000000006  1965
0  44.700000000000003  2997
1  32.0  2565
2  48.299999999999997  2882
3  48.5  2779
4  62.200000000000003  2473
5  42.299999999999997  2304
6  60.700000000000003  2437
7  50.600000000000001  2055
8  53.899999999999999  2394
9  56.899999999999999  2099
10  53.700000000000003  2441
11  52.899999999999999  2464
12  52.399999999999999  2150
13  67.900000000000006  1956
14  64.900000000000006  1927
15  63.799999999999997  1951
16  61.200000000000003  2385
17  66.799999999999997  1959
18  66.099999999999994  1671
19  56.899999999999999  1791
20  66.400000000000006  1393
0  45.5  3027
1  48.200000000000003  2729
2  41.899999999999999  2982
3  53.299999999999997  2754
4  44.299999999999997  2475
5  43.299999999999997  2185
6  59.600000000000001  2348
7  48.0  1832
8  52.200000000000003  2813
9  50.899999999999999  2018
10  59.700000000000003  2238
11  50.299999999999997  1966
12  60.799999999999997  2007
13  52.100000000000001  2513
14  56.5  2341
15  56.700000000000003  2277
16  57.399999999999999  1970
17  64.5  1847
18  61.100000000000001  1875
19  51.5  2228
20  57.299999999999997  2027
0  39.399999999999999  3010
1  37.0  2727
2  50.100000000000001  2911
3  45.100000000000001  2292
4  51.399999999999999  2694
5  51.299999999999997  2717
6  50.700000000000003  2600
7  54.5  2404
8  53.600000000000001  2548
9  53.100000000000001  2339
10  53.700000000000003  2507
11  68.200000000000003  2181
12  49.700000000000003  1745
13  62.200000000000003  2076
14  62.700000000000003  2248
15  63.799999999999997  1698
16  61.100000000000001  2008
17  64.400000000000006  1973
18  62.799999999999997  1835
19  60.0  1997
20  60.299999999999997  1797
0  53.299999999999997  3047
1  42.399999999999999  3102
2  41.200000000000003  2608
3  46.200000000000003  2685
4  53.299999999999997  2243
5  42.600000000000001  2036
6  56.0  2383
7  53.399999999999999  2546
8  56.200000000000003  2523
9  52.399999999999999  2191
10  49.299999999999997  2307
11  67.099999999999994  2047
12  58.700000000000003  2472
13  52.899999999999999  2032
14  52.0  2374
15  52.799999999999997  1951
16  48.700000000000003  2069
17  70.299999999999997  1763
18  68.0  1777
19  62.5  1490
20  68.299999999999997  1920
0  42.299999999999997  3168
1  34.5  2647
2  48.600000000000001  2699
3  52.0  3048
4  49.0  2573
5  59.0  2281
6  52.299999999999997  2482
7  41.299999999999997  2310
8  50.399999999999999  2333
9  51.5  2473
10  55.600000000000001  2205
11  56.899999999999999  1733
12  36.200000000000003  1866
13  54.399999999999999  2207
14  65.299999999999997  2070
15  63.299999999999997  2044
16  63.299999999999997  1984
17  66.900000000000006  2221
18  65.200000000000003  1939
19  65.900000000000006  1857
20  68.0  1706
0  41.5  2698
1  52.700000000000003  2842
2  49.299999999999997  2486
3  59.299999999999997  2281
4  43.200000000000003  2664
5  50.299999999999997  2392
6  45.5  2255
7  42.200000000000003  2290
8  57.5  2294
9  55.100000000000001  2267
10  51.600000000000001  2476
11  54.0  1664
12  48.0  2031
13  69.400000000000006  1905
14  57.600000000000001  2241
15  72.700000000000003  1396
16  64.700000000000003  1869
17  56.600000000000001  2247
18  66.299999999999997  2122
19  56.0  1922
20  59.700000000000003  1658
0  38.5  2805
1  45.100000000000001  3035
2  45.700000000000003  1948
3  71.400000000000006  1658
4  41.200000000000003  2707
5  61.799999999999997  2553
6  48.299999999999997  2240
7  61.600000000000001  1953
8  51.200000000000003  2156
9  49.399999999999999  2488
10  54.700000000000003  2008
11  50.700000000000003  1701
12  54.799999999999997  2446
13  54.200000000000003  2172
14  68.299999999999997  1639
15  60.600000000000001  2410
16  63.100000000000001  2025
17  59.399999999999999  2026
18  59.600000000000001  1928
19  73.799999999999997  1554
20  66.5  1480
0  46.200000000000003  2886
1  33.0  2814
2  57.0  2906
3  51.399999999999999  2921
4  57.0  2497
5  50.0  2622
6  52.700000000000003  2387
7  48.200000000000003  2536
8  57.200000000000003  2232
9  57.299999999999997  1931
10  54.200000000000003  2104
11  54.299999999999997  2285
12  48.799999999999997  1995
13  60.799999999999997  2128
14  66.299999999999997  1606
15  62.799999999999997  1555
16  65.700000000000003  1789
17  57.399999999999999  1509
18  52.700000000000003  2122
19  51.899999999999999  2069
20  64.0  1762
0  40.899999999999999  2791
1  54.100000000000001  3003
2  39.100000000000001  2905
3  43.100000000000001  2647
4  44.100000000000001  2592
5  48.100000000000001  2511
6  54.200000000000003  2362
7  53.399999999999999  2406
8  56.399999999999999  2373
9  58.0  2057
10  59.100000000000001  2004
11  52.399999999999999  2238
12  53.5  2159
13  48.600000000000001  2387
14  67.700000000000003  2137
15  55.600000000000001  2096
16  50.200000000000003  2099
17  56.299999999999997  1925
18  65.400000000000006  1787
19  62.5  1655
20  69.900000000000006  1692
0  49.700000000000003  2960
1  49.200000000000003  3016
2  52.299999999999997  2600
3  45.799999999999997  2466
4  48.700000000000003  2490
5  49.600000000000001  2541
6  46.0  2763
7  50.0  2877
8  57.0  2368
9  52.700000000000003  2162
10  59.200000000000003  2222
11  55.600000000000001  2143
12  60.700000000000003  2330
13  61.399999999999999  2115
14  59.899999999999999  2188
15  65.200000000000003  1672
16  57.399999999999999  1966
17  52.700000000000003  1812
18  56.200000000000003  1678
19  62.200000000000003  1822
20  58.899999999999999  1704
0  44.200000000000003  3094
1  55.600000000000001  2654
2  43.5  2452
3  50.700000000000003  2641
4  49.100000000000001  2512
5  54.899999999999999  2483
6  52.200000000000003  2373
7  55.899999999999999  2321
8  45.899999999999999  2332
9  51.799999999999997  2029
10  57.700000000000003  2303
11  55.200000000000003  1918
12  52.899999999999999  2052
13  66.5  1796
14  55.700000000000003  2123
15  46.399999999999999  2273
16  57.700000000000003  2088
17  51.899999999999999  2023
18  54.700000000000003  1853
19  60.899999999999999  1986
20  63.100000000000001  1618
0  41.100000000000001  3056
1  47.899999999999999  3031
2  44.5  2708
3  35.100000000000001  3296
4  50.100000000000001  2767
5  40.600000000000001  2502
6  51.399999999999999  2240
7  54.299999999999997  2691
8  50.5  2589
9  59.399999999999999  2077
10  50.0  2064
11  49.399999999999999  2280
12  49.100000000000001  2356
13  57.399999999999999  2204
14  69.5  1574
15  62.299999999999997  1937
16  54.200000000000003  1588
17  72.299999999999997  1677
18  60.200000000000003  1698
19  67.400000000000006  1748
20  53.799999999999997  2048
0  52.600000000000001  2885
1  40.600000000000001  2602
2  54.700000000000003  2530
3  45.799999999999997  2909
4  48.600000000000001  2632
5  50.299999999999997  2727
6  55.700000000000003  2253
7  51.0  2468
8  58.5  2282
9  60.600000000000001  1954
10  68.299999999999997  1989
11  63.399999999999999  2115
12  67.5  1987
13  50.5  2035
14  63.399999999999999  1852
15  52.399999999999999  1875
16  56.299999999999997  2071
17  50.600000000000001  2052
18  59.200000000000003  1978
19  57.600000000000001  1900
20  59.600000000000001  1901
0  42.100000000000001  2959
1  38.799999999999997  2882
2  48.200000000000003  2889
3  36.600000000000001  2453
4  46.700000000000003  2785
5  53.5  2296
6  63.600000000000001  2153
7  48.200000000000003  2340
8  53.700000000000003  2266
9  52.200000000000003  1930
10  51.700000000000003  2122
11  52.399999999999999  2034
12  57.600000000000001  2016
13  53.899999999999999  2344
14  70.799999999999997  1619
15  64.799999999999997  1520
16  59.799999999999997  1815
17  58.799999999999997  1703
18  68.5  1662
19  63.799999999999997  1809
20  64.400000000000006  1609
0  40.700000000000003  2771
1  32.600000000000001  2887
2  34.399999999999999  2627
3  54.600000000000001  2571
4  49.799999999999997  2714
5  53.700000000000003  2586
6  46.0  2469
7  52.5  2316
8  55.100000000000001  2261
9  53.799999999999997  2516
10  49.5  2676
11  59.200000000000003  1986
12  54.200000000000003  2397
13  59.799999999999997  2152
14  56.600000000000001  2086
15  66.299999999999997  1935
16  64.400000000000006  2004
17  63.700000000000003  1831
18  48.700000000000003  1983
19  64.5  1990
20  59.200000000000003  1758
0  43.100000000000001  2744
1  39.600000000000001  2448
2  45.399999999999999  2967
3  43.200000000000003  3023
4  41.5  2608
5  48.899999999999999  2373
6  52.799999999999997  2230
7  43.899999999999999  2506
8  60.600000000000001  1944
9  55.100000000000001  2051
10  50.5  2031
11  56.399999999999999  1780
12  63.100000000000001  1834
13  55.600000000000001  2082
14  57.100000000000001  1719
15  56.899999999999999  2065
16  55.299999999999997  2029
17  51.899999999999999  2347
18  72.599999999999994  1553
19  60.600000000000001  1897
20  64.099999999999994  1847
0  46.0  3283
1  45.700000000000003  2830
2  45.5  2759
3  43.0  2512
4  46.299999999999997  2563
5  47.399999999999999  2530
6  50.200000000000003  2382
7  57.600000000000001  2351
8  59.100000000000001  2152
9  58.700000000000003  2266
10  46.100000000000001  2024
11  61.600000000000001  2063
12  56.799999999999997  1906
13  56.399999999999999  1947
14  49.0  2044
15  66.700000000000003  2040
16  70.5  1818
17  63.799999999999997  1776
18  67.5  1843
19  58.600000000000001  1990
20  56.899999999999999  1992
0  35.899999999999999  2959
1  38.799999999999997  2973
2  49.200000000000003  2442
3  38.399999999999999  2873
4  58.5  2632
5  47.399999999999999  2351
6  44.399999999999999  2582
7  54.299999999999997  2400
8  59.600000000000001  2340
9  55.299999999999997  2135
10  57.100000000000001  1909
11  52.799999999999997  2498
12  55.799999999999997  2350
13  62.700000000000003  2002
14  68.200000000000003  2053
15  58.0  1914
16  58.200000000000003  1772
17  73.200000000000003  1697
18  53.299999999999997  2202
19  56.399999999999999  1813
20  56.5  2034
0  48.600000000000001  2735
1  53.100000000000001  2732
2  46.700000000000003  2949
3  49.299999999999997  2764
4  49.0  2507
5  52.799999999999997  2400
6  46.399999999999999  2271
7  48.5  2484
8  58.899999999999999  1916
9  56.200000000000003  2497
10  44.399999999999999  2255
11  49.799999999999997  2114
12  51.799999999999997  2116
13  60.100000000000001  2095
14  59.5  1662
15  55.600000000000001  2377
16  68.299999999999997  1853
17  57.399999999999999  1596
18  62.700000000000003  1809
19  57.399999999999999  1974
20  67.099999999999994  1768
0  39.200000000000003  2734
1  45.299999999999997  2797
2  43.399999999999999  3055
3  55.600000000000001  2810
4  57.5  2287
5  46.600000000000001  2339
6  39.700000000000003  2447
7  56.700000000000003  2081
8  58.700000000000003  2226
9  53.600000000000001  1985
10  62.5  2203
11  55.5  1954
12  66.599999999999994  2076
13  49.200000000000003  2368
14  63.899999999999999  2172
15  54.200000000000003  2040
16  67.0  1667
17  66.5  2000
18  57.0  2052
19  66.5  2298
20  63.700000000000003  1469
0  36.799999999999997  2830
1  47.200000000000003  2818
2  43.899999999999999  2707
3  50.200000000000003  2689
4  46.100000000000001  2314
5  56.100000000000001  2645
6  46.0  2668
7  49.0  2590
8  54.100000000000001  2287
9  58.100000000000001  2190
10  50.299999999999997  2267
11  59.5  2268
12  59.5  1850
13  59.5  1981
14  57.5  1811
15  72.400000000000006  1888
16  50.799999999999997  2145
17  70.799999999999997  1741
18  58.399999999999999  2038
19  51.100000000000001  2340
20  62.100000000000001  1972
