0  44.0  429
1  76.0  166
2  1.0  414
3  36.0  176
4  37.0  408
5  85.0  164
6  55.0  273
7  49.0  375
8  49.0  222
9  66.0  368
10  77.0  79
11  18.0  227
12  83.0  193
13  79.0  245
14  70.0  236
15  40.0  239
16  85.0  167
17  63.0  183
18  75.0  163
19  80.0  145
20  69.0  324
0  41.0  432
1  52.0  349
2  16.0  258
3  56.0  240
4  27.0  330
5  33.0  373
6  69.0  325
7  70.0  278
8  27.0  351
9  62.0  262
10  52.0  331
11  45.0  312
12  44.0  293
13  88.0  98
14  31.0  138
15  64.0  287
16  77.0  259
17  85.0  142
18  95.0  58
19  46.0  205
20  97.0  52
