1  62.200000000000003  1699
2  58.399999999999999  2125
3  53.100000000000001  2511
4  54.899999999999999  2261
5  56.399999999999999  2422
6  50.5  2255
7  48.299999999999997  2384
1  65.799999999999997  1948
2  66.799999999999997  1567
3  53.100000000000001  2444
4  53.5  2264
5  57.299999999999997  2283
6  49.100000000000001  2307
7  55.5  2451
1  65.0  1953
2  58.5  1774
3  44.200000000000003  2536
4  51.399999999999999  2117
5  50.200000000000003  2258
6  55.200000000000003  2320
7  58.299999999999997  2459
1  61.700000000000003  2347
2  52.5  1623
3  51.700000000000003  2709
4  59.0  2035
5  55.600000000000001  2254
6  53.0  2030
7  45.5  2175
1  57.799999999999997  1932
2  50.700000000000003  1887
3  53.799999999999997  2219
4  38.899999999999999  2157
5  53.100000000000001  2300
6  56.399999999999999  2523
7  51.299999999999997  2486
1  61.299999999999997  1478
2  63.399999999999999  2385
3  47.5  2059
4  48.0  2060
5  60.899999999999999  2098
6  55.100000000000001  2661
7  48.399999999999999  2202
1  60.100000000000001  1994
2  63.5  2043
3  55.299999999999997  1782
4  56.700000000000003  2182
5  59.5  2452
6  43.700000000000003  2172
7  51.5  2225
1  60.5  2219
2  60.200000000000003  1966
3  48.399999999999999  2259
4  54.100000000000001  2012
5  42.200000000000003  2335
6  53.799999999999997  2358
7  54.899999999999999  2416
1  67.700000000000003  1962
2  71.700000000000003  1548
3  54.5  2283
4  58.600000000000001  2181
5  57.899999999999999  2344
6  57.899999999999999  2447
7  48.799999999999997  2333
1  62.899999999999999  1768
2  64.599999999999994  2287
3  47.100000000000001  2936
4  44.5  2349
5  50.700000000000003  2572
6  45.399999999999999  1903
7  53.899999999999999  2640
1  58.899999999999999  1758
2  61.200000000000003  2087
3  61.5  1968
4  55.100000000000001  1963
5  50.899999999999999  2195
6  58.399999999999999  2144
7  58.100000000000001  2283
1  55.299999999999997  2279
2  55.600000000000001  2359
3  49.299999999999997  2184
4  59.799999999999997  2269
5  60.600000000000001  2392
6  53.799999999999997  2075
7  53.0  2465
1  66.200000000000003  2078
2  57.799999999999997  2040
3  39.700000000000003  2283
4  48.799999999999997  2150
5  58.100000000000001  2372
6  56.100000000000001  2647
7  51.200000000000003  2452
1  64.5  1947
2  59.200000000000003  2192
3  48.799999999999997  2298
4  36.899999999999999  2288
5  56.899999999999999  2271
6  50.200000000000003  2466
7  56.200000000000003  2251
1  55.799999999999997  2179
2  62.5  1828
3  51.799999999999997  2052
4  51.200000000000003  2194
5  62.0  2442
6  49.200000000000003  2222
7  57.200000000000003  2458
1  50.5  2248
2  43.0  2368
3  60.299999999999997  1845
4  56.700000000000003  2242
5  52.200000000000003  2440
6  46.700000000000003  2374
7  57.700000000000003  2097
1  51.200000000000003  1818
2  58.0  1895
3  52.399999999999999  2296
4  50.299999999999997  2186
5  46.299999999999997  2722
6  52.299999999999997  2176
7  55.5  2318
1  70.900000000000006  1890
2  64.5  2071
3  56.299999999999997  2541
4  56.5  2134
5  48.399999999999999  2351
6  59.0  2167
7  46.5  2451
1  61.0  1524
2  67.700000000000003  2003
3  70.200000000000003  2085
4  49.600000000000001  2206
5  44.700000000000003  2341
6  57.0  2352
7  48.299999999999997  2515
1  61.600000000000001  1894
2  60.299999999999997  1871
3  65.5  1961
4  48.899999999999999  2081
5  44.399999999999999  2186
6  53.299999999999997  2221
7  49.799999999999997  2028
1  62.899999999999999  2429
2  56.200000000000003  2225
3  59.5  2309
4  50.700000000000003  2535
5  47.299999999999997  2043
6  50.100000000000001  2434
7  54.200000000000003  2420
1  80.299999999999997  1408
2  56.399999999999999  2115
3  64.799999999999997  2096
4  49.799999999999997  2447
5  55.200000000000003  2151
6  45.700000000000003  2641
7  43.700000000000003  2420
1  51.5  1880
2  45.200000000000003  2708
3  58.799999999999997  2270
4  71.099999999999994  2013
5  54.299999999999997  2173
6  63.799999999999997  1872
7  55.399999999999999  2414
1  57.799999999999997  1924
2  62.700000000000003  1897
3  58.200000000000003  2165
4  49.200000000000003  2462
5  60.0  2292
6  52.5  2533
7  50.600000000000001  2368
1  46.799999999999997  2022
2  52.100000000000001  2450
3  61.0  2005
4  58.399999999999999  2467
5  50.200000000000003  2012
6  60.899999999999999  2226
7  46.799999999999997  2556
1  59.899999999999999  1697
2  71.700000000000003  1900
3  52.299999999999997  2382
4  62.899999999999999  2061
5  55.600000000000001  1796
6  56.899999999999999  2487
7  52.799999999999997  2510
1  68.700000000000003  1804
2  55.799999999999997  2263
3  59.600000000000001  2113
4  46.299999999999997  2252
5  51.399999999999999  2227
6  42.700000000000003  2155
7  44.899999999999999  2275
1  52.700000000000003  1657
2  63.5  1971
3  51.600000000000001  2185
4  59.200000000000003  2617
5  51.5  2248
6  60.600000000000001  2400
7  60.100000000000001  2048
1  58.899999999999999  2149
2  62.899999999999999  1911
3  48.0  2422
4  53.899999999999999  2313
5  52.399999999999999  2350
6  50.799999999999997  2470
7  57.600000000000001  2462
1  56.700000000000003  2262
2  55.899999999999999  2319
3  57.200000000000003  2099
4  46.600000000000001  2090
5  58.299999999999997  2253
6  55.799999999999997  2617
7  52.700000000000003  2836
1  59.700000000000003  1933
2  44.5  2410
3  56.299999999999997  2057
4  49.600000000000001  2269
5  58.899999999999999  2395
6  54.200000000000003  2376
7  37.0  2761
1  66.0  2085
2  65.700000000000003  1933
3  53.5  1948
4  56.200000000000003  2318
5  43.0  2322
6  49.700000000000003  2710
7  44.799999999999997  2619
1  62.200000000000003  1654
2  52.799999999999997  1499
3  53.600000000000001  2225
4  59.799999999999997  2494
5  57.799999999999997  2346
6  56.399999999999999  2208
7  54.399999999999999  2428
1  57.0  1651
2  57.700000000000003  2078
3  42.600000000000001  2391
4  53.899999999999999  1982
5  58.899999999999999  2199
6  50.5  2377
7  55.100000000000001  2203
1  63.399999999999999  1949
2  62.5  2265
3  57.799999999999997  2171
4  57.899999999999999  1698
5  48.600000000000001  2469
6  55.0  2295
7  55.100000000000001  2413
1  61.200000000000003  1796
2  54.299999999999997  2011
3  54.899999999999999  2188
4  55.799999999999997  2589
5  51.399999999999999  2411
6  56.100000000000001  2007
7  51.700000000000003  2652
1  51.799999999999997  1892
2  59.0  2139
3  51.299999999999997  2218
4  50.200000000000003  2067
5  51.799999999999997  2582
6  66.400000000000006  2006
7  53.299999999999997  2410
1  64.900000000000006  1887
2  63.399999999999999  2148
3  57.600000000000001  2408
4  51.399999999999999  1633
5  61.700000000000003  2322
6  67.799999999999997  2258
7  53.899999999999999  2267
1  78.700000000000003  1833
2  60.399999999999999  2031
3  46.100000000000001  2336
4  55.5  2073
5  58.799999999999997  2084
6  47.200000000000003  2454
7  45.100000000000001  2685
1  53.100000000000001  1745
2  54.899999999999999  2226
3  61.700000000000003  2196
4  55.200000000000003  2127
5  45.200000000000003  2591
6  53.600000000000001  2523
7  45.799999999999997  2159
1  57.399999999999999  2216
2  58.600000000000001  1772
3  48.799999999999997  1988
4  51.0  2753
5  49.100000000000001  2435
6  52.299999999999997  2273
7  43.799999999999997  2357
1  66.599999999999994  1861
2  59.799999999999997  2405
3  54.799999999999997  2196
4  65.400000000000006  1789
5  54.600000000000001  2409
6  56.600000000000001  2502
7  59.799999999999997  2185
1  65.5  1504
2  57.600000000000001  2149
3  50.200000000000003  2039
4  49.700000000000003  2279
5  53.100000000000001  2394
6  59.0  1900
7  51.100000000000001  2129
1  59.0  1996
2  59.799999999999997  2032
3  65.5  2328
4  49.899999999999999  2114
5  52.299999999999997  2229
6  53.799999999999997  2260
7  51.200000000000003  2214
1  65.700000000000003  2233
2  45.100000000000001  1849
3  55.799999999999997  1975
4  49.0  2476
5  46.5  2487
6  52.5  2162
7  48.5  2659
1  61.899999999999999  1978
2  63.5  2029
3  58.899999999999999  2104
4  48.799999999999997  2044
5  44.600000000000001  2283
6  43.700000000000003  2234
7  45.5  2453
1  77.900000000000006  1624
2  54.600000000000001  2360
3  58.0  2293
4  60.0  2268
5  55.799999999999997  2302
6  57.899999999999999  2526
7  40.600000000000001  2721
1  53.899999999999999  1728
2  63.5  1691
3  60.799999999999997  2140
4  59.200000000000003  2226
5  55.899999999999999  2437
6  56.100000000000001  2177
7  52.799999999999997  2133
1  57.200000000000003  2038
2  51.5  2500
3  58.700000000000003  2155
4  60.799999999999997  2154
5  62.0  2111
6  57.100000000000001  2353
7  46.600000000000001  2326
1  48.799999999999997  2040
2  71.5  1721
3  49.399999999999999  2276
4  58.0  2056
5  53.200000000000003  2278
6  54.899999999999999  2350
7  46.799999999999997  2454
1  62.100000000000001  1938
2  55.200000000000003  1992
3  54.899999999999999  1918
4  55.0  2321
5  49.799999999999997  2326
6  44.0  2662
7  48.799999999999997  2378
1  62.200000000000003  2104
2  58.299999999999997  1921
3  59.299999999999997  1998
4  59.0  2351
5  53.399999999999999  2506
6  54.5  2395
7  48.299999999999997  2493
1  63.700000000000003  1829
2  62.799999999999997  2106
3  55.5  2465
4  53.700000000000003  2335
5  64.099999999999994  2144
6  61.299999999999997  1909
7  43.399999999999999  2287
1  73.599999999999994  1791
2  38.100000000000001  1826
3  66.900000000000006  2051
4  54.600000000000001  2208
5  58.700000000000003  2198
6  44.899999999999999  2297
7  56.600000000000001  2290
1  57.200000000000003  2566
2  53.299999999999997  1977
3  53.299999999999997  2262
4  50.0  2376
5  50.899999999999999  2257
6  51.399999999999999  2481
7  51.5  2365
1  54.5  1553
2  50.600000000000001  1945
3  53.0  2549
4  52.5  2007
5  54.700000000000003  2294
6  44.700000000000003  2420
7  58.600000000000001  2533
1  67.200000000000003  1607
2  49.100000000000001  2350
3  55.700000000000003  2114
4  49.399999999999999  2187
5  56.299999999999997  2573
6  51.5  2755
7  48.399999999999999  2351
1  53.799999999999997  1981
2  64.700000000000003  2206
3  60.700000000000003  2479
4  53.399999999999999  2534
5  49.700000000000003  2088
6  54.600000000000001  2429
7  64.400000000000006  2154
1  73.099999999999994  1816
2  50.299999999999997  2308
3  56.200000000000003  2095
4  55.899999999999999  2244
5  55.100000000000001  2257
6  53.700000000000003  1969
7  54.600000000000001  2204
1  63.299999999999997  1982
2  56.899999999999999  2195
3  57.100000000000001  1838
4  58.399999999999999  2125
5  52.899999999999999  2191
6  47.899999999999999  2420
7  51.0  2594
1  56.299999999999997  1802
2  54.600000000000001  2003
3  63.399999999999999  2065
4  38.100000000000001  2295
5  51.100000000000001  2575
6  48.200000000000003  2538
7  56.799999999999997  2258
1  60.100000000000001  2043
2  52.899999999999999  2023
3  52.299999999999997  2163
4  53.100000000000001  2676
5  54.299999999999997  2417
6  46.100000000000001  2389
7  51.399999999999999  2578
1  65.200000000000003  2061
2  57.799999999999997  1603
3  55.0  2254
4  53.200000000000003  2299
5  57.899999999999999  2128
6  39.200000000000003  2326
7  46.399999999999999  2150
1  53.100000000000001  2000
2  57.399999999999999  1952
3  58.299999999999997  2228
4  58.799999999999997  1990
5  44.5  2063
6  52.600000000000001  2429
7  51.0  2370
1  63.399999999999999  1885
2  53.799999999999997  1827
3  50.5  2374
4  59.5  2098
5  58.0  2311
6  56.899999999999999  2334
7  62.299999999999997  2413
1  55.799999999999997  1869
2  47.399999999999999  2281
3  49.700000000000003  1558
4  50.799999999999997  2279
5  50.0  1936
6  51.399999999999999  2561
7  58.700000000000003  2241
1  52.600000000000001  1670
2  41.100000000000001  2199
3  61.200000000000003  1859
4  53.200000000000003  2267
5  65.400000000000006  1908
6  53.100000000000001  2529
7  43.600000000000001  2730
1  66.799999999999997  2109
2  62.0  2205
3  48.299999999999997  2875
4  55.700000000000003  2248
5  50.0  2240
6  50.899999999999999  2483
7  53.100000000000001  2493
1  62.5  2127
2  51.200000000000003  2127
3  58.299999999999997  2099
4  54.399999999999999  2267
5  50.799999999999997  2340
6  43.299999999999997  2379
7  39.200000000000003  2378
1  56.200000000000003  2226
2  65.0  2067
3  61.100000000000001  2341
4  60.399999999999999  1996
5  54.700000000000003  2472
6  61.0  2282
7  50.799999999999997  2459
1  67.099999999999994  2070
2  60.799999999999997  2239
3  50.799999999999997  1828
4  55.200000000000003  2122
5  55.700000000000003  2426
6  55.200000000000003  2635
7  53.200000000000003  2291
1  70.099999999999994  1574
2  47.399999999999999  2385
3  55.899999999999999  2307
4  60.799999999999997  2053
5  50.200000000000003  2238
6  45.899999999999999  2421
7  41.700000000000003  2541
1  54.5  1829
2  49.399999999999999  2045
3  53.5  2205
4  52.200000000000003  2287
5  57.799999999999997  2494
6  62.399999999999999  2078
7  53.5  2204
1  72.299999999999997  1845
2  64.0  2224
3  56.899999999999999  2245
4  52.700000000000003  2352
5  53.600000000000001  2296
6  56.200000000000003  2639
7  60.100000000000001  2266
1  50.600000000000001  2129
2  48.600000000000001  2180
3  55.899999999999999  2120
4  48.100000000000001  2186
5  53.100000000000001  2475
6  50.200000000000003  2250
7  50.200000000000003  2288
1  62.700000000000003  1974
2  66.799999999999997  2033
3  58.399999999999999  2238
4  57.799999999999997  1860
5  52.399999999999999  2311
6  55.100000000000001  2058
7  47.100000000000001  1981
1  43.899999999999999  1572
2  52.200000000000003  1980
3  52.299999999999997  2172
4  50.799999999999997  2417
5  54.299999999999997  2535
6  61.5  2176
7  54.700000000000003  2260
1  58.799999999999997  1713
2  56.100000000000001  2229
3  56.100000000000001  2626
4  60.600000000000001  2363
5  49.799999999999997  2388
6  56.600000000000001  2322
7  55.899999999999999  2099
1  64.599999999999994  1612
2  62.5  1934
3  59.100000000000001  2271
4  49.0  2485
5  57.100000000000001  2644
6  54.600000000000001  2566
7  53.5  2229
1  55.799999999999997  2098
2  52.100000000000001  1955
3  63.299999999999997  2105
4  59.399999999999999  2041
5  54.5  2569
6  47.0  2654
7  54.5  2392
1  69.0  1562
2  56.5  2094
3  48.0  2431
4  50.899999999999999  2280
5  49.0  2256
6  52.899999999999999  2232
7  55.899999999999999  2652
1  71.599999999999994  1981
2  61.299999999999997  2245
3  48.5  2405
4  56.600000000000001  2022
5  54.100000000000001  2359
6  51.700000000000003  2100
7  58.600000000000001  2569
1  62.399999999999999  2128
2  55.100000000000001  2345
3  64.299999999999997  2014
4  47.0  2486
5  48.600000000000001  2491
6  55.799999999999997  2288
7  53.5  2301
1  50.899999999999999  1925
2  66.200000000000003  2391
3  55.299999999999997  2273
4  57.100000000000001  1899
5  50.5  2421
6  45.700000000000003  2226
7  53.100000000000001  2369
1  56.200000000000003  2266
2  48.600000000000001  1824
3  55.200000000000003  2406
4  63.100000000000001  2294
5  46.899999999999999  2551
6  47.100000000000001  2764
7  50.799999999999997  2393
1  71.099999999999994  1828
2  55.0  2031
3  56.5  2191
4  48.0  2255
5  52.899999999999999  2439
6  50.600000000000001  2385
7  49.700000000000003  2349
1  64.0  1774
2  57.799999999999997  2291
3  53.299999999999997  2010
4  59.5  1929
5  51.299999999999997  2327
6  47.899999999999999  2122
7  51.799999999999997  2572
1  58.100000000000001  2167
2  55.700000000000003  1653
3  56.899999999999999  2096
4  51.200000000000003  2404
5  55.700000000000003  2516
6  51.5  2153
7  56.600000000000001  2373
1  58.799999999999997  1878
2  58.200000000000003  1976
3  54.700000000000003  2610
4  50.5  2600
5  45.799999999999997  2331
6  50.700000000000003  2215
7  54.600000000000001  2723
1  70.799999999999997  1768
2  59.399999999999999  1961
3  52.100000000000001  2222
4  50.600000000000001  2516
5  52.299999999999997  2116
6  51.5  2153
7  46.899999999999999  2532
1  60.299999999999997  1871
2  63.200000000000003  2030
3  63.899999999999999  2261
4  48.899999999999999  2457
5  51.399999999999999  2212
6  47.0  2831
7  53.399999999999999  2346
1  57.799999999999997  1867
2  57.5  2161
3  58.0  1799
4  56.899999999999999  2099
5  50.200000000000003  2519
6  51.899999999999999  2741
7  42.299999999999997  2580
1  70.5  2008
2  63.200000000000003  2124
3  53.299999999999997  2097
4  50.100000000000001  2346
5  54.700000000000003  2284
6  55.399999999999999  2219
7  52.0  2546
1  68.400000000000006  1933
2  49.200000000000003  2200
3  62.0  2385
4  63.600000000000001  2314
5  56.899999999999999  2402
6  47.0  2572
7  56.200000000000003  2609
1  55.100000000000001  1856
2  57.299999999999997  2159
3  52.299999999999997  2144
4  58.5  2109
5  48.899999999999999  2568
6  59.100000000000001  2013
7  50.899999999999999  2117
1  56.200000000000003  2032
2  53.100000000000001  2050
3  65.599999999999994  2179
4  58.0  2250
5  53.299999999999997  2043
6  45.5  2461
7  56.100000000000001  2280
1  58.399999999999999  1985
2  50.700000000000003  2502
3  50.799999999999997  2429
4  50.299999999999997  2590
5  53.600000000000001  2254
6  53.299999999999997  2552
7  52.700000000000003  2295
1  68.799999999999997  2110
2  63.600000000000001  1855
3  47.600000000000001  2501
4  55.899999999999999  2106
5  53.600000000000001  2128
6  51.299999999999997  2819
7  51.600000000000001  2358
1  63.5  2129
2  55.299999999999997  1598
3  44.399999999999999  2259
4  64.0  2212
5  41.0  2329
6  55.0  2539
7  43.799999999999997  2299
1  68.400000000000006  1624
2  53.799999999999997  1773
3  53.700000000000003  2284
4  45.600000000000001  2321
5  61.399999999999999  2134
6  49.0  2113
7  55.200000000000003  2172
