1  61.0  10391.0
1  51.0  8605.0
1  91.0  14508.0
1  38.0  9035.0
1  98.0  12296.0
1  82.0  14764.0
1  67.0  13212.0
1  88.0  14563.0
1  71.0  11885.0
1  55.0  13615.0
1  84.0  14490.0
1  67.0  10562.0
1  83.0  16685.0
1  48.0  9072.0
1  0.0  12757.0
1  84.0  13760.0
1  60.0  14712.0
1  94.0  13220.0
1  84.0  10437.0
1  91.0  15922.0
2  80.0  16091.0
2  39.0  14855.0
2  49.0  10730.0
2  88.0  13937.0
2  79.0  17898.0
2  56.0  13608.0
2  96.0  13801.0
2  84.0  15165.0
2  48.0  11879.0
2  70.0  17619.0
2  94.0  13762.0
2  75.0  14244.0
2  80.0  17547.0
2  93.0  16453.0
2  24.0  8582.0
2  100.0  14494.0
2  98.0  17866.0
2  97.0  16503.0
2  83.0  14273.0
2  98.0  13706.0
3  85.0  11649.0
3  82.0  13904.0
3  61.0  13038.0
3  51.0  11128.0
3  93.0  14380.0
3  81.0  11452.0
3  33.0  18043.0
3  65.0  12146.0
3  77.0  13875.0
3  100.0  13390.0
3  86.0  12193.0
3  79.0  14240.0
3  100.0  15000.0
3  60.0  6170.0
3  64.0  12305.0
3  90.0  18359.0
3  75.0  15059.0
3  97.0  12694.0
3  89.0  11845.0
3  37.0  15925.0
4  74.0  16289.0
4  75.0  15482.0
4  79.0  14941.0
4  79.0  16435.0
4  85.0  16869.0
4  86.0  12350.0
4  37.0  14797.0
4  71.0  16246.0
4  72.0  14200.0
4  70.0  16144.0
4  82.0  13644.0
4  57.0  14033.0
4  64.0  17695.0
4  88.0  16664.0
4  82.0  14745.0
4  74.0  13877.0
4  31.0  10039.0
4  71.0  15874.0
4  65.0  13890.0
4  50.0  14732.0
5  58.0  16293.0
5  66.0  11880.0
5  100.0  10125.0
5  53.0  14256.0
5  57.0  11396.0
5  100.0  13926.0
5  78.0  14326.0
5  63.0  14421.0
5  85.0  16718.0
5  45.0  12977.0
5  73.0  14937.0
5  64.0  16250.0
5  0.0  11516.0
5  85.0  15726.0
5  66.0  14532.0
5  57.0  10688.0
5  72.0  17077.0
5  52.0  20136.0
5  41.0  11615.0
5  97.0  12154.0
