0  32.0  888
1  56.666666666666664  952
2  52.0  919
3  72.333333333333329  892
4  70.666666666666671  732
5  73.0  421
6  57.0  747
7  68.0  649
8  85.666666666666671  420
9  63.333333333333336  592
10  65.0  323
11  64.333333333333329  713
12  60.666666666666664  613
13  62.333333333333336  524
14  85.666666666666671  375
15  70.666666666666671  538
16  83.333333333333329  449
17  71.0  523
18  77.0  458
19  93.0  121
20  70.666666666666671  591
0  57.0  823
1  73.666666666666671  773
2  76.333333333333329  741
3  85.666666666666671  507
4  90.333333333333329  403
5  73.0  677
6  56.0  460
7  84.0  400
8  86.0  475
9  67.333333333333329  483
10  82.333333333333329  294
11  72.0  425
12  94.0  140
13  70.333333333333329  618
14  70.0  529
15  73.666666666666671  239
16  78.333333333333329  339
17  98.0  6
18  71.333333333333329  371
19  79.333333333333329  429
20  89.0  260
0  42.333333333333336  1009
1  31.666666666666668  916
2  61.666666666666664  810
3  71.666666666666671  588
4  73.333333333333329  622
5  58.0  560
6  69.333333333333329  686
7  66.0  637
8  68.666666666666671  491
9  86.666666666666671  380
10  79.333333333333329  176
11  60.0  710
12  64.0  448
13  74.333333333333329  569
14  82.0  410
15  94.333333333333329  149
16  62.0  319
17  84.333333333333329  346
18  75.666666666666671  453
19  87.666666666666671  372
20  65.0  358
0  53.666666666666664  933
1  84.333333333333329  664
2  65.333333333333329  793
3  48.333333333333336  794
4  54.666666666666664  610
5  77.0  443
6  46.666666666666664  774
7  86.666666666666671  507
8  68.0  593
9  74.666666666666671  569
10  77.666666666666671  384
11  60.0  572
12  77.333333333333329  431
13  50.666666666666664  532
14  59.333333333333336  447
15  65.0  439
16  80.0  293
17  91.666666666666671  209
18  66.666666666666671  527
19  74.0  380
20  89.333333333333329  208
0  66.666666666666671  776
1  31.333333333333332  1253
2  67.333333333333329  611
3  45.333333333333336  645
4  78.0  557
5  46.333333333333336  661
6  67.333333333333329  744
7  61.0  644
8  63.666666666666664  576
9  88.0  221
10  66.0  623
11  58.666666666666664  680
12  66.666666666666671  476
13  75.0  459
14  73.0  442
15  50.666666666666664  794
16  66.0  384
17  87.0  250
18  73.0  332
19  85.0  298
20  95.666666666666671  99
0  53.333333333333336  958
1  65.0  902
2  47.333333333333336  721
3  71.0  687
4  48.333333333333336  584
5  76.0  745
6  75.333333333333329  362
7  80.666666666666671  486
8  54.666666666666664  464
9  53.666666666666664  718
10  77.333333333333329  494
11  56.0  568
12  67.0  371
13  75.666666666666671  451
14  58.666666666666664  543
15  77.0  492
16  73.333333333333329  581
17  82.0  416
18  75.0  419
19  59.333333333333336  486
20  86.0  360
0  51.0  839
1  54.333333333333336  903
2  58.333333333333336  863
3  43.0  1008
4  52.666666666666664  773
5  73.333333333333329  599
6  59.333333333333336  755
7  69.0  727
8  76.333333333333329  570
9  62.666666666666664  630
10  61.666666666666664  774
11  70.0  627
12  67.333333333333329  218
13  76.333333333333329  410
14  94.0  256
15  78.333333333333329  379
16  78.666666666666671  368
17  72.333333333333329  314
18  67.0  303
19  59.666666666666664  444
20  81.666666666666671  333
0  48.666666666666664  987
1  58.666666666666664  800
2  78.0  631
3  60.666666666666664  610
4  63.0  754
5  44.333333333333336  931
6  64.666666666666671  659
7  54.333333333333336  636
8  71.333333333333329  432
9  24.666666666666668  822
10  67.333333333333329  599
11  72.0  530
12  54.666666666666664  545
13  74.333333333333329  319
14  71.666666666666671  556
15  48.666666666666664  406
16  84.666666666666671  201
17  73.0  492
18  88.333333333333329  304
19  85.0  175
20  91.0  209
0  66.0  736
1  49.666666666666664  836
2  56.333333333333336  977
3  47.666666666666664  512
4  73.666666666666671  451
5  58.666666666666664  757
6  35.0  849
7  82.333333333333329  405
8  94.333333333333329  161
9  72.666666666666671  494
10  80.0  457
11  69.0  575
12  74.333333333333329  588
13  72.0  616
14  64.333333333333329  319
15  83.333333333333329  233
16  91.666666666666671  265
17  79.0  309
18  70.333333333333329  223
19  83.0  227
20  79.333333333333329  407
0  55.0  986
1  41.666666666666664  880
2  62.333333333333336  775
3  67.666666666666671  616
4  79.333333333333329  757
5  71.0  502
6  73.0  624
7  79.0  633
8  74.666666666666671  525
9  59.0  606
10  55.666666666666664  340
11  71.333333333333329  512
12  84.666666666666671  496
13  66.0  552
14  74.0  435
15  85.666666666666671  223
16  67.0  376
17  74.333333333333329  509
18  78.666666666666671  343
19  77.0  405
20  64.666666666666671  433
0  42.333333333333336  939
1  73.666666666666671  704
2  43.0  893
3  38.0  880
4  30.0  748
5  51.333333333333336  827
6  60.333333333333336  636
7  61.666666666666664  764
8  82.0  431
9  51.333333333333336  565
10  78.333333333333329  452
11  48.0  594
12  67.333333333333329  510
13  89.333333333333329  185
14  78.333333333333329  523
15  94.333333333333329  80
16  90.0  244
17  92.333333333333329  178
18  91.666666666666671  204
19  76.0  404
20  74.0  357
0  46.666666666666664  871
1  47.666666666666664  709
2  46.333333333333336  940
3  56.666666666666664  734
4  71.333333333333329  650
5  84.333333333333329  623
6  74.0  481
7  68.333333333333329  385
8  49.666666666666664  794
9  68.0  368
10  74.0  596
11  71.666666666666671  529
12  70.333333333333329  464
13  80.333333333333329  366
14  51.666666666666664  507
15  81.333333333333329  298
16  49.666666666666664  566
17  79.0  314
18  88.0  196
19  86.333333333333329  358
20  86.666666666666671  327
0  54.0  801
1  58.333333333333336  784
2  51.0  846
3  70.0  671
4  95.0  309
5  66.666666666666671  609
6  63.333333333333336  690
7  56.666666666666664  615
8  79.666666666666671  320
9  52.0  750
10  73.0  613
11  78.0  580
12  81.333333333333329  490
13  74.0  553
14  67.333333333333329  531
15  69.0  557
16  84.333333333333329  283
17  76.333333333333329  570
18  54.666666666666664  400
19  75.0  478
20  66.333333333333329  446
0  67.333333333333329  800
1  82.333333333333329  551
2  50.333333333333336  726
3  39.0  793
4  55.333333333333336  687
5  64.0  624
6  69.333333333333329  619
7  64.0  830
8  67.0  552
9  58.333333333333336  528
10  59.666666666666664  466
11  63.0  645
12  70.0  529
13  74.0  526
14  78.333333333333329  448
15  87.333333333333329  262
16  54.666666666666664  614
17  75.0  402
18  90.333333333333329  150
19  75.333333333333329  481
20  79.0  295
0  58.333333333333336  1060
1  80.0  586
2  64.333333333333329  789
3  51.666666666666664  716
4  66.333333333333329  585
5  66.666666666666671  582
6  70.666666666666671  682
7  84.333333333333329  403
8  72.333333333333329  384
9  84.333333333333329  283
10  75.0  489
11  81.666666666666671  447
12  73.333333333333329  545
13  52.333333333333336  962
14  74.333333333333329  510
15  48.333333333333336  802
16  76.0  604
17  82.0  212
18  79.333333333333329  339
19  85.666666666666671  388
20  78.0  441
0  70.333333333333329  805
1  77.333333333333329  709
2  58.333333333333336  878
3  56.333333333333336  862
4  44.333333333333336  642
5  69.0  408
6  72.0  672
7  62.0  517
8  59.333333333333336  737
9  79.333333333333329  412
10  73.333333333333329  427
11  63.0  758
12  79.666666666666671  420
13  73.666666666666671  556
14  73.0  484
15  67.333333333333329  484
16  81.666666666666671  404
17  67.0  347
18  90.333333333333329  232
19  81.666666666666671  337
20  67.333333333333329  362
0  63.666666666666664  841
1  70.666666666666671  849
2  72.0  844
3  66.0  853
4  34.0  988
5  71.0  664
6  81.0  544
7  65.666666666666671  519
8  64.333333333333329  650
9  66.0  428
10  68.333333333333329  646
11  72.0  432
12  72.333333333333329  338
13  65.666666666666671  589
14  75.333333333333329  573
15  94.666666666666671  73
16  70.0  537
17  71.0  447
18  93.666666666666671  140
19  78.0  351
20  89.666666666666671  299
0  47.333333333333336  959
1  54.0  870
2  82.333333333333329  586
3  62.333333333333336  805
4  54.333333333333336  685
5  63.666666666666664  654
6  69.666666666666671  641
7  49.333333333333336  728
8  51.333333333333336  628
9  75.0  513
10  78.0  443
11  72.333333333333329  488
12  88.0  279
13  79.666666666666671  416
14  77.666666666666671  329
15  78.0  305
16  84.0  367
17  81.666666666666671  385
18  81.0  412
19  84.0  252
20  76.666666666666671  350
0  66.333333333333329  949
1  65.0  703
2  60.666666666666664  833
3  58.0  702
4  66.666666666666671  751
5  68.0  590
6  66.333333333333329  442
7  62.0  800
8  68.666666666666671  703
9  69.666666666666671  594
10  95.0  192
11  56.333333333333336  642
12  74.333333333333329  500
13  69.666666666666671  616
14  76.0  451
15  76.666666666666671  437
16  72.0  496
17  75.666666666666671  417
18  93.333333333333329  166
19  65.666666666666671  236
20  83.666666666666671  297
0  44.333333333333336  991
1  75.666666666666671  700
2  50.0  842
3  63.0  698
4  78.333333333333329  544
5  79.666666666666671  286
6  69.666666666666671  464
7  63.0  558
8  79.0  543
9  59.666666666666664  455
10  80.333333333333329  546
11  73.0  619
12  60.0  588
13  93.0  112
14  89.666666666666671  151
15  51.666666666666664  604
16  81.0  291
17  68.333333333333329  500
18  84.666666666666671  257
19  61.0  480
20  64.333333333333329  321
0  56.333333333333336  828
1  70.666666666666671  638
2  79.666666666666671  608
3  72.0  503
4  66.0  659
5  74.666666666666671  622
6  49.666666666666664  539
7  67.333333333333329  373
8  57.0  638
9  70.333333333333329  558
10  56.0  668
11  72.333333333333329  621
12  77.333333333333329  406
13  90.0  250
14  77.333333333333329  439
15  73.333333333333329  305
16  85.0  298
17  80.666666666666671  294
18  64.0  573
19  81.333333333333329  502
20  71.333333333333329  396
0  51.0  880
1  46.0  889
2  44.0  697
3  63.0  707
4  61.0  816
5  63.666666666666664  599
6  74.666666666666671  501
7  66.666666666666671  546
8  76.333333333333329  500
9  75.333333333333329  438
10  65.666666666666671  596
11  78.333333333333329  428
12  78.666666666666671  463
13  74.666666666666671  475
14  73.0  453
15  93.666666666666671  222
16  77.0  480
17  77.666666666666671  380
18  92.666666666666671  144
19  88.666666666666671  242
20  88.0  244
0  56.333333333333336  839
1  46.333333333333336  810
2  64.0  857
3  53.666666666666664  802
4  54.0  853
5  74.333333333333329  726
6  46.333333333333336  689
7  71.666666666666671  425
8  66.666666666666671  607
9  79.333333333333329  391
10  71.666666666666671  403
11  49.666666666666664  900
12  68.666666666666671  631
13  85.0  333
14  72.0  471
15  82.666666666666671  500
16  72.0  575
17  76.333333333333329  369
18  71.0  356
19  71.666666666666671  546
20  65.0  301
0  58.333333333333336  721
1  50.333333333333336  912
2  64.333333333333329  834
3  62.0  669
4  78.666666666666671  615
5  83.666666666666671  561
6  75.0  588
7  79.666666666666671  549
8  70.666666666666671  684
9  85.0  488
10  79.666666666666671  412
11  93.333333333333329  145
12  72.666666666666671  615
13  65.333333333333329  671
14  85.0  391
15  83.0  349
16  73.666666666666671  386
17  82.0  488
18  73.666666666666671  348
19  75.333333333333329  339
20  58.0  484
0  59.666666666666664  1008
1  45.333333333333336  820
2  66.666666666666671  635
3  52.666666666666664  838
4  54.666666666666664  540
5  63.0  799
6  74.666666666666671  552
7  60.666666666666664  742
8  53.666666666666664  824
9  65.0  408
10  67.666666666666671  472
11  76.666666666666671  473
12  71.666666666666671  530
13  79.666666666666671  523
14  73.333333333333329  593
15  78.666666666666671  290
16  85.666666666666671  295
17  80.666666666666671  276
18  85.333333333333329  220
19  69.666666666666671  488
20  68.333333333333329  651
0  61.666666666666664  835
1  60.333333333333336  668
2  36.333333333333336  744
3  56.0  590
4  60.333333333333336  953
5  59.666666666666664  612
6  53.666666666666664  489
7  77.333333333333329  474
8  80.666666666666671  415
9  70.666666666666671  600
10  61.333333333333336  473
11  77.0  443
12  49.333333333333336  644
13  74.0  555
14  63.333333333333336  614
15  83.666666666666671  378
16  78.666666666666671  301
17  71.666666666666671  633
18  78.333333333333329  512
19  79.666666666666671  315
20  69.666666666666671  362
0  46.333333333333336  841
1  66.333333333333329  788
2  59.333333333333336  795
3  68.666666666666671  695
4  62.0  706
5  66.0  580
6  43.666666666666664  553
7  50.666666666666664  892
8  78.0  631
9  93.0  270
10  74.666666666666671  525
11  70.0  566
12  57.333333333333336  589
13  76.0  384
14  78.666666666666671  417
15  71.666666666666671  454
16  78.333333333333329  430
17  75.333333333333329  468
18  84.333333333333329  378
19  66.0  335
20  96.0  141
0  70.0  675
1  44.666666666666664  980
2  73.666666666666671  628
3  64.666666666666671  898
4  66.333333333333329  839
5  46.0  837
6  68.666666666666671  565
7  77.333333333333329  529
8  92.0  306
9  65.0  711
10  66.333333333333329  616
11  42.333333333333336  778
12  71.0  427
13  84.0  417
14  84.333333333333329  502
15  77.0  410
16  80.333333333333329  392
17  72.0  562
18  74.0  554
19  90.0  311
20  76.333333333333329  451
0  35.333333333333336  1067
1  29.333333333333332  813
2  82.666666666666671  619
3  73.0  566
4  47.333333333333336  600
5  47.666666666666664  717
6  67.0  594
7  83.333333333333329  389
8  79.0  311
9  93.0  250
10  67.666666666666671  488
11  79.0  507
12  77.666666666666671  388
13  79.0  432
14  62.666666666666664  330
15  63.333333333333336  516
16  81.333333333333329  353
17  78.333333333333329  433
18  90.666666666666671  262
19  87.0  448
20  66.666666666666671  465
0  47.666666666666664  869
1  57.0  887
2  66.666666666666671  658
3  50.333333333333336  867
4  77.333333333333329  544
5  66.666666666666671  737
6  61.0  814
7  68.333333333333329  647
8  70.333333333333329  470
9  44.0  645
10  64.333333333333329  523
11  61.666666666666664  606
12  89.0  178
13  88.333333333333329  167
14  76.0  467
15  86.666666666666671  174
16  84.0  246
17  78.333333333333329  139
18  68.666666666666671  535
19  90.333333333333329  149
20  73.333333333333329  384
0  50.333333333333336  971
1  59.333333333333336  865
2  59.666666666666664  789
3  41.666666666666664  864
4  61.666666666666664  735
5  74.666666666666671  544
6  77.333333333333329  528
7  77.333333333333329  290
8  49.0  626
9  79.333333333333329  518
10  74.0  475
11  69.666666666666671  671
12  69.0  544
13  87.666666666666671  331
14  86.666666666666671  410
15  57.666666666666664  774
16  63.333333333333336  368
17  84.333333333333329  146
18  90.333333333333329  195
19  83.333333333333329  350
20  65.0  474
0  34.333333333333336  650
1  68.0  715
2  60.666666666666664  637
3  41.333333333333336  856
4  59.333333333333336  652
5  67.333333333333329  653
6  73.333333333333329  338
7  65.0  456
8  78.0  467
9  69.666666666666671  380
10  39.333333333333336  819
11  60.0  658
12  83.0  380
13  69.333333333333329  435
14  66.333333333333329  498
15  84.333333333333329  297
16  92.0  249
17  70.666666666666671  279
18  76.666666666666671  541
19  86.666666666666671  323
20  71.333333333333329  389
0  34.333333333333336  837
1  65.333333333333329  856
2  60.666666666666664  636
3  64.333333333333329  775
4  60.0  720
5  63.333333333333336  856
6  67.666666666666671  521
7  65.333333333333329  457
8  74.0  517
9  76.666666666666671  532
10  91.333333333333329  225
11  72.333333333333329  544
12  72.0  533
13  73.666666666666671  496
14  58.333333333333336  153
15  88.0  191
16  87.333333333333329  398
17  89.333333333333329  234
18  60.333333333333336  490
19  93.0  136
20  77.0  383
0  40.666666666666664  876
1  69.666666666666671  656
2  56.333333333333336  862
3  49.333333333333336  812
4  61.0  747
5  57.0  758
6  58.333333333333336  877
7  70.0  608
8  62.333333333333336  537
9  52.0  592
10  79.333333333333329  384
11  65.0  595
12  72.0  637
13  76.666666666666671  394
14  74.0  375
15  80.0  301
16  75.0  475
17  92.0  287
18  73.0  435
19  90.333333333333329  278
20  72.0  425
0  50.333333333333336  866
1  38.0  914
2  50.333333333333336  873
3  58.333333333333336  751
4  66.0  843
5  59.0  729
6  61.0  750
7  79.0  427
8  64.666666666666671  568
9  74.333333333333329  417
10  61.0  638
11  35.666666666666664  681
12  85.0  216
13  76.0  451
14  82.666666666666671  401
15  88.666666666666671  285
16  59.666666666666664  506
17  81.0  364
18  71.0  231
19  72.333333333333329  510
20  88.666666666666671  233
0  63.0  770
1  58.0  921
2  42.0  778
3  73.0  633
4  46.666666666666664  803
5  63.333333333333336  673
6  76.0  440
7  60.666666666666664  686
8  81.666666666666671  517
9  90.0  360
10  76.666666666666671  469
11  74.0  624
12  53.666666666666664  504
13  97.333333333333329  124
14  81.333333333333329  402
15  63.0  642
16  65.0  390
17  75.666666666666671  516
18  75.0  416
19  72.333333333333329  475
20  87.0  296
0  58.333333333333336  874
1  65.0  812
2  44.666666666666664  657
3  58.0  699
4  57.333333333333336  823
5  54.333333333333336  813
6  84.666666666666671  457
7  63.333333333333336  332
8  78.0  491
9  75.666666666666671  511
10  49.333333333333336  673
11  60.333333333333336  569
12  77.333333333333329  328
13  82.0  273
14  60.333333333333336  559
15  70.0  404
16  86.666666666666671  345
17  86.666666666666671  225
18  85.333333333333329  221
19  96.333333333333329  105
20  86.0  196
0  57.666666666666664  854
1  62.0  969
2  68.333333333333329  700
3  61.333333333333336  850
4  67.333333333333329  503
5  76.0  549
6  69.333333333333329  509
7  36.666666666666664  780
8  60.666666666666664  638
9  76.0  576
10  80.0  529
11  49.666666666666664  544
12  64.333333333333329  449
13  82.333333333333329  319
14  68.666666666666671  667
15  70.666666666666671  502
16  78.0  413
17  90.333333333333329  247
18  81.333333333333329  298
19  67.0  618
20  70.666666666666671  353
0  57.333333333333336  972
1  55.333333333333336  741
2  75.0  683
3  30.333333333333332  753
4  65.0  731
5  57.0  865
6  74.666666666666671  530
7  65.666666666666671  679
8  80.333333333333329  355
9  86.666666666666671  318
10  62.333333333333336  343
11  93.666666666666671  262
12  71.666666666666671  420
13  87.0  386
14  69.333333333333329  431
15  82.666666666666671  616
16  83.333333333333329  300
17  91.333333333333329  256
18  67.333333333333329  492
19  70.666666666666671  430
20  50.666666666666664  537
0  65.0  881
1  58.666666666666664  923
2  46.666666666666664  847
3  56.0  713
4  70.333333333333329  638
5  54.333333333333336  751
6  64.0  624
7  79.333333333333329  480
8  72.333333333333329  475
9  69.0  586
10  62.0  574
11  72.666666666666671  452
12  53.0  568
13  81.666666666666671  469
14  53.0  603
15  91.333333333333329  313
16  57.666666666666664  357
17  72.666666666666671  472
18  93.666666666666671  191
19  84.0  404
20  84.333333333333329  301
0  44.0  837
1  35.0  1010
2  37.0  840
3  72.333333333333329  499
4  77.666666666666671  505
5  68.333333333333329  627
6  55.0  734
7  77.0  460
8  43.666666666666664  602
9  54.0  585
10  72.0  494
11  66.666666666666671  635
12  77.333333333333329  618
13  50.666666666666664  499
14  83.0  429
15  80.333333333333329  375
16  73.0  522
17  75.666666666666671  411
18  91.0  93
19  59.0  218
20  88.0  199
0  36.333333333333336  837
1  67.666666666666671  773
2  45.666666666666664  1139
3  77.0  649
4  78.0  553
5  31.666666666666668  807
6  62.666666666666664  555
7  55.666666666666664  679
8  78.0  466
9  74.0  410
10  72.666666666666671  476
11  74.666666666666671  494
12  65.0  317
13  62.333333333333336  580
14  75.333333333333329  538
15  77.666666666666671  413
16  91.0  298
17  69.333333333333329  271
18  82.666666666666671  386
19  74.666666666666671  414
20  76.0  406
0  45.333333333333336  782
1  46.0  829
2  66.0  682
3  65.666666666666671  689
4  64.0  727
5  78.666666666666671  671
6  48.666666666666664  1120
7  70.333333333333329  770
8  64.0  634
9  59.666666666666664  562
10  71.333333333333329  565
11  77.0  434
12  69.333333333333329  833
13  75.666666666666671  397
14  62.666666666666664  401
15  55.666666666666664  505
16  73.0  352
17  73.666666666666671  357
18  84.333333333333329  342
19  70.333333333333329  579
20  80.666666666666671  303
0  53.0  948
1  52.333333333333336  856
2  43.333333333333336  450
3  58.666666666666664  699
4  65.0  528
5  53.0  517
6  84.0  379
7  69.666666666666671  629
8  78.0  520
9  68.666666666666671  426
10  80.0  487
11  67.333333333333329  577
12  90.0  314
13  69.0  392
14  81.0  478
15  72.666666666666671  607
16  66.333333333333329  451
17  69.666666666666671  442
18  69.666666666666671  360
19  73.666666666666671  419
20  71.666666666666671  390
0  48.333333333333336  956
1  51.666666666666664  780
2  65.666666666666671  788
3  63.0  772
4  71.0  648
5  59.666666666666664  880
6  65.333333333333329  802
7  71.0  655
8  68.333333333333329  604
9  82.666666666666671  369
10  58.333333333333336  616
11  84.0  354
12  70.333333333333329  454
13  70.666666666666671  486
14  59.0  336
15  71.666666666666671  311
16  62.0  437
17  82.333333333333329  223
18  79.333333333333329  382
19  79.0  255
20  78.0  345
0  45.666666666666664  944
1  63.333333333333336  714
2  51.333333333333336  720
3  62.666666666666664  725
4  71.666666666666671  617
5  60.333333333333336  623
6  64.666666666666671  743
7  64.333333333333329  423
8  75.666666666666671  502
9  60.333333333333336  744
10  84.0  257
11  68.666666666666671  687
12  62.666666666666664  553
13  73.333333333333329  490
14  67.333333333333329  371
15  79.666666666666671  401
16  72.0  305
17  88.0  212
18  82.0  282
19  75.0  408
20  77.0  507
0  28.666666666666668  855
1  64.666666666666671  961
2  52.333333333333336  706
3  62.0  831
4  68.666666666666671  551
5  66.666666666666671  731
6  66.666666666666671  431
7  74.333333333333329  685
8  55.666666666666664  655
9  80.0  450
10  85.666666666666671  351
11  73.333333333333329  507
12  81.0  359
14  84.333333333333329  270
15  64.0  499
16  88.333333333333329  365
17  73.333333333333329  272
18  87.0  255
19  94.333333333333329  262
20  82.666666666666671  380
0  45.333333333333336  922
1  73.333333333333329  837
2  50.0  625
3  57.0  765
4  66.666666666666671  709
5  44.333333333333336  1001
6  81.0  545
7  61.666666666666664  653
8  74.0  401
9  66.333333333333329  357
10  58.333333333333336  320
11  61.666666666666664  447
12  83.333333333333329  481
13  67.666666666666671  703
14  55.333333333333336  412
15  76.0  529
16  68.0  570
17  96.333333333333329  37
18  71.333333333333329  440
19  69.333333333333329  390
20  79.0  246
0  46.0  715
1  22.666666666666668  812
2  75.666666666666671  607
3  61.0  687
4  42.666666666666664  755
5  57.666666666666664  643
6  87.0  420
7  88.0  251
8  56.333333333333336  612
9  51.666666666666664  789
10  73.666666666666671  419
11  76.333333333333329  531
12  84.0  437
13  84.666666666666671  390
14  74.666666666666671  430
15  64.333333333333329  459
16  67.0  541
17  60.666666666666664  473
18  83.0  288
19  63.333333333333336  515
20  87.0  297
0  48.333333333333336  764
1  41.0  776
2  67.333333333333329  611
3  46.333333333333336  804
4  63.666666666666664  640
5  39.0  676
6  54.666666666666664  659
7  64.666666666666671  712
8  60.0  391
9  62.666666666666664  610
10  75.333333333333329  453
11  64.0  405
12  65.333333333333329  351
13  92.0  268
14  77.666666666666671  400
15  53.333333333333336  593
16  80.333333333333329  325
17  70.0  663
18  87.333333333333329  196
19  66.333333333333329  477
20  75.0  403
0  39.0  760
1  65.333333333333329  808
2  50.333333333333336  871
3  53.0  666
4  62.666666666666664  782
5  74.0  452
6  63.333333333333336  720
7  65.666666666666671  671
8  61.666666666666664  581
9  75.666666666666671  441
10  61.0  661
11  64.666666666666671  565
12  69.666666666666671  397
13  66.666666666666671  478
14  81.666666666666671  343
15  82.666666666666671  334
16  73.333333333333329  620
17  64.666666666666671  521
18  74.0  381
19  81.0  313
20  95.333333333333329  155
0  46.666666666666664  785
1  80.333333333333329  563
2  61.0  682
3  81.333333333333329  465
4  65.666666666666671  687
5  83.666666666666671  583
6  76.0  384
7  53.0  762
8  70.333333333333329  374
9  64.666666666666671  548
10  50.333333333333336  712
11  64.0  328
12  92.333333333333329  193
13  87.333333333333329  372
14  70.666666666666671  488
15  93.0  240
16  93.333333333333329  184
17  80.0  412
18  82.333333333333329  338
19  66.333333333333329  539
20  87.666666666666671  331
0  52.666666666666664  776
1  58.666666666666664  767
2  78.0  652
3  76.333333333333329  734
4  70.0  703
5  68.666666666666671  722
6  79.666666666666671  477
7  70.333333333333329  799
8  70.0  545
9  72.666666666666671  657
10  83.0  300
11  50.0  602
12  90.333333333333329  271
13  64.0  511
14  87.666666666666671  346
15  82.666666666666671  324
16  76.333333333333329  432
17  79.333333333333329  319
18  82.333333333333329  164
19  95.666666666666671  112
20  81.333333333333329  363
0  44.333333333333336  858
1  81.0  679
2  62.333333333333336  779
3  60.0  606
4  75.0  490
5  72.333333333333329  731
6  50.666666666666664  741
7  67.666666666666671  489
8  87.0  453
9  47.333333333333336  822
10  72.333333333333329  357
11  64.666666666666671  550
12  81.666666666666671  425
13  91.666666666666671  241
14  62.333333333333336  303
15  70.666666666666671  323
16  71.666666666666671  571
17  83.0  411
18  72.666666666666671  505
19  65.0  455
20  66.0  434
0  63.333333333333336  950
1  61.0  706
2  56.0  908
3  86.333333333333329  552
4  75.0  576
5  61.666666666666664  514
6  59.333333333333336  544
7  66.0  520
8  73.0  614
9  69.0  407
10  71.333333333333329  445
11  69.0  651
12  74.0  571
13  81.0  464
14  69.666666666666671  606
15  81.666666666666671  342
16  76.666666666666671  236
17  81.333333333333329  345
18  98.0  112
19  62.333333333333336  564
20  75.666666666666671  273
0  57.333333333333336  751
1  35.333333333333336  1142
2  47.333333333333336  782
3  64.0  662
4  51.0  718
5  77.666666666666671  534
6  86.666666666666671  403
7  60.666666666666664  668
8  70.666666666666671  488
9  76.333333333333329  523
10  65.0  579
11  73.666666666666671  614
12  47.666666666666664  630
13  66.0  565
14  70.0  437
15  76.0  388
16  76.0  405
17  74.0  546
18  92.666666666666671  183
19  85.666666666666671  321
20  75.666666666666671  423
0  51.666666666666664  917
1  62.0  798
2  48.333333333333336  1074
3  67.333333333333329  662
4  76.333333333333329  569
5  33.0  663
6  64.666666666666671  661
7  80.666666666666671  430
8  79.666666666666671  518
9  65.333333333333329  621
10  84.666666666666671  381
11  83.666666666666671  635
12  58.666666666666664  690
13  77.666666666666671  350
14  81.0  495
15  72.666666666666671  387
16  58.0  548
17  69.0  482
18  65.333333333333329  442
19  75.333333333333329  459
20  66.333333333333329  516
0  59.666666666666664  999
1  47.666666666666664  829
2  55.666666666666664  786
3  58.0  829
4  59.0  678
5  58.333333333333336  927
6  52.333333333333336  659
7  64.666666666666671  827
8  82.0  452
9  59.333333333333336  405
10  83.666666666666671  384
11  62.666666666666664  669
12  77.0  386
13  78.0  432
14  69.0  702
15  63.666666666666664  555
16  83.666666666666671  237
17  86.0  330
18  85.0  261
19  80.0  500
20  98.0  7
0  50.333333333333336  692
1  46.0  903
2  55.333333333333336  711
3  55.0  720
4  65.333333333333329  638
5  59.666666666666664  821
6  64.0  587
7  37.666666666666664  876
8  43.0  596
9  65.0  562
10  69.666666666666671  486
11  77.666666666666671  323
12  61.333333333333336  397
13  46.333333333333336  727
14  67.333333333333329  490
15  69.666666666666671  487
16  90.666666666666671  185
17  78.333333333333329  274
18  85.0  416
19  87.333333333333329  304
20  93.333333333333329  204
0  56.333333333333336  950
1  27.0  1098
2  68.0  534
3  54.666666666666664  669
4  51.666666666666664  796
5  83.0  467
6  77.0  611
7  61.0  762
8  53.333333333333336  663
9  66.666666666666671  557
10  59.333333333333336  568
11  70.0  404
12  91.333333333333329  156
13  60.666666666666664  501
14  76.666666666666671  641
15  70.0  472
16  62.0  328
17  67.333333333333329  502
18  70.666666666666671  426
19  71.333333333333329  392
20  83.333333333333329  319
0  41.666666666666664  1017
1  58.666666666666664  1039
2  74.666666666666671  716
3  62.333333333333336  602
4  71.333333333333329  725
5  57.0  504
6  72.0  745
7  64.666666666666671  599
8  64.0  583
9  57.333333333333336  706
10  64.0  546
11  79.666666666666671  385
12  64.0  394
13  66.0  441
14  74.0  527
15  69.333333333333329  378
16  59.666666666666664  634
17  80.666666666666671  416
18  78.0  413
19  98.0  85
20  72.666666666666671  480
0  59.0  791
1  47.0  746
2  51.666666666666664  718
3  61.666666666666664  616
4  57.666666666666664  813
5  71.0  707
6  54.333333333333336  773
7  65.0  586
8  44.333333333333336  727
9  71.333333333333329  500
10  73.333333333333329  512
11  83.0  447
12  73.333333333333329  439
13  72.0  442
14  40.0  463
15  76.0  468
16  77.333333333333329  176
17  80.666666666666671  339
18  93.0  97
19  78.0  436
20  57.666666666666664  327
0  52.333333333333336  943
1  53.0  754
2  58.0  879
3  63.666666666666664  823
4  55.666666666666664  938
5  68.333333333333329  635
6  66.0  617
7  66.666666666666671  675
8  82.333333333333329  488
9  69.333333333333329  716
10  85.666666666666671  307
11  91.666666666666671  230
12  75.0  384
13  86.666666666666671  239
14  87.0  463
15  63.666666666666664  436
16  58.666666666666664  333
17  73.333333333333329  300
18  88.0  240
19  80.0  276
20  71.0  279
0  55.333333333333336  727
1  50.0  935
2  67.333333333333329  579
3  59.666666666666664  686
4  47.666666666666664  691
5  53.333333333333336  812
6  59.333333333333336  680
7  84.333333333333329  506
8  69.666666666666671  327
9  62.333333333333336  769
10  72.0  411
11  84.666666666666671  460
12  89.333333333333329  141
13  88.666666666666671  357
14  70.0  525
15  74.666666666666671  415
16  75.0  288
17  93.666666666666671  245
18  77.333333333333329  393
19  75.666666666666671  420
20  78.666666666666671  350
0  36.333333333333336  1041
1  59.333333333333336  856
2  30.666666666666668  974
3  56.666666666666664  755
4  68.333333333333329  453
5  50.666666666666664  570
6  70.666666666666671  349
7  66.666666666666671  781
8  76.0  525
9  67.0  555
10  51.0  472
11  65.666666666666671  449
12  79.666666666666671  451
13  81.333333333333329  210
14  72.0  372
15  88.666666666666671  291
16  73.666666666666671  393
17  65.333333333333329  543
18  88.0  138
19  72.0  245
20  67.0  520
0  43.666666666666664  784
1  59.0  691
2  54.333333333333336  691
3  43.666666666666664  970
4  57.333333333333336  508
5  71.666666666666671  621
6  55.666666666666664  868
7  48.0  1022
8  70.666666666666671  719
9  81.0  429
10  93.0  263
11  66.333333333333329  563
12  84.0  317
13  68.0  578
14  91.0  264
15  77.0  268
16  80.666666666666671  397
17  81.333333333333329  424
18  63.333333333333336  330
19  69.333333333333329  483
20  83.333333333333329  287
0  45.666666666666664  855
1  50.666666666666664  824
2  57.333333333333336  696
3  59.333333333333336  791
4  41.666666666666664  755
5  71.333333333333329  655
6  74.333333333333329  619
7  63.0  668
8  74.333333333333329  568
9  62.666666666666664  459
10  84.333333333333329  326
11  63.0  527
12  76.333333333333329  541
13  75.333333333333329  600
14  82.333333333333329  352
15  64.333333333333329  486
16  50.666666666666664  696
17  93.0  148
18  77.333333333333329  435
19  73.666666666666671  434
20  73.0  448
0  71.333333333333329  762
1  43.666666666666664  981
2  80.0  554
3  61.0  723
4  71.666666666666671  623
5  57.333333333333336  799
6  68.666666666666671  555
7  74.666666666666671  430
8  96.666666666666671  162
9  59.0  405
10  73.333333333333329  647
11  88.666666666666671  188
12  55.666666666666664  655
13  77.666666666666671  417
14  73.333333333333329  563
15  79.0  234
16  84.666666666666671  279
17  79.666666666666671  448
18  78.0  466
19  64.0  494
20  70.666666666666671  442
0  33.0  941
1  60.0  892
2  73.333333333333329  590
3  79.666666666666671  617
4  57.666666666666664  782
5  73.333333333333329  555
6  72.0  463
7  54.0  803
8  62.333333333333336  658
9  72.0  505
10  73.666666666666671  447
11  76.333333333333329  460
12  72.0  482
13  78.0  394
14  86.0  280
15  87.333333333333329  303
16  80.0  173
17  86.333333333333329  177
18  64.0  426
19  80.0  307
20  83.666666666666671  322
0  41.333333333333336  865
1  54.0  809
2  57.666666666666664  1011
3  59.666666666666664  726
4  72.666666666666671  704
5  65.333333333333329  709
6  67.666666666666671  517
7  81.333333333333329  472
8  83.666666666666671  421
9  76.333333333333329  495
10  62.0  627
11  57.333333333333336  396
12  76.333333333333329  469
13  59.666666666666664  436
14  75.333333333333329  435
15  77.333333333333329  495
16  52.666666666666664  500
17  67.666666666666671  455
18  78.333333333333329  345
19  70.333333333333329  285
20  90.333333333333329  217
0  65.333333333333329  785
1  48.333333333333336  768
2  63.666666666666664  692
3  68.666666666666671  724
4  78.333333333333329  676
5  69.666666666666671  608
6  45.333333333333336  658
7  47.666666666666664  902
8  54.0  697
9  44.333333333333336  890
10  70.666666666666671  417
11  76.666666666666671  281
12  67.0  596
13  70.0  505
14  61.333333333333336  426
15  67.666666666666671  483
16  90.666666666666671  317
17  88.666666666666671  204
18  60.0  541
19  76.333333333333329  415
20  75.666666666666671  476
0  38.666666666666664  932
1  65.666666666666671  807
2  66.666666666666671  621
3  69.666666666666671  786
4  59.333333333333336  794
5  51.0  956
6  64.666666666666671  721
7  67.0  640
8  70.333333333333329  650
9  96.0  264
10  80.666666666666671  238
11  82.666666666666671  395
12  77.0  370
13  80.0  368
14  79.666666666666671  415
15  62.666666666666664  518
16  67.666666666666671  279
17  94.0  150
18  73.666666666666671  388
19  59.666666666666664  734
20  72.0  565
0  43.0  942
1  42.666666666666664  991
2  61.0  756
3  53.0  941
4  50.333333333333336  1010
5  58.333333333333336  490
6  71.333333333333329  341
7  61.666666666666664  591
8  71.666666666666671  255
9  65.666666666666671  472
10  46.0  1074
11  71.666666666666671  485
12  55.333333333333336  585
13  69.333333333333329  507
14  69.666666666666671  328
15  58.333333333333336  470
16  66.333333333333329  350
17  53.666666666666664  625
18  84.0  421
19  81.0  315
20  78.0  283
0  66.0  775
1  26.666666666666668  891
2  79.0  708
3  60.0  816
4  70.666666666666671  538
5  78.333333333333329  550
6  94.333333333333329  104
7  68.0  539
8  72.666666666666671  525
9  59.666666666666664  574
10  74.333333333333329  525
11  64.0  532
12  68.333333333333329  612
13  87.666666666666671  183
14  65.333333333333329  433
15  80.666666666666671  309
16  79.666666666666671  237
17  68.333333333333329  235
18  96.666666666666671  132
19  81.0  209
20  64.0  428
0  52.666666666666664  894
1  51.666666666666664  611
2  72.0  823
3  53.666666666666664  645
4  66.0  658
5  63.0  761
6  49.0  661
7  55.666666666666664  789
8  73.666666666666671  554
9  66.666666666666671  444
10  74.333333333333329  673
11  80.333333333333329  525
12  80.666666666666671  552
13  85.333333333333329  242
14  67.666666666666671  354
15  69.333333333333329  590
16  84.0  138
17  83.666666666666671  324
18  57.0  354
19  84.0  323
20  89.666666666666671  154
0  39.333333333333336  853
1  55.333333333333336  723
2  62.333333333333336  831
3  75.333333333333329  624
4  53.666666666666664  629
5  72.333333333333329  710
6  38.666666666666664  771
7  76.666666666666671  507
8  69.333333333333329  684
9  66.666666666666671  565
10  52.0  540
11  75.0  477
12  84.666666666666671  361
13  80.333333333333329  320
14  80.666666666666671  407
15  69.0  467
16  70.666666666666671  415
17  79.666666666666671  327
18  19.0  584
19  74.666666666666671  323
20  86.333333333333329  141
0  44.666666666666664  814
1  64.333333333333329  886
2  88.666666666666671  414
3  73.0  707
4  80.666666666666671  535
5  63.0  660
6  62.333333333333336  776
7  49.0  743
8  72.0  587
9  55.0  763
10  62.333333333333336  522
11  66.333333333333329  603
12  65.0  590
13  47.0  493
14  62.333333333333336  718
15  69.333333333333329  327
16  82.0  450
17  63.666666666666664  489
18  88.666666666666671  199
19  88.333333333333329  280
20  73.0  463
0  63.666666666666664  927
1  48.666666666666664  769
2  47.666666666666664  784
3  52.0  793
4  63.333333333333336  888
5  45.666666666666664  882
6  62.666666666666664  583
7  57.333333333333336  542
8  58.333333333333336  552
9  69.0  540
10  72.333333333333329  536
11  58.0  467
12  79.333333333333329  522
13  56.666666666666664  279
14  76.0  410
15  73.666666666666671  526
16  83.333333333333329  431
17  53.333333333333336  753
18  69.0  285
19  60.666666666666664  565
20  95.0  164
0  29.333333333333332  1061
1  58.0  744
2  57.0  545
3  50.666666666666664  832
4  61.333333333333336  512
5  79.666666666666671  505
6  66.666666666666671  766
7  69.666666666666671  555
8  56.333333333333336  653
9  55.666666666666664  521
10  69.0  817
11  58.333333333333336  510
12  72.0  431
13  62.0  613
14  65.666666666666671  642
15  74.0  397
16  83.666666666666671  284
17  79.0  330
18  82.666666666666671  268
19  61.0  502
20  80.333333333333329  429
0  50.666666666666664  844
1  52.333333333333336  685
2  63.0  733
3  73.333333333333329  535
4  48.333333333333336  718
5  83.0  498
6  72.0  468
7  77.333333333333329  380
8  59.0  797
9  77.0  482
10  63.666666666666664  441
11  58.333333333333336  676
12  80.333333333333329  355
13  66.0  569
14  76.0  396
15  72.333333333333329  452
16  87.0  237
17  71.666666666666671  244
18  95.0  83
19  65.0  635
20  88.666666666666671  257
0  74.0  781
1  38.666666666666664  1089
2  87.0  351
3  55.0  510
4  61.333333333333336  775
5  69.0  749
6  53.666666666666664  692
7  72.666666666666671  607
8  71.666666666666671  728
9  57.0  673
10  71.666666666666671  421
11  66.666666666666671  626
12  76.0  499
13  47.0  536
14  79.333333333333329  502
15  68.666666666666671  408
16  80.0  419
17  82.333333333333329  365
18  87.333333333333329  339
19  77.666666666666671  443
20  83.666666666666671  383
0  41.666666666666664  937
1  53.333333333333336  869
2  47.333333333333336  989
3  65.0  783
4  78.333333333333329  534
5  89.666666666666671  340
6  56.666666666666664  748
7  71.333333333333329  444
8  78.0  549
9  77.0  425
10  51.333333333333336  331
11  72.666666666666671  479
12  86.0  329
13  62.0  634
14  54.0  621
15  74.333333333333329  516
16  64.0  515
17  51.333333333333336  477
18  63.333333333333336  563
19  93.333333333333329  150
20  71.333333333333329  280
0  68.0  827
1  86.666666666666671  493
2  67.666666666666671  750
3  68.666666666666671  664
4  64.0  629
5  65.0  896
6  55.0  825
7  51.666666666666664  735
8  57.333333333333336  645
9  83.0  510
10  62.0  675
11  77.666666666666671  435
12  89.666666666666671  136
13  92.333333333333329  160
14  69.333333333333329  735
15  72.666666666666671  437
16  75.0  455
17  83.666666666666671  446
18  89.333333333333329  243
19  86.333333333333329  96
20  59.333333333333336  665
0  71.0  685
1  28.666666666666668  859
2  45.333333333333336  788
3  71.0  774
4  74.0  762
5  60.333333333333336  607
6  79.333333333333329  508
7  71.333333333333329  568
8  83.333333333333329  450
9  65.333333333333329  644
10  68.333333333333329  598
11  49.333333333333336  359
12  79.0  317
13  88.0  367
14  63.333333333333336  491
15  63.666666666666664  398
16  84.0  326
17  94.0  139
18  74.666666666666671  288
19  74.333333333333329  504
20  79.666666666666671  309
0  15.0  744
1  57.666666666666664  762
2  67.333333333333329  784
3  70.666666666666671  549
4  62.333333333333336  703
5  92.333333333333329  260
6  36.666666666666664  828
7  75.666666666666671  398
8  78.666666666666671  432
9  73.0  644
10  80.333333333333329  495
11  65.666666666666671  558
12  81.333333333333329  455
13  83.333333333333329  493
14  75.333333333333329  449
15  89.666666666666671  187
16  78.666666666666671  399
17  91.666666666666671  232
18  71.666666666666671  434
19  89.666666666666671  236
20  85.666666666666671  130
0  50.0  620
1  53.0  955
2  63.333333333333336  809
3  47.666666666666664  953
4  73.666666666666671  747
5  70.0  530
6  60.666666666666664  570
7  48.666666666666664  734
8  78.333333333333329  520
9  65.666666666666671  627
10  78.0  594
11  81.666666666666671  667
12  51.666666666666664  679
13  61.0  733
14  81.0  384
15  68.666666666666671  517
16  61.333333333333336  393
17  72.666666666666671  377
18  68.333333333333329  386
19  63.666666666666664  648
20  79.333333333333329  491
0  54.333333333333336  718
1  56.0  797
2  69.333333333333329  734
3  75.0  646
4  60.333333333333336  700
5  64.666666666666671  629
6  87.333333333333329  352
7  80.0  425
8  73.333333333333329  451
9  87.666666666666671  361
10  82.0  579
11  65.666666666666671  553
12  68.0  516
13  87.666666666666671  241
14  73.666666666666671  535
15  78.0  412
16  73.0  532
17  79.333333333333329  399
18  79.333333333333329  453
19  72.333333333333329  204
20  82.333333333333329  371
0  51.333333333333336  939
1  54.666666666666664  745
2  55.333333333333336  759
3  60.0  869
4  77.333333333333329  666
5  48.0  961
6  51.0  590
7  54.666666666666664  714
8  63.333333333333336  736
9  75.666666666666671  333
10  47.333333333333336  695
11  70.666666666666671  467
12  77.333333333333329  528
13  82.0  283
14  90.666666666666671  195
15  52.333333333333336  639
16  71.333333333333329  356
17  58.0  397
18  57.666666666666664  606
19  74.333333333333329  392
20  88.666666666666671  203
0  58.0  863
1  60.666666666666664  995
2  71.666666666666671  549
3  54.666666666666664  792
4  61.333333333333336  715
5  83.333333333333329  387
6  55.0  495
7  54.666666666666664  657
8  61.333333333333336  481
9  66.666666666666671  541
10  77.666666666666671  498
11  61.333333333333336  451
12  67.666666666666671  396
13  73.666666666666671  303
14  78.0  313
15  86.333333333333329  296
16  74.0  381
17  73.0  394
18  82.333333333333329  306
19  83.333333333333329  259
20  94.0  178
0  46.0  1157
1  43.333333333333336  771
2  60.333333333333336  830
3  42.0  956
4  68.0  774
5  59.0  768
6  57.333333333333336  848
7  76.0  489
8  60.0  749
9  90.666666666666671  214
10  59.666666666666664  656
11  75.666666666666671  521
12  76.333333333333329  268
13  61.333333333333336  462
14  64.666666666666671  447
15  85.333333333333329  308
16  51.666666666666664  632
17  84.666666666666671  333
18  67.666666666666671  502
19  79.666666666666671  386
20  78.666666666666671  378
0  39.666666666666664  969
1  51.333333333333336  838
2  43.333333333333336  950
3  77.333333333333329  672
4  38.333333333333336  767
5  55.333333333333336  884
6  74.0  532
7  56.0  719
8  53.666666666666664  555
9  46.0  761
10  84.333333333333329  322
11  55.0  578
12  47.666666666666664  826
13  67.666666666666671  506
14  95.666666666666671  145
15  75.333333333333329  199
16  83.333333333333329  316
17  77.0  321
18  76.666666666666671  410
19  85.666666666666671  215
20  87.333333333333329  278
0  45.0  828
1  66.666666666666671  986
2  59.666666666666664  728
3  64.0  915
4  73.0  675
5  57.666666666666664  687
6  50.666666666666664  852
7  41.666666666666664  813
8  68.666666666666671  609
9  81.666666666666671  413
10  70.0  566
11  91.0  214
12  74.666666666666671  616
13  76.333333333333329  482
14  76.0  427
15  77.333333333333329  523
16  64.333333333333329  474
17  53.0  408
18  97.0  80
19  75.333333333333329  287
20  63.333333333333336  368
0  42.333333333333336  1021
1  57.0  1366
2  66.0  649
3  84.333333333333329  566
4  67.0  658
5  74.333333333333329  515
6  74.666666666666671  554
7  65.0  827
8  76.333333333333329  465
9  68.333333333333329  503
10  63.666666666666664  545
11  58.333333333333336  584
12  83.0  409
13  77.0  503
14  68.0  595
15  79.666666666666671  429
16  79.666666666666671  281
17  78.0  345
18  46.333333333333336  609
19  83.0  366
20  78.666666666666671  488
0  65.666666666666671  918
1  57.333333333333336  847
2  50.0  633
3  44.333333333333336  893
4  84.666666666666671  496
5  46.666666666666664  532
6  83.333333333333329  399
7  58.333333333333336  623
8  55.666666666666664  519
9  72.0  528
10  66.0  291
11  72.666666666666671  544
12  63.0  611
13  68.0  373
14  72.0  558
15  61.333333333333336  595
16  75.0  424
17  65.0  509
18  64.0  505
19  78.333333333333329  349
20  79.0  361
0  27.666666666666668  938
1  64.333333333333329  788
2  79.333333333333329  573
3  73.666666666666671  523
4  43.0  735
5  70.333333333333329  664
6  74.666666666666671  638
7  78.333333333333329  427
8  66.333333333333329  506
9  57.333333333333336  599
10  96.666666666666671  152
11  75.666666666666671  552
12  84.666666666666671  253
13  81.666666666666671  386
14  75.666666666666671  477
15  84.666666666666671  347
16  83.0  203
17  92.333333333333329  202
18  76.333333333333329  380
19  70.666666666666671  409
20  69.0  345
0  48.333333333333336  755
1  58.666666666666664  772
2  51.666666666666664  889
3  68.333333333333329  384
4  48.666666666666664  791
5  71.0  634
6  73.333333333333329  671
7  70.0  608
8  65.333333333333329  564
9  59.333333333333336  755
10  85.0  485
11  78.0  328
12  88.0  272
13  59.333333333333336  545
14  54.666666666666664  717
15  66.333333333333329  657
16  84.333333333333329  255
17  67.0  301
18  82.0  419
19  85.333333333333329  288
20  77.333333333333329  449
0  58.333333333333336  699
1  80.0  609
2  27.666666666666668  962
3  63.333333333333336  611
4  39.333333333333336  891
5  43.333333333333336  893
6  61.0  737
7  67.333333333333329  551
8  70.333333333333329  543
9  79.666666666666671  429
10  74.333333333333329  465
11  68.0  665
12  68.666666666666671  598
13  90.666666666666671  183
14  82.666666666666671  322
15  74.333333333333329  386
16  98.0  106
17  72.333333333333329  477
18  70.666666666666671  494
19  86.666666666666671  340
20  71.0  587
0  62.0  852
1  60.333333333333336  914
2  57.333333333333336  761
3  67.666666666666671  602
4  43.666666666666664  909
5  50.333333333333336  777
6  75.666666666666671  425
7  82.0  464
8  62.0  654
9  63.333333333333336  581
10  63.0  703
11  54.0  618
12  72.0  406
13  63.333333333333336  566
14  78.666666666666671  480
15  77.0  427
16  78.333333333333329  460
17  78.333333333333329  451
18  68.333333333333329  464
19  79.333333333333329  305
20  69.666666666666671  345
0  66.0  924
1  61.333333333333336  792
2  52.0  555
3  61.666666666666664  751
4  63.666666666666664  435
5  61.666666666666664  687
6  75.0  586
7  66.0  605
8  76.333333333333329  500
9  84.666666666666671  328
10  76.666666666666671  612
11  86.333333333333329  447
12  85.0  365
13  67.333333333333329  462
14  95.666666666666671  126
15  78.666666666666671  278
16  80.666666666666671  267
17  70.0  209
18  76.0  487
19  80.333333333333329  340
20  91.666666666666671  206
0  37.333333333333336  1102
1  60.333333333333336  758
2  53.666666666666664  785
3  62.333333333333336  890
4  58.333333333333336  560
5  88.333333333333329  346
6  61.0  795
7  69.0  605
8  74.666666666666671  490
9  85.0  333
10  71.0  612
11  46.0  495
12  75.333333333333329  602
13  62.666666666666664  393
14  75.666666666666671  311
15  86.333333333333329  254
16  79.333333333333329  311
17  70.333333333333329  450
18  62.666666666666664  483
19  73.666666666666671  406
20  94.666666666666671  54
