0  31.0  366
1  28.0  550
2  43.0  428
3  69.0  304
4  21.0  554
5  29.0  237
6  65.0  249
7  72.0  248
8  62.0  443
9  30.0  402
10  33.0  247
11  38.0  231
12  30.0  288
13  93.0  148
14  58.0  167
15  82.0  189
16  83.0  72
17  85.0  143
18  85.0  178
19  79.0  169
20  65.0  283
0  51.0  408
1  40.0  367
2  29.0  304
3  21.0  305
4  61.0  420
5  70.0  218
6  35.0  373
7  65.0  315
8  93.0  99
9  71.0  244
10  50.0  335
11  79.0  226
12  57.0  335
13  78.0  217
14  76.0  207
15  97.0  32
16  80.0  204
17  68.0  33
18  70.0  276
19  43.0  135
20  93.0  98
0  54.0  337
1  63.0  294
2  34.0  195
3  50.0  423
4  63.0  372
5  65.0  304
6  37.0  227
7  36.0  314
8  26.0  511
9  70.0  413
10  90.0  113
11  52.0  385
12  52.0  205
13  73.0  152
14  81.0  128
15  79.0  200
16  67.0  293
17  83.0  221
18  22.0  209
19  60.0  225
20  53.0  241
0  45.0  451
1  36.0  238
2  63.0  497
3  36.0  266
4  73.0  378
5  84.0  296
6  52.0  270
7  75.0  280
8  64.0  363
9  74.0  264
10  54.0  354
11  78.0  289
12  91.0  76
13  77.0  104
14  67.0  285
15  82.0  160
16  17.0  197
17  76.0  303
18  66.0  198
19  85.0  159
20  65.0  193
0  76.0  406
1  54.0  395
2  57.0  338
3  53.0  241
4  74.0  341
5  49.0  182
6  91.0  96
7  35.0  436
8  46.0  231
9  66.0  250
10  55.0  495
11  55.0  329
12  76.0  205
13  61.0  350
14  67.0  213
15  53.0  201
16  50.0  120
17  50.0  201
18  75.0  181
19  60.0  256
20  82.0  99
0  41.0  403
1  51.0  255
2  65.0  368
3  84.0  238
4  60.0  350
5  64.0  308
6  61.0  159
7  58.0  318
8  49.0  239
9  59.0  306
10  64.0  297
11  45.0  389
12  58.0  307
13  80.0  198
14  57.0  268
15  92.0  109
16  80.0  225
17  76.0  227
18  79.0  155
19  83.0  181
20  81.0  290
0  58.0  574
1  30.0  562
2  53.0  325
3  79.0  276
4  60.0  322
5  24.0  332
6  55.0  223
7  79.0  192
8  92.0  155
9  42.0  274
10  60.0  305
11  66.0  172
12  52.0  213
13  28.0  386
14  67.0  253
15  90.0  204
16  28.0  265
17  77.0  179
18  83.0  164
19  94.0  78
20  73.0  226
0  43.0  280
1  60.0  405
2  44.0  182
3  37.0  266
4  30.0  443
5  73.0  242
6  85.0  169
7  62.0  252
8  62.0  240
9  66.0  333
10  36.0  207
11  97.0  67
12  78.0  173
13  74.0  157
14  69.0  283
15  91.0  48
16  67.0  146
17  43.0  275
18  56.0  247
19  82.0  79
20  81.0  85
0  30.0  305
1  68.0  368
2  66.0  323
3  47.0  297
4  69.0  304
5  36.0  344
6  72.0  281
7  63.0  442
8  33.0  308
9  74.0  215
10  51.0  286
11  79.0  270
12  34.0  310
13  90.0  140
14  86.0  158
15  80.0  207
16  36.0  154
17  71.0  256
18  85.0  199
19  77.0  215
20  92.0  131
0  27.0  410
1  70.0  387
2  46.0  416
3  53.0  328
4  90.0  186
5  75.0  241
6  46.0  365
7  18.0  303
8  72.0  297
9  64.0  229
10  75.0  200
11  68.0  269
12  51.0  462
13  84.0  144
14  54.0  365
15  13.0  202
16  93.0  95
17  48.0  242
18  94.0  110
19  60.0  298
20  93.0  132
0  60.0  329
1  58.0  354
2  59.0  377
3  54.0  431
4  77.0  262
5  59.0  435
6  61.0  426
7  34.0  415
8  76.0  127
9  62.0  187
10  93.0  84
11  51.0  270
12  46.0  349
13  28.0  154
14  70.0  276
15  85.0  183
16  72.0  128
17  55.0  374
18  84.0  209
19  78.0  114
20  55.0  250
0  18.0  535
1  52.0  269
2  68.0  368
3  46.0  580
4  54.0  322
5  77.0  166
6  95.0  55
7  79.0  161
8  67.0  289
9  86.0  139
10  56.0  200
11  52.0  344
12  50.0  209
13  47.0  400
14  76.0  290
15  33.0  311
16  85.0  174
17  65.0  320
18  91.0  125
19  74.0  217
20  83.0  224
0  6.0  292
1  29.0  293
2  24.0  441
3  35.0  425
4  39.0  405
5  69.0  270
6  55.0  354
7  76.0  152
8  65.0  291
9  70.0  232
10  42.0  230
11  49.0  276
12  58.0  377
13  88.0  128
14  87.0  83
15  84.0  143
16  49.0  248
17  95.0  46
18  36.0  234
19  97.0  27
20  83.0  284
0  32.0  408
1  30.0  512
2  50.0  442
3  42.0  329
4  60.0  267
5  61.0  396
6  48.0  274
7  30.0  404
8  14.0  165
9  43.0  316
10  60.0  406
11  79.0  25
12  81.0  259
13  40.0  408
14  69.0  222
15  60.0  300
16  76.0  117
17  95.0  76
18  71.0  230
19  76.0  184
20  90.0  95
0  54.0  453
1  63.0  286
2  40.0  240
3  93.0  166
4  45.0  292
5  57.0  252
6  51.0  352
7  97.0  37
8  55.0  236
9  72.0  249
10  81.0  49
11  75.0  193
12  70.0  236
13  39.0  469
14  68.0  134
15  57.0  51
16  95.0  83
17  21.0  338
18  47.0  393
19  97.0  26
20  81.0  121
0  30.0  421
1  63.0  431
2  72.0  227
3  88.0  71
4  36.0  465
5  65.0  423
6  60.0  354
7  30.0  322
8  84.0  252
9  63.0  403
10  32.0  247
11  59.0  285
12  16.0  140
13  76.0  136
14  89.0  90
15  72.0  216
16  70.0  249
17  59.0  260
18  44.0  143
19  67.0  354
20  88.0  151
0  16.0  203
1  39.0  481
2  39.0  391
3  37.0  362
4  73.0  365
5  65.0  294
6  88.0  159
7  46.0  423
8  80.0  188
9  62.0  301
10  76.0  220
11  35.0  310
12  48.0  291
13  27.0  371
14  79.0  144
15  66.0  355
16  97.0  73
17  69.0  235
18  75.0  121
19  95.0  85
20  83.0  160
0  87.0  296
1  50.0  301
2  13.0  344
3  58.0  387
4  77.0  294
5  50.0  296
6  54.0  365
7  78.0  252
8  70.0  230
9  53.0  344
10  39.0  242
11  70.0  239
12  87.0  196
13  80.0  228
14  74.0  247
15  57.0  300
16  45.0  180
17  66.0  252
18  71.0  172
19  81.0  90
20  90.0  158
0  48.0  281
1  25.0  260
2  80.0  206
3  58.0  366
4  64.0  222
5  67.0  345
6  80.0  213
7  68.0  267
8  66.0  273
9  54.0  216
10  80.0  257
11  78.0  117
12  68.0  255
13  88.0  151
14  49.0  315
15  70.0  224
16  73.0  154
17  97.0  26
18  19.0  198
19  94.0  95
20  69.0  338
0  40.0  316
1  45.0  563
2  57.0  386
3  72.0  373
4  36.0  451
5  80.0  331
6  39.0  275
7  66.0  322
8  52.0  207
9  71.0  346
10  82.0  212
11  79.0  198
12  64.0  365
13  96.0  79
14  80.0  151
15  54.0  212
16  83.0  145
17  94.0  68
18  75.0  228
19  74.0  211
20  61.0  268
0  40.0  583
1  75.0  338
2  78.0  358
3  55.0  461
4  83.0  220
5  65.0  142
6  90.0  211
7  55.0  276
8  68.0  258
9  94.0  138
10  70.0  185
11  44.0  275
12  88.0  160
13  74.0  142
14  62.0  347
15  68.0  240
16  84.0  145
17  60.0  202
18  97.0  39
19  87.0  148
20  95.0  53
0  56.0  462
1  47.0  362
2  50.0  375
3  50.0  408
4  73.0  259
5  42.0  584
6  76.0  318
7  21.0  396
8  70.0  278
9  72.0  339
10  97.0  41
11  46.0  300
12  34.0  302
13  71.0  280
14  64.0  249
15  39.0  299
16  72.0  290
17  69.0  269
18  67.0  293
19  74.0  241
20  91.0  192
0  83.0  266
1  72.0  299
2  47.0  373
3  41.0  379
4  93.0  195
5  50.0  442
6  28.0  371
7  85.0  112
8  53.0  412
9  85.0  212
10  61.0  127
11  69.0  353
12  65.0  398
13  73.0  183
14  77.0  277
15  70.0  251
16  46.0  210
17  92.0  176
18  84.0  70
19  84.0  200
20  63.0  246
0  19.0  256
1  84.0  267
2  43.0  342
3  33.0  234
4  57.0  353
5  67.0  356
6  81.0  186
7  70.0  210
8  95.0  72
9  73.0  289
10  68.0  294
11  57.0  361
12  54.0  304
13  69.0  276
14  85.0  257
15  79.0  217
16  63.0  246
17  94.0  89
18  75.0  322
19  92.0  121
20  82.0  114
0  52.0  416
1  30.0  540
2  36.0  342
3  66.0  303
4  59.0  342
5  60.0  337
6  31.0  211
7  81.0  236
8  77.0  291
9  58.0  315
10  92.0  178
11  79.0  83
12  33.0  346
13  80.0  174
14  54.0  119
15  34.0  308
16  62.0  415
17  47.0  295
18  87.0  216
19  68.0  273
20  80.0  208
0  41.0  443
1  65.0  388
2  49.0  317
3  83.0  184
4  34.0  489
5  58.0  374
6  16.0  419
7  69.0  274
8  36.0  353
9  27.0  346
10  64.0  200
11  77.0  187
12  68.0  229
13  82.0  250
14  65.0  128
15  53.0  217
16  77.0  48
17  81.0  169
18  79.0  231
19  33.0  173
20  68.0  132
0  38.0  285
1  74.0  259
2  27.0  325
3  34.0  480
4  63.0  346
5  31.0  187
6  42.0  483
7  95.0  66
8  45.0  317
9  83.0  200
10  35.0  406
11  58.0  186
12  79.0  130
13  75.0  127
14  74.0  256
15  77.0  228
16  91.0  85
17  78.0  315
18  64.0  183
19  82.0  157
20  18.0  173
0  35.0  473
1  34.0  308
2  63.0  357
3  31.0  434
4  70.0  285
5  81.0  279
6  35.0  190
7  81.0  213
8  90.0  139
9  97.0  34
10  88.0  106
11  65.0  112
12  60.0  333
13  59.0  238
14  67.0  175
15  71.0  274
16  59.0  245
17  73.0  207
18  90.0  108
19  80.0  142
20  97.0  72
0  62.0  408
1  56.0  376
2  52.0  203
3  76.0  295
4  26.0  454
5  41.0  326
6  60.0  353
7  73.0  259
8  96.0  61
9  43.0  280
10  84.0  213
11  66.0  248
12  67.0  226
13  44.0  283
14  55.0  136
15  79.0  231
16  67.0  201
17  87.0  80
18  91.0  131
19  55.0  263
20  73.0  280
0  15.0  310
1  51.0  456
2  82.0  249
3  81.0  212
4  35.0  257
5  67.0  388
6  25.0  187
7  47.0  309
8  88.0  200
9  56.0  209
10  56.0  306
11  77.0  257
12  64.0  383
13  74.0  303
14  95.0  94
15  81.0  289
16  89.0  28
17  67.0  149
18  65.0  242
19  93.0  80
20  75.0  103
0  20.0  234
1  20.0  578
2  49.0  164
3  80.0  344
4  32.0  323
5  77.0  281
6  83.0  86
7  70.0  271
8  49.0  410
9  60.0  200
10  53.0  224
11  29.0  309
12  81.0  126
13  77.0  219
14  77.0  175
15  72.0  337
16  60.0  237
17  97.0  59
18  81.0  174
19  81.0  266
20  80.0  193
0  61.0  432
1  42.0  257
2  71.0  420
3  32.0  224
4  51.0  464
5  56.0  328
6  62.0  367
7  45.0  358
8  34.0  235
9  48.0  292
10  52.0  277
11  47.0  206
12  82.0  226
13  75.0  265
14  67.0  132
15  69.0  252
16  77.0  197
17  91.0  86
18  81.0  200
19  44.0  95
20  59.0  211
0  54.0  354
1  60.0  481
2  21.0  201
3  35.0  267
4  46.0  424
5  87.0  230
6  77.0  372
7  37.0  393
8  46.0  343
9  59.0  180
10  62.0  306
11  44.0  374
12  71.0  322
13  75.0  188
14  62.0  372
15  70.0  350
16  68.0  298
17  76.0  91
18  81.0  85
19  38.0  275
20  54.0  429
0  67.0  238
1  23.0  486
2  77.0  346
3  56.0  294
4  55.0  291
5  46.0  330
6  71.0  217
7  71.0  349
8  90.0  284
9  56.0  357
10  83.0  257
11  75.0  95
12  66.0  91
13  63.0  233
14  94.0  74
15  96.0  33
16  51.0  290
17  65.0  232
18  70.0  73
19  76.0  225
20  91.0  70
0  52.0  488
1  63.0  431
2  87.0  306
3  81.0  304
4  33.0  315
5  43.0  340
6  43.0  304
7  33.0  385
8  82.0  205
9  64.0  242
10  71.0  160
11  62.0  266
12  40.0  248
13  88.0  207
14  55.0  293
15  90.0  103
16  56.0  139
17  73.0  236
18  97.0  77
19  81.0  161
20  71.0  179
0  41.0  498
1  53.0  318
2  48.0  295
3  42.0  476
4  35.0  272
5  72.0  403
6  73.0  245
7  63.0  263
8  87.0  108
9  78.0  202
10  38.0  246
11  92.0  112
12  56.0  305
13  97.0  41
14  39.0  217
15  90.0  42
16  73.0  308
17  97.0  22
18  79.0  229
19  91.0  153
20  92.0  102
0  35.0  445
1  55.0  372
2  53.0  398
3  67.0  301
4  59.0  498
5  42.0  249
6  58.0  385
7  66.0  175
8  33.0  370
9  73.0  175
10  97.0  45
11  91.0  78
12  74.0  250
13  53.0  223
14  53.0  280
15  74.0  225
16  75.0  212
17  66.0  219
18  63.0  274
19  83.0  133
20  62.0  79
0  24.0  290
1  29.0  393
2  31.0  578
3  64.0  131
4  44.0  484
5  43.0  484
6  59.0  342
7  34.0  554
8  29.0  368
9  41.0  374
10  87.0  202
11  75.0  265
12  78.0  149
13  73.0  322
14  90.0  119
15  44.0  243
16  55.0  292
17  67.0  310
18  83.0  150
19  89.0  129
20  71.0  212
0  16.0  435
1  50.0  264
2  56.0  344
3  35.0  390
4  42.0  390
5  60.0  335
6  55.0  233
7  76.0  304
8  69.0  353
9  80.0  296
10  47.0  271
11  76.0  303
12  55.0  382
13  68.0  134
14  84.0  112
15  85.0  209
16  82.0  95
17  69.0  265
18  62.0  215
19  86.0  238
20  69.0  190
0  53.0  393
1  43.0  429
2  52.0  304
3  49.0  386
4  61.0  332
5  11.0  331
6  85.0  133
7  35.0  310
8  35.0  277
9  80.0  216
10  92.0  103
11  85.0  35
12  67.0  259
13  85.0  202
14  68.0  238
15  41.0  232
16  83.0  202
17  27.0  177
18  34.0  212
19  59.0  105
20  89.0  168
0  28.0  261
1  42.0  353
2  55.0  402
3  46.0  330
4  28.0  348
5  42.0  483
6  82.0  227
7  45.0  153
8  67.0  282
9  11.0  252
10  75.0  226
11  55.0  279
12  77.0  190
13  36.0  153
14  81.0  222
15  88.0  123
16  49.0  324
17  71.0  239
18  89.0  134
19  66.0  220
20  73.0  266
0  33.0  381
1  27.0  333
2  56.0  340
3  46.0  283
4  45.0  243
5  91.0  227
6  57.0  261
7  54.0  256
8  42.0  305
9  79.0  92
10  69.0  311
11  62.0  238
12  82.0  239
13  59.0  235
14  64.0  281
15  66.0  276
16  79.0  229
17  96.0  65
18  72.0  92
19  93.0  81
20  78.0  131
0  72.0  324
1  43.0  316
2  83.0  217
3  67.0  286
4  49.0  365
5  42.0  341
6  39.0  116
7  43.0  255
8  96.0  45
9  27.0  562
10  56.0  327
11  91.0  124
12  78.0  341
13  92.0  94
14  68.0  181
15  77.0  260
16  75.0  279
17  65.0  82
18  84.0  177
19  49.0  238
20  87.0  188
0  36.0  353
1  55.0  324
2  61.0  315
3  45.0  435
4  16.0  286
5  56.0  334
6  34.0  251
7  66.0  196
8  76.0  141
9  37.0  387
10  89.0  101
11  60.0  118
12  94.0  99
13  46.0  290
14  85.0  203
15  68.0  254
16  58.0  266
17  66.0  335
18  84.0  163
19  78.0  155
20  33.0  141
0  38.0  350
1  65.0  405
2  73.0  371
3  62.0  320
4  71.0  325
5  85.0  118
6  64.0  251
7  50.0  435
8  75.0  235
9  87.0  177
10  63.0  214
11  67.0  309
12  68.0  234
13  58.0  320
14  86.0  130
15  91.0  68
16  92.0  101
17  77.0  119
18  91.0  180
19  64.0  156
20  72.0  195
0  53.0  286
1  62.0  283
2  57.0  343
3  71.0  336
4  70.0  237
5  10.0  232
6  38.0  316
7  77.0  287
8  42.0  491
9  82.0  50
10  86.0  134
11  92.0  135
12  63.0  300
13  93.0  86
14  87.0  173
15  56.0  415
16  73.0  265
17  75.0  243
18  81.0  154
19  55.0  233
20  52.0  265
0  7.0  481
1  40.0  336
2  30.0  438
3  82.0  250
4  58.0  321
5  45.0  177
6  87.0  176
7  63.0  267
8  76.0  248
9  64.0  268
10  77.0  176
11  34.0  249
12  41.0  505
13  48.0  270
14  84.0  94
15  72.0  176
16  49.0  347
17  30.0  243
18  78.0  177
19  60.0  128
20  77.0  176
0  86.0  288
1  57.0  468
2  24.0  369
3  39.0  435
4  10.0  230
5  59.0  323
6  63.0  341
7  49.0  93
8  88.0  42
9  54.0  416
10  69.0  219
11  81.0  116
12  56.0  414
13  64.0  270
14  66.0  165
15  70.0  243
16  79.0  172
17  69.0  309
18  72.0  253
19  81.0  168
20  49.0  358
0  65.0  383
1  42.0  349
2  43.0  420
3  56.0  356
4  36.0  401
5  68.0  380
6  70.0  323
7  73.0  268
8  20.0  214
9  92.0  126
10  97.0  30
11  73.0  162
12  90.0  91
13  83.0  136
14  60.0  352
15  83.0  162
16  60.0  383
17  51.0  304
18  45.0  161
19  52.0  329
20  39.0  276
0  0.0  131
1  82.0  303
2  62.0  385
3  49.0  382
4  30.0  265
5  63.0  135
6  43.0  180
7  93.0  137
8  76.0  209
9  74.0  209
10  86.0  263
11  64.0  243
12  66.0  210
13  75.0  334
14  80.0  188
15  66.0  370
16  85.0  111
17  62.0  266
18  64.0  260
19  70.0  276
20  75.0  184
0  58.0  460
1  41.0  387
2  45.0  402
3  66.0  272
4  42.0  226
5  71.0  423
6  53.0  360
7  82.0  264
8  49.0  396
9  58.0  340
10  51.0  336
11  81.0  219
12  38.0  371
13  71.0  150
14  92.0  116
15  78.0  195
16  68.0  110
17  86.0  137
18  79.0  176
19  71.0  309
20  91.0  101
0  60.0  271
1  47.0  376
2  15.0  288
3  84.0  239
4  46.0  441
5  61.0  456
6  63.0  277
7  54.0  234
8  92.0  108
9  71.0  272
10  42.0  312
11  88.0  161
12  88.0  272
13  55.0  285
14  96.0  49
15  89.0  99
16  63.0  229
17  97.0  37
18  77.0  141
19  77.0  230
20  87.0  52
0  54.0  556
1  49.0  489
2  38.0  352
3  32.0  303
4  81.0  233
5  46.0  421
6  81.0  237
7  66.0  263
8  79.0  191
9  92.0  80
10  57.0  290
11  63.0  144
12  50.0  340
13  59.0  61
14  70.0  91
15  80.0  240
16  68.0  346
17  76.0  239
18  81.0  177
19  88.0  164
20  68.0  228
0  44.0  421
1  30.0  446
2  45.0  377
3  75.0  208
4  38.0  626
5  77.0  215
6  31.0  209
7  34.0  278
8  48.0  249
9  53.0  368
10  83.0  155
11  76.0  272
12  33.0  301
13  80.0  318
14  76.0  299
15  80.0  236
16  83.0  211
17  44.0  219
18  59.0  245
19  94.0  76
20  55.0  243
0  47.0  451
1  63.0  352
2  50.0  456
3  69.0  344
4  50.0  351
5  40.0  340
6  48.0  377
7  59.0  245
8  68.0  159
9  37.0  288
10  77.0  211
11  52.0  439
12  55.0  265
13  61.0  306
14  46.0  484
15  81.0  170
16  77.0  118
17  94.0  70
18  81.0  161
19  96.0  56
20  61.0  311
0  30.0  355
1  61.0  336
2  38.0  381
3  48.0  305
4  49.0  350
5  59.0  239
6  74.0  344
7  74.0  161
8  41.0  388
9  59.0  253
10  38.0  480
11  56.0  403
12  44.0  227
13  91.0  101
14  97.0  44
15  79.0  233
16  85.0  211
17  96.0  52
18  73.0  284
19  30.0  295
20  88.0  102
0  36.0  482
1  38.0  331
2  56.0  333
3  59.0  430
4  40.0  261
5  67.0  386
6  56.0  191
7  97.0  58
8  29.0  245
9  50.0  394
10  62.0  179
11  75.0  251
12  51.0  152
13  63.0  178
14  70.0  274
15  53.0  203
16  89.0  136
17  36.0  300
18  54.0  185
19  91.0  120
20  81.0  215
0  35.0  549
1  44.0  336
2  18.0  175
3  71.0  246
4  71.0  360
5  35.0  467
6  88.0  122
7  46.0  360
8  80.0  291
9  69.0  318
10  63.0  227
11  49.0  438
12  37.0  311
13  95.0  48
14  61.0  272
15  28.0  277
16  91.0  97
17  62.0  259
18  85.0  161
19  86.0  95
20  71.0  154
0  61.0  518
1  64.0  331
2  34.0  375
3  55.0  329
4  45.0  379
5  58.0  340
6  49.0  343
7  69.0  261
8  57.0  296
9  70.0  239
10  61.0  278
11  63.0  205
12  32.0  360
13  60.0  387
14  86.0  185
15  80.0  212
16  70.0  317
17  89.0  209
18  81.0  279
19  43.0  70
20  89.0  159
0  40.0  467
1  40.0  383
2  20.0  409
3  57.0  431
4  29.0  302
5  82.0  330
6  52.0  266
7  30.0  269
8  30.0  326
9  72.0  238
10  49.0  270
11  75.0  193
12  84.0  182
13  77.0  221
14  79.0  223
15  77.0  182
16  61.0  278
17  47.0  217
18  69.0  191
19  72.0  94
20  81.0  187
0  18.0  402
1  45.0  488
2  30.0  251
3  64.0  292
4  38.0  207
5  47.0  377
6  68.0  301
7  18.0  219
8  97.0  45
9  71.0  243
10  78.0  131
11  78.0  246
12  75.0  208
13  43.0  373
14  59.0  327
15  68.0  226
16  81.0  137
17  13.0  311
18  90.0  101
19  56.0  101
20  52.0  163
0  20.0  369
1  61.0  332
2  67.0  214
3  56.0  344
4  41.0  312
5  61.0  372
6  78.0  260
7  37.0  236
8  88.0  141
9  28.0  238
10  29.0  372
11  58.0  179
12  26.0  207
13  26.0  458
14  94.0  74
15  64.0  121
16  89.0  88
17  53.0  171
18  50.0  299
19  5.0  293
20  80.0  252
0  50.0  421
1  17.0  96
2  23.0  316
3  63.0  162
4  50.0  287
5  68.0  312
6  79.0  328
7  84.0  119
8  64.0  315
9  38.0  241
10  54.0  375
11  70.0  247
12  92.0  134
13  86.0  78
14  75.0  131
15  69.0  302
16  83.0  88
17  65.0  245
18  39.0  209
19  76.0  132
20  65.0  165
0  23.0  305
1  53.0  333
2  49.0  296
3  80.0  241
4  50.0  430
5  61.0  242
6  29.0  254
7  47.0  328
8  88.0  185
9  81.0  147
10  55.0  231
11  91.0  65
12  38.0  224
13  93.0  98
14  67.0  293
15  57.0  314
16  88.0  175
17  93.0  109
18  67.0  199
19  85.0  181
20  56.0  169
0  17.0  536
1  51.0  344
2  50.0  285
3  42.0  335
4  59.0  323
5  37.0  444
6  30.0  145
7  40.0  232
8  67.0  357
9  81.0  229
10  63.0  238
11  39.0  297
12  80.0  254
13  94.0  135
14  66.0  278
15  86.0  115
16  90.0  161
17  74.0  264
18  77.0  293
19  84.0  96
20  92.0  117
0  39.0  389
1  78.0  312
2  72.0  335
3  46.0  455
4  43.0  347
5  62.0  363
6  43.0  295
7  92.0  96
8  72.0  174
9  47.0  241
10  66.0  251
11  22.0  285
12  16.0  222
13  47.0  316
14  97.0  50
15  66.0  297
16  43.0  96
17  39.0  262
18  82.0  168
19  72.0  142
20  93.0  74
0  47.0  365
1  41.0  368
2  45.0  474
3  42.0  482
4  52.0  235
5  48.0  477
6  46.0  364
7  53.0  345
8  28.0  355
9  31.0  274
10  53.0  310
11  73.0  159
12  54.0  286
13  67.0  382
14  97.0  46
15  78.0  284
16  64.0  174
17  83.0  224
18  47.0  120
19  50.0  194
20  82.0  108
0  39.0  452
1  68.0  330
2  52.0  458
3  88.0  112
4  52.0  383
5  40.0  326
6  97.0  43
7  66.0  313
8  49.0  484
9  91.0  95
10  45.0  262
11  91.0  142
12  68.0  211
13  64.0  146
14  41.0  281
15  74.0  197
16  58.0  219
17  55.0  293
18  90.0  103
19  84.0  188
20  97.0  8
0  40.0  395
1  55.0  478
2  39.0  486
3  79.0  277
4  48.0  438
5  32.0  489
6  74.0  253
7  67.0  264
8  52.0  427
9  13.0  223
10  80.0  120
11  45.0  249
12  71.0  267
13  72.0  256
14  97.0  38
15  82.0  47
16  70.0  210
17  92.0  53
18  5.0  475
19  73.0  257
20  92.0  130
0  40.0  381
1  11.0  553
2  36.0  374
3  74.0  326
4  40.0  326
5  38.0  322
6  50.0  434
7  44.0  441
8  22.0  452
9  34.0  327
10  80.0  354
11  69.0  320
12  66.0  335
13  80.0  283
14  76.0  232
15  87.0  193
16  87.0  126
17  91.0  146
18  81.0  232
19  85.0  104
20  62.0  144
0  37.0  352
1  56.0  282
2  66.0  303
3  23.0  310
4  70.0  327
5  59.0  518
6  81.0  292
7  60.0  207
8  71.0  334
9  62.0  233
10  50.0  238
11  58.0  162
12  90.0  132
13  70.0  293
14  72.0  127
15  92.0  35
16  79.0  222
17  90.0  240
18  90.0  154
19  85.0  187
20  76.0  287
0  51.0  475
1  60.0  395
2  56.0  448
3  54.0  196
4  48.0  374
5  41.0  402
6  53.0  449
7  63.0  195
8  53.0  302
9  71.0  249
10  52.0  437
11  61.0  318
12  57.0  336
13  51.0  169
14  31.0  243
15  48.0  204
16  46.0  166
17  85.0  54
18  97.0  58
19  70.0  200
20  61.0  250
0  61.0  407
1  27.0  400
2  51.0  348
3  43.0  433
4  85.0  293
5  49.0  400
6  47.0  411
7  64.0  296
8  23.0  196
9  78.0  270
10  84.0  188
11  55.0  233
12  65.0  332
13  65.0  223
14  46.0  241
15  47.0  150
16  88.0  120
17  57.0  84
18  68.0  221
19  70.0  248
20  67.0  160
0  37.0  444
1  40.0  302
2  53.0  468
3  59.0  359
4  74.0  343
5  61.0  194
6  81.0  180
7  47.0  333
8  79.0  292
9  70.0  259
10  90.0  164
11  54.0  210
12  62.0  262
13  94.0  128
14  84.0  67
15  77.0  183
16  39.0  256
17  94.0  67
18  96.0  51
19  63.0  138
20  88.0  135
0  49.0  507
1  49.0  402
2  54.0  376
3  34.0  377
4  69.0  207
5  34.0  293
6  67.0  435
7  31.0  275
8  66.0  251
9  65.0  171
10  67.0  308
11  43.0  321
12  81.0  172
13  58.0  277
14  62.0  242
15  95.0  151
16  54.0  162
17  76.0  181
18  95.0  74
19  82.0  58
20  60.0  173
0  57.0  472
1  42.0  308
2  51.0  488
3  55.0  347
4  38.0  388
5  71.0  313
6  62.0  375
7  57.0  355
8  59.0  217
9  91.0  141
10  63.0  308
11  55.0  387
12  61.0  263
13  59.0  408
14  74.0  271
15  55.0  394
16  56.0  371
17  72.0  190
18  87.0  211
19  70.0  320
20  72.0  210
0  44.0  543
1  44.0  427
2  22.0  494
3  79.0  255
4  63.0  359
5  39.0  416
6  76.0  299
7  58.0  349
8  32.0  313
9  80.0  187
10  69.0  170
11  76.0  195
12  86.0  251
13  52.0  230
14  80.0  231
15  55.0  243
16  54.0  276
17  81.0  231
18  72.0  270
19  36.0  261
20  93.0  63
0  69.0  329
1  46.0  416
2  35.0  403
3  9.0  256
4  28.0  268
5  38.0  321
6  48.0  295
7  60.0  284
8  66.0  255
9  95.0  133
10  64.0  261
11  67.0  183
12  64.0  299
13  72.0  203
14  92.0  117
15  57.0  282
16  93.0  87
17  46.0  245
18  53.0  179
19  84.0  152
20  60.0  320
0  84.0  339
1  65.0  297
2  59.0  324
3  57.0  338
4  54.0  389
5  60.0  330
6  60.0  409
7  69.0  367
8  44.0  297
9  17.0  374
10  88.0  184
11  72.0  93
12  69.0  259
13  49.0  234
14  63.0  280
15  81.0  85
16  64.0  271
17  61.0  156
18  96.0  32
19  76.0  136
20  64.0  149
0  38.0  572
1  72.0  399
2  34.0  379
3  54.0  157
4  69.0  402
5  61.0  158
6  49.0  420
7  41.0  417
8  67.0  309
9  53.0  320
10  58.0  320
11  68.0  289
12  78.0  242
13  84.0  159
14  59.0  219
15  51.0  218
16  97.0  42
17  54.0  282
18  55.0  237
19  87.0  105
20  64.0  225
0  55.0  316
1  53.0  409
2  43.0  273
3  60.0  386
4  94.0  87
5  75.0  173
6  84.0  23
7  44.0  356
8  67.0  268
9  50.0  396
10  96.0  61
11  64.0  131
12  96.0  24
13  60.0  237
14  79.0  136
15  81.0  161
16  52.0  236
17  67.0  191
18  71.0  236
19  96.0  57
20  70.0  253
0  65.0  335
1  44.0  303
2  67.0  346
3  78.0  343
4  19.0  288
5  60.0  440
6  51.0  260
7  52.0  283
8  70.0  310
9  59.0  285
10  53.0  176
11  30.0  214
12  86.0  194
13  90.0  113
14  85.0  174
15  53.0  227
16  90.0  74
17  83.0  152
18  45.0  265
19  86.0  44
20  70.0  92
0  56.0  283
1  82.0  260
2  74.0  259
3  34.0  375
4  42.0  320
5  39.0  292
6  59.0  193
7  57.0  408
8  56.0  157
9  92.0  77
10  72.0  299
11  45.0  252
12  83.0  178
13  24.0  234
14  88.0  100
15  91.0  140
16  78.0  152
17  68.0  186
18  71.0  57
19  23.0  290
20  64.0  245
0  32.0  678
1  28.0  468
2  79.0  299
3  38.0  236
4  91.0  136
5  55.0  256
6  65.0  314
7  52.0  287
8  65.0  313
9  73.0  276
10  60.0  250
11  94.0  177
12  75.0  171
13  67.0  317
14  93.0  78
15  70.0  116
16  62.0  281
17  97.0  20
18  47.0  248
19  67.0  249
20  93.0  63
0  32.0  423
1  33.0  324
2  27.0  359
3  49.0  447
4  80.0  153
5  68.0  273
6  85.0  172
7  85.0  67
8  74.0  305
9  38.0  330
10  89.0  104
11  84.0  119
12  66.0  222
13  68.0  129
14  38.0  403
15  55.0  339
16  89.0  147
17  97.0  42
18  55.0  315
19  95.0  109
20  78.0  152
0  18.0  586
1  49.0  459
2  54.0  262
3  61.0  292
4  64.0  292
5  35.0  182
6  45.0  397
7  92.0  139
8  66.0  268
9  63.0  278
10  37.0  299
11  76.0  199
12  84.0  238
13  25.0  369
14  64.0  248
15  76.0  235
16  61.0  304
17  43.0  369
18  54.0  225
19  95.0  31
20  75.0  288
0  27.0  285
1  33.0  589
2  71.0  244
3  73.0  336
4  10.0  318
5  78.0  215
6  67.0  332
7  36.0  256
8  64.0  234
9  68.0  294
10  87.0  256
11  61.0  199
12  45.0  338
13  22.0  271
14  42.0  319
15  51.0  291
16  18.0  442
17  86.0  44
18  89.0  83
19  69.0  273
20  73.0  233
0  64.0  437
1  45.0  272
2  67.0  362
3  45.0  376
4  68.0  301
5  77.0  226
6  79.0  122
7  53.0  384
8  76.0  327
9  76.0  333
10  62.0  236
11  57.0  320
12  47.0  214
13  46.0  120
14  88.0  123
15  76.0  243
16  61.0  311
17  46.0  346
18  59.0  167
19  80.0  116
20  72.0  306
0  41.0  407
1  52.0  343
2  39.0  412
3  69.0  246
4  52.0  310
5  18.0  540
6  81.0  150
7  83.0  242
8  80.0  193
9  64.0  367
10  78.0  217
11  51.0  308
12  92.0  52
13  69.0  261
14  93.0  49
15  97.0  13
16  97.0  44
17  85.0  155
18  82.0  174
19  90.0  89
20  80.0  150
0  78.0  321
1  51.0  395
2  34.0  407
3  93.0  88
4  66.0  335
5  42.0  408
6  49.0  189
7  71.0  289
8  76.0  83
9  58.0  409
10  83.0  220
11  74.0  262
12  90.0  52
13  37.0  558
14  88.0  158
15  70.0  254
16  36.0  186
17  83.0  104
18  84.0  114
19  88.0  189
20  44.0  295
0  26.0  573
1  88.0  264
2  56.0  479
3  36.0  286
4  65.0  298
5  69.0  90
6  45.0  340
7  85.0  72
8  74.0  284
9  78.0  254
10  91.0  111
11  75.0  263
12  71.0  191
13  75.0  215
14  95.0  49
15  81.0  268
16  97.0  60
17  94.0  88
18  84.0  92
19  29.0  247
20  79.0  198
0  31.0  413
1  36.0  412
2  54.0  281
3  64.0  336
4  65.0  281
5  67.0  278
6  77.0  299
7  82.0  167
8  27.0  386
9  50.0  273
10  47.0  275
11  55.0  245
12  29.0  309
13  16.0  339
14  97.0  52
15  68.0  190
16  96.0  54
17  73.0  181
18  62.0  346
19  70.0  250
20  77.0  263
0  81.0  363
1  71.0  230
2  66.0  434
3  8.0  510
4  74.0  367
5  28.0  579
6  76.0  319
7  73.0  190
8  34.0  347
9  86.0  222
10  72.0  261
11  37.0  162
12  72.0  282
13  88.0  151
14  76.0  264
15  95.0  76
16  88.0  38
17  81.0  261
18  43.0  203
19  59.0  144
20  89.0  191
0  71.0  346
1  63.0  241
2  41.0  319
3  55.0  426
4  87.0  264
5  83.0  164
6  69.0  235
7  69.0  216
8  24.0  459
9  56.0  347
10  51.0  210
11  53.0  225
12  81.0  198
13  68.0  225
14  51.0  385
15  54.0  386
16  84.0  192
17  85.0  213
18  54.0  200
19  72.0  117
20  74.0  80
0  26.0  434
1  66.0  368
2  38.0  437
3  52.0  281
4  51.0  235
5  39.0  446
6  82.0  224
7  73.0  307
8  70.0  362
9  87.0  108
10  81.0  205
11  64.0  349
12  68.0  272
13  70.0  249
14  54.0  199
15  61.0  177
16  56.0  316
17  86.0  85
18  76.0  243
19  83.0  0
20  83.0  175
0  35.0  476
1  62.0  367
2  73.0  224
3  71.0  297
4  67.0  377
5  66.0  328
6  87.0  228
7  53.0  367
8  29.0  224
9  76.0  228
10  66.0  289
11  40.0  227
12  40.0  212
13  97.0  50
14  82.0  167
15  75.0  212
16  90.0  98
17  76.0  217
18  97.0  44
19  72.0  242
20  83.0  94
0  77.0  405
1  49.0  211
2  78.0  177
3  82.0  282
4  54.0  445
5  77.0  275
6  45.0  221
7  51.0  375
8  80.0  156
9  56.0  224
10  82.0  165
11  81.0  169
12  79.0  194
13  82.0  230
14  66.0  257
15  75.0  148
16  55.0  302
17  92.0  68
18  61.0  192
19  38.0  202
20  23.0  152
0  46.0  240
1  53.0  305
2  77.0  289
3  57.0  346
4  52.0  298
5  50.0  283
6  59.0  345
7  71.0  336
8  74.0  62
9  45.0  231
10  92.0  168
11  93.0  96
12  90.0  86
13  94.0  155
14  78.0  172
15  71.0  311
16  59.0  199
17  21.0  212
18  90.0  142
19  88.0  127
20  64.0  244
0  17.0  468
1  69.0  319
2  41.0  327
3  42.0  399
4  92.0  148
5  32.0  509
6  51.0  291
7  60.0  283
8  71.0  372
9  24.0  359
10  63.0  376
11  77.0  285
12  70.0  247
13  97.0  36
14  86.0  168
15  57.0  220
16  61.0  198
17  73.0  293
18  59.0  316
19  88.0  100
20  76.0  134
0  74.0  338
1  56.0  310
2  14.0  485
3  86.0  168
4  51.0  288
5  71.0  373
6  32.0  230
7  68.0  280
8  89.0  175
9  85.0  117
10  76.0  248
11  81.0  88
12  29.0  364
13  59.0  423
14  63.0  367
15  68.0  301
16  46.0  235
17  67.0  155
18  81.0  161
19  81.0  213
20  63.0  363
