0  43.0  468
0  49.0  529
0  46.0  457
0  49.0  545
0  48.0  562
0  71.0  547
0  47.0  488
0  68.0  543
0  56.0  460
0  51.0  421
0  40.0  490
0  3.0  281
0  19.0  291
0  57.0  496
0  62.0  497
0  21.0  546
0  54.0  465
0  32.0  305
0  68.0  570
0  36.0  464
0  54.0  464
0  36.0  471
0  6.0  135
0  60.0  466
0  42.0  493
0  70.0  548
0  40.0  475
0  45.0  454
0  35.0  504
0  61.0  486
0  66.0  516
0  27.0  351
0  29.0  443
0  45.0  466
0  37.0  524
0  72.0  508
0  60.0  531
0  42.0  487
0  31.0  382
0  53.0  477
0  39.0  443
0  59.0  516
0  66.0  509
0  23.0  352
0  74.0  524
0  57.0  518
0  27.0  301
0  76.0  572
0  49.0  528
0  51.0  436
0  37.0  377
0  45.0  516
0  29.0  413
0  37.0  325
0  46.0  534
0  76.0  489
0  14.0  527
0  39.0  485
0  60.0  567
0  55.0  495
0  18.0  248
0  39.0  528
0  55.0  520
0  79.0  574
0  39.0  503
0  36.0  328
0  71.0  508
0  34.0  394
0  46.0  508
0  40.0  532
0  39.0  340
0  66.0  538
0  57.0  513
0  73.0  525
0  78.0  534
0  49.0  510
0  70.0  465
0  84.0  473
0  45.0  492
0  22.0  332
0  70.0  477
0  40.0  451
0  38.0  479
0  52.0  554
0  60.0  501
0  39.0  403
0  40.0  411
0  56.0  532
0  61.0  520
0  26.0  446
0  61.0  528
0  38.0  497
0  38.0  408
0  56.0  499
0  52.0  505
0  45.0  558
0  73.0  504
0  55.0  560
0  37.0  404
0  83.0  486
