0  39.0  4009
0  56.5  4412
0  49.600000000000001  4283
0  31.399999999999999  3654
0  48.600000000000001  4212
0  31.199999999999999  3491
0  33.899999999999999  3622
0  46.0  4113
0  37.299999999999997  3767
0  41.600000000000001  3575
0  36.899999999999999  3946
0  37.100000000000001  3549
0  44.5  3688
0  30.899999999999999  3374
0  50.799999999999997  3980
0  43.100000000000001  3954
0  43.799999999999997  3885
0  37.200000000000003  3473
0  50.299999999999997  4029
0  39.700000000000003  3579
0  46.799999999999997  3687
0  34.899999999999999  3908
0  35.0  3854
0  40.5  4150
0  48.299999999999997  3934
0  42.600000000000001  3698
0  46.899999999999999  3995
0  38.5  4334
0  42.299999999999997  3886
0  41.100000000000001  3869
0  48.100000000000001  4332
0  34.0  3228
0  32.899999999999999  3680
0  38.200000000000003  3771
0  34.100000000000001  3750
0  49.200000000000003  4095
0  38.700000000000003  3387
0  47.399999999999999  4026
0  35.299999999999997  3405
0  42.299999999999997  3669
0  46.899999999999999  3696
0  40.200000000000003  3961
0  49.899999999999999  4468
0  42.700000000000003  3658
0  50.5  4300
0  40.0  3801
0  46.799999999999997  4003
0  38.0  3916
0  39.700000000000003  3645
0  44.5  3661
0  38.399999999999999  3880
0  41.5  3623
0  49.700000000000003  4057
0  38.299999999999997  3788
0  51.100000000000001  4194
0  42.700000000000003  3895
0  37.700000000000003  3758
0  44.799999999999997  3913
0  32.200000000000003  3521
0  47.5  3928
0  40.899999999999999  3639
0  39.799999999999997  3890
0  38.299999999999997  3862
0  31.5  3675
0  55.299999999999997  4157
0  45.299999999999997  3701
0  40.200000000000003  3760
0  36.600000000000001  3815
0  35.0  3947
0  43.399999999999999  4089
0  39.700000000000003  3706
0  41.0  3719
0  30.100000000000001  3153
0  41.899999999999999  3945
0  46.5  3817
0  44.0  3667
0  44.200000000000003  4080
0  44.700000000000003  3910
0  36.0  3976
0  36.899999999999999  3382
0  35.700000000000003  3626
0  42.799999999999997  4161
0  39.0  3687
0  45.799999999999997  3999
0  44.700000000000003  4241
0  38.600000000000001  3883
0  26.800000000000001  3371
0  42.200000000000003  3736
0  49.799999999999997  4036
0  38.799999999999997  3648
0  50.100000000000001  4131
0  48.299999999999997  3676
0  48.700000000000003  4132
0  42.299999999999997  3957
0  39.299999999999997  3629
0  38.299999999999997  3864
0  39.100000000000001  3893
0  44.0  3653
0  40.200000000000003  3875
0  37.799999999999997  3818
