40  33.0  260
60  0.0  223
80  30.0  497
100  68.0  389
120  77.0  290
140  75.0  414
160  48.0  290
180  90.0  343
200  70.0  598
40  8.0  172
60  26.0  425
80  21.0  290
100  73.0  360
120  63.0  228
140  60.0  527
160  84.0  410
180  82.0  357
200  80.0  329
40  14.0  315
60  14.0  367
80  25.0  323
100  70.0  224
120  53.0  582
140  67.0  414
160  66.0  416
180  82.0  294
200  77.0  414
40  0.0  87
60  0.0  342
80  51.0  293
100  64.0  401
120  67.0  315
140  86.0  320
160  65.0  451
180  88.0  261
200  92.0  294
40  7.0  149
60  30.0  260
80  6.0  402
100  21.0  338
120  36.0  322
140  47.0  488
160  65.0  248
180  82.0  377
200  58.0  558
40  6.0  196
60  42.0  335
80  32.0  230
100  70.0  368
120  62.0  296
140  69.0  383
160  76.0  384
180  63.0  271
200  58.0  509
40  1.0  215
60  11.0  245
80  31.0  298
100  67.0  325
120  70.0  350
140  56.0  311
160  58.0  488
180  63.0  660
200  70.0  537
40  25.0  257
60  37.0  326
80  81.0  295
100  35.0  429
120  67.0  424
140  64.0  318
160  78.0  334
180  70.0  472
200  95.0  258
40  16.0  244
60  33.0  417
80  20.0  275
100  37.0  333
120  47.0  257
140  83.0  283
160  58.0  505
180  91.0  266
200  79.0  297
40  21.0  237
60  41.0  374
80  56.0  363
100  46.0  223
120  60.0  391
140  55.0  252
160  72.0  351
180  94.0  242
200  78.0  476
40  21.0  313
60  22.0  399
80  55.0  414
100  35.0  458
120  82.0  334
140  90.0  287
160  85.0  337
180  93.0  292
200  92.0  306
40  29.0  328
60  47.0  418
80  31.0  479
100  22.0  303
120  65.0  400
140  73.0  430
160  75.0  411
180  65.0  484
200  91.0  329
40  24.0  260
60  38.0  422
80  44.0  346
100  40.0  371
120  45.0  542
140  52.0  375
160  48.0  472
180  85.0  389
200  76.0  403
40  3.0  229
60  35.0  403
80  51.0  361
100  56.0  485
120  82.0  332
140  34.0  391
160  95.0  255
180  84.0  372
200  94.0  218
40  32.0  275
60  36.0  361
80  55.0  350
100  29.0  503
120  62.0  355
140  49.0  275
160  81.0  318
180  92.0  287
200  70.0  568
40  26.0  257
60  21.0  381
80  28.0  278
100  39.0  357
120  47.0  489
140  46.0  511
160  77.0  357
180  96.0  254
200  64.0  371
40  8.0  232
60  37.0  251
80  23.0  471
100  64.0  386
120  76.0  376
140  81.0  332
160  66.0  349
180  59.0  589
200  94.0  297
40  17.0  161
60  23.0  127
80  34.0  395
100  77.0  334
120  86.0  265
140  29.0  581
160  38.0  332
180  79.0  340
200  58.0  339
40  4.0  135
60  0.0  313
80  13.0  294
100  24.0  181
120  76.0  298
140  58.0  499
160  84.0  316
180  62.0  554
200  53.0  456
40  33.0  275
60  1.0  126
80  19.0  334
100  33.0  433
120  52.0  411
140  59.0  314
160  74.0  412
180  52.0  480
200  63.0  455
40  0.0  270
60  30.0  251
80  51.0  411
100  57.0  418
120  75.0  301
140  62.0  284
160  82.0  286
180  54.0  272
200  80.0  294
40  15.0  276
60  15.0  287
80  43.0  356
100  12.0  403
120  53.0  313
140  54.0  571
160  61.0  396
180  55.0  264
200  94.0  269
40  29.0  227
60  30.0  224
80  22.0  319
100  27.0  563
120  36.0  457
140  34.0  249
160  73.0  357
180  95.0  279
200  82.0  409
40  7.0  250
60  42.0  332
80  16.0  321
100  49.0  357
120  56.0  376
140  79.0  271
160  38.0  404
180  94.0  306
200  76.0  460
40  9.0  266
60  25.0  223
80  39.0  333
100  56.0  263
120  43.0  385
140  64.0  392
160  29.0  367
180  59.0  337
200  57.0  407
40  8.0  189
60  28.0  323
80  33.0  513
100  16.0  611
120  46.0  537
140  71.0  416
160  74.0  481
180  91.0  282
200  93.0  276
40  22.0  195
60  6.0  210
80  46.0  337
100  37.0  489
120  36.0  309
140  76.0  351
160  90.0  305
180  35.0  279
200  47.0  240
40  6.0  269
60  12.0  319
80  35.0  369
100  37.0  394
120  55.0  491
140  55.0  193
160  63.0  345
180  26.0  280
200  89.0  356
40  18.0  321
60  23.0  233
80  29.0  428
100  41.0  487
120  72.0  397
140  78.0  305
160  89.0  319
180  87.0  398
200  67.0  449
40  37.0  267
60  54.0  374
80  45.0  335
100  64.0  379
120  71.0  353
140  85.0  294
160  70.0  388
180  71.0  418
200  59.0  306
40  29.0  206
60  13.0  302
80  39.0  381
100  67.0  396
120  51.0  337
140  18.0  374
160  97.0  227
180  97.0  246
200  95.0  273
40  3.0  247
60  20.0  363
80  22.0  269
100  69.0  393
120  44.0  421
140  48.0  370
160  56.0  324
180  55.0  620
200  96.0  272
40  10.0  277
60  22.0  501
80  43.0  407
100  33.0  388
120  70.0  367
140  61.0  491
160  95.0  255
180  39.0  462
200  92.0  304
40  6.0  251
60  5.0  372
80  59.0  356
100  65.0  424
120  79.0  357
140  58.0  275
160  86.0  222
180  86.0  335
200  67.0  269
40  0.0  309
60  22.0  317
80  65.0  375
100  38.0  185
120  69.0  314
140  52.0  413
160  88.0  269
180  69.0  416
200  56.0  288
40  6.0  264
60  10.0  369
80  7.0  283
100  41.0  388
120  36.0  324
140  48.0  520
160  70.0  362
180  44.0  257
200  79.0  341
40  4.0  117
60  43.0  352
80  36.0  345
100  48.0  354
120  53.0  352
140  96.0  265
160  89.0  287
180  97.0  209
200  93.0  289
40  21.0  244
60  43.0  368
80  40.0  494
100  66.0  416
120  39.0  358
140  80.0  295
160  52.0  442
180  82.0  293
200  71.0  431
40  20.0  400
60  37.0  167
80  46.0  360
100  46.0  419
120  23.0  320
140  66.0  396
160  51.0  523
180  74.0  407
200  94.0  310
40  0.0  199
60  24.0  307
80  38.0  460
100  25.0  215
120  60.0  463
140  65.0  607
160  92.0  265
180  81.0  426
200  79.0  295
40  11.0  320
60  25.0  297
80  35.0  453
100  49.0  439
120  63.0  429
140  56.0  483
160  87.0  290
180  93.0  305
200  57.0  385
40  13.0  303
60  24.0  395
80  28.0  392
100  57.0  423
120  46.0  266
140  50.0  294
160  51.0  504
180  84.0  416
200  97.0  221
40  17.0  195
60  17.0  339
80  26.0  130
100  60.0  430
120  47.0  351
140  66.0  409
160  51.0  408
180  81.0  257
200  42.0  309
40  42.0  255
60  16.0  181
80  3.0  240
100  45.0  494
120  53.0  419
140  64.0  429
160  74.0  419
180  64.0  358
200  92.0  329
40  4.0  199
60  34.0  423
80  50.0  381
100  56.0  414
120  54.0  504
140  31.0  540
160  66.0  567
180  91.0  295
200  55.0  551
40  21.0  273
60  9.0  297
80  45.0  249
100  23.0  394
120  73.0  363
140  52.0  587
160  81.0  277
180  87.0  305
200  43.0  503
40  23.0  318
60  38.0  382
80  22.0  476
100  16.0  545
120  66.0  331
140  55.0  270
160  76.0  442
180  91.0  311
200  69.0  451
40  4.0  312
60  38.0  311
80  30.0  374
100  61.0  319
120  68.0  331
140  57.0  296
160  97.0  231
180  89.0  326
200  70.0  356
40  23.0  263
60  29.0  363
80  26.0  300
100  29.0  438
120  51.0  473
140  57.0  454
160  76.0  459
180  35.0  208
200  75.0  348
40  19.0  209
60  0.0  330
80  29.0  257
100  70.0  369
120  91.0  263
140  55.0  346
160  64.0  456
180  90.0  296
200  76.0  425
40  29.0  206
60  14.0  234
80  20.0  391
100  56.0  264
120  76.0  338
140  65.0  349
160  82.0  316
180  58.0  367
200  81.0  294
40  8.0  257
60  39.0  404
80  51.0  353
100  41.0  355
120  73.0  408
140  75.0  427
160  78.0  346
180  84.0  285
200  66.0  227
40  3.0  205
60  23.0  389
80  35.0  462
100  35.0  295
120  46.0  498
140  87.0  338
160  78.0  346
180  55.0  604
200  70.0  481
40  16.0  370
60  40.0  319
80  27.0  286
100  50.0  413
120  70.0  377
140  55.0  520
160  62.0  350
180  80.0  355
200  75.0  295
40  0.0  178
60  31.0  349
80  20.0  377
100  44.0  475
120  45.0  492
140  63.0  226
160  78.0  319
180  63.0  562
200  94.0  305
40  36.0  129
60  5.0  447
80  49.0  306
100  49.0  353
120  60.0  383
140  36.0  298
160  81.0  428
180  67.0  270
200  69.0  402
40  55.0  268
60  51.0  350
80  29.0  412
100  34.0  442
120  31.0  303
140  90.0  275
160  49.0  398
180  79.0  305
200  81.0  365
40  7.0  288
60  53.0  298
80  45.0  423
100  44.0  374
120  46.0  395
140  42.0  511
160  61.0  365
180  81.0  324
200  80.0  369
40  7.0  226
60  8.0  230
80  60.0  297
100  30.0  335
120  49.0  343
140  50.0  440
160  60.0  472
180  84.0  259
200  91.0  291
40  39.0  239
60  23.0  272
80  68.0  248
100  47.0  420
120  25.0  236
140  82.0  447
160  85.0  217
180  88.0  350
200  94.0  273
40  8.0  162
60  31.0  369
80  55.0  275
100  76.0  334
120  40.0  283
140  80.0  397
160  59.0  539
180  89.0  305
200  85.0  327
40  12.0  172
60  23.0  319
80  36.0  402
100  25.0  349
120  39.0  432
140  47.0  337
160  76.0  330
180  91.0  321
200  96.0  304
40  7.0  336
60  18.0  318
80  44.0  460
100  38.0  497
120  63.0  394
140  86.0  293
160  67.0  388
180  55.0  608
200  95.0  249
40  6.0  309
60  12.0  327
80  21.0  376
100  22.0  360
120  23.0  307
140  42.0  400
160  25.0  408
180  29.0  447
200  79.0  382
40  6.0  180
60  8.0  330
80  52.0  397
100  45.0  422
120  45.0  293
140  63.0  397
160  71.0  439
180  80.0  422
200  78.0  295
40  22.0  258
60  16.0  455
80  29.0  381
100  76.0  379
120  49.0  306
140  40.0  413
160  66.0  409
180  36.0  529
200  76.0  369
40  4.0  156
60  32.0  393
80  29.0  247
100  66.0  391
120  69.0  393
140  70.0  363
160  90.0  312
180  72.0  437
200  61.0  371
40  1.0  288
60  19.0  312
80  30.0  445
100  19.0  405
120  47.0  276
140  39.0  428
160  58.0  461
180  89.0  358
200  54.0  267
40  19.0  248
60  40.0  314
80  21.0  416
100  46.0  376
120  35.0  516
140  74.0  300
160  90.0  306
180  88.0  363
200  97.0  222
40  43.0  264
60  41.0  248
80  54.0  322
100  46.0  392
120  53.0  278
140  84.0  254
160  86.0  267
180  74.0  242
200  65.0  623
40  3.0  289
60  24.0  214
80  32.0  327
100  23.0  194
120  70.0  416
140  45.0  422
160  49.0  500
180  70.0  602
200  37.0  378
40  30.0  318
60  17.0  309
80  47.0  262
100  59.0  386
120  64.0  455
140  45.0  235
160  81.0  317
180  94.0  250
200  72.0  363
40  20.0  241
60  42.0  303
80  64.0  355
100  77.0  351
120  26.0  259
140  83.0  338
160  77.0  481
180  51.0  444
200  79.0  260
40  25.0  229
60  9.0  272
80  28.0  319
100  27.0  288
120  97.0  237
140  46.0  433
160  51.0  594
180  88.0  332
200  26.0  446
40  32.0  321
60  23.0  217
80  49.0  431
100  53.0  268
120  70.0  365
140  44.0  498
160  95.0  244
180  89.0  309
200  89.0  290
40  29.0  293
60  20.0  216
80  51.0  325
100  60.0  408
120  50.0  419
140  63.0  444
160  57.0  332
180  71.0  480
200  50.0  518
40  37.0  299
60  31.0  411
80  25.0  437
100  45.0  326
120  86.0  271
140  35.0  321
160  93.0  262
180  72.0  272
200  91.0  281
40  0.0  111
60  44.0  395
80  51.0  483
100  20.0  394
120  36.0  408
140  70.0  438
160  78.0  419
180  74.0  387
200  92.0  289
40  15.0  207
60  61.0  336
80  52.0  355
100  34.0  259
120  67.0  369
140  80.0  366
160  52.0  291
180  97.0  240
200  50.0  408
40  0.0  268
60  37.0  329
80  38.0  481
100  52.0  346
120  84.0  302
140  45.0  367
160  63.0  497
180  88.0  296
200  83.0  388
40  0.0  96
60  34.0  313
80  32.0  303
100  51.0  482
120  57.0  395
140  64.0  391
160  74.0  446
180  65.0  486
200  93.0  255
40  5.0  182
60  25.0  193
80  29.0  353
100  46.0  298
120  38.0  400
140  60.0  314
160  93.0  260
180  90.0  294
200  71.0  400
40  0.0  206
60  55.0  299
80  35.0  251
100  61.0  452
120  74.0  290
140  68.0  399
160  65.0  293
180  28.0  311
200  83.0  397
40  6.0  222
60  36.0  272
80  39.0  379
100  74.0  381
120  70.0  369
140  69.0  450
160  35.0  381
180  71.0  427
200  85.0  371
40  26.0  219
60  29.0  327
80  60.0  392
100  45.0  211
120  90.0  268
140  94.0  275
160  80.0  432
180  58.0  496
200  54.0  640
40  4.0  217
60  45.0  403
80  45.0  385
100  57.0  388
120  84.0  300
140  28.0  229
160  43.0  324
180  52.0  341
200  92.0  304
40  49.0  245
60  22.0  333
80  49.0  387
100  70.0  382
120  56.0  360
140  79.0  295
160  68.0  324
180  88.0  350
200  47.0  460
40  4.0  257
60  23.0  313
80  38.0  420
100  18.0  483
120  44.0  387
140  76.0  357
160  74.0  351
180  62.0  300
200  89.0  294
40  0.0  74
60  27.0  320
80  26.0  433
100  62.0  300
120  74.0  389
140  48.0  394
160  71.0  405
180  85.0  436
200  70.0  605
40  1.0  239
60  30.0  398
80  54.0  333
100  85.0  256
120  32.0  280
140  53.0  510
160  57.0  371
180  73.0  356
200  62.0  267
40  8.0  271
60  16.0  386
80  22.0  384
100  25.0  361
120  74.0  370
140  75.0  300
160  78.0  406
180  92.0  317
200  71.0  377
40  4.0  186
60  17.0  462
80  33.0  399
100  36.0  361
120  37.0  315
140  35.0  404
160  55.0  504
180  94.0  272
200  94.0  280
40  12.0  312
60  20.0  405
80  35.0  338
100  54.0  428
120  67.0  393
140  38.0  416
160  60.0  468
180  84.0  281
200  47.0  395
40  1.0  200
60  16.0  251
80  29.0  520
100  8.0  476
120  67.0  380
140  71.0  344
160  83.0  375
180  37.0  474
200  96.0  256
40  11.0  266
60  21.0  399
80  15.0  235
100  70.0  379
120  76.0  391
140  74.0  452
160  48.0  398
180  94.0  273
200  67.0  382
40  18.0  259
60  46.0  350
80  9.0  338
100  52.0  260
120  64.0  509
140  46.0  425
160  53.0  551
180  82.0  283
200  59.0  510
40  5.0  212
60  17.0  371
80  27.0  346
100  82.0  355
120  69.0  344
140  85.0  253
160  35.0  495
180  57.0  441
200  67.0  441
40  18.0  157
60  31.0  265
80  18.0  222
100  46.0  380
120  35.0  459
140  79.0  422
160  65.0  399
180  84.0  345
200  66.0  290
40  16.0  256
60  4.0  285
80  45.0  286
100  64.0  360
120  64.0  410
140  35.0  201
160  73.0  365
180  95.0  261
200  94.0  281
40  3.0  236
60  12.0  311
80  40.0  324
100  55.0  360
120  55.0  349
140  79.0  361
160  82.0  303
180  85.0  381
200  94.0  299
