1  54.0  362
2  61.0  620
3  66.333333333333329  574
4  68.5  502
5  83.0  611
6  65.666666666666671  694
7  86.285714285714292  553
8  83.625  841
9  73.666666666666671  597
10  69.200000000000003  449
1  60.0  246
2  52.0  627
3  75.333333333333329  306
4  82.0  456
5  83.0  598
6  77.5  687
7  63.428571428571431  843
8  76.625  905
9  92.555555555555557  726
10  86.099999999999994  816
1  59.0  448
2  56.5  490
3  72.666666666666671  541
4  66.5  739
5  77.799999999999997  622
6  92.0  430
7  79.428571428571431  729
8  76.75  833
9  84.444444444444443  923
10  84.299999999999997  923
1  0.0  294
2  53.5  689
3  75.0  449
4  63.25  552
5  78.599999999999994  687
6  84.166666666666671  530
7  69.857142857142861  947
8  88.875  617
9  82.0  761
10  82.200000000000003  850
1  13.0  266
2  86.0  181
3  61.666666666666664  440
4  70.5  642
5  80.400000000000006  650
6  75.333333333333329  610
7  87.428571428571431  712
8  74.375  890
9  80.444444444444443  882
10  88.700000000000003  785
1  42.0  267
2  48.0  570
3  70.0  609
4  79.0  412
5  87.0  551
6  88.5  394
7  86.714285714285708  783
8  82.125  803
9  83.888888888888886  482
10  83.599999999999994  971
1  7.0  247
2  51.5  620
3  63.666666666666664  724
4  51.25  469
5  88.400000000000006  400
6  78.666666666666671  674
7  85.428571428571431  658
8  81.625  738
9  80.777777777777771  831
10  81.200000000000003  877
1  28.0  465
2  87.0  263
3  68.0  732
4  84.75  468
5  73.400000000000006  632
6  83.333333333333329  687
7  87.857142857142861  513
8  84.25  802
9  85.777777777777771  668
10  86.700000000000003  1032
1  93.0  141
2  66.0  400
3  56.0  606
4  72.75  647
5  85.599999999999994  644
6  74.833333333333329  737
7  89.285714285714292  584
8  89.625  611
9  84.0  673
10  81.099999999999994  868
1  37.0  512
2  66.5  398
3  71.0  478
4  82.0  377
5  73.0  564
6  78.0  666
7  80.714285714285708  701
8  78.875  655
9  79.777777777777771  889
10  81.200000000000003  731
1  34.0  349
2  53.0  526
3  71.666666666666671  520
4  68.75  673
5  77.200000000000003  652
6  90.333333333333329  453
7  83.571428571428569  414
8  82.875  779
9  85.777777777777771  541
10  87.5  921
1  51.0  400
2  67.0  489
3  57.666666666666664  782
4  72.5  705
5  88.799999999999997  543
6  75.333333333333329  763
7  79.0  917
8  79.875  800
9  79.0  813
10  71.799999999999997  1115
1  34.0  361
2  53.5  521
3  64.333333333333329  671
4  66.0  829
5  74.200000000000003  688
6  69.0  668
7  80.571428571428569  790
8  70.625  861
9  81.333333333333329  751
10  82.400000000000006  797
1  19.0  284
2  55.5  475
3  78.333333333333329  563
4  78.5  503
5  79.599999999999994  541
6  74.666666666666671  599
7  87.285714285714292  608
8  88.0  573
9  81.444444444444443  1126
10  85.599999999999994  911
1  62.0  260
2  60.0  481
3  57.0  841
4  77.75  638
5  90.200000000000003  365
6  85.333333333333329  490
7  81.857142857142861  533
8  74.375  777
9  85.333333333333329  789
10  89.700000000000003  621
1  65.0  273
2  52.0  446
3  87.333333333333329  412
4  58.0  463
5  74.0  691
6  69.5  771
7  84.0  696
8  81.5  671
9  86.888888888888886  479
10  80.599999999999994  581
1  25.0  388
2  73.5  297
3  84.666666666666671  388
4  69.5  815
5  74.799999999999997  864
6  81.333333333333329  676
7  86.285714285714292  802
8  89.625  718
9  84.111111111111114  704
10  80.599999999999994  926
1  44.0  379
2  52.0  514
3  64.333333333333329  581
4  73.0  686
5  73.200000000000003  575
6  83.0  516
7  82.571428571428569  765
8  83.625  832
9  83.888888888888886  709
10  84.900000000000006  761
1  80.0  203
2  48.0  563
3  80.666666666666671  239
4  68.0  718
5  80.599999999999994  718
6  84.166666666666671  735
7  79.428571428571431  702
8  79.5  795
9  82.888888888888886  837
10  87.5  886
1  36.0  436
2  85.5  285
3  78.666666666666671  415
4  74.25  638
5  71.200000000000003  1045
6  74.5  765
7  83.571428571428569  868
8  85.0  757
9  81.111111111111114  988
10  83.799999999999997  711
