1  52.100000000000001  2863
2  53.899999999999999  3271
3  48.799999999999997  2722
4  35.399999999999999  2964
5  52.299999999999997  2651
6  43.799999999999997  3199
7  40.0  2931
1  27.800000000000001  3015
2  39.600000000000001  3423
3  45.0  2963
4  40.600000000000001  2963
5  61.700000000000003  2583
6  44.200000000000003  3077
7  42.799999999999997  2820
1  38.600000000000001  2580
2  41.700000000000003  2814
3  48.100000000000001  3090
4  47.399999999999999  2803
5  50.5  3003
6  45.399999999999999  3166
7  35.200000000000003  2593
1  39.0  2923
2  47.899999999999999  2831
3  29.600000000000001  2666
4  46.100000000000001  2838
5  46.0  3038
6  45.799999999999997  2840
7  44.399999999999999  3076
1  41.0  2616
2  44.299999999999997  2890
3  31.800000000000001  2771
4  45.600000000000001  2635
5  37.299999999999997  2821
6  35.100000000000001  3078
7  46.700000000000003  3023
1  36.899999999999999  3092
2  48.600000000000001  2656
3  41.700000000000003  2801
4  46.600000000000001  3057
5  40.0  2915
6  46.399999999999999  3100
7  46.299999999999997  2920
1  42.0  2542
2  40.600000000000001  3211
3  36.700000000000003  2647
4  38.600000000000001  2744
5  46.600000000000001  3037
6  43.399999999999999  2651
7  34.600000000000001  2880
1  40.100000000000001  2500
2  54.5  2530
3  41.200000000000003  3041
4  39.0  3095
5  47.5  2954
6  39.0  3048
7  39.600000000000001  2588
1  39.200000000000003  2137
2  55.299999999999997  2759
3  41.799999999999997  2737
4  47.899999999999999  2877
5  38.399999999999999  2835
6  37.100000000000001  3297
7  45.100000000000001  2720
1  33.799999999999997  3039
2  51.5  2650
3  45.5  3186
4  37.5  2723
5  42.0  2728
6  47.100000000000001  2751
7  36.600000000000001  2643
1  33.0  2538
2  39.5  3100
3  35.200000000000003  3350
4  38.600000000000001  3055
5  41.0  2742
6  39.899999999999999  2995
7  42.299999999999997  3197
1  50.0  2904
2  30.100000000000001  2697
3  40.200000000000003  3023
4  39.0  3069
5  39.899999999999999  3091
6  43.399999999999999  2621
7  35.600000000000001  2768
1  48.700000000000003  3058
2  35.5  2490
3  54.600000000000001  2852
4  58.5  2856
5  44.600000000000001  2862
6  47.0  3020
7  46.399999999999999  2861
1  42.0  2711
2  41.299999999999997  2715
3  44.899999999999999  2948
4  44.5  2951
5  40.5  3046
6  39.100000000000001  3036
7  39.899999999999999  2710
1  34.399999999999999  3317
2  37.899999999999999  2729
3  46.399999999999999  2499
4  42.799999999999997  2709
5  52.799999999999997  2752
6  32.0  2907
7  34.5  3115
1  27.100000000000001  2255
2  50.5  2547
3  48.100000000000001  3035
4  50.600000000000001  2837
5  41.799999999999997  3177
6  41.700000000000003  2845
7  40.799999999999997  3178
1  47.600000000000001  2377
2  49.5  2749
3  40.0  2585
4  39.200000000000003  2838
5  34.299999999999997  2806
6  44.100000000000001  2598
7  44.299999999999997  3159
1  45.5  2274
2  41.200000000000003  2766
3  39.0  2780
4  42.100000000000001  2811
5  42.100000000000001  3057
6  35.600000000000001  2707
7  51.399999999999999  3065
1  57.0  3163
2  44.0  2863
3  48.0  2845
4  46.100000000000001  3227
5  46.0  2344
6  45.600000000000001  2709
7  52.0  2823
1  24.800000000000001  2641
2  53.5  2936
3  53.200000000000003  2932
4  51.200000000000003  2511
5  40.0  2887
6  49.899999999999999  2983
7  41.399999999999999  2840
