1  50.399999999999999  3013
2  37.100000000000001  3002
3  39.399999999999999  3196
4  50.5  2855
5  45.100000000000001  2991
6  41.799999999999997  2987
7  38.399999999999999  3120
1  47.700000000000003  2633
2  46.299999999999997  2415
3  45.899999999999999  3103
4  43.600000000000001  2797
5  38.100000000000001  2639
6  41.700000000000003  2861
7  43.100000000000001  3054
1  43.5  3026
2  50.799999999999997  2757
3  49.299999999999997  2724
4  47.299999999999997  2717
5  36.5  3137
6  43.399999999999999  2809
7  40.299999999999997  3010
1  43.299999999999997  2521
2  47.0  2919
3  46.899999999999999  3078
4  47.600000000000001  3080
5  44.899999999999999  2702
6  38.399999999999999  3063
7  41.399999999999999  3043
1  35.799999999999997  3133
2  46.200000000000003  2802
3  42.600000000000001  3400
4  40.700000000000003  3013
5  47.0  2910
6  44.5  2809
7  43.0  2556
1  34.0  2837
2  42.399999999999999  2459
3  44.200000000000003  3004
4  41.799999999999997  2840
5  44.700000000000003  2967
6  36.700000000000003  2430
7  40.799999999999997  2881
1  59.399999999999999  2445
2  48.5  3010
3  45.899999999999999  2821
4  44.0  2609
5  54.5  2861
6  36.200000000000003  2762
7  51.5  2934
1  49.299999999999997  2813
2  48.399999999999999  2602
3  51.600000000000001  2696
4  34.899999999999999  2938
5  44.299999999999997  2728
6  42.799999999999997  3058
7  39.299999999999997  2859
1  44.5  3292
2  50.5  2791
3  46.100000000000001  3050
4  41.0  2771
5  41.200000000000003  2922
6  37.399999999999999  2851
7  38.700000000000003  2957
1  40.700000000000003  2989
2  39.799999999999997  2774
3  38.299999999999997  2839
4  42.5  3208
5  40.600000000000001  2781
6  43.200000000000003  3048
7  42.299999999999997  2816
1  52.299999999999997  2969
2  26.199999999999999  2502
3  37.799999999999997  2977
4  41.799999999999997  2969
5  45.899999999999999  2904
6  46.0  3266
7  36.399999999999999  2408
1  50.299999999999997  2585
2  30.800000000000001  2881
3  42.5  2477
4  36.100000000000001  2786
5  31.5  3203
6  46.200000000000003  2924
7  43.399999999999999  2881
1  45.0  3169
2  36.700000000000003  2705
3  40.600000000000001  2819
4  44.700000000000003  2826
5  40.600000000000001  3122
6  51.600000000000001  2883
7  39.200000000000003  3164
1  40.899999999999999  2396
2  50.899999999999999  2922
3  42.100000000000001  3155
4  37.600000000000001  2598
5  48.899999999999999  3011
6  43.5  3135
7  33.700000000000003  3345
1  37.600000000000001  3073
2  37.600000000000001  3283
3  44.700000000000003  2610
4  39.100000000000001  3056
5  47.0  2844
6  51.200000000000003  2963
7  43.5  2684
1  32.100000000000001  3489
2  50.600000000000001  2914
3  44.700000000000003  3032
4  44.100000000000001  2685
5  44.600000000000001  2427
6  43.399999999999999  2983
7  34.0  2588
1  38.600000000000001  2993
2  43.200000000000003  3069
3  38.600000000000001  2778
4  33.899999999999999  3020
5  49.200000000000003  2807
6  41.899999999999999  2744
7  36.100000000000001  2793
1  49.0  2655
2  32.799999999999997  2712
3  37.600000000000001  2618
4  44.0  2777
5  42.399999999999999  2976
6  42.899999999999999  2901
7  42.700000000000003  2980
1  40.5  3144
2  31.699999999999999  3096
3  37.399999999999999  2820
4  44.100000000000001  2717
5  30.899999999999999  2489
6  53.799999999999997  2901
7  42.299999999999997  2881
1  51.0  2747
2  34.0  2915
3  49.0  2813
4  41.799999999999997  3095
5  32.299999999999997  3268
6  50.700000000000003  2663
