1  43.5  2947
2  48.899999999999999  2893
3  54.899999999999999  2904
4  37.899999999999999  2915
5  45.100000000000001  2752
6  29.399999999999999  2814
7  40.799999999999997  3386
1  53.399999999999999  2931
2  29.600000000000001  2709
3  30.199999999999999  2771
4  38.399999999999999  3097
5  43.0  2866
6  37.899999999999999  3272
7  36.100000000000001  3075
1  47.600000000000001  3263
2  55.600000000000001  3234
3  33.299999999999997  2940
4  44.299999999999997  2992
5  47.799999999999997  3141
6  35.100000000000001  2873
7  31.600000000000001  2903
1  43.5  2867
2  39.5  2654
3  47.299999999999997  2907
4  58.200000000000003  2830
5  38.5  2935
