1  30.0  379.0
1  27.0  455.0
1  39.0  329.0
1  100.0  200.0
1  61.0  368.0
1  61.0  242.0
1  69.0  321.0
1  27.0  362.0
1  89.0  274.0
1  56.0  336.0
1  100.0  200.0
1  0.0  700.0
1  77.0  327.0
1  67.0  369.0
1  20.0  236.0
1  66.0  254.0
1  83.0  287.0
1  56.0  347.0
1  27.0  296.0
1  25.0  615.0
2  30.0  248.0
2  30.0  124.0
2  0.0  457.0
2  16.0  651.0
2  94.0  229.0
2  49.0  448.0
2  26.0  556.0
2  55.0  281.0
2  0.0  200.0
2  46.0  394.0
2  45.0  485.0
2  12.0  561.0
2  50.0  518.0
2  80.0  263.0
2  46.0  381.0
2  42.0  320.0
2  62.0  342.0
2  32.0  333.0
2  50.0  335.0
2  41.0  356.0
3  2.0  418.0
3  80.0  340.0
3  27.0  212.0
3  10.0  202.0
3  42.0  556.0
3  15.0  475.0
3  66.0  284.0
3  61.0  322.0
3  33.0  547.0
3  35.0  419.0
3  49.0  324.0
3  64.0  396.0
3  69.0  367.0
3  23.0  274.0
3  31.0  552.0
3  19.0  198.0
3  41.0  266.0
3  16.0  263.0
3  9.0  173.0
3  23.0  405.0
4  0.0  91.0
4  34.0  380.0
4  26.0  351.0
4  72.0  271.0
4  52.0  504.0
4  39.0  329.0
4  5.0  147.0
4  47.0  423.0
4  9.0  509.0
4  26.0  459.0
4  28.0  335.0
4  39.0  414.0
4  69.0  299.0
4  39.0  385.0
4  43.0  428.0
4  37.0  350.0
4  19.0  497.0
4  32.0  215.0
4  41.0  435.0
4  80.0  339.0
5  52.0  277.0
5  15.0  576.0
5  62.0  290.0
5  26.0  447.0
5  39.0  337.0
5  57.0  319.0
5  65.0  301.0
5  40.0  405.0
5  0.0  344.0
5  24.0  266.0
5  82.0  252.0
5  79.0  361.0
5  57.0  428.0
5  40.0  588.0
5  37.0  425.0
5  37.0  230.0
5  58.0  403.0
5  24.0  235.0
5  36.0  457.0
5  46.0  366.0
