0.0  11.0  8933.0
0.0  26.0  7459.0
0.0  52.0  4923.0
0.0  11.0  8931.0
0.0  46.0  5512.0
0.0  49.0  5233.0
0.0  21.0  7954.0
0.0  24.0  7669.0
0.0  0.0  10000.0
0.0  0.0  10000.0
0.0  15.0  8546.0
0.0  7.0  9321.0
0.0  53.0  4841.0
0.0  25.0  7576.0
0.0  11.0  8935.0
0.0  0.0  10000.0
0.0  29.0  7172.0
0.0  24.0  7672.0
0.0  28.0  7284.0
0.0  31.0  6985.0
0.0  0.0  10000.0
0.0  13.0  8739.0
0.0  10.0  9030.0
0.0  10.0  9030.0
0.0  35.0  6608.0
0.0  14.0  8642.0
0.0  22.0  7851.0
0.0  0.0  10000.0
0.0  33.0  6785.0
0.0  37.0  6411.0
0.0  43.0  5789.0
0.0  0.0  10000.0
0.0  0.0  10000.0
0.0  13.0  8729.0
0.0  65.0  3641.0
0.0  32.0  6894.0
0.0  36.0  6506.0
0.0  54.0  4742.0
0.0  91.0  1089.0
0.0  9.0  9123.0
0.0  0.0  10000.0
0.0  13.0  8739.0
0.0  20.0  8060.0
0.0  3.0  9709.0
0.0  28.0  7285.0
0.0  84.0  1852.0
0.0  20.0  8061.0
0.0  38.0  6289.0
0.0  52.0  4874.0
0.0  32.0  6876.0
0.0  0.0  10000.0
0.0  18.0  8244.0
0.0  0.0  10000.0
0.0  8.0  9226.0
0.0  5.0  9515.0
0.0  7.0  9319.0
0.0  39.0  6194.0
0.0  5.0  9515.0
0.0  7.0  9318.0
0.0  14.0  8639.0
0.0  19.0  8155.0
0.0  34.0  6708.0
0.0  15.0  8545.0
0.0  12.0  8836.0
0.0  9.0  9127.0
0.0  53.0  4853.0
0.0  0.0  10000.0
0.0  53.0  4846.0
0.0  24.0  7672.0
0.0  55.0  4618.0
0.0  18.0  8240.0
0.0  38.0  6310.0
0.0  23.0  7757.0
0.0  29.0  7185.0
0.0  12.0  8837.0
0.0  54.0  4762.0
0.0  8.0  9224.0
0.0  19.0  8157.0
0.0  26.0  7469.0
0.0  17.0  8351.0
0.0  29.0  7187.0
0.0  19.0  8159.0
0.0  0.0  10000.0
0.0  22.0  7866.0
0.0  5.0  9518.0
0.0  0.0  10000.0
0.0  45.0  5628.0
0.0  17.0  8346.0
0.0  65.0  3678.0
0.0  22.0  7846.0
0.0  10.0  9031.0
0.0  24.0  7674.0
0.0  27.0  7379.0
0.0  29.0  7170.0
0.0  21.0  7952.0
0.0  24.0  7669.0
0.0  0.0  10000.0
0.0  32.0  6896.0
0.0  35.0  6605.0
0.0  40.0  6121.0
0.2  19.0  8154.0
0.2  20.0  8060.0
0.2  5.0  9510.0
0.2  36.0  6499.0
0.2  72.0  2881.0
0.2  16.0  8447.0
0.2  16.0  8436.0
0.2  63.0  3882.0
0.2  20.0  8055.0
0.2  57.0  4444.0
0.2  36.0  6498.0
0.2  43.0  5809.0
0.2  49.0  5246.0
0.2  40.0  6119.0
0.2  30.0  7065.0
0.2  35.0  6570.0
0.2  8.0  9224.0
0.2  0.0  10000.0
0.2  21.0  7954.0
0.2  4.0  9612.0
0.2  20.0  8054.0
0.2  40.0  6096.0
0.2  59.0  4218.0
0.2  48.0  5340.0
0.2  33.0  6800.0
0.2  31.0  6980.0
0.2  33.0  6805.0
0.2  19.0  8157.0
0.2  100.0  110.0
0.2  22.0  7847.0
0.2  34.0  6704.0
0.2  26.0  7455.0
0.2  40.0  6052.0
0.2  20.0  8056.0
0.2  30.0  7058.0
0.2  28.0  7276.0
0.2  17.0  8351.0
0.2  26.0  7453.0
0.2  15.0  8545.0
0.2  58.0  4317.0
0.2  11.0  8926.0
0.2  19.0  8156.0
0.2  0.0  10000.0
0.2  25.0  7578.0
0.2  0.0  10000.0
0.2  37.0  6419.0
0.2  30.0  7075.0
0.2  10.0  9024.0
0.2  41.0  5997.0
0.2  8.0  9224.0
0.2  6.0  9412.0
0.2  26.0  7454.0
0.2  4.0  9608.0
0.2  21.0  7932.0
0.2  50.0  5133.0
0.2  14.0  8632.0
0.2  49.0  5252.0
0.2  76.0  2602.0
0.2  32.0  6897.0
0.2  23.0  7747.0
0.2  55.0  4666.0
0.2  0.0  10000.0
0.2  62.0  3945.0
0.2  30.0  7092.0
0.2  45.0  5630.0
0.2  31.0  6994.0
0.2  31.0  6973.0
0.2  14.0  8642.0
0.2  26.0  7459.0
0.2  16.0  8436.0
0.2  67.0  3437.0
0.2  28.0  7285.0
0.2  2.0  9804.0
0.2  27.0  7366.0
0.2  39.0  6189.0
0.2  43.0  5827.0
0.2  14.0  8626.0
0.2  27.0  7377.0
0.2  1.0  9903.0
0.2  3.0  9708.0
0.2  48.0  5313.0
0.2  27.0  7357.0
0.2  30.0  7089.0
0.2  34.0  6669.0
0.2  38.0  6297.0
0.2  42.0  5849.0
0.2  18.0  8246.0
0.2  0.0  10000.0
0.2  8.0  9218.0
0.2  57.0  4465.0
0.2  36.0  6508.0
0.2  28.0  7278.0
0.2  47.0  5404.0
0.2  33.0  6782.0
0.2  9.0  9118.0
0.2  3.0  9710.0
0.2  63.0  3802.0
0.2  63.0  3872.0
0.2  11.0  8933.0
0.2  25.0  7570.0
0.4  12.0  8825.0
0.4  72.0  2869.0
0.4  30.0  7079.0
0.4  41.0  5996.0
0.4  26.0  7476.0
0.4  46.0  5517.0
0.4  39.0  6208.0
0.4  32.0  6876.0
0.4  54.0  4742.0
0.4  15.0  8531.0
0.4  9.0  9120.0
0.4  82.0  1802.0
0.4  84.0  1645.0
0.4  86.0  1616.0
0.4  43.0  5738.0
0.4  32.0  6870.0
0.4  5.0  9514.0
0.4  24.0  7659.0
0.4  26.0  7467.0
0.4  25.0  7575.0
0.4  21.0  7950.0
0.4  73.0  2873.0
0.4  44.0  5694.0
0.4  57.0  4426.0
0.4  27.0  7373.0
0.4  51.0  5012.0
0.4  25.0  7539.0
0.4  80.0  2172.0
0.4  49.0  5244.0
0.4  16.0  8434.0
0.4  2.0  9806.0
0.4  93.0  824.0
0.4  2.0  9805.0
0.4  39.0  6189.0
0.4  100.0  41.0
0.4  16.0  8440.0
0.4  4.0  9612.0
0.4  42.0  5871.0
0.4  83.0  1757.0
0.4  32.0  6870.0
0.4  41.0  5978.0
0.4  36.0  6497.0
0.4  35.0  6576.0
0.4  7.0  9319.0
0.4  62.0  3936.0
0.4  26.0  7428.0
0.4  22.0  7854.0
0.4  46.0  5535.0
0.4  56.0  4483.0
0.4  34.0  6677.0
0.4  32.0  6875.0
0.4  37.0  6363.0
0.4  21.0  7939.0
0.4  8.0  9221.0
0.4  43.0  5807.0
0.4  22.0  7857.0
0.4  40.0  6097.0
0.4  25.0  7557.0
0.4  0.0  10000.0
0.4  24.0  7672.0
0.4  34.0  6674.0
0.4  44.0  5701.0
0.4  28.0  7262.0
0.4  39.0  6149.0
0.4  29.0  7167.0
0.4  58.0  4319.0
0.4  43.0  5750.0
0.4  53.0  4832.0
0.4  2.0  9807.0
0.4  13.0  8729.0
0.4  19.0  8146.0
0.4  8.0  9224.0
0.4  45.0  5518.0
0.4  0.0  10000.0
0.4  23.0  7745.0
0.4  23.0  7771.0
0.4  41.0  6017.0
0.4  8.0  9226.0
0.4  40.0  6089.0
0.4  71.0  3045.0
0.4  36.0  6489.0
0.4  89.0  1209.0
0.4  22.0  7866.0
0.4  25.0  7567.0
0.4  19.0  8152.0
0.4  7.0  9314.0
0.4  30.0  7091.0
0.4  9.0  9127.0
0.4  36.0  6491.0
0.4  26.0  7460.0
0.4  39.0  6177.0
0.4  18.0  8249.0
0.4  6.0  9418.0
0.4  22.0  7862.0
0.4  41.0  6019.0
0.4  33.0  6764.0
0.4  4.0  9608.0
0.4  26.0  7454.0
0.4  93.0  889.0
0.4  41.0  6025.0
0.6  15.0  8545.0
0.6  48.0  5272.0
0.6  9.0  9128.0
0.6  65.0  3617.0
0.6  51.0  4953.0
0.6  64.0  3738.0
0.6  41.0  5963.0
0.6  28.0  7261.0
0.6  41.0  6024.0
0.6  41.0  5982.0
0.6  54.0  4740.0
0.6  26.0  7457.0
0.6  19.0  8146.0
0.6  45.0  5577.0
0.6  42.0  5864.0
0.6  4.0  9612.0
0.6  15.0  8550.0
0.6  100.0  123.0
0.6  0.0  10000.0
0.6  10.0  9025.0
0.6  51.0  5054.0
0.6  42.0  5887.0
0.6  0.0  10000.0
0.6  2.0  9806.0
0.6  34.0  6681.0
0.6  44.0  5703.0
0.6  42.0  5898.0
0.6  11.0  8933.0
0.6  48.0  5244.0
0.6  21.0  7935.0
0.6  40.0  6074.0
0.6  57.0  4362.0
0.6  27.0  7352.0
0.6  14.0  8642.0
0.6  33.0  6750.0
0.6  27.0  7353.0
0.6  14.0  8635.0
0.6  0.0  10000.0
0.6  23.0  7773.0
0.6  17.0  8331.0
0.6  26.0  7462.0
0.6  45.0  5583.0
0.6  48.0  5212.0
0.6  40.0  6116.0
0.6  68.0  3249.0
0.6  61.0  3979.0
0.6  18.0  8254.0
0.6  59.0  4197.0
0.6  89.0  1201.0
0.6  23.0  7746.0
0.6  35.0  6565.0
0.6  8.0  9224.0
0.6  31.0  6970.0
0.6  46.0  5498.0
0.6  50.0  5115.0
0.6  10.0  9031.0
0.6  0.0  10000.0
0.6  25.0  7544.0
0.6  36.0  6477.0
0.6  34.0  6701.0
0.6  9.0  9124.0
0.6  34.0  6676.0
0.6  38.0  6276.0
0.6  58.0  4344.0
0.6  29.0  7189.0
0.6  34.0  6663.0
0.6  61.0  3916.0
0.6  24.0  7646.0
0.6  69.0  3121.0
0.6  44.0  5654.0
0.6  22.0  7863.0
0.6  64.0  3655.0
0.6  12.0  8836.0
0.6  19.0  8149.0
0.6  48.0  5288.0
0.6  29.0  7187.0
0.6  28.0  7257.0
0.6  51.0  5011.0
0.6  0.0  10000.0
0.6  0.0  10000.0
0.6  37.0  6390.0
0.6  43.0  5779.0
0.6  85.0  1500.0
0.6  75.0  2576.0
0.6  66.0  3487.0
0.6  42.0  5852.0
0.6  61.0  3932.0
0.6  11.0  8933.0
0.6  68.0  3268.0
0.6  48.0  5300.0
0.6  21.0  7944.0
0.6  55.0  4639.0
0.6  22.0  7847.0
0.6  36.0  6509.0
0.6  50.0  5097.0
0.6  49.0  5179.0
0.6  63.0  3776.0
0.6  22.0  7854.0
0.6  36.0  6438.0
0.6  24.0  7642.0
0.8  33.0  6777.0
0.8  28.0  7268.0
0.8  61.0  3938.0
0.8  77.0  2331.0
0.8  3.0  9709.0
0.8  16.0  8438.0
0.8  99.0  220.0
0.8  8.0  9224.0
0.8  55.0  4629.0
0.8  35.0  6537.0
0.8  34.0  6665.0
0.8  11.0  8914.0
0.8  36.0  6475.0
0.8  56.0  4549.0
0.8  84.0  1693.0
0.8  60.0  4058.0
0.8  43.0  5760.0
0.8  30.0  7084.0
0.8  82.0  1894.0
0.8  35.0  6579.0
0.8  63.0  3813.0
0.8  86.0  1405.0
0.8  0.0  10000.0
0.8  36.0  6475.0
0.8  29.0  7174.0
0.8  63.0  3706.0
0.8  23.0  7769.0
0.8  58.0  4278.0
0.8  48.0  5301.0
0.8  45.0  5582.0
0.8  53.0  4803.0
0.8  25.0  7576.0
0.8  53.0  4800.0
0.8  36.0  6496.0
0.8  55.0  4532.0
0.8  40.0  6043.0
0.8  38.0  6250.0
0.8  0.0  10000.0
0.8  36.0  6436.0
0.8  81.0  1911.0
0.8  40.0  6078.0
0.8  77.0  2332.0
0.8  12.0  8836.0
0.8  40.0  6059.0
0.8  6.0  9419.0
0.8  49.0  5208.0
0.8  16.0  8445.0
0.8  37.0  6374.0
0.8  52.0  4890.0
0.8  60.0  4163.0
0.8  18.0  8254.0
0.8  27.0  7354.0
0.8  10.0  9022.0
0.8  6.0  9419.0
0.8  48.0  5350.0
0.8  52.0  4941.0
0.8  30.0  7081.0
0.8  25.0  7567.0
0.8  42.0  5902.0
0.8  16.0  8432.0
0.8  16.0  8438.0
0.8  94.0  675.0
0.8  41.0  5940.0
0.8  26.0  7440.0
0.8  13.0  8730.0
0.8  21.0  7963.0
0.8  68.0  3297.0
0.8  59.0  4161.0
0.8  74.0  2715.0
0.8  31.0  6980.0
0.8  0.0  10000.0
0.8  8.0  9226.0
0.8  70.0  3076.0
0.8  45.0  5593.0
0.8  21.0  7945.0
0.8  90.0  1032.0
0.8  50.0  5136.0
0.8  24.0  7663.0
0.8  71.0  3046.0
0.8  27.0  7354.0
0.8  61.0  3990.0
0.8  44.0  5685.0
0.8  55.0  4527.0
0.8  38.0  6289.0
0.8  27.0  7365.0
0.8  38.0  6285.0
0.8  38.0  6276.0
0.8  86.0  1461.0
0.8  48.0  5332.0
0.8  54.0  4704.0
0.8  0.0  10000.0
0.8  36.0  6457.0
0.8  12.0  8836.0
0.8  34.0  6639.0
0.8  58.0  4294.0
0.8  85.0  1503.0
0.8  68.0  3353.0
0.8  79.0  2126.0
0.8  25.0  7551.0
0.8  44.0  5659.0
1.0  77.0  2536.0
1.0  95.0  500.0
1.0  64.0  3692.0
1.0  65.0  3596.0
1.0  57.0  4348.0
1.0  100.0  200.0
1.0  35.0  6537.0
1.0  22.0  7863.0
1.0  49.0  5158.0
1.0  94.0  672.0
1.0  23.0  7756.0
1.0  13.0  8725.0
1.0  28.0  7271.0
1.0  6.0  9422.0
1.0  0.0  10000.0
1.0  49.0  5174.0
1.0  36.0  6474.0
1.0  35.0  6594.0
1.0  65.0  3631.0
1.0  79.0  2217.0
1.0  17.0  8346.0
1.0  38.0  6304.0
1.0  51.0  4927.0
1.0  39.0  6166.0
1.0  61.0  3988.0
1.0  93.0  886.0
1.0  42.0  5851.0
1.0  67.0  3374.0
1.0  12.0  8837.0
1.0  41.0  5959.0
1.0  74.0  2734.0
1.0  80.0  2100.0
1.0  63.0  3790.0
1.0  49.0  5124.0
1.0  64.0  3641.0
1.0  24.0  7661.0
1.0  82.0  1968.0
1.0  62.0  3902.0
1.0  87.0  1320.0
1.0  41.0  5987.0
1.0  44.0  5702.0
1.0  40.0  6073.0
1.0  82.0  1857.0
1.0  60.0  4065.0
1.0  85.0  1531.0
1.0  64.0  3709.0
1.0  61.0  4007.0
1.0  33.0  6767.0
1.0  21.0  7921.0
1.0  75.0  2565.0
1.0  100.0  9.0
1.0  100.0  207.0
1.0  5.0  9515.0
1.0  42.0  5919.0
1.0  13.0  8722.0
1.0  36.0  6473.0
1.0  31.0  6953.0
1.0  60.0  4120.0
1.0  37.0  6394.0
1.0  85.0  1536.0
1.0  67.0  3309.0
1.0  64.0  3724.0
1.0  76.0  2505.0
1.0  38.0  6290.0
1.0  45.0  5604.0
1.0  19.0  8154.0
1.0  25.0  7541.0
1.0  86.0  1507.0
1.0  36.0  6475.0
1.0  54.0  4654.0
1.0  77.0  2444.0
1.0  78.0  2326.0
1.0  0.0  10000.0
1.0  55.0  4624.0
1.0  64.0  3606.0
1.0  65.0  3578.0
1.0  28.0  7266.0
1.0  65.0  3565.0
1.0  46.0  5504.0
1.0  32.0  6889.0
1.0  87.0  1440.0
1.0  73.0  2846.0
1.0  28.0  7284.0
1.0  11.0  8930.0
1.0  22.0  7867.0
1.0  14.0  8638.0
1.0  61.0  3957.0
1.0  64.0  3745.0
1.0  38.0  6282.0
1.0  81.0  1912.0
1.0  66.0  3473.0
1.0  70.0  3076.0
1.0  80.0  2090.0
1.0  56.0  4422.0
1.0  53.0  4705.0
1.0  45.0  5581.0
1.0  42.0  5891.0
1.0  61.0  3976.0
1.0  64.0  3682.0
1.0  55.0  4594.0
1.2  33.0  6776.0
1.2  19.0  8141.0
1.2  100.0  11.0
1.2  41.0  6024.0
1.2  72.0  2955.0
1.2  86.0  1433.0
1.2  61.0  4017.0
1.2  40.0  6070.0
1.2  77.0  2378.0
1.2  65.0  3531.0
1.2  51.0  4965.0
1.2  0.0  10000.0
1.2  64.0  3610.0
1.2  25.0  7551.0
1.2  36.0  6490.0
1.2  0.0  10000.0
1.2  41.0  5971.0
1.2  16.0  8448.0
1.2  42.0  5847.0
1.2  78.0  2430.0
1.2  54.0  4662.0
1.2  27.0  7361.0
1.2  56.0  4406.0
1.2  0.0  10000.0
1.2  0.0  10000.0
1.2  41.0  5992.0
1.2  83.0  1839.0
1.2  87.0  1359.0
1.2  23.0  7745.0
1.2  73.0  2718.0
1.2  34.0  6688.0
1.2  0.0  10000.0
1.2  3.0  9709.0
1.2  54.0  4666.0
1.2  27.0  7326.0
1.2  96.0  460.0
1.2  47.0  5320.0
1.2  52.0  4860.0
1.2  34.0  6658.0
1.2  60.0  4083.0
1.2  83.0  1808.0
1.2  44.0  5627.0
1.2  74.0  2675.0
1.2  55.0  4615.0
1.2  63.0  3774.0
1.2  9.0  9120.0
1.2  34.0  6687.0
1.2  51.0  4978.0
1.2  59.0  4165.0
1.2  53.0  4782.0
1.2  0.0  10000.0
1.2  100.0  20.0
1.2  86.0  1455.0
1.2  0.0  10000.0
1.2  84.0  1649.0
1.2  100.0  17.0
1.2  85.0  1631.0
1.2  65.0  3592.0
1.2  24.0  7653.0
1.2  56.0  4457.0
1.2  72.0  2906.0
1.2  69.0  3185.0
1.2  18.0  8232.0
1.2  0.0  10000.0
1.2  72.0  2850.0
1.2  69.0  3138.0
1.2  100.0  18.0
1.2  70.0  3022.0
1.2  37.0  6363.0
1.2  66.0  3461.0
1.2  84.0  1600.0
1.2  91.0  1003.0
1.2  25.0  7556.0
1.2  91.0  959.0
1.2  50.0  5115.0
1.2  56.0  4429.0
1.2  73.0  2727.0
1.2  24.0  7672.0
1.2  65.0  3536.0
1.2  26.0  7479.0
1.2  40.0  6113.0
1.2  20.0  8040.0
1.2  84.0  1627.0
1.2  43.0  5740.0
1.2  30.0  7073.0
1.2  51.0  5053.0
1.2  43.0  5827.0
1.2  30.0  7054.0
1.2  56.0  4523.0
1.2  43.0  5710.0
1.2  39.0  6139.0
1.2  57.0  4338.0
1.2  76.0  2406.0
1.2  58.0  4218.0
1.2  9.0  9123.0
1.2  57.0  4420.0
1.2  42.0  5893.0
1.2  79.0  2127.0
1.2  64.0  3747.0
1.2  74.0  2651.0
1.4  39.0  6135.0
1.4  38.0  6250.0
1.4  32.0  6878.0
1.4  82.0  1898.0
1.4  52.0  4906.0
1.4  50.0  5071.0
1.4  36.0  6510.0
1.4  81.0  1928.0
1.4  82.0  1939.0
1.4  57.0  4437.0
1.4  56.0  4441.0
1.4  62.0  3847.0
1.4  28.0  7264.0
1.4  50.0  5081.0
1.4  0.0  10000.0
1.4  12.0  8824.0
1.4  92.0  898.0
1.4  44.0  5651.0
1.4  72.0  2802.0
1.4  29.0  7172.0
1.4  37.0  6350.0
1.4  62.0  3847.0
1.4  91.0  909.0
1.4  28.0  7228.0
1.4  55.0  4576.0
1.4  89.0  1100.0
1.4  77.0  2400.0
1.4  81.0  1927.0
1.4  96.0  400.0
1.4  40.0  6112.0
1.4  22.0  7822.0
1.4  26.0  7442.0
1.4  78.0  2234.0
1.4  88.0  1275.0
1.4  66.0  3415.0
1.4  72.0  2955.0
1.4  44.0  5708.0
1.4  79.0  2155.0
1.4  83.0  1722.0
1.4  71.0  2933.0
1.4  20.0  8063.0
1.4  41.0  5984.0
1.4  97.0  369.0
1.4  73.0  2700.0
1.4  44.0  5689.0
1.4  95.0  690.0
1.4  59.0  4139.0
1.4  61.0  4012.0
1.4  74.0  2616.0
1.4  7.0  9321.0
1.4  74.0  2657.0
1.4  81.0  1916.0
1.4  77.0  2454.0
1.4  61.0  3917.0
1.4  32.0  6847.0
1.4  0.0  10000.0
1.4  45.0  5543.0
1.4  45.0  5548.0
1.4  29.0  7129.0
1.4  11.0  8930.0
1.4  78.0  2278.0
1.4  10.0  9022.0
1.4  99.0  200.0
1.4  71.0  2918.0
1.4  45.0  5609.0
1.4  82.0  1911.0
1.4  31.0  6993.0
1.4  21.0  7943.0
1.4  69.0  3100.0
1.4  29.0  7191.0
1.4  54.0  4644.0
1.4  55.0  4534.0
1.4  70.0  3074.0
1.4  89.0  1170.0
1.4  88.0  1219.0
1.4  67.0  3367.0
1.4  68.0  3300.0
1.4  30.0  7087.0
1.4  39.0  6185.0
1.4  3.0  9706.0
1.4  0.0  10000.0
1.4  73.0  2774.0
1.4  73.0  2719.0
1.4  59.0  4212.0
1.4  61.0  3974.0
1.4  64.0  3776.0
1.4  93.0  723.0
1.4  39.0  6128.0
1.4  57.0  4372.0
1.4  77.0  2363.0
1.4  83.0  1717.0
1.4  62.0  3927.0
1.4  41.0  5982.0
1.4  66.0  3465.0
1.4  70.0  3085.0
1.4  74.0  2732.0
1.4  75.0  2618.0
1.4  98.0  300.0
1.4  84.0  1715.0
1.4  31.0  6981.0
1.6  20.0  8041.0
1.6  89.0  1204.0
1.6  0.0  10000.0
1.6  90.0  1087.0
1.6  67.0  3364.0
1.6  73.0  2875.0
1.6  24.0  7672.0
1.6  59.0  4162.0
1.6  58.0  4229.0
1.6  62.0  3890.0
1.6  43.0  5793.0
1.6  40.0  6102.0
1.6  31.0  6940.0
1.6  24.0  7651.0
1.6  68.0  3319.0
1.6  62.0  3864.0
1.6  32.0  6859.0
1.6  54.0  4699.0
1.6  82.0  1867.0
1.6  37.0  6380.0
1.6  44.0  5696.0
1.6  52.0  4857.0
1.6  45.0  5593.0
1.6  95.0  610.0
1.6  92.0  855.0
1.6  63.0  3767.0
1.6  69.0  3119.0
1.6  86.0  1468.0
1.6  3.0  9709.0
1.6  78.0  2246.0
1.6  75.0  2532.0
1.6  52.0  4956.0
1.6  93.0  739.0
1.6  0.0  10000.0
1.6  61.0  3940.0
1.6  84.0  1629.0
1.6  61.0  3976.0
1.6  83.0  1706.0
1.6  50.0  5048.0
1.6  70.0  3081.0
1.6  3.0  9709.0
1.6  0.0  10000.0
1.6  84.0  1618.0
1.6  83.0  1894.0
1.6  99.0  169.0
1.6  0.0  10000.0
1.6  98.0  213.0
1.6  66.0  3463.0
1.6  72.0  2894.0
1.6  37.0  6388.0
1.6  77.0  2402.0
1.6  64.0  3728.0
1.6  77.0  2322.0
1.6  12.0  8826.0
1.6  71.0  2970.0
1.6  0.0  10000.0
1.6  22.0  7867.0
1.6  37.0  6364.0
1.6  65.0  3603.0
1.6  19.0  8157.0
1.6  29.0  7187.0
1.6  60.0  4115.0
1.6  55.0  4565.0
1.6  33.0  6766.0
1.6  16.0  8434.0
1.6  40.0  6061.0
1.6  35.0  6580.0
1.6  75.0  2567.0
1.6  31.0  6969.0
1.6  54.0  4665.0
1.6  57.0  4414.0
1.6  60.0  4072.0
1.6  8.0  9223.0
1.6  22.0  7879.0
1.6  58.0  4269.0
1.6  71.0  2931.0
1.6  100.0  95.0
1.6  76.0  2431.0
1.6  78.0  2222.0
1.6  67.0  3358.0
1.6  44.0  5736.0
1.6  0.0  10000.0
1.6  85.0  1586.0
1.6  0.0  10000.0
1.6  30.0  7038.0
1.6  39.0  6142.0
1.6  48.0  5288.0
1.6  67.0  3436.0
1.6  37.0  6376.0
1.6  61.0  3974.0
1.6  96.0  559.0
1.6  38.0  6221.0
1.6  65.0  3555.0
1.6  90.0  1014.0
1.6  37.0  6369.0
1.6  64.0  3652.0
1.6  87.0  1303.0
1.6  50.0  5022.0
1.6  40.0  6043.0
1.6  68.0  3273.0
1.8  60.0  4110.0
1.8  34.0  6660.0
1.8  65.0  3553.0
1.8  51.0  4913.0
1.8  97.0  425.0
1.8  6.0  9418.0
1.8  16.0  8448.0
1.8  98.0  303.0
1.8  8.0  9224.0
1.8  46.0  5543.0
1.8  0.0  10000.0
1.8  100.0  99.0
1.8  76.0  2484.0
1.8  86.0  1567.0
1.8  67.0  3367.0
1.8  25.0  7552.0
1.8  27.0  7359.0
1.8  44.0  5688.0
1.8  42.0  5868.0
1.8  67.0  3484.0
1.8  87.0  1320.0
1.8  85.0  1526.0
1.8  4.0  9612.0
1.8  62.0  3928.0
1.8  0.0  10000.0
1.8  72.0  2821.0
1.8  64.0  3637.0
1.8  37.0  6376.0
1.8  38.0  6288.0
1.8  71.0  2914.0
1.8  70.0  3066.0
1.8  45.0  5550.0
1.8  0.0  10000.0
1.8  6.0  9418.0
1.8  86.0  1413.0
1.8  87.0  1323.0
1.8  56.0  4461.0
1.8  73.0  2703.0
1.8  71.0  2916.0
1.8  52.0  4859.0
1.8  94.0  617.0
1.8  60.0  4095.0
1.8  66.0  3467.0
1.8  74.0  2619.0
1.8  84.0  1614.0
1.8  0.0  10000.0
1.8  86.0  1408.0
1.8  59.0  4284.0
1.8  50.0  5050.0
1.8  80.0  2040.0
1.8  43.0  5776.0
1.8  30.0  7042.0
1.8  27.0  7358.0
1.8  11.0  8921.0
1.8  100.0  114.0
1.8  34.0  6667.0
1.8  99.0  104.0
1.8  72.0  2822.0
1.8  61.0  3990.0
1.8  58.0  4258.0
1.8  0.0  10000.0
1.8  66.0  3401.0
1.8  7.0  9321.0
1.8  66.0  3470.0
1.8  82.0  1926.0
1.8  41.0  5982.0
1.8  77.0  2362.0
1.8  98.0  302.0
1.8  17.0  8336.0
1.8  94.0  635.0
1.8  22.0  7866.0
1.8  72.0  2815.0
1.8  36.0  6445.0
1.8  82.0  1828.0
1.8  98.0  209.0
1.8  60.0  4077.0
1.8  59.0  4130.0
1.8  39.0  6144.0
1.8  81.0  1962.0
1.8  97.0  355.0
1.8  82.0  1980.0
1.8  36.0  6458.0
1.8  33.0  6752.0
1.8  66.0  3431.0
1.8  31.0  6937.0
1.8  11.0  8934.0
1.8  16.0  8432.0
1.8  81.0  2062.0
1.8  67.0  3405.0
1.8  65.0  3530.0
1.8  77.0  2384.0
1.8  76.0  2429.0
1.8  18.0  8254.0
1.8  33.0  6743.0
1.8  38.0  6218.0
1.8  96.0  503.0
1.8  34.0  6672.0
1.8  81.0  1916.0
1.8  83.0  1871.0
1.8  52.0  4803.0
2.0  68.0  3312.0
2.0  58.0  4380.0
2.0  94.0  615.0
2.0  33.0  6810.0
2.0  87.0  1348.0
2.0  62.0  3808.0
2.0  92.0  815.0
2.0  54.0  4667.0
2.0  83.0  1707.0
2.0  82.0  1811.0
2.0  92.0  892.0
2.0  9.0  9127.0
2.0  50.0  5058.0
2.0  76.0  2512.0
2.0  80.0  2053.0
2.0  72.0  2811.0
2.0  61.0  4024.0
2.0  70.0  3043.0
2.0  85.0  1537.0
2.0  71.0  2922.0
2.0  54.0  4709.0
2.0  66.0  3570.0
2.0  49.0  5108.0
2.0  46.0  5483.0
2.0  91.0  991.0
2.0  66.0  3447.0
2.0  4.0  9612.0
2.0  78.0  2206.0
2.0  89.0  1194.0
2.0  0.0  10000.0
2.0  52.0  4829.0
2.0  74.0  2711.0
2.0  43.0  5758.0
2.0  5.0  9515.0
2.0  95.0  526.0
2.0  82.0  1838.0
2.0  69.0  3120.0
2.0  47.0  5441.0
2.0  19.0  8142.0
2.0  2.0  9806.0
2.0  44.0  5692.0
2.0  38.0  6276.0
2.0  57.0  4339.0
2.0  5.0  9516.0
2.0  62.0  3835.0
2.0  23.0  7725.0
2.0  67.0  3331.0
2.0  90.0  1032.0
2.0  60.0  4109.0
2.0  80.0  2079.0
2.0  82.0  1829.0
2.0  80.0  2014.0
2.0  100.0  0.0
2.0  64.0  3726.0
2.0  45.0  5582.0
2.0  85.0  1503.0
2.0  77.0  2376.0
2.0  86.0  1421.0
2.0  100.0  22.0
2.0  52.0  4806.0
2.0  47.0  5361.0
2.0  62.0  3870.0
2.0  0.0  10000.0
2.0  85.0  1509.0
2.0  27.0  7348.0
2.0  0.0  10000.0
2.0  66.0  3532.0
2.0  55.0  4599.0
2.0  99.0  155.0
2.0  8.0  9218.0
2.0  94.0  647.0
2.0  37.0  6412.0
2.0  51.0  4907.0
2.0  35.0  6557.0
2.0  19.0  8141.0
2.0  50.0  5074.0
2.0  98.0  214.0
2.0  81.0  1984.0
2.0  55.0  4577.0
2.0  29.0  7159.0
2.0  41.0  5964.0
2.0  83.0  1713.0
2.0  99.0  199.0
2.0  80.0  2051.0
2.0  33.0  6799.0
2.0  99.0  116.0
2.0  78.0  2204.0
2.0  52.0  4886.0
2.0  50.0  5090.0
2.0  86.0  1432.0
2.0  93.0  756.0
2.0  80.0  2025.0
2.0  54.0  4736.0
2.0  0.0  10000.0
2.0  74.0  2622.0
2.0  52.0  4854.0
2.0  76.0  2409.0
2.0  0.0  10000.0
2.0  0.0  10000.0
2.0  96.0  402.0
