1  9.0  282
2  70.0  520
3  28.0  333
4  22.0  336
5  41.0  436
1  70.0  576
2  40.0  468
3  65.0  530
4  18.0  377
5  21.0  302
1  44.0  503
2  39.0  497
3  28.0  485
4  18.0  302
5  12.0  212
1  41.0  536
2  37.0  494
3  6.0  381
4  49.0  423
5  30.0  355
1  47.0  537
2  42.0  506
3  14.0  428
4  33.0  431
5  26.0  409
1  29.0  485
2  10.0  402
3  43.0  358
4  6.0  361
5  21.0  343
1  26.0  328
2  44.0  473
3  36.0  444
4  37.0  472
5  33.0  369
1  23.0  407
2  49.0  460
3  45.0  445
4  16.0  207
5  21.0  307
1  28.0  388
2  45.0  461
3  0.0  225
4  7.0  220
5  3.0  320
1  39.0  515
2  38.0  476
3  65.0  474
4  61.0  412
5  4.0  272
1  25.0  515
2  74.0  521
3  36.0  396
4  16.0  251
5  42.0  397
1  18.0  311
2  44.0  483
3  14.0  256
4  33.0  425
5  9.0  213
1  58.0  483
2  26.0  409
3  34.0  363
4  54.0  486
5  37.0  382
1  56.0  529
2  38.0  432
3  24.0  370
4  18.0  372
5  10.0  226
1  72.0  546
2  34.0  275
3  35.0  386
4  11.0  341
5  23.0  388
1  63.0  519
2  40.0  436
3  19.0  341
4  19.0  345
5  44.0  418
1  41.0  411
2  39.0  343
3  38.0  453
4  27.0  407
5  8.0  215
1  46.0  492
2  55.0  513
3  26.0  345
4  19.0  383
5  36.0  410
1  41.0  500
2  36.0  521
3  32.0  402
4  25.0  308
5  25.0  423
1  25.0  529
2  49.0  530
3  37.0  463
4  22.0  432
5  22.0  385
1  39.0  424
2  28.0  389
3  45.0  510
4  18.0  283
5  44.0  409
1  53.0  470
2  37.0  477
3  60.0  501
4  35.0  365
5  26.0  362
1  21.0  539
2  37.0  492
3  43.0  438
4  27.0  402
5  21.0  389
1  57.0  558
2  54.0  555
3  60.0  505
4  13.0  314
5  20.0  302
1  30.0  449
2  26.0  518
3  31.0  560
4  38.0  515
5  0.0  312
1  37.0  493
2  52.0  440
3  39.0  443
4  46.0  347
5  39.0  419
1  59.0  472
2  74.0  550
3  16.0  268
4  4.0  195
5  48.0  423
1  66.0  557
2  36.0  468
3  48.0  459
4  14.0  257
5  48.0  449
1  9.0  463
2  23.0  451
3  19.0  438
4  20.0  233
5  17.0  365
1  10.0  199
2  54.0  525
3  44.0  493
4  32.0  496
5  12.0  284
1  38.0  543
2  63.0  509
3  33.0  452
4  31.0  396
5  0.0  171
1  12.0  298
2  11.0  341
3  8.0  179
4  19.0  406
5  40.0  428
1  56.0  559
2  40.0  486
3  14.0  325
4  23.0  308
5  47.0  459
1  29.0  454
2  13.0  257
3  39.0  520
4  16.0  338
5  30.0  380
1  33.0  517
2  49.0  548
3  39.0  425
4  35.0  500
5  30.0  400
1  48.0  511
2  68.0  550
3  51.0  491
4  30.0  301
5  26.0  369
1  20.0  427
2  37.0  473
3  23.0  386
4  17.0  287
5  48.0  480
1  57.0  512
2  37.0  497
3  27.0  337
4  18.0  298
5  34.0  492
1  65.0  497
2  46.0  537
3  34.0  367
4  35.0  425
5  33.0  357
1  18.0  432
2  51.0  520
3  45.0  388
4  34.0  416
5  19.0  339
1  48.0  471
2  25.0  322
3  27.0  361
4  35.0  424
5  63.0  418
1  40.0  501
2  42.0  479
3  9.0  347
4  34.0  392
5  46.0  424
1  51.0  545
2  25.0  501
3  26.0  397
4  58.0  405
5  15.0  355
1  38.0  475
2  61.0  520
3  8.0  248
4  17.0  365
5  39.0  307
1  38.0  466
2  63.0  489
3  25.0  439
4  30.0  388
5  21.0  192
1  35.0  428
2  50.0  511
3  43.0  430
4  32.0  393
5  23.0  264
1  82.0  547
2  33.0  493
3  33.0  415
4  27.0  354
5  19.0  377
1  10.0  219
2  31.0  361
3  5.0  199
4  14.0  296
5  14.0  218
1  38.0  479
2  51.0  531
3  49.0  498
4  34.0  369
5  12.0  258
1  13.0  329
2  36.0  550
3  45.0  408
4  28.0  418
5  20.0  268
1  34.0  363
2  57.0  524
3  50.0  323
4  10.0  271
5  14.0  303
1  19.0  330
2  22.0  482
3  44.0  498
4  35.0  354
5  7.0  279
1  56.0  518
2  15.0  382
3  0.0  224
4  21.0  353
5  6.0  253
1  21.0  430
2  32.0  473
3  10.0  318
4  54.0  486
5  0.0  166
1  60.0  559
2  33.0  449
3  26.0  368
4  28.0  387
5  45.0  387
1  40.0  500
2  32.0  534
3  9.0  232
4  16.0  193
5  3.0  261
1  62.0  486
2  34.0  503
3  1.0  344
4  6.0  228
5  9.0  283
1  69.0  511
2  54.0  513
3  25.0  400
4  10.0  223
5  31.0  331
1  38.0  476
2  9.0  333
3  0.0  223
4  31.0  498
5  78.0  500
1  35.0  538
2  61.0  499
3  41.0  404
4  6.0  111
5  49.0  477
1  32.0  461
2  50.0  513
3  22.0  313
4  12.0  246
5  35.0  384
1  34.0  487
2  55.0  409
3  53.0  481
4  41.0  538
5  41.0  367
1  36.0  438
2  48.0  546
3  41.0  393
4  58.0  405
5  52.0  410
1  60.0  519
2  64.0  492
3  35.0  426
4  25.0  312
5  28.0  320
1  44.0  441
2  12.0  227
3  23.0  384
4  15.0  251
5  33.0  328
1  36.0  456
2  11.0  314
3  5.0  313
4  13.0  390
5  32.0  260
1  20.0  419
2  45.0  504
3  19.0  355
4  3.0  249
5  25.0  358
1  20.0  431
2  11.0  252
3  41.0  342
4  0.0  203
5  30.0  260
1  26.0  399
2  33.0  372
3  35.0  397
4  22.0  374
5  14.0  367
1  56.0  525
2  49.0  534
3  32.0  387
4  20.0  214
5  8.0  268
1  57.0  484
2  49.0  460
3  10.0  387
4  32.0  356
5  5.0  320
1  52.0  549
2  46.0  429
3  20.0  313
4  28.0  201
5  14.0  304
1  44.0  550
2  12.0  320
3  32.0  437
4  20.0  263
5  11.0  244
1  46.0  506
2  64.0  424
3  46.0  452
4  17.0  317
5  22.0  258
1  24.0  411
2  40.0  404
3  19.0  395
4  55.0  523
5  30.0  410
1  47.0  486
2  45.0  422
3  29.0  400
4  10.0  262
5  21.0  354
1  35.0  327
2  52.0  483
3  33.0  391
4  24.0  374
5  12.0  334
1  36.0  505
2  37.0  553
3  56.0  466
4  35.0  404
5  20.0  268
1  21.0  451
2  37.0  452
3  7.0  339
4  12.0  259
5  36.0  320
1  54.0  482
2  35.0  425
3  7.0  318
4  12.0  298
5  7.0  199
1  41.0  475
2  20.0  370
3  39.0  488
4  48.0  312
5  31.0  379
1  29.0  511
2  55.0  473
3  22.0  317
4  22.0  250
5  26.0  322
1  39.0  439
2  49.0  388
3  2.0  323
4  5.0  242
5  22.0  287
1  31.0  510
2  6.0  284
3  0.0  141
4  18.0  426
5  18.0  390
1  15.0  285
2  27.0  435
3  11.0  251
4  6.0  275
5  3.0  196
1  30.0  426
2  13.0  300
3  34.0  323
4  45.0  453
5  5.0  318
1  17.0  351
2  59.0  442
3  64.0  522
4  48.0  377
5  2.0  265
1  51.0  462
2  39.0  490
3  68.0  487
4  27.0  255
5  8.0  268
1  19.0  507
2  11.0  309
3  23.0  302
4  17.0  349
5  36.0  407
1  55.0  469
2  47.0  491
3  17.0  462
4  33.0  431
5  18.0  354
1  21.0  390
2  17.0  474
3  32.0  405
4  10.0  258
5  22.0  292
1  52.0  529
2  37.0  439
3  0.0  257
4  39.0  405
5  27.0  300
1  36.0  463
2  44.0  311
3  0.0  272
4  28.0  442
5  43.0  419
1  7.0  343
2  25.0  488
3  35.0  397
4  6.0  257
5  0.0  342
1  39.0  410
2  31.0  411
3  38.0  433
4  44.0  414
5  3.0  200
1  30.0  514
2  48.0  420
3  13.0  315
4  13.0  288
5  15.0  261
1  59.0  529
2  36.0  534
3  32.0  514
4  30.0  301
5  5.0  159
1  58.0  441
2  31.0  472
3  7.0  372
4  51.0  415
5  11.0  276
1  28.0  464
2  32.0  413
3  26.0  321
4  8.0  321
5  28.0  298
1  39.0  485
2  29.0  467
3  33.0  374
4  21.0  213
5  18.0  238
