40  25.0  271
60  6.0  280
80  45.0  311
100  37.0  512
120  56.0  526
140  39.0  479
160  89.0  279
180  42.0  684
200  81.0  420
40  2.0  146
60  12.0  344
80  25.0  388
100  57.0  373
120  75.0  304
140  45.0  584
160  98.0  221
180  80.0  341
200  85.0  376
40  14.0  109
60  51.0  297
80  20.0  368
100  37.0  561
120  48.0  596
140  41.0  244
160  69.0  402
180  98.0  226
200  74.0  327
40  19.0  198
60  20.0  344
80  23.0  534
100  60.0  279
120  47.0  469
140  47.0  655
160  86.0  335
180  86.0  260
200  31.0  332
40  22.0  348
60  34.0  315
80  37.0  469
100  15.0  273
120  54.0  442
140  62.0  423
160  45.0  313
180  80.0  397
200  43.0  741
40  10.0  181
60  48.0  302
80  52.0  389
100  41.0  396
120  60.0  416
140  81.0  327
160  28.0  602
180  98.0  226
200  84.0  303
40  7.0  229
60  24.0  328
80  42.0  278
100  36.0  544
120  78.0  338
140  79.0  320
160  79.0  286
180  72.0  437
200  80.0  266
40  7.0  178
60  14.0  142
80  51.0  365
100  62.0  431
120  51.0  437
140  67.0  357
160  84.0  340
180  93.0  204
200  77.0  315
40  0.0  156
60  13.0  314
80  32.0  286
100  41.0  390
120  63.0  310
140  47.0  322
160  92.0  304
180  71.0  378
200  60.0  464
40  6.0  284
60  13.0  299
80  30.0  351
100  30.0  610
120  44.0  505
140  79.0  344
160  67.0  524
180  91.0  305
200  73.0  430
40  20.0  227
60  29.0  354
80  40.0  363
100  50.0  469
120  57.0  373
140  63.0  428
160  40.0  397
180  38.0  283
200  82.0  382
40  16.0  273
60  26.0  292
80  24.0  346
100  40.0  478
120  17.0  363
140  93.0  257
160  86.0  359
180  90.0  327
200  63.0  326
40  38.0  216
60  40.0  311
80  64.0  302
100  23.0  462
120  46.0  264
140  85.0  345
160  67.0  384
180  94.0  249
200  68.0  353
40  4.0  212
60  39.0  304
80  43.0  420
100  56.0  400
120  41.0  323
140  18.0  405
160  48.0  375
180  87.0  337
200  72.0  452
40  1.0  205
60  20.0  204
80  32.0  336
100  57.0  330
120  47.0  594
140  61.0  485
160  79.0  302
180  68.0  321
200  55.0  474
40  20.0  273
60  18.0  365
80  21.0  519
100  52.0  378
120  59.0  265
140  52.0  279
160  55.0  323
180  66.0  438
200  68.0  297
40  0.0  201
60  29.0  381
80  24.0  273
100  46.0  383
120  73.0  344
140  65.0  493
160  30.0  506
180  60.0  473
200  48.0  312
40  5.0  265
60  32.0  381
80  17.0  459
100  58.0  407
120  63.0  437
140  72.0  419
160  74.0  415
180  89.0  356
200  86.0  376
40  0.0  253
60  57.0  335
80  64.0  347
100  69.0  327
120  60.0  320
140  34.0  300
160  79.0  343
180  90.0  306
200  97.0  236
40  16.0  266
60  52.0  362
80  19.0  302
100  39.0  453
120  59.0  351
140  76.0  410
160  79.0  440
180  77.0  350
200  69.0  426
40  17.0  193
60  12.0  316
80  55.0  357
100  61.0  296
120  27.0  504
140  73.0  397
160  86.0  337
180  92.0  284
200  95.0  255
40  13.0  194
60  18.0  283
80  62.0  354
100  61.0  357
120  69.0  420
140  36.0  285
160  43.0  412
180  34.0  512
200  94.0  284
40  6.0  246
60  11.0  254
80  53.0  371
100  29.0  393
120  43.0  405
140  70.0  402
160  68.0  493
180  85.0  340
200  39.0  423
40  6.0  176
60  8.0  366
80  52.0  388
100  67.0  407
120  62.0  434
140  79.0  340
160  70.0  390
180  79.0  406
200  92.0  274
40  23.0  325
60  48.0  454
80  57.0  330
100  61.0  406
120  42.0  538
140  90.0  296
160  32.0  328
180  88.0  343
200  47.0  331
40  0.0  100
60  42.0  311
80  56.0  416
100  56.0  396
120  30.0  341
140  73.0  416
160  86.0  330
180  82.0  343
200  27.0  355
40  11.0  264
60  42.0  316
80  45.0  431
100  41.0  372
120  44.0  332
140  62.0  453
160  37.0  318
180  43.0  503
200  76.0  391
40  22.0  209
60  17.0  263
80  26.0  449
100  71.0  423
120  83.0  351
140  98.0  218
160  77.0  257
180  80.0  485
200  96.0  248
40  21.0  131
60  35.0  399
80  29.0  388
100  46.0  423
120  59.0  353
140  37.0  543
160  90.0  323
180  93.0  280
200  95.0  259
40  27.0  189
60  25.0  397
80  10.0  441
100  46.0  446
120  57.0  408
140  73.0  427
160  56.0  317
180  50.0  294
200  93.0  302
40  12.0  330
60  7.0  325
80  67.0  351
100  56.0  299
120  41.0  308
140  73.0  311
160  35.0  306
180  94.0  260
200  90.0  303
40  42.0  290
60  38.0  367
80  36.0  450
100  72.0  378
120  66.0  426
140  75.0  407
160  84.0  326
180  53.0  314
200  59.0  410
40  7.0  327
60  9.0  310
80  35.0  455
100  58.0  390
120  49.0  329
140  29.0  203
160  77.0  296
180  87.0  338
200  86.0  340
40  0.0  194
60  14.0  325
80  56.0  338
100  46.0  504
120  53.0  287
140  37.0  177
160  83.0  243
180  73.0  380
200  51.0  384
40  30.0  330
60  7.0  224
80  38.0  288
100  23.0  323
120  64.0  358
140  83.0  350
160  61.0  460
180  81.0  419
200  95.0  291
40  15.0  379
60  8.0  299
80  44.0  339
100  30.0  331
120  84.0  375
140  65.0  397
160  85.0  298
180  86.0  360
200  92.0  311
40  30.0  290
60  21.0  287
80  23.0  289
100  47.0  447
120  62.0  254
140  55.0  386
160  52.0  301
180  71.0  277
200  92.0  324
40  13.0  293
60  33.0  350
80  20.0  458
100  51.0  444
120  80.0  315
140  79.0  377
160  79.0  300
180  82.0  342
200  45.0  240
40  0.0  143
60  58.0  360
80  18.0  341
100  53.0  441
120  52.0  398
140  84.0  307
160  86.0  302
180  98.0  235
200  78.0  489
40  5.0  243
60  11.0  257
80  10.0  310
100  19.0  350
120  32.0  272
140  63.0  391
160  86.0  365
180  62.0  591
200  35.0  306
40  14.0  262
60  22.0  284
80  32.0  321
100  41.0  449
120  49.0  281
140  59.0  410
160  78.0  439
180  60.0  347
200  52.0  254
40  4.0  342
60  24.0  253
80  34.0  337
100  37.0  405
120  62.0  301
140  53.0  541
160  93.0  288
180  66.0  533
200  70.0  507
40  22.0  245
60  6.0  172
80  47.0  525
100  54.0  439
120  72.0  461
140  60.0  420
160  82.0  408
180  50.0  253
200  61.0  309
40  20.0  319
60  54.0  281
80  12.0  257
100  45.0  450
120  36.0  481
140  96.0  238
160  90.0  297
180  83.0  208
200  58.0  474
40  7.0  248
60  53.0  333
80  66.0  373
100  13.0  292
120  46.0  373
140  70.0  416
160  76.0  374
180  93.0  273
200  89.0  349
40  11.0  213
60  59.0  322
80  12.0  490
100  22.0  529
120  71.0  290
140  61.0  385
160  91.0  292
180  88.0  336
200  73.0  306
40  9.0  271
60  27.0  281
80  19.0  356
100  56.0  401
120  50.0  485
140  59.0  493
160  60.0  465
180  53.0  374
200  97.0  246
40  16.0  292
60  13.0  204
80  24.0  202
100  7.0  284
120  67.0  463
140  89.0  269
160  97.0  240
180  90.0  279
200  98.0  222
40  13.0  263
60  40.0  356
80  30.0  392
100  29.0  320
120  61.0  449
140  78.0  381
160  33.0  464
180  73.0  474
200  74.0  393
40  24.0  194
60  43.0  424
80  33.0  440
100  20.0  446
120  64.0  375
140  74.0  352
160  80.0  398
180  57.0  621
200  83.0  368
40  17.0  261
60  13.0  328
80  25.0  259
100  57.0  315
120  7.0  391
140  88.0  301
160  91.0  322
180  91.0  331
200  93.0  298
40  12.0  141
60  68.0  281
80  38.0  440
100  53.0  387
120  52.0  407
140  82.0  349
160  61.0  239
180  83.0  297
200  83.0  415
40  20.0  395
60  24.0  270
80  23.0  500
100  28.0  497
120  46.0  485
140  83.0  248
160  70.0  395
180  57.0  310
200  59.0  567
40  11.0  302
60  56.0  343
80  22.0  254
100  43.0  314
120  83.0  317
140  34.0  620
160  74.0  417
180  37.0  517
200  34.0  333
40  36.0  305
60  17.0  483
80  12.0  305
100  15.0  299
120  29.0  181
140  82.0  341
160  30.0  330
180  91.0  314
200  85.0  396
40  20.0  214
60  32.0  272
80  51.0  316
100  36.0  400
120  51.0  359
140  78.0  371
160  98.0  205
180  74.0  465
200  69.0  364
40  0.0  308
60  60.0  365
80  37.0  285
100  50.0  286
120  69.0  321
140  28.0  308
160  42.0  425
180  89.0  290
200  95.0  264
40  24.0  391
60  20.0  334
80  42.0  355
100  50.0  431
120  49.0  468
140  71.0  329
160  86.0  318
180  62.0  308
200  79.0  363
40  33.0  285
60  10.0  157
80  40.0  395
100  47.0  302
120  68.0  330
140  72.0  329
160  64.0  452
180  76.0  421
200  75.0  545
40  33.0  277
60  23.0  212
80  50.0  359
100  15.0  404
120  45.0  558
140  42.0  383
160  55.0  532
180  60.0  354
200  85.0  322
40  6.0  223
60  21.0  335
80  31.0  344
100  33.0  589
120  73.0  354
140  50.0  620
160  96.0  242
180  34.0  229
200  64.0  290
40  7.0  269
60  49.0  283
80  54.0  380
100  15.0  352
120  46.0  309
140  85.0  219
160  90.0  346
180  44.0  383
200  68.0  389
40  30.0  307
60  27.0  297
80  36.0  304
100  46.0  400
120  52.0  342
140  65.0  524
160  65.0  522
180  55.0  287
200  96.0  245
40  23.0  270
60  36.0  407
80  50.0  327
100  35.0  250
120  93.0  255
140  24.0  178
160  66.0  284
180  82.0  323
200  58.0  481
40  0.0  225
60  14.0  269
80  44.0  351
100  52.0  324
120  58.0  358
140  71.0  447
160  83.0  398
180  43.0  195
200  55.0  407
40  11.0  230
60  9.0  142
80  46.0  354
100  46.0  518
120  30.0  444
140  81.0  295
160  91.0  224
180  66.0  519
200  63.0  375
40  4.0  186
60  33.0  307
80  45.0  481
100  64.0  351
120  40.0  535
140  60.0  268
160  82.0  325
180  64.0  321
200  86.0  346
40  6.0  149
60  7.0  150
80  37.0  309
100  47.0  537
120  54.0  277
140  63.0  475
160  85.0  344
180  36.0  313
200  88.0  332
40  38.0  208
60  15.0  203
80  17.0  287
100  40.0  452
120  10.0  790
140  72.0  362
160  71.0  333
180  94.0  276
200  92.0  288
40  8.0  147
60  22.0  261
80  44.0  522
100  54.0  454
120  52.0  379
140  58.0  482
160  82.0  297
180  59.0  656
200  81.0  377
40  48.0  217
60  42.0  340
80  63.0  313
100  37.0  330
120  67.0  402
140  27.0  295
160  64.0  546
180  98.0  218
200  93.0  272
40  19.0  135
60  59.0  320
80  25.0  276
100  36.0  301
120  80.0  392
140  62.0  378
160  78.0  312
180  83.0  376
200  88.0  374
40  0.0  343
60  29.0  240
80  28.0  500
100  23.0  418
120  58.0  459
140  61.0  422
160  69.0  423
180  81.0  229
200  86.0  388
40  15.0  357
60  33.0  325
80  24.0  344
100  32.0  368
120  49.0  526
140  63.0  374
160  86.0  301
180  67.0  258
200  88.0  360
40  55.0  225
60  34.0  363
80  24.0  228
100  53.0  441
120  61.0  317
140  94.0  248
160  90.0  283
180  61.0  495
200  69.0  316
40  4.0  307
60  46.0  242
80  38.0  325
100  36.0  479
120  65.0  229
140  36.0  609
160  45.0  422
180  46.0  257
200  97.0  240
40  18.0  318
60  34.0  269
80  28.0  333
100  30.0  319
120  46.0  392
140  76.0  234
160  65.0  344
180  98.0  229
200  85.0  345
40  30.0  145
60  41.0  400
80  55.0  297
100  71.0  347
120  58.0  406
140  76.0  377
160  71.0  328
180  60.0  525
200  77.0  324
40  18.0  315
60  43.0  366
80  19.0  570
100  43.0  235
120  39.0  463
140  60.0  393
160  95.0  274
180  98.0  212
200  88.0  348
40  0.0  173
60  19.0  288
80  40.0  372
100  59.0  415
120  72.0  381
140  82.0  410
160  44.0  254
180  90.0  311
200  95.0  256
40  7.0  226
60  40.0  368
80  66.0  271
100  35.0  671
120  21.0  385
140  54.0  336
160  31.0  430
180  93.0  268
200  94.0  273
40  4.0  270
60  2.0  304
80  77.0  315
100  43.0  230
120  27.0  538
140  89.0  292
160  54.0  322
180  94.0  286
200  38.0  263
40  1.0  122
60  17.0  383
80  22.0  352
100  59.0  511
120  49.0  359
140  84.0  301
160  63.0  347
180  63.0  395
200  55.0  339
40  1.0  282
60  1.0  275
80  39.0  311
100  87.0  257
120  61.0  355
140  88.0  308
160  60.0  472
180  58.0  616
200  65.0  275
40  20.0  133
60  42.0  388
80  33.0  387
100  42.0  554
120  55.0  530
140  80.0  312
160  71.0  330
180  66.0  363
200  64.0  439
40  19.0  253
60  11.0  256
80  18.0  406
100  72.0  365
120  51.0  520
140  78.0  360
160  87.0  375
180  93.0  276
200  92.0  281
40  17.0  408
60  25.0  362
80  18.0  448
100  65.0  356
120  66.0  402
140  91.0  253
160  33.0  321
180  35.0  453
200  70.0  290
40  7.0  233
60  9.0  279
80  28.0  443
100  45.0  575
120  84.0  332
140  34.0  299
160  50.0  219
180  71.0  224
200  88.0  360
40  2.0  144
60  18.0  284
80  30.0  430
100  26.0  381
120  78.0  429
140  63.0  468
160  69.0  389
180  40.0  220
200  69.0  275
40  30.0  186
60  30.0  204
80  87.0  271
100  48.0  398
120  50.0  442
140  65.0  343
160  83.0  361
180  69.0  396
200  87.0  310
40  0.0  198
60  30.0  296
80  57.0  395
100  43.0  404
120  33.0  382
140  60.0  529
160  38.0  316
180  49.0  548
200  86.0  313
40  31.0  231
60  34.0  373
80  18.0  420
100  54.0  412
120  69.0  401
140  33.0  330
160  63.0  429
180  76.0  420
200  96.0  268
40  20.0  316
60  27.0  265
80  26.0  522
100  53.0  432
120  19.0  259
140  82.0  332
160  76.0  437
180  90.0  290
200  76.0  342
40  8.0  325
60  8.0  309
80  16.0  181
100  44.0  625
120  46.0  580
140  75.0  273
160  82.0  373
180  98.0  232
200  83.0  447
40  11.0  377
60  19.0  370
80  12.0  352
100  24.0  382
120  39.0  276
140  73.0  369
160  43.0  281
180  94.0  268
200  89.0  371
40  16.0  302
60  46.0  299
80  36.0  318
100  17.0  260
120  70.0  422
140  70.0  432
160  84.0  337
180  33.0  368
200  79.0  442
40  7.0  161
60  0.0  98
80  27.0  385
100  36.0  422
120  40.0  528
140  58.0  405
160  66.0  280
180  85.0  352
200  59.0  398
40  0.0  104
60  12.0  277
80  22.0  274
100  35.0  610
120  76.0  334
140  87.0  310
160  85.0  252
180  39.0  712
200  82.0  364
40  18.0  283
60  48.0  341
80  46.0  284
100  50.0  369
120  45.0  251
140  62.0  371
160  77.0  333
180  71.0  464
200  71.0  346
40  21.0  220
60  38.0  361
80  63.0  341
100  45.0  364
120  50.0  329
140  75.0  453
160  98.0  212
180  72.0  369
200  84.0  343
