0  77.0  280.0
0  64.0  387.0
0  77.0  227.0
0  29.0  385.0
0  38.0  366.0
0  18.0  529.0
0  27.0  352.0
0  29.0  242.0
0  60.0  453.0
0  59.0  414.0
0  45.0  332.0
0  62.0  399.0
0  61.0  280.0
0  32.0  534.0
0  64.0  377.0
0  50.0  449.0
0  66.0  345.0
0  9.0  328.0
0  45.0  483.0
0  55.0  356.0
0  63.0  408.0
0  53.0  372.0
0  20.0  460.0
0  27.0  326.0
0  36.0  495.0
0  64.0  446.0
0  59.0  455.0
0  74.0  361.0
0  60.0  475.0
0  45.0  355.0
0  26.0  547.0
0  52.0  286.0
0  66.0  329.0
0  70.0  408.0
0  45.0  457.0
0  35.0  385.0
0  24.0  450.0
0  84.0  279.0
0  22.0  174.0
0  34.0  416.0
0  58.0  378.0
0  49.0  465.0
0  29.0  510.0
0  57.0  426.0
0  31.0  508.0
0  42.0  348.0
0  4.0  174.0
0  26.0  428.0
0  49.0  387.0
0  40.0  380.0
0  29.0  347.0
0  27.0  318.0
0  41.0  395.0
0  38.0  500.0
0  56.0  255.0
0  42.0  399.0
0  70.0  419.0
0  44.0  298.0
0  36.0  345.0
0  69.0  370.0
0  39.0  449.0
0  44.0  438.0
0  54.0  310.0
0  50.0  334.0
0  66.0  333.0
0  44.0  428.0
0  54.0  218.0
0  37.0  646.0
0  48.0  340.0
0  44.0  457.0
0  57.0  297.0
0  70.0  267.0
0  79.0  313.0
0  42.0  380.0
0  35.0  414.0
0  77.0  347.0
0  79.0  360.0
0  65.0  402.0
0  16.0  344.0
0  65.0  334.0
0  70.0  357.0
0  18.0  321.0
0  51.0  405.0
0  39.0  268.0
0  60.0  470.0
0  66.0  357.0
0  53.0  459.0
0  55.0  484.0
0  39.0  392.0
0  66.0  287.0
0  53.0  344.0
0  56.0  416.0
0  37.0  392.0
0  45.0  468.0
0  18.0  313.0
0  74.0  334.0
0  59.0  461.0
0  52.0  389.0
0  39.0  515.0
0  52.0  480.0
1  42.0  364.0
1  60.0  377.0
1  59.0  429.0
1  62.0  387.0
1  79.0  275.0
1  47.0  244.0
1  65.0  349.0
1  73.0  287.0
1  95.0  151.0
1  67.0  391.0
1  43.0  379.0
1  63.0  238.0
1  57.0  438.0
1  37.0  234.0
1  71.0  277.0
1  71.0  350.0
1  68.0  256.0
1  50.0  384.0
1  64.0  346.0
1  45.0  290.0
1  42.0  365.0
1  41.0  428.0
1  45.0  376.0
1  69.0  381.0
1  90.0  284.0
1  39.0  305.0
1  32.0  355.0
1  29.0  338.0
1  23.0  545.0
1  55.0  244.0
1  17.0  401.0
1  47.0  206.0
1  49.0  405.0
1  47.0  282.0
1  88.0  225.0
1  18.0  417.0
1  57.0  495.0
1  51.0  378.0
1  67.0  452.0
1  35.0  316.0
1  29.0  403.0
1  37.0  376.0
1  74.0  318.0
1  21.0  241.0
1  58.0  280.0
1  36.0  484.0
1  46.0  277.0
1  38.0  364.0
1  51.0  280.0
1  53.0  376.0
1  47.0  369.0
1  58.0  456.0
1  30.0  504.0
1  59.0  449.0
1  58.0  312.0
1  29.0  414.0
1  83.0  264.0
1  78.0  342.0
1  52.0  423.0
1  25.0  622.0
1  72.0  250.0
1  78.0  289.0
1  43.0  473.0
1  64.0  395.0
1  50.0  270.0
1  31.0  392.0
1  94.0  253.0
1  41.0  343.0
1  54.0  296.0
1  56.0  326.0
1  45.0  429.0
1  22.0  366.0
1  68.0  358.0
1  48.0  402.0
1  65.0  437.0
1  35.0  524.0
1  40.0  259.0
1  54.0  439.0
1  14.0  391.0
1  25.0  350.0
1  47.0  350.0
1  54.0  334.0
1  35.0  388.0
1  27.0  517.0
1  44.0  256.0
1  94.0  204.0
1  59.0  415.0
1  74.0  364.0
1  86.0  205.0
1  42.0  278.0
1  49.0  258.0
1  68.0  394.0
1  76.0  366.0
1  47.0  420.0
1  70.0  252.0
1  16.0  250.0
1  71.0  306.0
1  90.0  170.0
1  56.0  487.0
1  70.0  384.0
2  42.0  447.0
2  50.0  418.0
2  56.0  329.0
2  22.0  246.0
2  54.0  289.0
2  19.0  263.0
2  51.0  381.0
2  79.0  316.0
2  50.0  287.0
2  62.0  369.0
2  34.0  341.0
2  32.0  462.0
2  64.0  361.0
2  64.0  384.0
2  22.0  324.0
2  40.0  257.0
2  43.0  219.0
2  79.0  318.0
2  51.0  409.0
2  44.0  306.0
2  78.0  396.0
2  59.0  438.0
2  44.0  463.0
2  90.0  157.0
2  18.0  552.0
2  52.0  175.0
2  50.0  216.0
2  62.0  361.0
2  78.0  330.0
2  37.0  504.0
2  40.0  358.0
2  77.0  367.0
2  48.0  221.0
2  54.0  434.0
2  64.0  270.0
2  53.0  278.0
2  57.0  342.0
2  65.0  288.0
2  20.0  197.0
2  71.0  393.0
2  33.0  342.0
2  39.0  363.0
2  75.0  270.0
2  52.0  261.0
2  55.0  325.0
2  57.0  384.0
2  25.0  296.0
2  34.0  480.0
2  33.0  259.0
2  53.0  398.0
2  39.0  427.0
2  48.0  319.0
2  35.0  407.0
2  77.0  331.0
2  81.0  223.0
2  65.0  380.0
2  80.0  187.0
2  47.0  270.0
2  69.0  312.0
2  75.0  322.0
2  64.0  284.0
2  61.0  226.0
2  74.0  408.0
2  74.0  320.0
2  52.0  357.0
2  79.0  288.0
2  50.0  302.0
2  29.0  519.0
2  58.0  344.0
2  37.0  485.0
2  72.0  186.0
2  77.0  248.0
2  33.0  247.0
2  62.0  239.0
2  49.0  301.0
2  86.0  117.0
2  90.0  235.0
2  25.0  354.0
2  74.0  311.0
2  42.0  350.0
2  58.0  247.0
2  69.0  166.0
2  37.0  461.0
2  85.0  249.0
2  47.0  448.0
2  49.0  239.0
2  44.0  486.0
2  43.0  427.0
2  22.0  166.0
2  26.0  414.0
2  56.0  314.0
2  27.0  244.0
2  53.0  434.0
2  32.0  461.0
2  68.0  315.0
2  81.0  268.0
2  28.0  543.0
2  53.0  324.0
2  62.0  354.0
2  54.0  301.0
3  48.0  366.0
3  68.0  279.0
3  50.0  507.0
3  100.0  59.0
3  38.0  296.0
3  77.0  273.0
3  93.0  128.0
3  69.0  224.0
3  43.0  328.0
3  86.0  123.0
3  53.0  414.0
3  86.0  175.0
3  67.0  300.0
3  41.0  598.0
3  90.0  152.0
3  38.0  158.0
3  45.0  340.0
3  46.0  281.0
3  60.0  432.0
3  30.0  209.0
3  76.0  280.0
3  84.0  126.0
3  44.0  274.0
3  54.0  386.0
3  28.0  194.0
3  57.0  396.0
3  87.0  124.0
3  31.0  390.0
3  80.0  334.0
3  46.0  343.0
3  71.0  364.0
3  45.0  317.0
3  83.0  294.0
3  18.0  381.0
3  57.0  378.0
3  57.0  493.0
3  53.0  339.0
3  63.0  342.0
3  64.0  300.0
3  48.0  330.0
3  88.0  195.0
3  48.0  511.0
3  42.0  348.0
3  44.0  290.0
3  60.0  305.0
3  59.0  172.0
3  36.0  219.0
3  66.0  374.0
3  83.0  234.0
3  45.0  152.0
3  48.0  450.0
3  79.0  287.0
3  75.0  239.0
3  56.0  388.0
3  97.0  88.0
3  67.0  195.0
3  52.0  448.0
3  77.0  355.0
3  67.0  324.0
3  46.0  390.0
3  61.0  282.0
3  73.0  314.0
3  60.0  401.0
3  75.0  347.0
3  61.0  272.0
3  27.0  474.0
3  36.0  337.0
3  59.0  387.0
3  39.0  574.0
3  63.0  218.0
3  8.0  186.0
3  65.0  407.0
3  63.0  247.0
3  62.0  335.0
3  23.0  388.0
3  33.0  387.0
3  49.0  148.0
3  32.0  430.0
3  18.0  494.0
3  43.0  449.0
3  64.0  312.0
3  100.0  134.0
3  76.0  318.0
3  67.0  384.0
3  48.0  233.0
3  82.0  302.0
3  28.0  387.0
3  36.0  522.0
3  84.0  285.0
3  37.0  381.0
3  58.0  370.0
3  70.0  371.0
3  75.0  323.0
3  83.0  264.0
3  47.0  245.0
3  46.0  384.0
3  5.0  382.0
3  52.0  259.0
3  74.0  260.0
3  60.0  466.0
4  86.0  154.0
4  56.0  310.0
4  40.0  341.0
4  78.0  272.0
4  49.0  325.0
4  58.0  427.0
4  73.0  262.0
4  93.0  40.0
4  86.0  128.0
4  86.0  250.0
4  60.0  347.0
4  67.0  281.0
4  52.0  291.0
4  71.0  283.0
4  58.0  300.0
4  61.0  278.0
4  90.0  164.0
4  52.0  419.0
4  71.0  315.0
4  60.0  275.0
4  81.0  295.0
4  57.0  263.0
4  58.0  373.0
4  47.0  334.0
4  91.0  195.0
4  36.0  445.0
4  37.0  326.0
4  53.0  333.0
4  72.0  137.0
4  42.0  417.0
4  79.0  254.0
4  70.0  275.0
4  84.0  207.0
4  46.0  284.0
4  36.0  362.0
4  88.0  272.0
4  94.0  119.0
4  94.0  175.0
4  53.0  466.0
4  45.0  384.0
4  51.0  403.0
4  72.0  276.0
4  41.0  537.0
4  85.0  180.0
4  57.0  326.0
4  32.0  399.0
4  77.0  314.0
4  69.0  377.0
4  71.0  221.0
4  77.0  308.0
4  35.0  288.0
4  54.0  387.0
4  41.0  330.0
4  80.0  244.0
4  37.0  464.0
4  55.0  412.0
4  43.0  286.0
4  54.0  436.0
4  47.0  382.0
4  76.0  346.0
4  58.0  375.0
4  24.0  418.0
4  84.0  231.0
4  68.0  297.0
4  67.0  406.0
4  84.0  141.0
4  67.0  144.0
4  51.0  285.0
4  43.0  302.0
4  68.0  393.0
4  43.0  484.0
4  71.0  323.0
4  74.0  220.0
4  52.0  301.0
4  56.0  249.0
4  85.0  233.0
4  69.0  277.0
4  47.0  327.0
4  79.0  277.0
4  71.0  422.0
4  74.0  299.0
4  66.0  326.0
4  37.0  323.0
4  75.0  303.0
4  64.0  330.0
4  67.0  411.0
4  38.0  369.0
4  66.0  245.0
4  56.0  324.0
4  70.0  313.0
4  65.0  331.0
4  53.0  333.0
4  50.0  335.0
4  53.0  442.0
4  61.0  291.0
4  65.0  306.0
4  54.0  235.0
4  52.0  345.0
4  77.0  190.0
4  54.0  434.0
5  58.0  209.0
5  78.0  249.0
5  67.0  354.0
5  100.0  6.0
5  52.0  437.0
5  8.0  221.0
5  58.0  224.0
5  23.0  337.0
5  63.0  371.0
5  61.0  198.0
5  61.0  291.0
5  82.0  252.0
5  49.0  347.0
5  66.0  300.0
5  74.0  211.0
5  69.0  244.0
5  83.0  213.0
5  46.0  361.0
5  43.0  286.0
5  47.0  243.0
5  75.0  327.0
5  85.0  204.0
5  46.0  374.0
5  91.0  143.0
5  24.0  570.0
5  50.0  398.0
5  55.0  357.0
5  90.0  179.0
5  53.0  374.0
5  52.0  359.0
5  82.0  222.0
5  72.0  357.0
5  40.0  315.0
5  20.0  302.0
5  72.0  41.0
5  40.0  247.0
5  33.0  383.0
5  80.0  156.0
5  93.0  60.0
5  56.0  477.0
5  93.0  93.0
5  64.0  293.0
5  67.0  329.0
5  77.0  250.0
5  64.0  248.0
5  64.0  293.0
5  65.0  175.0
5  30.0  388.0
5  61.0  340.0
5  72.0  239.0
5  22.0  311.0
5  60.0  307.0
5  69.0  283.0
5  34.0  519.0
5  31.0  249.0
5  50.0  376.0
5  68.0  134.0
5  42.0  163.0
5  81.0  302.0
5  43.0  416.0
5  59.0  321.0
5  57.0  314.0
5  79.0  171.0
5  55.0  289.0
5  63.0  316.0
5  80.0  289.0
5  88.0  122.0
5  42.0  384.0
5  67.0  318.0
5  50.0  346.0
5  49.0  269.0
5  29.0  281.0
5  66.0  308.0
5  21.0  227.0
5  96.0  38.0
5  78.0  222.0
5  49.0  203.0
5  52.0  415.0
5  84.0  254.0
5  44.0  329.0
5  59.0  212.0
5  33.0  262.0
5  74.0  255.0
5  92.0  199.0
5  87.0  92.0
5  42.0  321.0
5  89.0  172.0
5  51.0  351.0
5  60.0  456.0
5  83.0  202.0
5  52.0  409.0
5  58.0  432.0
5  59.0  319.0
5  29.0  477.0
5  45.0  469.0
5  42.0  206.0
5  63.0  285.0
5  54.0  219.0
5  58.0  231.0
5  49.0  450.0
6  52.0  287.0
6  52.0  216.0
6  54.0  406.0
6  25.0  210.0
6  74.0  296.0
6  61.0  320.0
6  50.0  320.0
6  98.0  132.0
6  45.0  258.0
6  64.0  154.0
6  47.0  292.0
6  63.0  278.0
6  69.0  258.0
6  72.0  278.0
6  68.0  356.0
6  75.0  182.0
6  69.0  256.0
6  70.0  252.0
6  64.0  274.0
6  41.0  334.0
6  49.0  382.0
6  53.0  346.0
6  70.0  228.0
6  45.0  362.0
6  67.0  286.0
6  89.0  86.0
6  83.0  273.0
6  52.0  319.0
6  70.0  266.0
6  68.0  283.0
6  21.0  499.0
6  52.0  215.0
6  48.0  369.0
6  81.0  191.0
6  76.0  297.0
6  10.0  190.0
6  79.0  161.0
6  57.0  400.0
6  87.0  255.0
6  70.0  282.0
6  61.0  241.0
6  78.0  120.0
6  61.0  286.0
6  49.0  265.0
6  73.0  262.0
6  75.0  316.0
6  35.0  331.0
6  33.0  350.0
6  34.0  369.0
6  31.0  245.0
6  48.0  383.0
6  50.0  286.0
6  34.0  405.0
6  52.0  347.0
6  71.0  274.0
6  32.0  381.0
6  55.0  276.0
6  68.0  335.0
6  91.0  234.0
6  63.0  336.0
6  85.0  169.0
6  54.0  248.0
6  92.0  199.0
6  34.0  351.0
6  58.0  326.0
6  85.0  174.0
6  60.0  163.0
6  48.0  409.0
6  40.0  271.0
6  17.0  312.0
6  61.0  306.0
6  83.0  293.0
6  70.0  253.0
6  60.0  320.0
6  32.0  463.0
6  63.0  100.0
6  82.0  247.0
6  46.0  246.0
6  67.0  313.0
6  95.0  153.0
6  58.0  199.0
6  78.0  177.0
6  71.0  199.0
6  84.0  306.0
6  94.0  152.0
6  45.0  246.0
6  39.0  232.0
6  33.0  159.0
6  86.0  212.0
6  13.0  335.0
6  66.0  260.0
6  25.0  382.0
6  32.0  302.0
6  91.0  169.0
6  55.0  341.0
6  55.0  341.0
6  54.0  407.0
6  43.0  231.0
6  92.0  185.0
6  71.0  396.0
7  63.0  303.0
7  70.0  290.0
7  48.0  417.0
7  36.0  419.0
7  89.0  192.0
7  45.0  405.0
7  46.0  283.0
7  100.0  44.0
7  80.0  205.0
7  51.0  302.0
7  59.0  272.0
7  43.0  270.0
7  99.0  66.0
7  46.0  287.0
7  72.0  324.0
7  74.0  280.0
7  78.0  254.0
7  61.0  365.0
7  68.0  292.0
7  77.0  214.0
7  56.0  201.0
7  18.0  348.0
7  82.0  96.0
7  93.0  139.0
7  88.0  246.0
7  57.0  198.0
7  88.0  159.0
7  47.0  398.0
7  86.0  118.0
7  61.0  311.0
7  39.0  284.0
7  91.0  151.0
7  77.0  151.0
7  32.0  255.0
7  78.0  153.0
7  38.0  271.0
7  17.0  193.0
7  73.0  212.0
7  73.0  365.0
7  52.0  268.0
7  49.0  185.0
7  95.0  80.0
7  84.0  215.0
7  85.0  159.0
7  80.0  323.0
7  69.0  285.0
7  83.0  213.0
7  81.0  222.0
7  56.0  192.0
7  96.0  26.0
7  62.0  199.0
7  95.0  67.0
7  82.0  42.0
7  50.0  322.0
7  52.0  339.0
7  39.0  308.0
7  54.0  250.0
7  44.0  435.0
7  67.0  263.0
7  76.0  206.0
7  87.0  175.0
7  54.0  462.0
7  78.0  255.0
7  67.0  144.0
7  65.0  225.0
7  68.0  207.0
7  45.0  425.0
7  87.0  199.0
7  89.0  191.0
7  44.0  385.0
7  38.0  323.0
7  62.0  225.0
7  87.0  247.0
7  72.0  291.0
7  89.0  188.0
7  49.0  228.0
7  60.0  244.0
7  66.0  306.0
7  71.0  173.0
7  26.0  316.0
7  77.0  309.0
7  76.0  281.0
7  69.0  253.0
7  78.0  214.0
7  50.0  238.0
7  64.0  278.0
7  49.0  237.0
7  31.0  345.0
7  79.0  259.0
7  78.0  189.0
7  76.0  222.0
7  60.0  285.0
7  61.0  332.0
7  51.0  313.0
7  83.0  185.0
7  68.0  335.0
7  99.0  39.0
7  56.0  258.0
7  74.0  285.0
7  72.0  86.0
8  89.0  126.0
8  58.0  209.0
8  88.0  281.0
8  76.0  200.0
8  61.0  345.0
8  41.0  352.0
8  52.0  338.0
8  61.0  333.0
8  58.0  237.0
8  85.0  123.0
8  47.0  231.0
8  36.0  254.0
8  44.0  397.0
8  52.0  490.0
8  58.0  252.0
8  87.0  44.0
8  75.0  232.0
8  81.0  166.0
8  44.0  302.0
8  63.0  287.0
8  85.0  152.0
8  69.0  286.0
8  40.0  278.0
8  79.0  291.0
8  47.0  272.0
8  78.0  305.0
8  75.0  235.0
8  72.0  46.0
8  64.0  328.0
8  27.0  228.0
8  63.0  354.0
8  86.0  218.0
8  100.0  13.0
8  29.0  263.0
8  68.0  193.0
8  65.0  381.0
8  93.0  126.0
8  72.0  250.0
8  61.0  294.0
8  94.0  73.0
8  92.0  64.0
8  44.0  328.0
8  20.0  172.0
8  74.0  250.0
8  58.0  284.0
8  66.0  386.0
8  86.0  122.0
8  41.0  249.0
8  81.0  209.0
8  87.0  224.0
8  63.0  291.0
8  68.0  284.0
8  85.0  243.0
8  74.0  210.0
8  31.0  116.0
8  77.0  312.0
8  85.0  203.0
8  27.0  94.0
8  36.0  257.0
8  63.0  215.0
8  85.0  167.0
8  77.0  260.0
8  73.0  194.0
8  82.0  177.0
8  89.0  59.0
8  45.0  114.0
8  73.0  180.0
8  47.0  235.0
8  51.0  238.0
8  85.0  168.0
8  47.0  225.0
8  61.0  362.0
8  52.0  123.0
8  80.0  225.0
8  84.0  168.0
8  71.0  262.0
8  60.0  334.0
8  90.0  168.0
8  75.0  252.0
8  80.0  188.0
8  62.0  304.0
8  80.0  296.0
8  88.0  156.0
8  70.0  200.0
8  48.0  364.0
8  84.0  193.0
8  45.0  223.0
8  98.0  116.0
8  53.0  348.0
8  60.0  165.0
8  89.0  69.0
8  85.0  49.0
8  25.0  196.0
8  77.0  265.0
8  74.0  119.0
8  52.0  242.0
8  97.0  97.0
8  83.0  136.0
8  64.0  209.0
8  75.0  260.0
9  51.0  239.0
9  44.0  316.0
9  100.0  13.0
9  55.0  383.0
9  78.0  241.0
9  89.0  129.0
9  37.0  321.0
9  78.0  264.0
9  35.0  277.0
9  92.0  243.0
9  86.0  148.0
9  47.0  462.0
9  75.0  314.0
9  65.0  333.0
9  42.0  334.0
9  58.0  373.0
9  75.0  318.0
9  24.0  327.0
9  91.0  134.0
9  62.0  231.0
9  33.0  369.0
9  39.0  331.0
9  35.0  292.0
9  55.0  312.0
9  73.0  301.0
9  41.0  273.0
9  63.0  246.0
9  45.0  336.0
9  21.0  287.0
9  65.0  256.0
9  91.0  169.0
9  87.0  223.0
9  40.0  399.0
9  100.0  23.0
9  92.0  116.0
9  43.0  356.0
9  93.0  38.0
9  73.0  298.0
9  78.0  293.0
9  74.0  200.0
9  62.0  385.0
9  78.0  258.0
9  79.0  242.0
9  95.0  122.0
9  57.0  332.0
9  84.0  175.0
9  46.0  299.0
9  49.0  319.0
9  58.0  335.0
9  50.0  284.0
9  99.0  92.0
9  96.0  113.0
9  35.0  220.0
9  36.0  243.0
9  70.0  211.0
9  76.0  275.0
9  33.0  269.0
9  70.0  285.0
9  80.0  173.0
9  51.0  435.0
9  89.0  128.0
9  92.0  136.0
9  16.0  475.0
9  49.0  247.0
9  66.0  349.0
9  22.0  363.0
9  52.0  304.0
9  53.0  331.0
9  55.0  325.0
9  57.0  368.0
9  67.0  285.0
9  43.0  320.0
9  56.0  377.0
9  28.0  241.0
9  82.0  67.0
9  44.0  161.0
9  90.0  93.0
9  51.0  339.0
9  65.0  309.0
9  51.0  358.0
9  86.0  194.0
9  83.0  191.0
9  74.0  130.0
9  82.0  85.0
9  81.0  37.0
9  89.0  143.0
9  22.0  327.0
9  77.0  234.0
9  22.0  271.0
9  69.0  185.0
9  76.0  303.0
9  91.0  180.0
9  100.0  66.0
9  89.0  46.0
9  63.0  66.0
9  42.0  334.0
9  63.0  322.0
9  46.0  383.0
9  82.0  237.0
9  48.0  287.0
10  81.0  156.0
10  76.0  263.0
10  68.0  311.0
10  46.0  280.0
10  72.0  180.0
10  84.0  213.0
10  99.0  20.0
10  91.0  189.0
10  73.0  274.0
10  68.0  392.0
10  53.0  215.0
10  85.0  212.0
10  87.0  245.0
10  47.0  420.0
10  69.0  92.0
10  83.0  208.0
10  55.0  280.0
10  47.0  316.0
10  65.0  192.0
10  60.0  212.0
10  77.0  155.0
10  52.0  258.0
10  50.0  303.0
10  77.0  188.0
10  77.0  52.0
10  76.0  159.0
10  94.0  42.0
10  74.0  122.0
10  44.0  154.0
10  84.0  182.0
10  62.0  244.0
10  82.0  229.0
10  81.0  172.0
10  52.0  343.0
10  85.0  161.0
10  94.0  46.0
10  12.0  336.0
10  53.0  220.0
10  82.0  88.0
10  58.0  248.0
10  75.0  189.0
10  18.0  399.0
10  51.0  124.0
10  75.0  108.0
10  70.0  247.0
10  73.0  226.0
10  99.0  48.0
10  83.0  180.0
10  61.0  373.0
10  57.0  340.0
10  74.0  182.0
10  86.0  266.0
10  51.0  210.0
10  93.0  117.0
10  64.0  302.0
10  47.0  205.0
10  81.0  196.0
10  66.0  304.0
10  40.0  360.0
10  85.0  186.0
10  64.0  298.0
10  68.0  131.0
10  100.0  3.0
10  76.0  172.0
10  98.0  33.0
10  61.0  306.0
10  49.0  320.0
10  50.0  225.0
10  72.0  263.0
10  74.0  271.0
10  51.0  266.0
10  93.0  110.0
10  56.0  383.0
10  42.0  271.0
10  83.0  149.0
10  62.0  72.0
10  73.0  363.0
10  39.0  353.0
10  41.0  221.0
10  66.0  323.0
10  66.0  161.0
10  41.0  358.0
10  100.0  18.0
10  92.0  175.0
10  61.0  292.0
10  38.0  163.0
10  96.0  76.0
10  53.0  458.0
10  96.0  59.0
10  44.0  273.0
10  46.0  340.0
10  60.0  277.0
10  96.0  77.0
10  61.0  361.0
10  83.0  136.0
10  89.0  139.0
10  78.0  199.0
10  75.0  186.0
10  65.0  210.0
10  58.0  235.0
11  62.0  187.0
11  64.0  322.0
11  98.0  63.0
11  79.0  214.0
11  37.0  225.0
11  83.0  214.0
11  38.0  261.0
11  58.0  288.0
11  86.0  144.0
11  86.0  91.0
11  70.0  241.0
11  84.0  242.0
11  86.0  120.0
11  61.0  291.0
11  48.0  416.0
11  82.0  231.0
11  41.0  268.0
11  80.0  222.0
11  47.0  364.0
11  45.0  434.0
11  84.0  185.0
11  68.0  103.0
11  79.0  208.0
11  93.0  182.0
11  89.0  73.0
11  69.0  207.0
11  66.0  195.0
11  53.0  360.0
11  79.0  161.0
11  70.0  279.0
11  56.0  277.0
11  48.0  272.0
11  57.0  300.0
11  72.0  301.0
11  56.0  242.0
11  75.0  140.0
11  53.0  271.0
11  53.0  255.0
11  88.0  149.0
11  70.0  279.0
11  83.0  168.0
11  53.0  266.0
11  79.0  98.0
11  84.0  145.0
11  72.0  216.0
11  83.0  126.0
11  97.0  63.0
11  72.0  322.0
11  88.0  86.0
11  52.0  283.0
11  90.0  181.0
11  64.0  250.0
11  15.0  297.0
11  79.0  291.0
11  69.0  310.0
11  97.0  40.0
11  37.0  248.0
11  84.0  245.0
11  62.0  136.0
11  93.0  204.0
11  63.0  328.0
11  45.0  447.0
11  74.0  390.0
11  43.0  335.0
11  50.0  322.0
11  58.0  487.0
11  81.0  136.0
11  88.0  177.0
11  64.0  265.0
11  68.0  362.0
11  50.0  216.0
11  69.0  294.0
11  68.0  160.0
11  50.0  213.0
11  50.0  353.0
11  48.0  272.0
11  79.0  214.0
11  45.0  359.0
11  66.0  194.0
11  79.0  147.0
11  88.0  150.0
11  48.0  333.0
11  72.0  128.0
11  98.0  122.0
11  81.0  155.0
11  64.0  312.0
11  20.0  298.0
11  49.0  305.0
11  100.0  58.0
11  56.0  259.0
11  57.0  314.0
11  64.0  228.0
11  19.0  320.0
11  64.0  141.0
11  73.0  210.0
11  52.0  228.0
11  96.0  106.0
11  57.0  194.0
11  80.0  157.0
11  57.0  332.0
12  36.0  345.0
12  66.0  118.0
12  63.0  209.0
12  81.0  185.0
12  65.0  154.0
12  68.0  277.0
12  86.0  200.0
12  72.0  235.0
12  55.0  119.0
12  41.0  117.0
12  38.0  513.0
12  100.0  0.0
12  66.0  260.0
12  76.0  160.0
12  45.0  341.0
12  82.0  196.0
12  80.0  57.0
12  40.0  205.0
12  17.0  170.0
12  52.0  303.0
12  63.0  294.0
12  64.0  246.0
12  57.0  58.0
12  76.0  251.0
12  75.0  302.0
12  100.0  15.0
12  66.0  299.0
12  46.0  311.0
12  54.0  253.0
12  49.0  296.0
12  65.0  268.0
12  70.0  233.0
12  83.0  224.0
12  46.0  262.0
12  79.0  104.0
12  72.0  248.0
12  92.0  175.0
12  50.0  334.0
12  26.0  174.0
12  46.0  234.0
12  82.0  141.0
12  96.0  70.0
12  28.0  220.0
12  71.0  218.0
12  55.0  140.0
12  63.0  240.0
12  87.0  192.0
12  90.0  200.0
12  50.0  469.0
12  56.0  268.0
12  76.0  326.0
12  75.0  111.0
12  71.0  349.0
12  96.0  68.0
12  76.0  263.0
12  100.0  13.0
12  84.0  180.0
12  97.0  63.0
12  88.0  120.0
12  87.0  121.0
12  63.0  287.0
12  80.0  230.0
12  76.0  198.0
12  71.0  150.0
12  69.0  184.0
12  69.0  286.0
12  72.0  166.0
12  64.0  226.0
12  67.0  265.0
12  47.0  306.0
12  80.0  214.0
12  69.0  241.0
12  69.0  334.0
12  41.0  276.0
12  79.0  169.0
12  57.0  168.0
12  62.0  337.0
12  47.0  332.0
12  58.0  365.0
12  75.0  267.0
12  51.0  298.0
12  65.0  253.0
12  99.0  17.0
12  98.0  53.0
12  64.0  243.0
12  49.0  159.0
12  87.0  160.0
12  83.0  142.0
12  88.0  104.0
12  39.0  341.0
12  97.0  73.0
12  38.0  256.0
12  39.0  174.0
12  96.0  75.0
12  100.0  22.0
12  72.0  134.0
12  70.0  267.0
12  77.0  256.0
12  90.0  166.0
12  73.0  45.0
13  58.0  185.0
13  86.0  131.0
13  80.0  124.0
13  78.0  262.0
13  80.0  209.0
13  98.0  43.0
13  37.0  188.0
13  91.0  104.0
13  54.0  271.0
13  74.0  263.0
13  44.0  195.0
13  94.0  138.0
13  77.0  201.0
13  64.0  256.0
13  45.0  98.0
13  76.0  17.0
13  38.0  236.0
13  49.0  274.0
13  81.0  152.0
13  11.0  188.0
13  76.0  206.0
13  100.0  1.0
13  90.0  84.0
13  70.0  264.0
13  92.0  136.0
13  89.0  14.0
13  79.0  205.0
13  63.0  398.0
13  66.0  257.0
13  66.0  172.0
13  64.0  194.0
13  89.0  128.0
13  87.0  145.0
13  77.0  168.0
13  78.0  174.0
13  41.0  274.0
13  77.0  110.0
13  69.0  174.0
13  64.0  321.0
13  94.0  53.0
13  97.0  35.0
13  66.0  132.0
13  77.0  196.0
13  82.0  81.0
13  87.0  71.0
13  82.0  232.0
13  61.0  134.0
13  87.0  93.0
13  75.0  195.0
13  36.0  230.0
13  82.0  119.0
13  85.0  95.0
13  93.0  49.0
13  98.0  48.0
13  56.0  221.0
13  32.0  396.0
13  91.0  50.0
13  69.0  227.0
13  73.0  245.0
13  18.0  214.0
13  82.0  133.0
13  68.0  203.0
13  74.0  251.0
13  69.0  262.0
13  56.0  172.0
13  85.0  128.0
13  42.0  195.0
13  50.0  309.0
13  98.0  55.0
13  67.0  389.0
13  76.0  248.0
13  51.0  208.0
13  91.0  126.0
13  79.0  249.0
13  83.0  151.0
13  85.0  207.0
13  73.0  239.0
13  100.0  10.0
13  88.0  7.0
13  87.0  190.0
13  94.0  44.0
13  58.0  120.0
13  65.0  274.0
13  81.0  189.0
13  89.0  81.0
13  44.0  336.0
13  37.0  405.0
13  50.0  278.0
13  60.0  224.0
13  49.0  317.0
13  98.0  34.0
13  57.0  365.0
13  62.0  225.0
13  77.0  251.0
13  54.0  117.0
13  81.0  146.0
13  86.0  238.0
13  53.0  236.0
13  95.0  38.0
13  96.0  117.0
14  96.0  87.0
14  80.0  130.0
14  80.0  217.0
14  100.0  9.0
14  74.0  126.0
14  73.0  139.0
14  98.0  36.0
14  50.0  221.0
14  96.0  67.0
14  79.0  94.0
14  46.0  330.0
14  91.0  87.0
14  84.0  118.0
14  56.0  205.0
14  74.0  223.0
14  75.0  156.0
14  100.0  38.0
14  64.0  298.0
14  38.0  207.0
14  95.0  91.0
14  90.0  177.0
14  61.0  319.0
14  90.0  152.0
14  47.0  311.0
14  53.0  379.0
14  80.0  193.0
14  100.0  50.0
14  82.0  73.0
14  60.0  196.0
14  48.0  287.0
14  91.0  174.0
14  87.0  148.0
14  63.0  224.0
14  74.0  400.0
14  81.0  150.0
14  92.0  173.0
14  91.0  130.0
14  44.0  305.0
14  62.0  162.0
14  81.0  124.0
14  59.0  249.0
14  56.0  174.0
14  69.0  245.0
14  71.0  253.0
14  83.0  133.0
14  83.0  276.0
14  53.0  371.0
14  53.0  171.0
14  80.0  248.0
14  33.0  363.0
14  87.0  139.0
14  62.0  174.0
14  90.0  147.0
14  60.0  209.0
14  87.0  131.0
14  60.0  257.0
14  88.0  91.0
14  94.0  71.0
14  91.0  34.0
14  69.0  93.0
14  50.0  204.0
14  97.0  47.0
14  58.0  200.0
14  98.0  19.0
14  100.0  18.0
14  81.0  206.0
14  77.0  167.0
14  62.0  99.0
14  89.0  162.0
14  49.0  167.0
14  63.0  236.0
14  90.0  135.0
14  91.0  121.0
14  70.0  246.0
14  42.0  228.0
14  95.0  63.0
14  70.0  262.0
14  69.0  334.0
14  56.0  166.0
14  51.0  332.0
14  81.0  108.0
14  26.0  144.0
14  28.0  365.0
14  82.0  227.0
14  73.0  211.0
14  67.0  156.0
14  75.0  286.0
14  70.0  202.0
14  25.0  288.0
14  43.0  157.0
14  95.0  58.0
14  89.0  200.0
14  85.0  125.0
14  96.0  73.0
14  62.0  258.0
14  58.0  204.0
14  54.0  123.0
14  64.0  214.0
14  76.0  289.0
14  90.0  163.0
15  80.0  210.0
15  92.0  168.0
15  85.0  210.0
15  71.0  316.0
15  66.0  185.0
15  39.0  235.0
15  70.0  239.0
15  87.0  165.0
15  81.0  86.0
15  55.0  226.0
15  67.0  253.0
15  72.0  118.0
15  90.0  84.0
15  49.0  336.0
15  58.0  226.0
15  66.0  108.0
15  69.0  285.0
15  73.0  216.0
15  94.0  108.0
15  44.0  297.0
15  93.0  153.0
15  76.0  93.0
15  64.0  237.0
15  100.0  18.0
15  100.0  34.0
15  67.0  284.0
15  31.0  270.0
15  100.0  18.0
15  100.0  11.0
15  73.0  319.0
15  89.0  69.0
15  62.0  287.0
15  73.0  168.0
15  100.0  17.0
15  83.0  148.0
15  69.0  231.0
15  80.0  242.0
15  93.0  95.0
15  53.0  256.0
15  89.0  154.0
15  58.0  335.0
15  71.0  196.0
15  79.0  152.0
15  84.0  140.0
15  69.0  149.0
15  43.0  235.0
15  94.0  77.0
15  78.0  233.0
15  64.0  315.0
15  91.0  46.0
15  61.0  154.0
15  90.0  87.0
15  76.0  176.0
15  39.0  253.0
15  85.0  137.0
15  93.0  134.0
15  57.0  79.0
15  79.0  99.0
15  78.0  248.0
15  91.0  129.0
15  86.0  185.0
15  100.0  41.0
15  93.0  121.0
15  89.0  176.0
15  76.0  192.0
15  70.0  198.0
15  72.0  285.0
15  81.0  68.0
15  67.0  145.0
15  95.0  21.0
15  63.0  134.0
15  75.0  189.0
15  91.0  71.0
15  55.0  310.0
15  66.0  146.0
15  86.0  131.0
15  44.0  420.0
15  43.0  224.0
15  50.0  355.0
15  81.0  155.0
15  95.0  50.0
15  82.0  276.0
15  78.0  170.0
15  66.0  333.0
15  70.0  93.0
15  85.0  186.0
15  77.0  245.0
15  67.0  180.0
15  84.0  228.0
15  66.0  194.0
15  97.0  24.0
15  86.0  222.0
15  85.0  105.0
15  80.0  262.0
15  78.0  224.0
15  52.0  334.0
15  88.0  236.0
15  70.0  190.0
15  62.0  362.0
15  77.0  183.0
16  100.0  3.0
16  86.0  152.0
16  90.0  139.0
16  82.0  162.0
16  88.0  138.0
16  62.0  140.0
16  90.0  42.0
16  27.0  501.0
16  69.0  402.0
16  43.0  163.0
16  75.0  232.0
16  100.0  15.0
16  36.0  229.0
16  8.0  316.0
16  42.0  122.0
16  81.0  105.0
16  64.0  135.0
16  87.0  104.0
16  77.0  157.0
16  71.0  238.0
16  94.0  118.0
16  57.0  255.0
16  88.0  103.0
16  59.0  206.0
16  63.0  254.0
16  54.0  270.0
16  87.0  124.0
16  85.0  237.0
16  96.0  52.0
16  98.0  66.0
16  84.0  117.0
16  86.0  170.0
16  75.0  334.0
16  69.0  208.0
16  87.0  167.0
16  78.0  150.0
16  91.0  95.0
16  44.0  327.0
16  71.0  314.0
16  78.0  160.0
16  76.0  275.0
16  69.0  299.0
16  82.0  67.0
16  71.0  273.0
16  86.0  147.0
16  89.0  224.0
16  91.0  157.0
16  86.0  164.0
16  68.0  183.0
16  73.0  262.0
16  76.0  199.0
16  92.0  41.0
16  74.0  260.0
16  94.0  60.0
16  83.0  128.0
16  52.0  303.0
16  88.0  132.0
16  86.0  158.0
16  83.0  182.0
16  60.0  321.0
16  72.0  184.0
16  72.0  256.0
16  99.0  33.0
16  90.0  152.0
16  76.0  198.0
16  65.0  322.0
16  85.0  126.0
16  94.0  75.0
16  88.0  113.0
16  76.0  207.0
16  99.0  48.0
16  70.0  274.0
16  34.0  213.0
16  100.0  64.0
16  47.0  196.0
16  78.0  238.0
16  71.0  111.0
16  81.0  126.0
16  52.0  200.0
16  78.0  104.0
16  94.0  52.0
16  73.0  137.0
16  97.0  83.0
16  80.0  121.0
16  82.0  151.0
16  78.0  62.0
16  64.0  143.0
16  74.0  208.0
16  62.0  361.0
16  97.0  122.0
16  88.0  137.0
16  99.0  112.0
16  67.0  269.0
16  43.0  376.0
16  64.0  364.0
16  61.0  202.0
16  47.0  265.0
16  48.0  144.0
16  100.0  10.0
16  69.0  149.0
17  89.0  132.0
17  93.0  93.0
17  100.0  62.0
17  83.0  208.0
17  84.0  124.0
17  77.0  244.0
17  66.0  247.0
17  68.0  212.0
17  92.0  130.0
17  82.0  223.0
17  45.0  273.0
17  22.0  208.0
17  63.0  283.0
17  87.0  108.0
17  82.0  139.0
17  95.0  157.0
17  87.0  74.0
17  55.0  158.0
17  73.0  231.0
17  61.0  291.0
17  86.0  151.0
17  97.0  32.0
17  86.0  158.0
17  77.0  117.0
17  75.0  164.0
17  67.0  153.0
17  59.0  149.0
17  57.0  250.0
17  95.0  125.0
17  93.0  112.0
17  32.0  311.0
17  100.0  27.0
17  100.0  22.0
17  86.0  159.0
17  92.0  125.0
17  60.0  165.0
17  87.0  130.0
17  96.0  56.0
17  82.0  137.0
17  77.0  132.0
17  95.0  46.0
17  77.0  198.0
17  60.0  306.0
17  63.0  258.0
17  89.0  103.0
17  71.0  125.0
17  62.0  191.0
17  63.0  200.0
17  57.0  46.0
17  93.0  131.0
17  58.0  113.0
17  98.0  48.0
17  47.0  152.0
17  98.0  48.0
17  97.0  34.0
17  89.0  134.0
17  42.0  118.0
17  55.0  167.0
17  85.0  21.0
17  78.0  233.0
17  92.0  97.0
17  66.0  161.0
17  89.0  133.0
17  67.0  213.0
17  78.0  213.0
17  96.0  50.0
17  74.0  124.0
17  98.0  29.0
17  78.0  104.0
17  56.0  189.0
17  94.0  129.0
17  94.0  105.0
17  50.0  250.0
17  75.0  137.0
17  100.0  17.0
17  77.0  309.0
17  60.0  213.0
17  45.0  196.0
17  100.0  24.0
17  81.0  145.0
17  79.0  240.0
17  97.0  37.0
17  92.0  79.0
17  77.0  216.0
17  92.0  60.0
17  55.0  372.0
17  56.0  272.0
17  57.0  93.0
17  97.0  73.0
17  80.0  101.0
17  96.0  54.0
17  74.0  122.0
17  90.0  192.0
17  49.0  410.0
17  83.0  145.0
17  62.0  134.0
17  72.0  274.0
17  89.0  148.0
17  65.0  222.0
17  36.0  347.0
18  45.0  243.0
18  67.0  54.0
18  72.0  229.0
18  90.0  75.0
18  85.0  136.0
18  69.0  113.0
18  81.0  234.0
18  87.0  197.0
18  64.0  194.0
18  89.0  96.0
18  78.0  49.0
18  82.0  167.0
18  100.0  36.0
18  77.0  183.0
18  90.0  120.0
18  90.0  186.0
18  84.0  154.0
18  86.0  162.0
18  97.0  37.0
18  95.0  38.0
18  90.0  160.0
18  91.0  90.0
18  70.0  125.0
18  91.0  43.0
18  70.0  126.0
18  35.0  307.0
18  99.0  108.0
18  81.0  144.0
18  70.0  309.0
18  11.0  354.0
18  40.0  179.0
18  64.0  304.0
18  100.0  11.0
18  89.0  70.0
18  29.0  221.0
18  73.0  99.0
18  88.0  86.0
18  81.0  279.0
18  91.0  140.0
18  48.0  206.0
18  30.0  219.0
18  84.0  212.0
18  73.0  200.0
18  59.0  213.0
18  60.0  292.0
18  84.0  195.0
18  60.0  211.0
18  99.0  25.0
18  89.0  58.0
18  74.0  207.0
18  65.0  115.0
18  96.0  134.0
18  98.0  64.0
18  59.0  232.0
18  100.0  23.0
18  88.0  174.0
18  73.0  112.0
18  51.0  77.0
18  82.0  166.0
18  7.0  180.0
18  95.0  88.0
18  84.0  119.0
18  82.0  207.0
18  75.0  128.0
18  92.0  20.0
18  68.0  273.0
18  70.0  250.0
18  93.0  80.0
18  68.0  196.0
18  52.0  141.0
18  74.0  301.0
18  57.0  169.0
18  85.0  116.0
18  55.0  112.0
18  60.0  177.0
18  99.0  37.0
18  82.0  58.0
18  44.0  245.0
18  89.0  176.0
18  63.0  212.0
18  70.0  129.0
18  100.0  21.0
18  84.0  186.0
18  89.0  111.0
18  59.0  303.0
18  74.0  273.0
18  81.0  193.0
18  84.0  171.0
18  36.0  256.0
18  83.0  199.0
18  24.0  212.0
18  59.0  120.0
18  89.0  165.0
18  75.0  186.0
18  73.0  212.0
18  85.0  47.0
18  44.0  303.0
18  72.0  230.0
18  84.0  215.0
18  100.0  25.0
19  93.0  86.0
19  99.0  31.0
19  89.0  163.0
19  56.0  319.0
19  52.0  182.0
19  65.0  209.0
19  88.0  143.0
19  73.0  129.0
19  91.0  102.0
19  100.0  0.0
19  84.0  159.0
19  91.0  125.0
19  77.0  262.0
19  86.0  157.0
19  83.0  152.0
19  51.0  140.0
19  95.0  106.0
19  72.0  230.0
19  100.0  31.0
19  85.0  117.0
19  89.0  130.0
19  73.0  122.0
19  58.0  243.0
19  80.0  208.0
19  100.0  7.0
19  60.0  313.0
19  95.0  18.0
19  90.0  31.0
19  70.0  195.0
19  56.0  151.0
19  80.0  213.0
19  61.0  169.0
19  55.0  176.0
19  87.0  156.0
19  60.0  195.0
19  87.0  56.0
19  89.0  145.0
19  78.0  89.0
19  83.0  141.0
19  59.0  258.0
19  65.0  296.0
19  76.0  220.0
19  35.0  275.0
19  95.0  78.0
19  97.0  44.0
19  89.0  128.0
19  97.0  66.0
19  65.0  176.0
19  50.0  194.0
19  55.0  210.0
19  39.0  183.0
19  68.0  364.0
19  80.0  102.0
19  59.0  203.0
19  89.0  100.0
19  74.0  73.0
19  84.0  75.0
19  87.0  149.0
19  94.0  102.0
19  58.0  168.0
19  88.0  84.0
19  74.0  140.0
19  88.0  197.0
19  85.0  167.0
19  91.0  147.0
19  69.0  219.0
19  91.0  88.0
19  85.0  172.0
19  45.0  142.0
19  81.0  103.0
19  93.0  56.0
19  54.0  367.0
19  93.0  22.0
19  53.0  215.0
19  60.0  172.0
19  54.0  194.0
19  93.0  102.0
19  87.0  132.0
19  82.0  185.0
19  65.0  212.0
19  76.0  168.0
19  96.0  80.0
19  79.0  69.0
19  90.0  126.0
19  65.0  131.0
19  67.0  249.0
19  63.0  264.0
19  71.0  263.0
19  70.0  249.0
19  69.0  122.0
19  62.0  301.0
19  76.0  163.0
19  32.0  368.0
19  80.0  137.0
19  45.0  197.0
19  59.0  292.0
19  34.0  98.0
19  98.0  65.0
19  83.0  93.0
19  88.0  167.0
20  55.0  140.0
20  76.0  210.0
20  91.0  66.0
20  82.0  170.0
20  54.0  189.0
20  92.0  54.0
20  86.0  176.0
20  80.0  157.0
20  61.0  283.0
20  39.0  427.0
20  64.0  207.0
20  79.0  246.0
20  98.0  35.0
20  54.0  273.0
20  68.0  169.0
20  76.0  196.0
20  29.0  291.0
20  47.0  179.0
20  88.0  206.0
20  100.0  7.0
20  59.0  314.0
20  87.0  138.0
20  85.0  211.0
20  99.0  56.0
20  98.0  31.0
20  79.0  170.0
20  58.0  247.0
20  76.0  211.0
20  87.0  159.0
20  95.0  97.0
20  90.0  87.0
20  71.0  105.0
20  66.0  206.0
20  47.0  122.0
20  71.0  180.0
20  35.0  318.0
20  87.0  141.0
20  76.0  113.0
20  80.0  162.0
20  57.0  219.0
20  91.0  85.0
20  64.0  192.0
20  90.0  56.0
20  99.0  45.0
20  43.0  93.0
20  90.0  145.0
20  98.0  32.0
20  100.0  22.0
20  71.0  160.0
20  91.0  119.0
20  58.0  227.0
20  98.0  18.0
20  87.0  111.0
20  63.0  204.0
20  50.0  189.0
20  69.0  122.0
20  87.0  151.0
20  100.0  20.0
20  96.0  26.0
20  96.0  85.0
20  95.0  127.0
20  94.0  89.0
20  79.0  215.0
20  87.0  175.0
20  81.0  241.0
20  94.0  81.0
20  50.0  254.0
20  52.0  253.0
20  59.0  311.0
20  93.0  41.0
20  97.0  34.0
20  84.0  146.0
20  85.0  47.0
20  79.0  130.0
20  86.0  203.0
20  74.0  204.0
20  100.0  5.0
20  91.0  193.0
20  62.0  132.0
20  74.0  195.0
20  64.0  114.0
20  84.0  186.0
20  43.0  297.0
20  65.0  335.0
20  60.0  210.0
20  77.0  223.0
20  70.0  210.0
20  40.0  211.0
20  96.0  70.0
20  77.0  180.0
20  82.0  154.0
20  80.0  89.0
20  93.0  40.0
20  87.0  181.0
20  83.0  143.0
20  31.0  154.0
20  68.0  192.0
20  85.0  150.0
20  82.0  80.0
20  66.0  276.0
