0  36.600000000000001  3031
1  45.299999999999997  2672
2  51.700000000000003  2311
3  46.299999999999997  2000
4  49.0  2444
5  49.299999999999997  2376
6  53.899999999999999  2522
7  37.899999999999999  2204
8  46.799999999999997  2231
9  49.399999999999999  1878
10  61.100000000000001  1887
11  63.200000000000003  2121
12  60.5  1930
13  61.0  1576
14  44.799999999999997  2269
15  59.600000000000001  1713
16  66.299999999999997  1717
17  57.399999999999999  1661
18  65.5  1578
19  67.200000000000003  1489
20  53.399999999999999  1832
0  28.199999999999999  2220
1  47.700000000000003  2344
2  50.299999999999997  2581
3  46.700000000000003  2430
4  49.5  2744
5  47.299999999999997  2150
6  48.799999999999997  2306
7  43.299999999999997  2133
8  58.5  1840
9  45.600000000000001  2052
10  56.299999999999997  1988
11  56.600000000000001  1643
12  59.100000000000001  2149
13  56.0  1633
14  58.899999999999999  1445
15  57.299999999999997  1683
16  60.799999999999997  1479
17  70.0  1738
18  63.700000000000003  1281
19  69.799999999999997  1509
20  61.799999999999997  1277
0  46.600000000000001  2478
1  50.299999999999997  2661
2  41.399999999999999  2074
3  37.100000000000001  2284
4  46.700000000000003  2154
5  58.5  2194
6  47.100000000000001  2458
7  49.299999999999997  1974
8  57.899999999999999  2291
9  42.299999999999997  2027
10  56.600000000000001  1919
11  45.299999999999997  1753
12  61.200000000000003  2104
13  59.5  1759
14  51.899999999999999  1732
15  61.799999999999997  1753
16  65.799999999999997  1434
17  57.5  1530
18  68.0  1591
19  61.700000000000003  1624
20  68.700000000000003  1414
0  39.299999999999997  3153
1  37.600000000000001  2349
2  42.100000000000001  2588
3  46.600000000000001  2368
4  52.399999999999999  2555
5  54.5  2071
6  55.100000000000001  2623
7  53.399999999999999  1904
8  45.0  1833
9  51.0  2099
10  55.600000000000001  1935
11  57.799999999999997  2161
12  51.600000000000001  2062
13  64.900000000000006  1737
14  59.100000000000001  1912
15  65.700000000000003  1720
16  61.299999999999997  1522
17  52.899999999999999  1691
18  55.5  2149
19  57.5  1710
20  56.799999999999997  1557
0  47.0  2608
1  44.100000000000001  2539
2  50.899999999999999  2211
3  49.5  2211
4  52.899999999999999  2308
5  55.399999999999999  2092
6  57.200000000000003  2024
7  51.700000000000003  2204
8  40.5  1930
9  61.700000000000003  2150
10  52.5  2028
11  52.600000000000001  1863
12  51.5  1854
13  49.200000000000003  1966
14  68.099999999999994  1686
15  67.200000000000003  1632
16  54.200000000000003  1677
17  61.799999999999997  1485
18  60.299999999999997  1521
19  58.899999999999999  1779
20  60.100000000000001  1623
0  40.799999999999997  2389
1  37.200000000000003  2648
2  44.0  2316
3  56.5  2210
4  46.399999999999999  2893
5  41.5  2438
6  58.299999999999997  2191
7  54.0  2188
8  56.100000000000001  2078
9  51.899999999999999  1932
10  51.399999999999999  2114
11  54.299999999999997  1956
12  49.0  1723
13  40.5  1832
14  52.0  1986
15  56.299999999999997  1932
16  66.599999999999994  1470
17  63.299999999999997  1430
18  45.399999999999999  2017
19  63.5  1616
20  71.599999999999994  1452
0  41.600000000000001  2491
1  43.799999999999997  2786
2  54.899999999999999  2264
3  51.899999999999999  2663
4  50.799999999999997  2521
5  54.600000000000001  2321
6  52.600000000000001  2450
7  50.399999999999999  1977
8  54.799999999999997  2028
9  48.299999999999997  2157
10  51.5  2023
11  46.399999999999999  2067
12  62.899999999999999  1929
13  71.599999999999994  1625
14  62.299999999999997  1704
15  61.5  1615
16  57.799999999999997  1893
17  62.299999999999997  1888
18  58.5  1443
19  65.200000000000003  1747
20  61.200000000000003  1713
0  47.0  2577
1  44.399999999999999  2750
2  48.100000000000001  2385
3  47.0  2628
4  47.399999999999999  2507
5  50.899999999999999  2172
6  46.0  2025
7  52.700000000000003  2460
8  54.799999999999997  1885
9  55.600000000000001  2231
10  54.899999999999999  1952
11  60.5  1901
12  56.299999999999997  1936
13  64.0  1718
14  57.200000000000003  1530
15  65.799999999999997  1682
16  53.799999999999997  1659
17  69.0  1743
18  62.600000000000001  1673
19  57.100000000000001  1625
20  68.900000000000006  1572
0  45.899999999999999  2467
1  38.100000000000001  2505
2  40.0  2814
3  40.799999999999997  2335
4  42.899999999999999  2712
5  50.5  2419
6  66.299999999999997  2010
7  56.200000000000003  2155
8  48.0  2269
9  47.100000000000001  2133
10  50.799999999999997  2212
11  59.100000000000001  1951
12  57.799999999999997  1809
13  65.799999999999997  1438
14  60.100000000000001  1946
15  55.899999999999999  1541
16  67.200000000000003  1892
17  66.0  1464
18  63.700000000000003  1614
19  65.700000000000003  1610
20  55.100000000000001  1584
0  44.0  2463
1  53.100000000000001  2299
2  56.899999999999999  2536
3  35.600000000000001  2366
4  46.700000000000003  2276
5  48.799999999999997  2603
6  57.899999999999999  2327
7  49.799999999999997  2217
8  43.700000000000003  1927
9  58.5  1981
10  59.600000000000001  1870
11  55.200000000000003  1878
12  61.600000000000001  2219
13  53.399999999999999  1741
14  69.599999999999994  1885
15  55.399999999999999  1452
16  60.600000000000001  1840
17  69.0  1479
18  66.5  1666
19  63.200000000000003  1497
20  62.5  1500
0  43.799999999999997  2948
1  49.100000000000001  2423
2  41.100000000000001  2549
3  49.0  2639
4  54.299999999999997  2490
5  48.200000000000003  2247
6  45.799999999999997  2229
7  58.799999999999997  2197
8  52.100000000000001  1977
9  52.899999999999999  1736
10  54.0  1991
11  50.899999999999999  2008
12  56.0  1922
13  60.700000000000003  1659
14  69.400000000000006  1665
15  59.700000000000003  1884
16  64.0  1723
17  60.399999999999999  2062
18  61.799999999999997  1567
19  72.200000000000003  1414
20  65.200000000000003  1595
0  39.600000000000001  2688
1  43.700000000000003  2558
2  42.200000000000003  2254
3  49.5  2370
4  52.5  2277
5  41.799999999999997  2154
6  62.0  2302
7  49.799999999999997  2260
8  57.799999999999997  1777
9  48.600000000000001  2327
10  56.799999999999997  1734
11  52.200000000000003  2122
12  52.899999999999999  2000
13  58.299999999999997  2110
14  57.5  1732
15  54.100000000000001  1646
16  66.599999999999994  1708
17  58.700000000000003  1715
18  56.899999999999999  1618
19  58.100000000000001  1577
20  67.0  1861
0  37.100000000000001  2278
1  53.799999999999997  2604
2  50.600000000000001  2515
3  45.200000000000003  2318
4  42.700000000000003  2666
5  46.799999999999997  2528
6  35.399999999999999  2193
7  47.100000000000001  2058
8  53.0  2402
9  47.399999999999999  2177
10  57.200000000000003  2014
11  60.200000000000003  1897
12  63.899999999999999  1704
13  54.100000000000001  2085
14  54.0  1744
15  59.899999999999999  1902
16  57.799999999999997  1623
17  53.100000000000001  1906
18  61.299999999999997  1570
19  65.099999999999994  1376
20  64.400000000000006  1724
0  37.299999999999997  2401
1  50.299999999999997  2433
2  49.100000000000001  2407
3  47.700000000000003  2918
4  41.5  2173
5  48.700000000000003  2285
6  53.399999999999999  2305
7  56.200000000000003  1917
8  61.700000000000003  2235
9  53.399999999999999  2287
10  53.899999999999999  1957
11  64.700000000000003  1768
12  65.0  1839
13  56.5  2049
14  59.600000000000001  1982
15  61.5  1441
16  64.799999999999997  1696
17  57.799999999999997  1569
18  66.299999999999997  1665
19  64.099999999999994  1438
20  72.299999999999997  1538
0  46.799999999999997  2560
1  41.5  2310
2  35.5  2267
3  48.200000000000003  2680
4  46.700000000000003  2630
5  41.100000000000001  2148
6  65.0  2143
7  57.0  2262
8  55.399999999999999  1972
9  57.299999999999997  1849
10  50.0  1997
11  60.700000000000003  1720
12  50.799999999999997  1851
13  63.0  1774
14  60.100000000000001  1824
15  65.700000000000003  1674
16  50.600000000000001  1396
17  66.0  1492
18  62.0  1569
19  59.399999999999999  1541
20  57.5  1619
0  43.399999999999999  2719
1  46.799999999999997  2805
2  38.399999999999999  2670
3  43.5  1996
4  60.700000000000003  2334
5  53.0  2421
6  59.799999999999997  2175
7  63.700000000000003  1935
8  55.200000000000003  2129
9  57.299999999999997  2106
10  57.399999999999999  2085
11  54.0  2064
12  56.899999999999999  1611
13  53.899999999999999  1570
14  55.5  1865
15  56.600000000000001  2041
16  53.100000000000001  1431
17  65.700000000000003  1622
18  65.200000000000003  1682
19  55.100000000000001  1632
20  73.5  1399
0  36.700000000000003  2787
1  42.399999999999999  2781
2  56.899999999999999  2147
3  50.5  2566
4  49.600000000000001  2223
5  45.200000000000003  2265
6  47.0  1945
7  53.100000000000001  2057
8  59.0  2205
9  54.200000000000003  2030
10  65.299999999999997  1953
11  62.299999999999997  1832
12  56.600000000000001  2036
13  60.799999999999997  1826
14  59.5  1701
15  62.600000000000001  1773
16  74.200000000000003  1451
17  58.299999999999997  1710
18  63.700000000000003  1574
19  64.700000000000003  1559
20  61.299999999999997  1497
0  41.399999999999999  2500
1  32.299999999999997  2507
2  41.899999999999999  2558
3  42.200000000000003  2438
4  41.700000000000003  2439
5  50.299999999999997  2602
6  43.399999999999999  2521
7  53.700000000000003  2119
8  53.799999999999997  2163
9  63.5  2034
10  54.200000000000003  1861
11  55.5  1901
12  52.100000000000001  2174
13  63.200000000000003  1922
14  62.899999999999999  1735
15  57.200000000000003  1674
16  55.0  1771
17  64.900000000000006  1630
18  59.700000000000003  1705
19  67.400000000000006  1475
20  59.299999999999997  1703
0  50.299999999999997  2615
1  49.5  2573
2  41.399999999999999  2597
3  46.0  2457
4  45.5  2477
5  51.200000000000003  2395
6  49.700000000000003  2264
7  53.600000000000001  2043
8  54.600000000000001  2254
9  55.299999999999997  1909
10  58.0  1799
11  58.399999999999999  2218
12  57.899999999999999  2436
13  66.5  2004
14  54.600000000000001  1845
15  63.799999999999997  1672
16  61.100000000000001  1617
17  73.400000000000006  1550
18  63.899999999999999  1431
19  72.099999999999994  1334
20  57.200000000000003  1637
0  46.5  2634
1  47.5  2422
2  40.799999999999997  2286
3  45.0  2413
4  32.0  2346
5  42.700000000000003  2000
6  46.100000000000001  2334
7  51.5  2107
8  56.100000000000001  2022
9  50.200000000000003  1862
10  53.399999999999999  1754
11  63.200000000000003  1833
12  57.5  1670
13  55.799999999999997  1565
14  58.799999999999997  1942
15  63.0  1595
16  53.899999999999999  1360
17  56.0  1730
18  64.799999999999997  1421
19  65.900000000000006  1403
20  57.100000000000001  1989
0  42.399999999999999  2471
1  45.399999999999999  2169
2  56.899999999999999  2685
3  41.200000000000003  2327
4  39.100000000000001  2232
5  38.600000000000001  2233
6  44.700000000000003  2225
7  50.5  2188
8  45.700000000000003  2381
9  60.5  2224
10  53.600000000000001  2072
11  64.099999999999994  2014
12  50.200000000000003  1795
13  52.200000000000003  1699
14  58.100000000000001  1714
15  63.5  1713
16  65.099999999999994  1583
17  58.700000000000003  1469
18  66.299999999999997  1566
19  66.700000000000003  1760
20  67.299999999999997  1734
0  37.5  2602
1  48.799999999999997  2904
2  47.399999999999999  2532
3  51.200000000000003  2087
4  45.600000000000001  2201
5  46.5  2143
6  42.600000000000001  2289
7  50.700000000000003  2185
8  55.200000000000003  2083
9  58.399999999999999  1887
10  66.0  2061
11  59.100000000000001  2147
12  49.5  1943
13  57.299999999999997  1866
14  43.799999999999997  1898
15  60.700000000000003  1470
16  63.100000000000001  1667
17  64.5  1747
18  65.200000000000003  1598
19  69.599999999999994  1427
20  66.5  1367
0  41.899999999999999  2516
1  49.5  2630
2  38.399999999999999  2594
3  48.5  2291
4  44.299999999999997  2010
5  54.200000000000003  2338
6  61.399999999999999  2063
7  48.299999999999997  2053
8  58.899999999999999  1924
9  45.299999999999997  2045
10  50.299999999999997  2175
11  57.200000000000003  1709
12  59.399999999999999  1951
13  63.299999999999997  1673
14  56.0  1572
15  60.700000000000003  1735
16  62.100000000000001  1802
17  59.899999999999999  1615
18  66.700000000000003  1432
19  65.0  1277
20  75.599999999999994  1473
0  40.899999999999999  2483
1  41.0  2351
2  39.399999999999999  2907
3  47.799999999999997  2409
4  47.200000000000003  2418
5  49.100000000000001  2441
6  49.100000000000001  2159
7  46.600000000000001  2046
8  49.399999999999999  2017
9  57.0  1865
10  63.600000000000001  1783
11  58.299999999999997  1909
12  55.5  1767
13  60.100000000000001  1952
14  56.600000000000001  1740
15  55.700000000000003  1912
16  61.5  1867
17  62.5  1546
18  56.200000000000003  1602
19  68.799999999999997  1782
20  62.200000000000003  2003
0  39.200000000000003  2680
1  43.700000000000003  2373
2  37.799999999999997  2762
3  44.700000000000003  2258
4  55.600000000000001  2239
5  50.399999999999999  2387
6  50.299999999999997  2485
7  38.600000000000001  2157
8  45.100000000000001  1842
9  51.200000000000003  2026
10  51.700000000000003  2141
11  66.700000000000003  1990
12  45.899999999999999  1718
13  56.399999999999999  1701
14  58.0  1820
15  53.100000000000001  1698
16  58.600000000000001  1741
17  57.5  1889
18  77.0  1256
19  63.299999999999997  1790
20  66.200000000000003  1464
0  39.700000000000003  2751
1  45.200000000000003  2698
2  49.799999999999997  2682
3  42.600000000000001  2442
4  44.399999999999999  2521
5  40.700000000000003  1905
6  51.5  2307
7  58.700000000000003  1799
8  46.799999999999997  2057
9  51.299999999999997  2029
10  57.200000000000003  2295
11  47.5  2062
12  55.0  2020
13  52.600000000000001  1771
14  69.799999999999997  1460
15  58.0  1578
16  63.200000000000003  1993
17  49.299999999999997  1453
18  56.200000000000003  1638
19  63.100000000000001  1579
20  65.299999999999997  1744
0  47.700000000000003  2581
1  53.799999999999997  2458
2  49.0  2947
3  49.299999999999997  2611
4  47.700000000000003  2379
5  48.799999999999997  1934
6  51.100000000000001  2130
7  46.200000000000003  1892
8  53.600000000000001  1777
9  56.700000000000003  1730
10  59.0  2049
11  46.200000000000003  1880
12  51.899999999999999  2315
13  70.200000000000003  1805
14  59.100000000000001  1757
15  71.5  1768
16  60.200000000000003  1851
17  65.599999999999994  1248
18  60.399999999999999  1581
19  58.299999999999997  1465
20  74.900000000000006  1335
0  41.899999999999999  2684
1  48.0  2838
2  37.0  2653
3  59.399999999999999  2365
4  55.5  2042
5  50.5  2259
6  53.700000000000003  2330
7  45.299999999999997  1576
8  48.899999999999999  1945
9  54.299999999999997  2179
10  56.100000000000001  2121
11  61.299999999999997  2002
12  62.799999999999997  1801
13  49.399999999999999  1841
14  68.700000000000003  1959
15  66.599999999999994  1632
16  67.0  1538
17  58.700000000000003  2075
18  59.100000000000001  1678
19  51.700000000000003  1504
20  68.299999999999997  1363
0  27.5  2575
1  34.5  2345
2  48.600000000000001  2332
3  54.399999999999999  2248
4  43.200000000000003  2761
5  46.600000000000001  2503
6  47.5  2457
7  53.100000000000001  1923
8  48.799999999999997  2258
9  61.5  1978
10  56.200000000000003  2009
11  51.899999999999999  2108
12  43.899999999999999  1957
13  61.700000000000003  1889
14  60.399999999999999  1806
15  67.400000000000006  1553
16  63.200000000000003  1478
17  66.200000000000003  1611
18  70.200000000000003  1532
19  68.0  1467
20  54.700000000000003  1609
0  47.100000000000001  2411
1  51.399999999999999  2678
2  46.899999999999999  2469
3  50.799999999999997  2473
4  40.799999999999997  2419
5  57.899999999999999  2289
6  51.600000000000001  2212
7  44.700000000000003  1440
8  40.799999999999997  1913
9  51.100000000000001  2306
10  55.399999999999999  1808
11  56.100000000000001  1773
12  68.0  1359
13  71.400000000000006  1745
14  60.899999999999999  1731
15  59.899999999999999  1991
16  67.099999999999994  1495
17  59.899999999999999  1598
18  55.700000000000003  1701
19  58.0  1453
20  70.799999999999997  1252
0  48.200000000000003  2898
1  49.899999999999999  2435
2  48.600000000000001  2435
3  46.0  2303
4  44.600000000000001  2275
5  42.100000000000001  2045
6  39.799999999999997  1958
7  52.0  2283
8  41.799999999999997  1501
9  60.899999999999999  2164
10  59.5  1706
11  55.100000000000001  1878
12  63.799999999999997  2005
13  55.100000000000001  1768
14  60.0  1516
15  63.5  1603
16  53.600000000000001  1957
17  63.600000000000001  1720
18  64.900000000000006  1815
19  67.099999999999994  1722
20  70.599999999999994  1529
0  48.700000000000003  3112
1  42.700000000000003  2431
2  50.0  2564
3  41.899999999999999  2340
4  45.5  2551
5  45.5  2236
6  49.299999999999997  2723
7  50.899999999999999  2177
8  46.700000000000003  2357
9  51.200000000000003  2068
10  46.0  2154
11  60.5  1574
12  48.799999999999997  1968
13  74.200000000000003  1477
14  67.099999999999994  1634
15  55.5  1915
16  65.799999999999997  1582
17  67.299999999999997  1617
18  64.0  1583
19  67.099999999999994  1558
20  69.700000000000003  1341
0  42.5  2751
1  48.299999999999997  2324
2  40.899999999999999  2540
3  55.100000000000001  2015
4  57.100000000000001  2300
5  58.700000000000003  2572
6  54.100000000000001  1960
7  55.600000000000001  2346
8  59.0  2078
9  57.100000000000001  2416
10  54.200000000000003  1999
11  49.200000000000003  1540
12  60.600000000000001  1886
13  50.5  1743
14  55.700000000000003  1914
15  61.100000000000001  1468
16  65.700000000000003  1654
17  64.0  1611
18  61.700000000000003  1570
19  70.799999999999997  1197
20  67.299999999999997  1342
0  49.899999999999999  2566
1  46.600000000000001  2770
2  47.5  2508
3  54.799999999999997  2164
4  61.100000000000001  1923
5  34.299999999999997  2829
6  49.200000000000003  2483
7  43.799999999999997  2292
8  56.899999999999999  2455
9  71.099999999999994  1668
10  59.799999999999997  2105
11  51.100000000000001  2023
12  63.399999999999999  1645
13  57.799999999999997  1644
14  60.799999999999997  1700
15  53.799999999999997  1613
16  64.5  1527
17  55.700000000000003  2134
18  57.799999999999997  1920
19  55.700000000000003  1644
20  71.099999999999994  1610
0  35.899999999999999  2773
1  38.799999999999997  2619
2  48.700000000000003  2451
3  43.5  2213
4  51.399999999999999  2633
5  37.299999999999997  2186
6  52.100000000000001  2389
7  53.700000000000003  2057
8  44.799999999999997  1948
9  53.200000000000003  1947
10  53.899999999999999  2006
11  55.600000000000001  2000
12  47.399999999999999  1961
13  60.399999999999999  1865
14  56.0  1959
15  64.5  1875
16  60.799999999999997  1669
17  66.400000000000006  1591
18  62.5  1782
19  58.700000000000003  1427
20  65.5  1787
0  44.399999999999999  2833
1  42.600000000000001  2602
2  46.299999999999997  2271
3  56.200000000000003  2482
4  44.100000000000001  2205
5  53.399999999999999  2234
6  56.299999999999997  2100
7  49.299999999999997  2245
8  39.600000000000001  1905
9  62.0  1786
10  57.899999999999999  1983
11  55.399999999999999  1784
12  59.700000000000003  1941
13  49.299999999999997  1861
14  62.799999999999997  1594
15  60.200000000000003  1678
16  57.799999999999997  1873
17  58.399999999999999  1640
18  69.900000000000006  1542
19  52.399999999999999  1766
20  63.200000000000003  1433
0  37.399999999999999  2550
1  46.200000000000003  2479
2  53.299999999999997  2401
3  50.799999999999997  2484
4  42.200000000000003  1992
5  49.299999999999997  2510
6  52.200000000000003  2103
7  50.700000000000003  2213
8  59.299999999999997  2168
9  54.0  1987
10  56.700000000000003  1715
11  49.899999999999999  2136
12  56.799999999999997  2224
13  48.899999999999999  1830
14  51.399999999999999  1710
15  59.5  1365
16  57.399999999999999  1772
17  68.299999999999997  1525
18  62.100000000000001  1972
19  60.100000000000001  1713
20  62.399999999999999  1776
0  35.600000000000001  2291
1  42.5  2686
2  46.799999999999997  2565
3  50.100000000000001  2555
4  47.399999999999999  2132
5  47.799999999999997  2329
6  52.299999999999997  2316
7  55.0  1936
8  58.899999999999999  2285
9  63.899999999999999  1988
10  54.899999999999999  1952
11  54.700000000000003  2203
12  50.700000000000003  2400
13  56.299999999999997  1782
14  63.5  1788
15  50.100000000000001  1523
16  54.799999999999997  1627
17  65.599999999999994  1373
18  57.600000000000001  1558
19  66.299999999999997  1467
20  49.899999999999999  1471
0  40.0  2443
1  39.799999999999997  2608
2  49.200000000000003  2902
3  46.100000000000001  2155
4  52.0  2452
5  38.799999999999997  2234
6  46.299999999999997  2195
7  41.0  2090
8  56.399999999999999  1673
9  57.0  1908
10  51.100000000000001  1962
11  42.0  2017
12  51.399999999999999  1954
13  59.200000000000003  1546
14  54.600000000000001  1787
15  60.799999999999997  1394
16  51.200000000000003  1904
17  66.400000000000006  1461
18  63.700000000000003  1789
19  61.700000000000003  1697
20  71.0  1626
0  40.799999999999997  2618
1  53.0  2725
2  41.100000000000001  1969
3  44.600000000000001  2417
4  48.299999999999997  2555
5  48.100000000000001  2439
6  49.700000000000003  2103
7  42.5  2381
8  56.600000000000001  1865
9  70.299999999999997  1962
10  62.700000000000003  1999
11  62.700000000000003  1869
12  61.0  1857
13  61.200000000000003  1602
14  51.399999999999999  1759
15  70.0  1223
16  51.399999999999999  1673
17  55.899999999999999  1397
18  61.700000000000003  1507
19  71.099999999999994  1541
20  68.700000000000003  1400
0  34.600000000000001  2222
1  47.200000000000003  2677
2  47.700000000000003  2468
3  48.0  2462
4  52.0  1960
5  36.600000000000001  2379
6  57.299999999999997  2299
7  54.700000000000003  1987
8  44.899999999999999  2070
9  54.299999999999997  1913
10  52.5  2046
11  49.5  2091
12  56.799999999999997  1804
13  56.700000000000003  1930
14  59.399999999999999  1796
15  71.0  1630
16  58.899999999999999  1651
17  57.700000000000003  1712
18  61.200000000000003  1649
19  62.299999999999997  1498
20  65.299999999999997  1326
0  48.899999999999999  2474
1  43.399999999999999  2237
2  48.100000000000001  2393
3  47.399999999999999  1764
4  56.200000000000003  2496
5  53.700000000000003  2254
6  43.5  2336
7  56.0  2078
8  59.299999999999997  2095
9  49.299999999999997  1689
10  47.799999999999997  1876
11  60.899999999999999  1590
12  62.600000000000001  1862
13  47.700000000000003  1945
14  54.0  2105
15  54.100000000000001  1906
16  55.5  1967
17  60.399999999999999  1603
18  76.700000000000003  1357
19  66.5  1517
20  67.700000000000003  1495
0  41.600000000000001  2567
1  42.600000000000001  2600
2  36.5  2594
3  42.5  2521
4  58.399999999999999  2378
5  49.700000000000003  2686
6  45.0  2444
7  50.200000000000003  2337
8  42.0  1841
9  45.799999999999997  1975
10  61.399999999999999  1968
11  56.100000000000001  1941
12  52.399999999999999  1910
13  52.200000000000003  1678
14  49.600000000000001  1799
15  52.5  1983
16  52.799999999999997  1451
17  61.899999999999999  1778
18  73.799999999999997  1519
19  59.0  1775
20  62.600000000000001  1432
0  42.600000000000001  2475
1  40.700000000000003  2773
2  54.299999999999997  2496
3  47.600000000000001  2451
4  57.899999999999999  2397
5  55.100000000000001  2723
6  48.0  2307
7  45.0  2320
8  51.600000000000001  1781
9  56.799999999999997  2011
10  54.700000000000003  1970
11  52.299999999999997  1845
12  64.799999999999997  1864
13  57.5  1604
14  70.400000000000006  1851
15  68.799999999999997  1765
16  65.900000000000006  1374
17  68.200000000000003  1601
18  61.700000000000003  1598
19  68.599999999999994  1419
20  63.200000000000003  1142
0  35.600000000000001  2803
1  46.700000000000003  2641
2  45.0  2498
3  41.5  2313
4  49.700000000000003  2188
5  49.700000000000003  1991
6  56.399999999999999  2209
7  55.299999999999997  2003
8  59.100000000000001  1992
9  57.600000000000001  1836
10  55.299999999999997  2296
11  54.899999999999999  1971
12  65.900000000000006  1945
13  60.299999999999997  1665
14  55.5  2250
15  49.0  1754
16  62.399999999999999  1764
17  71.599999999999994  1409
18  47.899999999999999  1586
19  69.299999999999997  1654
20  64.799999999999997  1761
0  39.700000000000003  2963
1  47.0  2799
2  47.5  2757
3  37.299999999999997  2808
4  50.100000000000001  2636
5  54.5  2308
6  48.799999999999997  2039
7  44.700000000000003  2043
8  64.200000000000003  2220
9  56.299999999999997  2106
10  60.299999999999997  1990
11  62.5  1605
12  57.200000000000003  2082
13  54.100000000000001  1892
14  63.700000000000003  1662
15  57.399999999999999  1891
16  51.799999999999997  2096
17  71.099999999999994  1388
18  54.700000000000003  1301
19  57.600000000000001  1659
20  74.0  1245
0  42.700000000000003  2502
1  49.5  2329
2  38.799999999999997  2295
3  45.299999999999997  2639
4  49.399999999999999  2532
5  47.0  2057
6  52.600000000000001  2369
7  52.5  2233
8  56.700000000000003  2052
9  58.600000000000001  2192
10  51.799999999999997  2132
11  57.899999999999999  1758
12  46.799999999999997  1803
13  55.600000000000001  1951
14  49.100000000000001  1677
15  57.899999999999999  1816
16  65.700000000000003  1473
17  64.200000000000003  1580
18  63.799999999999997  1829
19  64.799999999999997  1553
20  55.200000000000003  1356
0  27.600000000000001  2839
1  48.799999999999997  2446
2  40.200000000000003  2532
3  37.0  2399
4  51.600000000000001  2288
5  46.0  2302
6  58.0  1950
7  55.600000000000001  1979
8  39.700000000000003  2144
9  58.600000000000001  1964
10  57.0  2012
11  54.299999999999997  1788
12  61.899999999999999  1876
13  52.799999999999997  1976
14  71.700000000000003  1545
15  66.200000000000003  1692
16  62.5  1553
17  64.599999999999994  1896
18  64.700000000000003  1336
19  65.700000000000003  1517
20  62.299999999999997  1859
0  46.700000000000003  2566
1  48.299999999999997  2464
2  39.700000000000003  2251
3  52.100000000000001  2069
4  44.700000000000003  2520
5  52.700000000000003  1918
6  58.600000000000001  2299
7  62.200000000000003  2379
8  52.799999999999997  2048
9  46.700000000000003  2535
10  54.5  2093
11  56.899999999999999  1700
12  56.899999999999999  1909
13  60.399999999999999  1986
14  56.100000000000001  1779
15  57.399999999999999  1933
16  62.200000000000003  1543
17  70.900000000000006  1612
18  57.700000000000003  1918
19  61.600000000000001  1388
20  54.299999999999997  1336
0  46.399999999999999  2556
1  41.299999999999997  2254
2  45.700000000000003  2502
3  56.299999999999997  2416
4  40.700000000000003  2444
5  43.299999999999997  2363
6  50.100000000000001  2325
7  40.700000000000003  2446
8  59.100000000000001  2221
9  51.899999999999999  1840
10  62.5  2007
11  62.0  1985
12  43.899999999999999  1838
13  58.200000000000003  1859
14  59.799999999999997  1669
15  55.100000000000001  2110
16  54.799999999999997  1721
17  66.900000000000006  1930
18  67.400000000000006  1737
19  67.0  1501
20  76.299999999999997  1233
0  45.899999999999999  2211
1  51.299999999999997  2328
2  49.399999999999999  2534
3  46.299999999999997  2583
4  52.200000000000003  2182
5  53.899999999999999  1906
6  50.700000000000003  2214
7  46.100000000000001  2257
8  54.0  2008
9  55.0  2099
10  61.700000000000003  1878
11  58.600000000000001  1852
12  64.799999999999997  1766
13  67.200000000000003  1572
14  64.5  1856
15  54.700000000000003  1776
16  64.0  1694
17  57.100000000000001  2047
18  60.700000000000003  1443
19  60.700000000000003  1930
20  66.400000000000006  1401
0  40.600000000000001  2931
1  49.600000000000001  2267
2  47.299999999999997  2276
3  59.100000000000001  2329
4  56.100000000000001  2314
5  50.700000000000003  2215
6  53.700000000000003  2425
7  51.200000000000003  1961
8  61.899999999999999  1789
9  54.5  1653
10  56.399999999999999  2002
11  65.5  1777
12  66.900000000000006  1958
13  53.100000000000001  1964
14  67.5  1626
15  58.5  1880
16  53.399999999999999  1663
17  61.200000000000003  1768
18  70.599999999999994  1431
19  60.600000000000001  1652
20  59.200000000000003  1809
0  40.899999999999999  2837
1  39.200000000000003  2519
2  51.0  2187
3  43.0  2831
4  47.100000000000001  2059
5  57.299999999999997  2390
6  60.399999999999999  2325
7  46.299999999999997  2100
8  47.700000000000003  2367
9  53.799999999999997  1966
10  52.299999999999997  1961
11  56.700000000000003  2075
12  48.600000000000001  2104
13  63.0  1616
14  52.899999999999999  1772
15  58.600000000000001  1833
16  52.899999999999999  1798
17  57.899999999999999  1620
18  45.100000000000001  1795
19  54.600000000000001  1343
20  61.5  1662
0  50.200000000000003  2334
1  45.700000000000003  2712
2  50.399999999999999  2668
3  35.100000000000001  2360
4  49.299999999999997  2053
5  48.700000000000003  2565
6  51.600000000000001  2308
7  54.799999999999997  2035
8  51.899999999999999  2096
9  54.200000000000003  2133
10  49.5  1897
11  52.899999999999999  1822
12  54.399999999999999  1726
13  67.0  1887
14  58.100000000000001  1669
15  55.0  1780
16  64.299999999999997  1865
17  67.099999999999994  1163
18  61.0  1406
19  60.799999999999997  1577
20  53.700000000000003  1804
0  32.799999999999997  2752
1  47.5  2039
2  52.200000000000003  2555
3  46.100000000000001  2243
4  58.700000000000003  2430
5  39.899999999999999  2257
6  54.100000000000001  2111
7  43.899999999999999  2195
8  56.0  2286
9  46.600000000000001  1746
10  55.399999999999999  2033
11  59.100000000000001  1975
12  58.200000000000003  1687
13  57.299999999999997  1951
14  45.200000000000003  2019
15  56.399999999999999  1689
16  64.299999999999997  1682
17  59.100000000000001  1784
18  58.899999999999999  1704
19  67.799999999999997  1630
20  60.799999999999997  1324
0  39.700000000000003  2964
1  39.700000000000003  2637
2  38.0  2272
3  44.700000000000003  2248
4  41.700000000000003  2402
5  43.299999999999997  2088
6  58.600000000000001  2117
7  50.700000000000003  2082
8  62.899999999999999  2002
9  54.899999999999999  1984
10  56.899999999999999  2039
11  53.600000000000001  1908
12  56.899999999999999  1941
13  56.899999999999999  1775
14  58.899999999999999  1938
15  65.599999999999994  1876
16  67.099999999999994  1545
17  64.400000000000006  1509
18  54.799999999999997  1537
19  60.0  1741
20  68.900000000000006  1454
0  41.700000000000003  2500
1  43.899999999999999  2434
2  51.100000000000001  2677
3  41.0  2143
4  47.700000000000003  2292
5  46.5  2359
6  39.0  2284
7  39.799999999999997  2459
8  43.399999999999999  1981
9  59.0  2068
10  57.600000000000001  2099
11  56.399999999999999  1830
12  55.899999999999999  1768
13  66.599999999999994  1797
14  54.700000000000003  1911
15  56.399999999999999  2101
16  51.100000000000001  1910
17  57.700000000000003  1619
18  68.200000000000003  1467
19  69.900000000000006  1590
20  74.599999999999994  1225
0  55.799999999999997  2352
1  49.100000000000001  2797
2  47.5  2610
3  41.5  2205
4  52.100000000000001  2255
5  45.0  2072
6  46.700000000000003  2362
7  57.200000000000003  2127
8  60.399999999999999  1940
9  46.100000000000001  1713
10  57.700000000000003  1847
11  53.299999999999997  2110
12  65.900000000000006  2050
13  57.100000000000001  1808
14  52.899999999999999  1846
15  60.299999999999997  1753
16  58.899999999999999  1650
17  66.599999999999994  1273
18  67.200000000000003  1663
19  73.5  1293
20  67.200000000000003  1461
0  36.100000000000001  2668
1  44.799999999999997  2484
2  56.299999999999997  2615
3  43.899999999999999  2538
4  54.399999999999999  2381
5  53.0  2165
6  42.399999999999999  2199
7  43.5  1813
8  49.5  2195
9  56.799999999999997  1944
10  53.600000000000001  2172
11  62.399999999999999  2041
12  53.200000000000003  1590
13  68.099999999999994  1834
14  54.5  1882
15  52.200000000000003  1655
16  65.5  1658
17  65.400000000000006  1598
18  46.799999999999997  1280
19  59.299999999999997  1637
20  56.600000000000001  1733
0  35.5  2509
1  50.899999999999999  2619
2  43.600000000000001  2268
3  41.700000000000003  2758
4  44.899999999999999  2562
5  51.399999999999999  2240
6  50.700000000000003  2262
7  49.899999999999999  2255
8  57.600000000000001  1656
9  54.200000000000003  2307
10  63.299999999999997  2020
11  53.899999999999999  2142
12  55.799999999999997  1913
13  58.899999999999999  2030
14  54.299999999999997  1725
15  69.400000000000006  1777
16  61.299999999999997  1949
17  62.5  1438
18  63.299999999999997  1487
19  53.700000000000003  1636
20  61.299999999999997  1827
0  33.600000000000001  2717
1  31.300000000000001  2460
2  44.899999999999999  2758
3  53.899999999999999  2669
4  50.0  2270
5  38.700000000000003  1778
6  51.200000000000003  1959
7  53.899999999999999  2197
8  51.600000000000001  1891
9  46.0  2056
10  60.100000000000001  1893
11  52.5  1978
12  66.700000000000003  1646
13  66.799999999999997  2127
14  63.700000000000003  1723
15  60.700000000000003  1750
16  61.0  1727
17  60.399999999999999  1576
18  72.5  1528
19  73.299999999999997  1494
20  65.099999999999994  1438
0  47.799999999999997  2524
1  40.100000000000001  2281
2  46.299999999999997  2807
3  53.200000000000003  2425
4  52.200000000000003  2573
5  54.399999999999999  2326
6  52.299999999999997  1941
7  43.600000000000001  1988
8  52.399999999999999  2160
9  53.200000000000003  1883
10  53.100000000000001  2020
11  56.899999999999999  2014
12  60.100000000000001  2252
13  60.0  1708
14  65.799999999999997  1781
15  56.399999999999999  1974
16  58.799999999999997  1932
17  65.099999999999994  1731
18  48.799999999999997  1491
19  67.799999999999997  1381
20  55.799999999999997  1346
0  36.799999999999997  2660
1  54.700000000000003  2572
2  51.5  2561
3  33.700000000000003  2354
4  50.5  2490
5  53.0  2280
6  53.899999999999999  2635
7  51.0  1919
8  49.899999999999999  2359
9  60.100000000000001  2043
10  54.899999999999999  1918
11  49.200000000000003  2260
12  63.799999999999997  1789
13  61.700000000000003  1796
14  52.899999999999999  1736
15  64.700000000000003  1836
16  62.799999999999997  1827
17  61.799999999999997  1688
18  49.399999999999999  1662
19  61.600000000000001  1962
20  66.200000000000003  1758
0  38.700000000000003  2436
1  40.899999999999999  2410
2  51.899999999999999  2373
3  50.700000000000003  2540
4  48.0  2547
5  52.899999999999999  2553
6  46.399999999999999  1910
7  46.899999999999999  2157
8  48.399999999999999  2118
9  59.399999999999999  2061
10  55.700000000000003  1854
11  55.700000000000003  2033
12  57.399999999999999  1848
13  56.399999999999999  1874
14  58.399999999999999  1717
15  63.299999999999997  1719
16  60.799999999999997  1320
17  72.299999999999997  1700
18  58.5  1433
19  53.100000000000001  2030
20  61.399999999999999  1849
0  43.100000000000001  2707
1  49.799999999999997  2515
2  36.899999999999999  2375
3  54.899999999999999  2415
4  46.5  2101
5  53.399999999999999  2292
6  51.100000000000001  2293
7  52.5  2370
8  53.600000000000001  2068
9  56.0  1686
10  58.899999999999999  2049
11  57.5  2150
12  56.100000000000001  1807
13  57.899999999999999  2005
14  62.700000000000003  1524
15  63.5  1623
16  58.200000000000003  1682
17  58.100000000000001  1840
18  64.299999999999997  1448
19  60.899999999999999  1785
20  65.400000000000006  1238
0  47.100000000000001  3022
1  47.700000000000003  2396
2  38.700000000000003  2402
3  48.200000000000003  2467
4  38.899999999999999  2535
5  51.799999999999997  2374
6  43.299999999999997  2046
7  49.299999999999997  2102
8  51.799999999999997  2177
9  66.799999999999997  1667
10  59.299999999999997  2052
11  55.100000000000001  1628
12  58.399999999999999  2004
13  58.799999999999997  1901
14  54.100000000000001  1592
15  65.299999999999997  1591
16  65.200000000000003  1479
17  64.599999999999994  1878
18  67.200000000000003  1772
19  70.0  1622
20  73.0  1624
0  29.0  2418
1  50.399999999999999  2613
2  42.799999999999997  2338
3  43.700000000000003  2640
4  58.0  2531
5  36.700000000000003  2498
6  54.0  2056
7  54.200000000000003  2096
8  59.200000000000003  2141
9  60.100000000000001  2392
10  60.0  1789
11  67.599999999999994  1885
12  63.399999999999999  1716
13  63.899999999999999  1920
14  51.899999999999999  1768
15  65.099999999999994  1477
16  52.899999999999999  1733
17  62.899999999999999  1633
18  65.900000000000006  1817
19  58.200000000000003  1868
20  70.900000000000006  1470
0  70.599999999999994  1547
1  42.899999999999999  2427
2  43.5  2781
3  47.600000000000001  2397
4  44.899999999999999  2447
5  41.5  2500
6  48.100000000000001  2497
7  55.200000000000003  2065
8  49.600000000000001  2058
9  47.399999999999999  1649
10  54.299999999999997  2022
11  45.799999999999997  1795
12  54.5  1603
13  46.700000000000003  1658
14  63.399999999999999  1931
15  62.700000000000003  1743
16  53.299999999999997  1617
17  59.299999999999997  1451
18  71.299999999999997  1324
19  74.299999999999997  1505
20  53.299999999999997  1561
0  47.899999999999999  2657
1  49.299999999999997  2403
2  50.5  2454
3  55.600000000000001  2816
4  44.799999999999997  2453
5  47.899999999999999  2230
6  34.0  1950
7  49.799999999999997  2069
8  53.0  1903
9  51.299999999999997  1906
10  50.0  2117
11  57.5  2207
12  60.899999999999999  1660
13  63.200000000000003  1573
14  60.899999999999999  1838
15  60.100000000000001  1774
16  59.5  1663
17  59.200000000000003  1946
18  57.700000000000003  1443
19  72.200000000000003  1534
20  62.0  1318
0  46.0  2613
1  43.399999999999999  2624
2  40.100000000000001  2684
3  56.200000000000003  2661
4  53.700000000000003  2155
5  48.700000000000003  2053
6  57.799999999999997  2128
7  45.100000000000001  2097
8  61.799999999999997  2028
9  52.899999999999999  2018
10  62.299999999999997  1858
11  52.700000000000003  2418
12  58.899999999999999  1695
13  57.399999999999999  2016
14  65.099999999999994  1950
15  68.400000000000006  1888
16  58.899999999999999  1386
17  56.399999999999999  1541
18  66.200000000000003  1518
19  45.200000000000003  1722
20  62.100000000000001  1712
0  50.700000000000003  2662
1  43.100000000000001  2579
2  44.799999999999997  2393
3  47.899999999999999  2283
4  38.5  2263
5  47.299999999999997  2477
6  55.299999999999997  2193
7  49.299999999999997  2181
8  54.600000000000001  1891
9  55.299999999999997  1914
10  46.299999999999997  1707
11  60.399999999999999  1836
12  53.299999999999997  1875
13  56.799999999999997  1907
14  49.0  1664
15  59.5  1996
16  66.299999999999997  1840
17  56.299999999999997  1823
18  59.700000000000003  1648
19  70.599999999999994  1554
20  64.099999999999994  1588
0  38.799999999999997  2431
1  48.0  2531
2  50.399999999999999  2638
3  43.700000000000003  2120
4  52.299999999999997  1854
5  60.399999999999999  2026
6  50.5  2292
7  51.600000000000001  2217
8  44.0  2011
9  55.799999999999997  2237
10  57.799999999999997  2034
11  50.600000000000001  2025
12  55.299999999999997  2003
13  55.100000000000001  1754
14  63.200000000000003  1526
15  65.5  1720
16  59.200000000000003  1596
17  53.200000000000003  1882
18  79.099999999999994  1284
19  48.899999999999999  1834
20  62.700000000000003  1517
0  43.5  2670
1  37.299999999999997  2575
2  51.200000000000003  2244
3  37.799999999999997  2407
4  41.5  2336
5  42.100000000000001  2423
6  62.899999999999999  2414
7  51.600000000000001  2083
8  49.799999999999997  2334
9  54.600000000000001  2213
10  57.100000000000001  2026
11  57.700000000000003  1639
12  60.799999999999997  1989
13  65.900000000000006  1863
14  57.200000000000003  1538
15  62.700000000000003  2026
16  77.299999999999997  1769
17  65.5  1737
18  57.5  1564
19  57.100000000000001  1620
20  60.899999999999999  1660
0  43.5  2711
1  43.0  2953
2  44.600000000000001  2482
3  40.899999999999999  2493
4  46.100000000000001  2394
5  50.0  2204
6  58.600000000000001  2625
7  51.799999999999997  1961
8  51.700000000000003  2221
9  43.0  2172
10  52.200000000000003  1759
11  53.0  1947
12  56.299999999999997  1902
13  57.799999999999997  1871
14  61.299999999999997  1631
15  56.600000000000001  1739
16  64.700000000000003  1722
17  59.799999999999997  2050
18  60.600000000000001  2049
19  62.700000000000003  1382
20  66.799999999999997  1505
0  36.100000000000001  2883
1  49.100000000000001  2549
2  51.600000000000001  2845
3  50.299999999999997  2815
4  42.0  2169
5  53.100000000000001  2296
6  60.200000000000003  2114
7  59.5  1987
8  54.899999999999999  2175
9  52.799999999999997  1964
10  49.299999999999997  2134
11  48.799999999999997  1907
12  53.899999999999999  1996
13  63.399999999999999  1859
14  56.899999999999999  1922
15  47.0  1688
16  59.0  1784
17  66.599999999999994  1621
18  61.600000000000001  1421
19  62.899999999999999  1687
20  62.100000000000001  1557
0  44.899999999999999  2684
1  44.299999999999997  2823
2  46.299999999999997  2637
3  57.5  2405
4  49.700000000000003  1872
5  53.899999999999999  2327
6  57.0  2116
7  44.700000000000003  2284
8  56.700000000000003  1907
9  58.799999999999997  2278
10  55.899999999999999  2449
11  58.0  1883
12  64.0  2113
13  63.399999999999999  1978
14  63.5  2138
15  59.200000000000003  1931
16  59.700000000000003  1572
17  64.200000000000003  1603
18  64.900000000000006  1474
19  58.399999999999999  1450
20  56.899999999999999  1671
0  49.200000000000003  2711
1  45.600000000000001  2648
2  48.200000000000003  2431
3  34.0  1945
4  45.200000000000003  2204
5  55.600000000000001  1968
6  65.5  2090
7  44.299999999999997  2020
8  54.299999999999997  1893
9  54.799999999999997  1555
10  65.799999999999997  1904
11  57.899999999999999  2148
12  62.600000000000001  1901
13  64.299999999999997  1671
14  65.5  1834
15  60.700000000000003  1390
16  62.299999999999997  1610
17  64.099999999999994  1758
18  64.200000000000003  1567
19  61.100000000000001  1634
20  61.299999999999997  1307
0  32.200000000000003  2775
1  44.399999999999999  2681
2  44.799999999999997  2458
3  46.899999999999999  2437
4  51.299999999999997  2311
5  55.799999999999997  2024
6  51.5  2125
7  49.399999999999999  2027
8  61.299999999999997  1821
9  43.399999999999999  1691
10  52.600000000000001  2234
11  59.200000000000003  1902
12  53.899999999999999  1763
13  53.600000000000001  1775
14  62.100000000000001  1689
15  63.0  1686
16  47.5  1726
17  59.0  1923
18  68.200000000000003  1655
19  59.5  1634
20  61.600000000000001  1418
0  42.0  2349
1  43.200000000000003  2737
2  42.700000000000003  2281
3  48.5  2657
4  60.200000000000003  2222
5  45.799999999999997  2105
6  52.0  2500
7  55.200000000000003  2018
8  52.5  2433
9  58.399999999999999  1965
10  58.799999999999997  2317
11  64.5  1887
12  48.799999999999997  2046
13  68.5  1528
14  59.799999999999997  1734
15  67.799999999999997  1691
16  63.899999999999999  1449
17  55.0  1640
18  66.0  1465
19  66.400000000000006  1675
20  63.600000000000001  1667
0  52.100000000000001  2539
1  45.200000000000003  2376
2  45.399999999999999  2308
3  42.299999999999997  2715
4  48.200000000000003  2224
5  47.100000000000001  2462
6  54.100000000000001  2290
7  50.399999999999999  2240
8  53.299999999999997  2229
9  53.100000000000001  1986
10  48.5  2059
11  63.299999999999997  1919
12  51.600000000000001  1895
13  71.700000000000003  1742
14  52.200000000000003  1464
15  63.299999999999997  1903
16  65.599999999999994  1599
17  57.100000000000001  1485
18  57.5  1300
19  61.200000000000003  1834
20  72.900000000000006  1641
0  49.5  2594
1  40.100000000000001  2706
2  49.100000000000001  2543
3  44.700000000000003  2411
4  48.600000000000001  2517
5  49.700000000000003  2458
6  46.899999999999999  1978
7  48.399999999999999  2300
8  59.700000000000003  2091
9  65.700000000000003  1856
10  53.5  1924
11  58.200000000000003  2093
12  54.100000000000001  1722
13  49.299999999999997  2037
14  75.299999999999997  1582
15  59.700000000000003  1470
16  61.200000000000003  1611
17  54.399999999999999  1611
18  62.600000000000001  1438
19  62.899999999999999  1758
20  64.599999999999994  1453
0  36.700000000000003  2478
1  53.200000000000003  2437
2  43.899999999999999  2772
3  51.299999999999997  2300
4  37.399999999999999  2364
5  50.600000000000001  2356
6  43.799999999999997  2435
7  52.899999999999999  2049
8  47.799999999999997  2486
9  52.100000000000001  1961
10  53.100000000000001  1877
11  51.600000000000001  1977
12  59.899999999999999  1782
13  70.799999999999997  1892
14  54.700000000000003  1806
15  58.0  1750
16  69.599999999999994  1704
17  58.100000000000001  1827
18  64.299999999999997  1592
19  70.299999999999997  1402
20  56.299999999999997  1596
0  41.399999999999999  2600
1  49.100000000000001  2521
2  42.299999999999997  2402
3  45.399999999999999  2509
4  59.299999999999997  2406
5  50.700000000000003  2431
6  49.0  2322
7  56.799999999999997  2216
8  61.100000000000001  1631
9  45.5  2196
10  57.5  1673
11  50.399999999999999  1838
12  49.0  2413
13  49.799999999999997  1921
14  64.099999999999994  1867
15  56.200000000000003  1672
16  63.5  1567
17  58.700000000000003  1936
18  63.0  1744
19  60.200000000000003  1728
20  61.5  1665
0  38.299999999999997  2370
1  43.700000000000003  2723
2  43.5  2488
3  55.5  2574
4  44.600000000000001  2254
5  51.299999999999997  2466
6  53.0  1928
7  51.200000000000003  2083
8  52.600000000000001  1891
9  59.799999999999997  1782
10  51.100000000000001  2322
11  55.5  1972
12  53.700000000000003  1717
13  52.100000000000001  1718
14  57.200000000000003  1959
15  53.799999999999997  2047
16  66.799999999999997  1651
17  63.399999999999999  1593
18  65.299999999999997  1612
19  73.700000000000003  1249
20  67.299999999999997  1722
0  40.100000000000001  2743
1  43.600000000000001  2641
2  43.799999999999997  2407
3  52.0  2357
4  57.799999999999997  2205
5  49.600000000000001  2047
6  58.100000000000001  2132
7  59.299999999999997  1924
8  55.899999999999999  2018
9  51.299999999999997  2033
10  68.5  1780
11  50.600000000000001  1828
12  58.899999999999999  1882
13  57.700000000000003  1871
14  61.700000000000003  2146
15  65.900000000000006  1701
16  60.100000000000001  1536
17  55.299999999999997  1886
18  51.799999999999997  1627
19  65.900000000000006  1421
20  67.0  1134
0  38.700000000000003  2806
1  36.799999999999997  2787
2  47.399999999999999  2262
3  48.700000000000003  2210
4  45.899999999999999  2549
5  42.0  2648
6  51.399999999999999  2210
7  45.299999999999997  2533
8  49.200000000000003  2198
9  54.399999999999999  2020
10  56.899999999999999  1907
11  54.5  2208
12  55.399999999999999  2046
13  50.200000000000003  1943
14  63.5  1873
15  56.799999999999997  1891
16  65.5  1873
17  68.799999999999997  1579
18  59.100000000000001  1651
19  64.599999999999994  1486
20  59.799999999999997  1755
0  44.600000000000001  2624
1  43.299999999999997  2487
2  38.100000000000001  2611
3  40.600000000000001  2414
4  46.100000000000001  2076
5  41.600000000000001  2176
6  48.299999999999997  2310
7  47.700000000000003  2261
8  48.799999999999997  1914
9  62.700000000000003  1739
10  54.899999999999999  1979
11  59.0  2225
12  66.599999999999994  2130
13  50.600000000000001  1367
14  63.600000000000001  1701
15  68.0  1415
16  60.200000000000003  1561
17  57.899999999999999  1706
18  57.200000000000003  2102
19  61.799999999999997  1489
20  59.700000000000003  1768
0  43.600000000000001  2402
1  47.799999999999997  2616
2  43.0  2745
3  58.600000000000001  2542
4  47.799999999999997  1898
5  61.899999999999999  2365
6  53.200000000000003  2237
7  45.200000000000003  1971
8  58.600000000000001  2027
9  46.100000000000001  2062
10  59.600000000000001  1982
11  56.200000000000003  2010
12  61.299999999999997  1742
13  62.799999999999997  1771
14  55.399999999999999  1854
15  53.0  2050
16  68.099999999999994  1743
17  68.799999999999997  1309
18  61.899999999999999  1529
19  68.799999999999997  1584
20  64.099999999999994  1248
0  43.799999999999997  2647
1  46.200000000000003  2622
2  46.200000000000003  2637
3  52.700000000000003  2197
4  42.0  2152
5  47.600000000000001  2089
6  55.5  2292
7  55.700000000000003  2230
8  52.200000000000003  2450
9  42.700000000000003  2248
10  61.299999999999997  1766
11  59.0  2077
12  56.200000000000003  2073
13  58.200000000000003  2011
14  67.5  1452
15  61.399999999999999  1629
16  56.600000000000001  1721
17  66.799999999999997  1518
18  57.5  1530
19  68.0  1258
20  71.5  1303
0  26.600000000000001  2261
1  47.299999999999997  2841
2  56.0  2727
3  45.600000000000001  2107
4  33.700000000000003  2221
5  46.100000000000001  2228
6  56.299999999999997  2249
7  48.899999999999999  2092
8  55.799999999999997  1883
9  55.600000000000001  1846
10  49.0  2017
11  59.100000000000001  2026
12  59.399999999999999  1824
13  60.200000000000003  1716
14  56.299999999999997  1681
15  54.899999999999999  2043
16  67.400000000000006  1467
17  53.399999999999999  1766
18  67.5  1406
19  71.599999999999994  1339
20  51.5  1587
0  51.399999999999999  2785
1  43.899999999999999  2849
2  49.799999999999997  2490
3  44.5  2484
4  45.200000000000003  2559
5  50.399999999999999  2369
6  56.600000000000001  2106
7  54.700000000000003  2177
8  52.799999999999997  1948
9  55.299999999999997  2124
10  54.299999999999997  1820
11  48.700000000000003  1682
12  51.700000000000003  1999
13  49.700000000000003  1441
14  61.299999999999997  1702
15  60.0  1746
16  67.5  1491
17  67.200000000000003  1238
18  65.799999999999997  1584
19  68.799999999999997  1560
20  64.700000000000003  1550
0  45.299999999999997  2351
1  44.600000000000001  2381
2  50.600000000000001  2310
3  41.600000000000001  2150
4  49.600000000000001  2148
5  44.0  2715
6  48.5  2332
7  59.299999999999997  1993
8  52.0  1890
9  49.100000000000001  1822
10  54.5  2145
11  45.299999999999997  2571
12  60.100000000000001  1752
13  61.200000000000003  1865
14  67.5  1775
15  49.899999999999999  2009
16  52.5  1706
17  47.5  1644
18  59.0  1622
19  55.5  1561
20  64.099999999999994  1245
0  41.799999999999997  2761
1  53.0  2556
2  44.100000000000001  2294
3  38.799999999999997  2138
4  45.600000000000001  2528
5  52.600000000000001  2125
6  56.200000000000003  2182
7  52.0  2261
8  49.600000000000001  1968
9  52.5  2009
10  64.799999999999997  1944
11  54.700000000000003  2062
12  65.700000000000003  1813
13  62.299999999999997  1724
14  54.600000000000001  1724
15  70.200000000000003  1361
16  66.299999999999997  1588
17  67.299999999999997  1736
18  55.5  1874
19  73.0  1324
20  52.299999999999997  1839
0  39.899999999999999  2701
1  47.799999999999997  2418
2  47.5  2417
3  52.0  2537
4  53.799999999999997  2359
5  50.299999999999997  2380
6  52.100000000000001  1802
7  45.0  1997
8  44.0  1908
9  53.0  2023
10  57.200000000000003  1985
11  51.5  1843
12  47.5  1779
13  52.5  1570
14  67.0  2057
15  70.5  1605
16  64.400000000000006  1531
17  59.5  2027
18  69.0  1590
19  65.900000000000006  1589
20  57.100000000000001  1493
0  35.899999999999999  2627
1  37.0  2255
2  25.800000000000001  2087
3  53.799999999999997  2243
4  54.0  2251
5  54.5  2118
6  59.5  1928
7  48.899999999999999  2382
8  44.299999999999997  1976
9  50.200000000000003  2097
10  51.299999999999997  2440
11  65.900000000000006  1521
12  62.799999999999997  1812
13  58.600000000000001  1714
14  60.200000000000003  1477
15  51.600000000000001  1857
16  59.200000000000003  1716
17  63.100000000000001  1892
18  63.700000000000003  1925
19  66.400000000000006  1738
20  64.299999999999997  1798
0  46.299999999999997  2753
1  46.899999999999999  2906
2  52.799999999999997  2402
3  44.700000000000003  2027
4  36.100000000000001  2251
5  50.899999999999999  1660
6  52.299999999999997  1791
7  58.799999999999997  1960
8  49.299999999999997  1860
9  53.700000000000003  2130
10  59.799999999999997  1672
11  54.600000000000001  2088
12  60.799999999999997  1907
13  69.599999999999994  1732
14  63.799999999999997  1722
15  50.100000000000001  1911
16  66.900000000000006  1676
17  54.0  1892
18  60.700000000000003  1504
19  58.0  1943
20  61.600000000000001  1485
0  40.399999999999999  2505
1  41.399999999999999  2825
2  42.899999999999999  2221
3  46.899999999999999  2524
4  41.0  2195
5  44.899999999999999  2260
6  53.0  2265
7  54.700000000000003  1871
8  65.299999999999997  1994
9  41.799999999999997  2170
10  52.600000000000001  2196
11  53.700000000000003  1998
12  61.200000000000003  1907
13  63.600000000000001  1908
14  65.900000000000006  1311
15  61.5  1548
16  62.899999999999999  1525
17  59.799999999999997  1707
18  71.200000000000003  1564
19  63.600000000000001  1564
20  53.799999999999997  1964
0  34.200000000000003  2402
1  44.299999999999997  2939
2  43.0  2431
3  39.5  2108
4  44.399999999999999  2507
5  55.600000000000001  2039
6  55.5  2204
7  58.399999999999999  1924
8  57.299999999999997  1850
9  55.0  2042
10  57.0  2112
11  61.299999999999997  2095
12  51.700000000000003  2037
13  52.200000000000003  1755
14  67.200000000000003  1678
15  62.5  1678
16  54.399999999999999  1760
17  56.299999999999997  1571
18  68.200000000000003  1532
19  61.600000000000001  1671
20  64.400000000000006  1573
0  46.0  2675
1  47.399999999999999  2526
2  38.600000000000001  2198
3  44.700000000000003  2237
4  48.799999999999997  2145
5  49.799999999999997  1935
6  54.299999999999997  1854
7  41.200000000000003  2198
8  49.600000000000001  2093
9  50.100000000000001  1919
10  64.700000000000003  1689
11  53.299999999999997  2295
12  67.700000000000003  1724
13  43.200000000000003  1512
14  58.600000000000001  1775
15  57.899999999999999  1664
16  70.599999999999994  1612
17  55.0  1782
18  67.5  1314
19  58.0  1290
20  63.799999999999997  1438
0  50.600000000000001  2753
1  40.899999999999999  2449
2  46.700000000000003  2598
3  36.600000000000001  2413
4  48.899999999999999  2148
5  41.899999999999999  2297
6  38.399999999999999  2640
7  58.100000000000001  2242
8  55.700000000000003  1937
9  59.700000000000003  1989
10  52.399999999999999  1951
11  59.899999999999999  1808
12  56.700000000000003  1734
13  58.5  1970
14  49.299999999999997  1848
15  58.200000000000003  1568
16  62.600000000000001  1514
17  58.899999999999999  1778
18  65.900000000000006  1792
19  62.0  1538
20  63.5  1443
