0  40.799999999999997  2537
1  47.5  2575
2  48.100000000000001  2803
3  47.700000000000003  2624
4  48.200000000000003  1950
5  54.700000000000003  2436
6  50.200000000000003  2028
7  59.799999999999997  2162
8  55.5  1846
9  53.0  1849
10  52.399999999999999  2118
11  51.799999999999997  1939
12  40.600000000000001  1928
13  53.899999999999999  1781
14  55.200000000000003  1853
15  62.0  1555
16  66.099999999999994  1527
17  61.600000000000001  1844
18  63.600000000000001  2104
19  65.5  1306
20  67.799999999999997  1833
0  44.600000000000001  2257
1  37.600000000000001  2808
2  46.700000000000003  2322
3  46.5  2562
4  53.700000000000003  2349
5  46.5  2224
6  42.299999999999997  2067
7  46.600000000000001  2103
8  54.799999999999997  2358
9  50.799999999999997  2105
10  54.899999999999999  1672
11  59.0  2121
12  44.5  2082
13  63.600000000000001  1701
14  62.899999999999999  1430
15  58.200000000000003  1842
16  68.900000000000006  1624
17  51.700000000000003  1701
18  58.0  1557
19  56.200000000000003  1470
20  61.799999999999997  1519
0  41.799999999999997  2422
1  42.700000000000003  2434
2  57.200000000000003  2556
3  47.100000000000001  2864
4  40.5  2274
5  51.899999999999999  2040
6  65.0  1919
7  49.700000000000003  1875
8  49.200000000000003  2366
9  60.899999999999999  2131
10  47.700000000000003  2277
11  59.200000000000003  1740
12  52.600000000000001  1934
13  63.399999999999999  2068
14  61.200000000000003  1676
15  56.100000000000001  1966
16  59.200000000000003  1674
17  50.299999999999997  1497
18  62.399999999999999  1952
19  52.700000000000003  1436
20  57.799999999999997  1788
0  40.600000000000001  2552
1  38.799999999999997  2246
2  56.799999999999997  2389
3  30.800000000000001  2000
4  53.0  2354
5  50.100000000000001  2244
6  47.5  2239
7  59.299999999999997  2303
8  52.200000000000003  1973
9  53.700000000000003  1717
10  51.899999999999999  1838
11  59.0  1892
12  61.700000000000003  1818
13  48.100000000000001  1848
14  64.099999999999994  1741
15  71.0  1689
16  48.899999999999999  2052
17  64.799999999999997  1448
18  56.200000000000003  1772
19  58.600000000000001  1493
20  59.799999999999997  1529
0  48.299999999999997  2870
1  41.200000000000003  2630
2  48.799999999999997  2357
3  55.600000000000001  2399
4  54.5  2161
5  36.700000000000003  2433
6  52.0  1805
7  53.600000000000001  2396
8  54.299999999999997  2028
9  52.600000000000001  1720
10  47.299999999999997  2147
11  57.0  2053
12  57.899999999999999  1736
13  60.5  1506
14  57.100000000000001  1614
15  60.0  1548
16  51.200000000000003  2206
17  55.100000000000001  1929
18  73.900000000000006  1561
19  65.0  1598
20  63.600000000000001  1685
0  45.799999999999997  2592
1  40.0  2418
2  45.200000000000003  2724
3  54.399999999999999  2455
4  50.700000000000003  2203
5  40.899999999999999  2430
6  45.899999999999999  2589
7  43.399999999999999  2291
8  49.100000000000001  2163
9  56.299999999999997  2006
10  54.799999999999997  2319
11  58.5  1949
12  53.799999999999997  1950
13  61.5  1639
14  57.100000000000001  1908
15  56.799999999999997  1666
16  58.700000000000003  1376
17  54.299999999999997  1836
18  62.399999999999999  1707
19  50.700000000000003  1717
20  59.5  1399
0  47.299999999999997  2452
1  44.100000000000001  2520
2  41.200000000000003  2418
3  45.399999999999999  2406
4  44.200000000000003  2486
5  50.799999999999997  2311
6  57.399999999999999  2567
7  55.0  2404
8  59.700000000000003  2111
9  54.899999999999999  1927
10  58.200000000000003  1913
11  53.299999999999997  2012
12  55.899999999999999  1772
13  60.799999999999997  1940
14  50.399999999999999  2099
15  61.0  1587
16  62.600000000000001  1820
17  67.799999999999997  1601
18  68.200000000000003  1638
19  60.200000000000003  1520
20  58.899999999999999  1511
0  39.299999999999997  2207
1  46.799999999999997  2373
2  52.0  2753
3  37.799999999999997  2252
4  47.399999999999999  2197
5  53.600000000000001  2306
6  48.600000000000001  2282
7  54.200000000000003  2033
8  54.799999999999997  1971
9  49.299999999999997  2276
10  56.399999999999999  1950
11  51.399999999999999  1894
12  57.0  1642
13  46.700000000000003  1924
14  58.799999999999997  1949
15  54.600000000000001  2006
16  54.5  1763
17  57.0  1587
18  64.700000000000003  1556
19  59.0  1496
20  72.900000000000006  1436
0  44.0  2282
1  46.100000000000001  2410
2  49.100000000000001  2536
3  43.700000000000003  2755
4  47.5  2465
5  50.5  2043
6  57.700000000000003  1921
7  50.0  1822
8  59.799999999999997  1940
9  53.0  1762
10  42.100000000000001  2026
11  52.700000000000003  1878
12  55.600000000000001  1805
13  59.399999999999999  1824
14  60.100000000000001  1928
15  63.399999999999999  1835
16  56.899999999999999  1740
17  65.200000000000003  1590
18  66.700000000000003  1658
19  64.5  1685
20  61.399999999999999  1526
0  36.299999999999997  2503
1  42.399999999999999  2557
2  49.399999999999999  2617
3  50.0  2210
4  60.299999999999997  2611
5  50.399999999999999  2160
6  53.899999999999999  2249
7  66.200000000000003  2085
8  52.5  2351
9  53.200000000000003  1556
10  60.799999999999997  1676
11  45.399999999999999  2382
12  50.100000000000001  1663
13  62.0  1798
14  65.900000000000006  1941
15  64.799999999999997  1726
16  62.700000000000003  1691
17  59.200000000000003  1783
18  51.600000000000001  2147
19  61.5  1793
20  64.5  1766
0  36.200000000000003  2841
1  44.5  2504
2  42.100000000000001  2278
3  47.200000000000003  2668
4  50.299999999999997  2305
5  38.399999999999999  2115
6  48.299999999999997  2479
7  53.799999999999997  2176
8  55.5  1966
9  52.399999999999999  2140
10  46.0  2225
11  66.099999999999994  1847
12  62.600000000000001  1882
13  54.0  1880
14  56.5  1468
15  60.399999999999999  1998
16  56.899999999999999  2077
17  72.599999999999994  1556
18  64.400000000000006  1451
19  67.0  1377
20  70.099999999999994  1305
0  48.5  2723
1  39.100000000000001  2438
2  46.299999999999997  2012
3  59.299999999999997  2533
4  47.200000000000003  2337
5  45.5  2067
6  44.5  1978
7  57.200000000000003  2303
8  59.700000000000003  2241
9  57.100000000000001  1964
10  47.5  2066
11  63.200000000000003  1774
12  62.700000000000003  2068
13  56.899999999999999  1919
14  47.100000000000001  1719
15  58.100000000000001  1884
16  59.600000000000001  1678
17  63.100000000000001  1901
18  52.5  1792
19  64.900000000000006  1602
20  69.900000000000006  1362
0  42.0  2684
1  49.799999999999997  2636
2  53.0  2610
3  38.299999999999997  1997
4  47.799999999999997  1953
5  51.799999999999997  2389
6  45.399999999999999  2173
7  42.5  2283
8  61.100000000000001  1831
9  55.799999999999997  2123
10  59.100000000000001  2057
11  53.399999999999999  2253
12  51.5  1675
13  51.700000000000003  1701
14  58.600000000000001  2006
15  56.0  1870
16  61.200000000000003  1894
17  57.100000000000001  1848
18  51.200000000000003  1922
19  61.700000000000003  1429
20  63.5  1479
0  46.600000000000001  2581
1  44.899999999999999  2710
2  45.200000000000003  2635
3  48.100000000000001  2597
4  51.700000000000003  2370
5  43.399999999999999  2080
6  55.0  2060
7  56.100000000000001  2277
8  47.799999999999997  2398
9  49.700000000000003  2169
10  47.700000000000003  2205
11  58.700000000000003  2009
12  56.399999999999999  2257
13  59.399999999999999  1896
14  51.600000000000001  1980
15  58.200000000000003  1539
16  57.200000000000003  1876
17  54.799999999999997  1744
18  59.0  1630
19  56.299999999999997  1984
20  61.0  1525
0  42.700000000000003  2651
1  51.200000000000003  2748
2  56.0  2479
3  45.600000000000001  2270
4  48.200000000000003  2439
5  45.200000000000003  2570
6  45.100000000000001  2482
7  54.600000000000001  2194
8  54.5  2140
9  51.700000000000003  2177
10  57.799999999999997  2198
11  48.899999999999999  1846
12  65.0  2068
13  63.100000000000001  1912
14  63.799999999999997  1889
15  63.5  2042
16  62.200000000000003  1659
17  49.799999999999997  1761
18  57.5  2183
19  65.700000000000003  1552
20  52.899999999999999  1693
0  46.100000000000001  2164
1  57.299999999999997  2694
2  47.0  2256
3  41.899999999999999  2607
4  52.200000000000003  2278
5  51.799999999999997  2540
6  44.100000000000001  2101
7  46.0  2095
8  63.299999999999997  1917
9  53.100000000000001  1828
10  60.100000000000001  2051
11  50.5  1894
12  45.5  2187
13  53.700000000000003  1903
14  52.5  1595
15  59.799999999999997  2222
16  58.299999999999997  1661
17  62.600000000000001  1527
18  63.5  1600
19  67.700000000000003  1556
20  55.700000000000003  1307
0  37.899999999999999  2869
1  31.699999999999999  2374
2  46.600000000000001  2386
3  38.899999999999999  2184
4  53.5  2458
5  59.600000000000001  2145
6  51.899999999999999  2515
7  50.899999999999999  2260
8  60.399999999999999  2083
9  54.100000000000001  1896
10  59.299999999999997  1834
11  53.200000000000003  1823
12  58.899999999999999  1776
13  59.5  1872
14  55.200000000000003  1892
15  61.700000000000003  1575
16  61.299999999999997  1482
17  68.299999999999997  1598
18  59.799999999999997  1713
19  62.0  1285
20  54.200000000000003  1962
0  47.299999999999997  2564
1  42.700000000000003  2827
2  37.0  2355
3  49.700000000000003  2444
4  48.100000000000001  2051
5  40.0  2314
6  56.700000000000003  2117
7  54.399999999999999  2441
8  47.5  2262
9  52.100000000000001  1868
10  54.100000000000001  2201
11  58.700000000000003  2124
12  66.0  1632
13  62.899999999999999  1706
14  65.0  1758
15  56.799999999999997  1674
16  73.599999999999994  1476
17  53.200000000000003  1880
18  59.799999999999997  1527
19  61.5  1600
20  60.399999999999999  1819
0  38.0  2509
1  52.5  2598
2  57.0  2624
3  45.899999999999999  2414
4  46.399999999999999  2544
5  54.5  2002
6  43.600000000000001  2082
7  49.5  2297
8  59.799999999999997  2052
9  62.799999999999997  1909
10  45.0  1755
11  66.700000000000003  1749
12  55.299999999999997  1679
13  66.400000000000006  1769
14  50.0  1502
15  60.200000000000003  1866
16  56.0  1998
17  53.700000000000003  2100
18  61.899999999999999  1630
19  69.400000000000006  1589
20  60.700000000000003  1556
0  40.5  2235
1  49.600000000000001  2447
2  41.100000000000001  2347
3  40.0  2531
4  42.700000000000003  2461
5  49.5  2062
6  49.100000000000001  2438
7  44.799999999999997  2227
8  55.600000000000001  2283
9  48.399999999999999  2127
10  54.899999999999999  1905
11  49.700000000000003  1897
12  58.299999999999997  1891
13  51.700000000000003  1877
14  59.5  1847
15  64.400000000000006  1747
16  64.799999999999997  1891
17  71.799999999999997  1575
18  58.399999999999999  1580
19  58.399999999999999  1627
20  55.299999999999997  1564
0  48.299999999999997  2440
1  37.600000000000001  2378
2  46.399999999999999  2125
3  52.799999999999997  2269
4  39.0  2451
5  35.299999999999997  2147
6  56.899999999999999  2368
7  50.5  2546
8  52.200000000000003  2279
9  55.399999999999999  2320
10  42.299999999999997  2051
11  44.299999999999997  2017
12  50.799999999999997  1761
13  60.299999999999997  1952
14  56.399999999999999  1863
15  60.200000000000003  1560
16  56.600000000000001  1490
17  62.399999999999999  1603
18  60.899999999999999  1627
19  62.100000000000001  1415
20  62.0  1325
0  45.700000000000003  2741
1  51.899999999999999  2664
2  38.399999999999999  2504
3  53.899999999999999  2575
4  50.200000000000003  2482
5  34.700000000000003  2380
6  51.200000000000003  2662
7  50.0  1894
8  55.0  2066
9  49.5  2361
10  70.700000000000003  1741
11  55.100000000000001  2020
12  56.399999999999999  2086
13  55.799999999999997  2053
14  58.399999999999999  1632
15  59.299999999999997  1859
16  59.0  1934
17  62.899999999999999  1784
18  63.600000000000001  1575
19  59.700000000000003  1783
20  63.5  1625
0  32.399999999999999  2924
1  40.100000000000001  2256
2  49.200000000000003  2511
3  45.700000000000003  2142
4  54.200000000000003  2189
5  54.5  2111
6  51.899999999999999  2148
7  56.600000000000001  2075
8  63.799999999999997  2166
9  63.399999999999999  2017
10  53.0  2236
11  45.200000000000003  1908
12  60.799999999999997  1872
13  57.799999999999997  2143
14  62.299999999999997  1925
15  69.799999999999997  1737
16  50.100000000000001  1879
17  64.299999999999997  1655
18  71.799999999999997  1559
19  59.0  1397
20  65.799999999999997  1532
0  37.299999999999997  2850
1  50.799999999999997  2657
2  52.600000000000001  2335
3  47.600000000000001  2725
4  53.899999999999999  2182
5  54.899999999999999  2367
6  52.600000000000001  2325
7  55.200000000000003  2136
8  58.100000000000001  1981
9  60.299999999999997  2228
10  54.899999999999999  2186
11  51.200000000000003  1948
12  59.799999999999997  1797
13  61.100000000000001  1928
14  54.100000000000001  2172
15  58.899999999999999  1614
16  63.799999999999997  1689
17  64.299999999999997  1793
18  59.299999999999997  1843
19  63.5  1799
20  60.799999999999997  1595
0  42.100000000000001  2722
1  24.199999999999999  2676
2  52.100000000000001  2642
3  50.100000000000001  2571
4  54.0  2604
5  47.0  2508
6  46.700000000000003  2064
7  61.299999999999997  2065
8  49.200000000000003  2472
9  45.5  2017
10  51.700000000000003  2053
11  59.899999999999999  2162
12  54.100000000000001  2443
13  56.899999999999999  1709
14  57.799999999999997  1659
15  61.899999999999999  1820
16  41.399999999999999  2147
17  64.200000000000003  1670
18  56.0  1985
19  70.700000000000003  1680
20  57.299999999999997  1226
0  42.100000000000001  2793
1  53.600000000000001  2735
2  51.100000000000001  2546
3  47.600000000000001  2352
4  49.100000000000001  2314
5  55.399999999999999  2325
6  55.299999999999997  2219
7  54.899999999999999  2361
8  40.600000000000001  2031
9  60.100000000000001  1776
10  62.700000000000003  1843
11  57.5  1669
12  53.299999999999997  1819
13  64.900000000000006  1735
14  53.399999999999999  2325
15  73.200000000000003  1560
16  53.5  1817
17  66.799999999999997  1530
18  57.399999999999999  1632
19  64.599999999999994  1729
20  70.900000000000006  1508
0  46.600000000000001  2399
1  45.100000000000001  2417
2  45.899999999999999  2429
3  49.5  2571
4  44.100000000000001  2490
5  54.600000000000001  2292
6  55.100000000000001  2538
7  47.799999999999997  2334
8  51.899999999999999  2015
9  56.299999999999997  2083
10  50.700000000000003  1961
11  59.799999999999997  1636
12  62.600000000000001  1748
13  56.399999999999999  1804
14  59.5  1774
15  57.899999999999999  1685
16  52.899999999999999  2036
17  56.200000000000003  2014
18  61.799999999999997  1419
19  62.200000000000003  1947
20  57.299999999999997  1828
0  35.399999999999999  2494
1  53.100000000000001  2471
2  44.700000000000003  2402
3  50.0  2805
4  50.700000000000003  2115
5  54.5  2306
6  48.100000000000001  1722
7  58.299999999999997  2041
8  44.200000000000003  2354
9  50.100000000000001  2336
10  61.899999999999999  2174
11  49.299999999999997  1692
12  48.399999999999999  2000
13  58.399999999999999  1750
14  71.200000000000003  1768
15  52.5  1747
16  61.600000000000001  1578
17  68.5  1737
18  58.100000000000001  1622
19  60.0  1717
20  70.0  1624
0  43.5  2547
1  53.200000000000003  2478
2  44.799999999999997  2599
3  50.399999999999999  2630
4  52.0  2261
5  43.799999999999997  2260
6  45.899999999999999  2211
7  59.100000000000001  2107
8  53.299999999999997  1989
9  60.399999999999999  2232
10  50.0  2172
11  47.700000000000003  1841
12  62.700000000000003  2126
13  55.700000000000003  1867
14  46.5  2133
15  58.299999999999997  1613
16  69.299999999999997  1529
17  69.0  1425
18  58.700000000000003  1957
19  61.799999999999997  1994
20  69.0  1663
0  45.100000000000001  2578
1  39.700000000000003  2543
2  59.0  2604
3  48.0  2491
4  44.399999999999999  2142
5  57.100000000000001  2081
6  54.0  2159
7  47.799999999999997  2308
8  58.600000000000001  2083
9  62.200000000000003  1930
10  59.5  2147
11  44.5  1957
12  48.299999999999997  2121
13  61.899999999999999  1752
14  53.399999999999999  1864
15  51.399999999999999  2177
16  60.100000000000001  1947
17  58.899999999999999  1762
18  59.200000000000003  1784
19  65.5  1511
20  59.100000000000001  1292
0  40.0  2577
1  36.0  2378
2  51.200000000000003  2673
3  40.299999999999997  2925
4  41.100000000000001  2506
5  53.899999999999999  2112
6  45.799999999999997  2289
7  59.0  2312
8  43.799999999999997  1952
9  57.200000000000003  1876
10  58.600000000000001  1830
11  53.0  1712
12  56.399999999999999  2234
13  70.400000000000006  1782
14  57.600000000000001  2007
15  50.899999999999999  1924
16  54.899999999999999  1716
17  61.5  1494
18  64.5  1838
19  56.700000000000003  1773
20  68.200000000000003  1385
0  39.899999999999999  2200
1  40.799999999999997  2493
2  53.700000000000003  2709
3  52.600000000000001  2168
4  39.899999999999999  2095
5  55.200000000000003  2499
6  48.799999999999997  1879
7  51.200000000000003  2571
8  48.399999999999999  1698
9  54.700000000000003  1990
10  47.700000000000003  1901
11  54.100000000000001  1881
12  61.700000000000003  1892
13  56.5  1989
14  55.0  2058
15  60.5  1884
16  62.399999999999999  1352
17  63.700000000000003  1434
18  67.900000000000006  1428
19  67.200000000000003  1540
20  67.400000000000006  1869
0  32.600000000000001  2248
1  44.299999999999997  2290
2  47.799999999999997  2657
3  37.600000000000001  2597
4  52.200000000000003  2497
5  55.600000000000001  902
6  39.399999999999999  2254
7  59.200000000000003  2071
8  45.700000000000003  2110
9  48.600000000000001  1915
10  52.799999999999997  1842
11  51.899999999999999  2039
12  61.299999999999997  1778
13  55.700000000000003  1980
14  47.399999999999999  1891
15  60.399999999999999  1858
16  68.700000000000003  1565
17  47.799999999999997  1369
18  57.200000000000003  1658
19  65.799999999999997  1591
20  61.0  1684
0  49.700000000000003  2738
1  35.600000000000001  2600
2  43.600000000000001  2018
3  64.5  2378
4  54.5  2397
5  52.799999999999997  2001
6  50.799999999999997  2028
7  60.600000000000001  1864
8  53.700000000000003  2012
9  57.200000000000003  2092
10  59.799999999999997  1812
11  52.5  1961
12  51.0  2075
13  63.0  1849
14  59.299999999999997  1838
15  65.799999999999997  1976
16  63.399999999999999  1440
17  53.399999999999999  1530
18  59.100000000000001  1404
19  63.200000000000003  1633
20  57.799999999999997  1623
0  46.5  2599
1  42.299999999999997  2449
2  55.0  2331
3  45.700000000000003  2684
4  50.700000000000003  2380
5  60.899999999999999  2354
6  61.0  1996
7  50.0  1967
8  51.399999999999999  2007
9  54.399999999999999  1911
10  61.200000000000003  1769
11  58.600000000000001  1827
12  48.600000000000001  2487
13  54.299999999999997  1688
14  65.400000000000006  1760
15  63.200000000000003  2058
16  58.0  1628
17  67.599999999999994  1646
18  67.799999999999997  1748
19  50.100000000000001  1941
20  62.0  1744
0  49.399999999999999  2810
1  44.399999999999999  2601
2  49.700000000000003  2564
3  40.0  2303
4  53.0  2437
5  38.100000000000001  2340
6  46.799999999999997  2225
7  53.600000000000001  2301
8  55.899999999999999  2206
9  55.399999999999999  2123
10  58.899999999999999  1918
11  61.799999999999997  1994
12  61.299999999999997  1985
13  53.5  1790
14  62.5  1786
15  61.899999999999999  1684
16  57.200000000000003  1744
17  65.099999999999994  1689
18  55.100000000000001  1811
19  69.0  1479
20  77.299999999999997  1431
0  45.799999999999997  2570
1  42.700000000000003  2370
2  53.200000000000003  2448
3  51.899999999999999  2291
4  41.799999999999997  2105
5  61.799999999999997  2441
6  55.5  2205
7  56.600000000000001  2016
8  55.600000000000001  2240
9  61.200000000000003  1672
10  51.200000000000003  2223
11  55.899999999999999  1957
12  57.0  1260
13  48.399999999999999  2035
14  58.899999999999999  1759
15  57.299999999999997  1644
16  59.700000000000003  1529
17  62.200000000000003  1632
18  62.100000000000001  1263
19  61.600000000000001  1545
20  67.400000000000006  1290
0  43.399999999999999  2847
1  40.0  1849
2  50.399999999999999  2723
3  56.700000000000003  2579
4  49.0  2313
5  52.399999999999999  2605
6  48.700000000000003  2152
7  45.399999999999999  1858
8  65.0  2030
9  50.799999999999997  1798
10  60.100000000000001  2160
11  54.200000000000003  1741
12  59.600000000000001  1883
13  59.0  1697
14  54.100000000000001  1881
15  55.100000000000001  1794
16  61.799999999999997  1709
17  62.299999999999997  1820
18  60.200000000000003  1701
19  65.099999999999994  1650
20  64.799999999999997  1427
0  42.5  2616
1  44.399999999999999  2419
2  50.799999999999997  2663
3  41.600000000000001  2185
4  59.799999999999997  2246
5  47.5  2107
6  29.100000000000001  2156
7  55.799999999999997  2362
8  56.700000000000003  2117
9  58.5  2198
10  63.0  2075
11  51.5  1923
12  60.799999999999997  1851
13  45.0  2036
14  61.200000000000003  2021
15  51.600000000000001  1925
16  59.200000000000003  1693
17  60.600000000000001  1598
18  55.799999999999997  1712
19  62.5  1306
20  65.599999999999994  1737
0  38.600000000000001  2488
1  50.299999999999997  2644
2  46.5  2643
3  44.0  2384
4  54.299999999999997  2218
5  53.700000000000003  2432
6  50.299999999999997  2117
7  54.5  1924
8  64.299999999999997  1981
9  56.5  2302
10  58.299999999999997  1635
11  47.799999999999997  1781
12  54.600000000000001  1694
13  68.400000000000006  1747
14  59.700000000000003  1750
15  52.700000000000003  2066
16  64.299999999999997  2091
17  53.700000000000003  1814
18  62.700000000000003  1346
19  57.200000000000003  1512
20  59.200000000000003  1669
0  48.100000000000001  2609
1  54.399999999999999  2586
2  42.700000000000003  2490
3  46.399999999999999  2682
4  50.5  2416
5  46.100000000000001  2366
6  59.600000000000001  2070
7  49.799999999999997  2249
8  54.600000000000001  2033
9  53.100000000000001  1943
10  56.0  2266
11  60.600000000000001  1906
12  46.700000000000003  2184
13  60.0  1900
14  62.299999999999997  1783
15  55.200000000000003  1703
16  47.5  1896
17  64.200000000000003  1789
18  60.899999999999999  1501
19  57.799999999999997  1485
20  69.700000000000003  1663
0  39.200000000000003  2394
1  49.200000000000003  2515
2  55.399999999999999  2375
3  50.299999999999997  2604
4  45.100000000000001  2306
5  44.5  2245
6  48.600000000000001  1981
7  49.600000000000001  2037
8  53.600000000000001  2054
9  59.700000000000003  2011
10  47.200000000000003  2029
11  54.899999999999999  2018
12  53.100000000000001  1811
13  59.700000000000003  1923
14  64.299999999999997  1983
15  67.900000000000006  1660
16  57.399999999999999  1645
17  60.5  1690
18  56.299999999999997  1465
19  65.5  1923
20  71.5  1781
0  51.700000000000003  2746
1  43.399999999999999  2361
2  39.200000000000003  2817
3  49.799999999999997  2184
4  48.299999999999997  2254
5  45.200000000000003  2499
6  47.0  2321
7  43.799999999999997  2003
8  49.5  2478
9  44.200000000000003  1968
10  64.799999999999997  1773
11  55.899999999999999  2023
12  53.200000000000003  2152
13  56.600000000000001  2007
14  47.700000000000003  2012
15  51.399999999999999  2016
16  57.0  1902
17  54.0  1919
18  64.5  1695
19  69.599999999999994  1539
20  69.0  1783
0  39.600000000000001  2705
1  36.200000000000003  2462
2  39.399999999999999  2445
3  46.200000000000003  2296
4  48.399999999999999  2278
5  47.899999999999999  2497
6  40.0  2392
7  47.799999999999997  1931
8  51.100000000000001  1723
9  56.100000000000001  1985
10  53.899999999999999  1967
11  60.5  2207
12  56.5  1766
13  53.399999999999999  1475
14  62.5  2235
15  66.200000000000003  1783
16  61.100000000000001  1695
17  62.0  1725
18  64.0  1741
19  68.5  1380
20  64.700000000000003  1749
0  49.700000000000003  2515
1  49.700000000000003  2588
2  42.5  2725
3  34.700000000000003  2365
4  45.700000000000003  2410
5  53.299999999999997  2186
6  57.600000000000001  1977
7  55.5  2393
8  53.600000000000001  2221
9  48.399999999999999  1960
10  45.299999999999997  2145
11  57.5  1949
12  49.100000000000001  2000
13  60.899999999999999  1711
14  57.899999999999999  1926
15  56.799999999999997  1474
16  54.5  1705
17  61.799999999999997  1606
18  60.100000000000001  1596
19  58.299999999999997  1628
20  61.100000000000001  1595
0  46.700000000000003  2813
1  38.5  2334
2  52.299999999999997  2475
3  46.200000000000003  2769
4  45.799999999999997  2706
5  47.700000000000003  2275
6  40.100000000000001  2210
7  64.0  2058
8  58.200000000000003  1987
9  54.200000000000003  2245
10  53.799999999999997  2370
11  43.799999999999997  1718
12  62.200000000000003  1731
13  62.200000000000003  1508
14  55.600000000000001  1761
15  57.600000000000001  1795
16  57.700000000000003  1545
17  58.600000000000001  1657
18  60.5  1488
19  51.5  1565
20  54.799999999999997  1927
0  45.200000000000003  3023
1  40.899999999999999  2712
2  45.700000000000003  2543
3  27.399999999999999  2508
4  50.100000000000001  2304
5  43.100000000000001  2231
6  48.299999999999997  2366
7  48.299999999999997  2090
8  65.400000000000006  1905
9  57.399999999999999  1948
10  54.0  1975
11  48.100000000000001  1974
12  56.0  1809
13  56.399999999999999  2045
14  52.100000000000001  1875
15  61.600000000000001  1503
16  47.399999999999999  1370
17  55.700000000000003  1604
18  61.299999999999997  1473
19  65.599999999999994  1494
20  63.200000000000003  1498
0  35.399999999999999  2747
1  48.5  2256
2  42.0  2325
3  42.5  2720
4  51.5  2107
5  48.0  1770
6  63.0  2171
7  49.899999999999999  2205
8  55.299999999999997  2269
9  51.899999999999999  2225
10  46.700000000000003  1794
11  49.899999999999999  1913
12  69.700000000000003  2049
13  56.0  2195
14  72.700000000000003  1569
15  63.799999999999997  1679
16  62.600000000000001  1490
17  55.5  2143
18  57.5  1827
19  74.5  1514
20  63.399999999999999  1777
0  52.5  2830
1  52.5  2661
2  38.600000000000001  2172
3  49.399999999999999  2323
4  55.200000000000003  2082
5  53.899999999999999  2296
6  52.100000000000001  2308
7  59.299999999999997  1854
8  46.399999999999999  2602
9  45.700000000000003  2019
10  57.0  2227
11  50.899999999999999  2328
12  63.200000000000003  1852
13  57.100000000000001  2034
14  55.200000000000003  1947
15  58.700000000000003  1348
16  61.399999999999999  1771
17  63.600000000000001  1494
18  68.299999999999997  1325
19  51.0  1684
20  65.299999999999997  1411
0  46.0  2659
1  41.5  2457
2  45.600000000000001  2611
3  52.200000000000003  2471
4  46.299999999999997  2143
5  53.100000000000001  2117
6  41.700000000000003  2224
7  59.100000000000001  2342
8  61.600000000000001  1953
9  56.5  2012
10  65.700000000000003  2068
11  47.799999999999997  1621
12  59.0  1822
13  63.799999999999997  1314
14  60.899999999999999  1538
15  62.5  1682
16  67.799999999999997  1624
17  59.100000000000001  1716
18  58.700000000000003  1692
19  64.400000000000006  1637
20  53.600000000000001  1250
0  36.0  2989
1  49.200000000000003  2808
2  53.100000000000001  2390
3  47.799999999999997  2286
4  47.0  2270
5  42.299999999999997  2360
6  51.100000000000001  2339
7  56.200000000000003  2452
8  52.100000000000001  2107
9  53.899999999999999  2249
10  56.100000000000001  1781
11  43.299999999999997  1989
12  52.899999999999999  1846
13  65.400000000000006  1909
14  59.700000000000003  1663
15  57.100000000000001  1939
16  60.299999999999997  1741
17  50.299999999999997  2183
18  62.100000000000001  1771
19  57.200000000000003  1827
20  64.0  1797
0  50.799999999999997  2396
1  42.700000000000003  2487
2  45.600000000000001  2480
3  32.299999999999997  2464
4  52.799999999999997  2371
5  47.299999999999997  2268
6  62.899999999999999  1898
7  57.200000000000003  2072
8  52.299999999999997  2312
9  50.100000000000001  1881
10  45.899999999999999  1858
11  63.299999999999997  1895
12  60.299999999999997  1751
13  67.400000000000006  2152
14  60.799999999999997  2153
15  59.899999999999999  2138
16  69.700000000000003  1866
17  60.700000000000003  1729
18  60.5  1537
19  64.400000000000006  1560
20  64.5  1887
0  44.100000000000001  2932
1  36.5  2529
2  50.299999999999997  2533
3  39.600000000000001  2570
4  43.5  2393
5  37.5  2073
6  47.5  2258
7  51.799999999999997  2527
8  42.200000000000003  2242
9  55.700000000000003  2263
10  61.600000000000001  2009
11  44.5  1794
12  54.5  1867
13  57.100000000000001  1758
14  54.399999999999999  1601
15  60.0  1802
16  62.299999999999997  1781
17  55.399999999999999  1686
18  60.100000000000001  1500
19  54.899999999999999  1844
20  59.600000000000001  1496
0  56.5  2433
1  51.5  2697
2  41.5  3002
3  51.5  2702
4  49.700000000000003  2390
5  41.299999999999997  2303
6  54.799999999999997  2351
7  47.100000000000001  2271
8  42.899999999999999  2168
9  55.200000000000003  2289
10  56.0  2404
11  52.299999999999997  2306
12  55.899999999999999  1725
13  54.399999999999999  1693
14  55.799999999999997  2119
15  56.299999999999997  2055
16  62.100000000000001  1743
17  60.899999999999999  1587
18  70.0  1542
19  66.0  1659
20  62.299999999999997  1485
0  39.700000000000003  2458
1  43.299999999999997  2867
2  52.100000000000001  2326
3  47.799999999999997  2038
4  55.399999999999999  2165
5  57.600000000000001  2379
6  42.0  2513
7  50.399999999999999  2336
8  57.299999999999997  2071
9  46.600000000000001  2313
10  43.299999999999997  2160
11  51.399999999999999  2229
12  50.200000000000003  1989
13  52.299999999999997  2027
14  60.899999999999999  1458
15  62.100000000000001  1530
16  65.099999999999994  1913
17  62.899999999999999  1478
18  50.899999999999999  1852
19  68.5  1838
20  66.099999999999994  1530
0  47.399999999999999  3088
1  44.100000000000001  2288
2  44.899999999999999  2360
3  43.5  2538
4  34.5  2105
5  41.799999999999997  1828
6  56.899999999999999  2165
7  54.799999999999997  2230
8  49.200000000000003  1971
9  50.5  2273
10  52.399999999999999  2117
11  66.0  1899
12  54.0  1738
13  55.899999999999999  1757
14  54.700000000000003  1853
15  63.399999999999999  1959
16  66.0  2165
17  59.700000000000003  1567
18  63.600000000000001  1767
19  59.600000000000001  1617
20  56.399999999999999  1930
0  50.0  2610
1  49.600000000000001  2514
2  49.700000000000003  2523
3  47.399999999999999  2277
4  45.200000000000003  2402
5  56.0  2314
6  53.899999999999999  2326
7  41.299999999999997  2098
8  49.200000000000003  2249
9  52.899999999999999  2340
10  52.299999999999997  1778
11  54.899999999999999  1888
12  57.100000000000001  1539
13  46.299999999999997  1750
14  66.900000000000006  1753
15  57.5  1817
16  52.399999999999999  1889
17  58.100000000000001  1826
18  63.899999999999999  1470
19  61.899999999999999  1967
20  64.299999999999997  1689
0  35.700000000000003  2646
1  45.200000000000003  2404
2  47.299999999999997  2509
3  51.5  2465
4  52.799999999999997  2267
5  43.899999999999999  2290
6  41.100000000000001  2180
7  51.5  1853
8  57.899999999999999  2120
9  63.899999999999999  1990
10  51.799999999999997  2168
11  47.399999999999999  2404
12  57.799999999999997  1874
13  60.899999999999999  1618
14  59.200000000000003  1743
15  53.700000000000003  1759
16  62.100000000000001  1780
17  60.399999999999999  1690
18  62.0  1433
19  56.299999999999997  1638
20  63.100000000000001  1565
0  35.0  2592
1  46.600000000000001  2484
2  46.200000000000003  2456
3  55.399999999999999  2217
4  39.799999999999997  2375
5  59.5  2431
6  50.700000000000003  2071
7  61.799999999999997  2178
8  61.0  2288
9  60.100000000000001  2038
10  51.5  2267
11  47.399999999999999  1905
12  67.299999999999997  1625
13  53.700000000000003  1552
14  66.900000000000006  1336
15  53.0  1997
16  64.200000000000003  1757
17  65.900000000000006  1706
18  56.399999999999999  1657
19  66.599999999999994  1657
20  45.799999999999997  1860
0  49.700000000000003  2577
1  39.700000000000003  2555
2  53.5  2597
3  50.200000000000003  2379
4  52.899999999999999  2394
5  47.5  2439
6  63.5  2305
7  48.100000000000001  2209
8  50.299999999999997  2261
9  45.799999999999997  2141
10  59.899999999999999  1717
11  57.200000000000003  1911
12  54.399999999999999  2234
13  54.899999999999999  1826
14  65.0  1669
15  61.600000000000001  1787
16  62.600000000000001  1693
17  57.700000000000003  1616
18  57.600000000000001  1451
19  57.799999999999997  1565
20  60.200000000000003  1762
0  49.200000000000003  2493
1  52.5  2546
2  45.100000000000001  2573
3  45.700000000000003  1968
4  60.899999999999999  2025
5  49.700000000000003  2010
6  42.799999999999997  2360
7  49.5  2031
8  44.700000000000003  1978
9  62.799999999999997  2281
10  58.299999999999997  1779
11  62.100000000000001  1890
12  67.5  1843
13  61.100000000000001  1400
14  58.600000000000001  1458
15  56.399999999999999  2043
16  58.100000000000001  1764
17  60.899999999999999  1613
18  65.299999999999997  1725
19  63.600000000000001  1772
20  57.100000000000001  1817
0  46.200000000000003  2435
1  42.799999999999997  2406
2  35.100000000000001  2377
3  41.5  1964
4  39.0  2386
5  55.200000000000003  2246
6  45.100000000000001  2233
7  61.100000000000001  1935
8  64.099999999999994  1821
9  60.100000000000001  2072
10  50.600000000000001  1832
11  44.700000000000003  2023
12  58.899999999999999  2153
13  60.299999999999997  2003
14  57.299999999999997  1769
15  57.399999999999999  1671
16  59.299999999999997  1819
17  59.200000000000003  1644
18  54.200000000000003  1656
19  65.099999999999994  1163
20  57.5  1641
0  46.700000000000003  3017
1  46.799999999999997  2654
2  47.899999999999999  2518
3  49.700000000000003  2091
4  39.200000000000003  2253
5  46.399999999999999  2665
6  55.200000000000003  2351
7  55.200000000000003  1662
8  50.399999999999999  2131
9  50.0  2020
10  56.299999999999997  2171
11  55.399999999999999  2232
12  58.600000000000001  1875
13  65.0  1831
14  56.299999999999997  1837
15  56.299999999999997  1568
16  63.700000000000003  1744
17  42.399999999999999  2100
18  57.299999999999997  1660
19  69.5  1467
20  56.299999999999997  1625
0  47.100000000000001  2754
1  42.799999999999997  2545
2  50.700000000000003  2392
3  41.399999999999999  2338
4  54.200000000000003  2193
5  53.399999999999999  2503
6  55.700000000000003  2376
7  51.5  2319
8  46.100000000000001  2191
9  63.299999999999997  2059
10  64.400000000000006  1946
11  57.0  2027
12  48.299999999999997  1868
13  58.200000000000003  1515
14  58.0  1958
15  62.200000000000003  1639
16  58.5  1975
17  54.899999999999999  1805
18  54.0  1689
19  54.299999999999997  1811
20  68.599999999999994  1696
0  49.600000000000001  2510
1  41.399999999999999  2715
2  47.899999999999999  2620
3  34.100000000000001  2192
4  49.700000000000003  2222
5  38.399999999999999  2325
6  51.600000000000001  2207
7  43.0  2414
8  61.899999999999999  2027
9  58.700000000000003  2363
10  58.399999999999999  1742
11  54.299999999999997  1963
12  48.700000000000003  1789
13  50.600000000000001  1932
14  60.700000000000003  1525
15  62.799999999999997  1711
16  52.200000000000003  1540
17  45.5  1540
18  63.399999999999999  1563
19  69.900000000000006  1461
20  65.0  1598
0  39.700000000000003  2453
1  44.299999999999997  2620
2  46.299999999999997  2416
3  42.700000000000003  2356
4  45.5  2384
5  49.5  2458
6  48.100000000000001  1804
7  48.799999999999997  1857
8  52.799999999999997  2280
9  50.200000000000003  2010
10  49.100000000000001  1711
11  68.900000000000006  1670
12  70.099999999999994  1766
13  52.899999999999999  1906
14  50.600000000000001  1950
15  61.5  1612
16  60.700000000000003  1674
17  54.799999999999997  1682
18  64.099999999999994  1531
19  63.899999999999999  1518
20  72.799999999999997  1431
0  43.700000000000003  2708
1  44.5  2910
2  38.799999999999997  2613
3  58.899999999999999  2070
4  40.899999999999999  2613
5  56.799999999999997  2364
6  42.0  2417
7  39.399999999999999  2245
8  52.799999999999997  1857
9  57.899999999999999  1901
10  51.799999999999997  1713
11  60.700000000000003  1663
12  63.600000000000001  1876
13  49.299999999999997  1963
14  58.799999999999997  1791
15  60.799999999999997  1846
16  70.400000000000006  1465
17  58.100000000000001  1920
18  55.5  1774
19  57.5  1707
20  65.0  1595
0  47.200000000000003  2721
1  53.799999999999997  2611
2  43.600000000000001  2642
3  43.799999999999997  2412
4  45.799999999999997  2087
5  57.799999999999997  2089
6  51.100000000000001  1890
7  53.5  2121
8  60.5  1960
9  57.799999999999997  2230
10  62.0  2015
11  56.100000000000001  1908
12  49.299999999999997  2160
13  53.0  2116
14  57.299999999999997  1814
15  53.799999999999997  1791
16  45.5  1760
17  57.299999999999997  1670
18  52.700000000000003  1621
19  72.099999999999994  1652
20  60.899999999999999  1877
0  33.799999999999997  2214
1  45.299999999999997  2127
2  41.100000000000001  2067
3  44.799999999999997  2162
4  46.899999999999999  2032
5  49.299999999999997  2181
6  65.599999999999994  2258
7  47.899999999999999  2254
8  47.100000000000001  2200
9  50.399999999999999  1933
10  53.200000000000003  2011
11  67.400000000000006  2055
12  49.399999999999999  2049
13  60.700000000000003  1842
14  53.799999999999997  1899
15  57.100000000000001  1989
16  53.299999999999997  2008
17  61.799999999999997  1463
18  64.400000000000006  1669
19  68.700000000000003  1280
20  57.799999999999997  1676
0  46.399999999999999  2553
1  49.200000000000003  2554
2  38.600000000000001  2672
3  48.200000000000003  2415
4  58.600000000000001  2292
5  36.299999999999997  1828
6  58.700000000000003  2151
7  42.100000000000001  2219
8  57.899999999999999  2498
9  49.399999999999999  2367
10  55.399999999999999  1956
11  56.700000000000003  2069
12  57.5  1701
13  44.600000000000001  1531
14  56.299999999999997  1967
15  58.799999999999997  1713
16  67.0  1791
17  66.400000000000006  1738
18  53.899999999999999  1830
19  54.899999999999999  1623
20  64.299999999999997  1559
0  41.799999999999997  2572
1  39.0  2632
2  44.799999999999997  2517
3  45.299999999999997  2363
4  42.799999999999997  2206
5  52.100000000000001  2226
6  50.5  1927
7  56.100000000000001  2425
8  56.299999999999997  1750
9  52.899999999999999  2323
10  53.0  1929
11  53.399999999999999  2060
12  57.100000000000001  1989
13  64.799999999999997  1936
14  59.899999999999999  1856
15  65.5  1849
16  56.299999999999997  2097
17  52.100000000000001  2026
18  70.200000000000003  1448
19  65.700000000000003  1693
20  59.700000000000003  1836
0  38.600000000000001  2658
1  52.600000000000001  2827
2  43.299999999999997  2600
3  52.5  2630
4  46.299999999999997  2645
5  40.5  2370
6  38.5  2056
7  55.600000000000001  2354
8  40.700000000000003  2279
9  57.899999999999999  1708
10  55.700000000000003  2042
11  59.299999999999997  1900
12  53.700000000000003  2010
13  54.5  1833
14  58.399999999999999  1455
15  66.900000000000006  1655
16  70.099999999999994  1357
17  65.0  1785
18  64.0  1866
19  55.700000000000003  1803
20  62.700000000000003  1588
0  47.399999999999999  2491
1  51.200000000000003  2725
2  44.700000000000003  2245
3  53.899999999999999  2423
4  55.399999999999999  2327
5  50.0  1884
6  55.799999999999997  2340
7  57.399999999999999  2359
8  53.5  2041
9  51.200000000000003  1968
10  51.200000000000003  1957
11  52.100000000000001  2123
12  61.600000000000001  1822
13  59.200000000000003  2150
14  60.5  1940
15  53.200000000000003  1657
16  47.100000000000001  1578
17  57.700000000000003  1873
18  61.200000000000003  1849
19  60.200000000000003  1811
20  63.600000000000001  1345
0  39.899999999999999  3076
1  40.299999999999997  2247
2  43.600000000000001  2467
3  39.600000000000001  2377
4  63.799999999999997  2380
5  57.799999999999997  2010
6  55.799999999999997  1989
7  45.600000000000001  2338
8  49.799999999999997  2123
9  45.0  2239
10  53.600000000000001  1791
11  51.0  1892
12  49.700000000000003  1841
13  55.200000000000003  2254
14  52.700000000000003  1877
15  51.299999999999997  2207
16  66.799999999999997  1507
17  53.600000000000001  1722
18  52.0  1593
19  59.899999999999999  1414
20  53.0  1570
0  44.299999999999997  2712
1  43.299999999999997  2566
2  55.299999999999997  2360
3  48.799999999999997  2507
4  45.5  2198
5  49.100000000000001  1989
6  52.399999999999999  2196
7  55.399999999999999  2387
8  48.399999999999999  2036
9  50.799999999999997  2118
10  53.899999999999999  1999
11  46.600000000000001  2106
12  51.0  1388
13  52.100000000000001  2244
14  57.5  2077
15  50.700000000000003  1687
16  53.899999999999999  1758
17  60.799999999999997  1686
18  60.299999999999997  1749
19  51.799999999999997  1978
20  61.0  1757
0  46.799999999999997  2341
1  44.899999999999999  2362
2  44.799999999999997  2008
3  46.399999999999999  2864
4  44.399999999999999  2336
5  48.5  2245
6  53.200000000000003  2493
7  46.899999999999999  2051
8  53.799999999999997  2212
9  54.0  1701
10  63.5  1865
11  53.899999999999999  1864
12  52.799999999999997  1471
13  52.5  1892
14  57.200000000000003  1600
15  58.600000000000001  1922
16  47.5  1774
17  55.299999999999997  1942
18  72.700000000000003  1354
19  52.700000000000003  1350
20  58.799999999999997  1854
0  35.200000000000003  2618
1  46.600000000000001  2145
2  38.600000000000001  2432
3  50.700000000000003  2360
4  52.5  2475
5  48.100000000000001  2141
6  55.700000000000003  2421
7  49.600000000000001  2500
8  62.0  2013
9  54.5  1873
10  54.799999999999997  1951
11  55.700000000000003  2125
12  62.299999999999997  1743
13  65.5  1556
14  58.0  1513
15  53.899999999999999  2050
16  66.700000000000003  1463
17  59.600000000000001  1699
18  66.299999999999997  1545
19  54.5  1779
20  62.100000000000001  1532
0  46.899999999999999  2487
1  47.100000000000001  2522
2  53.600000000000001  2281
3  49.5  2256
4  55.100000000000001  2962
5  54.0  2344
6  44.899999999999999  2184
7  61.5  1843
8  57.5  2037
9  55.0  1841
10  49.600000000000001  2323
11  60.700000000000003  1920
12  59.100000000000001  1764
13  61.5  1863
14  56.600000000000001  1904
15  67.200000000000003  1621
16  62.799999999999997  1640
17  52.700000000000003  1873
18  70.400000000000006  1908
19  61.700000000000003  1818
20  62.799999999999997  1679
0  40.0  2436
1  41.100000000000001  2615
2  42.700000000000003  2581
3  49.299999999999997  2282
4  47.5  2563
5  48.899999999999999  2537
6  55.0  2237
7  58.600000000000001  2309
8  37.399999999999999  1975
9  63.200000000000003  1956
10  41.700000000000003  1830
11  57.0  1935
12  54.799999999999997  2106
13  53.0  1869
14  63.600000000000001  1791
15  61.299999999999997  2019
16  55.0  2230
17  61.399999999999999  2008
18  61.799999999999997  1696
19  62.100000000000001  1481
20  66.400000000000006  1887
0  51.600000000000001  2303
1  40.299999999999997  2745
2  40.799999999999997  2654
3  52.600000000000001  2329
4  43.0  2342
5  39.299999999999997  1956
6  61.5  2286
7  55.899999999999999  2223
8  43.399999999999999  2124
9  50.200000000000003  1766
10  53.299999999999997  1718
11  61.100000000000001  1679
12  41.799999999999997  1768
13  61.700000000000003  1652
14  59.5  1941
15  66.799999999999997  1864
16  60.5  1619
17  61.5  1473
18  58.0  1502
19  51.299999999999997  1681
20  56.100000000000001  1600
0  24.199999999999999  2657
1  37.0  2063
2  47.700000000000003  2416
3  53.799999999999997  2636
4  55.700000000000003  2295
5  53.100000000000001  2170
6  51.600000000000001  2263
7  50.600000000000001  2515
8  56.200000000000003  2028
9  45.899999999999999  1861
10  49.799999999999997  2197
11  58.700000000000003  2257
12  60.200000000000003  2131
13  54.200000000000003  2189
14  57.100000000000001  2003
15  58.399999999999999  1658
16  62.299999999999997  1830
17  54.200000000000003  1935
18  59.899999999999999  1785
19  59.399999999999999  1624
20  71.700000000000003  1566
0  40.299999999999997  2807
1  45.5  2606
2  49.299999999999997  2602
3  46.700000000000003  2297
4  53.600000000000001  2316
5  48.299999999999997  2214
6  58.299999999999997  1853
7  52.799999999999997  2271
8  50.0  1869
9  49.0  2273
10  50.100000000000001  2121
11  59.299999999999997  1890
12  45.5  1589
13  59.0  1725
14  64.700000000000003  1787
15  60.899999999999999  1999
16  61.799999999999997  1775
17  69.900000000000006  1409
18  53.299999999999997  1858
19  61.399999999999999  1603
20  60.5  1425
0  46.299999999999997  2865
1  38.5  2434
2  40.399999999999999  2649
3  39.700000000000003  2256
4  49.700000000000003  2593
5  44.799999999999997  2347
6  61.399999999999999  2053
7  51.100000000000001  1891
8  56.0  2066
9  56.299999999999997  1842
10  53.200000000000003  1796
11  56.899999999999999  2044
12  53.0  2183
13  54.600000000000001  2246
14  70.099999999999994  1597
15  58.299999999999997  1614
16  58.700000000000003  1787
17  63.799999999999997  1721
18  60.100000000000001  1514
19  71.099999999999994  1770
20  71.700000000000003  1777
0  31.800000000000001  2660
1  48.0  2274
2  55.899999999999999  2507
3  39.100000000000001  2320
4  53.299999999999997  2374
5  56.700000000000003  2230
6  50.700000000000003  2005
7  53.399999999999999  2196
8  44.600000000000001  2212
9  59.299999999999997  2116
10  48.0  2102
11  53.200000000000003  1831
12  56.5  1942
13  63.899999999999999  1776
14  54.700000000000003  1846
15  52.899999999999999  1879
16  62.200000000000003  1784
17  55.899999999999999  1676
18  57.100000000000001  1699
19  62.100000000000001  1682
20  62.600000000000001  1637
0  34.700000000000003  2656
1  37.899999999999999  2158
2  44.700000000000003  2496
3  49.5  2809
4  57.600000000000001  2215
5  37.600000000000001  2486
6  60.700000000000003  2336
7  45.600000000000001  1906
8  61.799999999999997  2054
9  43.299999999999997  1807
10  49.899999999999999  2054
11  51.399999999999999  1897
12  62.5  1540
13  57.399999999999999  1954
14  58.399999999999999  1614
15  56.100000000000001  2061
16  64.900000000000006  1639
17  73.0  1437
18  61.700000000000003  1723
19  71.099999999999994  1501
20  63.399999999999999  1744
0  44.600000000000001  2598
1  47.299999999999997  2678
2  49.700000000000003  2595
3  47.0  2438
4  40.600000000000001  2476
5  46.700000000000003  2340
6  43.200000000000003  2609
7  46.5  1817
8  59.5  2269
9  52.200000000000003  2551
10  57.899999999999999  1787
11  51.100000000000001  2126
12  47.700000000000003  2025
13  52.200000000000003  2035
14  64.900000000000006  1877
15  65.700000000000003  1710
16  61.899999999999999  1788
17  52.299999999999997  1743
18  54.0  1771
19  65.099999999999994  1709
20  66.200000000000003  1525
0  43.700000000000003  2757
1  37.200000000000003  2596
2  51.600000000000001  2440
3  47.200000000000003  2493
4  43.600000000000001  2628
5  55.0  2547
6  53.100000000000001  2006
7  51.200000000000003  2503
8  56.5  1627
9  51.399999999999999  2093
10  63.0  2227
11  50.899999999999999  1980
12  60.100000000000001  2006
13  40.299999999999997  1947
14  55.399999999999999  1712
15  56.399999999999999  1610
16  65.099999999999994  1717
17  54.799999999999997  1728
18  59.100000000000001  1847
19  60.799999999999997  1980
20  59.299999999999997  1734
0  45.5  2670
1  60.100000000000001  2451
2  39.0  2855
3  43.399999999999999  2146
4  47.799999999999997  2551
5  44.200000000000003  2565
6  48.600000000000001  2324
7  52.299999999999997  2434
8  54.100000000000001  2088
9  54.299999999999997  2185
10  52.299999999999997  1877
11  65.799999999999997  1514
12  55.600000000000001  1978
13  56.200000000000003  1988
14  64.5  1672
15  58.200000000000003  1719
16  53.299999999999997  1687
17  55.299999999999997  1677
18  55.5  1387
19  63.600000000000001  1360
20  66.599999999999994  1569
0  43.899999999999999  2852
1  53.0  2379
2  58.399999999999999  2329
3  37.5  2628
4  54.5  2264
5  57.600000000000001  2414
6  49.700000000000003  2229
7  52.799999999999997  2254
8  53.299999999999997  2081
9  48.200000000000003  2168
10  66.599999999999994  1915
11  55.299999999999997  1655
12  62.899999999999999  1798
13  41.200000000000003  1442
14  61.0  1935
15  51.799999999999997  1922
16  70.5  1528
17  58.899999999999999  1916
18  66.299999999999997  1764
19  70.099999999999994  1625
20  59.799999999999997  1773
0  30.600000000000001  2241
1  45.700000000000003  2616
2  51.700000000000003  2380
3  45.799999999999997  2367
4  48.0  2163
5  66.099999999999994  2059
6  48.700000000000003  2374
7  49.0  2420
8  53.700000000000003  2242
9  61.799999999999997  2055
10  46.899999999999999  2249
11  54.0  1954
12  53.100000000000001  2248
13  62.5  1887
14  45.399999999999999  1634
15  68.0  1565
16  56.399999999999999  1930
17  61.200000000000003  1624
18  54.100000000000001  2043
19  67.5  1484
20  62.299999999999997  1605
0  39.700000000000003  2385
1  48.600000000000001  2480
2  44.0  2582
3  47.899999999999999  2360
4  43.0  2508
5  41.600000000000001  2195
6  56.700000000000003  2058
7  41.700000000000003  2391
8  53.100000000000001  1800
9  57.299999999999997  1872
10  63.200000000000003  2005
11  60.899999999999999  2057
12  57.299999999999997  2034
13  55.5  1974
14  60.600000000000001  2037
15  65.099999999999994  1604
16  66.299999999999997  1814
17  63.0  1611
18  61.700000000000003  1817
19  60.299999999999997  1749
20  69.799999999999997  1372
0  49.5  2649
1  39.399999999999999  2269
2  42.299999999999997  2717
3  50.700000000000003  2411
4  48.0  2405
5  51.0  2083
6  54.200000000000003  2297
7  44.600000000000001  2129
8  47.200000000000003  2177
9  44.200000000000003  2023
10  51.200000000000003  1979
11  46.0  2126
12  53.5  1834
13  69.900000000000006  1725
14  63.399999999999999  2049
15  66.5  1521
16  58.899999999999999  1988
17  64.5  1465
18  59.5  1740
19  68.0  1582
20  64.299999999999997  1544
0  37.799999999999997  2632
1  52.399999999999999  2509
2  31.399999999999999  2558
3  49.700000000000003  2230
4  37.700000000000003  1878
5  41.5  2094
6  58.200000000000003  1956
7  52.5  1931
8  61.299999999999997  2192
9  48.600000000000001  2434
10  61.100000000000001  1961
11  62.600000000000001  1788
12  65.799999999999997  1612
13  56.799999999999997  1723
14  64.400000000000006  1785
15  64.299999999999997  1821
16  52.700000000000003  1740
17  68.400000000000006  1826
18  57.299999999999997  1697
19  71.599999999999994  1435
20  65.400000000000006  1678
0  48.200000000000003  2236
1  43.399999999999999  2662
2  37.600000000000001  2264
3  43.200000000000003  2490
4  52.799999999999997  2350
5  47.5  2363
6  43.799999999999997  1960
7  46.600000000000001  2295
8  57.700000000000003  2220
9  50.299999999999997  2243
10  62.399999999999999  1972
11  67.099999999999994  1856
12  59.799999999999997  1744
13  59.899999999999999  1946
14  61.0  1624
15  45.5  1753
16  58.5  1513
17  57.799999999999997  2145
18  61.200000000000003  1499
19  68.299999999999997  1526
20  61.100000000000001  1375
0  43.299999999999997  2639
1  35.700000000000003  2707
2  40.899999999999999  2274
3  42.799999999999997  2249
4  52.700000000000003  2292
5  49.899999999999999  2313
6  50.899999999999999  1994
7  57.399999999999999  2180
8  41.200000000000003  2281
9  56.100000000000001  2035
10  53.5  2358
11  49.399999999999999  2092
12  56.100000000000001  2323
13  57.600000000000001  1810
14  61.299999999999997  1716
15  50.700000000000003  1822
16  64.200000000000003  1662
17  58.899999999999999  1690
18  58.5  1566
19  66.299999999999997  1650
20  68.0  1686
0  51.299999999999997  2656
1  46.600000000000001  2555
2  51.5  2502
3  44.799999999999997  2285
4  52.899999999999999  2312
5  45.299999999999997  2191
6  54.600000000000001  2407
7  52.200000000000003  1982
8  57.700000000000003  2047
9  53.799999999999997  1995
10  53.799999999999997  1758
11  47.799999999999997  2054
12  60.399999999999999  1901
13  58.100000000000001  1983
14  53.399999999999999  1579
15  63.899999999999999  1746
16  66.099999999999994  1504
17  63.0  1547
18  53.299999999999997  1755
19  65.0  1528
20  63.0  1606
0  30.100000000000001  2882
1  38.200000000000003  2638
2  37.5  2988
3  54.899999999999999  2124
4  45.600000000000001  2284
5  45.5  2403
6  57.600000000000001  2126
7  45.799999999999997  2229
8  46.0  2047
9  62.399999999999999  2142
10  57.799999999999997  2013
11  54.0  2018
12  55.399999999999999  1678
13  60.299999999999997  1926
14  61.899999999999999  1473
15  51.5  1880
16  65.400000000000006  1539
17  67.799999999999997  1393
18  72.0  1357
19  65.799999999999997  1626
20  63.100000000000001  1670
0  38.399999999999999  2002
1  39.700000000000003  2831
2  42.700000000000003  2483
3  59.899999999999999  2360
4  51.700000000000003  2492
5  59.700000000000003  2374
6  51.5  1848
7  55.5  2169
8  57.700000000000003  2077
9  51.700000000000003  2333
10  63.0  1933
11  55.200000000000003  1879
12  42.600000000000001  1430
13  58.399999999999999  1976
14  59.200000000000003  2021
15  62.100000000000001  1515
16  56.799999999999997  1971
17  43.5  1628
18  59.299999999999997  1924
19  62.399999999999999  1622
20  59.799999999999997  1673
0  40.399999999999999  2467
1  47.799999999999997  2436
2  37.5  2277
3  49.299999999999997  1890
4  45.100000000000001  2312
5  56.100000000000001  2339
6  51.0  2540
7  46.700000000000003  2447
8  55.5  2202
9  62.399999999999999  2075
10  67.900000000000006  1817
11  56.0  2045
12  57.200000000000003  1883
13  54.100000000000001  2007
14  54.899999999999999  1914
15  55.299999999999997  1890
16  65.099999999999994  1517
17  55.0  1848
18  52.600000000000001  1476
19  61.200000000000003  1624
20  61.700000000000003  1714
0  44.399999999999999  2611
1  44.200000000000003  2606
2  55.0  2489
3  51.5  2380
4  46.899999999999999  2419
5  50.799999999999997  2227
6  52.299999999999997  2090
7  53.5  2213
8  39.399999999999999  1868
9  51.299999999999997  1870
10  48.5  2408
11  53.399999999999999  2314
12  51.200000000000003  2006
13  61.600000000000001  1804
14  62.100000000000001  1708
15  53.600000000000001  1807
16  63.700000000000003  1940
17  56.100000000000001  1596
18  53.200000000000003  1422
19  54.5  1471
20  59.200000000000003  1499
