0  74.0  305.0
0  80.0  330.0
0  25.0  482.0
0  71.0  292.0
0  41.0  276.0
0  28.0  482.0
0  66.0  319.0
0  17.0  445.0
0  54.0  247.0
0  73.0  395.0
0  37.0  388.0
0  16.0  408.0
0  30.0  244.0
0  41.0  266.0
0  66.0  374.0
0  41.0  417.0
0  80.0  309.0
0  44.0  392.0
0  28.0  337.0
0  42.0  374.0
0  26.0  250.0
0  32.0  389.0
0  14.0  289.0
0  48.0  330.0
0  50.0  356.0
0  68.0  334.0
0  20.0  472.0
0  58.0  385.0
0  22.0  357.0
0  59.0  373.0
0  55.0  383.0
0  25.0  385.0
0  34.0  371.0
0  46.0  406.0
0  57.0  322.0
0  54.0  544.0
0  57.0  409.0
0  65.0  368.0
0  50.0  358.0
0  70.0  340.0
0  76.0  273.0
0  90.0  267.0
0  53.0  368.0
0  52.0  436.0
0  66.0  444.0
0  21.0  405.0
0  43.0  467.0
0  57.0  561.0
0  33.0  418.0
0  27.0  415.0
0  63.0  361.0
0  56.0  277.0
0  47.0  418.0
0  44.0  359.0
0  57.0  262.0
0  35.0  401.0
0  38.0  439.0
0  23.0  202.0
0  60.0  349.0
0  50.0  529.0
0  37.0  300.0
0  50.0  428.0
0  53.0  352.0
0  46.0  384.0
0  39.0  317.0
0  55.0  501.0
0  65.0  285.0
0  42.0  283.0
0  70.0  381.0
0  48.0  329.0
0  63.0  365.0
0  62.0  423.0
0  75.0  299.0
0  58.0  288.0
0  33.0  402.0
0  72.0  331.0
0  59.0  407.0
0  38.0  334.0
0  27.0  182.0
0  11.0  561.0
0  39.0  203.0
0  49.0  397.0
0  45.0  277.0
0  49.0  448.0
0  35.0  300.0
0  43.0  359.0
0  64.0  332.0
0  26.0  303.0
0  26.0  374.0
0  34.0  402.0
0  53.0  403.0
0  65.0  383.0
0  25.0  301.0
0  55.0  598.0
0  11.0  495.0
0  49.0  293.0
0  77.0  286.0
0  39.0  469.0
0  67.0  238.0
0  45.0  423.0
1  31.0  486.0
1  53.0  269.0
1  75.0  377.0
1  70.0  317.0
1  28.0  278.0
1  63.0  339.0
1  55.0  421.0
1  46.0  460.0
1  88.0  272.0
1  39.0  460.0
1  52.0  462.0
1  21.0  334.0
1  36.0  496.0
1  39.0  412.0
1  49.0  422.0
1  37.0  591.0
1  26.0  334.0
1  64.0  489.0
1  48.0  402.0
1  49.0  358.0
1  13.0  457.0
1  50.0  259.0
1  59.0  407.0
1  42.0  320.0
1  45.0  355.0
1  50.0  325.0
1  37.0  450.0
1  24.0  493.0
1  50.0  363.0
1  56.0  330.0
1  32.0  527.0
1  28.0  285.0
1  32.0  263.0
1  62.0  321.0
1  53.0  306.0
1  81.0  300.0
1  49.0  366.0
1  22.0  464.0
1  51.0  468.0
1  35.0  553.0
1  47.0  290.0
1  20.0  382.0
1  61.0  473.0
1  25.0  272.0
1  51.0  439.0
1  63.0  363.0
1  31.0  240.0
1  50.0  390.0
1  66.0  371.0
1  51.0  513.0
1  56.0  389.0
1  42.0  231.0
1  58.0  396.0
1  70.0  363.0
1  70.0  267.0
1  51.0  482.0
1  90.0  217.0
1  24.0  594.0
1  52.0  344.0
1  70.0  311.0
1  28.0  380.0
1  66.0  260.0
1  61.0  452.0
1  56.0  209.0
1  29.0  356.0
1  53.0  445.0
1  36.0  278.0
1  80.0  328.0
1  62.0  383.0
1  46.0  375.0
1  42.0  320.0
1  88.0  212.0
1  53.0  350.0
1  32.0  408.0
1  48.0  358.0
1  47.0  380.0
1  47.0  443.0
1  46.0  496.0
1  65.0  426.0
1  27.0  217.0
1  73.0  331.0
1  80.0  279.0
1  70.0  295.0
1  38.0  241.0
1  52.0  447.0
1  73.0  313.0
1  37.0  429.0
1  78.0  364.0
1  35.0  400.0
1  77.0  269.0
1  21.0  300.0
1  79.0  350.0
1  29.0  318.0
1  93.0  167.0
1  29.0  384.0
1  23.0  306.0
1  61.0  348.0
1  31.0  497.0
1  69.0  377.0
1  21.0  338.0
2  81.0  202.0
2  64.0  357.0
2  36.0  409.0
2  25.0  356.0
2  61.0  306.0
2  87.0  158.0
2  68.0  337.0
2  74.0  397.0
2  41.0  265.0
2  31.0  117.0
2  61.0  315.0
2  72.0  255.0
2  48.0  319.0
2  27.0  181.0
2  30.0  376.0
2  68.0  334.0
2  68.0  321.0
2  76.0  319.0
2  78.0  192.0
2  76.0  269.0
2  43.0  449.0
2  39.0  501.0
2  63.0  346.0
2  100.0  164.0
2  69.0  316.0
2  49.0  489.0
2  36.0  449.0
2  47.0  469.0
2  77.0  309.0
2  75.0  326.0
2  69.0  389.0
2  21.0  523.0
2  73.0  361.0
2  56.0  319.0
2  56.0  407.0
2  36.0  399.0
2  74.0  308.0
2  62.0  309.0
2  71.0  337.0
2  57.0  371.0
2  41.0  550.0
2  26.0  396.0
2  51.0  220.0
2  66.0  355.0
2  64.0  357.0
2  60.0  398.0
2  47.0  457.0
2  24.0  228.0
2  65.0  230.0
2  88.0  181.0
2  69.0  279.0
2  44.0  576.0
2  30.0  691.0
2  76.0  302.0
2  96.0  234.0
2  27.0  341.0
2  84.0  186.0
2  29.0  288.0
2  33.0  216.0
2  57.0  352.0
2  72.0  254.0
2  49.0  321.0
2  32.0  363.0
2  54.0  278.0
2  41.0  359.0
2  61.0  386.0
2  39.0  339.0
2  47.0  334.0
2  37.0  304.0
2  54.0  482.0
2  37.0  241.0
2  47.0  368.0
2  38.0  508.0
2  61.0  342.0
2  38.0  291.0
2  68.0  388.0
2  48.0  391.0
2  73.0  338.0
2  51.0  328.0
2  53.0  450.0
2  72.0  329.0
2  64.0  46.0
2  39.0  318.0
2  59.0  329.0
2  64.0  389.0
2  41.0  412.0
2  76.0  319.0
2  38.0  403.0
2  21.0  386.0
2  46.0  362.0
2  52.0  411.0
2  70.0  338.0
2  50.0  343.0
2  58.0  288.0
2  86.0  250.0
2  47.0  274.0
2  80.0  261.0
2  81.0  316.0
2  63.0  428.0
2  75.0  305.0
3  54.0  383.0
3  60.0  364.0
3  64.0  409.0
3  67.0  381.0
3  37.0  504.0
3  59.0  273.0
3  47.0  235.0
3  84.0  167.0
3  77.0  301.0
3  64.0  361.0
3  72.0  363.0
3  96.0  109.0
3  78.0  257.0
3  54.0  311.0
3  32.0  289.0
3  60.0  321.0
3  20.0  298.0
3  45.0  417.0
3  81.0  129.0
3  99.0  40.0
3  37.0  708.0
3  66.0  365.0
3  85.0  253.0
3  36.0  134.0
3  51.0  310.0
3  77.0  285.0
3  51.0  310.0
3  52.0  323.0
3  55.0  372.0
3  77.0  250.0
3  69.0  374.0
3  71.0  268.0
3  42.0  269.0
3  36.0  182.0
3  55.0  262.0
3  70.0  372.0
3  91.0  214.0
3  60.0  326.0
3  78.0  355.0
3  61.0  204.0
3  59.0  312.0
3  81.0  241.0
3  32.0  324.0
3  78.0  308.0
3  56.0  292.0
3  25.0  409.0
3  24.0  177.0
3  38.0  332.0
3  31.0  255.0
3  80.0  269.0
3  41.0  383.0
3  87.0  236.0
3  56.0  434.0
3  75.0  232.0
3  25.0  305.0
3  68.0  335.0
3  44.0  281.0
3  67.0  374.0
3  48.0  201.0
3  70.0  272.0
3  45.0  438.0
3  87.0  272.0
3  31.0  184.0
3  74.0  233.0
3  7.0  336.0
3  87.0  269.0
3  51.0  273.0
3  69.0  304.0
3  60.0  331.0
3  22.0  203.0
3  73.0  370.0
3  72.0  343.0
3  79.0  180.0
3  82.0  309.0
3  61.0  313.0
3  62.0  301.0
3  55.0  390.0
3  55.0  326.0
3  63.0  401.0
3  54.0  281.0
3  72.0  300.0
3  35.0  426.0
3  71.0  305.0
3  30.0  509.0
3  92.0  128.0
3  77.0  287.0
3  23.0  295.0
3  39.0  383.0
3  53.0  398.0
3  65.0  225.0
3  49.0  313.0
3  47.0  320.0
3  90.0  208.0
3  73.0  363.0
3  61.0  362.0
3  88.0  151.0
3  62.0  340.0
3  33.0  479.0
3  42.0  265.0
3  72.0  334.0
4  52.0  379.0
4  67.0  290.0
4  74.0  199.0
4  39.0  349.0
4  76.0  137.0
4  100.0  63.0
4  90.0  177.0
4  94.0  142.0
4  33.0  489.0
4  66.0  274.0
4  20.0  368.0
4  70.0  228.0
4  83.0  198.0
4  52.0  361.0
4  46.0  461.0
4  53.0  441.0
4  66.0  308.0
4  71.0  225.0
4  68.0  413.0
4  90.0  140.0
4  67.0  291.0
4  26.0  105.0
4  49.0  254.0
4  66.0  420.0
4  37.0  525.0
4  64.0  293.0
4  19.0  294.0
4  93.0  179.0
4  27.0  154.0
4  74.0  268.0
4  78.0  234.0
4  47.0  432.0
4  25.0  349.0
4  38.0  211.0
4  34.0  284.0
4  44.0  374.0
4  66.0  329.0
4  42.0  370.0
4  69.0  244.0
4  78.0  172.0
4  72.0  314.0
4  70.0  386.0
4  32.0  259.0
4  100.0  13.0
4  52.0  423.0
4  53.0  426.0
4  59.0  448.0
4  34.0  310.0
4  76.0  183.0
4  60.0  235.0
4  77.0  283.0
4  8.0  234.0
4  53.0  305.0
4  82.0  207.0
4  46.0  332.0
4  66.0  414.0
4  47.0  179.0
4  57.0  436.0
4  32.0  237.0
4  54.0  309.0
4  51.0  367.0
4  42.0  311.0
4  58.0  425.0
4  92.0  99.0
4  30.0  139.0
4  37.0  182.0
4  44.0  377.0
4  69.0  323.0
4  73.0  323.0
4  45.0  496.0
4  59.0  198.0
4  86.0  156.0
4  78.0  327.0
4  89.0  202.0
4  62.0  272.0
4  62.0  502.0
4  86.0  272.0
4  70.0  375.0
4  65.0  313.0
4  10.0  100.0
4  94.0  52.0
4  36.0  265.0
4  65.0  264.0
4  62.0  371.0
4  51.0  327.0
4  93.0  211.0
4  36.0  453.0
4  48.0  411.0
4  78.0  189.0
4  72.0  346.0
4  64.0  308.0
4  39.0  377.0
4  69.0  337.0
4  83.0  277.0
4  70.0  291.0
4  20.0  301.0
4  68.0  363.0
4  63.0  366.0
4  49.0  400.0
4  80.0  275.0
5  49.0  302.0
5  36.0  418.0
5  62.0  185.0
5  70.0  254.0
5  50.0  316.0
5  65.0  311.0
5  84.0  180.0
5  48.0  392.0
5  53.0  333.0
5  70.0  383.0
5  77.0  216.0
5  42.0  208.0
5  56.0  351.0
5  61.0  378.0
5  68.0  297.0
5  19.0  492.0
5  44.0  303.0
5  48.0  459.0
5  59.0  192.0
5  93.0  110.0
5  54.0  337.0
5  48.0  292.0
5  43.0  426.0
5  94.0  129.0
5  56.0  424.0
5  71.0  280.0
5  82.0  186.0
5  80.0  262.0
5  43.0  569.0
5  42.0  250.0
5  25.0  273.0
5  37.0  260.0
5  57.0  200.0
5  72.0  208.0
5  44.0  258.0
5  70.0  290.0
5  73.0  357.0
5  29.0  273.0
5  56.0  363.0
5  94.0  132.0
5  44.0  417.0
5  59.0  363.0
5  44.0  404.0
5  84.0  167.0
5  52.0  466.0
5  36.0  328.0
5  69.0  346.0
5  61.0  393.0
5  57.0  328.0
5  40.0  286.0
5  55.0  292.0
5  65.0  290.0
5  49.0  413.0
5  44.0  392.0
5  79.0  165.0
5  68.0  318.0
5  90.0  129.0
5  34.0  314.0
5  50.0  295.0
5  69.0  318.0
5  72.0  257.0
5  88.0  216.0
5  12.0  490.0
5  26.0  245.0
5  53.0  326.0
5  68.0  365.0
5  92.0  168.0
5  41.0  334.0
5  33.0  409.0
5  62.0  293.0
5  77.0  245.0
5  52.0  240.0
5  61.0  262.0
5  88.0  57.0
5  67.0  230.0
5  49.0  485.0
5  85.0  147.0
5  81.0  180.0
5  83.0  229.0
5  69.0  287.0
5  69.0  423.0
5  61.0  317.0
5  58.0  435.0
5  65.0  372.0
5  72.0  291.0
5  100.0  8.0
5  34.0  230.0
5  48.0  171.0
5  30.0  383.0
5  65.0  312.0
5  60.0  386.0
5  54.0  352.0
5  52.0  222.0
5  90.0  63.0
5  57.0  270.0
5  63.0  332.0
5  81.0  139.0
5  77.0  253.0
5  66.0  354.0
5  70.0  346.0
6  80.0  267.0
6  68.0  324.0
6  42.0  437.0
6  52.0  540.0
6  79.0  184.0
6  95.0  82.0
6  6.0  434.0
6  77.0  308.0
6  92.0  75.0
6  47.0  303.0
6  53.0  320.0
6  71.0  359.0
6  78.0  119.0
6  48.0  297.0
6  43.0  440.0
6  73.0  292.0
6  92.0  160.0
6  83.0  287.0
6  39.0  406.0
6  76.0  168.0
6  39.0  259.0
6  44.0  459.0
6  61.0  267.0
6  36.0  424.0
6  84.0  243.0
6  63.0  152.0
6  80.0  224.0
6  73.0  346.0
6  36.0  484.0
6  54.0  212.0
6  69.0  237.0
6  85.0  198.0
6  64.0  317.0
6  70.0  320.0
6  98.0  105.0
6  80.0  246.0
6  95.0  88.0
6  52.0  371.0
6  57.0  205.0
6  69.0  231.0
6  56.0  279.0
6  59.0  302.0
6  54.0  354.0
6  43.0  290.0
6  34.0  202.0
6  71.0  206.0
6  78.0  243.0
6  86.0  67.0
6  42.0  376.0
6  93.0  86.0
6  95.0  55.0
6  97.0  95.0
6  39.0  366.0
6  54.0  202.0
6  52.0  376.0
6  67.0  309.0
6  63.0  244.0
6  53.0  429.0
6  100.0  51.0
6  89.0  158.0
6  36.0  218.0
6  73.0  335.0
6  44.0  366.0
6  57.0  321.0
6  50.0  215.0
6  76.0  95.0
6  59.0  366.0
6  31.0  257.0
6  66.0  284.0
6  37.0  277.0
6  85.0  239.0
6  43.0  275.0
6  66.0  200.0
6  91.0  155.0
6  34.0  376.0
6  46.0  540.0
6  74.0  296.0
6  66.0  180.0
6  41.0  420.0
6  46.0  337.0
6  89.0  101.0
6  46.0  331.0
6  66.0  301.0
6  81.0  260.0
6  75.0  185.0
6  68.0  173.0
6  6.0  140.0
6  62.0  279.0
6  53.0  316.0
6  55.0  177.0
6  34.0  522.0
6  38.0  290.0
6  53.0  403.0
6  43.0  283.0
6  38.0  477.0
6  33.0  242.0
6  53.0  246.0
6  77.0  206.0
6  79.0  186.0
6  46.0  364.0
7  81.0  86.0
7  40.0  230.0
7  74.0  342.0
7  40.0  316.0
7  78.0  191.0
7  84.0  184.0
7  69.0  275.0
7  73.0  241.0
7  31.0  237.0
7  65.0  332.0
7  30.0  281.0
7  66.0  269.0
7  59.0  377.0
7  86.0  186.0
7  75.0  206.0
7  70.0  356.0
7  82.0  287.0
7  84.0  139.0
7  87.0  198.0
7  63.0  278.0
7  100.0  20.0
7  96.0  63.0
7  55.0  345.0
7  64.0  304.0
7  82.0  143.0
7  29.0  191.0
7  32.0  187.0
7  53.0  134.0
7  78.0  235.0
7  31.0  177.0
7  77.0  237.0
7  55.0  422.0
7  84.0  133.0
7  35.0  286.0
7  99.0  95.0
7  33.0  254.0
7  34.0  373.0
7  80.0  252.0
7  73.0  314.0
7  63.0  286.0
7  81.0  309.0
7  71.0  246.0
7  48.0  250.0
7  34.0  208.0
7  58.0  254.0
7  81.0  206.0
7  65.0  241.0
7  60.0  253.0
7  73.0  291.0
7  100.0  36.0
7  76.0  279.0
7  48.0  202.0
7  74.0  391.0
7  57.0  282.0
7  56.0  347.0
7  38.0  184.0
7  76.0  244.0
7  87.0  186.0
7  72.0  231.0
7  63.0  340.0
7  61.0  305.0
7  77.0  144.0
7  57.0  390.0
7  67.0  186.0
7  84.0  200.0
7  100.0  5.0
7  49.0  271.0
7  50.0  328.0
7  64.0  242.0
7  48.0  372.0
7  76.0  311.0
7  24.0  316.0
7  76.0  273.0
7  71.0  284.0
7  86.0  216.0
7  65.0  233.0
7  49.0  215.0
7  56.0  220.0
7  85.0  177.0
7  77.0  201.0
7  88.0  99.0
7  64.0  212.0
7  79.0  240.0
7  29.0  261.0
7  43.0  279.0
7  34.0  371.0
7  20.0  301.0
7  91.0  79.0
7  38.0  170.0
7  84.0  231.0
7  72.0  301.0
7  55.0  245.0
7  35.0  246.0
7  61.0  330.0
7  85.0  222.0
7  33.0  186.0
7  66.0  343.0
7  61.0  164.0
7  93.0  114.0
7  44.0  272.0
8  65.0  261.0
8  79.0  206.0
8  58.0  267.0
8  29.0  166.0
8  62.0  175.0
8  66.0  290.0
8  88.0  238.0
8  62.0  249.0
8  83.0  202.0
8  36.0  310.0
8  39.0  525.0
8  80.0  202.0
8  53.0  260.0
8  85.0  115.0
8  78.0  255.0
8  52.0  175.0
8  64.0  203.0
8  74.0  133.0
8  97.0  43.0
8  58.0  213.0
8  65.0  63.0
8  68.0  360.0
8  39.0  302.0
8  37.0  337.0
8  32.0  537.0
8  61.0  285.0
8  68.0  210.0
8  47.0  468.0
8  79.0  252.0
8  92.0  169.0
8  75.0  226.0
8  74.0  275.0
8  73.0  295.0
8  43.0  438.0
8  36.0  233.0
8  37.0  224.0
8  100.0  4.0
8  31.0  177.0
8  67.0  262.0
8  37.0  318.0
8  76.0  249.0
8  73.0  206.0
8  74.0  279.0
8  60.0  302.0
8  71.0  175.0
8  56.0  238.0
8  54.0  310.0
8  36.0  358.0
8  43.0  383.0
8  77.0  122.0
8  52.0  159.0
8  55.0  251.0
8  58.0  215.0
8  46.0  359.0
8  57.0  458.0
8  25.0  353.0
8  49.0  385.0
8  88.0  107.0
8  72.0  218.0
8  58.0  239.0
8  81.0  76.0
8  61.0  259.0
8  45.0  302.0
8  67.0  352.0
8  36.0  426.0
8  57.0  431.0
8  67.0  309.0
8  39.0  283.0
8  32.0  468.0
8  50.0  391.0
8  61.0  194.0
8  25.0  236.0
8  77.0  235.0
8  33.0  226.0
8  69.0  262.0
8  49.0  150.0
8  69.0  390.0
8  100.0  98.0
8  62.0  56.0
8  53.0  396.0
8  41.0  236.0
8  69.0  250.0
8  83.0  48.0
8  80.0  257.0
8  71.0  121.0
8  28.0  360.0
8  51.0  210.0
8  85.0  147.0
8  55.0  335.0
8  74.0  260.0
8  58.0  283.0
8  50.0  286.0
8  82.0  136.0
8  78.0  220.0
8  55.0  393.0
8  64.0  471.0
8  84.0  135.0
8  91.0  100.0
8  67.0  277.0
8  15.0  200.0
9  40.0  275.0
9  54.0  172.0
9  59.0  363.0
9  60.0  322.0
9  69.0  285.0
9  91.0  130.0
9  45.0  344.0
9  81.0  242.0
9  46.0  359.0
9  65.0  125.0
9  81.0  167.0
9  92.0  94.0
9  34.0  288.0
9  78.0  275.0
9  66.0  194.0
9  90.0  62.0
9  69.0  344.0
9  79.0  121.0
9  78.0  229.0
9  18.0  230.0
9  76.0  258.0
9  51.0  305.0
9  67.0  164.0
9  78.0  285.0
9  80.0  217.0
9  20.0  333.0
9  23.0  370.0
9  72.0  206.0
9  78.0  138.0
9  52.0  426.0
9  62.0  214.0
9  67.0  300.0
9  65.0  235.0
9  45.0  285.0
9  93.0  169.0
9  42.0  463.0
9  100.0  21.0
9  55.0  308.0
9  52.0  172.0
9  72.0  134.0
9  80.0  145.0
9  58.0  317.0
9  87.0  205.0
9  53.0  274.0
9  88.0  101.0
9  39.0  242.0
9  56.0  174.0
9  66.0  270.0
9  68.0  197.0
9  70.0  225.0
9  79.0  223.0
9  82.0  126.0
9  61.0  226.0
9  32.0  229.0
9  85.0  75.0
9  70.0  264.0
9  92.0  95.0
9  56.0  223.0
9  74.0  288.0
9  61.0  315.0
9  68.0  325.0
9  96.0  47.0
9  57.0  444.0
9  68.0  216.0
9  88.0  114.0
9  78.0  242.0
9  28.0  406.0
9  91.0  223.0
9  100.0  4.0
9  73.0  311.0
9  82.0  222.0
9  85.0  214.0
9  89.0  143.0
9  48.0  315.0
9  75.0  187.0
9  65.0  177.0
9  34.0  336.0
9  71.0  101.0
9  54.0  301.0
9  82.0  191.0
9  46.0  369.0
9  69.0  277.0
9  92.0  67.0
9  67.0  369.0
9  84.0  176.0
9  87.0  181.0
9  47.0  93.0
9  75.0  294.0
9  39.0  368.0
9  60.0  370.0
9  66.0  252.0
9  70.0  328.0
9  58.0  226.0
9  64.0  420.0
9  61.0  213.0
9  67.0  194.0
9  12.0  164.0
9  86.0  70.0
9  96.0  74.0
9  88.0  160.0
10  40.0  354.0
10  79.0  218.0
10  88.0  184.0
10  77.0  187.0
10  67.0  289.0
10  68.0  363.0
10  80.0  287.0
10  56.0  135.0
10  67.0  234.0
10  86.0  166.0
10  60.0  206.0
10  50.0  332.0
10  91.0  122.0
10  73.0  295.0
10  52.0  297.0
10  70.0  320.0
10  48.0  348.0
10  62.0  300.0
10  77.0  166.0
10  77.0  90.0
10  97.0  39.0
10  72.0  104.0
10  66.0  319.0
10  82.0  240.0
10  72.0  305.0
10  93.0  87.0
10  73.0  204.0
10  61.0  206.0
10  92.0  177.0
10  31.0  250.0
10  62.0  291.0
10  100.0  3.0
10  70.0  267.0
10  71.0  81.0
10  71.0  268.0
10  95.0  134.0
10  45.0  269.0
10  35.0  248.0
10  83.0  196.0
10  49.0  384.0
10  66.0  191.0
10  78.0  218.0
10  54.0  375.0
10  64.0  224.0
10  54.0  216.0
10  63.0  152.0
10  74.0  211.0
10  90.0  176.0
10  70.0  247.0
10  100.0  101.0
10  62.0  256.0
10  82.0  225.0
10  64.0  150.0
10  51.0  399.0
10  81.0  207.0
10  78.0  215.0
10  46.0  241.0
10  83.0  109.0
10  84.0  275.0
10  88.0  163.0
10  82.0  229.0
10  76.0  126.0
10  100.0  3.0
10  70.0  235.0
10  47.0  265.0
10  82.0  228.0
10  51.0  206.0
10  79.0  202.0
10  71.0  255.0
10  95.0  176.0
10  78.0  295.0
10  74.0  149.0
10  47.0  182.0
10  74.0  293.0
10  48.0  202.0
10  70.0  241.0
10  20.0  192.0
10  72.0  214.0
10  77.0  325.0
10  79.0  248.0
10  37.0  85.0
10  81.0  163.0
10  90.0  204.0
10  95.0  49.0
10  65.0  303.0
10  56.0  336.0
10  58.0  206.0
10  66.0  164.0
10  70.0  328.0
10  63.0  269.0
10  58.0  440.0
10  87.0  118.0
10  76.0  202.0
10  47.0  216.0
10  65.0  280.0
10  64.0  192.0
10  87.0  132.0
10  57.0  324.0
10  86.0  99.0
10  74.0  243.0
11  90.0  155.0
11  73.0  64.0
11  99.0  40.0
11  33.0  344.0
11  39.0  297.0
11  87.0  131.0
11  87.0  219.0
11  67.0  295.0
11  46.0  210.0
11  90.0  82.0
11  94.0  78.0
11  46.0  267.0
11  62.0  307.0
11  55.0  286.0
11  89.0  227.0
11  74.0  181.0
11  78.0  164.0
11  70.0  202.0
11  61.0  256.0
11  65.0  320.0
11  52.0  421.0
11  73.0  235.0
11  89.0  210.0
11  82.0  77.0
11  79.0  155.0
11  77.0  283.0
11  82.0  134.0
11  78.0  78.0
11  86.0  122.0
11  60.0  254.0
11  41.0  369.0
11  92.0  129.0
11  68.0  264.0
11  87.0  207.0
11  76.0  353.0
11  88.0  201.0
11  79.0  240.0
11  57.0  194.0
11  77.0  199.0
11  89.0  158.0
11  72.0  210.0
11  70.0  284.0
11  54.0  331.0
11  61.0  219.0
11  70.0  267.0
11  47.0  287.0
11  50.0  418.0
11  90.0  270.0
11  92.0  116.0
11  48.0  264.0
11  37.0  148.0
11  100.0  27.0
11  68.0  173.0
11  35.0  385.0
11  79.0  191.0
11  89.0  145.0
11  64.0  284.0
11  75.0  284.0
11  90.0  100.0
11  100.0  40.0
11  80.0  239.0
11  69.0  246.0
11  96.0  96.0
11  83.0  124.0
11  58.0  287.0
11  31.0  248.0
11  84.0  91.0
11  83.0  115.0
11  91.0  184.0
11  23.0  238.0
11  69.0  327.0
11  86.0  290.0
11  91.0  166.0
11  79.0  183.0
11  73.0  199.0
11  81.0  208.0
11  35.0  208.0
11  72.0  286.0
11  70.0  282.0
11  34.0  207.0
11  86.0  137.0
11  93.0  133.0
11  81.0  95.0
11  32.0  298.0
11  56.0  296.0
11  54.0  219.0
11  63.0  176.0
11  81.0  189.0
11  60.0  316.0
11  37.0  238.0
11  64.0  236.0
11  65.0  157.0
11  75.0  238.0
11  72.0  119.0
11  31.0  38.0
11  63.0  368.0
11  71.0  197.0
11  16.0  213.0
11  53.0  265.0
11  77.0  198.0
12  69.0  190.0
12  52.0  261.0
12  87.0  117.0
12  57.0  335.0
12  86.0  158.0
12  59.0  208.0
12  66.0  323.0
12  75.0  196.0
12  60.0  340.0
12  45.0  241.0
12  68.0  137.0
12  67.0  130.0
12  80.0  279.0
12  49.0  263.0
12  61.0  125.0
12  100.0  32.0
12  79.0  301.0
12  73.0  246.0
12  55.0  248.0
12  91.0  133.0
12  73.0  205.0
12  62.0  255.0
12  75.0  227.0
12  77.0  171.0
12  56.0  276.0
12  64.0  254.0
12  83.0  67.0
12  84.0  191.0
12  84.0  122.0
12  44.0  368.0
12  38.0  284.0
12  77.0  129.0
12  54.0  356.0
12  60.0  66.0
12  67.0  210.0
12  88.0  179.0
12  82.0  116.0
12  49.0  441.0
12  58.0  243.0
12  47.0  183.0
12  44.0  345.0
12  61.0  66.0
12  71.0  192.0
12  61.0  318.0
12  45.0  366.0
12  53.0  136.0
12  48.0  400.0
12  69.0  253.0
12  87.0  108.0
12  62.0  224.0
12  84.0  72.0
12  90.0  171.0
12  76.0  261.0
12  100.0  6.0
12  56.0  206.0
12  42.0  246.0
12  78.0  235.0
12  89.0  127.0
12  33.0  184.0
12  91.0  95.0
12  73.0  53.0
12  82.0  68.0
12  99.0  18.0
12  79.0  208.0
12  77.0  259.0
12  46.0  240.0
12  91.0  117.0
12  70.0  286.0
12  92.0  70.0
12  74.0  116.0
12  62.0  178.0
12  99.0  4.0
12  65.0  133.0
12  60.0  441.0
12  75.0  151.0
12  55.0  156.0
12  28.0  272.0
12  90.0  107.0
12  71.0  246.0
12  66.0  243.0
12  49.0  174.0
12  76.0  138.0
12  29.0  333.0
12  63.0  226.0
12  62.0  368.0
12  81.0  279.0
12  65.0  311.0
12  74.0  156.0
12  52.0  419.0
12  82.0  211.0
12  73.0  198.0
12  35.0  288.0
12  58.0  254.0
12  62.0  220.0
12  51.0  225.0
12  90.0  90.0
12  54.0  342.0
12  70.0  139.0
12  73.0  235.0
12  75.0  273.0
13  83.0  200.0
13  73.0  196.0
13  63.0  319.0
13  88.0  123.0
13  85.0  114.0
13  55.0  231.0
13  33.0  222.0
13  95.0  48.0
13  85.0  172.0
13  45.0  214.0
13  87.0  113.0
13  65.0  130.0
13  75.0  236.0
13  90.0  205.0
13  61.0  264.0
13  95.0  72.0
13  64.0  299.0
13  58.0  331.0
13  77.0  49.0
13  69.0  233.0
13  47.0  205.0
13  66.0  367.0
13  54.0  262.0
13  70.0  299.0
13  16.0  216.0
13  74.0  255.0
13  97.0  101.0
13  29.0  329.0
13  80.0  174.0
13  92.0  72.0
13  98.0  54.0
13  65.0  73.0
13  61.0  168.0
13  81.0  55.0
13  54.0  271.0
13  83.0  240.0
13  85.0  242.0
13  74.0  243.0
13  56.0  263.0
13  91.0  83.0
13  81.0  214.0
13  91.0  140.0
13  53.0  255.0
13  73.0  273.0
13  61.0  309.0
13  90.0  158.0
13  54.0  152.0
13  85.0  193.0
13  75.0  252.0
13  64.0  240.0
13  100.0  17.0
13  58.0  235.0
13  67.0  389.0
13  68.0  204.0
13  34.0  158.0
13  80.0  241.0
13  80.0  91.0
13  74.0  237.0
13  77.0  197.0
13  57.0  175.0
13  79.0  41.0
13  69.0  186.0
13  88.0  211.0
13  30.0  252.0
13  84.0  189.0
13  78.0  155.0
13  42.0  275.0
13  47.0  320.0
13  88.0  131.0
13  60.0  401.0
13  44.0  301.0
13  77.0  173.0
13  45.0  329.0
13  66.0  202.0
13  47.0  271.0
13  61.0  196.0
13  53.0  411.0
13  63.0  384.0
13  79.0  189.0
13  70.0  121.0
13  64.0  309.0
13  65.0  232.0
13  26.0  431.0
13  71.0  250.0
13  40.0  339.0
13  82.0  268.0
13  77.0  122.0
13  72.0  166.0
13  76.0  201.0
13  56.0  355.0
13  62.0  216.0
13  92.0  105.0
13  82.0  144.0
13  75.0  199.0
13  53.0  231.0
13  53.0  260.0
13  87.0  50.0
13  53.0  234.0
13  65.0  176.0
13  32.0  228.0
14  90.0  101.0
14  79.0  307.0
14  77.0  186.0
14  100.0  12.0
14  66.0  192.0
14  46.0  352.0
14  90.0  155.0
14  51.0  417.0
14  41.0  278.0
14  62.0  208.0
14  53.0  213.0
14  71.0  256.0
14  73.0  241.0
14  65.0  186.0
14  64.0  309.0
14  55.0  193.0
14  63.0  218.0
14  23.0  333.0
14  83.0  163.0
14  73.0  218.0
14  60.0  252.0
14  73.0  169.0
14  63.0  226.0
14  88.0  91.0
14  85.0  77.0
14  82.0  255.0
14  100.0  3.0
14  99.0  31.0
14  54.0  388.0
14  50.0  151.0
14  64.0  41.0
14  59.0  151.0
14  64.0  323.0
14  49.0  178.0
14  55.0  236.0
14  96.0  102.0
14  69.0  210.0
14  93.0  90.0
14  42.0  196.0
14  86.0  66.0
14  79.0  251.0
14  35.0  210.0
14  83.0  73.0
14  61.0  302.0
14  50.0  302.0
14  78.0  219.0
14  27.0  332.0
14  72.0  119.0
14  50.0  257.0
14  42.0  403.0
14  95.0  93.0
14  87.0  185.0
14  82.0  219.0
14  91.0  153.0
14  66.0  230.0
14  100.0  14.0
14  77.0  220.0
14  54.0  237.0
14  65.0  215.0
14  64.0  228.0
14  96.0  75.0
14  97.0  14.0
14  60.0  274.0
14  80.0  268.0
14  61.0  110.0
14  83.0  160.0
14  74.0  240.0
14  87.0  115.0
14  96.0  36.0
14  76.0  233.0
14  100.0  4.0
14  70.0  260.0
14  63.0  218.0
14  42.0  331.0
14  87.0  138.0
14  50.0  177.0
14  92.0  77.0
14  90.0  110.0
14  60.0  349.0
14  80.0  214.0
14  23.0  174.0
14  49.0  231.0
14  76.0  272.0
14  100.0  56.0
14  76.0  154.0
14  99.0  31.0
14  86.0  70.0
14  80.0  172.0
14  94.0  123.0
14  61.0  354.0
14  98.0  22.0
14  60.0  231.0
14  100.0  10.0
14  55.0  195.0
14  59.0  294.0
14  76.0  182.0
14  74.0  182.0
14  100.0  32.0
14  55.0  260.0
14  67.0  316.0
15  88.0  136.0
15  91.0  186.0
15  67.0  164.0
15  100.0  29.0
15  62.0  124.0
15  84.0  88.0
15  26.0  232.0
15  77.0  167.0
15  85.0  130.0
15  66.0  269.0
15  68.0  189.0
15  48.0  235.0
15  84.0  211.0
15  69.0  200.0
15  95.0  52.0
15  48.0  244.0
15  95.0  86.0
15  59.0  381.0
15  100.0  11.0
15  61.0  350.0
15  56.0  245.0
15  63.0  183.0
15  73.0  222.0
15  69.0  224.0
15  86.0  175.0
15  76.0  181.0
15  96.0  10.0
15  31.0  294.0
15  29.0  425.0
15  58.0  208.0
15  96.0  109.0
15  67.0  191.0
15  82.0  219.0
15  83.0  226.0
15  23.0  431.0
15  53.0  275.0
15  61.0  237.0
15  32.0  260.0
15  87.0  83.0
15  39.0  256.0
15  53.0  356.0
15  54.0  129.0
15  84.0  236.0
15  39.0  342.0
15  66.0  159.0
15  89.0  75.0
15  67.0  99.0
15  94.0  152.0
15  66.0  209.0
15  86.0  204.0
15  84.0  114.0
15  56.0  215.0
15  71.0  206.0
15  52.0  447.0
15  85.0  228.0
15  94.0  99.0
15  50.0  315.0
15  58.0  284.0
15  92.0  159.0
15  45.0  195.0
15  78.0  188.0
15  57.0  284.0
15  58.0  206.0
15  100.0  19.0
15  87.0  88.0
15  86.0  171.0
15  90.0  214.0
15  49.0  289.0
15  69.0  132.0
15  80.0  202.0
15  58.0  268.0
15  76.0  180.0
15  85.0  192.0
15  50.0  177.0
15  80.0  241.0
15  79.0  222.0
15  81.0  198.0
15  75.0  85.0
15  89.0  71.0
15  50.0  141.0
15  72.0  314.0
15  66.0  146.0
15  81.0  228.0
15  98.0  22.0
15  85.0  174.0
15  46.0  304.0
15  71.0  218.0
15  93.0  94.0
15  51.0  279.0
15  66.0  403.0
15  66.0  334.0
15  66.0  126.0
15  87.0  149.0
15  46.0  190.0
15  74.0  176.0
15  93.0  85.0
15  87.0  59.0
15  62.0  374.0
15  52.0  247.0
15  88.0  67.0
16  84.0  199.0
16  71.0  265.0
16  94.0  135.0
16  69.0  233.0
16  54.0  352.0
16  97.0  52.0
16  92.0  108.0
16  52.0  193.0
16  65.0  215.0
16  88.0  155.0
16  66.0  336.0
16  69.0  290.0
16  62.0  324.0
16  67.0  239.0
16  67.0  127.0
16  94.0  57.0
16  76.0  217.0
16  59.0  170.0
16  87.0  201.0
16  89.0  76.0
16  78.0  111.0
16  59.0  172.0
16  85.0  245.0
16  93.0  157.0
16  73.0  247.0
16  68.0  185.0
16  80.0  206.0
16  70.0  227.0
16  100.0  8.0
16  76.0  124.0
16  62.0  273.0
16  30.0  351.0
16  68.0  267.0
16  84.0  184.0
16  100.0  13.0
16  71.0  215.0
16  89.0  42.0
16  96.0  82.0
16  97.0  48.0
16  69.0  297.0
16  47.0  148.0
16  80.0  273.0
16  77.0  287.0
16  66.0  167.0
16  52.0  155.0
16  87.0  164.0
16  83.0  59.0
16  63.0  270.0
16  86.0  164.0
16  97.0  41.0
16  43.0  207.0
16  68.0  314.0
16  70.0  248.0
16  53.0  192.0
16  90.0  140.0
16  40.0  174.0
16  74.0  195.0
16  55.0  286.0
16  65.0  215.0
16  55.0  145.0
16  96.0  98.0
16  99.0  35.0
16  36.0  218.0
16  74.0  224.0
16  60.0  129.0
16  53.0  151.0
16  85.0  164.0
16  79.0  212.0
16  62.0  290.0
16  94.0  55.0
16  100.0  2.0
16  86.0  160.0
16  69.0  249.0
16  97.0  4.0
16  66.0  210.0
16  84.0  141.0
16  82.0  177.0
16  83.0  150.0
16  32.0  178.0
16  18.0  272.0
16  39.0  221.0
16  77.0  295.0
16  93.0  178.0
16  71.0  267.0
16  71.0  226.0
16  79.0  247.0
16  86.0  158.0
16  75.0  173.0
16  75.0  198.0
16  85.0  182.0
16  86.0  108.0
16  89.0  166.0
16  49.0  294.0
16  54.0  310.0
16  100.0  26.0
16  87.0  105.0
16  88.0  116.0
16  69.0  50.0
16  100.0  10.0
16  95.0  115.0
17  87.0  162.0
17  74.0  303.0
17  94.0  33.0
17  67.0  165.0
17  97.0  71.0
17  90.0  73.0
17  51.0  107.0
17  80.0  93.0
17  76.0  200.0
17  70.0  103.0
17  59.0  330.0
17  72.0  228.0
17  92.0  171.0
17  70.0  82.0
17  71.0  218.0
17  76.0  135.0
17  73.0  161.0
17  36.0  222.0
17  100.0  14.0
17  93.0  96.0
17  80.0  131.0
17  100.0  22.0
17  86.0  105.0
17  86.0  127.0
17  81.0  264.0
17  63.0  357.0
17  76.0  141.0
17  88.0  131.0
17  70.0  241.0
17  100.0  48.0
17  85.0  85.0
17  100.0  0.0
17  21.0  112.0
17  87.0  147.0
17  56.0  221.0
17  70.0  196.0
17  52.0  178.0
17  67.0  211.0
17  99.0  38.0
17  84.0  124.0
17  90.0  146.0
17  89.0  63.0
17  92.0  128.0
17  100.0  13.0
17  93.0  49.0
17  93.0  106.0
17  81.0  204.0
17  97.0  60.0
17  64.0  180.0
17  36.0  276.0
17  63.0  132.0
17  100.0  3.0
17  75.0  279.0
17  99.0  68.0
17  45.0  297.0
17  88.0  6.0
17  67.0  261.0
17  75.0  194.0
17  89.0  185.0
17  83.0  195.0
17  99.0  2.0
17  81.0  215.0
17  70.0  163.0
17  74.0  252.0
17  56.0  155.0
17  69.0  248.0
17  65.0  161.0
17  47.0  261.0
17  74.0  107.0
17  91.0  165.0
17  39.0  223.0
17  78.0  191.0
17  73.0  176.0
17  78.0  221.0
17  78.0  111.0
17  84.0  159.0
17  68.0  247.0
17  91.0  106.0
17  57.0  375.0
17  63.0  249.0
17  82.0  197.0
17  79.0  215.0
17  75.0  166.0
17  82.0  205.0
17  65.0  229.0
17  72.0  241.0
17  72.0  318.0
17  88.0  109.0
17  71.0  251.0
17  57.0  225.0
17  69.0  233.0
17  80.0  162.0
17  47.0  287.0
17  80.0  139.0
17  77.0  210.0
17  47.0  358.0
17  53.0  255.0
17  58.0  272.0
17  75.0  136.0
17  90.0  105.0
18  88.0  139.0
18  80.0  173.0
18  65.0  248.0
18  88.0  92.0
18  79.0  172.0
18  77.0  174.0
18  81.0  205.0
18  88.0  141.0
18  100.0  3.0
18  99.0  27.0
18  62.0  335.0
18  59.0  187.0
18  78.0  219.0
18  41.0  337.0
18  93.0  109.0
18  40.0  210.0
18  87.0  103.0
18  67.0  137.0
18  92.0  125.0
18  97.0  30.0
18  83.0  44.0
18  74.0  162.0
18  83.0  204.0
18  83.0  83.0
18  52.0  208.0
18  63.0  196.0
18  88.0  93.0
18  48.0  256.0
18  88.0  184.0
18  80.0  59.0
18  89.0  181.0
18  69.0  161.0
18  100.0  6.0
18  15.0  269.0
18  65.0  219.0
18  61.0  222.0
18  96.0  98.0
18  89.0  22.0
18  54.0  242.0
18  99.0  77.0
18  70.0  145.0
18  88.0  65.0
18  99.0  8.0
18  90.0  156.0
18  85.0  250.0
18  60.0  382.0
18  88.0  294.0
18  83.0  171.0
18  58.0  344.0
18  95.0  36.0
18  88.0  121.0
18  76.0  127.0
18  60.0  250.0
18  100.0  41.0
18  71.0  114.0
18  60.0  245.0
18  52.0  268.0
18  88.0  63.0
18  74.0  233.0
18  36.0  407.0
18  63.0  181.0
18  86.0  156.0
18  82.0  142.0
18  53.0  296.0
18  86.0  72.0
18  83.0  157.0
18  73.0  231.0
18  67.0  115.0
18  68.0  183.0
18  57.0  58.0
18  100.0  5.0
18  48.0  226.0
18  79.0  137.0
18  66.0  190.0
18  59.0  296.0
18  68.0  122.0
18  67.0  287.0
18  72.0  212.0
18  59.0  136.0
18  55.0  289.0
18  43.0  192.0
18  99.0  15.0
18  91.0  74.0
18  46.0  265.0
18  92.0  103.0
18  83.0  226.0
18  95.0  34.0
18  78.0  191.0
18  64.0  237.0
18  66.0  191.0
18  65.0  226.0
18  99.0  70.0
18  95.0  78.0
18  66.0  362.0
18  54.0  174.0
18  82.0  114.0
18  77.0  62.0
18  94.0  106.0
18  77.0  196.0
18  58.0  290.0
19  85.0  169.0
19  87.0  166.0
19  60.0  331.0
19  91.0  97.0
19  90.0  171.0
19  56.0  259.0
19  100.0  12.0
19  31.0  271.0
19  100.0  12.0
19  97.0  41.0
19  89.0  207.0
19  58.0  238.0
19  68.0  318.0
19  83.0  101.0
19  75.0  42.0
19  50.0  204.0
19  92.0  108.0
19  83.0  92.0
19  44.0  188.0
19  73.0  222.0
19  95.0  19.0
19  86.0  129.0
19  80.0  141.0
19  99.0  31.0
19  89.0  133.0
19  31.0  236.0
19  82.0  217.0
19  95.0  48.0
19  78.0  71.0
19  69.0  110.0
19  72.0  178.0
19  74.0  198.0
19  71.0  112.0
19  94.0  94.0
19  87.0  160.0
19  80.0  143.0
19  77.0  233.0
19  83.0  137.0
19  80.0  253.0
19  70.0  171.0
19  27.0  150.0
19  59.0  308.0
19  56.0  47.0
19  84.0  81.0
19  67.0  156.0
19  80.0  106.0
19  98.0  28.0
19  84.0  64.0
19  59.0  186.0
19  95.0  92.0
19  66.0  245.0
19  76.0  90.0
19  71.0  121.0
19  72.0  133.0
19  94.0  34.0
19  41.0  174.0
19  90.0  60.0
19  86.0  185.0
19  63.0  165.0
19  64.0  236.0
19  92.0  72.0
19  97.0  50.0
19  79.0  92.0
19  82.0  156.0
19  62.0  126.0
19  91.0  104.0
19  91.0  59.0
19  65.0  220.0
19  49.0  138.0
19  40.0  174.0
19  83.0  194.0
19  65.0  178.0
19  84.0  81.0
19  100.0  5.0
19  81.0  147.0
19  75.0  224.0
19  68.0  253.0
19  50.0  274.0
19  76.0  96.0
19  45.0  316.0
19  68.0  46.0
19  45.0  234.0
19  99.0  45.0
19  89.0  67.0
19  99.0  32.0
19  68.0  162.0
19  98.0  44.0
19  84.0  62.0
19  84.0  105.0
19  77.0  261.0
19  95.0  78.0
19  46.0  87.0
19  100.0  23.0
19  79.0  126.0
19  75.0  135.0
19  70.0  274.0
19  71.0  280.0
19  93.0  85.0
19  46.0  308.0
19  100.0  5.0
20  76.0  196.0
20  54.0  122.0
20  90.0  151.0
20  78.0  187.0
20  83.0  29.0
20  59.0  144.0
20  52.0  137.0
20  89.0  166.0
20  68.0  148.0
20  54.0  179.0
20  86.0  157.0
20  86.0  131.0
20  95.0  71.0
20  80.0  230.0
20  81.0  137.0
20  96.0  21.0
20  57.0  187.0
20  95.0  120.0
20  93.0  98.0
20  26.0  188.0
20  90.0  81.0
20  47.0  180.0
20  52.0  176.0
20  75.0  178.0
20  38.0  300.0
20  37.0  174.0
20  89.0  109.0
20  76.0  193.0
20  69.0  209.0
20  84.0  137.0
20  58.0  94.0
20  98.0  50.0
20  52.0  168.0
20  80.0  197.0
20  96.0  41.0
20  75.0  114.0
20  59.0  185.0
20  86.0  159.0
20  56.0  284.0
20  95.0  57.0
20  93.0  142.0
20  85.0  111.0
20  88.0  80.0
20  85.0  140.0
20  58.0  54.0
20  77.0  166.0
20  74.0  256.0
20  86.0  82.0
20  88.0  94.0
20  63.0  289.0
20  64.0  187.0
20  89.0  179.0
20  89.0  174.0
20  77.0  146.0
20  50.0  220.0
20  66.0  274.0
20  67.0  269.0
20  94.0  158.0
20  88.0  75.0
20  92.0  96.0
20  95.0  71.0
20  93.0  70.0
20  71.0  105.0
20  86.0  136.0
20  91.0  85.0
20  98.0  130.0
20  76.0  223.0
20  56.0  141.0
20  81.0  145.0
20  66.0  281.0
20  99.0  42.0
20  86.0  170.0
20  96.0  55.0
20  63.0  158.0
20  71.0  231.0
20  60.0  146.0
20  96.0  86.0
20  52.0  228.0
20  83.0  14.0
20  77.0  129.0
20  88.0  166.0
20  97.0  152.0
20  80.0  210.0
20  77.0  187.0
20  91.0  91.0
20  96.0  93.0
20  73.0  104.0
20  67.0  287.0
20  70.0  223.0
20  85.0  114.0
20  88.0  86.0
20  80.0  92.0
20  24.0  143.0
20  77.0  215.0
20  42.0  282.0
20  81.0  189.0
20  69.0  213.0
20  49.0  265.0
20  96.0  69.0
20  99.0  38.0
