1  93.0  44
2  67.0  252
3  39.0  236
4  60.0  428
5  81.0  136
6  56.0  296
7  62.0  224
1  84.0  226
2  87.0  175
3  47.0  311
4  64.0  274
5  60.0  326
6  27.0  548
7  38.0  252
1  97.0  63
2  54.0  319
3  34.0  305
4  67.0  326
5  68.0  224
6  97.0  49
7  48.0  414
1  94.0  24
2  57.0  346
3  86.0  189
4  35.0  222
5  72.0  287
6  32.0  422
7  32.0  400
1  44.0  230
2  36.0  218
3  81.0  115
4  30.0  259
5  91.0  154
6  73.0  291
7  54.0  375
1  92.0  100
2  56.0  224
3  49.0  256
4  80.0  183
5  70.0  190
6  29.0  359
7  35.0  476
1  77.0  178
2  69.0  235
3  71.0  313
4  56.0  306
5  96.0  78
6  45.0  438
7  44.0  459
1  63.0  331
2  68.0  202
3  63.0  249
4  58.0  263
5  97.0  115
6  37.0  487
7  47.0  403
1  64.0  352
2  54.0  417
3  83.0  182
4  38.0  251
5  42.0  415
6  60.0  314
7  25.0  459
1  97.0  112
2  92.0  144
3  97.0  32
4  34.0  432
5  84.0  222
6  52.0  246
7  43.0  478
1  75.0  225
2  93.0  97
3  38.0  171
4  38.0  356
5  49.0  323
6  19.0  437
7  34.0  423
1  79.0  216
2  40.0  158
3  58.0  159
4  61.0  371
5  63.0  339
6  53.0  478
7  48.0  344
1  87.0  55
2  81.0  275
3  96.0  16
4  62.0  317
5  83.0  185
6  34.0  311
7  54.0  336
1  24.0  275
2  66.0  194
3  59.0  226
4  38.0  292
5  83.0  243
6  60.0  368
7  54.0  404
1  91.0  88
2  87.0  25
3  93.0  77
4  79.0  248
5  86.0  156
6  53.0  357
7  31.0  254
1  90.0  39
2  75.0  163
3  31.0  257
4  53.0  349
5  40.0  230
6  83.0  204
7  71.0  293
1  97.0  35
2  45.0  255
3  81.0  71
4  77.0  243
5  81.0  284
6  92.0  136
7  43.0  460
1  97.0  27
2  53.0  237
3  67.0  180
4  71.0  337
5  72.0  239
6  92.0  51
7  61.0  304
1  71.0  298
2  37.0  164
3  50.0  334
4  55.0  343
5  58.0  344
6  67.0  375
7  57.0  350
1  94.0  71
2  95.0  52
3  84.0  193
4  48.0  381
5  48.0  224
6  68.0  370
7  17.0  399
1  90.0  148
2  95.0  39
3  67.0  289
4  64.0  305
5  24.0  503
6  44.0  286
7  47.0  349
1  84.0  165
2  82.0  242
3  73.0  299
4  44.0  548
5  65.0  278
6  53.0  309
7  28.0  446
1  88.0  65
2  94.0  68
3  75.0  215
4  39.0  439
5  91.0  175
6  55.0  328
7  27.0  407
1  64.0  233
2  73.0  406
3  82.0  151
4  39.0  318
5  61.0  275
6  54.0  370
7  57.0  380
1  31.0  115
2  76.0  212
3  54.0  317
4  86.0  121
5  56.0  302
6  54.0  251
7  74.0  127
1  75.0  268
2  68.0  364
3  55.0  283
4  67.0  365
5  40.0  292
6  61.0  300
7  75.0  246
1  74.0  124
2  62.0  268
3  65.0  266
4  37.0  552
5  37.0  225
6  55.0  332
7  18.0  390
1  97.0  20
2  91.0  202
3  32.0  269
4  55.0  350
5  70.0  222
6  53.0  177
7  37.0  280
1  71.0  271
2  21.0  177
3  96.0  83
4  73.0  297
5  45.0  303
6  80.0  202
7  57.0  339
1  11.0  359
2  67.0  161
3  58.0  347
4  25.0  420
5  67.0  283
6  48.0  353
7  63.0  341
1  81.0  216
2  84.0  214
3  56.0  259
4  74.0  291
5  19.0  205
6  39.0  189
7  45.0  302
1  3.0  247
2  92.0  150
3  68.0  265
4  83.0  204
5  63.0  318
6  43.0  515
7  56.0  451
1  25.0  462
2  95.0  82
3  46.0  411
4  81.0  199
5  57.0  205
6  70.0  209
7  78.0  142
1  97.0  30
2  65.0  417
3  89.0  139
4  56.0  273
5  60.0  280
6  70.0  358
7  75.0  293
1  97.0  50
2  76.0  192
3  57.0  266
4  45.0  329
5  82.0  186
6  40.0  348
7  81.0  218
1  97.0  76
2  60.0  361
3  30.0  345
4  72.0  342
5  70.0  346
6  38.0  355
7  60.0  338
1  97.0  53
2  82.0  159
3  97.0  38
4  56.0  353
5  52.0  404
6  39.0  372
7  41.0  410
1  59.0  132
2  50.0  160
3  29.0  177
4  55.0  454
5  65.0  333
6  59.0  285
7  41.0  339
1  94.0  61
2  78.0  260
3  83.0  247
4  96.0  96
5  49.0  316
6  54.0  355
7  63.0  322
1  93.0  123
2  35.0  394
3  89.0  109
4  61.0  143
5  73.0  144
6  45.0  438
7  50.0  179
1  87.0  127
2  80.0  137
3  70.0  313
4  76.0  242
5  32.0  469
6  75.0  195
7  32.0  420
1  93.0  126
2  49.0  287
3  43.0  312
4  58.0  336
5  43.0  375
6  45.0  495
7  64.0  279
1  97.0  130
2  61.0  156
3  88.0  67
4  68.0  339
5  71.0  351
6  46.0  295
7  55.0  226
1  32.0  367
2  86.0  138
3  90.0  188
4  92.0  141
5  57.0  280
6  42.0  206
7  35.0  346
1  89.0  92
2  75.0  307
3  49.0  429
4  78.0  209
5  32.0  330
6  95.0  50
7  34.0  566
1  83.0  169
2  96.0  40
3  59.0  222
4  39.0  308
5  45.0  364
6  40.0  317
7  57.0  298
1  80.0  202
2  97.0  39
3  47.0  457
4  57.0  441
5  37.0  300
6  65.0  344
7  31.0  185
1  83.0  68
2  79.0  160
3  68.0  265
4  78.0  327
5  57.0  389
6  64.0  275
7  35.0  307
1  40.0  196
2  95.0  113
3  50.0  344
4  87.0  102
5  63.0  238
6  41.0  334
7  49.0  409
1  68.0  353
2  68.0  230
3  27.0  349
4  53.0  266
5  72.0  303
6  66.0  283
7  52.0  422
1  97.0  18
2  91.0  166
3  76.0  214
4  58.0  162
5  61.0  334
6  57.0  104
7  63.0  427
1  84.0  115
2  68.0  221
3  73.0  263
4  77.0  224
5  69.0  406
6  67.0  313
7  50.0  480
1  15.0  134
2  64.0  351
3  26.0  233
4  79.0  185
5  36.0  457
6  71.0  302
7  30.0  530
1  78.0  68
2  93.0  81
3  75.0  270
4  42.0  341
5  50.0  281
6  46.0  329
7  69.0  310
1  77.0  129
2  77.0  242
3  67.0  245
4  76.0  304
5  37.0  315
6  54.0  442
7  76.0  29
1  92.0  90
2  92.0  107
3  53.0  264
4  78.0  198
5  70.0  303
6  52.0  447
7  58.0  301
1  70.0  231
2  67.0  146
3  90.0  257
4  36.0  415
5  83.0  197
6  43.0  394
7  60.0  268
1  95.0  53
2  74.0  165
3  74.0  342
4  31.0  215
5  77.0  294
6  39.0  371
7  50.0  334
1  63.0  399
2  60.0  278
3  80.0  236
4  23.0  285
5  21.0  379
6  29.0  412
7  23.0  559
1  65.0  200
2  26.0  321
3  53.0  369
4  42.0  285
5  67.0  270
6  35.0  294
7  60.0  397
1  16.0  219
2  89.0  171
3  92.0  49
4  56.0  236
5  49.0  218
6  68.0  225
7  75.0  235
1  83.0  246
2  79.0  204
3  52.0  155
4  53.0  348
5  52.0  183
6  33.0  521
7  79.0  262
1  96.0  45
2  88.0  195
3  46.0  402
4  48.0  173
5  43.0  392
6  27.0  143
7  23.0  454
1  67.0  284
2  52.0  386
3  76.0  209
4  71.0  338
5  38.0  436
6  36.0  324
7  30.0  445
1  88.0  156
2  54.0  363
3  51.0  450
4  54.0  348
5  38.0  276
6  56.0  250
7  37.0  456
1  87.0  75
2  90.0  114
3  73.0  333
4  35.0  264
5  77.0  227
6  94.0  85
7  66.0  321
1  93.0  82
2  83.0  195
3  52.0  347
4  66.0  265
5  68.0  163
6  34.0  360
7  29.0  412
1  14.0  71
2  82.0  234
3  50.0  311
4  75.0  187
5  30.0  282
6  51.0  338
7  20.0  501
1  89.0  108
2  86.0  177
3  78.0  187
4  97.0  74
5  55.0  264
6  48.0  476
7  56.0  349
1  96.0  37
2  9.0  491
3  71.0  404
4  76.0  197
5  46.0  344
6  39.0  324
7  46.0  296
1  58.0  282
2  91.0  143
3  82.0  214
4  57.0  369
5  94.0  112
6  36.0  338
7  37.0  245
1  87.0  196
2  50.0  328
3  84.0  196
4  85.0  253
5  68.0  55
6  48.0  416
7  53.0  228
1  37.0  377
2  45.0  229
3  91.0  46
4  36.0  281
5  44.0  256
6  71.0  319
7  29.0  240
1  83.0  320
2  49.0  143
3  73.0  264
4  82.0  174
5  81.0  157
6  90.0  125
7  39.0  396
1  78.0  217
2  85.0  193
3  72.0  285
4  80.0  243
5  68.0  286
6  54.0  377
7  62.0  258
1  66.0  325
2  48.0  360
3  78.0  217
4  67.0  257
5  49.0  414
6  45.0  539
7  43.0  469
1  95.0  57
2  67.0  70
3  39.0  426
4  54.0  389
5  79.0  190
6  36.0  387
7  32.0  490
1  93.0  170
2  78.0  230
3  78.0  212
4  79.0  266
5  69.0  209
6  48.0  335
7  46.0  305
1  82.0  206
2  28.0  262
3  83.0  233
4  39.0  292
5  62.0  354
6  45.0  377
7  27.0  276
1  75.0  169
2  97.0  76
3  88.0  94
4  78.0  293
5  64.0  281
6  42.0  460
7  23.0  373
1  73.0  210
2  74.0  170
3  55.0  336
4  56.0  309
5  44.0  294
6  41.0  286
7  28.0  410
1  97.0  87
2  21.0  454
3  86.0  110
4  76.0  224
5  85.0  216
6  26.0  395
7  42.0  431
1  87.0  151
2  70.0  190
3  64.0  287
4  49.0  395
5  35.0  498
6  63.0  342
7  40.0  291
1  95.0  61
2  51.0  289
3  62.0  426
4  48.0  125
5  29.0  416
6  53.0  353
7  16.0  350
1  75.0  166
2  74.0  201
3  70.0  153
4  66.0  293
5  11.0  194
6  44.0  291
7  31.0  404
1  97.0  26
2  38.0  178
3  82.0  224
4  63.0  299
5  34.0  168
6  41.0  514
7  75.0  385
1  87.0  82
2  83.0  126
3  77.0  172
4  62.0  349
5  70.0  278
6  29.0  476
7  66.0  279
1  75.0  231
2  92.0  174
3  69.0  223
4  86.0  166
5  43.0  277
6  50.0  393
7  54.0  418
1  88.0  70
2  87.0  95
3  79.0  250
4  91.0  158
5  42.0  394
6  80.0  162
7  45.0  383
1  97.0  33
2  38.0  142
3  82.0  212
4  53.0  342
5  27.0  264
6  44.0  288
7  45.0  300
1  88.0  137
2  88.0  131
3  56.0  315
4  67.0  388
5  75.0  213
6  76.0  302
7  25.0  480
1  57.0  334
2  70.0  241
3  52.0  254
4  39.0  371
5  84.0  273
6  77.0  252
7  44.0  428
1  64.0  242
2  97.0  59
3  51.0  332
4  62.0  347
5  80.0  183
6  32.0  337
7  55.0  359
1  83.0  205
2  79.0  239
3  19.0  311
4  53.0  265
5  57.0  261
6  48.0  428
7  51.0  368
1  85.0  177
2  76.0  85
3  70.0  274
4  78.0  182
5  33.0  395
6  56.0  368
7  44.0  373
1  90.0  126
2  24.0  269
3  72.0  177
4  45.0  271
5  73.0  178
6  38.0  371
7  51.0  310
1  87.0  162
2  66.0  315
3  44.0  287
4  61.0  352
5  24.0  332
6  53.0  278
7  48.0  367
1  95.0  61
2  97.0  24
3  76.0  288
4  75.0  213
5  45.0  375
6  68.0  303
7  58.0  429
1  93.0  151
2  25.0  321
3  75.0  191
4  65.0  228
5  36.0  260
6  34.0  372
7  18.0  551
1  96.0  39
2  71.0  209
3  66.0  280
4  82.0  196
5  63.0  286
6  63.0  399
7  63.0  200
