1  97.0  45
2  33.0  224
3  81.0  266
4  46.0  280
5  52.0  344
6  46.0  293
7  72.0  221
1  71.0  269
2  37.0  175
3  59.0  254
4  68.0  223
5  45.0  391
6  83.0  114
7  21.0  363
1  53.0  327
2  52.0  292
3  70.0  315
4  54.0  415
5  46.0  420
6  63.0  293
7  43.0  481
1  52.0  169
2  71.0  85
3  52.0  258
4  72.0  217
5  30.0  341
6  65.0  418
7  57.0  379
1  83.0  185
2  51.0  360
3  56.0  341
4  64.0  295
5  23.0  190
6  90.0  124
7  46.0  454
1  81.0  111
2  75.0  251
3  82.0  196
4  91.0  201
5  69.0  272
6  82.0  218
7  80.0  100
1  97.0  26
2  94.0  56
3  82.0  209
4  68.0  249
5  79.0  140
6  46.0  288
7  43.0  347
1  97.0  28
2  72.0  122
3  45.0  252
4  66.0  261
5  83.0  146
6  41.0  450
7  62.0  340
1  40.0  437
2  51.0  146
3  75.0  234
4  65.0  283
5  56.0  309
6  84.0  159
7  62.0  268
1  60.0  266
2  61.0  281
3  17.0  498
4  72.0  274
5  72.0  257
6  47.0  359
7  56.0  349
1  72.0  104
2  68.0  205
3  58.0  312
4  51.0  313
5  46.0  306
6  44.0  339
7  53.0  339
1  89.0  143
2  84.0  167
3  21.0  358
4  36.0  281
5  62.0  258
6  61.0  166
7  57.0  296
1  91.0  96
2  93.0  62
3  72.0  181
4  42.0  193
5  86.0  147
6  20.0  391
7  32.0  342
1  78.0  226
2  65.0  190
3  76.0  282
4  64.0  179
5  73.0  266
6  72.0  117
7  81.0  225
1  34.0  140
2  85.0  264
3  76.0  271
4  87.0  233
5  47.0  386
6  67.0  317
7  33.0  438
1  83.0  104
2  65.0  233
3  64.0  121
4  33.0  183
5  53.0  366
6  46.0  407
7  25.0  412
1  53.0  247
2  53.0  313
3  60.0  296
4  46.0  444
5  65.0  267
6  84.0  148
7  95.0  113
1  82.0  194
2  22.0  227
3  51.0  203
4  62.0  279
5  62.0  335
6  51.0  334
7  64.0  313
1  93.0  85
2  79.0  126
3  48.0  228
4  34.0  420
5  87.0  130
6  32.0  471
7  32.0  433
1  76.0  150
2  96.0  40
3  62.0  252
4  61.0  286
5  48.0  90
6  39.0  315
7  60.0  327
1  86.0  100
2  67.0  283
3  61.0  370
4  47.0  400
5  37.0  324
6  57.0  414
7  51.0  277
1  50.0  251
2  92.0  157
3  10.0  313
4  34.0  244
5  65.0  165
6  41.0  283
7  31.0  329
1  92.0  100
2  58.0  287
3  88.0  122
4  63.0  270
5  73.0  214
6  40.0  365
7  60.0  349
1  53.0  312
2  50.0  410
3  86.0  184
4  94.0  49
5  64.0  229
6  71.0  296
7  59.0  258
1  96.0  53
2  86.0  249
3  46.0  248
4  77.0  356
5  61.0  381
6  44.0  427
7  68.0  301
1  89.0  107
2  64.0  152
3  87.0  87
4  53.0  144
5  39.0  335
6  37.0  487
7  50.0  329
1  93.0  186
2  38.0  257
3  93.0  59
4  62.0  217
5  87.0  103
6  75.0  351
7  39.0  270
1  87.0  38
2  84.0  299
3  23.0  266
4  38.0  287
5  47.0  483
6  39.0  412
7  60.0  331
1  97.0  47
2  25.0  271
3  67.0  383
4  39.0  340
5  60.0  262
6  91.0  53
7  69.0  348
1  45.0  151
2  56.0  239
3  30.0  301
4  97.0  25
5  45.0  387
6  31.0  308
7  41.0  314
1  38.0  214
2  71.0  251
3  67.0  283
4  63.0  287
5  60.0  335
6  61.0  316
7  57.0  372
1  97.0  39
2  19.0  254
3  61.0  414
4  82.0  156
5  59.0  370
6  62.0  165
7  50.0  400
1  73.0  157
2  94.0  92
3  78.0  196
4  97.0  41
5  32.0  430
6  30.0  304
7  43.0  418
1  93.0  108
2  61.0  199
3  81.0  190
4  71.0  302
5  43.0  340
6  62.0  343
7  49.0  320
1  90.0  145
2  63.0  237
3  86.0  210
4  70.0  237
5  57.0  336
6  79.0  127
7  56.0  380
1  89.0  76
2  85.0  228
3  60.0  366
4  36.0  234
5  40.0  486
6  56.0  298
7  81.0  136
1  97.0  31
2  54.0  198
3  79.0  170
4  79.0  189
5  36.0  312
6  91.0  135
7  34.0  443
1  97.0  37
2  96.0  105
3  37.0  299
4  67.0  319
5  76.0  251
6  30.0  355
7  45.0  275
1  42.0  307
2  94.0  121
3  85.0  137
4  63.0  348
5  51.0  217
6  68.0  36
7  71.0  346
1  47.0  281
2  61.0  314
3  66.0  288
4  64.0  307
5  51.0  450
6  67.0  220
7  50.0  412
1  58.0  363
2  34.0  396
3  39.0  209
4  61.0  197
5  97.0  37
6  19.0  393
7  50.0  274
1  45.0  328
2  85.0  263
3  36.0  335
4  43.0  338
5  72.0  169
6  51.0  289
7  35.0  391
1  56.0  328
2  67.0  326
3  75.0  203
4  46.0  422
5  41.0  279
6  50.0  357
7  47.0  308
1  76.0  258
2  79.0  198
3  56.0  454
4  48.0  317
5  92.0  96
6  64.0  138
7  28.0  481
1  97.0  59
2  71.0  178
3  59.0  297
4  48.0  437
5  49.0  371
6  55.0  181
7  77.0  268
1  82.0  127
2  83.0  226
3  45.0  264
4  70.0  294
5  53.0  386
6  31.0  428
7  78.0  154
1  95.0  50
2  55.0  169
3  69.0  296
4  40.0  375
5  81.0  206
6  39.0  401
7  38.0  354
1  55.0  447
2  84.0  280
3  47.0  365
4  38.0  268
5  68.0  304
6  81.0  269
7  62.0  254
1  83.0  238
2  95.0  54
3  67.0  294
4  68.0  258
5  68.0  211
6  41.0  420
7  21.0  410
1  91.0  157
2  78.0  262
3  57.0  289
4  61.0  374
5  58.0  362
6  46.0  444
7  44.0  395
1  97.0  39
2  89.0  112
3  59.0  308
4  89.0  110
5  58.0  282
6  70.0  334
7  17.0  240
1  75.0  225
2  82.0  265
3  74.0  39
4  71.0  339
5  56.0  254
6  35.0  474
7  51.0  214
1  56.0  226
2  42.0  296
3  68.0  283
4  64.0  269
5  41.0  283
6  67.0  236
7  22.0  424
1  92.0  171
2  84.0  152
3  48.0  419
4  64.0  272
5  58.0  365
6  83.0  260
7  57.0  351
1  94.0  35
2  85.0  153
3  24.0  327
4  68.0  209
5  83.0  305
6  36.0  333
7  61.0  155
1  97.0  27
2  97.0  51
3  84.0  130
4  24.0  183
5  80.0  264
6  52.0  455
7  68.0  222
1  68.0  203
2  80.0  116
3  74.0  260
4  77.0  262
5  75.0  245
6  64.0  337
7  46.0  289
1  92.0  133
2  58.0  171
3  67.0  400
4  91.0  93
5  63.0  325
6  50.0  346
7  61.0  229
1  80.0  47
2  53.0  285
3  83.0  207
4  58.0  270
5  32.0  317
6  62.0  340
7  56.0  266
1  85.0  50
2  93.0  86
3  52.0  449
4  42.0  253
5  51.0  450
6  34.0  349
7  47.0  343
1  69.0  233
2  72.0  199
3  39.0  431
4  26.0  405
5  77.0  77
6  56.0  424
7  79.0  163
1  32.0  179
2  81.0  141
3  40.0  419
4  55.0  245
5  68.0  291
6  28.0  298
7  58.0  321
1  93.0  80
2  81.0  199
3  15.0  250
4  23.0  277
5  69.0  294
6  80.0  109
7  75.0  238
1  53.0  157
2  81.0  135
3  64.0  60
4  51.0  389
5  73.0  233
6  77.0  235
7  54.0  341
1  96.0  74
2  97.0  30
3  75.0  191
4  29.0  436
5  88.0  151
6  34.0  509
7  38.0  405
1  55.0  240
2  51.0  293
3  40.0  315
4  51.0  273
5  64.0  328
6  28.0  322
7  53.0  319
1  18.0  334
2  78.0  286
3  68.0  172
4  65.0  238
5  69.0  197
6  41.0  354
7  65.0  206
1  96.0  48
2  79.0  201
3  92.0  188
4  72.0  362
5  52.0  424
6  55.0  255
7  35.0  467
1  97.0  59
2  42.0  347
3  84.0  235
4  89.0  141
5  62.0  331
6  65.0  178
7  42.0  288
1  62.0  182
2  90.0  143
3  81.0  225
4  38.0  316
5  31.0  319
6  55.0  342
7  33.0  413
1  60.0  267
2  36.0  333
3  61.0  399
4  63.0  411
5  38.0  338
6  70.0  316
7  96.0  70
1  97.0  54
2  74.0  174
3  81.0  188
4  63.0  349
5  51.0  342
6  60.0  304
7  93.0  72
1  72.0  383
2  80.0  204
3  44.0  397
4  75.0  225
5  81.0  195
6  20.0  271
7  69.0  240
1  92.0  84
2  84.0  151
3  57.0  339
4  66.0  272
5  70.0  199
6  39.0  430
7  66.0  291
1  92.0  81
2  92.0  140
3  35.0  265
4  85.0  143
5  37.0  404
6  42.0  350
7  36.0  471
1  97.0  38
2  78.0  136
3  87.0  171
4  66.0  307
5  70.0  262
6  47.0  347
7  79.0  223
1  56.0  344
2  86.0  201
3  96.0  76
4  32.0  323
5  79.0  242
6  77.0  124
7  56.0  257
1  85.0  134
2  63.0  378
3  87.0  104
4  55.0  338
5  80.0  204
6  19.0  305
7  34.0  438
1  88.0  112
2  60.0  301
3  86.0  146
4  32.0  249
5  75.0  197
6  63.0  247
7  50.0  298
1  87.0  267
2  87.0  206
3  92.0  169
4  83.0  180
5  66.0  230
6  76.0  321
7  64.0  382
1  97.0  34
2  67.0  340
3  60.0  204
4  41.0  503
5  63.0  284
6  36.0  485
7  45.0  431
1  94.0  56
2  87.0  270
3  39.0  286
4  78.0  238
5  62.0  329
6  66.0  246
7  84.0  266
1  65.0  342
2  76.0  329
3  69.0  186
4  90.0  107
5  60.0  379
6  60.0  326
7  47.0  431
1  58.0  85
2  55.0  309
3  71.0  388
4  71.0  221
5  76.0  259
6  74.0  259
7  39.0  400
1  78.0  253
2  86.0  206
3  76.0  208
4  67.0  236
5  60.0  287
6  78.0  297
7  45.0  306
1  17.0  261
2  79.0  194
3  95.0  85
4  93.0  42
5  43.0  295
6  63.0  363
7  79.0  122
1  44.0  179
2  62.0  314
3  78.0  130
4  63.0  366
5  68.0  273
6  66.0  361
7  70.0  288
1  92.0  26
2  47.0  406
3  94.0  79
4  62.0  202
5  52.0  446
6  49.0  407
7  76.0  245
1  75.0  221
2  58.0  394
3  65.0  206
4  46.0  331
5  79.0  173
6  24.0  310
7  31.0  428
1  50.0  263
2  42.0  281
3  75.0  263
4  41.0  434
5  28.0  370
6  65.0  290
7  73.0  267
1  53.0  348
2  61.0  203
3  77.0  214
4  57.0  334
5  53.0  418
6  27.0  347
7  49.0  268
1  97.0  28
2  50.0  324
3  66.0  350
4  51.0  330
5  85.0  89
6  64.0  240
7  43.0  319
1  34.0  300
2  75.0  227
3  31.0  296
4  46.0  360
5  85.0  185
6  34.0  459
7  79.0  166
1  92.0  87
2  63.0  315
3  47.0  382
4  41.0  283
5  67.0  188
6  25.0  240
7  33.0  295
1  65.0  327
2  38.0  268
3  78.0  167
4  40.0  232
5  45.0  216
6  75.0  272
7  43.0  344
1  93.0  186
2  36.0  339
3  79.0  145
4  73.0  223
5  36.0  488
6  28.0  416
7  74.0  263
1  29.0  343
2  67.0  248
3  80.0  226
4  51.0  286
5  83.0  222
6  51.0  355
7  45.0  276
1  97.0  83
2  82.0  222
3  66.0  406
4  87.0  198
5  55.0  179
6  21.0  389
7  82.0  169
1  97.0  29
2  95.0  90
3  83.0  256
4  31.0  291
5  51.0  306
6  73.0  288
7  40.0  376
1  60.0  203
2  56.0  298
3  27.0  308
4  48.0  310
5  36.0  153
6  22.0  375
7  37.0  481
