0  59.0  405
1  50.0  532
2  43.0  501
3  44.0  506
4  32.0  368
5  49.0  419
6  46.0  409
7  30.0  494
8  18.0  499
9  62.0  494
10  32.0  498
11  26.0  469
12  20.0  398
13  43.0  419
14  30.0  333
15  32.0  347
16  37.0  412
17  44.0  469
18  40.0  551
19  37.0  385
20  32.0  461
0  34.0  584
1  41.0  434
2  57.0  448
3  32.0  439
4  55.0  478
5  15.0  171
6  34.0  603
7  56.0  432
8  39.0  595
9  51.0  394
10  31.0  393
11  30.0  451
12  31.0  506
13  38.0  434
14  17.0  368
15  27.0  362
16  60.0  608
17  4.0  293
18  40.0  526
19  28.0  244
20  19.0  281
