1  40.0  436
2  59.0  358
3  71.0  242
4  46.0  376
5  15.0  261
1  46.0  210
2  52.0  336
3  18.0  203
4  30.0  384
5  21.0  246
1  70.0  366
2  14.0  487
3  16.0  187
4  66.0  289
5  20.0  234
1  51.0  269
2  52.0  406
3  46.0  313
4  27.0  233
5  33.0  339
1  62.0  405
2  74.0  319
3  72.0  282
4  28.0  231
5  22.0  357
1  21.0  344
2  60.0  387
3  28.0  233
4  18.0  177
5  49.0  203
1  23.0  476
2  36.0  268
3  29.0  284
4  35.0  307
5  34.0  261
1  26.0  398
2  29.0  264
3  27.0  287
4  21.0  330
5  40.0  240
1  42.0  293
2  16.0  288
3  33.0  417
4  8.0  296
5  28.0  422
1  46.0  452
2  30.0  627
3  41.0  327
4  26.0  320
5  20.0  308
1  57.0  382
2  32.0  305
3  27.0  418
4  34.0  341
5  12.0  350
1  32.0  425
2  43.0  446
3  52.0  457
4  45.0  215
5  6.0  157
1  63.0  355
2  22.0  241
3  45.0  384
4  86.0  244
5  11.0  278
1  59.0  229
2  64.0  377
3  48.0  316
4  36.0  352
5  22.0  377
1  63.0  357
2  61.0  426
3  41.0  332
4  30.0  269
5  2.0  214
1  40.0  261
2  34.0  497
3  29.0  260
4  39.0  231
5  33.0  338
1  38.0  395
2  52.0  355
3  63.0  316
4  15.0  214
5  21.0  231
1  46.0  376
2  60.0  322
3  39.0  315
4  11.0  268
5  48.0  263
1  43.0  401
2  97.0  267
3  33.0  278
4  28.0  238
5  10.0  247
1  41.0  346
2  37.0  248
3  13.0  304
4  9.0  297
5  29.0  355
1  30.0  569
2  57.0  414
3  25.0  279
4  15.0  182
5  17.0  325
1  51.0  342
2  40.0  344
3  51.0  249
4  55.0  293
5  27.0  306
1  41.0  542
2  55.0  352
3  30.0  349
4  21.0  299
5  11.0  178
1  61.0  281
2  51.0  327
3  25.0  367
4  35.0  310
5  21.0  295
1  40.0  523
2  23.0  508
3  15.0  142
4  33.0  263
5  25.0  365
1  47.0  454
2  28.0  230
3  49.0  288
4  18.0  273
5  46.0  230
1  16.0  407
2  45.0  295
3  41.0  343
4  38.0  159
5  52.0  256
1  74.0  257
2  24.0  376
3  27.0  270
4  11.0  216
5  36.0  308
1  60.0  328
2  57.0  359
3  38.0  280
4  33.0  238
5  61.0  285
1  58.0  273
2  89.0  270
3  43.0  415
4  18.0  127
5  23.0  340
1  25.0  286
2  36.0  412
3  4.0  273
4  17.0  369
5  20.0  359
1  26.0  522
2  46.0  449
3  33.0  305
4  37.0  259
5  41.0  224
1  44.0  351
2  35.0  288
3  9.0  275
4  44.0  350
5  46.0  342
1  60.0  326
2  59.0  331
3  31.0  366
4  28.0  396
5  0.0  161
1  79.0  343
2  31.0  463
3  12.0  224
4  35.0  296
5  30.0  213
1  33.0  385
2  35.0  457
3  16.0  241
4  13.0  207
5  48.0  282
1  52.0  362
2  60.0  346
3  52.0  371
4  22.0  295
5  11.0  201
1  32.0  544
2  31.0  374
3  50.0  446
4  38.0  265
5  9.0  261
1  65.0  377
2  35.0  416
3  29.0  313
4  38.0  275
5  25.0  295
1  38.0  440
2  45.0  320
3  38.0  201
4  38.0  150
5  2.0  343
1  26.0  427
2  65.0  254
3  35.0  267
4  28.0  286
5  24.0  219
1  24.0  448
2  51.0  428
3  50.0  318
4  31.0  292
5  58.0  295
1  43.0  227
2  52.0  371
3  53.0  230
4  20.0  244
5  29.0  280
1  57.0  459
2  66.0  328
3  40.0  333
4  30.0  396
5  10.0  398
1  59.0  363
2  17.0  278
3  32.0  399
4  27.0  256
5  29.0  193
1  51.0  314
2  32.0  347
3  38.0  281
4  59.0  221
5  8.0  273
1  91.0  257
2  29.0  408
3  41.0  288
4  22.0  209
5  16.0  289
1  39.0  430
2  13.0  294
3  39.0  263
4  26.0  351
5  22.0  317
1  53.0  350
2  29.0  329
3  29.0  340
4  2.0  238
5  9.0  285
1  32.0  376
2  56.0  319
3  6.0  296
4  12.0  147
5  43.0  347
1  41.0  441
2  54.0  214
3  25.0  300
4  36.0  255
5  10.0  232
1  68.0  308
2  45.0  415
3  31.0  342
4  36.0  476
5  31.0  274
1  61.0  338
2  45.0  403
3  25.0  283
4  18.0  267
5  19.0  243
1  44.0  325
2  28.0  437
3  30.0  288
4  28.0  326
5  34.0  301
1  59.0  272
2  37.0  289
3  37.0  321
4  58.0  283
5  35.0  234
1  28.0  456
2  29.0  401
3  19.0  231
4  33.0  249
5  28.0  210
1  38.0  309
2  5.0  573
3  22.0  225
4  21.0  266
5  39.0  301
1  35.0  533
2  73.0  188
3  0.0  231
4  38.0  293
5  12.0  310
1  43.0  283
2  63.0  280
3  25.0  345
4  53.0  310
5  41.0  226
1  28.0  236
2  34.0  360
3  51.0  283
4  14.0  195
5  53.0  293
1  52.0  137
2  35.0  251
3  35.0  357
4  28.0  480
5  26.0  354
1  39.0  348
2  51.0  318
3  15.0  212
4  38.0  265
5  10.0  399
1  59.0  325
2  47.0  302
3  4.0  308
4  21.0  344
5  26.0  240
1  41.0  362
2  38.0  463
3  55.0  375
4  15.0  191
5  31.0  231
1  58.0  459
2  47.0  387
3  24.0  238
4  28.0  313
5  30.0  255
1  35.0  277
2  37.0  208
3  53.0  302
4  19.0  539
5  33.0  257
1  45.0  397
2  31.0  381
3  34.0  260
4  9.0  276
5  23.0  189
1  69.0  281
2  38.0  325
3  31.0  337
4  33.0  291
5  13.0  181
1  55.0  335
2  44.0  348
3  33.0  356
4  0.0  174
5  21.0  162
1  49.0  340
2  33.0  360
3  71.0  251
4  25.0  425
5  39.0  190
1  53.0  346
2  48.0  339
3  5.0  361
4  18.0  231
5  42.0  210
1  48.0  377
2  36.0  271
3  40.0  206
4  29.0  205
5  9.0  338
1  50.0  219
2  74.0  266
3  48.0  248
4  31.0  302
5  53.0  199
1  28.0  460
2  15.0  155
3  11.0  380
4  50.0  309
5  46.0  271
1  49.0  304
2  35.0  365
3  3.0  306
4  47.0  307
5  26.0  397
1  30.0  433
2  46.0  314
3  32.0  311
4  14.0  241
5  20.0  307
1  51.0  255
2  60.0  292
3  44.0  444
4  19.0  143
5  49.0  276
1  38.0  419
2  55.0  381
3  36.0  352
4  60.0  292
5  28.0  169
1  58.0  346
2  46.0  287
3  40.0  338
4  36.0  280
5  25.0  173
1  30.0  475
2  34.0  352
3  57.0  402
4  44.0  382
5  23.0  338
1  61.0  405
2  35.0  399
3  35.0  227
4  4.0  317
5  27.0  325
1  54.0  389
2  46.0  340
3  22.0  390
4  18.0  332
5  18.0  246
1  35.0  354
2  34.0  476
3  16.0  310
4  47.0  217
5  21.0  341
1  74.0  352
2  20.0  278
3  51.0  236
4  41.0  160
5  24.0  191
1  59.0  375
2  23.0  518
3  59.0  278
4  30.0  424
5  22.0  323
1  19.0  561
2  51.0  402
3  53.0  468
4  11.0  234
5  14.0  193
1  62.0  334
2  64.0  306
3  50.0  274
4  4.0  203
5  64.0  265
1  64.0  315
2  38.0  272
3  28.0  325
4  24.0  426
5  4.0  362
1  55.0  338
2  45.0  481
3  4.0  226
4  15.0  222
5  29.0  309
1  32.0  497
2  24.0  415
3  59.0  346
4  15.0  365
5  29.0  257
1  46.0  347
2  53.0  473
3  33.0  348
4  31.0  282
5  25.0  224
1  9.0  506
2  52.0  292
3  36.0  327
4  7.0  295
5  50.0  323
1  45.0  353
2  49.0  332
3  10.0  157
4  27.0  225
5  19.0  300
1  77.0  307
2  23.0  335
3  14.0  257
4  19.0  368
5  41.0  355
1  43.0  472
2  65.0  332
3  18.0  183
4  48.0  334
5  16.0  198
1  42.0  496
2  38.0  451
3  47.0  314
4  20.0  308
5  29.0  188
1  48.0  373
2  48.0  347
3  54.0  266
4  47.0  182
5  11.0  160
1  15.0  398
2  62.0  324
3  16.0  286
4  18.0  250
5  20.0  257
1  75.0  298
2  55.0  364
3  23.0  236
4  19.0  238
5  43.0  325
1  36.0  173
2  31.0  387
3  41.0  231
4  44.0  221
5  22.0  301
