40  42.0  200.0
60  46.0  323.0
80  54.0  299.0
100  54.0  328.0
120  42.0  236.0
140  96.0  57.0
160  59.0  313.0
180  77.0  185.0
200  94.0  239.0
40  63.0  121.0
60  7.0  213.0
80  75.0  246.0
100  26.0  272.0
120  93.0  115.0
140  50.0  352.0
160  79.0  296.0
180  87.0  222.0
200  68.0  365.0
40  58.0  146.0
60  78.0  87.0
80  89.0  113.0
100  38.0  367.0
120  89.0  186.0
140  60.0  375.0
160  72.0  407.0
180  91.0  235.0
200  58.0  338.0
40  45.0  166.0
60  88.0  57.0
80  39.0  226.0
100  96.0  101.0
120  78.0  177.0
140  95.0  152.0
160  86.0  213.0
180  89.0  224.0
200  100.0  186.0
40  88.0  94.0
60  36.0  160.0
80  75.0  199.0
100  86.0  92.0
120  68.0  234.0
140  88.0  156.0
160  83.0  218.0
180  84.0  270.0
200  56.0  300.0
40  33.0  273.0
60  49.0  367.0
80  70.0  198.0
100  58.0  319.0
120  76.0  284.0
140  87.0  274.0
160  76.0  334.0
180  76.0  223.0
200  88.0  248.0
40  44.0  243.0
60  59.0  124.0
80  80.0  110.0
100  66.0  238.0
120  89.0  143.0
140  66.0  293.0
160  68.0  186.0
180  92.0  292.0
200  76.0  295.0
40  55.0  179.0
60  77.0  194.0
80  73.0  203.0
100  51.0  378.0
120  82.0  238.0
140  82.0  343.0
160  60.0  535.0
180  75.0  494.0
200  75.0  155.0
40  41.0  186.0
60  70.0  232.0
80  97.0  100.0
100  70.0  370.0
120  82.0  285.0
140  49.0  319.0
160  83.0  210.0
180  97.0  108.0
200  77.0  268.0
40  37.0  128.0
60  88.0  123.0
80  60.0  226.0
100  76.0  155.0
120  72.0  79.0
140  84.0  208.0
160  95.0  109.0
180  61.0  285.0
200  64.0  284.0
40  56.0  73.0
60  58.0  209.0
80  75.0  275.0
100  70.0  265.0
120  58.0  358.0
140  89.0  43.0
160  99.0  44.0
180  92.0  215.0
200  99.0  139.0
40  49.0  97.0
60  45.0  265.0
80  36.0  170.0
100  56.0  351.0
120  79.0  253.0
140  46.0  270.0
160  95.0  97.0
180  100.0  42.0
200  82.0  224.0
40  45.0  130.0
60  56.0  237.0
80  80.0  160.0
100  81.0  221.0
120  72.0  247.0
140  74.0  425.0
160  93.0  201.0
180  70.0  265.0
200  95.0  174.0
40  41.0  183.0
60  28.0  250.0
80  59.0  264.0
100  66.0  326.0
120  92.0  195.0
140  50.0  305.0
160  79.0  256.0
180  97.0  123.0
200  62.0  183.0
40  29.0  291.0
60  49.0  263.0
80  78.0  263.0
100  77.0  249.0
120  46.0  261.0
140  98.0  59.0
160  60.0  184.0
180  92.0  64.0
200  95.0  122.0
40  34.0  222.0
60  0.0  142.0
80  82.0  80.0
100  58.0  193.0
120  89.0  130.0
140  86.0  255.0
160  92.0  191.0
180  58.0  279.0
200  83.0  241.0
40  53.0  100.0
60  68.0  144.0
80  72.0  162.0
100  76.0  149.0
120  54.0  266.0
140  38.0  131.0
160  96.0  131.0
180  73.0  360.0
200  79.0  268.0
40  72.0  154.0
60  46.0  185.0
80  66.0  251.0
100  78.0  244.0
120  83.0  215.0
140  81.0  231.0
160  96.0  51.0
180  52.0  431.0
200  93.0  211.0
40  18.0  197.0
60  52.0  301.0
80  62.0  258.0
100  82.0  171.0
120  65.0  334.0
140  80.0  219.0
160  65.0  232.0
180  100.0  68.0
200  99.0  201.0
40  25.0  155.0
60  51.0  285.0
80  78.0  149.0
100  40.0  300.0
120  69.0  215.0
140  80.0  137.0
160  61.0  263.0
180  64.0  273.0
200  97.0  107.0
40  64.0  204.0
60  58.0  119.0
80  92.0  186.0
100  72.0  188.0
120  89.0  124.0
140  52.0  309.0
160  86.0  206.0
180  88.0  208.0
200  92.0  118.0
40  38.0  173.0
60  61.0  174.0
80  66.0  283.0
100  44.0  203.0
120  81.0  223.0
140  44.0  219.0
160  59.0  289.0
180  100.0  52.0
200  99.0  124.0
40  48.0  86.0
60  80.0  112.0
80  80.0  218.0
100  81.0  208.0
120  76.0  300.0
140  98.0  106.0
160  85.0  174.0
180  90.0  154.0
200  98.0  79.0
40  53.0  251.0
60  95.0  56.0
80  38.0  181.0
100  78.0  134.0
120  59.0  437.0
140  72.0  382.0
160  86.0  279.0
180  99.0  68.0
200  98.0  58.0
40  40.0  212.0
60  69.0  130.0
80  68.0  201.0
100  97.0  49.0
120  87.0  184.0
140  68.0  318.0
160  30.0  289.0
180  63.0  147.0
200  78.0  357.0
40  17.0  159.0
60  60.0  270.0
80  22.0  362.0
100  75.0  328.0
120  90.0  113.0
140  79.0  325.0
160  93.0  128.0
180  100.0  3.0
200  52.0  225.0
40  62.0  71.0
60  60.0  194.0
80  91.0  71.0
100  55.0  229.0
120  62.0  198.0
140  95.0  156.0
160  86.0  218.0
180  88.0  252.0
200  86.0  183.0
40  40.0  232.0
60  30.0  174.0
80  50.0  278.0
100  59.0  144.0
120  28.0  405.0
140  62.0  465.0
160  95.0  80.0
180  88.0  139.0
200  93.0  92.0
40  56.0  123.0
60  21.0  185.0
80  29.0  339.0
100  95.0  56.0
120  52.0  199.0
140  74.0  107.0
160  96.0  192.0
180  99.0  82.0
200  72.0  419.0
40  23.0  177.0
60  61.0  315.0
80  54.0  304.0
100  41.0  333.0
120  77.0  277.0
140  96.0  137.0
160  71.0  286.0
180  82.0  399.0
200  83.0  242.0
40  62.0  179.0
60  70.0  228.0
80  84.0  108.0
100  35.0  233.0
120  50.0  214.0
140  86.0  108.0
160  79.0  203.0
180  100.0  126.0
200  92.0  94.0
40  83.0  69.0
60  69.0  200.0
80  36.0  207.0
100  71.0  228.0
120  45.0  327.0
140  70.0  283.0
160  89.0  163.0
180  67.0  229.0
200  94.0  197.0
40  54.0  95.0
60  70.0  136.0
80  66.0  279.0
100  55.0  336.0
120  68.0  239.0
140  70.0  391.0
160  54.0  318.0
180  96.0  198.0
200  56.0  334.0
40  49.0  118.0
60  71.0  186.0
80  97.0  78.0
100  73.0  287.0
120  68.0  373.0
140  96.0  86.0
160  60.0  314.0
180  75.0  283.0
200  91.0  99.0
40  79.0  89.0
60  53.0  147.0
80  91.0  102.0
100  90.0  129.0
120  80.0  320.0
140  73.0  319.0
160  82.0  299.0
180  76.0  203.0
200  95.0  161.0
40  64.0  50.0
60  87.0  92.0
80  43.0  218.0
100  93.0  46.0
120  93.0  153.0
140  66.0  157.0
160  86.0  216.0
180  40.0  244.0
200  85.0  166.0
40  24.0  227.0
60  24.0  216.0
80  70.0  185.0
100  33.0  193.0
120  71.0  274.0
140  70.0  253.0
160  89.0  249.0
180  80.0  40.0
200  97.0  171.0
40  36.0  203.0
60  48.0  290.0
80  23.0  354.0
100  44.0  234.0
120  43.0  402.0
140  51.0  326.0
160  81.0  252.0
180  78.0  268.0
200  75.0  444.0
40  70.0  123.0
60  34.0  255.0
80  81.0  73.0
100  85.0  114.0
120  80.0  201.0
140  76.0  256.0
160  92.0  161.0
180  60.0  267.0
200  100.0  44.0
40  45.0  235.0
60  39.0  118.0
80  30.0  390.0
100  45.0  397.0
120  82.0  265.0
140  83.0  257.0
160  85.0  235.0
180  90.0  221.0
200  86.0  315.0
40  78.0  81.0
60  49.0  290.0
80  70.0  192.0
100  44.0  257.0
120  73.0  176.0
140  69.0  164.0
160  100.0  126.0
180  80.0  282.0
200  100.0  12.0
40  24.0  123.0
60  73.0  249.0
80  74.0  162.0
100  61.0  300.0
120  71.0  278.0
140  54.0  417.0
160  85.0  218.0
180  99.0  67.0
200  77.0  226.0
40  70.0  100.0
60  48.0  199.0
80  83.0  128.0
100  76.0  290.0
120  86.0  165.0
140  54.0  282.0
160  53.0  301.0
180  80.0  325.0
200  69.0  192.0
40  54.0  33.0
60  77.0  125.0
80  75.0  206.0
100  80.0  139.0
120  41.0  277.0
140  91.0  205.0
160  76.0  312.0
180  56.0  231.0
200  83.0  261.0
40  32.0  173.0
60  43.0  219.0
80  83.0  153.0
100  17.0  187.0
120  98.0  64.0
140  73.0  291.0
160  64.0  160.0
180  90.0  85.0
200  68.0  276.0
40  44.0  62.0
60  79.0  71.0
80  57.0  280.0
100  64.0  283.0
120  58.0  314.0
140  84.0  297.0
160  66.0  294.0
180  96.0  172.0
200  94.0  129.0
40  5.0  91.0
60  28.0  307.0
80  53.0  184.0
100  65.0  290.0
120  98.0  52.0
140  77.0  153.0
160  83.0  286.0
180  97.0  106.0
200  65.0  585.0
40  63.0  87.0
60  55.0  97.0
80  88.0  82.0
100  81.0  234.0
120  93.0  105.0
140  46.0  213.0
160  57.0  288.0
180  87.0  113.0
200  78.0  240.0
40  68.0  190.0
60  29.0  187.0
80  64.0  225.0
100  46.0  198.0
120  63.0  367.0
140  47.0  454.0
160  100.0  50.0
180  89.0  167.0
200  93.0  65.0
40  39.0  119.0
60  48.0  259.0
80  83.0  52.0
100  74.0  255.0
120  76.0  226.0
140  85.0  196.0
160  50.0  232.0
180  50.0  272.0
200  48.0  218.0
40  28.0  195.0
60  83.0  53.0
80  73.0  239.0
100  93.0  94.0
120  95.0  124.0
140  85.0  206.0
160  70.0  248.0
180  85.0  219.0
200  92.0  220.0
40  82.0  90.0
60  63.0  233.0
80  19.0  294.0
100  66.0  356.0
120  85.0  256.0
140  72.0  329.0
160  90.0  219.0
180  100.0  86.0
200  84.0  191.0
40  3.0  80.0
60  87.0  133.0
80  59.0  228.0
100  97.0  71.0
120  78.0  71.0
140  94.0  134.0
160  73.0  141.0
180  82.0  268.0
200  79.0  411.0
40  32.0  111.0
60  52.0  146.0
80  64.0  228.0
100  62.0  114.0
120  62.0  267.0
140  63.0  227.0
160  95.0  159.0
180  65.0  352.0
200  87.0  64.0
40  0.0  95.0
60  54.0  127.0
80  49.0  272.0
100  67.0  257.0
120  91.0  185.0
140  25.0  293.0
160  99.0  79.0
180  70.0  310.0
200  96.0  73.0
40  55.0  9.0
60  90.0  138.0
80  46.0  298.0
100  69.0  224.0
120  100.0  49.0
140  97.0  59.0
160  62.0  382.0
180  76.0  177.0
200  94.0  217.0
40  53.0  196.0
60  65.0  125.0
80  98.0  28.0
100  100.0  12.0
120  59.0  368.0
140  87.0  228.0
160  67.0  211.0
180  91.0  210.0
200  69.0  465.0
40  57.0  104.0
60  45.0  330.0
80  72.0  153.0
100  55.0  199.0
120  71.0  198.0
140  92.0  211.0
160  76.0  388.0
180  71.0  254.0
200  92.0  201.0
40  10.0  197.0
60  78.0  123.0
80  29.0  201.0
100  68.0  207.0
120  88.0  207.0
140  92.0  152.0
160  88.0  258.0
180  99.0  151.0
200  82.0  169.0
40  80.0  100.0
60  76.0  142.0
80  93.0  44.0
100  40.0  299.0
120  57.0  281.0
140  67.0  229.0
160  47.0  366.0
180  75.0  198.0
200  89.0  279.0
40  28.0  138.0
60  44.0  323.0
80  36.0  203.0
100  87.0  93.0
120  74.0  213.0
140  83.0  292.0
160  58.0  377.0
180  90.0  211.0
200  92.0  228.0
40  9.0  137.0
60  58.0  137.0
80  80.0  197.0
100  85.0  123.0
120  90.0  113.0
140  100.0  42.0
160  72.0  309.0
180  100.0  9.0
200  85.0  299.0
40  31.0  205.0
60  76.0  105.0
80  61.0  207.0
100  30.0  252.0
120  65.0  383.0
140  86.0  180.0
160  55.0  304.0
180  100.0  45.0
200  100.0  12.0
40  55.0  199.0
60  30.0  311.0
80  33.0  313.0
100  95.0  50.0
120  79.0  263.0
140  40.0  394.0
160  94.0  112.0
180  89.0  187.0
200  76.0  210.0
40  73.0  108.0
60  64.0  206.0
80  74.0  206.0
100  49.0  262.0
120  81.0  135.0
140  84.0  353.0
160  100.0  18.0
180  90.0  294.0
200  100.0  16.0
40  56.0  152.0
60  71.0  150.0
80  63.0  251.0
100  79.0  221.0
120  95.0  92.0
140  80.0  322.0
160  82.0  182.0
180  81.0  177.0
200  100.0  9.0
40  32.0  137.0
60  24.0  294.0
80  40.0  290.0
100  35.0  316.0
120  47.0  323.0
140  96.0  227.0
160  100.0  34.0
180  45.0  476.0
200  99.0  88.0
40  76.0  99.0
60  31.0  149.0
80  66.0  216.0
100  83.0  152.0
120  88.0  201.0
140  84.0  307.0
160  89.0  175.0
180  53.0  439.0
200  100.0  31.0
40  17.0  247.0
60  46.0  122.0
80  88.0  82.0
100  58.0  295.0
120  68.0  243.0
140  95.0  100.0
160  98.0  92.0
180  100.0  85.0
200  97.0  116.0
40  56.0  226.0
60  63.0  268.0
80  71.0  71.0
100  35.0  327.0
120  84.0  177.0
140  71.0  336.0
160  95.0  197.0
180  75.0  293.0
200  82.0  95.0
40  98.0  16.0
60  72.0  95.0
80  55.0  232.0
100  86.0  192.0
120  68.0  282.0
140  82.0  195.0
160  76.0  234.0
180  100.0  64.0
200  71.0  393.0
40  22.0  167.0
60  44.0  413.0
80  71.0  110.0
100  80.0  249.0
120  93.0  114.0
140  75.0  181.0
160  95.0  172.0
180  79.0  194.0
200  85.0  349.0
40  13.0  127.0
60  53.0  204.0
80  83.0  162.0
100  99.0  85.0
120  81.0  225.0
140  94.0  179.0
160  72.0  313.0
180  55.0  296.0
200  90.0  239.0
40  66.0  223.0
60  59.0  183.0
80  57.0  171.0
100  61.0  375.0
120  94.0  81.0
140  97.0  112.0
160  63.0  297.0
180  98.0  66.0
200  100.0  27.0
40  51.0  113.0
60  89.0  64.0
80  88.0  55.0
100  90.0  147.0
120  92.0  140.0
140  69.0  147.0
160  73.0  247.0
180  100.0  0.0
200  97.0  63.0
40  18.0  127.0
60  40.0  262.0
80  33.0  178.0
100  55.0  240.0
120  99.0  49.0
140  99.0  146.0
160  45.0  219.0
180  53.0  254.0
200  53.0  303.0
40  72.0  88.0
60  37.0  243.0
80  38.0  245.0
100  52.0  274.0
120  92.0  105.0
140  85.0  272.0
160  86.0  280.0
180  63.0  225.0
200  97.0  219.0
40  49.0  103.0
60  69.0  105.0
80  73.0  242.0
100  79.0  229.0
120  59.0  260.0
140  96.0  94.0
160  58.0  389.0
180  66.0  259.0
200  97.0  175.0
40  51.0  195.0
60  61.0  206.0
80  86.0  168.0
100  75.0  155.0
120  91.0  104.0
140  58.0  385.0
160  99.0  90.0
180  51.0  333.0
200  99.0  114.0
40  70.0  50.0
60  39.0  265.0
80  72.0  289.0
100  72.0  267.0
120  82.0  254.0
140  69.0  183.0
160  73.0  352.0
180  83.0  264.0
200  85.0  267.0
40  6.0  86.0
60  25.0  206.0
80  63.0  392.0
100  35.0  371.0
120  86.0  273.0
140  49.0  427.0
160  84.0  278.0
180  77.0  100.0
200  60.0  368.0
40  48.0  176.0
60  47.0  212.0
80  58.0  123.0
100  64.0  230.0
120  69.0  477.0
140  88.0  225.0
160  98.0  150.0
180  98.0  122.0
200  92.0  229.0
40  35.0  180.0
60  78.0  104.0
80  12.0  139.0
100  35.0  188.0
120  55.0  258.0
140  98.0  112.0
160  66.0  244.0
180  81.0  200.0
200  79.0  287.0
40  10.0  186.0
60  64.0  121.0
80  54.0  95.0
100  77.0  200.0
120  98.0  63.0
140  65.0  369.0
160  38.0  333.0
180  98.0  105.0
200  94.0  171.0
40  35.0  126.0
60  59.0  319.0
80  33.0  232.0
100  69.0  258.0
120  55.0  359.0
140  78.0  440.0
160  72.0  347.0
180  51.0  275.0
200  91.0  191.0
40  23.0  176.0
60  43.0  231.0
80  63.0  134.0
100  28.0  265.0
120  60.0  293.0
140  97.0  148.0
160  83.0  104.0
180  95.0  192.0
200  93.0  227.0
40  47.0  183.0
60  44.0  259.0
80  50.0  121.0
100  47.0  361.0
120  59.0  353.0
140  81.0  272.0
160  59.0  339.0
180  81.0  183.0
200  72.0  234.0
40  23.0  245.0
60  24.0  305.0
80  65.0  231.0
100  51.0  293.0
120  53.0  338.0
140  51.0  294.0
160  99.0  90.0
180  99.0  114.0
200  100.0  112.0
40  31.0  277.0
60  84.0  126.0
80  60.0  341.0
100  61.0  276.0
120  94.0  30.0
140  74.0  299.0
160  84.0  262.0
180  89.0  140.0
200  89.0  289.0
40  32.0  241.0
60  47.0  153.0
80  43.0  296.0
100  78.0  160.0
120  93.0  69.0
140  63.0  303.0
160  65.0  283.0
180  96.0  96.0
200  81.0  256.0
40  97.0  58.0
60  85.0  57.0
80  72.0  191.0
100  93.0  185.0
120  44.0  341.0
140  93.0  205.0
160  73.0  153.0
180  88.0  270.0
200  64.0  159.0
40  56.0  181.0
60  70.0  227.0
80  60.0  342.0
100  76.0  255.0
120  87.0  142.0
140  83.0  253.0
160  99.0  143.0
180  92.0  169.0
200  78.0  278.0
40  38.0  179.0
60  52.0  212.0
80  56.0  264.0
100  73.0  20.0
120  61.0  175.0
140  96.0  128.0
160  94.0  138.0
180  93.0  225.0
200  96.0  133.0
40  31.0  202.0
60  60.0  142.0
80  65.0  183.0
100  74.0  361.0
120  78.0  242.0
140  87.0  227.0
160  56.0  363.0
180  88.0  179.0
200  96.0  247.0
40  20.0  239.0
60  45.0  320.0
80  39.0  253.0
100  88.0  114.0
120  74.0  209.0
140  68.0  148.0
160  86.0  285.0
180  96.0  112.0
200  100.0  107.0
40  17.0  305.0
60  29.0  240.0
80  48.0  204.0
100  83.0  273.0
120  100.0  1.0
140  77.0  65.0
160  51.0  251.0
180  78.0  304.0
200  95.0  84.0
40  97.0  11.0
60  48.0  141.0
80  36.0  236.0
100  82.0  104.0
120  67.0  295.0
140  74.0  154.0
160  98.0  81.0
180  79.0  166.0
200  51.0  156.0
40  69.0  125.0
60  65.0  256.0
80  88.0  47.0
100  65.0  218.0
120  74.0  253.0
140  68.0  315.0
160  75.0  254.0
180  99.0  34.0
200  80.0  206.0
40  10.0  104.0
60  72.0  151.0
80  35.0  116.0
100  56.0  197.0
120  79.0  246.0
140  80.0  215.0
160  92.0  177.0
180  88.0  314.0
200  96.0  119.0
40  22.0  161.0
60  45.0  259.0
80  69.0  157.0
100  54.0  298.0
120  57.0  244.0
140  93.0  96.0
160  69.0  362.0
180  95.0  135.0
200  84.0  206.0
