1  93.0  246.0
1  70.0  316.0
1  42.0  333.0
1  18.0  256.0
1  48.0  429.0
1  52.0  385.0
1  66.0  316.0
1  9.0  583.0
1  87.0  231.0
1  59.0  400.0
1  63.0  488.0
1  50.0  399.0
1  19.0  509.0
1  22.0  415.0
1  59.0  260.0
1  28.0  313.0
1  26.0  388.0
1  75.0  346.0
1  31.0  393.0
1  16.0  222.0
1  61.0  372.0
1  45.0  452.0
1  98.0  212.0
1  30.0  376.0
1  48.0  230.0
1  6.0  351.0
1  74.0  272.0
1  36.0  388.0
1  41.0  365.0
1  57.0  340.0
1  49.0  391.0
1  70.0  278.0
1  84.0  281.0
1  24.0  414.0
1  36.0  399.0
1  73.0  314.0
1  71.0  306.0
1  92.0  260.0
1  64.0  401.0
1  54.0  368.0
1  62.0  425.0
1  36.0  373.0
1  41.0  345.0
1  17.0  565.0
1  22.0  372.0
1  43.0  454.0
1  42.0  416.0
1  36.0  385.0
1  36.0  379.0
1  60.0  365.0
1  42.0  337.0
1  75.0  374.0
1  37.0  287.0
1  73.0  337.0
1  40.0  450.0
1  0.0  75.0
1  51.0  432.0
1  85.0  230.0
1  37.0  532.0
1  43.0  290.0
1  74.0  347.0
1  7.0  224.0
1  37.0  440.0
1  84.0  260.0
1  46.0  360.0
1  69.0  383.0
1  48.0  567.0
1  30.0  501.0
1  53.0  346.0
1  48.0  387.0
1  64.0  446.0
1  41.0  349.0
1  77.0  309.0
1  42.0  293.0
1  97.0  220.0
1  67.0  355.0
1  79.0  339.0
1  13.0  300.0
1  42.0  322.0
1  66.0  328.0
1  28.0  414.0
1  42.0  458.0
1  26.0  260.0
1  54.0  512.0
1  24.0  335.0
1  63.0  353.0
1  62.0  377.0
1  77.0  362.0
1  49.0  644.0
1  41.0  419.0
1  34.0  336.0
1  55.0  388.0
1  100.0  200.0
1  10.0  251.0
1  57.0  286.0
1  15.0  292.0
1  41.0  426.0
1  71.0  432.0
1  0.0  702.0
1  86.0  251.0
2  11.0  193.0
2  15.0  352.0
2  29.0  655.0
2  0.0  170.0
2  24.0  335.0
2  25.0  409.0
2  71.0  362.0
2  57.0  389.0
2  56.0  437.0
2  31.0  382.0
2  30.0  485.0
2  17.0  449.0
2  29.0  382.0
2  15.0  495.0
2  57.0  342.0
2  47.0  240.0
2  75.0  301.0
2  77.0  329.0
2  17.0  234.0
2  53.0  301.0
2  32.0  323.0
2  65.0  436.0
2  23.0  501.0
2  42.0  371.0
2  78.0  328.0
2  31.0  509.0
2  43.0  325.0
2  28.0  373.0
2  81.0  282.0
2  57.0  459.0
2  67.0  312.0
2  54.0  445.0
2  71.0  295.0
2  71.0  309.0
2  34.0  456.0
2  38.0  434.0
2  31.0  405.0
2  74.0  378.0
2  56.0  485.0
2  77.0  391.0
2  31.0  356.0
2  73.0  358.0
2  32.0  399.0
2  64.0  462.0
2  61.0  360.0
2  95.0  224.0
2  51.0  358.0
2  35.0  249.0
2  58.0  374.0
2  38.0  359.0
2  55.0  281.0
2  0.0  643.0
2  0.0  46.0
2  46.0  358.0
2  17.0  486.0
2  45.0  517.0
2  49.0  487.0
2  78.0  350.0
2  72.0  334.0
2  57.0  407.0
2  20.0  595.0
2  26.0  447.0
2  65.0  376.0
2  51.0  500.0
2  54.0  439.0
2  72.0  364.0
2  29.0  456.0
2  30.0  328.0
2  7.0  397.0
2  24.0  419.0
2  6.0  281.0
2  48.0  369.0
2  29.0  325.0
2  19.0  434.0
2  63.0  522.0
2  64.0  411.0
2  34.0  406.0
2  18.0  505.0
2  55.0  543.0
2  68.0  412.0
2  9.0  57.0
2  52.0  278.0
2  15.0  472.0
2  29.0  468.0
2  81.0  281.0
2  51.0  507.0
2  17.0  237.0
2  0.0  52.0
2  52.0  361.0
2  71.0  446.0
2  9.0  796.0
2  44.0  420.0
2  91.0  234.0
2  0.0  406.0
2  93.0  228.0
2  50.0  347.0
2  55.0  409.0
2  36.0  432.0
2  75.0  237.0
2  47.0  485.0
3  40.0  372.0
3  4.0  279.0
3  37.0  389.0
3  72.0  315.0
3  56.0  444.0
3  76.0  313.0
3  42.0  411.0
3  57.0  321.0
3  54.0  505.0
3  80.0  239.0
3  26.0  358.0
3  36.0  287.0
3  100.0  200.0
3  42.0  290.0
3  56.0  454.0
3  12.0  379.0
3  10.0  477.0
3  6.0  227.0
3  56.0  350.0
3  17.0  317.0
3  32.0  718.0
3  47.0  282.0
3  53.0  444.0
3  25.0  388.0
3  31.0  269.0
3  31.0  301.0
3  83.0  249.0
3  100.0  200.0
3  69.0  337.0
3  0.0  262.0
3  43.0  283.0
3  35.0  466.0
3  49.0  420.0
3  97.0  225.0
3  12.0  253.0
3  53.0  425.0
3  76.0  238.0
3  54.0  289.0
3  38.0  431.0
3  0.0  155.0
3  81.0  295.0
3  16.0  360.0
3  0.0  282.0
3  16.0  265.0
3  39.0  391.0
3  65.0  229.0
3  44.0  474.0
3  9.0  291.0
3  15.0  270.0
3  53.0  464.0
3  47.0  354.0
3  36.0  596.0
3  35.0  369.0
3  69.0  288.0
3  42.0  409.0
3  72.0  267.0
3  36.0  300.0
3  5.0  349.0
3  80.0  287.0
3  46.0  340.0
3  77.0  422.0
3  35.0  335.0
3  0.0  479.0
3  71.0  284.0
3  17.0  314.0
3  0.0  411.0
3  36.0  439.0
3  11.0  265.0
3  24.0  267.0
3  41.0  362.0
3  0.0  663.0
3  11.0  505.0
3  50.0  369.0
3  33.0  569.0
3  59.0  374.0
3  80.0  316.0
3  37.0  333.0
3  90.0  328.0
3  16.0  253.0
3  35.0  364.0
3  31.0  398.0
3  96.0  227.0
3  39.0  437.0
3  1.0  478.0
3  45.0  411.0
3  17.0  368.0
3  27.0  294.0
3  35.0  261.0
3  43.0  356.0
3  0.0  242.0
3  51.0  285.0
3  100.0  200.0
3  79.0  339.0
3  40.0  478.0
3  43.0  325.0
3  39.0  457.0
3  50.0  322.0
3  13.0  412.0
3  14.0  424.0
3  35.0  523.0
4  48.0  310.0
4  17.0  354.0
4  43.0  356.0
4  33.0  237.0
4  33.0  331.0
4  63.0  389.0
4  47.0  385.0
4  47.0  449.0
4  7.0  312.0
4  34.0  516.0
4  45.0  333.0
4  100.0  200.0
4  6.0  448.0
4  44.0  318.0
4  46.0  210.0
4  36.0  285.0
4  0.0  574.0
4  60.0  377.0
4  31.0  383.0
4  84.0  230.0
4  71.0  380.0
4  54.0  451.0
4  42.0  392.0
4  31.0  285.0
4  0.0  179.0
4  60.0  245.0
4  38.0  382.0
4  10.0  283.0
4  35.0  545.0
4  56.0  293.0
4  64.0  491.0
4  79.0  350.0
4  68.0  387.0
4  59.0  421.0
4  16.0  411.0
4  77.0  340.0
4  62.0  437.0
4  34.0  303.0
4  3.0  352.0
4  31.0  328.0
4  54.0  420.0
4  57.0  438.0
4  24.0  444.0
4  63.0  447.0
4  100.0  200.0
4  60.0  317.0
4  0.0  8.0
4  37.0  309.0
4  73.0  387.0
4  40.0  363.0
4  69.0  302.0
4  31.0  421.0
4  63.0  371.0
4  33.0  291.0
4  100.0  200.0
4  56.0  354.0
4  66.0  349.0
4  77.0  206.0
4  17.0  320.0
4  20.0  472.0
4  38.0  331.0
4  15.0  631.0
4  0.0  325.0
4  43.0  283.0
4  55.0  490.0
4  98.0  206.0
4  47.0  290.0
4  71.0  385.0
4  29.0  657.0
4  36.0  375.0
4  42.0  326.0
4  62.0  365.0
4  56.0  354.0
4  37.0  415.0
4  100.0  200.0
4  46.0  388.0
4  0.0  659.0
4  23.0  329.0
4  50.0  450.0
4  43.0  231.0
4  80.0  309.0
4  22.0  351.0
4  31.0  381.0
4  61.0  546.0
4  32.0  502.0
4  38.0  426.0
4  32.0  453.0
4  54.0  266.0
4  41.0  264.0
4  92.0  256.0
4  51.0  510.0
4  59.0  399.0
4  6.0  315.0
4  42.0  423.0
4  64.0  382.0
4  38.0  336.0
4  60.0  255.0
4  9.0  224.0
4  50.0  427.0
4  4.0  498.0
5  16.0  350.0
5  85.0  293.0
5  38.0  325.0
5  25.0  410.0
5  41.0  247.0
5  87.0  279.0
5  100.0  200.0
5  57.0  259.0
5  39.0  386.0
5  80.0  285.0
5  0.0  331.0
5  59.0  378.0
5  46.0  279.0
5  59.0  291.0
5  68.0  307.0
5  49.0  399.0
5  40.0  164.0
5  21.0  244.0
5  16.0  499.0
5  83.0  343.0
5  100.0  200.0
5  0.0  547.0
5  58.0  306.0
5  60.0  375.0
5  13.0  472.0
5  24.0  173.0
5  57.0  358.0
5  78.0  309.0
5  39.0  441.0
5  40.0  296.0
5  32.0  468.0
5  47.0  418.0
5  18.0  316.0
5  21.0  274.0
5  28.0  333.0
5  18.0  347.0
5  58.0  421.0
5  35.0  381.0
5  58.0  382.0
5  38.0  284.0
5  17.0  206.0
5  0.0  87.0
5  47.0  419.0
5  10.0  336.0
5  56.0  288.0
5  37.0  427.0
5  54.0  347.0
5  66.0  288.0
5  18.0  288.0
5  57.0  299.0
5  66.0  279.0
5  50.0  502.0
5  65.0  369.0
5  63.0  354.0
5  33.0  382.0
5  56.0  362.0
5  30.0  522.0
5  70.0  340.0
5  30.0  447.0
5  62.0  355.0
5  54.0  350.0
5  54.0  237.0
5  52.0  360.0
5  33.0  396.0
5  62.0  349.0
5  68.0  427.0
5  56.0  355.0
5  88.0  266.0
5  66.0  317.0
5  47.0  332.0
5  27.0  408.0
5  57.0  342.0
5  14.0  361.0
5  24.0  367.0
5  32.0  318.0
5  97.0  224.0
5  0.0  301.0
5  63.0  367.0
5  39.0  254.0
5  34.0  434.0
5  17.0  346.0
5  44.0  375.0
5  12.0  378.0
5  52.0  368.0
5  49.0  398.0
5  31.0  305.0
5  9.0  210.0
5  0.0  173.0
5  69.0  432.0
5  9.0  404.0
5  53.0  392.0
5  52.0  388.0
5  84.0  340.0
5  33.0  369.0
5  53.0  416.0
5  78.0  260.0
5  9.0  251.0
5  73.0  226.0
5  25.0  260.0
5  66.0  301.0
