0  73.666666666666671  696
1  67.666666666666671  529
2  89.0  348
3  92.666666666666671  291
4  82.0  525
5  80.666666666666671  399
6  80.0  377
7  64.333333333333329  472
8  86.666666666666671  211
9  71.666666666666671  315
10  69.0  380
11  70.0  299
12  59.0  220
13  65.333333333333329  320
14  94.666666666666671  221
15  87.0  165
16  81.666666666666671  213
17  70.666666666666671  392
18  83.333333333333329  133
19  91.333333333333329  170
20  75.0  257
0  72.666666666666671  526
1  81.333333333333329  580
2  84.333333333333329  431
3  94.333333333333329  332
4  69.333333333333329  444
5  81.666666666666671  279
6  94.666666666666671  201
7  72.0  394
8  71.333333333333329  427
9  68.0  459
10  92.333333333333329  232
11  86.333333333333329  288
12  78.666666666666671  265
13  89.333333333333329  152
14  88.0  270
15  85.0  261
16  83.333333333333329  256
17  90.333333333333329  224
18  96.0  83
19  77.0  230
20  97.0  97
0  57.333333333333336  742
1  69.0  489
2  80.0  359
3  75.666666666666671  549
4  63.666666666666664  436
5  83.333333333333329  439
6  94.333333333333329  135
7  75.0  281
8  89.666666666666671  316
9  71.0  272
10  72.0  174
11  74.333333333333329  371
12  66.333333333333329  470
13  78.0  247
14  84.333333333333329  285
15  84.0  220
16  85.333333333333329  156
17  93.333333333333329  81
18  96.0  172
19  81.0  203
20  86.0  159
0  49.333333333333336  750
1  61.333333333333336  651
2  61.666666666666664  614
3  87.333333333333329  267
4  59.0  587
5  95.666666666666671  73
6  95.666666666666671  164
7  70.333333333333329  384
8  87.666666666666671  400
9  66.0  476
10  87.0  283
11  85.666666666666671  340
12  87.666666666666671  268
13  88.666666666666671  237
14  86.0  329
15  91.333333333333329  163
16  81.0  250
17  76.333333333333329  349
18  84.333333333333329  263
19  88.0  209
20  91.666666666666671  94
0  69.333333333333329  627
1  45.666666666666664  752
2  73.333333333333329  487
3  69.333333333333329  418
4  70.0  415
5  69.666666666666671  558
6  69.666666666666671  567
7  72.333333333333329  295
8  83.666666666666671  334
9  81.0  309
10  94.666666666666671  176
11  87.0  221
12  88.0  207
13  81.666666666666671  213
14  68.333333333333329  333
15  89.666666666666671  201
16  95.0  107
17  63.666666666666664  507
18  97.333333333333329  55
19  77.0  444
20  86.333333333333329  96
0  88.0  481
1  66.0  583
2  69.666666666666671  602
3  89.333333333333329  430
4  74.333333333333329  434
5  62.0  542
6  71.666666666666671  406
7  67.0  480
8  54.0  452
9  79.333333333333329  327
10  97.333333333333329  148
11  81.333333333333329  389
12  89.666666666666671  252
13  80.0  398
14  72.333333333333329  518
15  89.333333333333329  224
16  66.333333333333329  365
17  96.666666666666671  72
18  90.0  170
19  75.333333333333329  277
20  74.333333333333329  286
0  67.333333333333329  592
1  62.333333333333336  633
2  75.0  417
3  78.333333333333329  453
4  86.0  340
5  91.333333333333329  223
6  92.0  302
7  89.333333333333329  388
8  76.333333333333329  405
9  79.0  452
10  87.666666666666671  293
11  94.666666666666671  201
12  88.0  237
13  94.0  165
14  94.0  66
15  69.0  208
16  85.333333333333329  112
17  89.0  194
18  91.333333333333329  84
19  92.666666666666671  188
20  77.0  126
0  70.333333333333329  674
1  82.666666666666671  532
2  80.666666666666671  471
3  68.333333333333329  575
4  75.333333333333329  413
5  82.333333333333329  421
6  69.666666666666671  441
7  57.666666666666664  577
8  82.333333333333329  438
9  67.666666666666671  563
10  84.0  414
11  61.0  268
12  86.0  219
13  82.0  274
14  78.666666666666671  282
15  82.333333333333329  194
16  91.0  226
17  86.0  116
18  77.0  168
19  82.333333333333329  209
20  86.666666666666671  314
0  62.333333333333336  624
1  90.0  436
2  92.666666666666671  279
3  89.0  423
4  82.666666666666671  508
5  89.666666666666671  356
6  88.333333333333329  406
7  77.333333333333329  405
8  77.666666666666671  300
9  94.333333333333329  203
10  79.0  431
11  79.666666666666671  248
12  78.666666666666671  326
13  95.333333333333329  150
14  65.0  339
15  87.333333333333329  278
16  92.666666666666671  262
17  84.0  316
18  79.333333333333329  280
19  90.666666666666671  199
20  87.666666666666671  209
0  60.666666666666664  811
1  75.0  596
2  85.666666666666671  407
3  80.0  681
4  78.333333333333329  463
5  84.333333333333329  339
6  87.333333333333329  425
7  81.333333333333329  339
8  81.333333333333329  439
9  80.666666666666671  362
10  88.666666666666671  267
11  88.0  188
12  81.0  333
13  86.666666666666671  320
14  91.333333333333329  322
15  86.0  308
16  74.0  254
17  77.666666666666671  361
18  87.666666666666671  305
19  95.0  160
20  95.0  170
0  56.333333333333336  600
1  49.333333333333336  543
2  53.0  524
3  78.333333333333329  399
4  60.333333333333336  633
5  73.333333333333329  630
6  94.333333333333329  227
7  82.333333333333329  326
8  69.333333333333329  368
9  75.333333333333329  471
10  57.0  639
11  77.666666666666671  351
12  84.666666666666671  239
13  84.0  323
14  81.0  196
15  92.666666666666671  184
16  77.0  242
17  68.333333333333329  367
18  77.333333333333329  261
19  88.0  220
20  72.0  313
0  69.333333333333329  776
1  77.666666666666671  489
2  59.666666666666664  448
3  79.666666666666671  557
4  81.333333333333329  508
5  65.0  356
6  87.0  389
7  82.0  490
8  72.333333333333329  413
9  76.0  392
10  68.0  424
11  78.333333333333329  243
12  93.0  200
13  93.0  162
14  81.666666666666671  269
15  90.0  204
16  67.333333333333329  122
17  86.333333333333329  177
18  96.666666666666671  90
19  96.0  153
20  77.666666666666671  103
0  61.333333333333336  666
1  70.0  521
2  63.666666666666664  514
3  90.0  383
4  73.0  358
5  84.333333333333329  381
6  63.666666666666664  650
7  90.333333333333329  257
8  84.333333333333329  317
9  83.333333333333329  365
10  73.333333333333329  351
11  82.333333333333329  264
12  68.0  234
13  98.0  9
14  70.666666666666671  415
15  80.0  269
16  85.666666666666671  287
17  95.0  96
18  98.0  38
19  92.0  230
20  93.0  186
0  62.333333333333336  644
1  87.333333333333329  519
2  83.0  422
3  89.333333333333329  362
4  74.666666666666671  517
5  79.0  397
6  81.333333333333329  381
7  73.666666666666671  468
8  89.0  338
9  71.333333333333329  276
10  86.333333333333329  333
11  95.0  242
12  95.333333333333329  206
13  68.333333333333329  366
14  92.0  236
15  73.333333333333329  264
16  81.0  301
17  93.666666666666671  78
18  87.666666666666671  205
19  89.333333333333329  224
20  85.333333333333329  226
0  75.333333333333329  463
1  63.666666666666664  518
2  75.0  541
3  70.0  455
4  81.333333333333329  395
5  66.333333333333329  450
6  95.333333333333329  168
7  87.333333333333329  275
8  86.333333333333329  373
9  69.666666666666671  308
10  81.0  439
11  88.0  271
12  90.333333333333329  287
13  81.666666666666671  362
14  71.666666666666671  350
15  76.0  328
16  88.0  269
17  85.333333333333329  323
18  86.333333333333329  259
19  83.333333333333329  194
20  82.0  132
0  70.666666666666671  484
1  45.0  757
2  62.333333333333336  512
3  69.333333333333329  360
4  80.333333333333329  351
5  79.333333333333329  400
6  86.0  330
7  74.333333333333329  309
8  96.0  116
9  73.0  544
10  96.333333333333329  115
11  78.0  391
12  91.333333333333329  269
13  67.333333333333329  271
14  88.0  244
15  94.666666666666671  182
16  81.0  261
17  91.0  176
18  77.666666666666671  265
19  75.0  203
20  93.666666666666671  176
0  55.333333333333336  555
1  77.333333333333329  455
2  90.0  478
3  77.333333333333329  367
4  78.0  468
5  72.0  537
6  87.666666666666671  416
7  87.333333333333329  353
8  88.0  399
9  80.0  432
10  97.0  121
11  82.333333333333329  213
12  88.333333333333329  242
13  81.666666666666671  304
14  88.333333333333329  168
15  83.333333333333329  242
16  76.666666666666671  348
17  85.0  225
18  85.666666666666671  169
19  91.0  214
20  88.0  173
0  81.0  434
1  83.333333333333329  577
2  67.666666666666671  413
3  87.0  437
4  86.333333333333329  414
5  58.333333333333336  544
6  89.0  269
7  79.666666666666671  247
8  89.333333333333329  250
9  75.333333333333329  461
10  74.666666666666671  336
11  56.333333333333336  389
12  92.0  259
13  84.0  344
14  86.333333333333329  196
15  90.666666666666671  267
16  80.333333333333329  202
17  91.666666666666671  160
18  78.0  212
19  87.333333333333329  162
20  73.0  277
0  45.333333333333336  788
1  80.666666666666671  490
2  83.0  455
3  84.333333333333329  458
4  64.0  419
5  87.0  406
6  64.333333333333329  500
7  93.0  238
8  89.333333333333329  190
9  76.666666666666671  425
10  88.333333333333329  226
11  77.666666666666671  244
12  83.333333333333329  340
13  65.666666666666671  291
14  96.0  161
15  82.333333333333329  258
16  94.333333333333329  73
17  93.0  183
18  79.0  284
19  95.666666666666671  99
20  93.333333333333329  103
0  63.666666666666664  724
1  74.666666666666671  639
2  81.333333333333329  300
3  51.666666666666664  361
4  63.333333333333336  694
5  85.0  344
6  83.666666666666671  315
7  78.333333333333329  118
8  83.666666666666671  283
9  86.333333333333329  327
10  91.0  264
11  81.333333333333329  435
12  72.333333333333329  411
13  59.0  404
14  91.666666666666671  154
15  97.666666666666671  58
16  77.666666666666671  342
17  85.666666666666671  299
18  94.333333333333329  131
19  82.333333333333329  264
20  80.666666666666671  229
0  82.0  568
1  73.333333333333329  525
2  76.333333333333329  536
3  63.666666666666664  629
4  83.666666666666671  342
5  80.333333333333329  435
6  82.666666666666671  335
7  82.0  364
8  83.0  320
9  80.0  261
10  87.333333333333329  354
11  77.0  342
12  74.666666666666671  319
13  83.0  268
14  71.333333333333329  232
15  77.666666666666671  324
16  89.0  121
17  90.0  110
18  93.333333333333329  141
19  95.333333333333329  152
20  83.0  192
0  56.333333333333336  582
1  68.0  609
2  74.333333333333329  521
3  81.333333333333329  332
4  69.333333333333329  553
5  86.666666666666671  411
6  78.666666666666671  321
7  69.666666666666671  320
8  88.0  217
9  72.333333333333329  312
10  84.0  343
11  78.0  333
12  88.333333333333329  282
13  84.0  305
14  67.666666666666671  304
15  81.666666666666671  327
16  88.333333333333329  258
17  85.666666666666671  250
18  89.333333333333329  183
19  92.0  179
20  85.333333333333329  277
0  78.666666666666671  571
1  84.0  436
2  57.333333333333336  670
3  76.333333333333329  588
4  92.333333333333329  384
5  85.333333333333329  441
6  64.666666666666671  446
7  55.666666666666664  404
8  60.0  372
9  78.666666666666671  467
10  81.0  341
11  72.0  505
12  67.0  679
13  76.666666666666671  456
14  89.0  310
15  79.666666666666671  343
16  89.0  172
17  97.666666666666671  81
18  82.666666666666671  162
19  83.333333333333329  72
20  82.0  98
0  74.0  498
1  66.333333333333329  500
2  57.666666666666664  672
3  76.333333333333329  605
4  83.333333333333329  440
5  83.333333333333329  431
6  80.333333333333329  317
7  77.0  499
8  72.0  348
9  90.666666666666671  193
10  73.333333333333329  457
11  87.333333333333329  355
12  65.666666666666671  309
13  84.666666666666671  304
14  87.666666666666671  181
15  82.666666666666671  235
16  85.666666666666671  379
17  88.333333333333329  199
18  80.333333333333329  258
19  88.666666666666671  138
20  97.0  78
0  72.333333333333329  616
1  81.0  530
2  78.666666666666671  518
3  76.333333333333329  438
4  91.333333333333329  336
5  86.0  365
6  83.333333333333329  296
7  90.333333333333329  331
8  93.0  170
9  92.333333333333329  281
10  97.0  125
11  84.666666666666671  204
12  97.666666666666671  98
13  80.666666666666671  247
14  94.333333333333329  169
15  88.666666666666671  232
16  70.0  445
17  95.666666666666671  112
18  73.666666666666671  342
19  71.333333333333329  166
20  90.666666666666671  143
0  59.666666666666664  608
1  93.0  395
2  84.666666666666671  400
3  72.666666666666671  562
4  78.666666666666671  379
5  67.666666666666671  472
6  68.666666666666671  392
7  60.0  507
8  88.666666666666671  261
9  79.333333333333329  388
10  76.0  420
11  92.0  230
12  85.666666666666671  296
13  94.333333333333329  139
14  94.333333333333329  155
15  89.666666666666671  261
16  74.333333333333329  458
17  90.0  121
18  87.333333333333329  175
19  82.666666666666671  303
20  80.0  145
0  73.666666666666671  650
1  74.666666666666671  488
2  86.666666666666671  341
3  82.333333333333329  384
4  58.0  504
5  80.0  423
6  83.666666666666671  389
7  71.666666666666671  372
8  65.666666666666671  394
9  81.333333333333329  413
10  85.333333333333329  275
11  81.333333333333329  369
12  81.333333333333329  372
13  88.333333333333329  238
14  76.0  115
15  84.666666666666671  280
16  91.333333333333329  169
17  92.333333333333329  174
18  79.333333333333329  199
19  89.333333333333329  152
20  88.0  189
0  68.0  494
1  82.666666666666671  454
2  64.0  699
3  94.666666666666671  338
4  66.0  400
5  71.0  332
6  89.0  282
7  93.333333333333329  144
8  85.333333333333329  354
9  78.333333333333329  368
10  80.333333333333329  286
11  89.666666666666671  261
12  73.0  401
13  82.0  380
14  84.666666666666671  359
15  93.0  184
16  91.0  85
17  70.666666666666671  128
18  89.0  140
19  92.0  271
20  92.333333333333329  263
0  34.666666666666664  441
1  51.333333333333336  443
2  59.666666666666664  441
3  72.333333333333329  518
4  71.0  480
5  55.0  535
6  92.666666666666671  283
7  85.0  216
8  69.666666666666671  425
9  91.0  266
10  91.666666666666671  198
11  94.666666666666671  161
12  91.333333333333329  151
13  80.666666666666671  311
14  88.333333333333329  206
15  80.0  316
16  87.0  182
17  87.333333333333329  137
18  97.666666666666671  94
19  91.333333333333329  163
20  87.0  208
0  89.666666666666671  453
1  61.666666666666664  425
2  82.333333333333329  453
3  73.333333333333329  485
4  77.333333333333329  595
5  81.0  355
6  88.666666666666671  334
7  80.333333333333329  362
8  83.0  265
9  89.0  261
10  96.333333333333329  162
11  76.333333333333329  301
12  96.666666666666671  48
13  90.333333333333329  201
14  73.0  245
15  89.0  312
16  86.666666666666671  82
17  94.666666666666671  144
18  85.333333333333329  171
19  87.333333333333329  194
20  97.666666666666671  38
0  68.333333333333329  567
1  95.0  420
2  79.666666666666671  436
3  86.0  443
4  71.333333333333329  403
5  69.666666666666671  418
6  79.333333333333329  258
7  77.666666666666671  387
8  90.666666666666671  241
9  65.0  460
10  93.333333333333329  285
11  90.666666666666671  268
12  70.0  530
13  76.333333333333329  343
14  93.666666666666671  132
15  72.0  284
16  81.666666666666671  257
17  86.333333333333329  231
18  80.0  277
19  92.666666666666671  86
20  94.666666666666671  156
0  46.333333333333336  470
1  62.333333333333336  587
2  82.666666666666671  488
3  97.666666666666671  282
4  79.333333333333329  505
5  74.666666666666671  557
6  74.666666666666671  471
7  77.0  386
8  88.666666666666671  330
9  87.0  222
10  68.333333333333329  342
11  68.666666666666671  388
12  93.333333333333329  163
13  85.666666666666671  286
14  77.333333333333329  380
15  72.666666666666671  300
16  90.666666666666671  189
17  88.666666666666671  251
18  91.666666666666671  105
19  83.666666666666671  238
20  92.333333333333329  245
0  80.333333333333329  546
1  85.666666666666671  456
2  82.0  408
3  56.666666666666664  325
4  93.333333333333329  358
5  93.333333333333329  231
6  80.0  340
7  83.0  420
8  83.0  402
9  89.333333333333329  312
10  86.333333333333329  251
11  92.666666666666671  239
12  87.0  236
13  79.333333333333329  375
14  80.0  291
15  93.666666666666671  243
16  88.333333333333329  188
17  89.0  149
18  91.0  165
19  89.333333333333329  105
20  97.333333333333329  105
0  72.0  842
1  85.0  495
2  66.0  638
3  84.0  458
4  77.0  483
5  84.666666666666671  420
6  94.0  212
7  89.333333333333329  244
8  78.0  394
9  77.333333333333329  224
10  78.666666666666671  407
11  74.666666666666671  495
12  78.333333333333329  375
13  97.333333333333329  55
14  86.0  351
15  82.0  192
16  79.333333333333329  60
17  82.0  258
18  90.666666666666671  254
19  96.666666666666671  56
20  89.0  192
0  82.333333333333329  504
1  80.0  529
2  71.333333333333329  563
3  85.0  361
4  63.333333333333336  485
5  93.666666666666671  280
6  80.333333333333329  361
7  80.666666666666671  389
8  86.666666666666671  332
9  82.0  261
10  89.666666666666671  173
11  79.666666666666671  279
12  93.0  248
13  87.666666666666671  320
14  89.666666666666671  148
15  83.333333333333329  358
16  83.666666666666671  299
17  83.0  155
18  87.0  209
19  98.0  66
20  84.0  260
0  75.0  461
1  55.333333333333336  668
2  60.666666666666664  590
3  60.0  610
4  85.0  310
5  89.0  374
6  89.333333333333329  324
7  82.333333333333329  343
8  76.333333333333329  434
9  84.0  343
10  82.333333333333329  414
11  74.666666666666671  440
12  82.0  188
13  90.666666666666671  212
14  92.333333333333329  217
15  86.666666666666671  233
16  86.0  189
17  85.333333333333329  89
18  94.0  201
19  90.333333333333329  181
20  94.333333333333329  79
0  57.333333333333336  586
1  87.666666666666671  363
2  77.666666666666671  454
3  88.333333333333329  286
4  84.333333333333329  459
5  90.0  405
6  98.0  141
7  77.333333333333329  290
8  79.666666666666671  399
9  78.666666666666671  313
10  75.666666666666671  233
11  73.0  350
12  89.0  303
13  94.0  197
14  78.666666666666671  141
15  83.666666666666671  180
16  90.333333333333329  119
17  80.333333333333329  298
18  79.0  275
19  80.333333333333329  323
20  89.333333333333329  219
0  69.0  524
1  63.0  541
2  63.0  585
3  74.333333333333329  623
4  78.333333333333329  453
5  82.666666666666671  558
6  69.0  541
7  68.666666666666671  426
8  87.0  220
9  94.666666666666671  170
10  76.666666666666671  450
11  76.0  330
12  77.666666666666671  455
13  96.666666666666671  59
14  80.333333333333329  419
15  81.0  318
16  84.333333333333329  269
17  97.0  52
18  66.0  327
19  94.666666666666671  173
20  87.333333333333329  295
0  60.666666666666664  810
1  76.666666666666671  527
2  59.333333333333336  630
3  82.666666666666671  394
4  70.666666666666671  483
5  71.666666666666671  487
6  75.0  528
7  95.666666666666671  245
8  51.666666666666664  419
9  94.333333333333329  147
10  67.666666666666671  385
11  85.666666666666671  299
12  94.0  152
13  83.0  371
14  72.333333333333329  346
15  87.666666666666671  198
16  71.333333333333329  386
17  84.333333333333329  189
18  80.666666666666671  250
19  86.666666666666671  190
20  89.666666666666671  158
0  71.666666666666671  617
1  74.0  443
2  66.666666666666671  558
3  71.333333333333329  343
4  83.666666666666671  428
5  77.0  391
6  92.333333333333329  260
7  83.666666666666671  338
8  81.333333333333329  382
9  80.333333333333329  168
10  62.666666666666664  420
11  70.666666666666671  307
12  79.666666666666671  312
13  71.333333333333329  467
14  83.0  332
15  63.666666666666664  304
16  87.333333333333329  258
17  87.333333333333329  271
18  72.333333333333329  386
19  75.666666666666671  206
20  97.333333333333329  86
0  81.333333333333329  587
1  72.0  430
2  59.666666666666664  572
3  87.0  441
4  74.666666666666671  447
5  55.666666666666664  541
6  56.0  488
7  67.0  512
8  98.0  69
9  66.666666666666671  422
10  85.666666666666671  280
11  79.0  328
12  70.0  316
13  87.666666666666671  346
14  79.666666666666671  153
15  87.333333333333329  191
16  93.333333333333329  160
17  91.666666666666671  131
18  85.666666666666671  232
19  92.333333333333329  195
20  88.333333333333329  189
0  80.0  594
1  71.0  408
2  69.666666666666671  493
3  78.0  406
4  84.0  445
5  92.333333333333329  235
6  88.0  247
7  89.0  284
8  87.666666666666671  307
9  82.666666666666671  350
10  77.666666666666671  352
11  68.0  474
12  89.333333333333329  260
13  74.666666666666671  382
14  76.0  319
15  80.0  236
16  83.333333333333329  316
17  85.0  274
18  90.333333333333329  263
19  87.0  95
20  89.666666666666671  143
0  54.666666666666664  745
1  71.666666666666671  626
2  73.333333333333329  496
3  94.666666666666671  265
4  73.666666666666671  557
5  81.0  407
6  88.333333333333329  341
7  89.333333333333329  328
8  57.666666666666664  425
9  52.0  540
10  91.666666666666671  315
11  64.333333333333329  542
12  89.0  281
13  83.666666666666671  347
14  84.0  190
15  79.666666666666671  142
16  84.0  285
17  73.666666666666671  432
18  93.333333333333329  116
19  77.666666666666671  120
20  86.0  117
0  82.333333333333329  497
1  77.666666666666671  621
2  89.0  476
3  88.666666666666671  389
4  82.0  417
5  75.333333333333329  341
6  80.333333333333329  417
7  93.666666666666671  232
8  89.0  219
9  87.666666666666671  316
10  83.0  323
11  75.0  295
12  81.666666666666671  336
13  71.333333333333329  219
14  92.333333333333329  243
15  87.0  162
16  87.0  240
17  89.666666666666671  202
18  94.333333333333329  239
19  84.0  362
20  94.0  52
0  62.0  576
1  71.666666666666671  436
2  82.333333333333329  481
3  80.333333333333329  335
4  84.0  455
5  84.0  353
6  79.333333333333329  499
7  55.0  745
8  98.0  61
9  82.333333333333329  303
10  69.0  342
11  91.666666666666671  187
12  82.666666666666671  313
13  76.0  275
14  84.333333333333329  221
15  75.666666666666671  306
16  62.666666666666664  508
17  88.333333333333329  223
18  81.666666666666671  216
19  76.0  312
20  92.333333333333329  108
0  73.666666666666671  547
1  62.666666666666664  496
2  77.0  493
3  60.666666666666664  472
4  73.0  341
5  89.333333333333329  369
6  44.333333333333336  586
7  86.666666666666671  244
8  85.333333333333329  354
9  93.333333333333329  244
10  82.666666666666671  323
11  96.333333333333329  140
12  80.333333333333329  230
13  81.666666666666671  282
14  95.333333333333329  102
15  86.666666666666671  310
16  92.333333333333329  185
17  84.0  232
18  82.0  143
19  93.333333333333329  164
20  74.0  248
0  57.0  624
1  84.333333333333329  439
2  58.0  531
3  89.0  317
4  84.666666666666671  355
5  70.0  553
6  77.666666666666671  409
7  78.0  382
8  78.0  304
9  83.0  306
10  88.333333333333329  176
11  81.666666666666671  328
12  97.0  85
13  91.666666666666671  181
14  91.333333333333329  275
15  76.666666666666671  275
16  72.666666666666671  426
17  90.666666666666671  197
18  82.666666666666671  197
19  79.333333333333329  332
20  93.666666666666671  47
0  74.333333333333329  585
1  59.333333333333336  601
2  80.666666666666671  495
3  71.0  518
4  65.666666666666671  414
5  61.0  589
6  85.333333333333329  454
7  83.333333333333329  356
8  74.666666666666671  425
9  89.0  266
10  91.0  265
11  75.333333333333329  260
12  79.333333333333329  264
13  93.0  223
14  84.0  208
15  89.666666666666671  209
16  96.333333333333329  130
17  86.0  296
18  79.666666666666671  152
19  80.666666666666671  199
20  91.333333333333329  136
0  80.666666666666671  472
1  67.333333333333329  576
2  78.333333333333329  507
3  69.666666666666671  446
4  84.333333333333329  398
5  80.666666666666671  350
6  83.333333333333329  360
7  79.333333333333329  429
8  86.333333333333329  357
9  89.666666666666671  295
10  92.0  117
11  68.666666666666671  202
12  88.666666666666671  263
13  68.666666666666671  386
14  74.0  460
15  93.0  252
16  96.333333333333329  58
17  90.333333333333329  221
18  86.333333333333329  138
19  59.666666666666664  350
20  83.0  300
0  66.333333333333329  536
1  88.0  508
2  87.333333333333329  429
3  82.666666666666671  393
4  86.666666666666671  332
5  71.666666666666671  412
6  71.0  368
7  79.666666666666671  348
8  83.666666666666671  205
9  83.0  321
10  85.0  321
11  73.0  255
12  72.666666666666671  514
13  75.0  464
14  93.333333333333329  145
15  97.0  85
16  92.0  128
17  86.0  418
18  89.333333333333329  212
19  80.333333333333329  258
20  95.0  77
0  78.666666666666671  608
1  78.666666666666671  506
2  80.0  413
3  80.333333333333329  360
4  57.666666666666664  507
5  67.666666666666671  319
6  91.0  314
7  63.666666666666664  501
8  96.333333333333329  131
9  75.333333333333329  337
10  89.0  289
11  63.333333333333336  446
12  70.0  539
13  88.666666666666671  207
14  72.333333333333329  414
15  79.333333333333329  227
16  71.0  206
17  68.333333333333329  319
18  93.333333333333329  87
19  89.666666666666671  172
20  81.0  278
0  81.0  584
1  68.333333333333329  646
2  72.333333333333329  508
3  69.0  687
4  87.666666666666671  319
5  62.666666666666664  197
6  91.666666666666671  186
7  75.666666666666671  280
8  82.0  412
9  68.333333333333329  303
10  80.333333333333329  253
11  84.333333333333329  267
12  91.333333333333329  245
13  94.333333333333329  135
14  77.0  466
15  93.333333333333329  186
16  85.333333333333329  304
17  84.666666666666671  226
18  83.666666666666671  174
19  76.666666666666671  321
20  89.666666666666671  216
0  75.0  641
1  69.666666666666671  543
2  57.333333333333336  601
3  86.666666666666671  390
4  80.666666666666671  562
5  72.666666666666671  395
6  74.0  508
7  90.0  254
8  88.666666666666671  380
9  66.0  641
10  84.0  184
11  77.666666666666671  376
12  98.0  37
13  79.333333333333329  347
14  77.666666666666671  352
15  79.333333333333329  369
16  87.666666666666671  355
17  81.666666666666671  210
18  93.333333333333329  155
19  91.0  131
20  90.0  153
0  60.0  718
1  74.0  348
2  76.333333333333329  604
3  82.666666666666671  607
4  95.666666666666671  298
5  64.0  556
6  69.666666666666671  419
7  48.0  623
8  86.333333333333329  266
9  91.0  160
10  82.333333333333329  448
11  78.666666666666671  458
12  69.666666666666671  408
13  86.333333333333329  197
14  80.666666666666671  269
15  75.0  451
16  89.0  242
17  74.0  406
18  92.333333333333329  160
19  77.333333333333329  266
20  85.333333333333329  288
0  78.333333333333329  565
1  61.666666666666664  616
2  77.0  615
3  73.0  595
4  78.0  387
5  81.333333333333329  518
6  83.666666666666671  332
7  82.333333333333329  344
8  79.666666666666671  421
9  75.333333333333329  344
10  88.666666666666671  257
11  85.666666666666671  132
12  79.333333333333329  202
13  82.333333333333329  188
14  81.333333333333329  318
15  96.333333333333329  173
16  90.0  187
17  93.333333333333329  133
18  88.666666666666671  202
19  91.333333333333329  185
20  96.666666666666671  79
0  77.666666666666671  583
1  49.0  656
2  69.0  626
3  55.333333333333336  468
4  70.0  449
5  73.333333333333329  426
6  77.0  361
7  66.666666666666671  350
8  60.0  355
9  76.333333333333329  678
10  78.0  233
11  88.333333333333329  302
12  86.333333333333329  238
13  63.333333333333336  434
14  92.0  296
15  77.666666666666671  183
16  96.666666666666671  125
17  83.0  306
18  82.666666666666671  239
19  97.333333333333329  83
20  88.666666666666671  191
0  64.333333333333329  684
1  70.0  478
2  71.333333333333329  364
3  87.666666666666671  499
4  78.333333333333329  479
5  77.333333333333329  481
6  83.666666666666671  473
7  70.0  436
8  91.666666666666671  218
9  83.666666666666671  370
10  93.0  190
11  89.333333333333329  292
12  65.0  306
13  74.0  256
14  94.666666666666671  182
15  91.0  146
16  93.333333333333329  128
17  84.0  295
18  91.333333333333329  167
19  88.666666666666671  164
20  81.666666666666671  231
0  80.0  533
1  70.0  558
2  73.666666666666671  631
3  88.333333333333329  257
4  82.0  354
5  82.0  389
6  62.0  399
7  80.666666666666671  286
8  81.666666666666671  312
9  78.333333333333329  425
10  81.0  382
11  94.666666666666671  91
12  85.0  189
13  70.333333333333329  325
14  93.333333333333329  161
15  93.666666666666671  86
16  88.666666666666671  205
17  92.666666666666671  98
18  92.333333333333329  251
19  70.0  292
20  92.333333333333329  163
0  77.666666666666671  527
1  81.0  553
2  68.333333333333329  270
3  65.333333333333329  625
4  71.666666666666671  486
5  59.666666666666664  444
6  80.0  308
7  91.333333333333329  267
8  73.666666666666671  402
9  83.666666666666671  340
10  79.666666666666671  295
11  89.0  228
12  94.0  173
13  89.666666666666671  290
14  66.666666666666671  229
15  81.333333333333329  343
16  90.666666666666671  227
17  69.0  185
18  82.0  312
19  78.333333333333329  293
20  82.666666666666671  264
0  71.666666666666671  572
1  80.333333333333329  446
2  67.666666666666671  629
3  97.0  222
4  75.666666666666671  440
5  77.0  334
6  83.666666666666671  285
7  71.666666666666671  345
8  84.333333333333329  203
9  86.0  323
10  79.0  294
11  86.0  343
12  82.666666666666671  384
13  83.666666666666671  221
14  82.0  241
15  77.666666666666671  243
16  80.0  362
17  90.666666666666671  123
18  97.0  93
19  86.666666666666671  294
20  75.666666666666671  173
0  78.333333333333329  567
1  58.666666666666664  579
2  83.333333333333329  443
3  78.666666666666671  418
4  57.0  566
5  69.333333333333329  453
6  90.666666666666671  169
7  83.666666666666671  365
8  84.0  316
9  79.333333333333329  278
10  81.666666666666671  254
11  77.333333333333329  307
12  88.333333333333329  218
13  77.0  357
14  93.333333333333329  119
15  89.0  226
16  73.666666666666671  250
17  84.333333333333329  196
18  91.333333333333329  292
19  95.0  44
20  84.666666666666671  137
0  75.333333333333329  552
1  75.666666666666671  560
2  78.666666666666671  452
3  72.333333333333329  391
4  79.666666666666671  306
5  71.666666666666671  575
6  82.0  356
7  84.333333333333329  346
8  84.0  273
9  78.666666666666671  309
10  61.333333333333336  465
11  85.666666666666671  131
12  77.666666666666671  247
13  95.333333333333329  170
14  83.0  201
15  90.666666666666671  163
16  71.333333333333329  261
17  92.666666666666671  227
18  97.0  50
19  91.0  166
20  91.666666666666671  118
0  83.0  479
1  74.0  575
2  71.333333333333329  510
3  69.0  504
4  78.666666666666671  432
5  80.333333333333329  358
6  88.333333333333329  380
7  75.666666666666671  341
8  62.333333333333336  195
9  79.0  237
10  72.0  388
11  86.666666666666671  309
12  85.0  235
13  72.333333333333329  426
14  79.333333333333329  325
15  87.0  199
16  84.0  231
17  84.0  333
18  90.333333333333329  229
19  92.0  238
20  79.666666666666671  280
0  77.333333333333329  564
1  93.333333333333329  368
2  73.0  491
3  89.0  312
4  67.666666666666671  446
5  75.666666666666671  375
6  70.333333333333329  259
7  74.333333333333329  381
8  78.333333333333329  334
9  86.333333333333329  301
10  95.666666666666671  172
11  81.333333333333329  322
12  76.333333333333329  448
13  82.666666666666671  322
14  84.0  234
15  91.333333333333329  189
16  79.333333333333329  233
17  80.666666666666671  326
18  81.0  163
19  90.333333333333329  199
20  96.0  91
0  62.666666666666664  682
1  86.0  557
2  80.333333333333329  493
3  77.666666666666671  485
4  59.666666666666664  552
5  76.333333333333329  432
6  95.0  313
7  78.0  417
8  69.333333333333329  353
9  91.0  342
10  76.666666666666671  377
11  89.333333333333329  264
12  93.0  187
13  97.333333333333329  177
14  57.0  393
15  80.333333333333329  343
16  82.333333333333329  273
17  86.666666666666671  231
18  96.0  216
19  93.333333333333329  149
20  94.666666666666671  161
0  52.333333333333336  598
1  80.666666666666671  440
2  77.333333333333329  613
3  95.333333333333329  323
4  80.666666666666671  492
5  50.333333333333336  655
6  81.333333333333329  265
7  76.333333333333329  486
8  85.333333333333329  398
9  81.0  315
10  80.666666666666671  270
11  85.333333333333329  213
12  87.666666666666671  149
13  81.333333333333329  227
14  88.0  226
15  92.666666666666671  167
16  93.666666666666671  174
17  78.333333333333329  316
18  76.333333333333329  318
19  84.0  163
20  82.666666666666671  417
0  79.0  520
1  50.0  671
2  82.666666666666671  348
3  71.666666666666671  429
4  72.666666666666671  355
5  79.0  337
6  70.0  417
7  69.333333333333329  355
8  73.333333333333329  256
9  73.333333333333329  485
10  81.333333333333329  242
11  66.0  480
12  95.666666666666671  59
13  69.0  266
14  81.0  343
15  91.666666666666671  121
16  93.0  200
17  57.666666666666664  665
18  88.0  305
19  89.666666666666671  154
20  88.0  63
0  72.666666666666671  609
1  83.333333333333329  536
2  82.0  580
3  75.0  554
4  80.333333333333329  402
5  74.666666666666671  399
6  68.666666666666671  286
7  82.666666666666671  379
8  72.666666666666671  318
9  78.0  389
10  68.666666666666671  292
11  82.0  207
12  72.333333333333329  405
13  86.666666666666671  226
14  94.0  143
15  74.666666666666671  360
16  91.0  190
17  88.666666666666671  82
18  85.333333333333329  289
19  92.333333333333329  207
20  97.666666666666671  65
0  62.333333333333336  605
1  58.666666666666664  709
2  95.333333333333329  289
3  69.666666666666671  442
4  88.666666666666671  381
5  87.333333333333329  359
6  79.333333333333329  532
7  96.0  170
8  78.0  353
9  89.333333333333329  212
10  73.333333333333329  249
11  65.333333333333329  231
12  75.666666666666671  303
13  92.333333333333329  189
14  42.333333333333336  289
15  75.0  174
16  81.666666666666671  230
17  97.666666666666671  140
18  97.0  104
19  88.333333333333329  240
20  87.0  263
0  71.333333333333329  568
1  66.0  614
2  87.0  461
3  69.0  511
4  91.666666666666671  375
5  68.0  481
6  90.0  302
7  80.0  373
8  77.0  334
9  51.0  518
10  85.666666666666671  318
11  75.0  251
12  85.666666666666671  155
13  92.666666666666671  123
14  95.333333333333329  141
15  89.666666666666671  274
16  87.666666666666671  235
17  56.0  241
18  76.333333333333329  453
19  85.0  339
20  92.0  157
0  84.0  490
1  78.666666666666671  615
2  95.666666666666671  295
3  81.666666666666671  452
4  77.333333333333329  614
5  88.333333333333329  340
6  85.0  282
7  76.666666666666671  396
8  85.333333333333329  344
9  93.0  227
10  83.666666666666671  287
11  77.666666666666671  143
12  77.666666666666671  272
13  76.666666666666671  404
14  90.666666666666671  271
15  93.333333333333329  199
16  76.0  286
17  80.333333333333329  241
18  85.333333333333329  196
19  85.666666666666671  265
20  74.666666666666671  223
0  66.0  652
1  85.666666666666671  380
2  81.333333333333329  427
3  95.0  266
4  64.0  619
5  76.333333333333329  449
6  73.0  343
7  92.0  336
8  87.333333333333329  276
9  89.666666666666671  212
10  85.333333333333329  329
11  90.666666666666671  278
12  69.0  442
13  87.666666666666671  101
14  84.0  284
15  89.0  148
16  91.333333333333329  178
17  89.333333333333329  251
18  88.333333333333329  246
19  89.666666666666671  138
20  81.0  244
0  80.0  518
1  56.666666666666664  722
2  81.333333333333329  364
3  62.333333333333336  658
4  73.333333333333329  487
5  78.666666666666671  464
6  77.0  369
7  41.0  702
8  63.666666666666664  630
9  85.333333333333329  306
10  78.666666666666671  550
11  93.333333333333329  233
12  79.666666666666671  316
13  93.333333333333329  172
14  79.333333333333329  276
15  80.0  382
16  67.666666666666671  435
17  77.333333333333329  184
18  89.666666666666671  111
19  94.666666666666671  128
20  94.666666666666671  57
0  76.666666666666671  529
1  74.666666666666671  632
2  69.666666666666671  416
3  90.333333333333329  367
4  93.0  171
5  70.666666666666671  498
6  89.0  352
7  80.666666666666671  308
8  83.333333333333329  550
9  76.333333333333329  451
10  78.333333333333329  368
11  82.333333333333329  304
12  77.666666666666671  320
13  82.333333333333329  292
14  81.666666666666671  337
15  91.333333333333329  216
16  83.333333333333329  257
17  88.666666666666671  190
18  92.666666666666671  157
19  83.666666666666671  278
20  87.666666666666671  302
0  70.666666666666671  550
1  88.333333333333329  416
2  53.333333333333336  624
3  71.333333333333329  513
4  78.0  359
5  73.0  455
6  78.0  342
7  84.666666666666671  397
8  90.0  208
9  86.666666666666671  320
10  92.0  157
11  83.0  341
12  85.333333333333329  332
13  96.666666666666671  73
14  85.0  308
15  97.0  120
16  86.333333333333329  217
17  91.0  107
18  90.333333333333329  171
19  98.0  74
20  81.333333333333329  281
0  64.0  542
1  66.666666666666671  646
2  71.333333333333329  513
3  79.666666666666671  451
4  63.666666666666664  503
5  77.333333333333329  317
6  61.666666666666664  465
7  96.333333333333329  207
8  85.0  358
9  57.333333333333336  338
10  86.666666666666671  286
11  85.333333333333329  270
12  78.0  430
13  72.333333333333329  340
14  95.333333333333329  147
15  65.666666666666671  249
16  77.666666666666671  314
17  82.333333333333329  277
18  92.333333333333329  174
19  87.333333333333329  228
20  82.333333333333329  341
0  56.666666666666664  669
1  79.0  554
2  79.666666666666671  437
3  82.0  335
4  83.333333333333329  312
5  83.666666666666671  296
6  74.0  428
7  68.666666666666671  354
8  73.0  409
9  80.0  384
10  70.666666666666671  304
11  92.0  325
12  70.666666666666671  312
13  91.666666666666671  204
14  77.0  400
15  70.0  311
16  90.666666666666671  164
17  95.666666666666671  122
18  89.333333333333329  187
19  82.333333333333329  270
20  90.666666666666671  209
0  63.666666666666664  854
1  64.333333333333329  614
2  68.0  463
3  74.666666666666671  431
4  93.333333333333329  270
5  94.666666666666671  294
6  96.0  237
7  85.666666666666671  162
8  70.333333333333329  621
9  80.0  325
10  83.0  380
11  70.666666666666671  354
12  77.666666666666671  293
13  82.333333333333329  287
14  88.0  153
15  65.333333333333329  393
16  77.333333333333329  210
17  96.0  89
18  98.0  26
19  88.333333333333329  270
20  87.0  261
0  84.0  496
1  60.666666666666664  616
2  88.0  489
3  69.666666666666671  474
4  91.0  331
5  65.666666666666671  436
6  80.333333333333329  484
7  69.666666666666671  406
8  88.333333333333329  346
9  78.666666666666671  334
10  72.0  328
11  74.666666666666671  418
12  81.666666666666671  433
13  72.666666666666671  539
14  88.0  228
15  78.333333333333329  296
16  88.0  144
17  92.0  191
18  91.333333333333329  192
19  77.333333333333329  135
20  95.0  137
0  74.0  654
1  75.666666666666671  653
2  79.0  522
3  65.666666666666671  528
4  70.666666666666671  511
5  75.0  569
6  66.0  528
7  64.666666666666671  308
8  87.333333333333329  300
9  78.333333333333329  280
10  84.333333333333329  198
11  88.0  159
12  92.333333333333329  199
13  77.666666666666671  328
14  88.0  183
15  90.333333333333329  275
16  92.0  266
17  95.666666666666671  91
18  84.0  131
19  83.0  321
20  83.333333333333329  171
0  55.0  845
1  59.333333333333336  552
2  65.333333333333329  339
3  66.0  617
4  66.333333333333329  420
5  68.333333333333329  558
6  93.0  227
7  79.666666666666671  416
8  85.666666666666671  350
9  88.0  299
10  88.666666666666671  246
11  96.666666666666671  107
12  70.0  426
13  88.0  230
14  83.666666666666671  304
15  91.333333333333329  270
16  83.333333333333329  335
17  90.0  225
18  88.666666666666671  227
19  94.333333333333329  157
20  95.333333333333329  60
0  61.333333333333336  720
1  76.333333333333329  527
2  56.666666666666664  544
3  66.333333333333329  432
4  61.0  587
5  81.333333333333329  354
6  53.333333333333336  632
7  92.333333333333329  234
8  75.333333333333329  342
9  89.0  297
10  87.0  178
11  82.0  237
12  96.666666666666671  137
13  90.0  311
14  67.333333333333329  310
15  85.666666666666671  280
16  82.333333333333329  291
17  86.0  237
18  87.333333333333329  245
19  92.0  125
20  94.0  96
0  58.0  719
1  55.666666666666664  643
2  77.0  540
3  88.666666666666671  312
4  66.666666666666671  415
5  82.333333333333329  378
6  72.333333333333329  495
7  79.333333333333329  508
8  80.0  216
9  72.333333333333329  385
10  70.0  318
11  74.666666666666671  359
12  85.0  283
13  85.666666666666671  405
14  89.0  184
15  84.666666666666671  304
16  96.0  154
17  75.0  241
18  89.0  262
19  85.666666666666671  250
20  79.0  298
0  65.666666666666671  687
1  73.333333333333329  742
2  61.333333333333336  414
3  62.333333333333336  431
4  86.666666666666671  301
5  62.0  605
6  74.0  503
7  83.666666666666671  351
8  71.0  347
9  96.333333333333329  42
10  75.333333333333329  443
11  88.333333333333329  315
12  87.666666666666671  333
13  88.0  172
14  89.333333333333329  204
15  83.333333333333329  295
16  96.666666666666671  103
17  79.333333333333329  540
18  74.666666666666671  409
19  83.0  205
20  96.0  72
0  79.0  689
1  77.666666666666671  508
2  70.666666666666671  708
3  75.0  452
4  86.0  470
5  91.666666666666671  235
6  84.666666666666671  357
7  86.0  224
8  85.0  435
9  83.333333333333329  259
10  97.333333333333329  82
11  72.333333333333329  409
12  75.0  447
13  89.333333333333329  259
14  85.666666666666671  173
15  86.0  233
16  90.0  274
17  93.666666666666671  211
18  96.666666666666671  100
19  71.0  381
20  83.333333333333329  162
0  84.333333333333329  568
1  87.333333333333329  430
2  82.333333333333329  412
3  78.666666666666671  586
4  62.333333333333336  451
5  92.333333333333329  293
6  87.333333333333329  417
7  64.333333333333329  481
8  80.666666666666671  414
9  91.666666666666671  326
10  83.666666666666671  293
11  95.0  209
12  86.0  102
13  80.0  313
14  82.333333333333329  368
15  73.0  268
16  97.666666666666671  128
17  80.0  270
18  90.666666666666671  261
19  78.666666666666671  325
20  95.666666666666671  105
0  73.666666666666671  599
1  84.0  549
2  77.666666666666671  488
3  78.0  467
4  81.333333333333329  491
5  93.333333333333329  217
6  38.666666666666664  444
7  90.666666666666671  336
8  51.0  673
9  87.666666666666671  210
10  93.333333333333329  212
11  70.0  335
12  84.666666666666671  287
13  79.666666666666671  304
14  94.0  221
15  87.0  257
16  83.333333333333329  261
17  93.333333333333329  107
18  78.666666666666671  233
19  97.666666666666671  96
20  94.666666666666671  163
0  88.333333333333329  498
1  54.333333333333336  514
2  49.666666666666664  516
3  86.0  462
4  87.666666666666671  378
5  86.333333333333329  320
6  81.666666666666671  412
7  85.666666666666671  439
8  78.0  261
9  60.666666666666664  515
10  91.333333333333329  175
11  71.666666666666671  261
12  85.0  281
13  89.666666666666671  270
14  90.0  262
15  71.333333333333329  280
16  91.0  174
17  93.0  296
18  73.0  160
19  81.333333333333329  140
20  91.666666666666671  187
0  73.666666666666671  641
1  67.0  567
2  84.333333333333329  578
3  49.666666666666664  559
4  91.0  278
5  90.666666666666671  293
6  62.666666666666664  566
7  82.666666666666671  318
8  79.0  349
9  63.666666666666664  406
10  71.0  421
11  84.0  310
12  87.0  162
13  86.333333333333329  308
14  78.333333333333329  195
15  75.333333333333329  247
16  89.333333333333329  231
17  85.666666666666671  148
18  91.666666666666671  169
19  81.0  228
20  84.0  304
0  66.666666666666671  609
1  73.666666666666671  671
2  63.666666666666664  479
3  77.0  601
4  83.666666666666671  278
5  80.0  408
6  75.666666666666671  590
7  86.0  232
8  75.333333333333329  282
9  77.666666666666671  370
10  77.333333333333329  395
11  73.0  242
12  82.666666666666671  350
13  88.666666666666671  272
14  89.0  253
15  81.0  379
16  79.333333333333329  248
17  94.0  168
18  66.333333333333329  204
19  96.666666666666671  81
20  85.0  358
0  52.333333333333336  729
1  61.666666666666664  600
2  75.0  521
3  83.333333333333329  426
4  77.0  289
5  79.0  267
6  68.333333333333329  260
7  78.0  402
8  77.666666666666671  427
9  81.666666666666671  297
10  80.0  323
11  82.666666666666671  226
12  87.666666666666671  210
13  76.666666666666671  449
14  95.333333333333329  91
15  93.666666666666671  111
16  90.0  265
17  89.333333333333329  298
18  96.333333333333329  107
19  98.0  82
20  90.0  184
0  66.333333333333329  540
1  58.0  464
2  56.666666666666664  485
3  55.0  463
4  69.666666666666671  555
5  71.333333333333329  563
6  74.666666666666671  367
7  79.333333333333329  414
8  77.333333333333329  378
9  91.0  194
10  74.0  156
11  82.0  259
12  73.666666666666671  524
13  83.333333333333329  262
14  58.666666666666664  509
15  91.333333333333329  277
16  91.0  120
17  85.0  432
18  84.0  205
19  83.333333333333329  245
20  74.666666666666671  396
0  77.0  539
1  68.666666666666671  641
2  84.333333333333329  323
3  87.333333333333329  425
4  81.333333333333329  529
5  82.666666666666671  458
6  84.0  328
7  80.333333333333329  377
8  82.333333333333329  219
9  71.333333333333329  575
10  89.0  220
11  87.333333333333329  306
12  75.333333333333329  285
13  77.0  291
14  88.666666666666671  299
15  75.666666666666671  225
16  89.666666666666671  192
17  81.333333333333329  272
18  97.0  65
19  98.0  56
20  92.666666666666671  175
0  83.666666666666671  537
1  88.0  341
2  59.333333333333336  663
3  82.333333333333329  458
4  75.333333333333329  476
5  82.0  495
6  69.333333333333329  513
7  79.0  485
8  84.666666666666671  315
9  88.0  287
10  78.0  416
11  77.333333333333329  489
12  94.0  160
13  84.0  264
14  83.0  205
15  87.666666666666671  198
16  88.0  208
17  85.0  209
18  84.333333333333329  285
19  84.0  116
20  95.333333333333329  125
0  80.666666666666671  510
1  58.0  484
2  55.0  529
3  58.0  510
4  83.0  375
5  60.0  581
6  76.333333333333329  554
7  87.333333333333329  227
8  88.0  286
9  75.333333333333329  354
10  82.666666666666671  293
11  92.666666666666671  223
12  67.0  441
13  65.333333333333329  465
14  90.333333333333329  219
15  82.0  306
16  79.666666666666671  208
17  97.666666666666671  113
18  93.0  174
19  79.666666666666671  330
20  91.0  136
0  84.666666666666671  514
1  82.333333333333329  474
2  83.666666666666671  550
3  94.333333333333329  258
4  69.333333333333329  673
5  92.333333333333329  249
6  65.0  677
7  65.333333333333329  357
8  71.666666666666671  389
9  93.333333333333329  271
10  81.0  236
11  89.666666666666671  235
12  88.0  195
13  88.666666666666671  211
14  77.333333333333329  209
15  86.0  255
16  83.0  424
17  96.666666666666671  64
18  85.333333333333329  237
19  79.666666666666671  158
20  82.666666666666671  190
0  71.333333333333329  543
1  75.0  615
2  67.666666666666671  563
3  79.0  451
4  70.666666666666671  524
5  87.666666666666671  447
6  75.0  357
7  73.0  560
8  69.333333333333329  413
9  89.666666666666671  305
10  64.0  593
11  76.666666666666671  260
12  82.666666666666671  294
13  72.0  338
14  67.0  236
15  82.666666666666671  344
16  91.333333333333329  183
17  87.333333333333329  225
18  82.666666666666671  235
19  67.666666666666671  342
20  86.0  199
0  54.666666666666664  952
1  76.666666666666671  407
2  86.666666666666671  386
3  77.333333333333329  527
4  68.333333333333329  456
5  85.0  343
6  92.333333333333329  254
7  90.666666666666671  312
8  91.666666666666671  314
9  87.666666666666671  249
10  78.0  484
11  83.666666666666671  213
12  83.0  303
13  78.0  335
14  85.666666666666671  292
15  79.666666666666671  256
16  77.0  238
17  81.333333333333329  278
18  86.0  208
19  86.666666666666671  198
20  94.333333333333329  109
0  76.666666666666671  471
1  80.666666666666671  580
2  81.333333333333329  396
3  84.333333333333329  384
4  85.333333333333329  359
5  73.333333333333329  577
6  75.0  307
7  77.333333333333329  401
8  89.333333333333329  256
9  87.0  230
10  90.666666666666671  267
11  74.0  633
12  87.666666666666671  216
13  82.666666666666671  327
14  85.333333333333329  317
15  69.0  474
16  78.0  258
17  91.333333333333329  186
18  93.333333333333329  163
19  86.666666666666671  220
20  76.333333333333329  325
0  63.0  679
1  62.666666666666664  584
2  73.666666666666671  524
3  78.333333333333329  560
4  67.0  570
5  86.333333333333329  365
6  65.0  592
7  65.0  528
8  74.0  316
9  97.333333333333329  155
10  65.333333333333329  488
11  97.666666666666671  130
12  96.333333333333329  82
13  93.666666666666671  143
14  79.0  185
15  84.333333333333329  351
16  88.666666666666671  374
17  81.0  246
18  94.333333333333329  126
19  78.0  158
20  93.333333333333329  66
