1  57.0  482
2  48.0  382
3  36.0  315
4  14.0  287
5  45.0  321
1  23.0  395
2  49.0  347
3  6.0  422
4  37.0  366
5  38.0  306
1  50.0  419
2  49.0  331
3  44.0  480
4  17.0  206
5  24.0  356
1  42.0  451
2  40.0  325
3  61.0  283
4  48.0  291
5  49.0  296
1  39.0  499
2  41.0  481
3  42.0  408
4  21.0  247
5  17.0  234
1  54.0  444
2  28.0  297
3  53.0  223
4  23.0  267
5  28.0  326
1  50.0  445
2  41.0  402
3  44.0  408
4  28.0  247
5  16.0  288
1  36.0  401
2  38.0  339
3  7.0  171
4  32.0  354
5  18.0  260
1  42.0  443
2  51.0  414
3  62.0  363
4  45.0  273
5  29.0  279
1  41.0  246
2  30.0  276
3  46.0  310
4  54.0  299
5  8.0  222
1  26.0  477
2  61.0  344
3  7.0  309
4  16.0  215
5  57.0  347
1  51.0  314
2  56.0  351
3  48.0  403
4  40.0  288
5  43.0  289
1  44.0  388
2  34.0  336
3  47.0  248
4  34.0  245
5  10.0  338
1  64.0  198
2  47.0  365
3  54.0  549
4  39.0  287
5  56.0  304
1  32.0  440
2  60.0  421
3  32.0  347
4  16.0  142
5  14.0  310
1  57.0  417
2  68.0  367
3  26.0  340
4  42.0  233
5  22.0  303
1  49.0  397
2  56.0  365
3  23.0  353
4  59.0  197
5  13.0  188
1  67.0  380
2  67.0  248
3  44.0  301
4  18.0  291
5  12.0  175
1  6.0  651
2  26.0  163
3  31.0  361
4  38.0  337
5  11.0  211
1  31.0  444
2  23.0  277
3  15.0  418
4  27.0  461
5  40.0  261
1  33.0  351
2  24.0  381
3  50.0  361
4  41.0  303
5  7.0  176
1  72.0  295
2  54.0  298
3  63.0  263
4  4.0  256
5  68.0  273
1  41.0  314
2  29.0  389
3  17.0  292
4  19.0  153
5  19.0  284
1  33.0  400
2  97.0  240
3  25.0  416
4  20.0  302
5  28.0  376
1  30.0  479
2  68.0  424
3  37.0  283
4  36.0  397
5  42.0  276
1  40.0  432
2  59.0  414
3  17.0  315
4  34.0  243
5  23.0  260
1  46.0  375
2  38.0  244
3  48.0  193
4  5.0  324
5  24.0  336
1  53.0  400
2  54.0  168
3  33.0  273
4  14.0  333
5  24.0  347
1  42.0  407
2  56.0  311
3  12.0  226
4  11.0  262
5  44.0  252
1  23.0  410
2  43.0  439
3  30.0  415
4  26.0  255
5  35.0  324
1  74.0  298
2  28.0  417
3  33.0  325
4  33.0  278
5  16.0  179
1  54.0  288
2  15.0  319
3  34.0  407
4  40.0  325
5  54.0  314
1  39.0  395
2  30.0  333
3  37.0  275
4  21.0  420
5  42.0  203
1  78.0  122
2  35.0  411
3  62.0  279
4  37.0  285
5  29.0  232
1  76.0  186
2  34.0  333
3  51.0  301
4  31.0  307
5  0.0  180
1  44.0  483
2  31.0  343
3  27.0  478
4  58.0  269
5  8.0  275
1  32.0  447
2  70.0  321
3  14.0  257
4  23.0  321
5  8.0  352
1  42.0  439
2  66.0  311
3  18.0  314
4  31.0  252
5  14.0  350
1  46.0  472
2  24.0  377
3  3.0  293
4  27.0  220
5  38.0  265
1  33.0  378
2  31.0  342
3  23.0  285
4  30.0  407
5  15.0  270
1  71.0  328
2  51.0  332
3  40.0  278
4  27.0  209
5  61.0  272
1  37.0  395
2  35.0  495
3  27.0  235
4  68.0  346
5  15.0  193
1  59.0  377
2  37.0  316
3  4.0  320
4  36.0  263
5  37.0  100
1  64.0  226
2  33.0  391
3  56.0  393
4  23.0  169
5  29.0  249
1  25.0  539
2  19.0  486
3  21.0  338
4  19.0  283
5  25.0  303
1  40.0  345
2  47.0  477
3  16.0  364
4  9.0  516
5  22.0  446
1  26.0  472
2  63.0  275
3  31.0  435
4  23.0  316
5  20.0  281
1  24.0  455
2  50.0  295
3  11.0  318
4  43.0  321
5  8.0  345
1  59.0  406
2  27.0  364
3  25.0  310
4  29.0  292
5  6.0  145
1  31.0  510
2  62.0  410
3  26.0  293
4  38.0  274
5  12.0  212
1  28.0  424
2  53.0  341
3  3.0  306
4  47.0  274
5  19.0  238
1  18.0  634
2  56.0  363
3  36.0  379
4  36.0  386
5  16.0  376
1  71.0  350
2  58.0  323
3  48.0  354
4  31.0  253
5  17.0  227
1  47.0  120
2  54.0  319
3  68.0  302
4  32.0  299
5  43.0  267
1  46.0  370
2  34.0  427
3  5.0  112
4  16.0  234
5  17.0  245
1  58.0  381
2  22.0  446
3  49.0  380
4  21.0  321
5  8.0  200
1  36.0  305
2  43.0  397
3  50.0  304
4  45.0  290
5  45.0  277
1  43.0  328
2  50.0  298
3  28.0  373
4  27.0  302
5  63.0  305
1  43.0  306
2  45.0  440
3  45.0  228
4  35.0  320
5  14.0  181
1  51.0  394
2  44.0  484
3  41.0  187
4  6.0  169
5  7.0  169
1  46.0  195
2  58.0  338
3  24.0  330
4  60.0  387
5  27.0  321
1  62.0  320
2  46.0  314
3  43.0  227
4  22.0  238
5  2.0  264
1  28.0  383
2  36.0  504
3  74.0  354
4  17.0  319
5  55.0  298
1  49.0  375
2  42.0  430
3  46.0  308
4  21.0  251
5  21.0  210
1  17.0  438
2  19.0  489
3  38.0  239
4  29.0  295
5  21.0  387
1  30.0  396
2  9.0  447
3  52.0  425
4  10.0  236
5  13.0  121
1  47.0  612
2  16.0  372
3  43.0  198
4  49.0  349
5  18.0  344
1  43.0  426
2  51.0  290
3  52.0  428
4  18.0  356
5  25.0  182
1  17.0  300
2  68.0  336
3  46.0  297
4  23.0  278
5  20.0  363
1  56.0  369
2  28.0  351
3  32.0  396
4  16.0  193
5  9.0  261
1  47.0  366
2  24.0  514
3  41.0  325
4  44.0  324
5  53.0  181
1  47.0  181
2  31.0  318
3  40.0  283
4  35.0  249
5  3.0  200
1  53.0  369
2  38.0  312
3  65.0  229
4  2.0  241
5  8.0  194
1  62.0  433
2  55.0  434
3  46.0  375
4  51.0  308
5  11.0  134
1  66.0  346
2  36.0  331
3  47.0  252
4  34.0  356
5  52.0  258
1  52.0  413
2  38.0  409
3  58.0  370
4  19.0  240
5  17.0  182
1  48.0  310
2  42.0  394
3  26.0  383
4  30.0  213
5  10.0  257
1  62.0  370
2  31.0  249
3  27.0  244
4  52.0  250
5  46.0  268
1  49.0  516
2  53.0  232
3  38.0  298
4  22.0  434
5  23.0  283
1  60.0  365
2  25.0  427
3  27.0  246
4  9.0  220
5  11.0  187
1  40.0  601
2  29.0  489
3  47.0  293
4  42.0  324
5  54.0  290
1  47.0  325
2  18.0  359
3  28.0  261
4  5.0  200
5  40.0  355
1  69.0  315
2  33.0  341
3  27.0  481
4  32.0  296
5  15.0  291
1  34.0  375
2  53.0  376
3  47.0  380
4  29.0  263
5  48.0  334
1  39.0  393
2  19.0  421
3  6.0  306
4  32.0  284
5  2.0  270
1  35.0  491
2  53.0  409
3  39.0  339
4  61.0  330
5  41.0  289
1  65.0  345
2  32.0  305
3  23.0  268
4  18.0  285
5  35.0  277
1  38.0  396
2  25.0  331
3  25.0  255
4  13.0  235
5  31.0  274
1  83.0  290
2  53.0  299
3  30.0  260
4  25.0  289
5  29.0  297
1  65.0  346
2  64.0  258
3  9.0  383
4  13.0  213
5  45.0  243
1  56.0  390
2  54.0  390
3  53.0  331
4  26.0  277
5  17.0  325
1  49.0  447
2  63.0  366
3  12.0  338
4  13.0  116
5  8.0  288
1  41.0  446
2  66.0  380
3  31.0  346
4  26.0  319
5  38.0  248
1  74.0  344
2  28.0  194
3  27.0  303
4  53.0  263
5  32.0  253
1  28.0  329
2  50.0  366
3  11.0  340
4  41.0  342
5  25.0  233
1  27.0  411
2  35.0  378
3  49.0  246
4  15.0  269
5  40.0  224
1  60.0  299
2  54.0  296
3  75.0  303
4  55.0  346
5  26.0  237
1  34.0  413
2  63.0  388
3  42.0  311
4  27.0  292
5  33.0  419
1  62.0  393
2  48.0  284
3  17.0  504
4  8.0  310
5  14.0  314
1  63.0  282
2  19.0  442
3  69.0  277
4  22.0  349
5  22.0  286
