1  94.0  40
2  59.5  480
3  66.0  393
4  70.5  702
5  56.799999999999997  1151
6  66.5  1311
7  59.0  1449
8  66.0  1309
9  55.444444444444443  1808
10  34.399999999999999  1897
1  63.0  225
2  81.0  340
3  66.666666666666671  680
4  64.25  728
5  63.600000000000001  1071
6  61.333333333333336  1281
7  49.142857142857146  1322
8  51.125  1621
9  45.666666666666664  2023
10  57.5  1989
1  89.0  225
2  78.5  334
3  81.333333333333329  491
4  78.5  752
5  73.799999999999997  998
6  71.0  1226
7  40.285714285714285  1702
8  61.875  1627
9  48.111111111111114  1920
10  48.5  1954
1  9.0  233
2  56.0  375
3  69.333333333333329  724
4  69.75  800
5  55.799999999999997  967
6  41.833333333333336  1268
7  53.428571428571431  1315
8  51.75  1411
9  46.444444444444443  1624
10  62.399999999999999  1974
1  72.0  229
2  85.0  166
3  74.0  574
4  69.25  788
5  62.600000000000001  908
6  51.166666666666664  1174
7  63.714285714285715  1252
8  53.5  1516
9  54.222222222222221  1530
10  55.5  1728
1  28.0  233
2  56.0  548
3  69.666666666666671  429
4  55.5  1093
5  66.599999999999994  732
6  70.833333333333329  1208
7  59.142857142857146  1722
8  53.125  1552
9  65.333333333333329  1887
10  50.399999999999999  2060
1  58.0  303
2  65.0  418
3  71.333333333333329  473
4  64.5  623
5  60.200000000000003  1013
6  47.833333333333336  1142
7  71.428571428571431  1539
8  62.5  1693
9  56.0  2033
10  59.700000000000003  2072
1  60.0  285
2  62.0  400
3  70.333333333333329  722
4  73.25  796
