2  65.5  609
4  50.25  1332
6  49.833333333333336  1477
8  52.625  2273
10  42.100000000000001  2281
12  43.25  3314
14  41.142857142857146  3365
16  42.5625  4194
18  34.444444444444443  4223
20  34.100000000000001  4165
2  43.0  1030
4  37.5  1376
6  49.5  1845
8  40.125  2200
10  41.700000000000003  2754
12  46.916666666666664  2906
14  45.285714285714285  3645
16  47.875  4110
18  38.888888888888886  4163
20  40.5  4343
2  35.0  808
4  56.75  1246
6  60.0  1870
8  52.75  2596
10  55.5  2396
12  42.416666666666664  3353
14  46.5  4158
16  53.1875  3798
18  46.555555555555557  3979
20  43.450000000000003  4750
2  55.5  661
4  34.75  1643
6  43.0  1841
8  46.625  1945
10  48.899999999999999  3082
12  42.333333333333336  3204
14  43.714285714285715  4011
16  46.8125  4005
18  37.722222222222221  3909
20  42.200000000000003  4620
2  68.0  626
4  51.75  1552
6  47.166666666666664  1882
8  45.125  2037
10  49.799999999999997  2836
12  38.833333333333336  3446
14  44.428571428571431  3474
16  43.875  3526
18  42.444444444444443  4179
20  35.450000000000003  4280
2  30.5  471
4  45.5  1253
6  51.166666666666664  1937
8  51.0  2229
10  55.399999999999999  2738
12  44.916666666666664  3179
14  49.0  3731
16  42.75  3839
18  49.777777777777779  4352
20  36.049999999999997  4433
2  58.5  706
4  49.25  1135
6  43.666666666666664  2021
8  51.625  2364
10  39.399999999999999  2785
12  45.083333333333336  3014
14  44.571428571428569  3874
16  50.8125  3727
18  42.333333333333336  3994
20  40.899999999999999  4086
2  40.0  685
4  49.25  1357
6  58.333333333333336  1937
8  42.375  2698
10  46.899999999999999  3000
12  47.5  3371
14  44.071428571428569  3568
16  39.6875  3755
18  47.833333333333336  3992
20  41.450000000000003  4489
2  35.5  715
4  58.75  1445
6  36.666666666666664  2278
8  47.375  2621
10  47.399999999999999  3157
12  40.083333333333336  3354
14  41.428571428571431  3251
16  47.25  3886
18  34.222222222222221  4696
20  46.100000000000001  4271
2  49.0  1000
4  38.25  1548
6  52.166666666666664  2057
8  34.75  2519
10  46.600000000000001  3095
12  43.0  3630
14  42.142857142857146  3619
16  40.6875  3879
18  38.055555555555557  4051
20  38.75  4094
2  68.0  517
4  47.25  1190
6  43.5  1751
8  38.375  2677
10  41.899999999999999  3619
12  46.5  3576
14  48.0  3534
16  44.5625  4110
18  44.0  4376
20  47.25  4358
2  37.0  831
4  48.25  1417
6  47.833333333333336  2119
8  56.0  2337
10  43.200000000000003  2763
12  43.666666666666664  3317
14  44.928571428571431  3499
16  38.9375  4374
18  38.722222222222221  4636
20  49.25  4623
2  47.5  689
4  52.5  1384
6  47.666666666666664  2107
8  43.0  2106
10  41.799999999999997  2536
12  34.75  2859
14  39.071428571428569  3139
16  49.5  3779
18  35.055555555555557  4118
20  38.100000000000001  4568
2  49.5  792
4  41.0  1435
6  38.0  1841
8  38.5  2423
10  41.700000000000003  2954
12  52.5  3106
14  45.142857142857146  3703
16  53.75  3627
18  39.611111111111114  3733
20  40.200000000000003  4246
2  47.5  584
4  21.75  1354
6  44.833333333333336  1863
8  45.625  2351
10  51.399999999999999  2785
12  39.25  2943
14  46.357142857142854  3759
16  44.4375  3697
18  45.333333333333336  4140
20  40.25  4724
2  62.5  756
4  48.5  1082
6  39.166666666666664  2020
8  47.875  2445
10  49.799999999999997  2934
12  46.083333333333336  3320
14  45.714285714285715  3709
16  41.5  4212
18  40.055555555555557  4499
20  39.950000000000003  4683
2  67.0  614
4  44.0  1390
6  47.666666666666664  1918
8  52.5  2246
10  46.100000000000001  2747
12  48.75  3637
14  41.5  3666
16  43.875  3568
18  46.444444444444443  4140
20  46.799999999999997  4610
2  65.0  830
4  46.75  1530
6  46.833333333333336  1870
8  49.0  2596
10  52.799999999999997  2871
12  38.5  3263
14  52.928571428571431  3829
16  36.375  4049
18  43.277777777777779  3784
20  39.25  4408
2  59.5  484
4  54.0  1039
6  33.666666666666664  1700
8  55.0  2479
10  47.100000000000001  2631
12  47.166666666666664  3244
14  42.928571428571431  3509
16  40.5625  4459
18  45.166666666666664  4580
20  35.950000000000003  4591
2  69.0  704
4  57.5  1144
6  47.166666666666664  2185
8  48.0  2403
10  48.899999999999999  3083
12  44.583333333333336  2876
14  44.857142857142854  4072
16  42.5625  3485
18  41.555555555555557  4296
20  44.149999999999999  4805
2  49.5  640
4  43.5  1525
6  40.666666666666664  1782
8  35.875  2163
10  48.799999999999997  2962
12  34.083333333333336  3166
14  45.0  3612
16  52.375  4297
18  32.222222222222221  5005
20  45.0  4422
2  38.0  1086
4  49.25  1418
6  47.666666666666664  1709
8  51.0  2167
10  38.899999999999999  2985
12  45.0  2971
14  34.214285714285715  3300
16  47.6875  3833
18  42.777777777777779  4132
20  42.049999999999997  3962
2  52.0  844
4  46.75  1169
6  42.666666666666664  1764
8  43.375  1975
10  46.0  3102
12  43.166666666666664  3001
14  45.142857142857146  3449
16  35.875  3830
18  42.055555555555557  4223
20  40.950000000000003  4659
2  57.5  758
4  50.25  1336
6  47.5  2114
8  32.625  2183
10  41.399999999999999  2616
12  34.166666666666664  2786
14  47.214285714285715  3370
16  45.875  3776
18  38.5  4252
20  45.100000000000001  4637
2  37.0  904
4  54.75  1379
6  53.333333333333336  1936
8  50.5  2517
10  44.5  2956
12  45.5  3124
14  39.571428571428569  3557
16  40.1875  4300
18  44.722222222222221  4755
20  47.0  4702
2  66.0  743
4  59.5  1166
6  49.833333333333336  2071
8  50.5  2326
10  48.600000000000001  2819
12  53.833333333333336  3169
14  44.0  3427
16  41.5625  4029
18  38.111111111111114  3927
20  42.299999999999997  4477
2  39.0  919
4  48.25  1258
6  46.333333333333336  1962
8  41.75  2100
10  38.5  2557
12  51.75  3266
14  51.285714285714285  3801
16  42.0625  3828
18  45.666666666666664  4075
20  42.25  4156
2  45.5  961
4  52.25  1294
6  46.833333333333336  1995
8  39.875  2611
10  50.600000000000001  2707
12  31.166666666666668  3439
14  43.285714285714285  3278
16  41.0625  4097
18  40.555555555555557  4326
20  45.399999999999999  4484
2  37.5  688
4  62.25  1118
6  51.833333333333336  1776
8  53.625  2520
10  40.5  2657
12  38.833333333333336  3549
14  41.785714285714285  3317
16  39.75  3924
18  39.555555555555557  4185
20  39.799999999999997  4134
2  61.0  788
4  45.0  1259
6  61.333333333333336  2057
8  46.5  2503
10  39.200000000000003  2883
12  52.416666666666664  3220
14  41.285714285714285  3722
16  40.25  3623
18  50.5  4300
20  37.75  4216
2  50.5  886
4  49.75  1217
6  55.333333333333336  1566
8  41.0  2606
10  46.0  2951
12  50.666666666666664  3409
14  41.571428571428569  3626
16  42.8125  4096
18  40.222222222222221  3888
20  42.350000000000001  4226
2  48.5  717
4  48.25  1488
6  41.5  1798
8  59.125  2579
10  40.100000000000001  2827
12  52.583333333333336  3173
14  48.714285714285715  3346
16  37.5625  3724
18  46.277777777777779  4104
20  33.649999999999999  4222
2  59.0  839
4  66.75  1283
6  56.833333333333336  2056
8  48.0  2558
10  45.5  2631
12  34.5  3256
14  39.785714285714285  3661
16  55.0625  4107
18  43.222222222222221  3817
20  42.549999999999997  3777
2  48.5  805
4  56.5  1491
6  49.0  1640
8  47.875  2301
10  54.5  2751
12  54.5  3457
14  55.785714285714285  3608
16  43.4375  3999
18  41.111111111111114  3973
20  35.350000000000001  4488
2  38.5  674
4  51.75  1326
6  51.166666666666664  1782
8  51.875  2069
10  37.5  2483
12  30.916666666666668  3254
14  36.928571428571431  3791
16  41.5625  4199
18  42.888888888888886  3883
20  41.100000000000001  4321
2  55.0  489
4  46.75  1449
6  51.166666666666664  2239
8  51.25  2659
10  44.200000000000003  2984
12  55.916666666666664  3253
14  44.571428571428569  3465
16  42.3125  3719
18  40.444444444444443  3836
20  42.299999999999997  4505
2  30.0  922
4  47.75  1307
6  46.5  2019
8  58.75  2402
10  46.899999999999999  2828
12  49.25  3565
14  45.571428571428569  3966
16  41.625  4013
18  49.388888888888886  4228
20  38.850000000000001  4474
2  73.0  595
4  55.5  1478
6  41.5  2193
8  49.5  2520
10  39.399999999999999  2718
12  40.666666666666664  3034
14  42.642857142857146  3559
16  39.5625  3599
18  39.055555555555557  3918
20  39.75  4582
2  56.5  758
4  52.25  1292
6  63.5  1700
8  52.375  2341
10  52.0  3102
12  50.833333333333336  3113
14  44.0  3634
16  37.8125  3844
18  43.166666666666664  3928
20  39.049999999999997  4932
2  45.0  879
4  38.25  1259
6  66.666666666666671  1620
8  56.75  2566
10  39.799999999999997  2935
12  45.916666666666664  3111
14  36.071428571428569  3844
16  41.4375  3929
18  40.611111111111114  4070
20  39.600000000000001  4947
2  46.5  674
4  94.75  735
6  48.0  1755
8  50.25  2419
10  49.700000000000003  2715
12  43.0  3268
14  45.285714285714285  3769
16  45.6875  3763
18  36.555555555555557  4357
20  42.850000000000001  4503
2  60.5  724
4  52.75  1532
6  50.5  1864
8  49.75  2285
10  41.799999999999997  2924
12  43.916666666666664  3259
14  36.785714285714285  3807
16  47.5  3648
18  44.166666666666664  4326
20  46.149999999999999  4108
2  37.5  863
4  58.5  1128
6  51.666666666666664  1950
8  47.625  2454
10  41.700000000000003  2498
12  38.5  3222
14  35.285714285714285  3496
16  39.625  4053
18  29.833333333333332  4178
20  39.700000000000003  3987
2  41.5  777
4  38.5  1269
6  53.833333333333336  2055
8  55.5  1983
10  46.0  3204
12  45.25  3096
14  46.142857142857146  3539
16  40.25  3654
18  46.222222222222221  3673
20  43.0  4211
2  33.0  1093
4  46.25  1308
6  55.0  1699
8  42.75  2274
10  46.700000000000003  3174
12  40.166666666666664  3646
14  47.571428571428569  3400
16  40.875  3722
18  45.222222222222221  4417
20  40.149999999999999  4359
2  33.0  595
4  56.75  1410
6  55.666666666666664  1698
8  47.25  2216
10  51.899999999999999  3071
12  49.166666666666664  3431
14  43.0  3912
16  48.0625  4337
18  41.333333333333336  4389
20  43.75  4891
2  46.0  745
4  61.75  1350
6  35.0  1694
8  50.75  2470
10  37.100000000000001  2751
12  45.083333333333336  3102
14  50.714285714285715  3546
16  42.3125  4033
18  44.777777777777779  4353
20  37.75  3943
2  39.5  932
4  35.0  1203
6  52.0  1712
8  45.375  2326
10  42.399999999999999  2912
12  42.0  2940
14  37.857142857142854  3545
16  41.4375  3731
18  43.555555555555557  3403
20  43.700000000000003  4444
2  49.5  770
4  31.25  1362
6  49.0  1714
8  39.875  2181
10  54.799999999999997  2691
12  44.416666666666664  3079
14  53.5  3301
16  41.25  4334
18  44.055555555555557  4143
20  44.850000000000001  4196
2  51.0  916
4  47.75  1283
6  45.5  1880
8  56.125  2370
10  49.0  2889
12  40.583333333333336  3211
14  45.428571428571431  3666
16  40.1875  3651
18  39.111111111111114  4127
20  41.350000000000001  4039
