40  11.199999999999999  1808
60  27.899999999999999  2419
80  24.800000000000001  2677
100  43.399999999999999  2879
120  50.299999999999997  3194
140  52.700000000000003  3241
160  69.799999999999997  3093
180  74.400000000000006  2875
200  80.0  2769
40  15.699999999999999  1674
60  26.5  2497
80  31.699999999999999  2394
100  33.299999999999997  3067
120  55.799999999999997  2835
140  65.900000000000006  2797
160  63.600000000000001  2642
180  59.700000000000003  3093
200  77.900000000000006  2840
40  12.199999999999999  1687
60  25.600000000000001  2351
80  28.100000000000001  2810
100  33.399999999999999  2862
120  52.799999999999997  3345
140  53.700000000000003  3037
160  63.0  2631
180  73.599999999999994  2834
200  69.400000000000006  2994
40  10.5  1739
60  21.800000000000001  2214
80  36.5  2675
100  40.0  2916
120  43.0  3164
140  50.799999999999997  3586
160  65.400000000000006  3203
180  64.900000000000006  3051
200  70.599999999999994  3002
40  12.9  1863
60  24.600000000000001  2237
80  37.399999999999999  2654
100  48.600000000000001  2976
120  53.799999999999997  2971
140  59.100000000000001  3179
160  63.100000000000001  3231
180  76.400000000000006  2907
200  76.400000000000006  2862
40  17.399999999999999  1503
60  26.5  2312
80  42.399999999999999  2995
100  46.799999999999997  2783
120  51.100000000000001  3167
140  56.0  2841
160  71.099999999999994  3001
180  64.400000000000006  3260
200  73.5  3341
40  11.199999999999999  1883
60  22.100000000000001  2592
80  40.200000000000003  3078
100  46.299999999999997  2696
120  53.899999999999999  3156
140  57.5  3028
160  67.5  3002
180  68.0  3295
200  78.5  2761
40  12.6  2016
60  30.399999999999999  2291
80  38.600000000000001  2842
100  45.700000000000003  3102
120  53.5  2998
140  57.799999999999997  3074
160  67.0  2690
180  76.799999999999997  2538
200  65.599999999999994  3533
40  13.5  1772
60  26.800000000000001  1918
80  32.0  2783
100  47.5  2808
120  54.899999999999999  2838
140  59.0  3298
160  64.200000000000003  2846
180  73.599999999999994  2701
200  59.299999999999997  3003
40  15.5  1750
60  21.100000000000001  2192
80  29.5  2545
100  42.799999999999997  3028
120  43.0  2781
140  62.100000000000001  2888
160  65.299999999999997  2781
180  69.799999999999997  2719
200  75.599999999999994  2991
40  7.7000000000000002  1421
60  28.199999999999999  1884
80  37.700000000000003  2868
100  45.899999999999999  2539
120  54.200000000000003  3491
140  48.5  2680
160  55.399999999999999  3124
180  62.700000000000003  3114
200  60.899999999999999  3334
40  18.899999999999999  1548
60  32.299999999999997  2373
80  36.299999999999997  2623
100  47.5  3433
120  49.100000000000001  3070
140  61.200000000000003  2930
160  76.599999999999994  2672
180  67.099999999999994  2744
200  79.099999999999994  2682
40  13.300000000000001  1564
60  22.100000000000001  2286
80  32.0  3001
100  47.299999999999997  3048
120  55.399999999999999  3551
140  70.400000000000006  2965
160  65.400000000000006  2854
180  66.0  2740
200  74.099999999999994  2883
40  5.7000000000000002  1611
60  35.399999999999999  2535
80  71.5  1733
100  44.200000000000003  2868
120  53.0  3233
140  55.100000000000001  3261
160  66.299999999999997  3283
180  61.100000000000001  2952
200  74.200000000000003  2711
40  8.0  1603
60  27.5  2447
80  40.299999999999997  2640
100  34.5  2711
120  50.0  2882
140  55.799999999999997  3175
160  62.899999999999999  3096
180  66.900000000000006  3175
200  78.799999999999997  2877
40  19.0  1874
60  16.699999999999999  2206
80  32.899999999999999  2345
100  44.299999999999997  3053
120  50.5  3251
140  61.299999999999997  2629
160  62.200000000000003  3054
180  79.299999999999997  2708
200  67.700000000000003  3152
40  18.300000000000001  1755
60  21.399999999999999  2395
80  31.5  2945
100  41.600000000000001  2867
120  48.200000000000003  2594
140  60.0  2880
160  63.100000000000001  2902
180  63.700000000000003  2970
200  71.200000000000003  2942
40  16.5  1645
60  20.399999999999999  2369
80  32.200000000000003  2437
100  43.200000000000003  2853
120  52.600000000000001  3188
140  54.799999999999997  3017
160  71.599999999999994  2944
180  61.899999999999999  3050
200  75.200000000000003  2629
40  19.300000000000001  1750
60  28.699999999999999  2331
80  28.600000000000001  2679
100  57.100000000000001  3063
120  56.200000000000003  3170
140  56.299999999999997  3039
160  71.599999999999994  2818
180  68.599999999999994  2746
200  77.099999999999994  3036
40  15.5  1968
60  19.5  2087
80  30.300000000000001  2906
100  44.899999999999999  2573
120  53.299999999999997  3343
140  58.600000000000001  3101
160  64.400000000000006  2871
180  68.599999999999994  2599
200  51.299999999999997  3092
40  11.9  1628
60  32.700000000000003  2348
80  33.899999999999999  2698
100  44.600000000000001  3089
120  49.5  2881
140  60.0  2889
160  66.900000000000006  3012
180  59.200000000000003  3210
200  75.400000000000006  3002
40  11.300000000000001  1825
60  21.399999999999999  1869
80  32.700000000000003  2444
100  49.5  2796
120  44.899999999999999  2632
140  58.700000000000003  2911
160  64.700000000000003  2791
180  62.899999999999999  3008
200  72.900000000000006  3042
40  12.1  1893
60  21.5  2550
80  22.100000000000001  2567
100  41.5  2942
120  59.799999999999997  3343
140  56.200000000000003  3198
160  62.899999999999999  3270
180  64.400000000000006  3062
200  78.200000000000003  2522
40  16.199999999999999  1700
60  22.699999999999999  2509
80  44.600000000000001  2680
100  39.100000000000001  2953
120  52.0  2967
140  56.799999999999997  3132
160  62.700000000000003  3471
180  64.400000000000006  3290
200  79.700000000000003  2675
40  18.5  1976
60  20.899999999999999  2438
80  24.300000000000001  2507
100  43.799999999999997  3182
120  45.700000000000003  3132
140  62.100000000000001  3275
160  61.799999999999997  2910
180  61.899999999999999  2634
200  75.200000000000003  2980
40  11.699999999999999  1659
60  24.300000000000001  2085
80  35.399999999999999  2781
100  45.399999999999999  2825
120  46.600000000000001  3151
140  48.899999999999999  3310
160  60.799999999999997  3018
180  77.099999999999994  3037
200  64.900000000000006  2952
40  13.800000000000001  1783
60  16.100000000000001  1909
80  36.100000000000001  2765
100  48.5  2867
120  57.100000000000001  3068
140  60.899999999999999  2898
160  63.100000000000001  2973
180  60.799999999999997  3266
200  75.099999999999994  2653
40  12.4  1776
60  26.199999999999999  2209
80  25.800000000000001  2729
100  52.700000000000003  2988
120  55.100000000000001  2921
140  57.399999999999999  3494
160  70.099999999999994  3074
180  65.799999999999997  3004
200  72.5  2660
40  7.4000000000000004  1643
60  22.300000000000001  2151
80  37.100000000000001  2361
100  49.399999999999999  2815
120  36.5  3224
140  68.799999999999997  2749
160  63.600000000000001  3137
180  65.200000000000003  2619
200  71.099999999999994  2889
40  8.4000000000000004  1264
60  19.199999999999999  2258
80  24.600000000000001  2919
100  42.799999999999997  3045
120  43.200000000000003  2700
140  56.0  2960
160  67.799999999999997  2727
180  74.599999999999994  2650
200  69.5  2608
40  6.7999999999999998  1565
60  31.699999999999999  2448
80  33.299999999999997  2526
100  49.700000000000003  2862
120  47.700000000000003  3039
140  65.0  2864
160  50.5  3150
180  72.599999999999994  2931
200  69.5  2925
40  13.300000000000001  1678
60  28.199999999999999  2353
80  38.200000000000003  2520
100  37.5  2799
120  55.600000000000001  3114
140  55.799999999999997  2966
160  69.299999999999997  3296
180  71.900000000000006  2937
200  74.200000000000003  2935
40  11.300000000000001  1656
60  20.0  2359
80  37.299999999999997  2605
100  42.0  2756
120  46.799999999999997  2826
140  56.5  3135
160  64.400000000000006  3438
180  68.799999999999997  3055
200  65.5  3306
40  12.0  1614
60  21.399999999999999  1873
80  34.799999999999997  2753
100  45.0  3246
120  48.299999999999997  2982
140  57.299999999999997  3220
160  68.700000000000003  2989
180  59.700000000000003  3059
200  73.599999999999994  2925
40  5.2999999999999998  1737
60  16.699999999999999  2255
80  42.899999999999999  2836
100  34.600000000000001  2264
120  57.100000000000001  2851
140  60.600000000000001  2951
160  61.100000000000001  3860
180  58.700000000000003  3025
200  75.900000000000006  2776
40  10.4  1954
60  19.199999999999999  2136
80  28.800000000000001  2272
100  40.899999999999999  2751
120  50.799999999999997  2884
140  58.700000000000003  2977
160  66.900000000000006  2888
180  63.399999999999999  2961
200  75.799999999999997  2594
40  7.5  1950
60  20.600000000000001  2085
80  34.899999999999999  3098
100  54.100000000000001  2793
120  50.700000000000003  3253
140  51.799999999999997  2882
160  68.099999999999994  3008
180  70.099999999999994  2945
200  83.5  2632
40  15.699999999999999  1802
60  23.199999999999999  2109
80  36.0  2680
100  32.700000000000003  2779
120  56.899999999999999  2822
140  49.299999999999997  3431
160  61.100000000000001  2930
180  75.299999999999997  3062
200  70.099999999999994  2750
40  16.5  1834
60  20.100000000000001  2185
80  30.100000000000001  2884
100  56.200000000000003  2869
120  40.600000000000001  2962
140  63.799999999999997  3074
160  57.5  3067
180  63.700000000000003  2730
200  74.099999999999994  3042
40  9.6999999999999993  1711
60  23.399999999999999  2511
80  36.0  2800
100  39.0  2748
120  48.799999999999997  2773
140  71.799999999999997  2958
160  62.100000000000001  2769
180  61.399999999999999  3157
200  73.599999999999994  3062
40  17.199999999999999  1613
60  23.199999999999999  2385
80  35.700000000000003  2590
100  37.299999999999997  2774
120  46.0  3054
140  55.899999999999999  3032
160  63.5  2975
180  69.599999999999994  3048
200  72.799999999999997  3050
40  12.5  1694
60  19.5  2154
80  38.700000000000003  2600
100  42.299999999999997  2944
120  45.299999999999997  3010
140  58.0  3088
160  48.799999999999997  3416
180  60.600000000000001  3195
200  70.5  3131
40  9.3000000000000007  1765
60  20.5  2033
80  31.399999999999999  2838
100  51.0  3149
120  41.399999999999999  2984
140  53.799999999999997  2960
160  59.0  2654
180  71.799999999999997  3092
200  79.799999999999997  2812
40  14.6  1648
60  24.0  2162
80  24.899999999999999  2940
100  28.699999999999999  3340
120  38.600000000000001  3192
140  53.399999999999999  3106
160  63.100000000000001  2913
180  69.400000000000006  2520
200  62.100000000000001  3017
40  13.199999999999999  1557
60  30.300000000000001  2412
80  34.899999999999999  2705
100  42.700000000000003  2970
120  39.299999999999997  3959
140  67.799999999999997  3081
160  59.100000000000001  3513
180  64.200000000000003  2709
200  70.299999999999997  2792
40  10.9  1758
60  22.5  2271
80  34.899999999999999  2669
100  39.799999999999997  2847
120  44.100000000000001  3326
140  62.399999999999999  3107
160  70.400000000000006  2851
180  60.5  2713
200  67.099999999999994  3302
40  15.5  1689
60  23.899999999999999  2302
80  33.200000000000003  2976
100  39.600000000000001  2975
120  53.600000000000001  3258
140  59.100000000000001  2759
160  68.099999999999994  3178
180  64.0  2970
200  78.700000000000003  2843
40  10.5  1670
60  17.399999999999999  2394
80  31.199999999999999  2815
100  43.700000000000003  2951
120  45.299999999999997  3191
140  65.099999999999994  2802
160  76.200000000000003  3130
180  68.299999999999997  2750
200  71.900000000000006  3170
40  14.300000000000001  1604
60  25.899999999999999  2428
80  28.300000000000001  2373
100  47.299999999999997  2964
120  51.100000000000001  2874
140  60.0  2744
160  62.799999999999997  3311
180  68.799999999999997  2882
200  74.599999999999994  3078
40  13.4  1603
60  24.800000000000001  2334
80  34.100000000000001  2483
100  39.100000000000001  2608
120  51.700000000000003  3040
140  44.399999999999999  2599
160  57.799999999999997  2909
180  69.700000000000003  3009
200  65.0  3036
40  8.8000000000000007  1611
60  31.600000000000001  2428
80  35.5  2415
100  45.5  2965
120  50.899999999999999  3018
140  63.799999999999997  2741
160  53.200000000000003  2956
180  77.599999999999994  2969
200  72.799999999999997  2976
40  14.699999999999999  1691
60  26.899999999999999  2631
80  30.199999999999999  2455
100  41.600000000000001  2768
120  48.700000000000003  2254
140  63.100000000000001  2955
160  67.0  3008
180  63.899999999999999  3238
200  69.299999999999997  3235
40  21.600000000000001  1698
60  24.600000000000001  2134
80  26.300000000000001  2819
100  49.899999999999999  3338
120  53.0  3032
140  58.100000000000001  2988
160  60.5  3166
180  64.599999999999994  3386
200  78.299999999999997  2714
40  11.699999999999999  1571
60  24.699999999999999  2414
80  27.0  2828
100  43.600000000000001  3123
120  34.299999999999997  3032
140  52.5  3348
160  65.799999999999997  2681
180  64.799999999999997  3106
200  79.200000000000003  2681
40  14.1  1799
60  17.199999999999999  2169
80  36.799999999999997  2422
100  54.5  2732
120  47.5  3512
140  58.899999999999999  3383
160  74.0  2923
180  68.900000000000006  2758
200  58.899999999999999  3165
40  11.1  1782
60  22.100000000000001  2332
80  31.300000000000001  3072
100  47.700000000000003  2631
120  56.600000000000001  2904
140  53.100000000000001  3110
160  73.0  2937
180  65.799999999999997  3040
200  72.0  3007
40  16.399999999999999  2095
60  29.100000000000001  2404
80  40.5  2399
100  48.600000000000001  2397
120  47.399999999999999  2966
140  64.900000000000006  2808
160  63.200000000000003  2756
180  77.400000000000006  2945
200  81.900000000000006  2789
40  19.899999999999999  1727
60  22.300000000000001  2547
80  30.199999999999999  2420
100  42.600000000000001  2841
120  40.299999999999997  2894
140  58.299999999999997  2724
160  65.400000000000006  3195
180  60.5  2968
200  75.099999999999994  2959
40  10.5  1809
60  16.899999999999999  2470
80  35.799999999999997  2722
100  37.299999999999997  2983
120  62.899999999999999  3101
140  73.200000000000003  2746
160  66.099999999999994  3120
180  67.599999999999994  2853
200  75.5  3070
40  15.5  1647
60  27.5  2358
80  30.899999999999999  2824
100  52.399999999999999  2800
120  55.799999999999997  2836
140  49.299999999999997  2930
160  64.400000000000006  2809
180  70.0  2807
200  73.0  3088
40  9.5  1566
60  27.100000000000001  2436
80  34.200000000000003  2357
100  43.700000000000003  3030
120  48.5  3274
140  58.399999999999999  2663
160  65.299999999999997  3046
180  67.099999999999994  3088
200  82.099999999999994  2623
40  19.0  1794
60  30.199999999999999  2161
80  36.299999999999997  2495
100  48.399999999999999  2790
120  53.0  2997
140  62.200000000000003  2816
160  65.5  3633
180  57.399999999999999  3478
200  75.200000000000003  3269
40  9.6999999999999993  1588
60  10.699999999999999  1914
80  41.0  2829
100  45.0  3168
120  48.100000000000001  2591
140  54.5  3098
160  56.100000000000001  3022
180  65.299999999999997  2709
200  75.0  2633
40  13.1  1508
60  25.600000000000001  2225
80  29.399999999999999  2410
100  39.399999999999999  2740
120  48.600000000000001  2388
140  66.700000000000003  2924
160  63.799999999999997  3077
180  67.0  3396
200  78.599999999999994  2832
40  12.9  1627
60  24.300000000000001  2519
80  32.700000000000003  2739
100  33.100000000000001  2841
120  53.299999999999997  3163
140  56.0  3061
160  73.099999999999994  2929
180  70.400000000000006  3133
200  78.299999999999997  2917
40  14.300000000000001  1780
60  24.699999999999999  2249
80  40.299999999999997  2591
100  50.100000000000001  3010
120  49.100000000000001  2995
140  59.899999999999999  3039
160  64.700000000000003  3210
180  67.099999999999994  2635
200  82.400000000000006  2637
40  15.0  1820
60  27.0  2480
80  26.899999999999999  2482
100  40.700000000000003  3265
120  45.799999999999997  3195
140  58.100000000000001  2976
160  61.0  3043
180  63.299999999999997  2912
200  67.299999999999997  2911
40  9.0  1586
60  28.600000000000001  2173
80  30.800000000000001  2693
100  43.100000000000001  2835
120  49.0  2849
140  70.0  2779
160  73.5  2818
180  65.400000000000006  2969
200  76.799999999999997  2941
40  14.0  1977
60  27.0  2502
80  29.0  2786
100  44.600000000000001  2749
120  60.0  2829
140  55.200000000000003  3171
160  59.100000000000001  2960
180  77.200000000000003  2862
200  78.599999999999994  2591
40  11.9  1822
60  26.100000000000001  2447
80  35.700000000000003  2296
100  34.100000000000001  2780
120  58.299999999999997  3056
140  52.299999999999997  2601
160  68.599999999999994  2949
180  66.700000000000003  2982
200  74.299999999999997  2685
40  12.199999999999999  1939
60  21.699999999999999  2260
80  32.0  2815
100  54.5  2719
120  44.799999999999997  2844
140  62.799999999999997  3135
160  64.200000000000003  3158
180  68.099999999999994  3088
200  64.099999999999994  3169
40  10.6  1726
60  27.300000000000001  2278
80  25.600000000000001  2492
100  47.700000000000003  2923
120  53.5  2850
140  48.100000000000001  3079
160  67.799999999999997  3061
180  71.099999999999994  2743
200  71.299999999999997  3402
40  15.1  1889
60  18.600000000000001  2101
80  25.100000000000001  2801
100  60.700000000000003  2880
120  53.399999999999999  3080
140  70.5  3085
160  55.600000000000001  3065
180  64.299999999999997  3037
200  74.099999999999994  3098
40  9.9000000000000004  1432
60  31.699999999999999  2405
80  27.800000000000001  2621
100  43.399999999999999  2688
120  57.0  2889
140  56.600000000000001  3384
160  65.0  2982
180  63.200000000000003  3291
200  69.900000000000006  2564
40  13.4  1715
60  20.800000000000001  2040
80  31.800000000000001  2609
100  46.899999999999999  2892
120  48.100000000000001  3090
140  55.799999999999997  3260
160  63.600000000000001  3125
180  68.099999999999994  3015
200  73.099999999999994  2725
40  12.1  1878
60  24.600000000000001  2096
80  38.899999999999999  2578
100  51.0  2987
120  44.399999999999999  3075
140  55.600000000000001  3197
160  63.299999999999997  3035
180  78.400000000000006  2784
200  71.700000000000003  2843
40  16.5  1779
60  29.399999999999999  2415
80  29.100000000000001  2701
100  28.600000000000001  3122
120  37.0  3179
140  55.5  2578
160  66.099999999999994  3087
180  60.5  3028
200  69.200000000000003  2920
40  7.4000000000000004  1782
60  26.5  2281
80  38.100000000000001  2684
100  46.0  3006
120  49.299999999999997  2562
140  67.5  3011
160  76.5  2930
180  65.5  2553
200  71.099999999999994  2729
40  7.2000000000000002  1648
60  17.5  2382
80  28.199999999999999  2498
100  50.700000000000003  2914
120  43.299999999999997  3046
140  50.600000000000001  3221
160  64.700000000000003  3110
180  69.099999999999994  2626
200  77.700000000000003  2938
40  14.9  1847
60  25.199999999999999  2390
80  31.600000000000001  2743
100  39.799999999999997  2546
120  47.100000000000001  2913
140  68.400000000000006  2999
160  53.799999999999997  3015
180  64.299999999999997  3037
200  77.799999999999997  3189
40  13.6  1874
60  24.199999999999999  2149
80  29.300000000000001  2507
100  47.799999999999997  2900
120  55.299999999999997  2862
140  60.100000000000001  3524
160  61.5  3092
180  73.5  2737
200  63.600000000000001  2877
40  12.0  1382
60  17.699999999999999  2256
80  25.600000000000001  2526
100  40.399999999999999  3051
120  59.899999999999999  3156
140  53.0  2880
160  58.299999999999997  2992
180  76.200000000000003  2831
200  67.400000000000006  2830
40  14.6  1820
60  26.699999999999999  2210
80  27.600000000000001  2800
100  45.600000000000001  3120
120  47.100000000000001  3425
140  53.5  2753
160  68.099999999999994  2738
180  63.100000000000001  2679
200  69.5  3242
40  13.9  1852
60  30.0  2422
80  38.799999999999997  2767
100  52.899999999999999  3411
120  57.0  3219
140  61.5  3046
160  58.700000000000003  2960
180  63.299999999999997  3237
200  74.400000000000006  2939
40  10.9  1589
60  19.800000000000001  2230
80  30.199999999999999  2818
100  58.200000000000003  2670
120  38.200000000000003  2781
140  62.200000000000003  2929
160  53.399999999999999  2876
180  70.200000000000003  2932
200  81.099999999999994  2572
40  7.9000000000000004  1922
60  20.0  2618
80  31.199999999999999  2576
100  37.0  2781
120  53.0  2907
140  57.5  3040
160  62.899999999999999  3268
180  61.0  3345
200  65.400000000000006  3133
40  13.300000000000001  1618
60  23.300000000000001  2310
80  34.600000000000001  3069
100  41.899999999999999  2716
120  63.299999999999997  3002
140  53.299999999999997  2991
160  71.200000000000003  3037
180  68.900000000000006  3102
200  80.200000000000003  2796
40  11.0  1722
60  29.699999999999999  2446
80  32.899999999999999  2611
100  42.700000000000003  3200
120  48.299999999999997  2892
140  55.5  2718
160  63.0  2916
180  75.299999999999997  2668
200  74.700000000000003  2924
40  10.4  1634
60  24.399999999999999  2085
80  29.800000000000001  2430
100  58.299999999999997  2938
120  55.399999999999999  2736
140  59.600000000000001  3227
160  58.399999999999999  3321
180  63.899999999999999  3179
200  73.200000000000003  2795
40  13.6  1774
60  19.399999999999999  2165
80  24.699999999999999  2533
100  54.5  2841
120  60.799999999999997  2683
140  55.5  3402
160  61.100000000000001  2649
180  71.599999999999994  2634
200  72.299999999999997  2788
40  10.699999999999999  1658
60  21.600000000000001  2661
80  30.0  2755
100  52.899999999999999  3021
120  48.600000000000001  2755
140  52.5  2716
160  60.100000000000001  3706
180  70.400000000000006  2979
200  74.400000000000006  2738
40  14.699999999999999  1918
60  20.399999999999999  2349
80  29.199999999999999  2480
100  42.0  2969
120  46.700000000000003  3149
140  52.700000000000003  3074
160  69.0  2963
180  71.400000000000006  2976
200  75.299999999999997  3260
40  17.5  1985
60  27.600000000000001  2291
80  31.5  2325
100  43.399999999999999  2689
120  45.0  3006
140  52.200000000000003  3239
160  72.200000000000003  3021
180  61.0  3256
200  81.700000000000003  2686
40  8.0999999999999996  1504
60  20.0  2404
80  28.100000000000001  2842
100  45.600000000000001  2907
120  54.5  2744
140  57.700000000000003  2888
160  57.200000000000003  2546
180  69.799999999999997  2931
200  77.099999999999994  2755
40  11.1  1538
60  28.100000000000001  2180
80  18.399999999999999  2290
100  44.700000000000003  2855
120  49.700000000000003  3001
140  66.5  3057
160  74.400000000000006  2858
180  68.5  3097
200  71.0  3197
40  8.8000000000000007  1826
60  27.100000000000001  2251
80  41.5  2688
100  41.799999999999997  2533
120  49.100000000000001  2951
140  62.600000000000001  3326
160  63.0  3117
180  69.200000000000003  2848
200  81.700000000000003  2766
40  13.800000000000001  1620
60  32.399999999999999  2435
80  34.899999999999999  2537
100  44.299999999999997  2763
120  48.700000000000003  3145
140  46.5  3025
160  59.200000000000003  3854
180  66.700000000000003  2763
200  75.700000000000003  2848
40  9.1999999999999993  1772
60  16.899999999999999  2343
80  35.799999999999997  2392
100  43.5  2764
120  51.600000000000001  3139
140  50.700000000000003  3068
160  58.899999999999999  2930
180  71.200000000000003  3278
200  65.099999999999994  3124
40  15.300000000000001  1473
60  21.5  2286
80  37.200000000000003  2752
100  35.200000000000003  3206
120  39.100000000000001  3370
140  59.299999999999997  3431
160  66.099999999999994  2924
180  62.5  3397
200  71.099999999999994  3144
40  13.6  1874
60  13.4  2026
80  31.0  2819
100  44.5  3024
120  44.399999999999999  3377
140  60.0  2750
160  60.200000000000003  3148
180  71.700000000000003  2774
200  72.099999999999994  3309
