1  78.0  274
2  38.0  306
3  66.0  225
4  40.0  223
5  61.0  195
1  60.0  339
2  63.0  271
3  96.0  38
4  60.0  108
5  41.0  288
1  93.0  116
2  86.0  173
3  88.0  179
4  44.0  348
5  80.0  110
1  81.0  148
2  66.0  201
3  74.0  274
4  69.0  174
5  66.0  181
1  31.0  260
2  70.0  109
3  67.0  114
4  67.0  215
5  95.0  255
1  48.0  333
2  43.0  475
3  44.0  369
4  54.0  131
5  35.0  195
1  53.0  470
2  73.0  231
3  84.0  246
4  66.0  213
5  56.0  284
1  71.0  264
2  55.0  140
3  57.0  263
4  73.0  177
5  50.0  270
1  36.0  296
2  26.0  231
3  30.0  314
4  57.0  210
5  53.0  346
1  91.0  218
2  61.0  199
3  32.0  308
4  67.0  138
5  53.0  317
1  70.0  262
2  89.0  153
3  35.0  278
4  70.0  169
5  74.0  119
1  60.0  254
2  94.0  85
3  74.0  183
4  83.0  132
5  61.0  367
1  49.0  380
2  66.0  163
3  33.0  229
4  75.0  206
5  36.0  262
1  64.0  80
2  83.0  195
3  78.0  111
4  81.0  125
5  64.0  386
1  49.0  300
2  64.0  333
3  43.0  289
4  10.0  320
5  80.0  67
1  77.0  308
2  64.0  274
3  65.0  232
4  53.0  254
5  51.0  179
1  57.0  151
2  78.0  214
3  59.0  236
4  62.0  244
5  42.0  315
1  69.0  242
2  50.0  219
3  30.0  313
4  59.0  148
5  82.0  165
1  56.0  411
2  91.0  189
3  52.0  224
4  60.0  171
5  81.0  247
1  79.0  252
2  66.0  264
3  76.0  222
4  86.0  127
5  50.0  245
1  83.0  158
2  66.0  270
3  71.0  159
4  72.0  188
5  56.0  254
1  49.0  321
2  67.0  281
3  76.0  158
4  87.0  237
5  27.0  267
1  87.0  174
2  68.0  330
3  53.0  329
4  93.0  64
5  92.0  87
1  73.0  280
2  50.0  278
3  78.0  241
4  86.0  139
5  55.0  271
1  31.0  393
2  62.0  279
3  48.0  379
4  36.0  194
5  50.0  228
1  81.0  155
2  88.0  198
3  44.0  301
4  85.0  139
5  78.0  87
1  73.0  252
2  77.0  183
3  23.0  293
4  51.0  291
5  45.0  191
1  51.0  332
2  44.0  324
3  37.0  295
4  79.0  226
5  71.0  225
1  40.0  301
2  61.0  219
3  45.0  207
4  19.0  282
5  85.0  160
1  77.0  190
2  66.0  222
3  72.0  215
4  93.0  142
5  35.0  289
1  45.0  283
2  70.0  287
3  34.0  277
4  70.0  219
5  78.0  110
1  88.0  198
2  90.0  93
3  27.0  380
4  58.0  359
5  59.0  253
1  64.0  311
2  86.0  263
3  65.0  190
4  51.0  264
5  65.0  258
1  70.0  279
2  60.0  306
3  69.0  172
4  93.0  79
5  98.0  90
1  58.0  168
2  73.0  235
3  24.0  214
4  41.0  317
5  52.0  300
1  73.0  204
2  16.0  207
3  80.0  254
4  98.0  25
5  71.0  245
1  77.0  179
2  69.0  284
3  60.0  271
4  68.0  219
5  81.0  130
1  76.0  274
2  88.0  176
3  42.0  289
4  73.0  179
5  62.0  161
1  94.0  93
2  57.0  421
3  52.0  344
4  87.0  76
5  53.0  283
1  43.0  253
2  57.0  265
3  54.0  266
4  54.0  293
5  55.0  274
1  74.0  275
2  53.0  195
3  57.0  199
4  88.0  77
5  57.0  161
1  66.0  168
2  66.0  147
3  71.0  257
4  59.0  371
5  52.0  151
1  79.0  149
2  94.0  38
3  76.0  100
4  66.0  261
5  59.0  203
1  52.0  402
2  69.0  281
3  38.0  466
4  90.0  212
5  75.0  234
1  72.0  149
2  27.0  278
3  38.0  402
4  89.0  55
5  73.0  125
1  69.0  308
2  71.0  210
3  52.0  318
4  90.0  42
5  80.0  133
1  80.0  218
2  53.0  237
3  70.0  294
4  74.0  297
5  53.0  299
1  59.0  305
2  65.0  301
3  36.0  326
4  59.0  274
5  54.0  187
1  4.0  484
2  27.0  312
3  78.0  242
4  68.0  183
5  42.0  301
1  64.0  261
2  87.0  205
3  54.0  368
4  91.0  58
5  67.0  247
1  65.0  323
2  92.0  125
3  82.0  132
4  69.0  228
5  55.0  266
1  92.0  165
2  53.0  316
3  36.0  384
4  40.0  414
5  95.0  63
1  65.0  214
2  70.0  313
3  58.0  186
4  43.0  199
5  84.0  217
1  72.0  97
2  86.0  149
3  10.0  305
4  33.0  195
5  84.0  131
1  77.0  190
2  71.0  268
3  53.0  314
4  60.0  147
5  59.0  235
1  56.0  402
2  49.0  366
3  40.0  184
4  30.0  317
5  87.0  83
1  82.0  249
2  59.0  345
3  92.0  59
4  59.0  394
5  50.0  228
1  64.0  362
2  50.0  293
3  74.0  203
4  60.0  303
5  22.0  284
1  16.0  657
2  74.0  309
3  67.0  123
4  81.0  102
5  70.0  167
1  49.0  283
2  45.0  218
3  86.0  229
4  47.0  162
5  34.0  296
1  69.0  252
2  90.0  139
3  94.0  122
4  83.0  164
5  57.0  154
1  72.0  253
2  75.0  253
3  80.0  154
4  64.0  319
5  53.0  236
1  44.0  276
2  71.0  257
3  62.0  283
4  24.0  361
5  26.0  323
1  79.0  265
2  72.0  218
3  67.0  253
4  56.0  226
5  46.0  256
1  73.0  277
2  23.0  370
3  31.0  240
4  59.0  297
5  65.0  190
1  96.0  54
2  25.0  413
3  23.0  311
4  65.0  200
5  94.0  64
1  81.0  160
2  38.0  306
3  77.0  261
4  78.0  162
5  70.0  123
1  98.0  52
2  94.0  69
3  79.0  104
4  87.0  116
5  63.0  305
1  83.0  189
2  56.0  256
3  54.0  165
4  15.0  341
5  34.0  328
1  97.0  22
2  85.0  219
3  88.0  145
4  70.0  185
5  83.0  165
1  65.0  268
2  80.0  153
3  84.0  62
4  78.0  213
5  75.0  193
1  84.0  163
2  61.0  306
3  74.0  254
4  81.0  202
5  26.0  290
1  65.0  270
2  55.0  263
3  15.0  179
4  53.0  231
5  86.0  65
1  55.0  398
2  46.0  237
3  72.0  201
4  59.0  136
5  46.0  234
1  40.0  320
2  68.0  373
3  66.0  156
4  26.0  306
5  54.0  170
1  22.0  550
2  86.0  158
3  74.0  96
4  59.0  99
5  67.0  230
1  39.0  502
2  71.0  103
3  47.0  175
4  20.0  182
5  67.0  155
1  87.0  151
2  50.0  174
3  98.0  23
4  66.0  136
5  54.0  414
1  57.0  336
2  47.0  375
3  3.0  249
4  21.0  242
5  51.0  205
1  77.0  162
2  40.0  246
3  39.0  405
4  50.0  357
5  87.0  206
1  42.0  301
2  60.0  223
3  50.0  203
4  61.0  202
5  48.0  234
1  53.0  324
2  98.0  19
3  58.0  299
4  77.0  141
5  92.0  80
1  49.0  328
2  96.0  91
3  67.0  369
4  50.0  242
5  29.0  289
1  81.0  156
2  77.0  329
3  54.0  302
4  71.0  181
5  62.0  323
1  77.0  257
2  32.0  227
3  61.0  364
4  94.0  163
5  17.0  280
1  47.0  185
2  25.0  358
3  55.0  243
4  56.0  257
5  69.0  197
1  66.0  319
2  76.0  168
3  84.0  120
4  82.0  102
5  69.0  190
1  76.0  228
2  82.0  267
3  65.0  213
4  88.0  216
5  33.0  294
1  58.0  261
2  59.0  307
3  74.0  303
4  98.0  27
5  72.0  140
1  84.0  132
2  90.0  131
3  62.0  298
4  87.0  240
5  48.0  335
1  29.0  422
2  85.0  197
3  96.0  37
4  78.0  198
5  29.0  432
1  60.0  351
2  73.0  261
3  29.0  176
4  82.0  152
5  48.0  328
1  52.0  332
2  81.0  264
3  22.0  247
4  72.0  245
5  27.0  329
1  55.0  305
2  65.0  321
3  47.0  208
4  36.0  320
5  67.0  182
1  78.0  104
2  95.0  28
3  59.0  346
4  68.0  19
5  42.0  397
1  76.0  358
2  67.0  327
3  60.0  223
4  47.0  209
5  20.0  324
1  46.0  258
2  32.0  532
3  27.0  320
4  32.0  384
5  36.0  334
1  77.0  167
2  98.0  67
3  42.0  227
4  93.0  81
5  28.0  392
1  88.0  203
2  55.0  163
3  93.0  110
4  89.0  197
5  57.0  133
1  70.0  306
2  83.0  117
3  32.0  313
4  42.0  250
5  43.0  306
