1  42.0  168.0
1  48.0  493.0
1  86.0  72.0
1  56.0  331.0
1  100.0  4.0
1  75.0  197.0
1  90.0  158.0
1  85.0  97.0
1  87.0  87.0
1  51.0  331.0
1  100.0  200.0
1  39.0  302.0
1  77.0  47.0
1  67.0  232.0
1  98.0  108.0
1  98.0  69.0
1  98.0  103.0
1  53.0  272.0
1  0.0  67.0
1  54.0  362.0
1  75.0  131.0
1  69.0  227.0
1  84.0  131.0
1  55.0  306.0
1  81.0  255.0
1  70.0  171.0
1  71.0  307.0
1  68.0  215.0
1  78.0  175.0
1  77.0  55.0
1  96.0  119.0
1  58.0  366.0
1  84.0  127.0
1  0.0  361.0
1  93.0  48.0
1  45.0  267.0
1  84.0  128.0
1  68.0  411.0
1  100.0  25.0
1  89.0  145.0
1  85.0  207.0
1  95.0  56.0
1  65.0  358.0
1  62.0  323.0
1  82.0  179.0
1  97.0  57.0
1  52.0  253.0
1  62.0  165.0
1  97.0  29.0
1  46.0  236.0
1  90.0  162.0
1  0.0  804.0
1  88.0  91.0
1  33.0  415.0
1  13.0  251.0
1  99.0  104.0
1  90.0  80.0
1  53.0  402.0
1  65.0  423.0
1  100.0  100.0
1  58.0  171.0
1  71.0  258.0
1  91.0  132.0
1  49.0  212.0
1  83.0  145.0
1  100.0  23.0
1  75.0  233.0
1  79.0  131.0
1  100.0  98.0
1  64.0  113.0
1  73.0  244.0
1  76.0  212.0
1  79.0  225.0
1  83.0  93.0
1  92.0  121.0
1  81.0  266.0
1  93.0  57.0
1  97.0  145.0
1  58.0  326.0
1  84.0  216.0
1  89.0  152.0
1  51.0  361.0
1  49.0  332.0
1  90.0  102.0
1  86.0  176.0
1  100.0  11.0
1  93.0  42.0
1  84.0  167.0
1  100.0  5.0
1  95.0  80.0
1  95.0  62.0
1  69.0  342.0
1  72.0  319.0
1  89.0  58.0
1  92.0  158.0
1  86.0  175.0
1  67.0  203.0
1  93.0  60.0
1  46.0  162.0
1  26.0  387.0
2  92.0  63.0
2  61.0  446.0
2  79.0  290.0
2  84.0  177.0
2  89.0  262.0
2  65.0  159.0
2  17.0  239.0
2  16.0  142.0
2  74.0  210.0
2  28.0  262.0
2  39.0  238.0
2  65.0  161.0
2  66.0  178.0
2  83.0  57.0
2  100.0  29.0
2  67.0  283.0
2  46.0  406.0
2  73.0  241.0
2  100.0  0.0
2  68.0  293.0
2  85.0  212.0
2  100.0  166.0
2  63.0  373.0
2  50.0  303.0
2  53.0  222.0
2  100.0  62.0
2  100.0  117.0
2  100.0  9.0
2  66.0  290.0
2  50.0  221.0
2  0.0  603.0
2  96.0  78.0
2  0.0  8.0
2  88.0  53.0
2  62.0  279.0
2  100.0  51.0
2  86.0  122.0
2  46.0  449.0
2  47.0  251.0
2  62.0  310.0
2  28.0  232.0
2  45.0  267.0
2  79.0  111.0
2  74.0  209.0
2  79.0  146.0
2  100.0  11.0
2  81.0  229.0
2  58.0  294.0
2  58.0  162.0
2  61.0  151.0
2  61.0  277.0
2  0.0  98.0
2  75.0  150.0
2  87.0  200.0
2  98.0  46.0
2  66.0  294.0
2  98.0  87.0
2  78.0  179.0
2  0.0  287.0
2  78.0  172.0
2  82.0  121.0
2  86.0  217.0
2  96.0  65.0
2  53.0  368.0
2  15.0  155.0
2  74.0  199.0
2  79.0  177.0
2  55.0  217.0
2  85.0  133.0
2  98.0  25.0
2  73.0  331.0
2  86.0  89.0
2  90.0  147.0
2  79.0  365.0
2  97.0  42.0
2  100.0  41.0
2  6.0  29.0
2  42.0  352.0
2  88.0  218.0
2  54.0  270.0
2  77.0  223.0
2  79.0  200.0
2  80.0  125.0
2  97.0  104.0
2  93.0  86.0
2  85.0  99.0
2  90.0  67.0
2  83.0  110.0
2  74.0  282.0
2  57.0  183.0
2  100.0  38.0
2  32.0  409.0
2  78.0  204.0
2  79.0  170.0
2  92.0  7.0
2  82.0  159.0
2  69.0  279.0
2  76.0  169.0
2  56.0  320.0
2  70.0  320.0
3  78.0  148.0
3  74.0  258.0
3  94.0  54.0
3  88.0  315.0
3  79.0  97.0
3  53.0  158.0
3  59.0  238.0
3  69.0  158.0
3  92.0  263.0
3  100.0  71.0
3  30.0  356.0
3  55.0  166.0
3  84.0  73.0
3  8.0  478.0
3  46.0  217.0
3  70.0  193.0
3  0.0  281.0
3  98.0  24.0
3  21.0  223.0
3  48.0  199.0
3  60.0  259.0
3  100.0  104.0
3  97.0  36.0
3  51.0  313.0
3  100.0  105.0
3  55.0  189.0
3  58.0  362.0
3  44.0  248.0
3  29.0  288.0
3  80.0  66.0
3  70.0  122.0
3  87.0  226.0
3  89.0  59.0
3  38.0  289.0
3  32.0  353.0
3  88.0  100.0
3  94.0  152.0
3  98.0  34.0
3  75.0  141.0
3  58.0  119.0
3  87.0  96.0
3  19.0  305.0
3  54.0  315.0
3  42.0  227.0
3  38.0  326.0
3  46.0  368.0
3  90.0  152.0
3  34.0  239.0
3  25.0  325.0
3  34.0  285.0
3  48.0  187.0
3  81.0  260.0
3  52.0  246.0
3  39.0  238.0
3  68.0  225.0
3  81.0  124.0
3  58.0  187.0
3  92.0  127.0
3  55.0  435.0
3  68.0  90.0
3  96.0  72.0
3  88.0  93.0
3  32.0  208.0
3  91.0  126.0
3  55.0  254.0
3  96.0  250.0
3  48.0  229.0
3  58.0  297.0
3  92.0  62.0
3  83.0  110.0
3  84.0  87.0
3  94.0  39.0
3  58.0  295.0
3  9.0  530.0
3  34.0  244.0
3  67.0  230.0
3  50.0  254.0
3  66.0  89.0
3  98.0  13.0
3  64.0  321.0
3  74.0  200.0
3  71.0  343.0
3  42.0  244.0
3  62.0  209.0
3  62.0  266.0
3  0.0  234.0
3  81.0  101.0
3  71.0  282.0
3  7.0  267.0
3  62.0  122.0
3  56.0  288.0
3  89.0  81.0
3  82.0  229.0
3  92.0  133.0
3  68.0  178.0
3  0.0  500.0
3  94.0  89.0
3  80.0  158.0
3  74.0  164.0
3  44.0  256.0
4  62.0  245.0
4  31.0  365.0
4  68.0  221.0
4  99.0  20.0
4  74.0  94.0
4  44.0  191.0
4  85.0  89.0
4  95.0  226.0
4  76.0  101.0
4  100.0  24.0
4  100.0  30.0
4  25.0  196.0
4  36.0  305.0
4  97.0  36.0
4  3.0  373.0
4  68.0  54.0
4  95.0  48.0
4  71.0  312.0
4  48.0  184.0
4  0.0  532.0
4  100.0  109.0
4  64.0  202.0
4  64.0  240.0
4  36.0  210.0
4  68.0  167.0
4  100.0  108.0
4  76.0  126.0
4  77.0  102.0
4  36.0  281.0
4  55.0  256.0
4  71.0  148.0
4  13.0  317.0
4  98.0  19.0
4  45.0  95.0
4  53.0  169.0
4  23.0  343.0
4  100.0  12.0
4  64.0  181.0
4  74.0  174.0
4  71.0  249.0
4  49.0  271.0
4  41.0  271.0
4  29.0  221.0
4  97.0  11.0
4  44.0  249.0
4  59.0  303.0
4  82.0  83.0
4  100.0  3.0
4  46.0  203.0
4  62.0  143.0
4  63.0  166.0
4  98.0  32.0
4  60.0  298.0
4  69.0  272.0
4  59.0  33.0
4  100.0  0.0
4  47.0  198.0
4  95.0  123.0
4  44.0  271.0
4  11.0  302.0
4  60.0  214.0
4  63.0  163.0
4  79.0  156.0
4  84.0  177.0
4  100.0  83.0
4  6.0  190.0
4  62.0  224.0
4  39.0  268.0
4  62.0  156.0
4  68.0  104.0
4  100.0  23.0
4  27.0  251.0
4  24.0  370.0
4  67.0  314.0
4  89.0  180.0
4  65.0  216.0
4  72.0  226.0
4  99.0  63.0
4  96.0  68.0
4  0.0  0.0
4  88.0  49.0
4  73.0  191.0
4  88.0  141.0
4  37.0  403.0
4  96.0  123.0
4  100.0  31.0
4  80.0  35.0
4  78.0  210.0
4  92.0  123.0
4  86.0  149.0
4  92.0  111.0
4  83.0  47.0
4  10.0  266.0
4  75.0  159.0
4  69.0  252.0
4  27.0  232.0
4  94.0  130.0
4  52.0  283.0
4  34.0  175.0
4  98.0  21.0
5  0.0  200.0
5  71.0  212.0
5  61.0  193.0
5  92.0  54.0
5  56.0  173.0
5  71.0  348.0
5  54.0  240.0
5  61.0  208.0
5  29.0  313.0
5  99.0  29.0
5  67.0  87.0
5  82.0  191.0
5  78.0  121.0
5  38.0  229.0
5  71.0  214.0
5  20.0  123.0
5  70.0  223.0
5  68.0  150.0
5  85.0  216.0
5  79.0  105.0
5  59.0  133.0
5  33.0  316.0
5  17.0  193.0
5  49.0  201.0
5  24.0  294.0
5  71.0  262.0
5  50.0  358.0
5  65.0  188.0
5  100.0  38.0
5  68.0  114.0
5  64.0  222.0
5  61.0  296.0
5  27.0  118.0
5  48.0  272.0
5  72.0  236.0
5  54.0  363.0
5  90.0  152.0
5  34.0  188.0
5  32.0  248.0
5  100.0  4.0
5  90.0  147.0
5  100.0  13.0
5  81.0  132.0
5  87.0  81.0
5  94.0  29.0
5  52.0  216.0
5  93.0  219.0
5  80.0  295.0
5  67.0  181.0
5  0.0  373.0
5  79.0  115.0
5  56.0  353.0
5  95.0  57.0
5  93.0  133.0
5  100.0  139.0
5  66.0  204.0
5  75.0  330.0
5  85.0  134.0
5  71.0  151.0
5  0.0  163.0
5  63.0  265.0
5  0.0  100.0
5  23.0  277.0
5  43.0  135.0
5  84.0  131.0
5  75.0  118.0
5  39.0  174.0
5  83.0  120.0
5  77.0  187.0
5  68.0  275.0
5  67.0  381.0
5  70.0  139.0
5  53.0  234.0
5  77.0  127.0
5  100.0  4.0
5  90.0  20.0
5  84.0  141.0
5  85.0  174.0
5  34.0  383.0
5  78.0  226.0
5  94.0  85.0
5  87.0  162.0
5  100.0  9.0
5  44.0  182.0
5  50.0  313.0
5  59.0  271.0
5  88.0  177.0
5  85.0  91.0
5  88.0  89.0
5  69.0  217.0
5  95.0  79.0
5  64.0  183.0
5  94.0  170.0
5  63.0  260.0
5  62.0  170.0
5  48.0  281.0
5  100.0  105.0
5  57.0  291.0
5  53.0  305.0
5  62.0  215.0
