1  60.5  2180
2  44.100000000000001  2109
3  51.100000000000001  2012
4  45.899999999999999  1740
5  27.300000000000001  1361
1  56.0  2152
2  40.0  2074
3  43.200000000000003  1903
4  36.5  1663
5  35.700000000000003  1536
1  49.399999999999999  2285
2  49.5  1917
3  18.800000000000001  1763
4  45.399999999999999  1733
5  30.100000000000001  1770
1  51.0  2440
2  42.299999999999997  2231
3  44.100000000000001  1799
4  38.5  1993
5  31.899999999999999  1537
1  57.0  2009
2  39.299999999999997  2095
3  36.600000000000001  1874
4  34.0  1691
5  32.299999999999997  1497
1  54.299999999999997  1864
2  36.299999999999997  2019
3  35.399999999999999  1840
4  31.800000000000001  1650
5  25.5  1127
1  52.700000000000003  2312
2  46.799999999999997  2046
3  40.200000000000003  1881
4  40.5  1646
5  35.700000000000003  1701
1  52.799999999999997  1817
2  46.899999999999999  1621
3  45.0  1859
4  40.899999999999999  1514
5  34.700000000000003  1620
1  53.799999999999997  2009
2  55.299999999999997  1948
3  52.0  1786
4  35.700000000000003  1760
5  26.100000000000001  1791
1  49.200000000000003  2115
2  35.600000000000001  1742
3  28.699999999999999  2021
4  39.200000000000003  1583
5  41.100000000000001  1362
1  52.700000000000003  2293
2  53.299999999999997  2030
3  50.899999999999999  1949
4  35.5  1448
5  35.700000000000003  1745
1  53.399999999999999  2312
2  46.899999999999999  1994
3  44.600000000000001  2421
4  38.5  1821
5  37.5  1722
1  50.600000000000001  2549
2  42.700000000000003  2164
3  42.399999999999999  1802
4  46.399999999999999  1651
5  32.600000000000001  1692
1  46.399999999999999  2032
2  57.799999999999997  1975
3  31.100000000000001  1789
4  41.600000000000001  1680
5  29.800000000000001  1525
1  56.0  2039
2  47.100000000000001  2013
3  27.800000000000001  1599
4  38.399999999999999  1592
5  31.399999999999999  1625
1  49.399999999999999  1882
2  45.299999999999997  1912
3  43.100000000000001  1879
4  36.899999999999999  1482
5  36.5  1470
1  50.600000000000001  2429
2  49.700000000000003  2099
3  38.5  1484
4  43.600000000000001  1600
5  26.699999999999999  1403
1  58.200000000000003  2034
2  37.700000000000003  1874
3  46.200000000000003  1870
4  32.700000000000003  1541
5  28.899999999999999  1744
1  52.100000000000001  2480
2  49.0  1958
3  41.700000000000003  1990
4  39.200000000000003  1634
5  32.399999999999999  1813
1  56.200000000000003  2207
2  54.799999999999997  1923
3  42.0  1906
4  43.200000000000003  1517
5  42.299999999999997  1284
1  51.200000000000003  2258
2  52.700000000000003  2101
3  27.600000000000001  1964
4  41.700000000000003  1369
5  30.100000000000001  1619
1  45.299999999999997  1999
2  55.399999999999999  2338
3  49.200000000000003  1825
4  29.800000000000001  1701
5  37.299999999999997  1141
1  47.5  2369
2  44.100000000000001  2046
3  32.799999999999997  1925
4  42.200000000000003  1758
5  35.0  1369
1  56.899999999999999  2067
2  45.600000000000001  1829
3  49.399999999999999  1767
4  40.200000000000003  1654
5  35.700000000000003  1267
1  48.0  2185
2  44.200000000000003  1933
3  47.799999999999997  2104
4  31.199999999999999  1424
5  37.0  1583
1  49.600000000000001  2311
2  44.399999999999999  2402
3  43.100000000000001  1963
4  35.200000000000003  1813
5  32.5  1921
1  44.700000000000003  2424
2  53.100000000000001  2020
3  43.600000000000001  1848
4  37.299999999999997  1552
5  34.299999999999997  1850
1  49.200000000000003  2190
2  56.700000000000003  1647
3  36.299999999999997  1498
4  34.799999999999997  1685
5  40.0  1455
1  53.100000000000001  2171
2  38.899999999999999  2012
3  35.799999999999997  1773
4  32.5  1831
5  34.299999999999997  1558
1  48.100000000000001  2585
2  46.5  2344
3  47.200000000000003  2032
4  30.899999999999999  1330
5  37.100000000000001  1908
1  60.200000000000003  1878
2  54.5  2125
3  43.200000000000003  2007
4  39.0  1635
5  32.299999999999997  1473
1  49.899999999999999  2152
2  41.299999999999997  2327
3  37.899999999999999  1914
4  42.0  1475
5  38.600000000000001  1490
1  47.600000000000001  2148
2  50.299999999999997  1787
3  33.600000000000001  1576
4  43.100000000000001  2036
5  40.200000000000003  1036
1  49.200000000000003  2425
2  39.700000000000003  2007
3  32.0  2032
4  38.299999999999997  1731
5  34.899999999999999  1530
1  57.299999999999997  2399
2  50.399999999999999  2385
3  45.200000000000003  1850
4  37.5  1779
5  33.100000000000001  1641
1  60.299999999999997  2075
2  55.100000000000001  2005
3  33.899999999999999  1849
4  30.399999999999999  1685
5  27.300000000000001  1400
1  53.5  2144
2  45.100000000000001  2658
3  36.100000000000001  1777
4  39.899999999999999  1691
5  42.0  1709
1  46.600000000000001  2255
2  50.100000000000001  1972
3  42.799999999999997  1838
4  31.5  1440
5  41.799999999999997  1770
1  47.200000000000003  2414
2  48.899999999999999  2107
3  41.600000000000001  1646
4  36.200000000000003  1488
5  20.600000000000001  1730
1  58.899999999999999  2169
2  47.799999999999997  1915
3  42.399999999999999  1735
4  34.5  1715
5  41.5  1441
1  43.5  2433
2  47.899999999999999  2044
3  33.399999999999999  1700
4  36.799999999999997  1680
5  35.899999999999999  1636
1  56.0  1953
2  51.399999999999999  1968
3  48.200000000000003  1748
4  41.399999999999999  1958
5  35.299999999999997  1588
1  53.399999999999999  2210
2  56.5  1966
3  39.799999999999997  1789
4  37.0  1666
5  39.5  1677
1  51.5  2395
2  50.100000000000001  2239
3  34.700000000000003  1708
4  32.799999999999997  1398
5  40.399999999999999  1543
1  52.799999999999997  2053
2  49.600000000000001  1909
3  45.899999999999999  1720
4  45.600000000000001  1687
5  43.600000000000001  1776
1  43.100000000000001  2344
2  54.899999999999999  2194
3  45.799999999999997  2068
4  37.299999999999997  1834
5  36.200000000000003  1475
1  48.5  2262
2  56.399999999999999  1747
3  35.700000000000003  1868
4  27.600000000000001  1283
5  26.5  1440
1  41.799999999999997  2114
2  59.100000000000001  1734
3  38.299999999999997  1551
4  38.399999999999999  1685
5  41.5  1438
1  54.299999999999997  2147
2  50.899999999999999  2113
3  28.300000000000001  1843
4  38.899999999999999  1707
5  44.299999999999997  1504
1  45.799999999999997  2392
2  47.399999999999999  2387
3  38.0  1496
4  50.200000000000003  1644
5  24.899999999999999  1489
1  47.5  2410
2  44.200000000000003  2444
3  34.899999999999999  1728
4  39.899999999999999  1793
5  31.899999999999999  1591
1  45.299999999999997  2076
2  58.600000000000001  1983
3  38.399999999999999  2049
4  40.799999999999997  1708
5  42.799999999999997  1597
1  54.799999999999997  2030
2  44.5  2129
3  38.100000000000001  1765
4  42.700000000000003  1473
5  36.700000000000003  1585
1  52.200000000000003  1973
2  61.5  2074
3  47.399999999999999  1946
4  40.299999999999997  1848
5  32.299999999999997  1486
1  45.5  2207
2  49.200000000000003  1801
3  37.200000000000003  1637
4  34.5  1735
5  39.0  1636
1  48.700000000000003  2603
2  46.700000000000003  2133
3  38.0  1718
4  33.100000000000001  2073
5  26.5  1534
1  40.5  2501
2  56.399999999999999  1864
3  46.600000000000001  2097
4  35.399999999999999  1691
5  28.5  1586
1  50.799999999999997  2274
2  43.799999999999997  2169
3  45.399999999999999  1807
4  42.700000000000003  1381
5  27.300000000000001  1640
1  54.299999999999997  2270
2  55.700000000000003  2092
3  38.899999999999999  1616
4  41.899999999999999  1701
5  30.199999999999999  1545
1  46.299999999999997  2478
2  50.399999999999999  1911
3  40.0  1856
4  40.700000000000003  1812
5  33.700000000000003  1651
1  53.700000000000003  2260
2  41.5  1939
3  41.799999999999997  1851
4  31.600000000000001  1766
5  35.5  1693
1  55.200000000000003  2042
2  45.799999999999997  2073
3  34.200000000000003  1970
4  37.100000000000001  1496
5  35.5  1345
1  52.5  2144
2  61.799999999999997  1785
3  44.299999999999997  1921
4  43.200000000000003  1829
5  42.899999999999999  1465
1  54.299999999999997  2019
2  46.799999999999997  2143
3  29.0  1888
4  37.0  1617
5  37.700000000000003  1471
1  56.899999999999999  2119
2  49.700000000000003  2195
3  41.799999999999997  1678
4  45.399999999999999  1779
5  25.600000000000001  1669
1  50.299999999999997  2168
2  40.100000000000001  1530
3  42.0  1745
4  24.600000000000001  1906
5  37.5  1711
1  38.100000000000001  2297
2  46.899999999999999  1748
3  35.600000000000001  1700
4  41.100000000000001  1536
5  30.5  1770
1  55.100000000000001  2082
2  50.299999999999997  2282
3  31.899999999999999  1820
4  45.200000000000003  1853
5  36.600000000000001  1253
1  56.799999999999997  2196
2  50.100000000000001  2123
3  48.5  1422
4  38.399999999999999  1614
5  34.299999999999997  1447
1  45.899999999999999  2199
2  52.100000000000001  1719
3  44.5  1731
4  40.100000000000001  1829
5  39.100000000000001  1758
1  48.200000000000003  2201
2  51.600000000000001  1935
3  49.600000000000001  1696
4  34.100000000000001  1793
5  33.700000000000003  1665
1  51.299999999999997  2183
2  44.5  2395
3  41.399999999999999  1973
4  36.700000000000003  1794
5  28.5  1643
1  48.299999999999997  2502
2  46.0  1949
3  38.5  1822
4  46.100000000000001  1593
5  40.200000000000003  1656
1  43.0  2392
2  47.299999999999997  2099
3  41.600000000000001  1861
4  36.899999999999999  1708
5  27.199999999999999  1450
1  48.899999999999999  2294
2  50.100000000000001  1886
3  36.600000000000001  1853
4  36.100000000000001  1938
5  43.700000000000003  1625
1  47.899999999999999  2443
2  48.600000000000001  2224
3  51.299999999999997  2050
4  41.700000000000003  1548
5  42.299999999999997  1506
1  48.899999999999999  2188
2  46.799999999999997  1603
3  44.0  1789
4  42.899999999999999  1672
5  38.399999999999999  1407
1  58.399999999999999  2134
2  46.700000000000003  2199
3  36.700000000000003  1723
4  44.600000000000001  1767
5  34.100000000000001  1483
1  46.100000000000001  2248
2  45.299999999999997  1816
3  36.600000000000001  1796
4  48.600000000000001  1953
5  40.600000000000001  1774
1  48.700000000000003  2382
2  50.399999999999999  1958
3  40.200000000000003  1684
4  33.299999999999997  1657
5  42.899999999999999  1431
1  45.700000000000003  2303
2  37.600000000000001  2173
3  46.100000000000001  2082
4  31.199999999999999  1695
5  28.100000000000001  1415
1  48.899999999999999  2172
2  45.600000000000001  1703
3  49.5  1386
4  30.800000000000001  1810
5  33.100000000000001  1366
1  53.799999999999997  2228
2  51.100000000000001  1933
3  35.0  1673
4  40.600000000000001  1496
5  41.700000000000003  1694
1  53.100000000000001  1995
2  47.100000000000001  1963
3  49.299999999999997  1622
4  28.800000000000001  1592
5  27.800000000000001  1801
1  54.899999999999999  2115
2  56.200000000000003  1797
3  44.100000000000001  1952
4  42.799999999999997  1554
5  27.300000000000001  1422
1  52.5  2291
2  61.5  2207
3  36.5  1625
4  38.899999999999999  1808
5  30.600000000000001  1635
1  46.0  2406
2  58.299999999999997  1836
3  45.5  1872
4  40.799999999999997  1849
5  34.600000000000001  1603
1  46.600000000000001  1999
2  52.700000000000003  2290
3  53.399999999999999  1735
4  39.0  1735
5  29.5  1940
1  54.399999999999999  1910
2  46.399999999999999  1998
3  30.699999999999999  1761
4  35.200000000000003  1404
5  34.0  1531
1  57.100000000000001  1866
2  42.399999999999999  2422
3  27.300000000000001  1815
4  33.700000000000003  1749
5  28.199999999999999  1544
1  55.600000000000001  2018
2  49.399999999999999  2097
3  51.5  1781
4  47.5  1326
5  43.100000000000001  1241
1  52.899999999999999  2135
2  40.399999999999999  2342
3  42.899999999999999  1786
4  40.899999999999999  1872
5  36.299999999999997  1491
1  51.700000000000003  1941
2  48.200000000000003  2175
3  47.100000000000001  1783
4  45.0  1736
5  32.5  1657
1  54.700000000000003  2463
2  50.399999999999999  2017
3  34.0  1564
4  30.899999999999999  1669
5  31.899999999999999  1567
1  50.799999999999997  1986
2  57.200000000000003  2026
3  41.799999999999997  1799
4  30.699999999999999  1959
5  40.299999999999997  1443
1  41.799999999999997  2004
2  54.799999999999997  2008
3  44.5  1897
4  35.899999999999999  1585
5  31.300000000000001  1602
1  51.299999999999997  2108
2  46.5  1978
3  37.299999999999997  1795
4  38.299999999999997  1498
5  30.300000000000001  1811
1  48.700000000000003  2525
2  44.600000000000001  1761
3  33.899999999999999  1847
4  36.600000000000001  2039
5  30.800000000000001  1619
1  58.399999999999999  1948
2  46.100000000000001  1889
3  32.700000000000003  2044
4  33.200000000000003  1873
5  28.899999999999999  1792
1  43.399999999999999  2182
2  46.799999999999997  1813
3  45.299999999999997  1674
4  37.799999999999997  1633
5  32.100000000000001  1566
