0  28.0  7285.0
0  21.0  7963.0
0  4.0  9612.0
0  100.0  300.0
0  0.0  10000.0
0  9.0  9128.0
0  22.0  7866.0
0  27.0  7382.0
0  38.0  6314.0
0  2.0  9806.0
0  4.0  9614.0
0  14.0  8642.0
0  14.0  8642.0
0  5.0  9516.0
0  2.0  9806.0
0  66.0  3598.0
0  0.0  10000.0
0  1.0  9903.0
0  12.0  8837.0
0  21.0  7966.0
0  3.0  9709.0
0  29.0  7189.0
0  0.0  10000.0
0  35.0  6606.0
0  48.0  5346.0
0  68.0  3406.0
0  14.0  8642.0
0  9.0  9127.0
0  23.0  7771.0
0  1.0  9904.0
0  0.0  10000.0
0  0.0  10000.0
0  16.0  8448.0
0  25.0  7576.0
0  15.0  8546.0
0  11.0  8933.0
0  57.0  4473.0
0  13.0  8739.0
0  10.0  9030.0
0  31.0  6993.0
0  29.0  7187.0
0  35.0  6605.0
0  7.0  9321.0
0  23.0  7770.0
0  12.0  8836.0
0  17.0  8351.0
0  32.0  6896.0
0  34.0  6704.0
0  34.0  6702.0
0  29.0  7188.0
0  4.0  9612.0
0  14.0  8643.0
0  0.0  10000.0
0  0.0  10000.0
0  12.0  8836.0
0  62.0  3992.0
0  18.0  8255.0
0  29.0  7187.0
0  65.0  3696.0
0  7.0  9321.0
0  20.0  8060.0
0  11.0  8934.0
0  17.0  8351.0
0  36.0  6508.0
0  17.0  8351.0
0  48.0  5348.0
0  19.0  8158.0
0  21.0  7963.0
0  39.0  6219.0
0  13.0  8739.0
0  10.0  9030.0
0  14.0  8643.0
0  0.0  10000.0
0  26.0  7480.0
0  41.0  6023.0
0  38.0  6317.0
0  23.0  7770.0
0  0.0  10000.0
0  5.0  9515.0
0  3.0  9709.0
0  20.0  8061.0
0  15.0  8548.0
0  30.0  7099.0
0  57.0  4472.0
0  1.0  9903.0
0  20.0  8061.0
0  23.0  7769.0
0  24.0  7672.0
0  21.0  7963.0
0  16.0  8448.0
0  28.0  7285.0
0  15.0  8545.0
0  23.0  7770.0
0  25.0  7577.0
0  37.0  6412.0
0  0.0  10000.0
0  14.0  8642.0
0  49.0  5247.0
0  10.0  9030.0
0  25.0  7575.0
1  18.0  8256.0
1  27.0  7382.0
1  0.0  10000.0
1  26.0  7465.0
1  4.0  9608.0
1  61.0  4032.0
1  19.0  8160.0
1  57.0  4471.0
1  46.0  5493.0
1  30.0  7097.0
1  9.0  9127.0
1  25.0  7575.0
1  0.0  10000.0
1  42.0  5927.0
1  28.0  7284.0
1  3.0  9709.0
1  0.0  10000.0
1  33.0  6797.0
1  3.0  9710.0
1  17.0  8355.0
1  0.0  10000.0
1  3.0  9709.0
1  100.0  300.0
1  2.0  9806.0
1  0.0  10000.0
1  0.0  10000.0
1  40.0  6080.0
1  0.0  10000.0
1  32.0  6896.0
1  11.0  8933.0
1  25.0  7575.0
1  20.0  8060.0
1  4.0  9612.0
1  3.0  9709.0
1  53.0  4864.0
1  26.0  7478.0
1  44.0  5705.0
1  29.0  7173.0
1  7.0  9318.0
1  16.0  8450.0
1  12.0  8836.0
1  15.0  8546.0
1  18.0  8258.0
1  20.0  8060.0
1  9.0  9128.0
1  11.0  8933.0
1  0.0  10000.0
1  6.0  9418.0
1  1.0  9903.0
1  0.0  10000.0
1  17.0  8352.0
1  17.0  8352.0
1  2.0  9806.0
1  52.0  4911.0
1  8.0  9225.0
1  59.0  4229.0
1  28.0  7262.0
1  14.0  8642.0
1  0.0  10000.0
1  53.0  4819.0
1  16.0  8448.0
1  8.0  9224.0
1  29.0  7187.0
1  15.0  8545.0
1  10.0  9032.0
1  28.0  7284.0
1  3.0  9709.0
1  0.0  10000.0
1  6.0  9419.0
1  23.0  7769.0
1  15.0  8546.0
1  79.0  2282.0
1  0.0  10000.0
1  31.0  6994.0
1  13.0  8748.0
1  26.0  7478.0
1  15.0  8546.0
1  54.0  4708.0
1  12.0  8836.0
1  32.0  6899.0
1  32.0  6897.0
1  2.0  9806.0
1  4.0  9612.0
1  3.0  9709.0
1  9.0  9127.0
1  0.0  10000.0
1  54.0  4762.0
1  35.0  6589.0
1  16.0  8448.0
1  23.0  7769.0
1  48.0  5354.0
1  4.0  9612.0
1  29.0  7188.0
1  29.0  7189.0
1  32.0  6897.0
1  18.0  8240.0
1  24.0  7670.0
1  34.0  6705.0
1  5.0  9515.0
1  29.0  7184.0
2  20.0  8063.0
2  53.0  4844.0
2  20.0  8060.0
2  14.0  8642.0
2  11.0  8933.0
2  20.0  8057.0
2  28.0  7286.0
2  13.0  8740.0
2  17.0  8336.0
2  25.0  7562.0
2  35.0  6605.0
2  0.0  10000.0
2  71.0  3044.0
2  6.0  9412.0
2  22.0  7867.0
2  44.0  5695.0
2  12.0  8836.0
2  10.0  9039.0
2  31.0  6993.0
2  9.0  9127.0
2  17.0  8351.0
2  0.0  10000.0
2  6.0  9419.0
2  12.0  8829.0
2  22.0  7866.0
2  8.0  9224.0
2  9.0  9127.0
2  23.0  7762.0
2  47.0  5441.0
2  2.0  9806.0
2  13.0  8740.0
2  0.0  10000.0
2  48.0  5259.0
2  40.0  6046.0
2  0.0  10000.0
2  0.0  10000.0
2  11.0  8933.0
2  59.0  4230.0
2  11.0  8933.0
2  5.0  9515.0
2  0.0  10000.0
2  29.0  7163.0
2  49.0  5247.0
2  26.0  7480.0
2  50.0  5127.0
2  46.0  5538.0
2  45.0  5636.0
2  44.0  5703.0
2  6.0  9418.0
2  35.0  6605.0
2  41.0  5998.0
2  8.0  9224.0
2  2.0  9806.0
2  5.0  9515.0
2  12.0  8832.0
2  19.0  8160.0
2  0.0  10000.0
2  0.0  10000.0
2  17.0  8352.0
2  37.0  6413.0
2  12.0  8840.0
2  23.0  7856.0
2  6.0  9418.0
2  33.0  6794.0
2  51.0  5040.0
2  66.0  3534.0
2  24.0  7673.0
2  0.0  10000.0
2  28.0  7288.0
2  22.0  7846.0
2  15.0  8530.0
2  39.0  6217.0
2  18.0  8266.0
2  42.0  5925.0
2  4.0  9614.0
2  40.0  6121.0
2  16.0  8448.0
2  14.0  8642.0
2  0.0  10000.0
2  35.0  6605.0
2  7.0  9321.0
2  73.0  2921.0
2  1.0  9903.0
2  57.0  4423.0
2  15.0  8547.0
2  11.0  8934.0
2  19.0  8157.0
2  1.0  9903.0
2  80.0  2196.0
2  29.0  7193.0
2  9.0  9127.0
2  46.0  5540.0
2  22.0  7866.0
2  12.0  8837.0
2  0.0  10000.0
2  35.0  6600.0
2  6.0  9412.0
2  4.0  9614.0
2  56.0  4522.0
2  44.0  5733.0
3  4.0  9612.0
3  51.0  5028.0
3  0.0  10000.0
3  49.0  5252.0
3  0.0  10000.0
3  31.0  6994.0
3  0.0  10000.0
3  41.0  5983.0
3  13.0  8739.0
3  11.0  8933.0
3  24.0  7673.0
3  17.0  8342.0
3  18.0  8254.0
3  38.0  6290.0
3  27.0  7354.0
3  19.0  8157.0
3  32.0  6864.0
3  39.0  6208.0
3  17.0  8344.0
3  55.0  4558.0
3  12.0  8836.0
3  23.0  7769.0
3  9.0  9127.0
3  4.0  9612.0
3  45.0  5636.0
3  54.0  4767.0
3  0.0  10000.0
3  35.0  6593.0
3  25.0  7576.0
3  63.0  3828.0
3  30.0  7078.0
3  35.0  6582.0
3  19.0  8157.0
3  19.0  8157.0
3  5.0  9515.0
3  4.0  9612.0
3  20.0  8055.0
3  22.0  7846.0
3  0.0  10000.0
3  0.0  10000.0
3  66.0  3495.0
3  22.0  7869.0
3  0.0  10000.0
3  9.0  9119.0
3  16.0  8440.0
3  19.0  8157.0
3  60.0  4181.0
3  70.0  3160.0
3  7.0  9319.0
3  0.0  10000.0
3  13.0  8740.0
3  25.0  7561.0
3  38.0  6315.0
3  9.0  9127.0
3  9.0  9157.0
3  22.0  7866.0
3  12.0  8836.0
3  0.0  10000.0
3  0.0  10000.0
3  25.0  7571.0
3  45.0  5603.0
3  16.0  8446.0
3  10.0  9023.0
3  16.0  8448.0
3  36.0  6498.0
3  67.0  3443.0
3  43.0  5831.0
3  18.0  8257.0
3  8.0  9224.0
3  21.0  7964.0
3  75.0  2654.0
3  86.0  1664.0
3  8.0  9224.0
3  25.0  7575.0
3  17.0  8352.0
3  20.0  8060.0
3  19.0  8157.0
3  39.0  6184.0
3  10.0  9030.0
3  40.0  6120.0
3  19.0  8146.0
3  63.0  3890.0
3  39.0  6215.0
3  38.0  6294.0
3  6.0  9418.0
3  46.0  5545.0
3  6.0  9415.0
3  19.0  8157.0
3  46.0  5500.0
3  18.0  8242.0
3  36.0  6518.0
3  0.0  10000.0
3  26.0  7454.0
3  39.0  6210.0
3  27.0  7382.0
3  78.0  2369.0
3  41.0  6026.0
3  9.0  9127.0
3  0.0  10000.0
3  18.0  8257.0
4  25.0  7576.0
4  0.0  10000.0
4  35.0  6596.0
4  24.0  7656.0
4  22.0  7855.0
4  37.0  6342.0
4  18.0  8237.0
4  27.0  7381.0
4  7.0  9322.0
4  27.0  7380.0
4  23.0  7770.0
4  60.0  4125.0
4  48.0  5344.0
4  100.0  119.0
4  12.0  8833.0
4  61.0  4027.0
4  8.0  9225.0
4  34.0  6702.0
4  31.0  6995.0
4  43.0  5834.0
4  51.0  5014.0
4  18.0  8254.0
4  20.0  8055.0
4  23.0  7750.0
4  18.0  8246.0
4  2.0  9802.0
4  26.0  7452.0
4  24.0  7669.0
4  11.0  8928.0
4  0.0  10000.0
4  21.0  7949.0
4  42.0  5927.0
4  18.0  8254.0
4  33.0  6767.0
4  28.0  7258.0
4  44.0  5742.0
4  7.0  9316.0
4  19.0  8157.0
4  11.0  8934.0
4  32.0  6893.0
4  30.0  7061.0
4  44.0  5738.0
4  65.0  3655.0
4  44.0  5732.0
4  43.0  5829.0
4  0.0  10000.0
4  62.0  3959.0
4  13.0  8739.0
4  17.0  8349.0
4  28.0  7270.0
4  0.0  10000.0
4  9.0  9130.0
4  22.0  7869.0
4  6.0  9418.0
4  0.0  10000.0
4  12.0  8831.0
4  28.0  7269.0
4  47.0  5368.0
4  56.0  4474.0
4  55.0  4562.0
4  19.0  8140.0
4  12.0  8834.0
4  34.0  6702.0
4  5.0  9515.0
4  47.0  5409.0
4  13.0  8726.0
4  11.0  8928.0
4  11.0  8922.0
4  10.0  9030.0
4  59.0  4239.0
4  83.0  1814.0
4  18.0  8256.0
4  35.0  6602.0
4  39.0  6219.0
4  66.0  3490.0
4  27.0  7360.0
4  2.0  9806.0
4  0.0  10000.0
4  21.0  7946.0
4  47.0  5402.0
4  45.0  5604.0
4  47.0  5403.0
4  60.0  4182.0
4  72.0  2887.0
4  36.0  6494.0
4  80.0  2108.0
4  47.0  5410.0
4  16.0  8445.0
4  1.0  9903.0
4  9.0  9127.0
4  18.0  8251.0
4  17.0  8341.0
4  31.0  6963.0
4  0.0  10000.0
4  15.0  8524.0
4  42.0  5911.0
4  77.0  2464.0
4  10.0  9029.0
4  52.0  4927.0
4  12.0  8837.0
5  55.0  4650.0
5  9.0  9124.0
5  15.0  8534.0
5  40.0  6111.0
5  13.0  8728.0
5  27.0  7365.0
5  25.0  7552.0
5  51.0  5001.0
5  23.0  7770.0
5  14.0  8642.0
5  48.0  5295.0
5  12.0  8836.0
5  79.0  2343.0
5  29.0  7153.0
5  0.0  10000.0
5  21.0  7955.0
5  12.0  8837.0
5  21.0  7948.0
5  34.0  6703.0
5  21.0  7951.0
5  51.0  5053.0
5  12.0  8832.0
5  100.0  200.0
5  40.0  6070.0
5  0.0  10000.0
5  0.0  10000.0
5  46.0  5446.0
5  11.0  8934.0
5  27.0  7382.0
5  27.0  7363.0
5  46.0  5468.0
5  16.0  8449.0
5  39.0  6222.0
5  54.0  4677.0
5  48.0  5296.0
5  48.0  5297.0
5  14.0  8640.0
5  46.0  5496.0
5  0.0  10000.0
5  34.0  6680.0
5  23.0  7770.0
5  15.0  8547.0
5  68.0  3242.0
5  24.0  7625.0
5  17.0  8354.0
5  14.0  8645.0
5  69.0  3205.0
5  81.0  2065.0
5  14.0  8642.0
5  61.0  4044.0
5  17.0  8346.0
5  31.0  6979.0
5  1.0  9903.0
5  71.0  3000.0
5  51.0  5008.0
5  27.0  7350.0
5  2.0  9806.0
5  46.0  5518.0
5  20.0  8055.0
5  44.0  5688.0
5  59.0  4219.0
5  69.0  3180.0
5  0.0  10000.0
5  62.0  3987.0
5  13.0  8714.0
5  6.0  9418.0
5  18.0  8237.0
5  17.0  8339.0
5  57.0  4421.0
5  34.0  6676.0
5  0.0  10000.0
5  33.0  6748.0
5  18.0  8254.0
5  0.0  10000.0
5  27.0  7354.0
5  71.0  2921.0
5  100.0  200.0
5  21.0  7963.0
5  10.0  9030.0
5  33.0  6800.0
5  38.0  6276.0
5  36.0  6473.0
5  63.0  3831.0
5  26.0  7480.0
5  41.0  6012.0
5  0.0  10000.0
5  21.0  7963.0
5  21.0  7964.0
5  0.0  10000.0
5  10.0  9030.0
5  0.0  10000.0
5  0.0  10000.0
5  21.0  7959.0
5  53.0  4775.0
5  17.0  8353.0
5  63.0  3741.0
5  4.0  9613.0
5  70.0  3102.0
5  0.0  10000.0
5  30.0  7091.0
6  0.0  10000.0
6  8.0  9224.0
6  30.0  7048.0
6  27.0  7381.0
6  67.0  3502.0
6  53.0  4754.0
6  94.0  788.0
6  34.0  6703.0
6  53.0  4817.0
6  47.0  5347.0
6  30.0  7068.0
6  21.0  7957.0
6  53.0  4808.0
6  27.0  7371.0
6  48.0  5299.0
6  69.0  3238.0
6  44.0  5708.0
6  48.0  5309.0
6  53.0  4818.0
6  46.0  5434.0
6  41.0  6013.0
6  93.0  886.0
6  75.0  2614.0
6  1.0  9903.0
6  52.0  4891.0
6  2.0  9804.0
6  10.0  9022.0
6  39.0  6183.0
6  37.0  6392.0
6  62.0  3934.0
6  37.0  6374.0
6  5.0  9515.0
6  42.0  5902.0
6  64.0  3731.0
6  53.0  4859.0
6  2.0  9806.0
6  63.0  3828.0
6  11.0  8933.0
6  80.0  2060.0
6  26.0  7460.0
6  59.0  4219.0
6  40.0  6040.0
6  51.0  5037.0
6  29.0  7149.0
6  0.0  10000.0
6  61.0  3986.0
6  7.0  9314.0
6  3.0  9709.0
6  75.0  2728.0
6  50.0  5111.0
6  95.0  524.0
6  73.0  2807.0
6  80.0  2160.0
6  100.0  149.0
6  83.0  1787.0
6  68.0  3369.0
6  1.0  9903.0
6  66.0  3533.0
6  71.0  2993.0
6  0.0  10000.0
6  55.0  4610.0
6  14.0  8630.0
6  52.0  4957.0
6  14.0  8635.0
6  20.0  8055.0
6  37.0  6382.0
6  77.0  2441.0
6  44.0  5688.0
6  0.0  10000.0
6  10.0  9021.0
6  28.0  7272.0
6  49.0  5201.0
6  84.0  1776.0
6  46.0  5476.0
6  56.0  4514.0
6  34.0  6691.0
6  15.0  8530.0
6  31.0  6972.0
6  26.0  7480.0
6  44.0  5683.0
6  25.0  7559.0
6  26.0  7479.0
6  55.0  4560.0
6  15.0  8546.0
6  16.0  8424.0
6  35.0  6551.0
6  31.0  6980.0
6  25.0  7531.0
6  24.0  7669.0
6  59.0  4119.0
6  26.0  7470.0
6  21.0  7965.0
6  16.0  8448.0
6  54.0  4638.0
6  58.0  4325.0
6  57.0  4472.0
6  35.0  6572.0
6  68.0  3233.0
6  35.0  6589.0
6  34.0  6684.0
7  2.0  9806.0
7  37.0  6383.0
7  30.0  7072.0
7  19.0  8143.0
7  20.0  8060.0
7  17.0  8349.0
7  17.0  8351.0
7  29.0  7189.0
7  33.0  6767.0
7  91.0  1083.0
7  36.0  6507.0
7  39.0  6182.0
7  33.0  6755.0
7  80.0  2095.0
7  46.0  5459.0
7  30.0  7066.0
7  42.0  5930.0
7  32.0  6908.0
7  36.0  6510.0
7  47.0  5394.0
7  35.0  6543.0
7  71.0  2945.0
7  36.0  6472.0
7  19.0  8152.0
7  6.0  9418.0
7  9.0  9119.0
7  82.0  1837.0
7  16.0  8419.0
7  19.0  8143.0
7  97.0  341.0
7  13.0  8740.0
7  23.0  7794.0
7  24.0  7641.0
7  24.0  7654.0
7  100.0  300.0
7  51.0  4955.0
7  22.0  7866.0
7  31.0  6983.0
7  15.0  8545.0
7  93.0  886.0
7  56.0  4465.0
7  99.0  204.0
7  0.0  10000.0
7  80.0  2240.0
7  43.0  5768.0
7  13.0  8736.0
7  35.0  6588.0
7  6.0  9418.0
7  78.0  2301.0
7  2.0  9806.0
7  20.0  8057.0
7  72.0  2857.0
7  39.0  6147.0
7  21.0  7965.0
7  42.0  5922.0
7  29.0  7166.0
7  81.0  2002.0
7  32.0  6893.0
7  33.0  6745.0
7  9.0  9129.0
7  22.0  7868.0
7  18.0  8249.0
7  34.0  6685.0
7  20.0  8050.0
7  45.0  5573.0
7  36.0  6469.0
7  0.0  10000.0
7  24.0  7659.0
7  39.0  6212.0
7  0.0  10000.0
7  72.0  2908.0
7  36.0  6476.0
7  23.0  7769.0
7  41.0  5984.0
7  47.0  5383.0
7  36.0  6489.0
7  16.0  8437.0
7  34.0  6649.0
7  51.0  4990.0
7  68.0  3272.0
7  0.0  10000.0
7  36.0  6466.0
7  16.0  8432.0
7  51.0  4928.0
7  66.0  3447.0
7  38.0  6296.0
7  9.0  9127.0
7  44.0  5692.0
7  68.0  3273.0
7  57.0  4442.0
7  69.0  3317.0
7  48.0  5297.0
7  32.0  6856.0
7  4.0  9614.0
7  20.0  8063.0
7  19.0  8135.0
7  21.0  7952.0
7  79.0  2151.0
7  0.0  10000.0
7  10.0  9021.0
8  29.0  7189.0
8  4.0  9605.0
8  24.0  7672.0
8  59.0  4170.0
8  41.0  5986.0
8  85.0  1650.0
8  54.0  4736.0
8  86.0  1563.0
8  48.0  5344.0
8  26.0  7457.0
8  12.0  8824.0
8  17.0  8344.0
8  0.0  10000.0
8  39.0  6170.0
8  73.0  2788.0
8  18.0  8241.0
8  27.0  7366.0
8  50.0  5120.0
8  7.0  9321.0
8  26.0  7465.0
8  0.0  10000.0
8  5.0  9510.0
8  40.0  6084.0
8  2.0  9806.0
8  25.0  7547.0
8  39.0  6147.0
8  84.0  1731.0
8  34.0  6658.0
8  85.0  1577.0
8  22.0  7851.0
8  58.0  4377.0
8  59.0  4168.0
8  4.0  9606.0
8  10.0  9029.0
8  67.0  3436.0
8  21.0  7950.0
8  45.0  5544.0
8  34.0  6662.0
8  40.0  6056.0
8  79.0  2259.0
8  37.0  6372.0
8  36.0  6483.0
8  47.0  5403.0
8  17.0  8346.0
8  64.0  3729.0
8  60.0  4158.0
8  33.0  6766.0
8  53.0  4844.0
8  47.0  5447.0
8  67.0  3377.0
8  51.0  4976.0
8  37.0  6385.0
8  35.0  6525.0
8  0.0  10000.0
8  71.0  3125.0
8  1.0  9903.0
8  0.0  10000.0
8  32.0  6810.0
8  48.0  5266.0
8  78.0  2356.0
8  13.0  8717.0
8  69.0  3214.0
8  75.0  2704.0
8  41.0  6001.0
8  13.0  8739.0
8  46.0  5436.0
8  43.0  5804.0
8  30.0  7050.0
8  100.0  205.0
8  50.0  5060.0
8  7.0  9321.0
8  0.0  10000.0
8  0.0  10000.0
8  34.0  6668.0
8  74.0  2633.0
8  49.0  5176.0
8  26.0  7455.0
8  31.0  6950.0
8  32.0  6863.0
8  75.0  2592.0
8  23.0  7770.0
8  18.0  8256.0
8  17.0  8336.0
8  75.0  2548.0
8  17.0  8339.0
8  41.0  6023.0
8  35.0  6579.0
8  0.0  10000.0
8  73.0  2731.0
8  9.0  9122.0
8  40.0  6072.0
8  45.0  5585.0
8  14.0  8608.0
8  72.0  2915.0
8  0.0  10000.0
8  52.0  4878.0
8  42.0  5877.0
8  86.0  1501.0
8  18.0  8254.0
8  45.0  5578.0
9  84.0  1727.0
9  0.0  10000.0
9  17.0  8342.0
9  17.0  8326.0
9  98.0  212.0
9  20.0  8037.0
9  49.0  5252.0
9  79.0  2143.0
9  16.0  8453.0
9  34.0  6671.0
9  74.0  2628.0
9  79.0  2111.0
9  36.0  6442.0
9  21.0  7964.0
9  49.0  5226.0
9  48.0  5299.0
9  49.0  5182.0
9  44.0  5694.0
9  66.0  3537.0
9  0.0  10000.0
9  64.0  3650.0
9  59.0  4277.0
9  65.0  3541.0
9  17.0  8351.0
9  50.0  5041.0
9  1.0  9903.0
9  27.0  7374.0
9  49.0  5221.0
9  58.0  4335.0
9  90.0  1145.0
9  17.0  8334.0
9  68.0  3269.0
9  0.0  10000.0
9  27.0  7381.0
9  34.0  6669.0
9  27.0  7345.0
9  70.0  3009.0
9  74.0  2682.0
9  88.0  1321.0
9  88.0  1292.0
9  22.0  7855.0
9  50.0  5138.0
9  56.0  4461.0
9  34.0  6641.0
9  9.0  9127.0
9  68.0  3253.0
9  33.0  6744.0
9  51.0  5002.0
9  23.0  7746.0
9  43.0  5751.0
9  33.0  6720.0
9  91.0  963.0
9  100.0  200.0
9  83.0  1770.0
9  76.0  2428.0
9  50.0  5056.0
9  5.0  9565.0
9  57.0  4409.0
9  95.0  542.0
9  41.0  5988.0
9  49.0  5162.0
9  74.0  2753.0
9  57.0  4307.0
9  54.0  4714.0
9  43.0  5758.0
9  13.0  8741.0
9  31.0  6964.0
9  16.0  8447.0
9  32.0  6898.0
9  37.0  6337.0
9  73.0  2782.0
9  79.0  2225.0
9  57.0  4300.0
9  65.0  3520.0
9  61.0  3995.0
9  64.0  3705.0
9  44.0  5694.0
9  39.0  6185.0
9  80.0  2045.0
9  43.0  5733.0
9  28.0  7275.0
9  81.0  1961.0
9  30.0  7048.0
9  51.0  4983.0
9  45.0  5590.0
9  76.0  2441.0
9  51.0  4941.0
9  60.0  4120.0
9  82.0  1914.0
9  48.0  5306.0
9  51.0  4948.0
9  47.0  5420.0
9  58.0  4276.0
9  36.0  6506.0
9  52.0  4904.0
9  62.0  3912.0
9  47.0  5444.0
9  7.0  9317.0
9  17.0  8345.0
9  52.0  4943.0
10  60.0  4073.0
10  4.0  9608.0
10  28.0  7280.0
10  29.0  7131.0
10  44.0  5728.0
10  57.0  4315.0
10  10.0  9027.0
10  54.0  4671.0
10  60.0  4115.0
10  98.0  256.0
10  85.0  1559.0
10  24.0  7673.0
10  85.0  1543.0
10  31.0  6991.0
10  75.0  2575.0
10  59.0  4139.0
10  0.0  10000.0
10  45.0  5594.0
10  19.0  8158.0
10  14.0  8638.0
10  57.0  4382.0
10  78.0  2261.0
10  88.0  1257.0
10  0.0  10000.0
10  81.0  1965.0
10  71.0  2926.0
10  91.0  940.0
10  18.0  8257.0
10  74.0  2674.0
10  46.0  5475.0
10  10.0  9028.0
10  55.0  4620.0
10  24.0  7668.0
10  36.0  6445.0
10  89.0  1151.0
10  17.0  8340.0
10  42.0  5882.0
10  26.0  7406.0
10  38.0  6292.0
10  75.0  2602.0
10  67.0  3370.0
10  57.0  4375.0
10  0.0  10000.0
10  0.0  10000.0
10  0.0  10000.0
10  30.0  7046.0
10  48.0  5326.0
10  6.0  9418.0
10  61.0  4029.0
10  63.0  3768.0
10  78.0  2258.0
10  73.0  2797.0
10  44.0  5707.0
10  73.0  2919.0
10  47.0  5395.0
10  15.0  8530.0
10  57.0  4425.0
10  5.0  9515.0
10  0.0  10000.0
10  16.0  8435.0
10  52.0  4864.0
10  45.0  5573.0
10  0.0  10000.0
10  69.0  3119.0
10  35.0  6575.0
10  42.0  5832.0
10  39.0  6152.0
10  0.0  10000.0
10  15.0  8541.0
10  30.0  7086.0
10  24.0  7622.0
10  50.0  5107.0
10  87.0  1311.0
10  90.0  1018.0
10  33.0  6771.0
10  60.0  4113.0
10  74.0  2683.0
10  11.0  8942.0
10  71.0  3057.0
10  82.0  1908.0
10  44.0  5688.0
10  98.0  282.0
10  32.0  6871.0
10  2.0  9806.0
10  24.0  7656.0
10  52.0  4871.0
10  15.0  8545.0
10  62.0  3880.0
10  69.0  3166.0
10  35.0  6585.0
10  0.0  10000.0
10  35.0  6592.0
10  13.0  8739.0
10  33.0  6756.0
10  47.0  5394.0
10  35.0  6565.0
10  94.0  883.0
10  69.0  3179.0
10  27.0  7385.0
10  19.0  8144.0
11  64.0  3607.0
11  92.0  833.0
11  36.0  6503.0
11  64.0  3645.0
11  0.0  10000.0
11  100.0  300.0
11  82.0  1818.0
11  46.0  5468.0
11  75.0  2717.0
11  87.0  1468.0
11  24.0  7651.0
11  75.0  2529.0
11  36.0  6450.0
11  31.0  6955.0
11  74.0  2825.0
11  30.0  7090.0
11  58.0  4340.0
11  75.0  2576.0
11  43.0  5741.0
11  74.0  2623.0
11  15.0  8523.0
11  37.0  6321.0
11  76.0  2560.0
11  4.0  9609.0
11  55.0  4613.0
11  44.0  5678.0
11  24.0  7649.0
11  17.0  8351.0
11  0.0  10000.0
11  72.0  2823.0
11  16.0  8447.0
11  89.0  1233.0
11  67.0  3366.0
11  0.0  10000.0
11  60.0  4095.0
11  43.0  5793.0
11  36.0  6491.0
11  75.0  2601.0
11  52.0  4857.0
11  35.0  6548.0
11  0.0  10000.0
11  81.0  1900.0
11  54.0  4656.0
11  28.0  7249.0
11  46.0  5500.0
11  55.0  4588.0
11  25.0  7555.0
11  76.0  2452.0
11  82.0  1802.0
11  66.0  3487.0
11  21.0  7948.0
11  49.0  5236.0
11  30.0  7069.0
11  69.0  3211.0
11  0.0  10000.0
11  49.0  5212.0
11  2.0  9806.0
11  83.0  1793.0
11  64.0  3667.0
11  60.0  4144.0
11  59.0  4236.0
11  80.0  2021.0
11  28.0  7229.0
11  74.0  2700.0
11  33.0  6799.0
11  78.0  2368.0
11  17.0  8334.0
11  64.0  3695.0
11  42.0  5881.0
11  47.0  5413.0
11  47.0  5369.0
11  20.0  8045.0
11  45.0  5557.0
11  95.0  522.0
11  60.0  4123.0
11  26.0  7461.0
11  19.0  8123.0
11  25.0  7564.0
11  54.0  4711.0
11  68.0  3310.0
11  84.0  1695.0
11  39.0  6217.0
11  28.0  7278.0
11  56.0  4483.0
11  35.0  6532.0
11  67.0  3371.0
11  0.0  10000.0
11  19.0  8152.0
11  32.0  6863.0
11  41.0  5978.0
11  29.0  7161.0
11  35.0  6545.0
11  0.0  10000.0
11  25.0  7542.0
11  42.0  5815.0
11  15.0  8537.0
11  34.0  6668.0
11  83.0  1795.0
11  31.0  6966.0
11  25.0  7561.0
12  64.0  3600.0
12  74.0  2739.0
12  55.0  4567.0
12  53.0  4813.0
12  76.0  2504.0
12  20.0  8030.0
12  73.0  2849.0
12  78.0  2237.0
12  74.0  2603.0
12  14.0  8634.0
12  10.0  9023.0
12  45.0  5583.0
12  80.0  2052.0
12  6.0  9418.0
12  56.0  4411.0
12  93.0  856.0
12  57.0  4362.0
12  1.0  9902.0
12  81.0  1934.0
12  40.0  6074.0
12  22.0  7849.0
12  88.0  1313.0
12  38.0  6300.0
12  11.0  8920.0
12  91.0  1082.0
12  51.0  4994.0
12  81.0  1943.0
12  43.0  5799.0
12  50.0  5093.0
12  73.0  2725.0
12  55.0  4647.0
12  38.0  6300.0
12  100.0  109.0
12  38.0  6281.0
12  34.0  6621.0
12  64.0  3628.0
12  22.0  7815.0
12  49.0  5108.0
12  95.0  594.0
12  54.0  4713.0
12  97.0  442.0
12  48.0  5312.0
12  62.0  3951.0
12  0.0  10000.0
12  67.0  3342.0
12  100.0  205.0
12  53.0  4832.0
12  35.0  6579.0
12  30.0  7039.0
12  34.0  6623.0
12  40.0  6040.0
12  0.0  10000.0
12  62.0  3858.0
12  100.0  9.0
12  94.0  602.0
12  37.0  6334.0
12  15.0  8548.0
12  20.0  8046.0
12  10.0  9027.0
12  26.0  7476.0
12  4.0  9612.0
12  47.0  5349.0
12  37.0  6367.0
12  33.0  6765.0
12  19.0  8132.0
12  44.0  5687.0
12  49.0  5204.0
12  55.0  4542.0
12  30.0  7051.0
12  55.0  4540.0
12  53.0  4734.0
12  56.0  4400.0
12  42.0  5871.0
12  90.0  1012.0
12  60.0  4089.0
12  31.0  6963.0
12  70.0  3117.0
12  0.0  10000.0
12  52.0  4869.0
12  59.0  4130.0
12  95.0  505.0
12  67.0  3371.0
12  41.0  5944.0
12  23.0  7746.0
12  73.0  2851.0
12  55.0  4560.0
12  64.0  3672.0
12  61.0  3990.0
12  44.0  5700.0
12  53.0  4760.0
12  59.0  4102.0
12  41.0  6024.0
12  69.0  3119.0
12  38.0  6339.0
12  37.0  6357.0
12  86.0  1572.0
12  43.0  5745.0
12  52.0  4864.0
12  26.0  7457.0
12  49.0  5221.0
13  63.0  3739.0
13  51.0  5033.0
13  95.0  595.0
13  78.0  2290.0
13  37.0  6397.0
13  0.0  10000.0
13  0.0  10000.0
13  100.0  16.0
13  66.0  3441.0
13  49.0  5193.0
13  65.0  3610.0
13  80.0  2023.0
13  35.0  6571.0
13  30.0  7077.0
13  78.0  2278.0
13  23.0  7752.0
13  77.0  2346.0
13  99.0  136.0
13  80.0  2041.0
13  92.0  851.0
13  100.0  207.0
13  41.0  5968.0
13  71.0  2936.0
13  18.0  8230.0
13  57.0  4366.0
13  98.0  396.0
13  36.0  6488.0
13  61.0  3934.0
13  12.0  8825.0
13  36.0  6488.0
13  43.0  5731.0
13  60.0  4054.0
13  74.0  2603.0
13  57.0  4356.0
13  75.0  2517.0
13  86.0  1453.0
13  12.0  8823.0
13  64.0  3699.0
13  22.0  7859.0
13  49.0  5125.0
13  86.0  1583.0
13  25.0  7552.0
13  77.0  2406.0
13  79.0  2157.0
13  63.0  3725.0
13  8.0  9221.0
13  82.0  1893.0
13  36.0  6499.0
13  51.0  4938.0
13  58.0  4304.0
13  53.0  4809.0
13  34.0  6634.0
13  33.0  6772.0
13  83.0  1705.0
13  34.0  6684.0
13  26.0  7479.0
13  45.0  5553.0
13  41.0  5950.0
13  39.0  6192.0
13  31.0  6966.0
13  0.0  10000.0
13  34.0  6636.0
13  71.0  2977.0
13  90.0  1058.0
13  57.0  4341.0
13  65.0  3567.0
13  75.0  2525.0
13  31.0  6964.0
13  0.0  10000.0
13  89.0  1182.0
13  49.0  5204.0
13  54.0  4663.0
13  23.0  7746.0
13  83.0  1792.0
13  76.0  2467.0
13  53.0  4840.0
13  26.0  7453.0
13  49.0  5186.0
13  39.0  6189.0
13  32.0  6817.0
13  28.0  7272.0
13  71.0  3025.0
13  41.0  5974.0
13  83.0  1791.0
13  85.0  1515.0
13  51.0  4946.0
13  2.0  9804.0
13  93.0  941.0
13  61.0  4022.0
13  47.0  5349.0
13  7.0  9308.0
13  56.0  4472.0
13  73.0  2733.0
13  97.0  449.0
13  65.0  3522.0
13  88.0  1254.0
13  69.0  3117.0
13  53.0  4739.0
13  39.0  6211.0
13  33.0  6734.0
14  32.0  6882.0
14  17.0  8323.0
14  69.0  3146.0
14  89.0  1102.0
14  63.0  3723.0
14  39.0  6201.0
14  100.0  124.0
14  45.0  5636.0
14  57.0  4318.0
14  31.0  6954.0
14  48.0  5298.0
14  65.0  3581.0
14  32.0  6823.0
14  93.0  732.0
14  6.0  9406.0
14  91.0  959.0
14  0.0  10000.0
14  38.0  6273.0
14  56.0  4456.0
14  75.0  2568.0
14  27.0  7344.0
14  68.0  3244.0
14  55.0  4578.0
14  81.0  1988.0
14  60.0  4064.0
14  0.0  10000.0
14  80.0  2050.0
14  81.0  1910.0
14  41.0  5991.0
14  100.0  20.0
14  41.0  5968.0
14  62.0  3874.0
14  35.0  6575.0
14  27.0  7379.0
14  67.0  3445.0
14  59.0  4247.0
14  39.0  6136.0
14  44.0  5630.0
14  0.0  10000.0
14  17.0  8325.0
14  53.0  4803.0
14  9.0  9125.0
14  40.0  6047.0
14  89.0  1199.0
14  21.0  7930.0
14  66.0  3479.0
14  100.0  53.0
14  40.0  6080.0
14  48.0  5254.0
14  47.0  5389.0
14  59.0  4166.0
14  43.0  5732.0
14  60.0  4127.0
14  99.0  209.0
14  21.0  7936.0
14  14.0  8642.0
14  9.0  9128.0
14  53.0  4814.0
14  34.0  6703.0
14  56.0  4495.0
14  52.0  4876.0
14  71.0  2920.0
14  59.0  4172.0
14  64.0  3730.0
14  84.0  1620.0
14  13.0  8725.0
14  96.0  436.0
14  45.0  5537.0
14  48.0  5305.0
14  81.0  1919.0
14  44.0  5694.0
14  71.0  2965.0
14  25.0  7539.0
14  62.0  3881.0
14  71.0  2958.0
14  79.0  2204.0
14  92.0  851.0
14  60.0  4115.0
14  86.0  1469.0
14  68.0  3228.0
14  23.0  7723.0
14  38.0  6248.0
14  100.0  108.0
14  16.0  8422.0
14  38.0  6263.0
14  81.0  1933.0
14  55.0  4595.0
14  55.0  4553.0
14  80.0  2005.0
14  22.0  7822.0
14  61.0  3976.0
14  35.0  6566.0
14  63.0  3764.0
14  60.0  4110.0
14  18.0  8254.0
14  24.0  7627.0
14  73.0  2851.0
14  0.0  10000.0
14  100.0  110.0
14  28.0  7284.0
15  94.0  655.0
15  100.0  13.0
15  34.0  6699.0
15  45.0  5564.0
15  75.0  2546.0
15  82.0  1881.0
15  76.0  2517.0
15  60.0  4090.0
15  75.0  2654.0
15  70.0  3063.0
15  80.0  2019.0
15  33.0  6775.0
15  42.0  5817.0
15  55.0  4586.0
15  46.0  5422.0
15  22.0  7814.0
15  6.0  9417.0
15  29.0  7128.0
15  35.0  6558.0
15  39.0  6155.0
15  53.0  4818.0
15  64.0  3697.0
15  65.0  3548.0
15  83.0  1888.0
15  73.0  2732.0
15  25.0  7573.0
15  19.0  8157.0
15  22.0  7836.0
15  82.0  1813.0
15  79.0  2159.0
15  72.0  2827.0
15  92.0  831.0
15  64.0  3647.0
15  0.0  10000.0
15  88.0  1337.0
15  35.0  6598.0
15  85.0  1606.0
15  65.0  3568.0
15  55.0  4610.0
15  75.0  2656.0
15  65.0  3630.0
15  55.0  4559.0
15  24.0  7642.0
15  62.0  3850.0
15  53.0  4795.0
15  57.0  4358.0
15  83.0  1727.0
15  86.0  1440.0
15  67.0  3359.0
15  53.0  4704.0
15  44.0  5631.0
15  70.0  3037.0
15  31.0  6929.0
15  43.0  5758.0
15  36.0  6475.0
15  56.0  4457.0
15  34.0  6672.0
15  50.0  5111.0
15  86.0  1441.0
15  54.0  4624.0
15  27.0  7462.0
15  81.0  2012.0
15  99.0  140.0
15  28.0  7259.0
15  46.0  5477.0
15  79.0  2162.0
15  20.0  8029.0
15  73.0  2849.0
15  65.0  3512.0
15  68.0  3236.0
15  10.0  9010.0
15  68.0  3276.0
15  92.0  986.0
15  69.0  3141.0
15  41.0  5990.0
15  40.0  6025.0
15  36.0  6470.0
15  66.0  3460.0
15  75.0  2578.0
15  38.0  6283.0
15  80.0  2066.0
15  31.0  6938.0
15  61.0  4027.0
15  72.0  2879.0
15  88.0  1239.0
15  51.0  4934.0
15  1.0  9903.0
15  72.0  2828.0
15  54.0  4635.0
15  84.0  1644.0
15  94.0  603.0
15  70.0  3073.0
15  26.0  7413.0
15  45.0  5538.0
15  33.0  6800.0
15  93.0  806.0
15  39.0  6205.0
15  25.0  7535.0
15  56.0  4415.0
15  100.0  107.0
16  37.0  6373.0
16  94.0  789.0
16  0.0  10000.0
16  41.0  5969.0
16  42.0  5870.0
16  47.0  5331.0
16  67.0  3404.0
16  56.0  4470.0
16  74.0  2687.0
16  46.0  5486.0
16  56.0  4481.0
16  15.0  8545.0
16  37.0  6329.0
16  44.0  5655.0
16  94.0  624.0
16  89.0  1121.0
16  51.0  4952.0
16  81.0  1966.0
16  44.0  5691.0
16  36.0  6483.0
16  32.0  6837.0
16  29.0  7166.0
16  83.0  1770.0
16  80.0  2080.0
16  85.0  1585.0
16  94.0  637.0
16  98.0  313.0
16  64.0  3701.0
16  21.0  7961.0
16  63.0  3811.0
16  9.0  9122.0
16  91.0  1176.0
16  100.0  200.0
16  27.0  7355.0
16  52.0  4859.0
16  27.0  7355.0
16  0.0  10000.0
16  0.0  10000.0
16  80.0  2057.0
16  64.0  3642.0
16  35.0  6559.0
16  91.0  916.0
16  77.0  2374.0
16  36.0  6485.0
16  80.0  2036.0
16  96.0  400.0
16  57.0  4312.0
16  97.0  380.0
16  35.0  6578.0
16  21.0  7948.0
16  36.0  6421.0
16  75.0  2520.0
16  49.0  5195.0
16  80.0  2058.0
16  89.0  1130.0
16  31.0  6977.0
16  88.0  1294.0
16  97.0  494.0
16  96.0  458.0
16  61.0  4033.0
16  37.0  6332.0
16  91.0  926.0
16  97.0  353.0
16  80.0  2137.0
16  42.0  5867.0
16  58.0  4275.0
16  67.0  3311.0
16  63.0  3739.0
16  41.0  5953.0
16  0.0  10000.0
16  83.0  1727.0
16  64.0  3664.0
16  36.0  6436.0
16  90.0  1000.0
16  79.0  2120.0
16  0.0  10000.0
16  53.0  4761.0
16  81.0  1975.0
16  66.0  3571.0
16  77.0  2404.0
16  5.0  9515.0
16  38.0  6282.0
16  17.0  8351.0
16  19.0  8147.0
16  16.0  8413.0
16  13.0  8732.0
16  64.0  3743.0
16  81.0  1920.0
16  57.0  4365.0
16  52.0  4862.0
16  84.0  1600.0
16  68.0  3338.0
16  100.0  14.0
16  23.0  7728.0
16  46.0  5493.0
16  34.0  6644.0
16  62.0  3866.0
16  96.0  400.0
16  77.0  2387.0
16  53.0  4771.0
17  63.0  3742.0
17  51.0  4991.0
17  94.0  695.0
17  77.0  2324.0
17  49.0  5174.0
17  53.0  4724.0
17  50.0  5042.0
17  81.0  1989.0
17  62.0  3845.0
17  95.0  544.0
17  59.0  4144.0
17  64.0  3680.0
17  51.0  4938.0
17  33.0  6774.0
17  70.0  3079.0
17  26.0  7414.0
17  69.0  3129.0
17  92.0  804.0
17  88.0  1360.0
17  42.0  5886.0
17  0.0  10000.0
17  73.0  2898.0
17  51.0  4947.0
17  69.0  3108.0
17  66.0  3423.0
17  71.0  2986.0
17  10.0  9031.0
17  39.0  6141.0
17  54.0  4730.0
17  69.0  3146.0
17  100.0  24.0
17  75.0  2593.0
17  73.0  2844.0
17  91.0  902.0
17  69.0  3159.0
17  15.0  8529.0
17  94.0  658.0
17  50.0  5114.0
17  79.0  2138.0
17  32.0  6852.0
17  16.0  8435.0
17  77.0  2362.0
17  49.0  5248.0
17  90.0  1004.0
17  50.0  5086.0
17  24.0  7649.0
17  86.0  1405.0
17  84.0  1609.0
17  82.0  1850.0
17  46.0  5462.0
17  37.0  6313.0
17  29.0  7175.0
17  22.0  7856.0
17  79.0  2138.0
17  79.0  2188.0
17  22.0  7838.0
17  93.0  740.0
17  41.0  5977.0
17  53.0  4776.0
17  0.0  10000.0
17  69.0  3148.0
17  58.0  4304.0
17  51.0  4965.0
17  18.0  8234.0
17  86.0  1572.0
17  37.0  6371.0
17  23.0  7746.0
17  83.0  1776.0
17  55.0  4577.0
17  80.0  2082.0
17  51.0  5007.0
17  77.0  2329.0
17  41.0  5932.0
17  54.0  4689.0
17  0.0  10000.0
17  73.0  2816.0
17  33.0  6751.0
17  47.0  5405.0
17  98.0  204.0
17  44.0  5702.0
17  0.0  10000.0
17  72.0  2826.0
17  67.0  3321.0
17  72.0  2890.0
17  80.0  2018.0
17  89.0  1121.0
17  95.0  500.0
17  84.0  1686.0
17  74.0  2633.0
17  27.0  7312.0
17  63.0  3758.0
17  66.0  3523.0
17  46.0  5496.0
17  39.0  6148.0
17  50.0  5048.0
17  59.0  4157.0
17  27.0  7357.0
17  20.0  8052.0
17  62.0  3834.0
17  31.0  6935.0
18  97.0  419.0
18  69.0  3209.0
18  56.0  4508.0
18  28.0  7271.0
18  89.0  1122.0
18  29.0  7139.0
18  59.0  4151.0
18  37.0  6343.0
18  22.0  7834.0
18  69.0  3191.0
18  53.0  4772.0
18  72.0  2946.0
18  58.0  4284.0
18  54.0  4662.0
18  33.0  6737.0
18  100.0  19.0
18  51.0  4965.0
18  74.0  2661.0
18  17.0  8335.0
18  51.0  4900.0
18  71.0  2957.0
18  24.0  7661.0
18  58.0  4200.0
18  88.0  1215.0
18  25.0  7550.0
18  77.0  2386.0
18  68.0  3247.0
18  26.0  7454.0
18  66.0  3553.0
18  55.0  4561.0
18  83.0  1731.0
18  58.0  4229.0
18  51.0  4970.0
18  57.0  4332.0
18  79.0  2167.0
18  62.0  3851.0
18  74.0  2675.0
18  79.0  2166.0
18  95.0  532.0
18  91.0  944.0
18  58.0  4258.0
18  93.0  743.0
18  100.0  8.0
18  67.0  3386.0
18  86.0  1422.0
18  10.0  9027.0
18  67.0  3310.0
18  52.0  4841.0
18  100.0  4.0
18  86.0  1454.0
18  42.0  5932.0
18  85.0  1517.0
18  8.0  9216.0
18  55.0  4585.0
18  64.0  3637.0
18  53.0  4752.0
18  79.0  2128.0
18  82.0  1824.0
18  0.0  10000.0
18  61.0  3989.0
18  61.0  3931.0
18  29.0  7165.0
18  75.0  2589.0
18  100.0  28.0
18  95.0  519.0
18  98.0  230.0
18  35.0  6571.0
18  0.0  10000.0
18  19.0  8138.0
18  78.0  2249.0
18  100.0  8.0
18  96.0  417.0
18  100.0  153.0
18  73.0  2716.0
18  84.0  1646.0
18  34.0  6650.0
18  79.0  2135.0
18  42.0  5866.0
18  14.0  8621.0
18  44.0  5656.0
18  100.0  13.0
18  97.0  366.0
18  78.0  2248.0
18  61.0  3953.0
18  67.0  3344.0
18  48.0  5301.0
18  52.0  4824.0
18  73.0  2734.0
18  92.0  813.0
18  39.0  6153.0
18  31.0  6950.0
18  51.0  4965.0
18  43.0  5806.0
18  34.0  6638.0
18  84.0  1651.0
18  71.0  2917.0
18  50.0  5027.0
18  49.0  5200.0
18  57.0  4343.0
18  69.0  3160.0
19  49.0  5148.0
19  31.0  6934.0
19  57.0  4390.0
19  67.0  3349.0
19  42.0  5858.0
19  29.0  7171.0
19  81.0  1938.0
19  98.0  204.0
19  53.0  4740.0
19  47.0  5343.0
19  47.0  5366.0
19  94.0  600.0
19  61.0  3974.0
19  97.0  301.0
19  0.0  10000.0
19  95.0  506.0
19  84.0  1608.0
19  85.0  1549.0
19  72.0  2844.0
19  56.0  4463.0
19  22.0  7825.0
19  43.0  5776.0
19  59.0  4135.0
19  38.0  6252.0
19  80.0  2015.0
19  53.0  4730.0
19  100.0  205.0
19  95.0  532.0
19  46.0  5467.0
19  75.0  2621.0
19  17.0  8341.0
19  88.0  1246.0
19  56.0  4512.0
19  77.0  2334.0
19  72.0  3041.0
19  25.0  7561.0
19  66.0  3441.0
19  71.0  2944.0
19  61.0  4056.0
19  63.0  3829.0
19  94.0  649.0
19  55.0  4590.0
19  46.0  5493.0
19  75.0  2533.0
19  58.0  4212.0
19  64.0  3618.0
19  100.0  20.0
19  88.0  1228.0
19  81.0  1919.0
19  30.0  7060.0
19  99.0  130.0
19  87.0  1356.0
19  44.0  5689.0
19  80.0  2006.0
19  29.0  7162.0
19  61.0  3914.0
19  0.0  10000.0
19  87.0  1338.0
19  78.0  2244.0
19  66.0  3517.0
19  85.0  1614.0
19  64.0  3626.0
19  43.0  5786.0
19  33.0  6736.0
19  67.0  3342.0
19  62.0  3857.0
19  88.0  1209.0
19  73.0  2721.0
19  79.0  2158.0
19  90.0  1024.0
19  56.0  4448.0
19  67.0  3349.0
19  86.0  1414.0
19  100.0  7.0
19  95.0  503.0
19  81.0  1919.0
19  69.0  3213.0
19  60.0  4097.0
19  68.0  3268.0
19  72.0  2846.0
19  70.0  3107.0
19  90.0  1043.0
19  31.0  6962.0
19  72.0  2833.0
19  52.0  4852.0
19  60.0  4107.0
19  100.0  201.0
19  45.0  5561.0
19  90.0  1110.0
19  64.0  3662.0
19  96.0  512.0
19  82.0  1815.0
19  49.0  5247.0
19  64.0  3690.0
19  66.0  3530.0
19  100.0  39.0
19  73.0  2703.0
19  53.0  4789.0
19  81.0  1916.0
19  0.0  10000.0
20  65.0  3548.0
20  83.0  1730.0
20  95.0  508.0
20  61.0  3942.0
20  65.0  3578.0
20  77.0  2378.0
20  62.0  3923.0
20  48.0  5298.0
20  71.0  2982.0
20  68.0  3245.0
20  99.0  120.0
20  72.0  2875.0
20  73.0  2736.0
20  58.0  4231.0
20  55.0  4567.0
20  73.0  2777.0
20  47.0  5364.0
20  54.0  4644.0
20  97.0  327.0
20  82.0  1854.0
20  79.0  2141.0
20  62.0  3860.0
20  49.0  5194.0
20  84.0  1709.0
20  97.0  311.0
20  61.0  3913.0
20  20.0  8033.0
20  95.0  524.0
20  40.0  6086.0
20  38.0  6273.0
20  77.0  2401.0
20  62.0  3937.0
20  90.0  1040.0
20  52.0  4896.0
20  27.0  7327.0
20  89.0  1144.0
20  97.0  374.0
20  100.0  15.0
20  99.0  128.0
20  100.0  78.0
20  46.0  5479.0
20  92.0  902.0
20  76.0  2405.0
20  90.0  1032.0
20  84.0  1643.0
20  80.0  2045.0
20  0.0  10000.0
20  55.0  4605.0
20  51.0  4961.0
20  89.0  1100.0
20  53.0  4759.0
20  48.0  5279.0
20  50.0  5099.0
20  66.0  3429.0
20  85.0  1522.0
20  39.0  6147.0
20  42.0  5885.0
20  93.0  701.0
20  90.0  1048.0
20  54.0  4688.0
20  100.0  7.0
20  74.0  2624.0
20  39.0  6171.0
20  37.0  6361.0
20  83.0  1804.0
20  81.0  1915.0
20  70.0  3123.0
20  99.0  301.0
20  46.0  5422.0
20  82.0  1824.0
20  72.0  2832.0
20  68.0  3281.0
20  68.0  3287.0
20  15.0  8542.0
20  61.0  3936.0
20  88.0  1261.0
20  52.0  4905.0
20  63.0  3852.0
20  75.0  2576.0
20  100.0  1.0
20  69.0  3114.0
20  44.0  5636.0
20  75.0  2606.0
20  13.0  8720.0
20  0.0  10000.0
20  53.0  4808.0
20  60.0  4052.0
20  47.0  5353.0
20  86.0  1411.0
20  100.0  65.0
20  47.0  5348.0
20  83.0  1756.0
20  65.0  3577.0
20  68.0  3232.0
20  63.0  3742.0
20  94.0  672.0
20  53.0  4769.0
20  99.0  142.0
20  65.0  3581.0
20  69.0  3135.0
