1  80.0  1071.0
1  36.0  504.0
1  30.0  583.0
1  48.0  664.0
1  47.0  421.0
1  0.0  377.0
1  56.0  702.0
1  0.0  317.0
1  31.0  360.0
1  94.0  833.0
1  77.0  855.0
1  45.0  492.0
1  30.0  570.0
1  16.0  651.0
1  38.0  633.0
1  44.0  884.0
1  64.0  913.0
1  43.0  898.0
1  32.0  559.0
1  22.0  468.0
1  67.0  298.0
1  14.0  533.0
1  65.0  978.0
1  61.0  605.0
1  62.0  713.0
1  70.0  779.0
1  33.0  558.0
1  42.0  674.0
1  62.0  725.0
1  36.0  711.0
1  23.0  481.0
1  7.0  257.0
1  73.0  994.0
1  45.0  564.0
1  56.0  713.0
1  44.0  553.0
1  49.0  824.0
1  60.0  831.0
1  53.0  682.0
1  64.0  764.0
1  59.0  927.0
1  33.0  440.0
1  14.0  652.0
1  70.0  1022.0
1  71.0  993.0
1  76.0  929.0
1  48.0  807.0
1  32.0  596.0
1  94.0  696.0
1  91.0  864.0
1  52.0  498.0
1  70.0  1022.0
1  38.0  719.0
1  38.0  567.0
1  56.0  731.0
1  58.0  687.0
1  86.0  799.0
1  37.0  641.0
1  50.0  727.0
1  46.0  632.0
1  32.0  480.0
1  72.0  934.0
1  13.0  186.0
1  57.0  779.0
1  76.0  501.0
1  52.0  661.0
1  23.0  704.0
1  45.0  657.0
1  29.0  664.0
1  62.0  767.0
1  0.0  648.0
1  53.0  873.0
1  40.0  646.0
1  42.0  569.0
1  42.0  426.0
1  38.0  716.0
1  55.0  760.0
1  60.0  761.0
1  55.0  677.0
1  29.0  671.0
1  0.0  335.0
1  100.0  777.0
1  63.0  893.0
1  46.0  738.0
1  53.0  803.0
1  44.0  808.0
1  65.0  578.0
1  42.0  669.0
1  10.0  455.0
1  50.0  724.0
1  19.0  635.0
1  0.0  623.0
1  22.0  602.0
1  29.0  540.0
1  69.0  635.0
1  49.0  669.0
1  28.0  582.0
1  50.0  1009.0
1  50.0  749.0
1  66.0  654.0
2  16.0  309.0
2  23.0  632.0
2  97.0  987.0
2  37.0  639.0
2  36.0  592.0
2  38.0  459.0
2  32.0  653.0
2  63.0  601.0
2  36.0  903.0
2  90.0  715.0
2  21.0  374.0
2  100.0  1060.0
2  44.0  556.0
2  37.0  586.0
2  33.0  542.0
2  52.0  817.0
2  17.0  443.0
2  30.0  565.0
2  54.0  768.0
2  34.0  440.0
2  48.0  656.0
2  62.0  723.0
2  74.0  611.0
2  36.0  712.0
2  43.0  817.0
2  37.0  723.0
2  56.0  866.0
2  36.0  626.0
2  28.0  194.0
2  43.0  812.0
2  39.0  711.0
2  76.0  874.0
2  0.0  586.0
2  31.0  688.0
2  60.0  748.0
2  21.0  458.0
2  68.0  869.0
2  41.0  642.0
2  86.0  1012.0
2  26.0  573.0
2  45.0  698.0
2  31.0  456.0
2  56.0  971.0
2  55.0  625.0
2  47.0  723.0
2  62.0  877.0
2  83.0  849.0
2  23.0  669.0
2  48.0  492.0
2  32.0  645.0
2  53.0  801.0
2  68.0  950.0
2  70.0  855.0
2  64.0  898.0
2  61.0  843.0
2  59.0  804.0
2  42.0  644.0
2  41.0  672.0
2  55.0  671.0
2  34.0  492.0
2  65.0  842.0
2  71.0  1057.0
2  76.0  989.0
2  75.0  1098.0
2  42.0  672.0
2  100.0  1349.0
2  11.0  390.0
2  12.0  504.0
2  40.0  713.0
2  31.0  386.0
2  46.0  1083.0
2  26.0  436.0
2  48.0  792.0
2  73.0  884.0
2  19.0  311.0
2  12.0  471.0
2  50.0  821.0
2  49.0  887.0
2  20.0  575.0
2  45.0  584.0
2  21.0  832.0
2  64.0  736.0
2  90.0  1042.0
2  38.0  529.0
2  28.0  553.0
2  81.0  1227.0
2  67.0  754.0
2  20.0  379.0
2  54.0  960.0
2  84.0  995.0
2  32.0  404.0
2  23.0  606.0
2  57.0  949.0
2  61.0  789.0
2  61.0  855.0
2  0.0  100.0
2  56.0  794.0
2  47.0  676.0
2  89.0  1000.0
2  26.0  469.0
3  42.0  822.0
3  67.0  598.0
3  53.0  797.0
3  39.0  666.0
3  64.0  660.0
3  100.0  800.0
3  33.0  446.0
3  51.0  674.0
3  57.0  726.0
3  100.0  1196.0
3  63.0  785.0
3  2.0  340.0
3  67.0  934.0
3  16.0  265.0
3  46.0  695.0
3  33.0  719.0
3  16.0  324.0
3  34.0  558.0
3  15.0  391.0
3  26.0  540.0
3  40.0  485.0
3  31.0  603.0
3  41.0  683.0
3  5.0  361.0
3  52.0  635.0
3  81.0  707.0
3  72.0  705.0
3  24.0  429.0
3  42.0  707.0
3  48.0  700.0
3  45.0  936.0
3  32.0  587.0
3  100.0  1193.0
3  31.0  602.0
3  56.0  811.0
3  18.0  635.0
3  100.0  1100.0
3  26.0  390.0
3  85.0  1174.0
3  39.0  495.0
3  56.0  640.0
3  41.0  631.0
3  36.0  483.0
3  74.0  764.0
3  81.0  753.0
3  63.0  839.0
3  53.0  789.0
3  42.0  354.0
3  59.0  578.0
3  35.0  617.0
3  0.0  363.0
3  16.0  594.0
3  100.0  1042.0
3  62.0  725.0
3  50.0  702.0
3  15.0  488.0
3  44.0  476.0
3  20.0  343.0
3  43.0  581.0
3  72.0  732.0
3  40.0  699.0
3  63.0  843.0
3  32.0  454.0
3  37.0  608.0
3  63.0  852.0
3  23.0  579.0
3  19.0  257.0
3  43.0  584.0
3  25.0  835.0
3  70.0  765.0
3  18.0  458.0
3  17.0  402.0
3  4.0  333.0
3  52.0  618.0
3  36.0  582.0
3  34.0  397.0
3  24.0  382.0
3  67.0  865.0
3  58.0  766.0
3  59.0  625.0
3  57.0  721.0
3  53.0  791.0
3  50.0  714.0
3  51.0  666.0
3  56.0  500.0
3  33.0  755.0
3  0.0  121.0
3  22.0  593.0
3  20.0  395.0
3  39.0  337.0
3  35.0  520.0
3  28.0  634.0
3  18.0  428.0
3  82.0  804.0
3  56.0  430.0
3  0.0  343.0
3  48.0  471.0
3  26.0  495.0
3  32.0  603.0
3  32.0  372.0
4  61.0  795.0
4  77.0  844.0
4  100.0  1266.0
4  6.0  506.0
4  42.0  584.0
4  48.0  496.0
4  61.0  909.0
4  29.0  528.0
4  100.0  935.0
4  48.0  786.0
4  30.0  276.0
4  56.0  695.0
4  14.0  382.0
4  38.0  589.0
4  5.0  440.0
4  17.0  603.0
4  15.0  303.0
4  25.0  839.0
4  100.0  1341.0
4  80.0  844.0
4  51.0  1000.0
4  82.0  1031.0
4  38.0  472.0
4  70.0  750.0
4  0.0  146.0
4  44.0  669.0
4  23.0  726.0
4  34.0  457.0
4  43.0  661.0
4  78.0  765.0
4  45.0  698.0
4  59.0  488.0
4  24.0  774.0
4  0.0  710.0
4  45.0  685.0
4  32.0  604.0
4  2.0  413.0
4  0.0  173.0
4  10.0  383.0
4  81.0  448.0
4  31.0  665.0
4  59.0  879.0
4  85.0  1135.0
4  69.0  779.0
4  66.0  847.0
4  50.0  751.0
4  15.0  459.0
4  14.0  306.0
4  19.0  551.0
4  40.0  682.0
4  56.0  844.0
4  94.0  1438.0
4  34.0  481.0
4  73.0  1094.0
4  62.0  684.0
4  100.0  1550.0
4  60.0  870.0
4  43.0  881.0
4  17.0  457.0
4  38.0  648.0
4  46.0  599.0
4  28.0  1167.0
4  54.0  559.0
4  43.0  545.0
4  37.0  451.0
4  10.0  538.0
4  69.0  1033.0
4  41.0  557.0
4  80.0  823.0
4  68.0  860.0
4  28.0  670.0
4  27.0  556.0
4  68.0  957.0
4  0.0  5.0
4  24.0  720.0
4  82.0  1161.0
4  56.0  717.0
4  81.0  687.0
4  43.0  758.0
4  53.0  694.0
4  100.0  948.0
4  78.0  1105.0
4  21.0  326.0
4  11.0  763.0
4  58.0  788.0
4  83.0  1215.0
4  57.0  1086.0
4  0.0  148.0
4  33.0  471.0
4  14.0  319.0
4  49.0  731.0
4  36.0  487.0
4  45.0  776.0
4  52.0  570.0
4  74.0  914.0
4  46.0  684.0
4  36.0  473.0
4  33.0  590.0
4  66.0  795.0
4  52.0  751.0
5  51.0  545.0
5  18.0  270.0
5  43.0  699.0
5  23.0  578.0
5  73.0  994.0
5  0.0  235.0
5  50.0  965.0
5  42.0  536.0
5  36.0  640.0
5  17.0  631.0
5  38.0  692.0
5  49.0  944.0
5  82.0  1278.0
5  99.0  1229.0
5  41.0  534.0
5  55.0  746.0
5  10.0  469.0
5  41.0  625.0
5  61.0  848.0
5  63.0  891.0
5  36.0  722.0
5  32.0  791.0
5  78.0  1026.0
5  84.0  809.0
5  100.0  796.0
5  49.0  662.0
5  34.0  641.0
5  100.0  999.0
5  40.0  662.0
5  76.0  957.0
5  14.0  417.0
5  53.0  711.0
5  26.0  532.0
5  63.0  829.0
5  36.0  870.0
5  32.0  1467.0
5  100.0  1700.0
5  37.0  752.0
5  70.0  924.0
5  0.0  369.0
5  87.0  1096.0
5  57.0  806.0
5  47.0  619.0
5  7.0  668.0
5  6.0  416.0
5  55.0  577.0
5  21.0  611.0
5  30.0  516.0
5  0.0  193.0
5  37.0  374.0
5  67.0  906.0
5  0.0  95.0
5  10.0  361.0
5  19.0  389.0
5  21.0  381.0
5  62.0  752.0
5  59.0  642.0
5  96.0  1355.0
5  45.0  536.0
5  87.0  777.0
5  67.0  717.0
5  50.0  875.0
5  31.0  702.0
5  24.0  398.0
5  44.0  643.0
5  69.0  688.0
5  0.0  189.0
5  12.0  355.0
5  0.0  245.0
5  57.0  712.0
5  53.0  807.0
5  32.0  575.0
5  75.0  751.0
5  37.0  823.0
5  75.0  856.0
5  54.0  775.0
5  14.0  386.0
5  27.0  364.0
5  16.0  296.0
5  50.0  987.0
5  37.0  615.0
5  100.0  378.0
5  50.0  872.0
5  29.0  569.0
5  59.0  838.0
5  35.0  601.0
5  51.0  723.0
5  49.0  796.0
5  0.0  265.0
5  35.0  554.0
5  60.0  684.0
5  18.0  426.0
5  42.0  839.0
5  21.0  447.0
5  64.0  495.0
5  61.0  835.0
5  78.0  704.0
5  46.0  891.0
5  100.0  778.0
5  21.0  460.0
