0  82.0  287.0
0  69.0  344.0
0  85.0  274.0
0  23.0  242.0
0  83.0  290.0
0  63.0  351.0
0  31.0  478.0
0  0.0  501.0
0  42.0  487.0
0  37.0  419.0
0  93.0  248.0
0  75.0  289.0
0  50.0  371.0
0  70.0  299.0
0  19.0  475.0
0  47.0  426.0
0  28.0  489.0
0  9.0  879.0
0  37.0  520.0
0  46.0  374.0
0  70.0  304.0
0  65.0  411.0
0  13.0  454.0
0  63.0  306.0
0  23.0  529.0
0  56.0  459.0
0  25.0  398.0
0  0.0  691.0
0  9.0  487.0
0  25.0  254.0
0  94.0  214.0
0  64.0  300.0
0  30.0  559.0
0  84.0  264.0
0  33.0  586.0
0  60.0  579.0
0  11.0  563.0
0  64.0  409.0
0  32.0  508.0
0  73.0  396.0
0  39.0  297.0
0  84.0  302.0
0  13.0  379.0
0  40.0  394.0
0  6.0  330.0
0  39.0  422.0
0  56.0  449.0
0  37.0  392.0
0  69.0  333.0
0  21.0  518.0
0  87.0  271.0
0  26.0  346.0
0  52.0  429.0
0  11.0  553.0
0  77.0  269.0
0  29.0  462.0
0  40.0  419.0
0  69.0  402.0
0  38.0  592.0
0  92.0  240.0
0  86.0  250.0
0  64.0  425.0
0  71.0  361.0
0  98.0  210.0
0  62.0  414.0
0  70.0  339.0
0  16.0  438.0
0  16.0  356.0
0  22.0  506.0
0  20.0  611.0
0  77.0  282.0
0  45.0  403.0
0  36.0  532.0
0  31.0  420.0
0  53.0  453.0
0  64.0  359.0
0  0.0  300.0
0  44.0  382.0
0  23.0  577.0
0  72.0  358.0
0  0.0  251.0
0  55.0  435.0
0  66.0  386.0
0  33.0  482.0
0  42.0  466.0
0  43.0  386.0
0  69.0  298.0
0  55.0  447.0
0  58.0  490.0
0  28.0  391.0
0  28.0  597.0
0  11.0  523.0
0  60.0  331.0
0  10.0  342.0
0  43.0  395.0
0  44.0  390.0
0  38.0  459.0
0  19.0  402.0
0  25.0  403.0
0  50.0  389.0
1  53.0  313.0
1  69.0  332.0
1  17.0  510.0
1  61.0  252.0
1  23.0  432.0
1  77.0  279.0
1  65.0  361.0
1  77.0  310.0
1  93.0  224.0
1  67.0  350.0
1  53.0  570.0
1  0.0  672.0
1  18.0  504.0
1  60.0  347.0
1  44.0  397.0
1  41.0  530.0
1  41.0  414.0
1  57.0  419.0
1  58.0  392.0
1  30.0  399.0
1  48.0  315.0
1  60.0  411.0
1  52.0  447.0
1  51.0  419.0
1  53.0  631.0
1  48.0  294.0
1  18.0  579.0
1  58.0  373.0
1  41.0  326.0
1  16.0  404.0
1  45.0  445.0
1  69.0  293.0
1  56.0  429.0
1  2.0  818.0
1  55.0  373.0
1  72.0  335.0
1  54.0  274.0
1  26.0  422.0
1  61.0  373.0
1  67.0  382.0
1  60.0  397.0
1  36.0  393.0
1  57.0  377.0
1  90.0  163.0
1  24.0  480.0
1  62.0  262.0
1  44.0  299.0
1  64.0  211.0
1  88.0  251.0
1  55.0  357.0
1  20.0  442.0
1  26.0  467.0
1  64.0  334.0
1  32.0  492.0
1  85.0  165.0
1  55.0  402.0
1  38.0  245.0
1  26.0  520.0
1  46.0  374.0
1  27.0  420.0
1  60.0  522.0
1  41.0  400.0
1  12.0  783.0
1  56.0  418.0
1  14.0  531.0
1  57.0  416.0
1  62.0  243.0
1  56.0  399.0
1  93.0  261.0
1  0.0  438.0
1  40.0  393.0
1  54.0  417.0
1  38.0  396.0
1  50.0  390.0
1  71.0  325.0
1  50.0  415.0
1  31.0  557.0
1  71.0  220.0
1  0.0  579.0
1  35.0  238.0
1  54.0  366.0
1  51.0  422.0
1  38.0  459.0
1  37.0  410.0
1  33.0  534.0
1  59.0  430.0
1  77.0  345.0
1  43.0  367.0
1  31.0  342.0
1  51.0  397.0
1  38.0  585.0
1  66.0  477.0
1  17.0  504.0
1  40.0  456.0
1  32.0  451.0
1  67.0  295.0
1  37.0  300.0
1  44.0  443.0
1  18.0  522.0
1  13.0  437.0
2  79.0  264.0
2  19.0  369.0
2  82.0  221.0
2  48.0  279.0
2  75.0  348.0
2  56.0  400.0
2  34.0  367.0
2  59.0  316.0
2  44.0  457.0
2  28.0  348.0
2  47.0  403.0
2  68.0  335.0
2  30.0  388.0
2  64.0  326.0
2  72.0  418.0
2  62.0  256.0
2  43.0  393.0
2  48.0  425.0
2  66.0  314.0
2  81.0  288.0
2  66.0  350.0
2  40.0  347.0
2  30.0  528.0
2  45.0  376.0
2  63.0  285.0
2  63.0  372.0
2  11.0  373.0
2  40.0  383.0
2  50.0  521.0
2  4.0  524.0
2  80.0  268.0
2  65.0  371.0
2  63.0  425.0
2  18.0  460.0
2  68.0  175.0
2  50.0  343.0
2  68.0  370.0
2  65.0  325.0
2  11.0  225.0
2  83.0  211.0
2  67.0  353.0
2  74.0  369.0
2  51.0  434.0
2  56.0  360.0
2  66.0  297.0
2  38.0  273.0
2  27.0  348.0
2  66.0  347.0
2  33.0  400.0
2  67.0  235.0
2  73.0  303.0
2  44.0  454.0
2  42.0  415.0
2  44.0  366.0
2  42.0  466.0
2  48.0  274.0
2  91.0  182.0
2  25.0  520.0
2  33.0  335.0
2  49.0  390.0
2  0.0  640.0
2  40.0  318.0
2  45.0  421.0
2  100.0  200.0
2  60.0  224.0
2  94.0  80.0
2  85.0  290.0
2  69.0  261.0
2  10.0  511.0
2  69.0  264.0
2  36.0  435.0
2  3.0  480.0
2  19.0  550.0
2  100.0  106.0
2  53.0  432.0
2  71.0  256.0
2  37.0  400.0
2  22.0  146.0
2  65.0  283.0
2  46.0  390.0
2  80.0  191.0
2  50.0  425.0
2  56.0  287.0
2  51.0  258.0
2  79.0  312.0
2  65.0  388.0
2  36.0  522.0
2  81.0  238.0
2  63.0  313.0
2  49.0  544.0
2  52.0  467.0
2  49.0  321.0
2  0.0  117.0
2  0.0  501.0
2  50.0  471.0
2  43.0  472.0
2  53.0  306.0
2  31.0  649.0
2  100.0  200.0
2  98.0  117.0
3  72.0  252.0
3  35.0  467.0
3  44.0  410.0
3  37.0  367.0
3  22.0  447.0
3  48.0  287.0
3  83.0  266.0
3  52.0  309.0
3  56.0  378.0
3  35.0  495.0
3  74.0  287.0
3  36.0  387.0
3  77.0  267.0
3  81.0  305.0
3  75.0  269.0
3  71.0  330.0
3  53.0  346.0
3  94.0  226.0
3  58.0  421.0
3  32.0  428.0
3  48.0  471.0
3  70.0  272.0
3  95.0  160.0
3  80.0  201.0
3  100.0  200.0
3  63.0  286.0
3  76.0  291.0
3  79.0  268.0
3  69.0  333.0
3  48.0  314.0
3  43.0  384.0
3  100.0  200.0
3  60.0  402.0
3  34.0  509.0
3  0.0  354.0
3  37.0  349.0
3  100.0  100.0
3  36.0  296.0
3  47.0  341.0
3  92.0  261.0
3  8.0  441.0
3  44.0  399.0
3  45.0  457.0
3  31.0  505.0
3  65.0  276.0
3  48.0  344.0
3  73.0  359.0
3  43.0  387.0
3  44.0  415.0
3  86.0  294.0
3  55.0  420.0
3  33.0  330.0
3  50.0  449.0
3  77.0  179.0
3  50.0  273.0
3  0.0  670.0
3  60.0  344.0
3  48.0  349.0
3  78.0  257.0
3  78.0  264.0
3  41.0  280.0
3  97.0  89.0
3  23.0  452.0
3  58.0  217.0
3  33.0  459.0
3  59.0  354.0
3  68.0  279.0
3  35.0  440.0
3  52.0  298.0
3  72.0  218.0
3  13.0  291.0
3  21.0  405.0
3  37.0  485.0
3  37.0  287.0
3  74.0  229.0
3  42.0  342.0
3  72.0  245.0
3  40.0  409.0
3  38.0  411.0
3  70.0  386.0
3  64.0  290.0
3  7.0  591.0
3  70.0  155.0
3  31.0  329.0
3  66.0  276.0
3  32.0  483.0
3  41.0  444.0
3  33.0  459.0
3  30.0  739.0
3  75.0  224.0
3  41.0  439.0
3  34.0  331.0
3  65.0  399.0
3  65.0  397.0
3  59.0  427.0
3  98.0  129.0
3  88.0  243.0
3  95.0  87.0
3  39.0  352.0
3  91.0  44.0
4  22.0  356.0
4  50.0  430.0
4  76.0  243.0
4  67.0  251.0
4  0.0  287.0
4  37.0  480.0
4  50.0  358.0
4  60.0  432.0
4  72.0  271.0
4  81.0  106.0
4  61.0  296.0
4  53.0  407.0
4  58.0  336.0
4  39.0  374.0
4  60.0  452.0
4  50.0  404.0
4  64.0  317.0
4  47.0  482.0
4  55.0  390.0
4  28.0  440.0
4  81.0  271.0
4  24.0  421.0
4  58.0  249.0
4  92.0  234.0
4  100.0  103.0
4  75.0  255.0
4  84.0  206.0
4  47.0  353.0
4  75.0  206.0
4  20.0  455.0
4  53.0  434.0
4  46.0  408.0
4  43.0  298.0
4  52.0  277.0
4  62.0  154.0
4  51.0  364.0
4  28.0  401.0
4  69.0  265.0
4  55.0  409.0
4  37.0  571.0
4  62.0  347.0
4  48.0  356.0
4  35.0  449.0
4  58.0  259.0
4  79.0  318.0
4  35.0  421.0
4  0.0  554.0
4  25.0  476.0
4  31.0  544.0
4  98.0  124.0
4  100.0  149.0
4  50.0  477.0
4  77.0  218.0
4  32.0  390.0
4  21.0  440.0
4  6.0  898.0
4  55.0  341.0
4  34.0  496.0
4  52.0  377.0
4  37.0  444.0
4  88.0  104.0
4  45.0  537.0
4  60.0  302.0
4  34.0  361.0
4  36.0  472.0
4  49.0  265.0
4  9.0  650.0
4  68.0  236.0
4  97.0  23.0
4  97.0  13.0
4  88.0  177.0
4  85.0  194.0
4  51.0  258.0
4  49.0  418.0
4  64.0  429.0
4  58.0  270.0
4  84.0  190.0
4  87.0  147.0
4  51.0  305.0
4  67.0  342.0
4  46.0  328.0
4  100.0  15.0
4  82.0  184.0
4  60.0  363.0
4  71.0  269.0
4  84.0  174.0
4  60.0  377.0
4  53.0  353.0
4  65.0  310.0
4  33.0  492.0
4  72.0  328.0
4  22.0  371.0
4  90.0  143.0
4  42.0  375.0
4  65.0  312.0
4  43.0  527.0
4  48.0  412.0
4  73.0  254.0
4  98.0  58.0
4  48.0  282.0
5  78.0  229.0
5  20.0  649.0
5  44.0  336.0
5  27.0  453.0
5  28.0  462.0
5  24.0  301.0
5  71.0  360.0
5  18.0  499.0
5  73.0  248.0
5  0.0  703.0
5  60.0  295.0
5  80.0  306.0
5  69.0  299.0
5  63.0  266.0
5  72.0  302.0
5  53.0  289.0
5  68.0  283.0
5  61.0  305.0
5  66.0  293.0
5  100.0  40.0
5  78.0  222.0
5  43.0  303.0
5  100.0  105.0
5  21.0  615.0
5  85.0  213.0
5  82.0  191.0
5  74.0  213.0
5  55.0  405.0
5  73.0  207.0
5  59.0  212.0
5  90.0  254.0
5  30.0  395.0
5  27.0  516.0
5  81.0  136.0
5  77.0  177.0
5  40.0  422.0
5  86.0  177.0
5  77.0  336.0
5  55.0  433.0
5  74.0  284.0
5  85.0  140.0
5  53.0  459.0
5  62.0  311.0
5  100.0  32.0
5  28.0  408.0
5  87.0  226.0
5  63.0  343.0
5  33.0  488.0
5  58.0  349.0
5  45.0  572.0
5  42.0  480.0
5  31.0  333.0
5  50.0  356.0
5  49.0  301.0
5  74.0  226.0
5  100.0  94.0
5  100.0  107.0
5  61.0  288.0
5  82.0  207.0
5  60.0  317.0
5  3.0  488.0
5  55.0  254.0
5  64.0  263.0
5  68.0  238.0
5  100.0  101.0
5  82.0  277.0
5  85.0  182.0
5  50.0  362.0
5  68.0  410.0
5  59.0  321.0
5  35.0  412.0
5  72.0  292.0
5  71.0  326.0
5  66.0  356.0
5  40.0  365.0
5  92.0  143.0
5  100.0  168.0
5  0.0  562.0
5  33.0  190.0
5  87.0  114.0
5  60.0  363.0
5  35.0  504.0
5  59.0  290.0
5  72.0  289.0
5  64.0  221.0
5  85.0  305.0
5  31.0  486.0
5  41.0  411.0
5  70.0  218.0
5  92.0  171.0
5  74.0  168.0
5  38.0  373.0
5  0.0  191.0
5  78.0  235.0
5  85.0  152.0
5  65.0  155.0
5  42.0  321.0
5  96.0  59.0
5  27.0  427.0
5  69.0  263.0
6  82.0  302.0
6  12.0  309.0
6  87.0  159.0
6  27.0  323.0
6  20.0  103.0
6  42.0  303.0
6  72.0  217.0
6  83.0  146.0
6  76.0  244.0
6  71.0  398.0
6  3.0  860.0
6  89.0  171.0
6  62.0  279.0
6  63.0  249.0
6  40.0  418.0
6  72.0  282.0
6  81.0  114.0
6  100.0  11.0
6  46.0  353.0
6  41.0  345.0
6  77.0  257.0
6  0.0  0.0
6  48.0  387.0
6  67.0  289.0
6  99.0  22.0
6  51.0  391.0
6  74.0  331.0
6  69.0  322.0
6  68.0  238.0
6  50.0  249.0
6  82.0  191.0
6  66.0  130.0
6  63.0  316.0
6  92.0  117.0
6  66.0  309.0
6  46.0  367.0
6  34.0  332.0
6  99.0  13.0
6  41.0  399.0
6  95.0  150.0
6  82.0  188.0
6  91.0  108.0
6  29.0  406.0
6  55.0  423.0
6  92.0  92.0
6  30.0  521.0
6  100.0  24.0
6  5.0  1176.0
6  64.0  287.0
6  45.0  315.0
6  71.0  165.0
6  83.0  114.0
6  20.0  593.0
6  36.0  351.0
6  73.0  323.0
6  100.0  33.0
6  62.0  288.0
6  73.0  153.0
6  63.0  172.0
6  58.0  280.0
6  72.0  249.0
6  70.0  282.0
6  51.0  372.0
6  94.0  78.0
6  55.0  245.0
6  99.0  109.0
6  63.0  298.0
6  54.0  388.0
6  91.0  77.0
6  57.0  383.0
6  65.0  215.0
6  51.0  363.0
6  28.0  408.0
6  91.0  116.0
6  93.0  164.0
6  82.0  202.0
6  62.0  246.0
6  83.0  272.0
6  84.0  280.0
6  61.0  280.0
6  43.0  394.0
6  65.0  328.0
6  91.0  139.0
6  45.0  357.0
6  61.0  278.0
6  57.0  376.0
6  93.0  167.0
6  85.0  128.0
6  47.0  348.0
6  55.0  599.0
6  100.0  7.0
6  37.0  517.0
6  83.0  171.0
6  77.0  267.0
6  25.0  283.0
6  78.0  243.0
6  36.0  375.0
6  17.0  282.0
6  57.0  429.0
6  100.0  58.0
7  40.0  403.0
7  100.0  5.0
7  93.0  77.0
7  80.0  215.0
7  17.0  266.0
7  51.0  365.0
7  100.0  180.0
7  93.0  232.0
7  70.0  329.0
7  73.0  281.0
7  51.0  276.0
7  78.0  198.0
7  69.0  365.0
7  90.0  150.0
7  50.0  422.0
7  52.0  348.0
7  83.0  237.0
7  32.0  512.0
7  73.0  243.0
7  41.0  343.0
7  0.0  629.0
7  95.0  65.0
7  10.0  359.0
7  92.0  189.0
7  18.0  399.0
7  100.0  100.0
7  99.0  7.0
7  20.0  409.0
7  61.0  343.0
7  49.0  477.0
7  72.0  151.0
7  77.0  185.0
7  0.0  318.0
7  72.0  233.0
7  45.0  404.0
7  71.0  242.0
7  69.0  219.0
7  37.0  445.0
7  91.0  169.0
7  78.0  231.0
7  71.0  274.0
7  76.0  290.0
7  76.0  232.0
7  84.0  219.0
7  64.0  289.0
7  56.0  581.0
7  51.0  323.0
7  19.0  184.0
7  36.0  394.0
7  67.0  346.0
7  94.0  153.0
7  49.0  276.0
7  24.0  270.0
7  100.0  200.0
7  24.0  328.0
7  62.0  368.0
7  37.0  287.0
7  87.0  167.0
7  42.0  373.0
7  90.0  33.0
7  76.0  133.0
7  59.0  362.0
7  99.0  14.0
7  67.0  268.0
7  69.0  197.0
7  52.0  247.0
7  66.0  355.0
7  42.0  358.0
7  23.0  335.0
7  63.0  335.0
7  76.0  336.0
7  30.0  444.0
7  47.0  373.0
7  49.0  481.0
7  0.0  400.0
7  60.0  380.0
7  57.0  301.0
7  54.0  487.0
7  86.0  185.0
7  86.0  53.0
7  77.0  168.0
7  41.0  460.0
7  13.0  220.0
7  91.0  150.0
7  77.0  223.0
7  100.0  200.0
7  81.0  238.0
7  67.0  209.0
7  55.0  311.0
7  87.0  185.0
7  46.0  338.0
7  18.0  289.0
7  71.0  396.0
7  15.0  424.0
7  87.0  232.0
7  70.0  307.0
7  79.0  214.0
7  98.0  179.0
7  53.0  307.0
7  69.0  358.0
8  59.0  382.0
8  78.0  235.0
8  73.0  259.0
8  26.0  477.0
8  66.0  300.0
8  90.0  111.0
8  11.0  304.0
8  82.0  236.0
8  33.0  340.0
8  55.0  465.0
8  61.0  343.0
8  45.0  362.0
8  44.0  359.0
8  60.0  273.0
8  100.0  106.0
8  95.0  118.0
8  45.0  441.0
8  63.0  294.0
8  86.0  184.0
8  82.0  210.0
8  81.0  217.0
8  95.0  60.0
8  79.0  318.0
8  49.0  395.0
8  49.0  415.0
8  63.0  503.0
8  88.0  204.0
8  0.0  603.0
8  68.0  118.0
8  74.0  301.0
8  95.0  113.0
8  79.0  200.0
8  27.0  590.0
8  83.0  209.0
8  96.0  33.0
8  68.0  225.0
8  94.0  53.0
8  80.0  245.0
8  92.0  176.0
8  93.0  175.0
8  57.0  313.0
8  43.0  362.0
8  65.0  250.0
8  80.0  250.0
8  90.0  167.0
8  81.0  188.0
8  76.0  240.0
8  94.0  48.0
8  38.0  388.0
8  39.0  352.0
8  13.0  247.0
8  56.0  323.0
8  80.0  172.0
8  49.0  349.0
8  62.0  382.0
8  65.0  310.0
8  50.0  418.0
8  93.0  159.0
8  70.0  279.0
8  96.0  61.0
8  76.0  268.0
8  74.0  173.0
8  58.0  427.0
8  78.0  296.0
8  88.0  164.0
8  85.0  88.0
8  86.0  233.0
8  100.0  23.0
8  31.0  546.0
8  66.0  262.0
8  69.0  393.0
8  96.0  45.0
8  51.0  270.0
8  0.0  344.0
8  11.0  357.0
8  100.0  43.0
8  100.0  63.0
8  58.0  331.0
8  74.0  341.0
8  25.0  502.0
8  27.0  407.0
8  57.0  387.0
8  94.0  148.0
8  72.0  208.0
8  56.0  271.0
8  100.0  100.0
8  62.0  302.0
8  69.0  169.0
8  72.0  282.0
8  73.0  292.0
8  79.0  125.0
8  100.0  13.0
8  71.0  217.0
8  76.0  162.0
8  83.0  260.0
8  63.0  286.0
8  55.0  299.0
8  74.0  162.0
8  98.0  124.0
8  81.0  214.0
9  73.0  302.0
9  70.0  184.0
9  73.0  214.0
9  84.0  206.0
9  38.0  393.0
9  5.0  253.0
9  94.0  184.0
9  67.0  294.0
9  74.0  164.0
9  76.0  188.0
9  49.0  632.0
9  81.0  240.0
9  22.0  506.0
9  85.0  276.0
9  78.0  249.0
9  50.0  337.0
9  93.0  68.0
9  77.0  249.0
9  69.0  352.0
9  63.0  372.0
9  43.0  383.0
9  35.0  586.0
9  71.0  185.0
9  63.0  322.0
9  89.0  75.0
9  74.0  148.0
9  96.0  53.0
9  42.0  373.0
9  83.0  140.0
9  58.0  276.0
9  60.0  321.0
9  57.0  332.0
9  99.0  111.0
9  82.0  171.0
9  54.0  440.0
9  63.0  333.0
9  92.0  253.0
9  87.0  90.0
9  99.0  14.0
9  76.0  170.0
9  74.0  129.0
9  94.0  66.0
9  80.0  221.0
9  65.0  307.0
9  75.0  187.0
9  76.0  327.0
9  100.0  200.0
9  60.0  324.0
9  70.0  152.0
9  0.0  300.0
9  31.0  428.0
9  82.0  125.0
9  93.0  57.0
9  77.0  263.0
9  88.0  92.0
9  85.0  205.0
9  88.0  118.0
9  68.0  307.0
9  43.0  482.0
9  60.0  391.0
9  81.0  149.0
9  30.0  394.0
9  74.0  300.0
9  86.0  119.0
9  86.0  54.0
9  77.0  162.0
9  0.0  352.0
9  100.0  26.0
9  0.0  313.0
9  70.0  364.0
9  87.0  228.0
9  71.0  392.0
9  55.0  252.0
9  75.0  298.0
9  68.0  260.0
9  59.0  340.0
9  63.0  345.0
9  74.0  216.0
9  68.0  303.0
9  70.0  390.0
9  65.0  255.0
9  62.0  390.0
9  66.0  303.0
9  65.0  127.0
9  71.0  195.0
9  72.0  245.0
9  46.0  364.0
9  87.0  171.0
9  63.0  298.0
9  60.0  388.0
9  50.0  289.0
9  96.0  137.0
9  91.0  74.0
9  41.0  429.0
9  85.0  124.0
9  77.0  213.0
9  53.0  425.0
9  0.0  500.0
9  53.0  366.0
9  53.0  314.0
10  90.0  126.0
10  65.0  251.0
10  26.0  546.0
10  99.0  17.0
10  100.0  9.0
10  75.0  284.0
10  72.0  147.0
10  40.0  303.0
10  46.0  329.0
10  76.0  228.0
10  94.0  12.0
10  71.0  224.0
10  65.0  270.0
10  34.0  326.0
10  72.0  368.0
10  100.0  115.0
10  67.0  442.0
10  53.0  380.0
10  53.0  327.0
10  95.0  39.0
10  33.0  460.0
10  94.0  78.0
10  66.0  265.0
10  78.0  388.0
10  78.0  314.0
10  68.0  248.0
10  94.0  51.0
10  65.0  349.0
10  64.0  287.0
10  83.0  176.0
10  38.0  545.0
10  100.0  2.0
10  91.0  110.0
10  87.0  75.0
10  93.0  93.0
10  71.0  177.0
10  65.0  139.0
10  95.0  77.0
10  80.0  137.0
10  86.0  52.0
10  58.0  366.0
10  79.0  160.0
10  0.0  391.0
10  68.0  148.0
10  100.0  6.0
10  69.0  259.0
10  62.0  330.0
10  80.0  293.0
10  76.0  198.0
10  76.0  117.0
10  39.0  442.0
10  53.0  291.0
10  95.0  73.0
10  47.0  302.0
10  44.0  404.0
10  74.0  42.0
10  100.0  200.0
10  77.0  269.0
10  59.0  312.0
10  76.0  159.0
10  90.0  87.0
10  73.0  251.0
10  79.0  230.0
10  46.0  417.0
10  53.0  389.0
10  89.0  156.0
10  35.0  406.0
10  50.0  396.0
10  96.0  20.0
10  80.0  235.0
10  71.0  270.0
10  84.0  156.0
10  50.0  395.0
10  51.0  332.0
10  24.0  397.0
10  23.0  701.0
10  75.0  406.0
10  55.0  279.0
10  77.0  149.0
10  56.0  344.0
10  74.0  273.0
10  67.0  207.0
10  95.0  71.0
10  80.0  143.0
10  67.0  276.0
10  98.0  111.0
10  88.0  94.0
10  72.0  156.0
10  87.0  84.0
10  83.0  146.0
10  69.0  253.0
10  7.0  526.0
10  96.0  63.0
10  69.0  385.0
10  51.0  292.0
10  54.0  377.0
10  98.0  42.0
10  63.0  307.0
10  88.0  91.0
10  82.0  146.0
11  54.0  313.0
11  51.0  312.0
11  100.0  200.0
11  82.0  151.0
11  91.0  84.0
11  86.0  153.0
11  92.0  103.0
11  97.0  15.0
11  80.0  143.0
11  80.0  194.0
11  63.0  480.0
11  84.0  270.0
11  57.0  181.0
11  81.0  127.0
11  89.0  23.0
11  17.0  491.0
11  20.0  720.0
11  65.0  286.0
11  81.0  165.0
11  70.0  338.0
11  56.0  360.0
11  57.0  391.0
11  61.0  473.0
11  48.0  304.0
11  78.0  184.0
11  83.0  147.0
11  94.0  91.0
11  17.0  472.0
11  80.0  193.0
11  70.0  346.0
11  48.0  252.0
11  88.0  202.0
11  73.0  194.0
11  78.0  184.0
11  57.0  397.0
11  53.0  342.0
11  94.0  79.0
11  56.0  236.0
11  16.0  229.0
11  81.0  200.0
11  87.0  184.0
11  67.0  246.0
11  79.0  158.0
11  50.0  272.0
11  78.0  157.0
11  73.0  208.0
11  66.0  199.0
11  89.0  132.0
11  83.0  178.0
11  47.0  340.0
11  48.0  328.0
11  72.0  164.0
11  73.0  283.0
11  54.0  426.0
11  100.0  45.0
11  100.0  47.0
11  93.0  65.0
11  86.0  193.0
11  68.0  214.0
11  49.0  317.0
11  95.0  91.0
11  95.0  142.0
11  88.0  95.0
11  0.0  301.0
11  84.0  162.0
11  86.0  143.0
11  95.0  46.0
11  5.0  331.0
11  60.0  185.0
11  55.0  401.0
11  87.0  148.0
11  68.0  257.0
11  86.0  128.0
11  82.0  198.0
11  60.0  299.0
11  100.0  105.0
11  78.0  148.0
11  31.0  430.0
11  34.0  373.0
11  22.0  546.0
11  83.0  211.0
11  77.0  167.0
11  100.0  71.0
11  62.0  294.0
11  61.0  343.0
11  83.0  122.0
11  73.0  289.0
11  69.0  260.0
11  88.0  54.0
11  94.0  139.0
11  72.0  266.0
11  58.0  283.0
11  87.0  194.0
11  75.0  186.0
11  56.0  305.0
11  69.0  278.0
11  75.0  150.0
11  35.0  299.0
11  68.0  287.0
11  89.0  84.0
12  86.0  279.0
12  73.0  352.0
12  52.0  329.0
12  76.0  275.0
12  78.0  184.0
12  58.0  293.0
12  57.0  188.0
12  95.0  74.0
12  74.0  219.0
12  66.0  225.0
12  73.0  346.0
12  49.0  501.0
12  68.0  139.0
12  83.0  90.0
12  73.0  183.0
12  79.0  200.0
12  79.0  213.0
12  51.0  350.0
12  88.0  122.0
12  63.0  261.0
12  45.0  398.0
12  76.0  296.0
12  85.0  157.0
12  59.0  375.0
12  59.0  250.0
12  100.0  104.0
12  92.0  73.0
12  66.0  163.0
12  80.0  159.0
12  78.0  197.0
12  76.0  233.0
12  68.0  287.0
12  64.0  190.0
12  92.0  57.0
12  89.0  155.0
12  77.0  251.0
12  100.0  1.0
12  78.0  162.0
12  40.0  321.0
12  66.0  316.0
12  85.0  137.0
12  83.0  120.0
12  92.0  75.0
12  64.0  270.0
12  88.0  216.0
12  83.0  135.0
12  100.0  60.0
12  60.0  275.0
12  88.0  135.0
12  86.0  173.0
12  81.0  88.0
12  76.0  199.0
12  71.0  263.0
12  98.0  16.0
12  80.0  99.0
12  83.0  166.0
12  100.0  2.0
12  65.0  331.0
12  82.0  190.0
12  69.0  230.0
12  84.0  133.0
12  34.0  356.0
12  100.0  2.0
12  19.0  518.0
12  62.0  268.0
12  99.0  30.0
12  72.0  315.0
12  47.0  297.0
12  49.0  283.0
12  64.0  281.0
12  87.0  69.0
12  44.0  397.0
12  78.0  277.0
12  94.0  6.0
12  70.0  224.0
12  0.0  600.0
12  21.0  329.0
12  100.0  15.0
12  99.0  30.0
12  86.0  90.0
12  73.0  175.0
12  70.0  235.0
12  88.0  125.0
12  93.0  67.0
12  97.0  33.0
12  72.0  272.0
12  51.0  322.0
12  94.0  51.0
12  71.0  293.0
12  51.0  317.0
12  45.0  251.0
12  100.0  6.0
12  66.0  336.0
12  77.0  204.0
12  38.0  322.0
12  52.0  241.0
12  92.0  157.0
12  66.0  279.0
12  0.0  521.0
12  60.0  202.0
13  50.0  335.0
13  88.0  125.0
13  89.0  76.0
13  18.0  477.0
13  79.0  133.0
13  99.0  29.0
13  93.0  158.0
13  100.0  100.0
13  50.0  313.0
13  93.0  88.0
13  43.0  320.0
13  58.0  278.0
13  77.0  343.0
13  79.0  163.0
13  0.0  337.0
13  85.0  222.0
13  96.0  50.0
13  100.0  71.0
13  47.0  319.0
13  83.0  86.0
13  24.0  265.0
13  79.0  149.0
13  56.0  362.0
13  93.0  111.0
13  60.0  201.0
13  30.0  422.0
13  73.0  169.0
13  92.0  76.0
13  47.0  352.0
13  71.0  228.0
13  96.0  37.0
13  49.0  285.0
13  57.0  373.0
13  94.0  77.0
13  100.0  113.0
13  94.0  51.0
13  100.0  104.0
13  0.0  500.0
13  83.0  227.0
13  97.0  114.0
13  0.0  198.0
13  68.0  192.0
13  93.0  102.0
13  100.0  33.0
13  89.0  68.0
13  100.0  3.0
13  81.0  300.0
13  69.0  270.0
13  74.0  308.0
13  96.0  56.0
13  83.0  204.0
13  85.0  143.0
13  73.0  227.0
13  85.0  199.0
13  29.0  419.0
13  68.0  310.0
13  73.0  272.0
13  55.0  283.0
13  58.0  293.0
13  100.0  136.0
13  48.0  415.0
13  70.0  124.0
13  77.0  188.0
13  66.0  232.0
13  85.0  148.0
13  85.0  134.0
13  100.0  158.0
13  83.0  206.0
13  81.0  161.0
13  100.0  17.0
13  79.0  254.0
13  64.0  184.0
13  80.0  192.0
13  67.0  207.0
13  51.0  394.0
13  49.0  516.0
13  79.0  203.0
13  99.0  78.0
13  100.0  100.0
13  73.0  175.0
13  73.0  189.0
13  69.0  331.0
13  96.0  27.0
13  69.0  344.0
13  76.0  195.0
13  91.0  172.0
13  81.0  185.0
13  86.0  56.0
13  100.0  12.0
13  81.0  210.0
13  61.0  304.0
13  46.0  290.0
13  62.0  208.0
13  89.0  80.0
13  60.0  184.0
13  64.0  264.0
13  89.0  73.0
13  46.0  246.0
13  81.0  242.0
13  95.0  43.0
14  98.0  27.0
14  87.0  48.0
14  95.0  91.0
14  96.0  94.0
14  35.0  420.0
14  91.0  94.0
14  100.0  9.0
14  85.0  246.0
14  89.0  127.0
14  44.0  303.0
14  90.0  63.0
14  31.0  506.0
14  98.0  4.0
14  66.0  305.0
14  62.0  274.0
14  89.0  142.0
14  92.0  114.0
14  71.0  258.0
14  79.0  94.0
14  100.0  4.0
14  68.0  287.0
14  63.0  261.0
14  82.0  171.0
14  91.0  95.0
14  92.0  114.0
14  97.0  38.0
14  85.0  100.0
14  81.0  187.0
14  94.0  48.0
14  96.0  56.0
14  82.0  142.0
14  78.0  190.0
14  35.0  424.0
14  66.0  230.0
14  59.0  244.0
14  95.0  95.0
14  62.0  313.0
14  66.0  287.0
14  39.0  248.0
14  98.0  31.0
14  26.0  423.0
14  85.0  222.0
14  80.0  157.0
14  100.0  19.0
14  61.0  450.0
14  62.0  242.0
14  69.0  222.0
14  100.0  86.0
14  85.0  115.0
14  100.0  30.0
14  68.0  233.0
14  64.0  323.0
14  64.0  303.0
14  88.0  109.0
14  70.0  370.0
14  100.0  3.0
14  95.0  101.0
14  62.0  336.0
14  75.0  139.0
14  88.0  186.0
14  74.0  134.0
14  77.0  216.0
14  55.0  380.0
14  61.0  418.0
14  81.0  213.0
14  88.0  103.0
14  69.0  273.0
14  45.0  427.0
14  76.0  186.0
14  87.0  158.0
14  73.0  172.0
14  16.0  418.0
14  56.0  321.0
14  68.0  349.0
14  79.0  143.0
14  81.0  221.0
14  69.0  232.0
14  90.0  124.0
14  69.0  255.0
14  73.0  248.0
14  69.0  230.0
14  18.0  169.0
14  59.0  183.0
14  75.0  219.0
14  55.0  261.0
14  84.0  131.0
14  77.0  133.0
14  64.0  524.0
14  68.0  195.0
14  66.0  326.0
14  74.0  227.0
14  98.0  51.0
14  89.0  98.0
14  87.0  153.0
14  81.0  202.0
14  84.0  107.0
14  68.0  255.0
14  94.0  125.0
14  79.0  230.0
14  36.0  584.0
15  99.0  96.0
15  90.0  124.0
15  96.0  77.0
15  91.0  203.0
15  95.0  30.0
15  90.0  200.0
15  95.0  51.0
15  100.0  3.0
15  90.0  173.0
15  59.0  312.0
15  93.0  66.0
15  71.0  170.0
15  39.0  261.0
15  84.0  193.0
15  76.0  237.0
15  61.0  234.0
15  82.0  138.0
15  76.0  199.0
15  79.0  127.0
15  85.0  128.0
15  79.0  231.0
15  41.0  467.0
15  71.0  112.0
15  91.0  31.0
15  90.0  133.0
15  74.0  270.0
15  99.0  12.0
15  88.0  152.0
15  32.0  646.0
15  66.0  261.0
15  98.0  20.0
15  65.0  255.0
15  71.0  215.0
15  72.0  187.0
15  78.0  137.0
15  98.0  6.0
15  86.0  88.0
15  38.0  369.0
15  59.0  291.0
15  71.0  217.0
15  100.0  107.0
15  92.0  101.0
15  65.0  261.0
15  74.0  237.0
15  97.0  51.0
15  76.0  287.0
15  59.0  121.0
15  98.0  48.0
15  84.0  202.0
15  76.0  196.0
15  88.0  101.0
15  85.0  177.0
15  42.0  244.0
15  78.0  254.0
15  82.0  168.0
15  91.0  70.0
15  89.0  112.0
15  92.0  97.0
15  54.0  304.0
15  48.0  234.0
15  100.0  10.0
15  84.0  121.0
15  91.0  102.0
15  51.0  285.0
15  83.0  226.0
15  7.0  559.0
15  87.0  164.0
15  77.0  222.0
15  66.0  365.0
15  84.0  185.0
15  64.0  206.0
15  88.0  52.0
15  81.0  193.0
15  84.0  85.0
15  90.0  147.0
15  87.0  211.0
15  97.0  23.0
15  88.0  190.0
15  85.0  75.0
15  56.0  371.0
15  91.0  105.0
15  97.0  30.0
15  76.0  163.0
15  86.0  136.0
15  100.0  97.0
15  83.0  120.0
15  95.0  87.0
15  99.0  45.0
15  90.0  63.0
15  92.0  114.0
15  74.0  134.0
15  83.0  172.0
15  93.0  90.0
15  96.0  84.0
15  78.0  93.0
15  93.0  64.0
15  84.0  244.0
15  93.0  124.0
15  19.0  491.0
15  73.0  178.0
16  85.0  187.0
16  100.0  2.0
16  23.0  268.0
16  59.0  163.0
16  83.0  38.0
16  72.0  135.0
16  83.0  185.0
16  82.0  168.0
16  74.0  216.0
16  70.0  267.0
16  87.0  202.0
16  93.0  109.0
16  87.0  90.0
16  95.0  56.0
16  10.0  504.0
16  76.0  143.0
16  76.0  250.0
16  31.0  326.0
16  100.0  0.0
16  54.0  302.0
16  82.0  146.0
16  95.0  144.0
16  98.0  57.0
16  100.0  2.0
16  61.0  317.0
16  85.0  141.0
16  53.0  343.0
16  48.0  158.0
16  72.0  271.0
16  88.0  122.0
16  78.0  226.0
16  85.0  242.0
16  99.0  9.0
16  71.0  214.0
16  98.0  47.0
16  7.0  224.0
16  65.0  230.0
16  91.0  127.0
16  77.0  207.0
16  74.0  184.0
16  89.0  76.0
16  48.0  332.0
16  67.0  123.0
16  0.0  284.0
16  97.0  41.0
16  68.0  191.0
16  89.0  151.0
16  92.0  115.0
16  55.0  282.0
16  75.0  181.0
16  100.0  4.0
16  94.0  14.0
16  85.0  83.0
16  76.0  173.0
16  51.0  302.0
16  84.0  136.0
16  80.0  277.0
16  64.0  283.0
16  96.0  57.0
16  100.0  196.0
16  98.0  27.0
16  63.0  219.0
16  94.0  77.0
16  82.0  171.0
16  90.0  96.0
16  77.0  301.0
16  100.0  5.0
16  87.0  174.0
16  100.0  122.0
16  64.0  283.0
16  85.0  115.0
16  99.0  8.0
16  76.0  199.0
16  71.0  316.0
16  54.0  368.0
16  65.0  256.0
16  80.0  134.0
16  64.0  209.0
16  76.0  153.0
16  100.0  4.0
16  73.0  321.0
16  65.0  247.0
16  67.0  231.0
16  78.0  140.0
16  39.0  328.0
16  95.0  208.0
16  94.0  77.0
16  64.0  265.0
16  99.0  93.0
16  97.0  66.0
16  89.0  54.0
16  70.0  184.0
16  79.0  241.0
16  85.0  153.0
16  63.0  382.0
16  33.0  430.0
16  64.0  117.0
16  86.0  101.0
16  100.0  6.0
16  89.0  93.0
17  92.0  53.0
17  73.0  140.0
17  80.0  149.0
17  80.0  141.0
17  79.0  221.0
17  100.0  9.0
17  75.0  256.0
17  100.0  0.0
17  77.0  274.0
17  90.0  51.0
17  78.0  217.0
17  75.0  306.0
17  76.0  231.0
17  63.0  168.0
17  88.0  210.0
17  94.0  88.0
17  36.0  338.0
17  80.0  142.0
17  92.0  95.0
17  78.0  175.0
17  74.0  209.0
17  86.0  151.0
17  87.0  172.0
17  94.0  69.0
17  97.0  27.0
17  87.0  148.0
17  24.0  459.0
17  76.0  242.0
17  82.0  182.0
17  70.0  233.0
17  59.0  340.0
17  87.0  83.0
17  83.0  85.0
17  87.0  151.0
17  68.0  277.0
17  81.0  203.0
17  70.0  213.0
17  100.0  2.0
17  80.0  233.0
17  92.0  61.0
17  80.0  261.0
17  100.0  11.0
17  94.0  74.0
17  87.0  147.0
17  58.0  272.0
17  60.0  297.0
17  64.0  200.0
17  95.0  72.0
17  100.0  6.0
17  100.0  109.0
17  47.0  371.0
17  55.0  251.0
17  92.0  96.0
17  99.0  44.0
17  80.0  202.0
17  78.0  242.0
17  100.0  3.0
17  94.0  49.0
17  85.0  142.0
17  87.0  161.0
17  99.0  40.0
17  75.0  242.0
17  95.0  20.0
17  91.0  56.0
17  59.0  243.0
17  88.0  224.0
17  100.0  33.0
17  75.0  219.0
17  45.0  331.0
17  92.0  147.0
17  96.0  65.0
17  75.0  107.0
17  100.0  7.0
17  89.0  112.0
17  83.0  74.0
17  78.0  253.0
17  84.0  171.0
17  74.0  271.0
17  87.0  127.0
17  86.0  147.0
17  95.0  124.0
17  75.0  245.0
17  89.0  103.0
17  95.0  55.0
17  66.0  238.0
17  98.0  11.0
17  93.0  67.0
17  32.0  444.0
17  80.0  202.0
17  90.0  88.0
17  72.0  228.0
17  97.0  25.0
17  78.0  155.0
17  74.0  231.0
17  47.0  343.0
17  79.0  141.0
17  76.0  207.0
17  100.0  54.0
17  89.0  57.0
17  94.0  49.0
18  68.0  255.0
18  69.0  216.0
18  63.0  265.0
18  77.0  230.0
18  58.0  216.0
18  100.0  43.0
18  91.0  118.0
18  64.0  341.0
18  54.0  367.0
18  95.0  131.0
18  80.0  154.0
18  93.0  54.0
18  98.0  108.0
18  44.0  387.0
18  96.0  46.0
18  97.0  62.0
18  100.0  5.0
18  100.0  89.0
18  90.0  89.0
18  100.0  41.0
18  50.0  208.0
18  66.0  257.0
18  71.0  182.0
18  77.0  179.0
18  100.0  4.0
18  82.0  330.0
18  82.0  184.0
18  55.0  253.0
18  69.0  177.0
18  75.0  252.0
18  80.0  77.0
18  78.0  165.0
18  86.0  109.0
18  94.0  93.0
18  93.0  79.0
18  85.0  49.0
18  86.0  88.0
18  65.0  242.0
18  62.0  301.0
18  46.0  432.0
18  94.0  45.0
18  99.0  33.0
18  81.0  159.0
18  22.0  392.0
18  27.0  471.0
18  90.0  60.0
18  91.0  66.0
18  83.0  131.0
18  64.0  174.0
18  94.0  25.0
18  80.0  152.0
18  50.0  376.0
18  99.0  10.0
18  81.0  159.0
18  66.0  191.0
18  90.0  98.0
18  90.0  65.0
18  68.0  299.0
18  99.0  16.0
18  80.0  113.0
18  34.0  431.0
18  100.0  1.0
18  55.0  369.0
18  75.0  205.0
18  64.0  298.0
18  78.0  175.0
18  0.0  400.0
18  80.0  221.0
18  95.0  30.0
18  99.0  26.0
18  99.0  38.0
18  67.0  381.0
18  87.0  102.0
18  94.0  40.0
18  76.0  200.0
18  74.0  246.0
18  82.0  79.0
18  93.0  93.0
18  51.0  207.0
18  88.0  111.0
18  82.0  119.0
18  20.0  322.0
18  100.0  9.0
18  60.0  256.0
18  72.0  310.0
18  96.0  91.0
18  70.0  254.0
18  100.0  4.0
18  50.0  227.0
18  62.0  267.0
18  74.0  109.0
18  57.0  305.0
18  99.0  35.0
18  83.0  105.0
18  36.0  479.0
18  100.0  27.0
18  50.0  277.0
18  92.0  128.0
18  96.0  56.0
18  79.0  123.0
19  67.0  194.0
19  100.0  100.0
19  89.0  67.0
19  80.0  198.0
19  95.0  74.0
19  86.0  85.0
19  79.0  205.0
19  86.0  118.0
19  72.0  214.0
19  100.0  105.0
19  90.0  103.0
19  0.0  898.0
19  100.0  4.0
19  84.0  163.0
19  81.0  207.0
19  61.0  268.0
19  58.0  259.0
19  55.0  265.0
19  89.0  95.0
19  100.0  24.0
19  90.0  114.0
19  80.0  127.0
19  96.0  28.0
19  57.0  235.0
19  87.0  114.0
19  74.0  192.0
19  97.0  22.0
19  84.0  105.0
19  73.0  149.0
19  96.0  85.0
19  78.0  176.0
19  97.0  85.0
19  93.0  37.0
19  100.0  32.0
19  80.0  72.0
19  51.0  275.0
19  94.0  18.0
19  83.0  78.0
19  93.0  118.0
19  90.0  105.0
19  90.0  83.0
19  0.0  505.0
19  97.0  54.0
19  47.0  417.0
19  69.0  167.0
19  90.0  186.0
19  71.0  250.0
19  94.0  90.0
19  87.0  67.0
19  87.0  188.0
19  62.0  244.0
19  43.0  329.0
19  100.0  11.0
19  76.0  129.0
19  85.0  209.0
19  90.0  49.0
19  100.0  5.0
19  68.0  208.0
19  78.0  111.0
19  89.0  124.0
19  64.0  273.0
19  61.0  296.0
19  46.0  347.0
19  85.0  110.0
19  100.0  20.0
19  61.0  362.0
19  87.0  59.0
19  80.0  49.0
19  50.0  339.0
19  78.0  181.0
19  99.0  52.0
19  100.0  3.0
19  76.0  158.0
19  93.0  35.0
19  75.0  244.0
19  95.0  65.0
19  74.0  183.0
19  72.0  214.0
19  85.0  79.0
19  74.0  110.0
19  84.0  104.0
19  99.0  11.0
19  84.0  244.0
19  72.0  229.0
19  100.0  6.0
19  18.0  486.0
19  58.0  328.0
19  86.0  126.0
19  57.0  223.0
19  79.0  142.0
19  60.0  222.0
19  85.0  146.0
19  91.0  146.0
19  96.0  12.0
19  81.0  227.0
19  95.0  47.0
19  89.0  103.0
19  100.0  0.0
19  86.0  107.0
19  91.0  147.0
20  80.0  159.0
20  76.0  165.0
20  83.0  152.0
20  96.0  73.0
20  77.0  217.0
20  100.0  100.0
20  76.0  248.0
20  98.0  91.0
20  73.0  116.0
20  100.0  15.0
20  97.0  50.0
20  92.0  92.0
20  84.0  187.0
20  61.0  267.0
20  0.0  48.0
20  87.0  73.0
20  100.0  0.0
20  85.0  49.0
20  80.0  163.0
20  67.0  259.0
20  79.0  231.0
20  77.0  205.0
20  75.0  144.0
20  71.0  227.0
20  83.0  166.0
20  90.0  174.0
20  76.0  277.0
20  100.0  6.0
20  59.0  253.0
20  96.0  48.0
20  95.0  78.0
20  83.0  93.0
20  97.0  37.0
20  83.0  70.0
20  85.0  101.0
20  99.0  13.0
20  51.0  283.0
20  100.0  15.0
20  66.0  264.0
20  100.0  3.0
20  81.0  63.0
20  95.0  40.0
20  95.0  115.0
20  61.0  374.0
20  100.0  4.0
20  82.0  182.0
20  91.0  46.0
20  77.0  169.0
20  73.0  174.0
20  84.0  134.0
20  84.0  116.0
20  45.0  337.0
20  91.0  56.0
20  100.0  28.0
20  74.0  188.0
20  100.0  1.0
20  71.0  256.0
20  95.0  61.0
20  68.0  213.0
20  72.0  182.0
20  86.0  126.0
20  95.0  47.0
20  100.0  0.0
20  66.0  99.0
20  87.0  85.0
20  58.0  149.0
20  76.0  211.0
20  84.0  181.0
20  6.0  677.0
20  87.0  115.0
20  75.0  194.0
20  82.0  288.0
20  73.0  202.0
20  100.0  4.0
20  90.0  84.0
20  100.0  8.0
20  61.0  239.0
20  77.0  186.0
20  96.0  76.0
20  89.0  94.0
20  77.0  185.0
20  92.0  46.0
20  68.0  128.0
20  100.0  108.0
20  100.0  0.0
20  100.0  2.0
20  95.0  83.0
20  100.0  8.0
20  58.0  237.0
20  80.0  148.0
20  98.0  61.0
20  95.0  15.0
20  98.0  28.0
20  65.0  180.0
20  82.0  135.0
20  95.0  87.0
20  100.0  57.0
20  51.0  133.0
20  87.0  93.0
20  88.0  127.0
