0  1  0.0  10000.0
0  1  56.0  4572.0
0  1  100.0  300.0
0  1  67.0  3502.0
0  1  54.0  4764.0
0  1  45.0  5635.0
0  1  4.0  9612.0
0  1  0.0  10000.0
0  1  78.0  2440.0
0  1  53.0  4861.0
0  1  73.0  2919.0
0  1  28.0  7284.0
0  1  65.0  3698.0
0  1  48.0  5345.0
0  1  16.0  8449.0
0  1  69.0  3307.0
0  1  84.0  1899.0
0  1  0.0  10000.0
0  1  0.0  10000.0
0  1  45.0  5637.0
0  1  24.0  7672.0
0  1  78.0  2434.0
0  1  23.0  7769.0
0  1  0.0  10000.0
0  1  31.0  6994.0
0  1  31.0  6993.0
0  1  74.0  2844.0
0  1  8.0  9224.0
0  1  31.0  6996.0
0  1  1.0  9903.0
0  1  98.0  499.0
0  1  25.0  7577.0
0  1  0.0  10000.0
0  1  23.0  7769.0
0  1  24.0  7675.0
0  1  41.0  6026.0
0  1  53.0  4863.0
0  1  20.0  8061.0
0  1  13.0  8739.0
0  1  59.0  4282.0
0  1  0.0  10000.0
0  1  25.0  7579.0
0  1  40.0  6123.0
0  1  0.0  10000.0
0  1  25.0  7576.0
0  1  37.0  6411.0
0  1  34.0  6706.0
0  1  51.0  5066.0
0  1  62.0  3989.0
0  1  78.0  2450.0
0  1  30.0  7093.0
0  1  23.0  7771.0
0  1  51.0  5053.0
0  1  88.0  1471.0
0  1  43.0  5833.0
0  1  26.0  7484.0
0  1  40.0  6120.0
0  1  32.0  6897.0
0  1  52.0  4956.0
0  1  34.0  6703.0
0  1  100.0  300.0
0  1  15.0  8545.0
0  1  50.0  5154.0
0  1  34.0  6705.0
0  1  0.0  10000.0
0  1  21.0  7963.0
0  1  37.0  6412.0
0  1  58.0  4374.0
0  1  0.0  10000.0
0  1  17.0  8353.0
0  1  50.0  5150.0
0  1  91.0  1174.0
0  1  24.0  7672.0
0  1  36.0  6520.0
0  1  31.0  6993.0
0  1  40.0  6121.0
0  1  0.0  10000.0
0  1  6.0  9418.0
0  1  1.0  9903.0
0  1  7.0  9321.0
0  1  31.0  6993.0
0  1  58.0  4385.0
0  1  38.0  6316.0
0  1  39.0  6219.0
0  1  53.0  4859.0
0  1  67.0  3502.0
0  1  82.0  2056.0
0  1  54.0  4765.0
0  1  49.0  5253.0
0  1  75.0  2727.0
0  1  58.0  4374.0
0  1  10.0  9030.0
0  1  40.0  6121.0
0  1  0.0  10000.0
0  1  36.0  6510.0
0  1  48.0  5344.0
0  1  22.0  7866.0
0  1  34.0  6704.0
0  1  73.0  2922.0
0  1  54.0  4765.0
0  2  36.0  6509.0
0  2  33.0  6802.0
0  2  71.0  3115.0
0  2  19.0  8157.0
0  2  17.0  8371.0
0  2  54.0  4764.0
0  2  31.0  6993.0
0  2  5.0  9515.0
0  2  45.0  5638.0
0  2  9.0  9127.0
0  2  61.0  4086.0
0  2  83.0  1955.0
0  2  31.0  7000.0
0  2  64.0  3794.0
0  2  9.0  9128.0
0  2  6.0  9419.0
0  2  18.0  8254.0
0  2  55.0  4672.0
0  2  0.0  10000.0
0  2  31.0  7004.0
0  2  33.0  6803.0
0  2  22.0  7869.0
0  2  100.0  300.0
0  2  55.0  4667.0
0  2  33.0  6799.0
0  2  60.0  4180.0
0  2  45.0  5636.0
0  2  71.0  3118.0
0  2  55.0  4667.0
0  2  16.0  8451.0
0  2  40.0  6120.0
0  2  36.0  6512.0
0  2  85.0  1756.0
0  2  23.0  7770.0
0  2  21.0  7963.0
0  2  53.0  4859.0
0  2  81.0  2165.0
0  2  43.0  5830.0
0  2  48.0  5346.0
0  2  0.0  10000.0
0  2  0.0  10000.0
0  2  37.0  6413.0
0  2  39.0  6217.0
0  2  81.0  2148.0
0  2  23.0  7773.0
0  2  19.0  8157.0
0  2  30.0  7093.0
0  2  0.0  10000.0
0  2  29.0  7188.0
0  2  40.0  6127.0
0  2  19.0  8160.0
0  2  32.0  6896.0
0  2  100.0  300.0
0  2  16.0  8448.0
0  2  13.0  8739.0
0  2  35.0  6606.0
0  2  19.0  8160.0
0  2  1.0  9903.0
0  2  0.0  10000.0
0  2  28.0  7285.0
0  2  0.0  10000.0
0  2  28.0  7289.0
0  2  0.0  10000.0
0  2  54.0  4764.0
0  2  47.0  5441.0
0  2  84.0  1874.0
0  2  31.0  6994.0
0  2  22.0  7868.0
0  2  37.0  6411.0
0  2  7.0  9321.0
0  2  0.0  10000.0
0  2  57.0  4477.0
0  2  54.0  4762.0
0  2  92.0  1082.0
0  2  39.0  6219.0
0  2  25.0  7581.0
0  2  23.0  7770.0
0  2  47.0  5441.0
0  2  26.0  7481.0
0  2  48.0  5355.0
0  2  45.0  5636.0
0  2  58.0  4375.0
0  2  11.0  8933.0
0  2  10.0  9030.0
0  2  15.0  8547.0
0  2  47.0  5442.0
0  2  27.0  7381.0
0  2  31.0  6993.0
0  2  55.0  4669.0
0  2  45.0  5639.0
0  2  24.0  7672.0
0  2  40.0  6123.0
0  2  85.0  1758.0
0  2  69.0  3307.0
0  2  85.0  1757.0
0  2  26.0  7479.0
0  2  26.0  7479.0
0  2  25.0  7575.0
0  2  25.0  7577.0
0  2  56.0  4569.0
0  3  29.0  7189.0
0  3  45.0  5635.0
0  3  1.0  9903.0
0  3  15.0  8546.0
0  3  28.0  7288.0
0  3  33.0  6801.0
0  3  31.0  6993.0
0  3  11.0  8937.0
0  3  0.0  10000.0
0  3  5.0  9515.0
0  3  13.0  8739.0
0  3  64.0  3793.0
0  3  13.0  8739.0
0  3  33.0  6799.0
0  3  32.0  6900.0
0  3  7.0  9321.0
0  3  17.0  8352.0
0  3  25.0  7576.0
0  3  46.0  5543.0
0  3  25.0  7575.0
0  3  33.0  6801.0
0  3  13.0  8744.0
0  3  0.0  10000.0
0  3  12.0  8836.0
0  3  73.0  2931.0
0  3  53.0  4862.0
0  3  55.0  4669.0
0  3  0.0  10000.0
0  3  0.0  10000.0
0  3  7.0  9321.0
0  3  49.0  5252.0
0  3  11.0  8933.0
0  3  15.0  8547.0
0  3  14.0  8642.0
0  3  3.0  9709.0
0  3  46.0  5538.0
0  3  81.0  2145.0
0  3  47.0  5447.0
0  3  44.0  5733.0
0  3  0.0  10000.0
0  3  100.0  300.0
0  3  13.0  8739.0
0  3  26.0  7478.0
0  3  11.0  8933.0
0  3  77.0  2531.0
0  3  8.0  9224.0
0  3  2.0  9806.0
0  3  35.0  6609.0
0  3  7.0  9321.0
0  3  75.0  2725.0
0  3  32.0  6899.0
0  3  5.0  9515.0
0  3  21.0  7963.0
0  3  43.0  5832.0
0  3  24.0  7672.0
0  3  21.0  7966.0
0  3  82.0  2046.0
0  3  32.0  6899.0
0  3  38.0  6316.0
0  3  32.0  6896.0
0  3  36.0  6520.0
0  3  31.0  6993.0
0  3  23.0  7769.0
0  3  47.0  5448.0
0  3  20.0  8062.0
0  3  49.0  5252.0
0  3  21.0  7963.0
0  3  37.0  6412.0
0  3  36.0  6513.0
0  3  15.0  8547.0
0  3  61.0  4084.0
0  3  32.0  6896.0
0  3  49.0  5250.0
0  3  0.0  10000.0
0  3  0.0  10000.0
0  3  78.0  2438.0
0  3  31.0  6993.0
0  3  23.0  7770.0
0  3  23.0  7771.0
0  3  31.0  6996.0
0  3  16.0  8456.0
0  3  32.0  6897.0
0  3  48.0  5348.0
0  3  48.0  5345.0
0  3  17.0  8352.0
0  3  4.0  9612.0
0  3  27.0  7381.0
0  3  18.0  8257.0
0  3  36.0  6508.0
0  3  0.0  10000.0
0  3  52.0  4964.0
0  3  21.0  7967.0
0  3  24.0  7673.0
0  3  25.0  7579.0
0  3  38.0  6315.0
0  3  23.0  7769.0
0  3  29.0  7189.0
0  3  12.0  8837.0
0  3  56.0  4569.0
0  3  92.0  1076.0
0  4  6.0  9420.0
0  4  26.0  7478.0
0  4  21.0  7968.0
0  4  26.0  7478.0
0  4  51.0  5060.0
0  4  51.0  5053.0
0  4  44.0  5732.0
0  4  30.0  7092.0
0  4  36.0  6511.0
0  4  35.0  6605.0
0  4  29.0  7190.0
0  4  19.0  8157.0
0  4  19.0  8158.0
0  4  43.0  5831.0
0  4  42.0  5927.0
0  4  13.0  8739.0
0  4  0.0  10000.0
0  4  0.0  10000.0
0  4  4.0  9612.0
0  4  7.0  9321.0
0  4  28.0  7285.0
0  4  39.0  6217.0
0  4  47.0  5443.0
0  4  24.0  7672.0
0  4  67.0  3505.0
0  4  50.0  5150.0
0  4  20.0  8064.0
0  4  40.0  6121.0
0  4  29.0  7189.0
0  4  50.0  5150.0
0  4  47.0  5441.0
0  4  40.0  6121.0
0  4  17.0  8352.0
0  4  39.0  6218.0
0  4  35.0  6607.0
0  4  58.0  4376.0
0  4  15.0  8545.0
0  4  33.0  6802.0
0  4  0.0  10000.0
0  4  18.0  8255.0
0  4  23.0  7770.0
0  4  58.0  4379.0
0  4  27.0  7382.0
0  4  73.0  2920.0
0  4  38.0  6314.0
0  4  33.0  6804.0
0  4  18.0  8254.0
0  4  14.0  8643.0
0  4  4.0  9612.0
0  4  30.0  7090.0
0  4  25.0  7576.0
0  4  25.0  7578.0
0  4  48.0  5344.0
0  4  59.0  4279.0
0  4  45.0  5635.0
0  4  18.0  8254.0
0  4  48.0  5348.0
0  4  50.0  5150.0
0  4  18.0  8254.0
0  4  10.0  9030.0
0  4  27.0  7381.0
0  4  24.0  7672.0
0  4  26.0  7478.0
0  4  0.0  10000.0
0  4  40.0  6126.0
0  4  41.0  6028.0
0  4  36.0  6508.0
0  4  58.0  4384.0
0  4  50.0  5152.0
0  4  20.0  8061.0
0  4  60.0  4184.0
0  4  61.0  4084.0
0  4  1.0  9903.0
0  4  7.0  9321.0
0  4  65.0  3696.0
0  4  23.0  7769.0
0  4  28.0  7284.0
0  4  13.0  8745.0
0  4  100.0  300.0
0  4  38.0  6318.0
0  4  30.0  7096.0
0  4  45.0  5637.0
0  4  28.0  7287.0
0  4  29.0  7190.0
0  4  38.0  6315.0
0  4  38.0  6317.0
0  4  21.0  7964.0
0  4  45.0  5640.0
0  4  33.0  6801.0
0  4  31.0  6995.0
0  4  35.0  6606.0
0  4  0.0  10000.0
0  4  35.0  6612.0
0  4  41.0  6023.0
0  4  37.0  6415.0
0  4  23.0  7769.0
0  4  100.0  300.0
0  4  38.0  6316.0
0  4  50.0  5151.0
0  4  36.0  6508.0
0  5  20.0  8063.0
0  5  15.0  8546.0
0  5  42.0  5926.0
0  5  59.0  4281.0
0  5  40.0  6133.0
0  5  43.0  5830.0
0  5  15.0  8545.0
0  5  37.0  6417.0
0  5  40.0  6123.0
0  5  40.0  6123.0
0  5  0.0  10000.0
0  5  77.0  2534.0
0  5  28.0  7287.0
0  5  84.0  1865.0
0  5  38.0  6315.0
0  5  41.0  6024.0
0  5  0.0  10000.0
0  5  66.0  3598.0
0  5  39.0  6218.0
0  5  39.0  6218.0
0  5  50.0  5151.0
0  5  50.0  5151.0
0  5  42.0  5928.0
0  5  0.0  10000.0
0  5  36.0  6510.0
0  5  29.0  7188.0
0  5  24.0  7672.0
0  5  73.0  2919.0
0  5  34.0  6702.0
0  5  36.0  6515.0
0  5  38.0  6315.0
0  5  35.0  6609.0
0  5  5.0  9516.0
0  5  12.0  8837.0
0  5  33.0  6799.0
0  5  54.0  4764.0
0  5  34.0  6702.0
0  5  42.0  5929.0
0  5  45.0  5642.0
0  5  14.0  8645.0
0  5  50.0  5153.0
0  5  61.0  4086.0
0  5  78.0  2437.0
0  5  0.0  10000.0
0  5  26.0  7478.0
0  5  18.0  8255.0
0  5  16.0  8448.0
0  5  49.0  5248.0
0  5  14.0  8644.0
0  5  58.0  4376.0
0  5  69.0  3311.0
0  5  20.0  8060.0
0  5  0.0  10000.0
0  5  20.0  8062.0
0  5  35.0  6605.0
0  5  86.0  1661.0
0  5  35.0  6609.0
0  5  12.0  8836.0
0  5  20.0  8060.0
0  5  56.0  4582.0
0  5  13.0  8739.0
0  5  16.0  8448.0
0  5  26.0  7481.0
0  5  41.0  6032.0
0  5  30.0  7090.0
0  5  90.0  1270.0
0  5  46.0  5538.0
0  5  7.0  9323.0
0  5  15.0  8546.0
0  5  31.0  6993.0
0  5  41.0  6023.0
0  5  35.0  6606.0
0  5  21.0  7963.0
0  5  25.0  7575.0
0  5  52.0  4957.0
0  5  24.0  7672.0
0  5  59.0  4280.0
0  5  52.0  4956.0
0  5  13.0  8741.0
0  5  18.0  8254.0
0  5  52.0  4959.0
0  5  11.0  8933.0
0  5  40.0  6123.0
0  5  36.0  6509.0
0  5  16.0  8448.0
0  5  28.0  7285.0
0  5  55.0  4665.0
0  5  55.0  4665.0
0  5  30.0  7090.0
0  5  33.0  6799.0
0  5  14.0  8642.0
0  5  35.0  6605.0
0  5  20.0  8060.0
0  5  37.0  6412.0
0  5  31.0  6993.0
0  5  73.0  2921.0
0  5  55.0  4666.0
0  5  36.0  6508.0
0  5  27.0  7381.0
0  5  66.0  3598.0
0  6  29.0  7189.0
0  6  15.0  8546.0
0  6  38.0  6315.0
0  6  19.0  8157.0
0  6  38.0  6323.0
0  6  55.0  4667.0
0  6  30.0  7091.0
0  6  13.0  8739.0
0  6  0.0  10000.0
0  6  32.0  6898.0
0  6  44.0  5736.0
0  6  47.0  5441.0
0  6  32.0  6899.0
0  6  51.0  5053.0
0  6  29.0  7187.0
0  6  32.0  6897.0
0  6  25.0  7575.0
0  6  47.0  5442.0
0  6  14.0  8642.0
0  6  51.0  5059.0
0  6  27.0  7381.0
0  6  22.0  7868.0
0  6  78.0  2435.0
0  6  29.0  7190.0
0  6  29.0  7190.0
0  6  31.0  6995.0
0  6  23.0  7771.0
0  6  51.0  5054.0
0  6  20.0  8060.0
0  6  26.0  7478.0
0  6  29.0  7188.0
0  6  43.0  5830.0
0  6  44.0  5734.0
0  6  33.0  6800.0
0  6  52.0  4957.0
0  6  41.0  6025.0
0  6  31.0  6993.0
0  6  54.0  4763.0
0  6  92.0  1076.0
0  6  47.0  5442.0
0  6  34.0  6705.0
0  6  70.0  3212.0
0  6  35.0  6609.0
0  6  50.0  5152.0
0  6  40.0  6122.0
0  6  19.0  8158.0
0  6  39.0  6221.0
0  6  61.0  4084.0
0  6  64.0  3799.0
0  6  49.0  5251.0
0  6  28.0  7284.0
0  6  25.0  7576.0
0  6  31.0  6993.0
0  6  39.0  6217.0
0  6  45.0  5635.0
0  6  41.0  6115.0
0  6  13.0  8741.0
0  6  12.0  8838.0
0  6  51.0  5057.0
0  6  20.0  8063.0
0  6  43.0  5832.0
0  6  68.0  3415.0
0  6  49.0  5248.0
0  6  22.0  7866.0
0  6  35.0  6608.0
0  6  68.0  3405.0
0  6  31.0  6993.0
0  6  13.0  8741.0
0  6  29.0  7187.0
0  6  22.0  7868.0
0  6  21.0  7963.0
0  6  65.0  3701.0
0  6  10.0  9033.0
0  6  25.0  7581.0
0  6  51.0  5144.0
0  6  47.0  5444.0
0  6  88.0  1464.0
0  6  18.0  8259.0
0  6  47.0  5441.0
0  6  0.0  10000.0
0  6  42.0  5932.0
0  6  2.0  9806.0
0  6  31.0  6994.0
0  6  27.0  7383.0
0  6  64.0  3796.0
0  6  45.0  5647.0
0  6  42.0  5926.0
0  6  35.0  6607.0
0  6  7.0  9321.0
0  6  57.0  4473.0
0  6  55.0  4670.0
0  6  27.0  7381.0
0  6  0.0  10000.0
0  6  19.0  8158.0
0  6  49.0  5266.0
0  6  33.0  6800.0
0  6  18.0  8255.0
0  6  23.0  7769.0
0  6  57.0  4476.0
0  6  5.0  9515.0
0  7  42.0  5928.0
0  7  36.0  6509.0
0  7  23.0  7770.0
0  7  27.0  7381.0
0  7  37.0  6413.0
0  7  22.0  7866.0
0  7  60.0  4182.0
0  7  99.0  397.0
0  7  35.0  6606.0
0  7  35.0  6606.0
0  7  41.0  6026.0
0  7  24.0  7673.0
0  7  32.0  6896.0
0  7  42.0  5926.0
0  7  20.0  8063.0
0  7  76.0  2629.0
0  7  40.0  6120.0
0  7  14.0  8642.0
0  7  41.0  6023.0
0  7  31.0  6995.0
0  7  21.0  7965.0
0  7  30.0  7095.0
0  7  37.0  6411.0
0  7  41.0  6025.0
0  7  0.0  10000.0
0  7  21.0  7991.0
0  7  83.0  1949.0
0  7  56.0  4568.0
0  7  34.0  6704.0
0  7  10.0  9030.0
0  7  31.0  6993.0
0  7  16.0  8449.0
0  7  30.0  7090.0
0  7  14.0  8642.0
0  7  47.0  5457.0
0  7  31.0  6999.0
0  7  35.0  6606.0
0  7  45.0  5637.0
0  7  58.0  4381.0
0  7  26.0  7479.0
0  7  25.0  7576.0
0  7  32.0  6900.0
0  7  3.0  9710.0
0  7  25.0  7575.0
0  7  60.0  4184.0
0  7  31.0  6997.0
0  7  46.0  5543.0
0  7  4.0  9612.0
0  7  35.0  6605.0
0  7  63.0  3896.0
0  7  31.0  6996.0
0  7  43.0  5829.0
0  7  0.0  10000.0
0  7  38.0  6314.0
0  7  31.0  6998.0
0  7  32.0  6898.0
0  7  19.0  8157.0
0  7  40.0  6120.0
0  7  43.0  5842.0
0  7  20.0  8060.0
0  7  37.0  6414.0
0  7  25.0  7575.0
0  7  45.0  5637.0
0  7  24.0  7674.0
0  7  57.0  4473.0
0  7  10.0  9031.0
0  7  22.0  7869.0
0  7  37.0  6415.0
0  7  27.0  7381.0
0  7  33.0  6801.0
0  7  42.0  5927.0
0  7  18.0  8257.0
0  7  42.0  5928.0
0  7  34.0  6710.0
0  7  9.0  9127.0
0  7  27.0  7382.0
0  7  52.0  4959.0
0  7  9.0  9128.0
0  7  35.0  6608.0
0  7  10.0  9030.0
0  7  41.0  6025.0
0  7  23.0  7769.0
0  7  23.0  7769.0
0  7  33.0  6804.0
0  7  52.0  4957.0
0  7  26.0  7479.0
0  7  43.0  5829.0
0  7  26.0  7479.0
0  7  86.0  1671.0
0  7  36.0  6508.0
0  7  45.0  5635.0
0  7  84.0  1853.0
0  7  25.0  7575.0
0  7  44.0  5732.0
0  7  0.0  10000.0
0  7  34.0  6702.0
0  7  46.0  5540.0
0  7  56.0  4570.0
0  7  8.0  9224.0
0  7  0.0  10000.0
0  8  49.0  5247.0
0  8  39.0  6218.0
0  8  30.0  7093.0
0  8  23.0  7769.0
0  8  17.0  8352.0
0  8  27.0  7381.0
0  8  29.0  7191.0
0  8  36.0  6508.0
0  8  11.0  8936.0
0  8  65.0  3695.0
0  8  18.0  8254.0
0  8  6.0  9418.0
0  8  35.0  6606.0
0  8  20.0  8060.0
0  8  70.0  3210.0
0  8  13.0  8739.0
0  8  15.0  8546.0
0  8  43.0  5832.0
0  8  46.0  5539.0
0  8  34.0  6703.0
0  8  0.0  10000.0
0  8  19.0  8159.0
0  8  34.0  6702.0
0  8  0.0  10000.0
0  8  41.0  6025.0
0  8  29.0  7188.0
0  8  50.0  5150.0
0  8  30.0  7102.0
0  8  56.0  4572.0
0  8  6.0  9419.0
0  8  23.0  7769.0
0  8  26.0  7480.0
0  8  32.0  6897.0
0  8  44.0  5733.0
0  8  34.0  6705.0
0  8  40.0  6124.0
0  8  80.0  2240.0
0  8  42.0  5927.0
0  8  10.0  9030.0
0  8  34.0  6711.0
0  8  45.0  5638.0
0  8  21.0  7963.0
0  8  27.0  7381.0
0  8  36.0  6509.0
0  8  56.0  4570.0
0  8  47.0  5454.0
0  8  40.0  6120.0
0  8  68.0  3406.0
0  8  28.0  7284.0
0  8  20.0  8066.0
0  8  24.0  7672.0
0  8  47.0  5441.0
0  8  23.0  7769.0
0  8  10.0  9030.0
0  8  19.0  8157.0
0  8  25.0  7576.0
0  8  0.0  10000.0
0  8  41.0  6024.0
0  8  25.0  7575.0
0  8  25.0  7575.0
0  8  32.0  6897.0
0  8  20.0  8060.0
0  8  41.0  6025.0
0  8  50.0  5150.0
0  8  15.0  8545.0
0  8  37.0  6411.0
0  8  63.0  3890.0
0  8  13.0  8739.0
0  8  32.0  6899.0
0  8  23.0  7769.0
0  8  27.0  7382.0
0  8  41.0  6023.0
0  8  15.0  8545.0
0  8  47.0  5445.0
0  8  37.0  6412.0
0  8  2.0  9806.0
0  8  24.0  7674.0
0  8  53.0  4859.0
0  8  44.0  5733.0
0  8  49.0  5247.0
0  8  36.0  6509.0
0  8  25.0  7579.0
0  8  49.0  5248.0
0  8  44.0  5733.0
0  8  45.0  5635.0
0  8  41.0  6024.0
0  8  50.0  5150.0
0  8  48.0  5346.0
0  8  34.0  6702.0
0  8  63.0  3892.0
0  8  61.0  4084.0
0  8  27.0  7382.0
0  8  55.0  4668.0
0  8  26.0  7478.0
0  8  13.0  8744.0
0  8  32.0  6897.0
0  8  41.0  6023.0
0  8  94.0  896.0
0  8  35.0  6620.0
0  8  61.0  4085.0
0  9  45.0  5640.0
0  9  15.0  8546.0
0  9  30.0  7091.0
0  9  24.0  7678.0
0  9  34.0  6703.0
0  9  31.0  6993.0
0  9  19.0  8158.0
0  9  8.0  9224.0
0  9  10.0  9030.0
0  9  48.0  5344.0
0  9  34.0  6702.0
0  9  43.0  5831.0
0  9  59.0  4281.0
0  9  52.0  4956.0
0  9  26.0  7478.0
0  9  25.0  7575.0
0  9  35.0  6606.0
0  9  33.0  6805.0
0  9  21.0  7963.0
0  9  34.0  6721.0
0  9  49.0  5252.0
0  9  41.0  6023.0
0  9  34.0  6706.0
0  9  55.0  4666.0
0  9  27.0  7382.0
0  9  37.0  6421.0
0  9  38.0  6317.0
0  9  71.0  3113.0
0  9  21.0  7970.0
0  9  30.0  7090.0
0  9  33.0  6801.0
0  9  30.0  7090.0
0  9  30.0  7092.0
0  9  25.0  7576.0
0  9  13.0  8739.0
0  9  40.0  6122.0
0  9  37.0  6412.0
0  9  36.0  6510.0
0  9  61.0  4084.0
0  9  46.0  5538.0
0  9  42.0  5929.0
0  9  37.0  6415.0
0  9  44.0  5733.0
0  9  28.0  7284.0
0  9  18.0  8255.0
0  9  65.0  3698.0
0  9  85.0  1758.0
0  9  4.0  9612.0
0  9  26.0  7478.0
0  9  33.0  6799.0
0  9  30.0  7094.0
0  9  0.0  10000.0
0  9  15.0  8545.0
0  9  49.0  5247.0
0  9  30.0  7102.0
0  9  29.0  7188.0
0  9  27.0  7381.0
0  9  22.0  7873.0
0  9  41.0  6023.0
0  9  12.0  8837.0
0  9  17.0  8352.0
0  9  55.0  4666.0
0  9  41.0  6025.0
0  9  58.0  4383.0
0  9  40.0  6120.0
0  9  4.0  9612.0
0  9  22.0  7868.0
0  9  50.0  5154.0
0  9  34.0  6702.0
0  9  49.0  5247.0
0  9  28.0  7284.0
0  9  37.0  6411.0
0  9  40.0  6121.0
0  9  30.0  7134.0
0  9  54.0  4762.0
0  9  27.0  7388.0
0  9  21.0  7963.0
0  9  46.0  5539.0
0  9  36.0  6523.0
0  9  21.0  7964.0
0  9  43.0  5835.0
0  9  42.0  5927.0
0  9  38.0  6314.0
0  9  52.0  4958.0
0  9  35.0  6606.0
0  9  39.0  6219.0
0  9  51.0  5055.0
0  9  59.0  4277.0
0  9  37.0  6417.0
0  9  38.0  6315.0
0  9  24.0  7674.0
0  9  40.0  6120.0
0  9  49.0  5247.0
0  9  50.0  5158.0
0  9  56.0  4592.0
0  9  19.0  8157.0
0  9  27.0  7382.0
0  9  25.0  7576.0
0  9  28.0  7285.0
0  9  33.0  6800.0
0  10  43.0  5830.0
0  10  47.0  5441.0
0  10  45.0  5639.0
0  10  38.0  6319.0
0  10  43.0  5831.0
0  10  52.0  4966.0
0  10  8.0  9227.0
0  10  12.0  8836.0
0  10  31.0  6993.0
0  10  15.0  8548.0
0  10  22.0  7867.0
0  10  25.0  7575.0
0  10  30.0  7095.0
0  10  78.0  2476.0
0  10  39.0  6217.0
0  10  17.0  8351.0
0  10  42.0  5927.0
0  10  41.0  6031.0
0  10  63.0  3891.0
0  10  30.0  7092.0
0  10  62.0  3991.0
0  10  42.0  5930.0
0  10  37.0  6411.0
0  10  54.0  4763.0
0  10  30.0  7091.0
0  10  40.0  6125.0
0  10  25.0  7576.0
0  10  33.0  6800.0
0  10  38.0  6316.0
0  10  35.0  6606.0
0  10  0.0  10000.0
0  10  25.0  7577.0
0  10  0.0  10000.0
0  10  39.0  6218.0
0  10  30.0  7090.0
0  10  33.0  6799.0
0  10  8.0  9224.0
0  10  17.0  8352.0
0  10  14.0  8644.0
0  10  49.0  5248.0
0  10  49.0  5255.0
0  10  56.0  4568.0
0  10  47.0  5442.0
0  10  13.0  8739.0
0  10  0.0  10000.0
0  10  43.0  5830.0
0  10  29.0  7188.0
0  10  18.0  8257.0
0  10  37.0  6412.0
0  10  22.0  7867.0
0  10  49.0  5247.0
0  10  50.0  5156.0
0  10  46.0  5542.0
0  10  50.0  5154.0
0  10  33.0  6800.0
0  10  18.0  8254.0
0  10  21.0  7964.0
0  10  14.0  8643.0
0  10  32.0  6900.0
0  10  22.0  7866.0
0  10  35.0  6606.0
0  10  8.0  9224.0
0  10  35.0  6606.0
0  10  29.0  7188.0
0  10  25.0  7576.0
0  10  9.0  9127.0
0  10  37.0  6413.0
0  10  22.0  7867.0
0  10  33.0  6800.0
0  10  34.0  6703.0
0  10  32.0  6897.0
0  10  32.0  6897.0
0  10  29.0  7187.0
0  10  25.0  7581.0
0  10  6.0  9418.0
0  10  72.0  3017.0
0  10  39.0  6220.0
0  10  31.0  6993.0
0  10  16.0  8449.0
0  10  16.0  8448.0
0  10  15.0  8551.0
0  10  14.0  8642.0
0  10  58.0  4379.0
0  10  36.0  6512.0
0  10  49.0  5250.0
0  10  31.0  6993.0
0  10  23.0  7769.0
0  10  44.0  5732.0
0  10  37.0  6411.0
0  10  56.0  4569.0
0  10  23.0  7772.0
0  10  20.0  8063.0
0  10  10.0  9030.0
0  10  9.0  9127.0
0  10  43.0  5837.0
0  10  46.0  5540.0
0  10  26.0  7478.0
0  10  42.0  5927.0
0  10  50.0  5159.0
0  10  43.0  5831.0
