1  35.0  630.0
1  82.0  271.0
1  57.0  275.0
1  82.0  305.0
1  58.0  420.0
1  3.0  324.0
1  22.0  187.0
1  36.0  384.0
1  0.0  745.0
1  50.0  421.0
1  62.0  432.0
1  57.0  375.0
1  53.0  325.0
1  57.0  385.0
1  34.0  446.0
1  42.0  367.0
1  85.0  319.0
1  51.0  488.0
1  42.0  369.0
1  43.0  440.0
1  53.0  490.0
1  67.0  405.0
1  65.0  352.0
1  35.0  460.0
1  23.0  566.0
1  42.0  613.0
1  76.0  361.0
1  17.0  135.0
1  0.0  200.0
1  34.0  507.0
1  41.0  485.0
1  72.0  262.0
1  13.0  271.0
1  57.0  329.0
1  27.0  373.0
1  44.0  429.0
1  41.0  404.0
1  16.0  168.0
1  16.0  292.0
1  84.0  282.0
1  40.0  443.0
1  25.0  324.0
1  48.0  294.0
1  71.0  282.0
1  78.0  255.0
1  19.0  427.0
1  34.0  510.0
1  42.0  330.0
1  42.0  392.0
1  46.0  378.0
1  55.0  201.0
1  59.0  404.0
1  57.0  332.0
1  50.0  482.0
1  59.0  388.0
1  43.0  527.0
1  80.0  312.0
1  27.0  453.0
1  65.0  311.0
1  29.0  544.0
1  67.0  287.0
1  58.0  207.0
1  55.0  436.0
1  51.0  504.0
1  82.0  280.0
1  2.0  692.0
1  55.0  278.0
1  13.0  454.0
1  34.0  389.0
1  32.0  490.0
1  39.0  375.0
1  96.0  237.0
1  12.0  500.0
1  40.0  401.0
1  22.0  262.0
1  41.0  286.0
1  0.0  222.0
1  44.0  426.0
1  38.0  234.0
1  100.0  200.0
1  65.0  360.0
1  66.0  395.0
1  25.0  498.0
1  38.0  497.0
1  36.0  294.0
1  72.0  430.0
1  42.0  509.0
1  69.0  325.0
1  62.0  365.0
1  93.0  237.0
1  41.0  377.0
1  50.0  429.0
1  29.0  281.0
1  95.0  245.0
1  69.0  283.0
1  32.0  470.0
1  45.0  411.0
1  34.0  310.0
1  57.0  510.0
1  82.0  288.0
2  45.0  441.0
2  20.0  362.0
2  51.0  207.0
2  43.0  353.0
2  0.0  287.0
2  17.0  321.0
2  74.0  345.0
2  55.0  455.0
2  57.0  390.0
2  58.0  431.0
2  58.0  347.0
2  26.0  348.0
2  97.0  222.0
2  38.0  130.0
2  70.0  294.0
2  25.0  345.0
2  63.0  354.0
2  59.0  353.0
2  59.0  413.0
2  40.0  470.0
2  55.0  285.0
2  83.0  344.0
2  34.0  265.0
2  56.0  344.0
2  42.0  446.0
2  43.0  289.0
2  59.0  316.0
2  58.0  503.0
2  64.0  378.0
2  77.0  348.0
2  72.0  378.0
2  45.0  288.0
2  10.0  234.0
2  67.0  404.0
2  14.0  492.0
2  30.0  330.0
2  70.0  316.0
2  67.0  390.0
2  78.0  229.0
2  63.0  394.0
2  59.0  462.0
2  39.0  388.0
2  63.0  362.0
2  64.0  338.0
2  49.0  211.0
2  79.0  372.0
2  64.0  467.0
2  47.0  417.0
2  69.0  388.0
2  54.0  489.0
2  53.0  371.0
2  34.0  516.0
2  80.0  354.0
2  48.0  337.0
2  50.0  313.0
2  19.0  491.0
2  57.0  430.0
2  0.0  112.0
2  46.0  406.0
2  52.0  381.0
2  57.0  387.0
2  33.0  399.0
2  34.0  540.0
2  76.0  291.0
2  73.0  357.0
2  0.0  0.0
2  25.0  646.0
2  41.0  371.0
2  11.0  74.0
2  100.0  200.0
2  59.0  313.0
2  45.0  399.0
2  60.0  478.0
2  41.0  430.0
2  40.0  376.0
2  73.0  243.0
2  33.0  429.0
2  8.0  271.0
2  25.0  435.0
2  59.0  269.0
2  28.0  318.0
2  73.0  400.0
2  34.0  421.0
2  43.0  462.0
2  89.0  285.0
2  64.0  438.0
2  44.0  463.0
2  0.0  245.0
2  70.0  316.0
2  61.0  373.0
2  0.0  173.0
2  64.0  479.0
2  10.0  404.0
2  46.0  439.0
2  54.0  451.0
2  60.0  428.0
2  96.0  218.0
2  47.0  281.0
2  47.0  385.0
2  17.0  368.0
3  41.0  237.0
3  75.0  245.0
3  48.0  527.0
3  68.0  390.0
3  91.0  250.0
3  44.0  321.0
3  55.0  295.0
3  69.0  428.0
3  71.0  321.0
3  27.0  534.0
3  32.0  371.0
3  0.0  320.0
3  6.0  496.0
3  21.0  488.0
3  42.0  365.0
3  52.0  323.0
3  61.0  455.0
3  29.0  264.0
3  68.0  320.0
3  41.0  452.0
3  60.0  282.0
3  100.0  200.0
3  59.0  292.0
3  11.0  361.0
3  22.0  416.0
3  50.0  286.0
3  61.0  306.0
3  39.0  230.0
3  56.0  288.0
3  23.0  275.0
3  85.0  338.0
3  46.0  526.0
3  6.0  370.0
3  100.0  200.0
3  100.0  200.0
3  9.0  218.0
3  75.0  351.0
3  41.0  281.0
3  27.0  430.0
3  2.0  284.0
3  55.0  280.0
3  56.0  439.0
3  52.0  392.0
3  39.0  457.0
3  23.0  387.0
3  30.0  407.0
3  20.0  486.0
3  28.0  335.0
3  49.0  317.0
3  14.0  415.0
3  48.0  470.0
3  20.0  307.0
3  76.0  261.0
3  43.0  214.0
3  78.0  310.0
3  30.0  381.0
3  0.0  289.0
3  74.0  298.0
3  37.0  222.0
3  39.0  431.0
3  59.0  424.0
3  43.0  406.0
3  36.0  476.0
3  14.0  384.0
3  28.0  317.0
3  14.0  479.0
3  59.0  324.0
3  43.0  605.0
3  36.0  474.0
3  40.0  415.0
3  53.0  368.0
3  100.0  200.0
3  86.0  286.0
3  22.0  299.0
3  66.0  261.0
3  53.0  344.0
3  0.0  168.0
3  100.0  200.0
3  23.0  498.0
3  38.0  335.0
3  50.0  266.0
3  46.0  360.0
3  60.0  206.0
3  56.0  311.0
3  36.0  442.0
3  0.0  392.0
3  68.0  575.0
3  81.0  268.0
3  45.0  378.0
3  0.0  325.0
3  49.0  321.0
3  37.0  683.0
3  52.0  270.0
3  64.0  263.0
3  72.0  362.0
3  39.0  408.0
3  41.0  447.0
3  86.0  258.0
3  16.0  199.0
3  68.0  414.0
4  25.0  499.0
4  0.0  154.0
4  27.0  326.0
4  61.0  278.0
4  25.0  562.0
4  24.0  331.0
4  34.0  532.0
4  36.0  413.0
4  13.0  504.0
4  58.0  204.0
4  50.0  398.0
4  25.0  381.0
4  44.0  371.0
4  0.0  126.0
4  51.0  380.0
4  43.0  242.0
4  43.0  558.0
4  15.0  647.0
4  33.0  250.0
4  34.0  324.0
4  69.0  289.0
4  48.0  305.0
4  13.0  296.0
4  100.0  200.0
4  19.0  448.0
4  65.0  428.0
4  15.0  655.0
4  44.0  254.0
4  40.0  345.0
4  20.0  455.0
4  22.0  311.0
4  14.0  288.0
4  42.0  468.0
4  19.0  339.0
4  13.0  250.0
4  74.0  335.0
4  21.0  291.0
4  98.0  213.0
4  83.0  293.0
4  4.0  230.0
4  48.0  365.0
4  53.0  476.0
4  93.0  218.0
4  30.0  450.0
4  39.0  350.0
4  9.0  115.0
4  27.0  316.0
4  51.0  376.0
4  76.0  338.0
4  67.0  307.0
4  71.0  329.0
4  56.0  410.0
4  40.0  331.0
4  34.0  233.0
4  16.0  550.0
4  47.0  436.0
4  80.0  308.0
4  41.0  420.0
4  37.0  469.0
4  53.0  346.0
4  41.0  243.0
4  20.0  469.0
4  34.0  422.0
4  51.0  278.0
4  33.0  420.0
4  64.0  380.0
4  24.0  276.0
4  40.0  419.0
4  41.0  397.0
4  10.0  196.0
4  34.0  371.0
4  68.0  361.0
4  70.0  341.0
4  8.0  152.0
4  34.0  404.0
4  11.0  440.0
4  70.0  264.0
4  7.0  203.0
4  52.0  252.0
4  30.0  252.0
4  49.0  489.0
4  68.0  395.0
4  22.0  525.0
4  42.0  339.0
4  19.0  381.0
4  0.0  211.0
4  55.0  230.0
4  16.0  338.0
4  59.0  270.0
4  27.0  523.0
4  31.0  485.0
4  27.0  314.0
4  24.0  205.0
4  50.0  409.0
4  14.0  319.0
4  63.0  356.0
4  13.0  175.0
4  23.0  544.0
4  44.0  181.0
4  59.0  366.0
5  35.0  289.0
5  43.0  355.0
5  73.0  295.0
5  17.0  302.0
5  56.0  397.0
5  40.0  334.0
5  51.0  259.0
5  27.0  289.0
5  69.0  503.0
5  55.0  529.0
5  37.0  474.0
5  0.0  630.0
5  38.0  413.0
5  16.0  193.0
5  35.0  300.0
5  47.0  399.0
5  24.0  531.0
5  22.0  295.0
5  41.0  418.0
5  34.0  277.0
5  20.0  249.0
5  26.0  264.0
5  56.0  316.0
5  10.0  428.0
5  76.0  245.0
5  76.0  322.0
5  74.0  325.0
5  61.0  457.0
5  71.0  292.0
5  0.0  711.0
5  85.0  312.0
5  68.0  328.0
5  63.0  335.0
5  15.0  316.0
5  22.0  445.0
5  31.0  344.0
5  14.0  217.0
5  30.0  430.0
5  9.0  388.0
5  24.0  421.0
5  64.0  344.0
5  14.0  557.0
5  7.0  231.0
5  25.0  219.0
5  21.0  338.0
5  29.0  305.0
5  18.0  317.0
5  33.0  384.0
5  15.0  222.0
5  46.0  355.0
5  42.0  294.0
5  5.0  63.0
5  100.0  200.0
5  8.0  387.0
5  86.0  268.0
5  19.0  353.0
5  58.0  398.0
5  24.0  320.0
5  36.0  281.0
5  56.0  411.0
5  45.0  375.0
5  56.0  410.0
5  58.0  483.0
5  41.0  213.0
5  87.0  305.0
5  61.0  347.0
5  45.0  403.0
5  35.0  236.0
5  71.0  244.0
5  75.0  314.0
5  70.0  288.0
5  21.0  252.0
5  46.0  358.0
5  53.0  346.0
5  55.0  296.0
5  45.0  315.0
5  48.0  312.0
5  53.0  345.0
5  45.0  470.0
5  22.0  395.0
5  92.0  307.0
5  44.0  362.0
5  19.0  301.0
5  19.0  278.0
5  52.0  195.0
5  26.0  420.0
5  62.0  329.0
5  12.0  397.0
5  39.0  287.0
5  70.0  286.0
5  54.0  372.0
5  44.0  412.0
5  31.0  327.0
5  58.0  451.0
5  51.0  306.0
5  53.0  411.0
5  100.0  200.0
5  11.0  506.0
5  89.0  287.0
5  31.0  309.0
