1  92.0  1452.0
1  44.0  777.0
1  41.0  434.0
1  62.0  586.0
1  0.0  1100.0
1  24.0  642.0
1  48.0  560.0
1  52.0  753.0
1  21.0  746.0
1  26.0  395.0
1  25.0  566.0
1  36.0  498.0
1  30.0  543.0
1  14.0  801.0
1  57.0  631.0
1  43.0  608.0
1  67.0  660.0
1  26.0  402.0
1  51.0  651.0
1  30.0  598.0
1  40.0  656.0
1  51.0  879.0
1  4.0  603.0
1  55.0  814.0
1  47.0  887.0
1  45.0  726.0
1  43.0  744.0
1  18.0  584.0
1  55.0  539.0
1  45.0  546.0
1  88.0  907.0
1  67.0  824.0
1  59.0  769.0
1  18.0  818.0
1  63.0  774.0
1  1.0  935.0
1  41.0  829.0
1  72.0  661.0
1  55.0  885.0
1  41.0  605.0
1  64.0  875.0
1  49.0  718.0
1  39.0  962.0
1  67.0  613.0
1  68.0  615.0
1  46.0  693.0
1  59.0  643.0
1  19.0  565.0
1  17.0  426.0
1  48.0  783.0
1  0.0  248.0
1  78.0  702.0
1  34.0  639.0
1  24.0  602.0
1  48.0  664.0
1  53.0  597.0
1  30.0  467.0
1  35.0  664.0
1  33.0  640.0
1  75.0  846.0
1  13.0  658.0
1  53.0  677.0
1  47.0  493.0
1  25.0  524.0
1  33.0  542.0
1  44.0  522.0
1  51.0  732.0
1  56.0  666.0
1  17.0  413.0
1  41.0  710.0
1  0.0  745.0
1  51.0  835.0
1  21.0  479.0
1  33.0  682.0
1  46.0  747.0
1  36.0  560.0
1  0.0  137.0
1  16.0  283.0
1  41.0  410.0
1  40.0  624.0
1  32.0  741.0
1  23.0  674.0
1  43.0  648.0
1  33.0  780.0
1  65.0  705.0
1  41.0  353.0
1  67.0  668.0
1  40.0  556.0
1  46.0  655.0
1  0.0  296.0
1  58.0  819.0
1  30.0  787.0
1  76.0  667.0
1  74.0  1101.0
1  56.0  766.0
1  34.0  412.0
1  14.0  478.0
1  39.0  580.0
1  37.0  711.0
1  70.0  1003.0
2  0.0  0.0
2  29.0  383.0
2  80.0  823.0
2  27.0  702.0
2  88.0  1168.0
2  42.0  877.0
2  44.0  579.0
2  65.0  1100.0
2  59.0  683.0
2  32.0  497.0
2  65.0  905.0
2  59.0  825.0
2  0.0  644.0
2  26.0  490.0
2  30.0  700.0
2  64.0  704.0
2  25.0  546.0
2  76.0  803.0
2  10.0  274.0
2  60.0  968.0
2  70.0  740.0
2  50.0  695.0
2  63.0  909.0
2  45.0  538.0
2  55.0  819.0
2  71.0  807.0
2  34.0  530.0
2  84.0  916.0
2  31.0  400.0
2  21.0  299.0
2  67.0  818.0
2  23.0  501.0
2  41.0  902.0
2  71.0  784.0
2  59.0  800.0
2  60.0  721.0
2  44.0  585.0
2  48.0  622.0
2  7.0  237.0
2  34.0  676.0
2  28.0  381.0
2  27.0  557.0
2  38.0  721.0
2  31.0  495.0
2  60.0  858.0
2  14.0  343.0
2  77.0  675.0
2  64.0  499.0
2  50.0  824.0
2  60.0  873.0
2  62.0  947.0
2  28.0  372.0
2  29.0  724.0
2  72.0  938.0
2  40.0  402.0
2  40.0  691.0
2  63.0  852.0
2  56.0  1104.0
2  57.0  614.0
2  81.0  818.0
2  29.0  519.0
2  33.0  748.0
2  7.0  318.0
2  65.0  827.0
2  62.0  788.0
2  0.0  310.0
2  63.0  761.0
2  37.0  778.0
2  87.0  751.0
2  85.0  921.0
2  75.0  854.0
2  60.0  911.0
2  63.0  642.0
2  17.0  610.0
2  40.0  737.0
2  32.0  410.0
2  32.0  565.0
2  80.0  922.0
2  24.0  747.0
2  100.0  797.0
2  45.0  550.0
2  75.0  783.0
2  69.0  479.0
2  0.0  124.0
2  54.0  928.0
2  73.0  842.0
2  51.0  631.0
2  47.0  787.0
2  81.0  1020.0
2  35.0  813.0
2  67.0  877.0
2  54.0  594.0
2  41.0  550.0
2  13.0  351.0
2  42.0  691.0
2  100.0  718.0
2  76.0  980.0
2  47.0  625.0
2  0.0  468.0
2  68.0  862.0
3  28.0  490.0
3  76.0  895.0
3  0.0  281.0
3  18.0  487.0
3  32.0  455.0
3  76.0  574.0
3  84.0  917.0
3  58.0  568.0
3  42.0  796.0
3  49.0  555.0
3  98.0  1116.0
3  32.0  279.0
3  54.0  666.0
3  100.0  1522.0
3  53.0  628.0
3  36.0  500.0
3  40.0  600.0
3  35.0  519.0
3  34.0  515.0
3  31.0  675.0
3  31.0  467.0
3  29.0  577.0
3  27.0  555.0
3  17.0  463.0
3  0.0  124.0
3  38.0  606.0
3  100.0  1051.0
3  30.0  548.0
3  39.0  643.0
3  0.0  653.0
3  80.0  718.0
3  69.0  857.0
3  66.0  688.0
3  32.0  610.0
3  34.0  435.0
3  38.0  587.0
3  59.0  971.0
3  30.0  410.0
3  39.0  503.0
3  28.0  450.0
3  33.0  434.0
3  62.0  656.0
3  33.0  710.0
3  20.0  345.0
3  21.0  289.0
3  80.0  857.0
3  50.0  426.0
3  44.0  494.0
3  80.0  576.0
3  63.0  827.0
3  72.0  762.0
3  85.0  870.0
3  81.0  754.0
3  19.0  659.0
3  51.0  755.0
3  32.0  397.0
3  52.0  609.0
3  78.0  1151.0
3  54.0  736.0
3  0.0  800.0
3  38.0  485.0
3  54.0  783.0
3  47.0  621.0
3  64.0  595.0
3  6.0  428.0
3  51.0  448.0
3  59.0  830.0
3  75.0  888.0
3  38.0  694.0
3  13.0  318.0
3  82.0  959.0
3  76.0  826.0
3  40.0  490.0
3  100.0  1222.0
3  44.0  531.0
3  65.0  682.0
3  40.0  689.0
3  33.0  434.0
3  64.0  909.0
3  0.0  325.0
3  36.0  502.0
3  14.0  409.0
3  49.0  586.0
3  43.0  503.0
3  84.0  1151.0
3  72.0  745.0
3  87.0  1035.0
3  47.0  808.0
3  52.0  629.0
3  66.0  707.0
3  62.0  832.0
3  19.0  446.0
3  20.0  465.0
3  53.0  792.0
3  93.0  856.0
3  30.0  571.0
3  46.0  641.0
3  8.0  452.0
3  37.0  391.0
3  18.0  285.0
4  39.0  873.0
4  0.0  183.0
4  29.0  582.0
4  21.0  381.0
4  23.0  448.0
4  60.0  845.0
4  92.0  1068.0
4  43.0  721.0
4  52.0  614.0
4  89.0  1279.0
4  40.0  571.0
4  58.0  810.0
4  0.0  113.0
4  47.0  563.0
4  43.0  634.0
4  65.0  633.0
4  7.0  249.0
4  56.0  932.0
4  47.0  687.0
4  32.0  814.0
4  51.0  618.0
4  29.0  388.0
4  35.0  494.0
4  54.0  608.0
4  46.0  904.0
4  79.0  836.0
4  58.0  925.0
4  28.0  424.0
4  39.0  713.0
4  57.0  962.0
4  34.0  751.0
4  44.0  745.0
4  61.0  778.0
4  100.0  1309.0
4  20.0  278.0
4  13.0  523.0
4  17.0  570.0
4  0.0  190.0
4  46.0  648.0
4  52.0  641.0
4  100.0  937.0
4  13.0  285.0
4  36.0  747.0
4  5.0  193.0
4  27.0  699.0
4  20.0  482.0
4  67.0  860.0
4  47.0  829.0
4  54.0  565.0
4  78.0  910.0
4  70.0  1014.0
4  51.0  611.0
4  39.0  676.0
4  73.0  944.0
4  50.0  466.0
4  77.0  561.0
4  73.0  684.0
4  53.0  479.0
4  37.0  421.0
4  26.0  485.0
4  35.0  683.0
4  17.0  353.0
4  57.0  549.0
4  18.0  457.0
4  80.0  1018.0
4  46.0  789.0
4  54.0  710.0
4  84.0  965.0
4  74.0  878.0
4  43.0  568.0
4  37.0  579.0
4  59.0  957.0
4  39.0  553.0
4  10.0  472.0
4  58.0  848.0
4  23.0  433.0
4  24.0  435.0
4  69.0  1092.0
4  41.0  627.0
4  51.0  619.0
4  39.0  585.0
4  86.0  798.0
4  33.0  686.0
4  21.0  473.0
4  100.0  1600.0
4  0.0  314.0
4  55.0  879.0
4  19.0  513.0
4  49.0  719.0
4  18.0  653.0
4  41.0  651.0
4  31.0  494.0
4  52.0  760.0
4  69.0  847.0
4  45.0  809.0
4  20.0  425.0
4  64.0  470.0
4  22.0  677.0
4  65.0  918.0
4  31.0  680.0
5  0.0  426.0
5  83.0  1028.0
5  91.0  1287.0
5  45.0  686.0
5  21.0  489.0
5  4.0  563.0
5  67.0  708.0
5  72.0  948.0
5  100.0  680.0
5  16.0  453.0
5  100.0  1624.0
5  26.0  492.0
5  52.0  716.0
5  31.0  546.0
5  27.0  497.0
5  35.0  385.0
5  75.0  1114.0
5  38.0  592.0
5  14.0  385.0
5  7.0  204.0
5  52.0  751.0
5  50.0  609.0
5  0.0  284.0
5  43.0  475.0
5  0.0  269.0
5  32.0  464.0
5  26.0  518.0
5  67.0  746.0
5  12.0  436.0
5  23.0  382.0
5  39.0  657.0
5  13.0  320.0
5  50.0  779.0
5  60.0  852.0
5  69.0  716.0
5  50.0  723.0
5  53.0  837.0
5  19.0  382.0
5  0.0  554.0
5  29.0  564.0
5  45.0  786.0
5  18.0  789.0
5  28.0  643.0
5  46.0  722.0
5  68.0  857.0
5  75.0  795.0
5  79.0  1306.0
5  28.0  555.0
5  45.0  489.0
5  42.0  549.0
5  6.0  298.0
5  22.0  430.0
5  71.0  1204.0
5  49.0  791.0
5  78.0  1186.0
5  40.0  734.0
5  18.0  341.0
5  14.0  489.0
5  30.0  462.0
5  45.0  718.0
5  17.0  297.0
5  51.0  693.0
5  35.0  701.0
5  20.0  409.0
5  46.0  782.0
5  19.0  251.0
5  42.0  654.0
5  68.0  665.0
5  37.0  623.0
5  15.0  501.0
5  97.0  1281.0
5  91.0  872.0
5  43.0  726.0
5  58.0  833.0
5  51.0  688.0
5  28.0  676.0
5  48.0  719.0
5  16.0  407.0
5  72.0  898.0
5  22.0  366.0
5  33.0  629.0
5  45.0  623.0
5  52.0  768.0
5  43.0  683.0
5  43.0  699.0
5  63.0  893.0
5  11.0  528.0
5  47.0  699.0
5  27.0  541.0
5  83.0  896.0
5  59.0  604.0
5  95.0  857.0
5  27.0  543.0
5  37.0  647.0
5  46.0  580.0
5  63.0  798.0
5  100.0  1131.0
5  33.0  613.0
5  27.0  577.0
5  30.0  677.0
