1  54.0  432.0
2  41.0  500.0
3  42.0  475.0
4  58.0  438.0
5  73.0  491.0
6  37.0  436.0
7  38.0  456.0
1  79.0  500.0
2  70.0  405.0
3  27.0  476.0
4  60.0  472.0
5  69.0  468.0
6  32.0  431.0
7  22.0  402.0
1  30.0  271.0
2  80.0  500.0
3  28.0  285.0
4  57.0  446.0
5  38.0  426.0
6  38.0  445.0
7  64.0  448.0
1  50.0  444.0
2  28.0  425.0
3  41.0  375.0
4  27.0  430.0
5  45.0  462.0
6  46.0  460.0
7  51.0  430.0
1  47.0  498.0
2  52.0  438.0
3  39.0  379.0
4  65.0  498.0
5  73.0  500.0
6  50.0  449.0
7  30.0  404.0
1  57.0  496.0
2  42.0  292.0
3  73.0  499.0
4  49.0  478.0
5  51.0  472.0
6  35.0  343.0
7  48.0  492.0
1  86.0  500.0
2  54.0  500.0
3  85.0  500.0
4  33.0  351.0
5  24.0  417.0
6  46.0  450.0
7  31.0  361.0
1  38.0  409.0
2  30.0  365.0
3  74.0  498.0
4  71.0  498.0
5  69.0  461.0
6  33.0  463.0
7  52.0  488.0
1  15.0  287.0
2  79.0  500.0
3  25.0  364.0
4  84.0  500.0
5  88.0  500.0
6  48.0  495.0
7  50.0  486.0
1  32.0  437.0
2  53.0  428.0
3  40.0  451.0
4  58.0  420.0
5  41.0  439.0
6  22.0  444.0
7  54.0  500.0
1  65.0  464.0
2  42.0  499.0
3  29.0  397.0
4  76.0  496.0
5  23.0  240.0
6  62.0  500.0
7  39.0  457.0
1  50.0  478.0
2  11.0  314.0
3  52.0  491.0
4  34.0  490.0
5  29.0  369.0
6  44.0  480.0
7  40.0  368.0
1  38.0  477.0
2  60.0  448.0
3  41.0  399.0
4  56.0  441.0
5  18.0  400.0
6  49.0  427.0
7  16.0  376.0
1  41.0  368.0
2  58.0  446.0
3  40.0  380.0
4  46.0  500.0
5  33.0  385.0
6  71.0  498.0
7  50.0  432.0
1  37.0  473.0
2  27.0  407.0
3  32.0  416.0
4  39.0  394.0
5  45.0  466.0
6  33.0  325.0
7  29.0  391.0
1  39.0  497.0
2  59.0  500.0
3  46.0  479.0
4  38.0  500.0
5  29.0  439.0
6  60.0  493.0
7  31.0  398.0
1  19.0  419.0
2  73.0  500.0
3  36.0  467.0
4  64.0  500.0
5  88.0  499.0
6  21.0  436.0
7  55.0  497.0
1  45.0  500.0
2  59.0  410.0
3  89.0  500.0
4  37.0  450.0
5  76.0  500.0
6  56.0  485.0
7  59.0  495.0
1  57.0  500.0
2  41.0  350.0
3  42.0  407.0
4  57.0  496.0
5  44.0  454.0
6  47.0  457.0
7  24.0  458.0
1  22.0  342.0
2  66.0  492.0
3  51.0  475.0
4  72.0  480.0
5  67.0  500.0
6  60.0  440.0
7  40.0  448.0
1  31.0  375.0
2  53.0  493.0
3  34.0  427.0
4  79.0  499.0
5  38.0  382.0
6  27.0  445.0
7  54.0  459.0
1  59.0  494.0
2  41.0  425.0
3  21.0  208.0
4  63.0  500.0
5  34.0  438.0
6  32.0  381.0
7  15.0  417.0
1  37.0  362.0
2  38.0  440.0
3  22.0  333.0
4  55.0  456.0
5  58.0  476.0
6  28.0  371.0
7  42.0  499.0
1  70.0  499.0
2  40.0  500.0
3  74.0  500.0
4  56.0  409.0
5  49.0  490.0
6  61.0  500.0
7  12.0  361.0
1  34.0  410.0
2  29.0  266.0
3  38.0  453.0
4  58.0  477.0
5  24.0  309.0
6  34.0  472.0
7  58.0  494.0
1  40.0  482.0
2  93.0  498.0
3  29.0  270.0
4  60.0  500.0
5  46.0  496.0
6  59.0  500.0
7  48.0  490.0
1  36.0  385.0
2  38.0  420.0
3  60.0  473.0
4  40.0  430.0
5  16.0  415.0
6  30.0  383.0
7  30.0  381.0
1  10.0  246.0
2  92.0  496.0
3  72.0  437.0
4  31.0  340.0
5  65.0  499.0
6  68.0  468.0
7  45.0  361.0
1  66.0  500.0
2  33.0  498.0
3  53.0  481.0
4  53.0  484.0
5  68.0  473.0
6  52.0  489.0
7  44.0  458.0
1  32.0  437.0
2  32.0  488.0
3  42.0  455.0
4  16.0  317.0
5  65.0  485.0
6  61.0  447.0
7  18.0  284.0
1  36.0  277.0
2  82.0  500.0
3  39.0  407.0
4  66.0  496.0
5  38.0  498.0
6  43.0  465.0
7  26.0  406.0
1  34.0  372.0
2  72.0  500.0
3  74.0  480.0
4  28.0  410.0
5  41.0  383.0
6  56.0  434.0
7  40.0  490.0
1  73.0  473.0
2  50.0  457.0
3  80.0  500.0
4  52.0  500.0
5  71.0  480.0
6  50.0  407.0
7  64.0  490.0
1  50.0  451.0
2  66.0  470.0
3  28.0  463.0
4  56.0  475.0
5  41.0  434.0
6  48.0  408.0
7  22.0  385.0
1  65.0  452.0
2  15.0  327.0
3  65.0  499.0
4  46.0  491.0
5  58.0  499.0
6  35.0  458.0
7  41.0  372.0
1  26.0  329.0
2  44.0  463.0
3  33.0  433.0
4  34.0  469.0
5  39.0  399.0
6  49.0  452.0
7  67.0  500.0
1  83.0  500.0
2  84.0  494.0
3  65.0  499.0
4  33.0  344.0
5  64.0  500.0
6  30.0  375.0
7  30.0  445.0
1  32.0  498.0
2  58.0  472.0
3  38.0  478.0
4  56.0  475.0
5  33.0  371.0
6  47.0  492.0
7  24.0  373.0
1  63.0  500.0
2  48.0  436.0
3  50.0  475.0
4  41.0  465.0
5  37.0  486.0
6  48.0  430.0
7  31.0  413.0
1  75.0  500.0
2  50.0  481.0
3  61.0  500.0
4  51.0  436.0
5  33.0  416.0
6  44.0  456.0
7  43.0  380.0
1  48.0  483.0
2  65.0  500.0
3  59.0  485.0
4  61.0  497.0
5  49.0  430.0
6  20.0  346.0
7  80.0  500.0
1  26.0  254.0
2  59.0  500.0
3  41.0  472.0
4  44.0  399.0
5  23.0  388.0
6  28.0  315.0
7  50.0  446.0
1  82.0  500.0
2  49.0  499.0
3  61.0  486.0
4  25.0  342.0
5  61.0  493.0
6  52.0  464.0
7  41.0  468.0
1  53.0  497.0
2  38.0  429.0
3  57.0  485.0
4  62.0  458.0
5  16.0  312.0
6  56.0  483.0
7  67.0  497.0
1  59.0  484.0
2  61.0  500.0
3  17.0  280.0
4  22.0  484.0
5  58.0  484.0
6  50.0  452.0
7  34.0  496.0
1  39.0  480.0
2  20.0  416.0
3  62.0  467.0
4  40.0  383.0
5  27.0  378.0
6  60.0  493.0
7  76.0  500.0
1  61.0  497.0
2  77.0  491.0
3  48.0  496.0
4  65.0  491.0
5  48.0  464.0
6  36.0  440.0
7  46.0  492.0
1  46.0  373.0
2  42.0  444.0
3  42.0  487.0
4  50.0  452.0
5  32.0  458.0
6  34.0  472.0
7  49.0  469.0
1  47.0  488.0
2  56.0  475.0
3  65.0  494.0
4  41.0  452.0
5  52.0  485.0
6  42.0  453.0
7  55.0  488.0
1  55.0  427.0
2  46.0  494.0
3  41.0  464.0
4  54.0  486.0
5  45.0  459.0
6  32.0  399.0
7  55.0  455.0
1  31.0  403.0
2  37.0  333.0
3  24.0  348.0
4  35.0  463.0
5  43.0  414.0
6  48.0  449.0
7  33.0  367.0
1  44.0  483.0
2  34.0  421.0
3  51.0  477.0
4  19.0  406.0
5  33.0  476.0
6  41.0  321.0
7  37.0  475.0
1  49.0  379.0
2  63.0  494.0
3  26.0  305.0
4  42.0  443.0
5  60.0  474.0
6  71.0  500.0
7  56.0  459.0
1  24.0  342.0
2  41.0  444.0
3  41.0  394.0
4  40.0  375.0
5  63.0  490.0
6  44.0  462.0
7  53.0  469.0
1  85.0  500.0
2  30.0  269.0
3  19.0  247.0
4  36.0  386.0
5  40.0  404.0
6  44.0  447.0
7  48.0  477.0
1  40.0  477.0
2  71.0  500.0
3  83.0  497.0
4  62.0  467.0
5  62.0  500.0
6  48.0  476.0
7  28.0  433.0
1  76.0  497.0
2  83.0  500.0
3  73.0  452.0
4  61.0  499.0
5  26.0  361.0
6  30.0  455.0
7  54.0  488.0
1  54.0  500.0
2  73.0  500.0
3  66.0  497.0
4  22.0  273.0
5  43.0  396.0
6  37.0  451.0
7  32.0  388.0
1  38.0  448.0
2  51.0  500.0
3  28.0  459.0
4  55.0  452.0
5  45.0  500.0
6  49.0  437.0
7  41.0  392.0
1  55.0  409.0
2  61.0  494.0
3  42.0  500.0
4  59.0  482.0
5  28.0  490.0
6  37.0  426.0
7  15.0  346.0
1  50.0  495.0
2  39.0  390.0
3  22.0  283.0
4  5.0  282.0
5  69.0  500.0
6  47.0  374.0
7  48.0  500.0
1  57.0  448.0
2  34.0  425.0
3  47.0  417.0
4  40.0  393.0
5  55.0  494.0
6  48.0  451.0
7  44.0  334.0
1  70.0  462.0
2  29.0  471.0
3  67.0  412.0
4  50.0  485.0
5  43.0  437.0
6  36.0  444.0
7  38.0  434.0
1  81.0  499.0
2  72.0  500.0
3  65.0  495.0
4  48.0  420.0
5  22.0  361.0
6  32.0  382.0
7  68.0  500.0
1  43.0  441.0
2  49.0  490.0
3  27.0  334.0
4  32.0  474.0
5  3.0  235.0
6  64.0  458.0
7  41.0  487.0
1  29.0  342.0
2  54.0  499.0
3  72.0  500.0
4  30.0  462.0
5  42.0  470.0
6  33.0  341.0
7  39.0  444.0
1  34.0  462.0
2  43.0  500.0
3  43.0  416.0
4  65.0  491.0
5  50.0  500.0
6  53.0  473.0
7  40.0  410.0
1  33.0  404.0
2  22.0  425.0
3  56.0  497.0
4  65.0  495.0
5  33.0  442.0
6  17.0  285.0
7  47.0  470.0
1  51.0  488.0
2  8.0  304.0
3  80.0  500.0
4  35.0  392.0
5  83.0  500.0
6  27.0  499.0
7  22.0  380.0
1  61.0  500.0
2  20.0  315.0
3  60.0  403.0
4  58.0  500.0
5  20.0  435.0
6  41.0  469.0
7  53.0  404.0
1  19.0  386.0
2  67.0  498.0
3  31.0  452.0
4  40.0  480.0
5  44.0  445.0
6  60.0  475.0
7  24.0  279.0
1  41.0  500.0
2  45.0  434.0
3  40.0  394.0
4  48.0  467.0
5  41.0  382.0
6  26.0  479.0
7  23.0  384.0
1  67.0  489.0
2  59.0  449.0
3  51.0  409.0
4  36.0  495.0
5  63.0  476.0
6  50.0  493.0
7  28.0  394.0
1  42.0  333.0
2  75.0  486.0
3  30.0  472.0
4  50.0  449.0
5  69.0  487.0
6  22.0  421.0
7  30.0  323.0
1  28.0  304.0
2  64.0  500.0
3  45.0  379.0
4  85.0  497.0
5  44.0  390.0
6  60.0  489.0
7  17.0  457.0
1  21.0  342.0
2  38.0  427.0
3  37.0  446.0
4  20.0  403.0
5  46.0  490.0
6  40.0  454.0
7  39.0  432.0
1  55.0  463.0
2  70.0  498.0
3  34.0  489.0
4  19.0  315.0
5  24.0  421.0
6  28.0  387.0
7  65.0  500.0
1  78.0  500.0
2  34.0  381.0
3  58.0  497.0
4  56.0  450.0
5  34.0  376.0
6  38.0  430.0
7  40.0  493.0
1  30.0  242.0
2  28.0  403.0
3  56.0  430.0
4  51.0  463.0
5  14.0  313.0
6  34.0  447.0
7  46.0  449.0
1  55.0  489.0
2  60.0  498.0
3  19.0  274.0
4  18.0  489.0
5  59.0  499.0
6  57.0  478.0
7  45.0  393.0
1  39.0  495.0
2  69.0  469.0
3  51.0  470.0
4  47.0  424.0
5  66.0  429.0
6  47.0  499.0
7  51.0  496.0
1  37.0  294.0
2  27.0  411.0
3  53.0  467.0
4  49.0  387.0
5  40.0  438.0
6  32.0  417.0
7  62.0  433.0
1  53.0  479.0
2  78.0  500.0
3  10.0  422.0
4  62.0  498.0
5  61.0  491.0
6  56.0  498.0
7  31.0  461.0
1  51.0  476.0
2  12.0  246.0
3  55.0  406.0
4  72.0  492.0
5  44.0  459.0
6  61.0  500.0
7  51.0  484.0
1  43.0  474.0
2  70.0  500.0
3  77.0  500.0
4  50.0  436.0
5  47.0  498.0
6  48.0  491.0
7  30.0  435.0
1  32.0  488.0
2  35.0  500.0
3  52.0  428.0
4  16.0  316.0
5  39.0  471.0
6  30.0  346.0
7  60.0  500.0
1  42.0  494.0
2  83.0  500.0
3  47.0  384.0
4  35.0  477.0
5  53.0  500.0
6  44.0  496.0
7  30.0  443.0
1  33.0  497.0
2  76.0  460.0
3  36.0  482.0
4  38.0  409.0
5  41.0  434.0
6  36.0  376.0
7  28.0  400.0
1  36.0  500.0
2  61.0  496.0
3  9.0  402.0
4  56.0  435.0
5  27.0  392.0
6  37.0  469.0
7  51.0  377.0
1  92.0  500.0
2  14.0  309.0
3  49.0  395.0
4  27.0  311.0
5  45.0  500.0
6  42.0  468.0
7  39.0  424.0
1  42.0  403.0
2  68.0  470.0
3  64.0  481.0
4  40.0  480.0
5  15.0  269.0
6  52.0  482.0
7  50.0  493.0
1  57.0  387.0
2  75.0  500.0
3  49.0  488.0
4  69.0  478.0
5  22.0  246.0
6  42.0  492.0
7  30.0  428.0
1  51.0  500.0
2  40.0  386.0
3  58.0  456.0
4  71.0  500.0
5  25.0  435.0
6  45.0  484.0
7  39.0  424.0
1  36.0  302.0
2  48.0  360.0
3  70.0  489.0
4  39.0  460.0
5  51.0  426.0
6  33.0  351.0
7  49.0  372.0
1  63.0  499.0
2  35.0  410.0
3  66.0  377.0
4  46.0  425.0
5  31.0  487.0
6  50.0  496.0
7  61.0  441.0
1  56.0  409.0
2  36.0  500.0
3  75.0  497.0
4  38.0  445.0
5  47.0  475.0
6  48.0  495.0
7  58.0  434.0
1  57.0  500.0
2  77.0  499.0
3  33.0  483.0
4  45.0  473.0
5  57.0  395.0
6  47.0  464.0
7  49.0  413.0
1  55.0  493.0
2  46.0  452.0
3  53.0  491.0
4  57.0  472.0
5  48.0  429.0
6  52.0  488.0
7  25.0  438.0
1  45.0  486.0
2  48.0  489.0
3  87.0  500.0
4  53.0  493.0
5  67.0  460.0
6  50.0  481.0
7  83.0  500.0
1  47.0  461.0
2  48.0  465.0
3  29.0  309.0
4  23.0  351.0
5  45.0  462.0
6  49.0  483.0
7  80.0  500.0
