1  43.0  185
2  69.0  348
3  53.0  288
4  55.0  361
5  58.0  265
6  48.0  310
7  49.0  274
1  97.0  36
2  56.0  293
3  92.0  138
4  80.0  246
5  24.0  348
6  86.0  80
7  45.0  445
1  95.0  25
2  36.0  240
3  50.0  304
4  62.0  167
5  58.0  328
6  68.0  323
7  54.0  360
1  83.0  145
2  41.0  278
3  82.0  159
4  73.0  177
5  56.0  302
6  55.0  443
7  56.0  376
1  66.0  248
2  53.0  258
3  91.0  88
4  65.0  300
5  54.0  272
6  83.0  250
7  72.0  266
1  62.0  269
2  91.0  147
3  51.0  216
4  93.0  206
5  32.0  307
6  57.0  267
7  46.0  379
1  93.0  201
2  86.0  131
3  63.0  271
4  70.0  221
5  52.0  355
6  53.0  358
7  31.0  431
1  97.0  46
2  67.0  314
3  68.0  320
4  76.0  265
5  66.0  297
6  38.0  545
7  52.0  388
1  97.0  57
2  59.0  421
3  56.0  265
4  59.0  257
5  36.0  407
6  83.0  243
7  26.0  528
1  94.0  63
2  59.0  264
3  66.0  335
4  76.0  180
5  29.0  107
6  72.0  271
7  73.0  251
1  92.0  149
2  43.0  365
3  49.0  203
4  75.0  256
5  69.0  311
6  48.0  313
7  6.0  307
1  97.0  46
2  60.0  148
3  30.0  285
4  40.0  338
5  53.0  237
6  73.0  253
7  28.0  413
1  97.0  69
2  84.0  191
3  58.0  281
4  68.0  312
5  66.0  329
6  63.0  350
7  66.0  383
1  93.0  25
2  87.0  164
3  88.0  230
4  35.0  315
5  41.0  417
6  67.0  293
7  45.0  502
1  97.0  93
2  69.0  257
3  87.0  267
4  73.0  303
5  69.0  177
6  60.0  282
7  44.0  402
1  94.0  90
2  53.0  353
3  69.0  216
4  77.0  244
5  60.0  243
6  25.0  413
7  36.0  452
1  97.0  52
2  59.0  124
3  89.0  101
4  49.0  370
5  65.0  302
6  82.0  221
7  75.0  265
1  64.0  249
2  75.0  310
3  75.0  160
4  78.0  182
5  82.0  233
6  89.0  159
7  71.0  190
1  53.0  298
2  80.0  119
3  82.0  110
4  69.0  205
5  20.0  424
6  87.0  94
7  56.0  342
1  97.0  60
2  68.0  214
3  88.0  162
4  74.0  209
5  64.0  152
6  53.0  463
7  60.0  296
1  76.0  335
2  64.0  198
3  43.0  249
4  45.0  307
5  65.0  252
6  70.0  279
7  16.0  473
1  28.0  397
2  81.0  293
3  66.0  278
4  59.0  417
5  34.0  353
6  47.0  298
7  54.0  409
1  97.0  32
2  32.0  295
3  48.0  353
4  56.0  229
5  49.0  321
6  41.0  428
7  42.0  322
1  43.0  204
2  46.0  409
3  59.0  436
4  43.0  338
5  75.0  316
6  32.0  379
7  48.0  450
1  82.0  134
2  78.0  196
3  58.0  417
4  66.0  342
5  49.0  231
6  52.0  347
7  52.0  335
1  69.0  230
2  63.0  96
3  45.0  410
4  70.0  188
5  67.0  275
6  35.0  445
7  30.0  451
1  97.0  22
2  59.0  215
3  75.0  178
4  38.0  243
5  71.0  270
6  49.0  332
7  27.0  489
1  71.0  83
2  87.0  124
3  90.0  143
4  60.0  271
5  50.0  262
6  55.0  396
7  31.0  361
1  87.0  158
2  62.0  164
3  10.0  205
4  85.0  130
5  30.0  240
6  45.0  392
7  47.0  399
1  46.0  322
2  37.0  369
3  55.0  330
4  58.0  357
5  44.0  414
6  91.0  145
7  58.0  272
1  77.0  142
2  35.0  165
3  30.0  160
4  76.0  232
5  39.0  256
6  45.0  382
7  23.0  421
1  43.0  336
2  90.0  124
3  78.0  227
4  68.0  266
5  36.0  262
6  77.0  243
7  51.0  402
1  72.0  276
2  97.0  109
3  93.0  90
4  56.0  329
5  57.0  167
6  73.0  95
7  39.0  385
1  90.0  160
2  82.0  221
3  54.0  293
4  92.0  149
5  51.0  295
6  56.0  319
7  64.0  235
1  97.0  39
2  78.0  165
3  62.0  360
4  61.0  272
5  27.0  251
6  85.0  269
7  29.0  509
1  14.0  265
2  57.0  115
3  82.0  188
4  25.0  392
5  55.0  279
6  53.0  424
7  31.0  409
1  54.0  541
2  92.0  94
3  94.0  76
4  74.0  301
5  72.0  281
6  35.0  381
7  44.0  287
1  60.0  114
2  89.0  145
3  72.0  341
4  86.0  54
5  78.0  205
6  58.0  280
7  56.0  420
1  97.0  124
2  89.0  115
3  74.0  243
4  92.0  119
5  25.0  418
6  68.0  276
7  21.0  478
1  88.0  189
2  93.0  102
3  84.0  177
4  84.0  149
5  46.0  311
6  32.0  450
7  37.0  540
1  97.0  86
2  45.0  459
3  73.0  227
4  60.0  295
5  61.0  313
6  45.0  511
7  69.0  345
1  92.0  90
2  71.0  275
3  80.0  164
4  53.0  242
5  59.0  202
6  52.0  426
7  66.0  307
1  97.0  63
2  44.0  143
3  66.0  271
4  68.0  364
5  25.0  362
6  36.0  346
7  86.0  187
1  92.0  91
2  82.0  259
3  66.0  167
4  55.0  219
5  50.0  240
6  67.0  372
7  43.0  390
1  71.0  201
2  68.0  336
3  74.0  314
4  71.0  284
5  74.0  204
6  79.0  226
7  54.0  430
1  82.0  231
2  64.0  270
3  41.0  345
4  70.0  323
5  48.0  357
6  42.0  406
7  41.0  332
1  79.0  42
2  83.0  227
3  33.0  181
4  77.0  288
5  61.0  346
6  77.0  282
7  55.0  349
1  97.0  44
2  21.0  231
3  55.0  335
4  77.0  219
5  83.0  219
6  75.0  349
7  77.0  184
1  14.0  187
2  75.0  355
3  55.0  307
4  48.0  291
5  55.0  164
6  46.0  361
7  64.0  369
1  97.0  22
2  66.0  298
3  69.0  272
4  80.0  228
5  33.0  360
6  40.0  141
7  20.0  541
1  94.0  235
2  55.0  362
3  84.0  178
4  51.0  139
5  80.0  278
6  59.0  276
7  44.0  369
1  86.0  161
2  73.0  113
3  55.0  385
4  63.0  309
5  72.0  220
6  26.0  258
7  80.0  339
1  60.0  238
2  87.0  137
3  43.0  145
4  85.0  174
5  50.0  337
6  63.0  413
7  51.0  230
1  89.0  82
2  89.0  148
3  42.0  330
4  73.0  261
5  65.0  333
6  54.0  473
7  56.0  448
1  87.0  164
2  54.0  193
3  65.0  294
4  56.0  185
5  41.0  208
6  61.0  309
7  38.0  414
1  95.0  190
2  70.0  204
3  60.0  398
4  7.0  245
5  62.0  321
6  27.0  326
7  27.0  318
1  97.0  51
2  60.0  113
3  69.0  345
4  64.0  382
5  73.0  275
6  82.0  249
7  53.0  487
1  69.0  305
2  74.0  169
3  32.0  211
4  74.0  248
5  90.0  144
6  44.0  480
7  33.0  274
1  52.0  405
2  72.0  148
3  46.0  273
4  56.0  462
5  37.0  373
6  59.0  218
7  80.0  243
1  92.0  105
2  37.0  314
3  68.0  281
4  43.0  323
5  88.0  204
6  32.0  484
7  72.0  205
1  97.0  30
2  53.0  322
3  37.0  490
4  81.0  76
5  42.0  354
6  50.0  254
7  50.0  317
1  78.0  199
2  63.0  323
3  49.0  308
4  49.0  316
5  42.0  338
6  66.0  270
7  20.0  403
1  19.0  560
2  19.0  272
3  49.0  285
4  60.0  245
5  20.0  351
6  60.0  251
7  61.0  419
1  92.0  60
2  69.0  168
3  44.0  377
4  44.0  251
5  88.0  178
6  55.0  236
7  71.0  431
1  72.0  188
2  87.0  178
3  38.0  316
4  62.0  273
5  37.0  300
6  64.0  131
7  47.0  488
1  97.0  83
2  79.0  260
3  81.0  241
4  46.0  384
5  64.0  331
6  27.0  354
7  19.0  310
1  82.0  168
2  59.0  299
3  71.0  229
4  86.0  145
5  56.0  416
6  63.0  308
7  63.0  311
1  92.0  158
2  91.0  84
3  69.0  233
4  75.0  224
5  53.0  251
6  55.0  349
7  61.0  274
1  87.0  166
2  75.0  122
3  75.0  220
4  40.0  401
5  53.0  339
6  91.0  78
7  43.0  396
1  97.0  22
2  81.0  141
3  59.0  348
4  62.0  255
5  65.0  269
6  64.0  368
7  38.0  328
1  97.0  21
2  94.0  40
3  42.0  385
4  64.0  285
5  69.0  291
6  67.0  270
7  78.0  161
1  94.0  44
2  88.0  116
3  81.0  213
4  83.0  124
5  69.0  282
6  55.0  228
7  61.0  217
1  57.0  305
2  66.0  271
3  54.0  415
4  5.0  260
5  32.0  227
6  48.0  482
7  64.0  333
1  39.0  397
2  86.0  119
3  81.0  124
4  74.0  196
5  76.0  181
6  72.0  224
7  63.0  388
1  97.0  36
2  44.0  360
3  78.0  171
4  76.0  239
5  40.0  507
6  72.0  322
7  27.0  345
1  97.0  65
2  21.0  253
3  88.0  202
4  37.0  508
5  76.0  244
6  48.0  438
7  62.0  309
1  85.0  153
2  25.0  225
3  97.0  110
4  49.0  413
5  55.0  291
6  70.0  272
7  39.0  397
1  92.0  112
2  38.0  279
3  62.0  418
4  85.0  130
5  82.0  273
6  81.0  196
7  58.0  309
1  97.0  24
2  13.0  331
3  33.0  541
4  61.0  343
5  42.0  317
6  38.0  416
7  77.0  162
1  45.0  371
2  74.0  319
3  97.0  35
4  79.0  194
5  77.0  61
6  55.0  362
7  59.0  442
1  89.0  102
2  72.0  135
3  70.0  137
4  42.0  525
5  79.0  172
6  71.0  248
7  68.0  298
1  83.0  277
2  33.0  296
3  75.0  327
4  76.0  231
5  56.0  379
6  55.0  413
7  50.0  519
1  71.0  173
2  89.0  138
3  51.0  343
4  53.0  263
5  94.0  83
6  47.0  463
7  54.0  309
1  93.0  189
2  76.0  228
3  76.0  197
4  81.0  225
5  43.0  145
6  26.0  274
7  86.0  191
1  89.0  31
2  95.0  119
3  45.0  364
4  92.0  136
5  70.0  262
6  52.0  441
7  48.0  313
1  97.0  17
2  65.0  320
3  48.0  321
4  87.0  79
5  45.0  321
6  60.0  347
7  73.0  149
1  82.0  165
2  96.0  45
3  31.0  240
4  51.0  149
5  63.0  369
6  53.0  362
7  38.0  257
1  67.0  143
2  45.0  366
3  66.0  346
4  81.0  249
5  86.0  167
6  43.0  459
7  68.0  236
1  89.0  113
2  79.0  243
3  15.0  248
4  58.0  166
5  51.0  181
6  43.0  437
7  92.0  83
1  86.0  171
2  41.0  222
3  91.0  108
4  87.0  132
5  70.0  118
6  90.0  94
7  53.0  299
1  76.0  149
2  68.0  150
3  13.0  205
4  80.0  297
5  55.0  385
6  41.0  398
7  27.0  581
1  52.0  257
2  67.0  87
3  55.0  383
4  85.0  215
5  49.0  441
6  63.0  379
7  60.0  359
1  97.0  54
2  84.0  107
3  89.0  230
4  47.0  320
5  82.0  181
6  47.0  410
7  47.0  318
1  84.0  154
2  25.0  160
3  94.0  94
4  59.0  344
5  38.0  400
6  54.0  372
7  60.0  276
1  91.0  58
2  58.0  352
3  48.0  257
4  53.0  336
5  76.0  225
6  49.0  297
7  46.0  565
1  91.0  106
2  42.0  235
3  80.0  160
4  72.0  283
5  35.0  366
6  26.0  466
7  58.0  294
1  85.0  168
2  81.0  116
3  39.0  358
4  67.0  330
5  40.0  432
6  39.0  362
7  48.0  474
1  93.0  57
2  91.0  85
3  80.0  270
4  69.0  290
5  46.0  392
6  45.0  380
7  63.0  316
1  73.0  245
2  35.0  427
3  61.0  185
4  50.0  304
5  83.0  231
6  44.0  379
7  37.0  423
1  63.0  216
2  70.0  291
3  61.0  286
4  68.0  287
5  27.0  337
6  16.0  531
7  69.0  281
