1  31.0  330.0
2  40.0  484.0
3  24.0  486.0
4  61.0  483.0
5  50.0  460.0
6  21.0  448.0
7  45.0  458.0
1  41.0  397.0
2  66.0  497.0
3  54.0  488.0
4  9.0  444.0
5  50.0  500.0
6  25.0  344.0
7  47.0  461.0
1  72.0  486.0
2  64.0  500.0
3  59.0  379.0
4  51.0  415.0
5  21.0  419.0
6  18.0  420.0
7  38.0  401.0
1  23.0  488.0
2  13.0  280.0
3  76.0  477.0
4  50.0  500.0
5  47.0  478.0
6  28.0  348.0
7  80.0  477.0
1  39.0  500.0
2  80.0  500.0
3  50.0  499.0
4  31.0  326.0
5  20.0  403.0
6  34.0  482.0
7  27.0  350.0
1  54.0  497.0
2  55.0  486.0
3  15.0  339.0
4  44.0  480.0
5  31.0  421.0
6  30.0  364.0
7  59.0  499.0
1  54.0  453.0
2  34.0  331.0
3  17.0  405.0
4  49.0  465.0
5  35.0  494.0
6  14.0  403.0
7  34.0  443.0
1  32.0  469.0
2  51.0  491.0
3  14.0  287.0
4  35.0  492.0
5  43.0  462.0
6  42.0  447.0
7  33.0  446.0
1  45.0  471.0
2  61.0  486.0
3  59.0  469.0
4  33.0  325.0
5  28.0  311.0
6  53.0  492.0
7  36.0  457.0
1  60.0  471.0
2  34.0  445.0
3  52.0  488.0
4  70.0  492.0
5  34.0  405.0
6  32.0  392.0
7  26.0  419.0
1  30.0  274.0
2  47.0  491.0
3  53.0  431.0
4  24.0  395.0
5  53.0  407.0
6  31.0  420.0
7  42.0  455.0
1  46.0  496.0
2  17.0  329.0
3  81.0  500.0
4  45.0  407.0
5  65.0  478.0
6  35.0  425.0
7  42.0  450.0
1  60.0  478.0
2  61.0  490.0
3  47.0  368.0
4  19.0  454.0
5  41.0  363.0
6  35.0  442.0
7  45.0  486.0
1  72.0  499.0
2  53.0  487.0
3  24.0  397.0
4  40.0  490.0
5  63.0  484.0
6  25.0  305.0
7  43.0  425.0
1  28.0  347.0
2  80.0  487.0
3  40.0  369.0
4  62.0  465.0
5  53.0  480.0
6  51.0  466.0
7  63.0  485.0
1  15.0  450.0
2  71.0  443.0
3  16.0  312.0
4  25.0  427.0
5  47.0  455.0
6  43.0  364.0
7  20.0  380.0
1  33.0  445.0
2  0.0  181.0
3  56.0  500.0
4  33.0  409.0
5  41.0  394.0
6  53.0  500.0
7  32.0  474.0
1  34.0  490.0
2  39.0  454.0
3  47.0  492.0
4  49.0  403.0
5  69.0  496.0
6  24.0  368.0
7  65.0  497.0
1  43.0  487.0
2  37.0  316.0
3  69.0  495.0
4  54.0  500.0
5  43.0  489.0
6  45.0  425.0
7  58.0  488.0
1  32.0  392.0
2  47.0  454.0
3  78.0  493.0
4  29.0  485.0
5  33.0  419.0
6  61.0  487.0
7  34.0  405.0
1  7.0  454.0
2  55.0  496.0
3  60.0  500.0
4  33.0  395.0
5  57.0  495.0
6  36.0  338.0
7  38.0  467.0
1  36.0  421.0
2  16.0  328.0
3  0.0  366.0
4  22.0  271.0
5  19.0  432.0
6  65.0  485.0
7  42.0  498.0
1  29.0  486.0
2  35.0  449.0
3  23.0  303.0
4  39.0  476.0
5  28.0  365.0
6  42.0  491.0
7  51.0  496.0
1  33.0  500.0
2  69.0  499.0
3  17.0  208.0
4  19.0  235.0
5  50.0  397.0
6  35.0  410.0
7  40.0  496.0
1  21.0  412.0
2  42.0  433.0
3  50.0  461.0
4  35.0  396.0
5  59.0  452.0
6  44.0  397.0
7  58.0  417.0
1  47.0  385.0
2  37.0  470.0
3  34.0  437.0
4  30.0  363.0
5  24.0  401.0
6  39.0  429.0
7  35.0  340.0
1  35.0  335.0
2  51.0  472.0
3  38.0  407.0
4  33.0  406.0
5  69.0  500.0
6  70.0  464.0
7  49.0  479.0
1  77.0  500.0
2  61.0  387.0
3  61.0  480.0
4  47.0  454.0
5  51.0  499.0
6  12.0  343.0
7  42.0  461.0
1  43.0  439.0
2  39.0  445.0
3  37.0  461.0
4  77.0  477.0
5  39.0  381.0
6  38.0  401.0
7  49.0  437.0
1  73.0  487.0
2  18.0  304.0
3  33.0  391.0
4  51.0  399.0
5  47.0  414.0
6  56.0  450.0
7  26.0  405.0
1  55.0  426.0
2  57.0  489.0
3  19.0  266.0
4  53.0  453.0
5  81.0  499.0
6  25.0  393.0
7  36.0  444.0
1  76.0  483.0
2  43.0  499.0
3  45.0  497.0
4  38.0  496.0
5  76.0  500.0
6  6.0  238.0
7  59.0  489.0
1  45.0  482.0
2  35.0  397.0
3  26.0  422.0
4  66.0  464.0
5  30.0  354.0
6  54.0  430.0
7  56.0  495.0
1  86.0  493.0
2  56.0  449.0
3  43.0  444.0
4  61.0  494.0
5  51.0  498.0
6  40.0  431.0
7  51.0  469.0
1  86.0  495.0
2  22.0  385.0
3  21.0  386.0
4  44.0  462.0
5  29.0  384.0
6  35.0  497.0
7  41.0  389.0
1  63.0  496.0
2  66.0  500.0
3  45.0  488.0
4  55.0  488.0
5  47.0  467.0
6  55.0  497.0
7  72.0  500.0
1  11.0  290.0
2  49.0  498.0
3  46.0  500.0
4  24.0  396.0
5  60.0  471.0
6  24.0  317.0
7  43.0  451.0
1  19.0  251.0
2  48.0  471.0
3  19.0  268.0
4  45.0  498.0
5  27.0  369.0
6  22.0  419.0
7  33.0  386.0
1  41.0  386.0
2  29.0  343.0
3  53.0  441.0
4  38.0  468.0
5  42.0  451.0
6  42.0  377.0
7  29.0  465.0
1  23.0  259.0
2  14.0  287.0
3  45.0  456.0
4  43.0  397.0
5  27.0  417.0
6  83.0  500.0
7  51.0  479.0
1  51.0  475.0
2  12.0  191.0
3  49.0  489.0
4  25.0  374.0
5  61.0  457.0
6  73.0  459.0
7  46.0  466.0
1  36.0  328.0
2  33.0  410.0
3  33.0  371.0
4  45.0  479.0
5  37.0  460.0
6  44.0  389.0
7  43.0  441.0
1  52.0  499.0
2  69.0  489.0
3  43.0  441.0
4  37.0  421.0
5  75.0  500.0
6  36.0  399.0
7  20.0  315.0
1  43.0  497.0
2  62.0  500.0
3  43.0  482.0
4  54.0  500.0
5  59.0  497.0
6  59.0  462.0
7  35.0  481.0
1  53.0  498.0
2  71.0  493.0
3  33.0  331.0
4  53.0  436.0
5  53.0  500.0
6  25.0  483.0
7  59.0  496.0
1  60.0  493.0
2  39.0  500.0
3  29.0  498.0
4  44.0  494.0
5  38.0  367.0
6  37.0  423.0
7  4.0  258.0
1  47.0  497.0
2  60.0  465.0
3  65.0  489.0
4  24.0  431.0
5  62.0  486.0
6  42.0  499.0
7  34.0  330.0
1  43.0  454.0
2  39.0  408.0
3  19.0  327.0
4  41.0  435.0
5  44.0  482.0
6  58.0  496.0
7  53.0  500.0
1  40.0  500.0
2  71.0  454.0
3  44.0  467.0
4  40.0  440.0
5  39.0  447.0
6  29.0  410.0
7  61.0  497.0
1  73.0  500.0
2  33.0  277.0
3  34.0  307.0
4  20.0  432.0
5  56.0  489.0
6  56.0  438.0
7  36.0  459.0
1  81.0  499.0
2  26.0  312.0
3  51.0  463.0
4  61.0  490.0
5  43.0  500.0
6  45.0  493.0
7  24.0  459.0
1  41.0  338.0
2  74.0  495.0
3  63.0  472.0
4  64.0  493.0
5  60.0  495.0
6  47.0  449.0
7  22.0  371.0
1  45.0  498.0
2  0.0  183.0
3  38.0  442.0
4  35.0  437.0
5  36.0  344.0
6  54.0  495.0
7  42.0  432.0
1  69.0  499.0
2  69.0  479.0
3  18.0  379.0
4  35.0  345.0
5  30.0  460.0
6  82.0  500.0
7  30.0  462.0
1  72.0  500.0
2  42.0  489.0
3  54.0  450.0
4  38.0  407.0
5  35.0  479.0
6  54.0  477.0
7  27.0  330.0
1  77.0  500.0
2  68.0  500.0
3  42.0  500.0
4  55.0  449.0
5  55.0  433.0
6  49.0  471.0
7  52.0  475.0
1  31.0  359.0
2  20.0  277.0
3  62.0  421.0
4  63.0  500.0
5  67.0  472.0
6  43.0  473.0
7  67.0  497.0
1  25.0  500.0
2  48.0  500.0
3  28.0  293.0
4  17.0  432.0
5  77.0  500.0
6  38.0  443.0
7  45.0  474.0
1  82.0  492.0
2  58.0  485.0
3  57.0  498.0
4  23.0  204.0
5  32.0  379.0
6  54.0  486.0
7  45.0  358.0
1  27.0  324.0
2  48.0  483.0
3  39.0  356.0
4  50.0  483.0
5  50.0  467.0
6  56.0  442.0
7  38.0  449.0
1  49.0  456.0
2  28.0  379.0
3  42.0  489.0
4  37.0  362.0
5  42.0  442.0
6  33.0  398.0
7  31.0  499.0
1  42.0  500.0
2  56.0  489.0
3  45.0  477.0
4  43.0  488.0
5  41.0  389.0
6  51.0  455.0
7  32.0  441.0
1  72.0  500.0
2  59.0  500.0
3  75.0  500.0
4  32.0  391.0
5  16.0  277.0
6  58.0  495.0
7  40.0  448.0
1  39.0  394.0
2  45.0  452.0
3  20.0  256.0
4  55.0  436.0
5  32.0  385.0
6  23.0  398.0
7  64.0  499.0
1  21.0  423.0
2  29.0  279.0
3  33.0  417.0
4  25.0  423.0
5  46.0  454.0
6  45.0  475.0
7  41.0  491.0
1  61.0  500.0
2  59.0  500.0
3  17.0  348.0
4  45.0  487.0
5  47.0  500.0
6  17.0  332.0
7  17.0  402.0
1  24.0  449.0
2  53.0  387.0
3  57.0  475.0
4  41.0  427.0
5  46.0  497.0
6  37.0  486.0
7  36.0  409.0
1  13.0  331.0
2  47.0  475.0
3  13.0  246.0
4  38.0  429.0
5  24.0  450.0
6  48.0  462.0
7  31.0  451.0
1  46.0  449.0
2  13.0  383.0
3  78.0  500.0
4  23.0  294.0
5  45.0  405.0
6  43.0  416.0
7  39.0  416.0
1  47.0  348.0
2  59.0  488.0
3  33.0  432.0
4  60.0  500.0
5  24.0  300.0
6  38.0  422.0
7  37.0  403.0
1  74.0  500.0
2  41.0  462.0
3  66.0  500.0
4  75.0  492.0
5  78.0  479.0
6  56.0  471.0
7  19.0  488.0
1  74.0  500.0
2  17.0  356.0
3  59.0  481.0
4  37.0  423.0
5  61.0  500.0
6  19.0  339.0
7  39.0  445.0
1  32.0  357.0
2  48.0  491.0
3  39.0  466.0
4  24.0  269.0
5  45.0  408.0
6  33.0  392.0
7  42.0  480.0
1  90.0  500.0
2  66.0  500.0
3  30.0  462.0
4  51.0  455.0
5  43.0  378.0
6  76.0  446.0
7  33.0  498.0
1  47.0  490.0
2  58.0  429.0
3  82.0  488.0
4  76.0  500.0
5  33.0  445.0
6  32.0  363.0
7  30.0  400.0
1  75.0  500.0
2  40.0  398.0
3  43.0  462.0
4  74.0  496.0
5  22.0  342.0
6  39.0  455.0
7  42.0  496.0
1  17.0  260.0
2  60.0  500.0
3  27.0  430.0
4  39.0  381.0
5  46.0  472.0
6  13.0  275.0
7  26.0  351.0
1  39.0  370.0
2  65.0  484.0
3  51.0  456.0
4  48.0  460.0
5  33.0  498.0
6  26.0  353.0
7  46.0  472.0
1  49.0  474.0
2  54.0  468.0
3  29.0  412.0
4  20.0  245.0
5  37.0  391.0
6  65.0  498.0
7  17.0  402.0
1  74.0  476.0
2  43.0  413.0
3  29.0  322.0
4  68.0  474.0
5  51.0  417.0
6  72.0  500.0
7  26.0  295.0
1  64.0  492.0
2  71.0  500.0
3  39.0  482.0
4  33.0  386.0
5  64.0  495.0
6  77.0  500.0
7  45.0  317.0
1  11.0  263.0
2  43.0  493.0
3  62.0  461.0
4  36.0  473.0
5  51.0  481.0
6  47.0  443.0
7  48.0  483.0
1  28.0  452.0
2  38.0  437.0
3  35.0  455.0
4  63.0  457.0
5  28.0  388.0
6  47.0  488.0
7  55.0  486.0
1  54.0  427.0
2  74.0  500.0
3  26.0  271.0
4  45.0  450.0
5  47.0  432.0
6  53.0  480.0
7  42.0  435.0
1  9.0  294.0
2  69.0  485.0
3  37.0  385.0
4  28.0  332.0
5  40.0  381.0
6  36.0  457.0
7  49.0  500.0
1  50.0  470.0
2  67.0  500.0
3  71.0  477.0
4  79.0  484.0
5  53.0  480.0
6  39.0  372.0
7  40.0  437.0
1  70.0  484.0
2  71.0  470.0
3  16.0  403.0
4  30.0  430.0
5  61.0  480.0
6  37.0  458.0
7  47.0  500.0
1  33.0  413.0
2  36.0  495.0
3  32.0  493.0
4  61.0  496.0
5  26.0  416.0
6  77.0  500.0
7  83.0  500.0
1  58.0  471.0
2  62.0  492.0
3  56.0  482.0
4  33.0  375.0
5  33.0  453.0
6  46.0  460.0
7  70.0  449.0
1  58.0  476.0
2  68.0  498.0
3  48.0  416.0
4  28.0  229.0
5  29.0  412.0
6  63.0  484.0
7  37.0  390.0
1  57.0  482.0
2  27.0  388.0
3  48.0  497.0
4  17.0  300.0
5  25.0  478.0
6  69.0  497.0
7  61.0  484.0
1  54.0  413.0
2  8.0  412.0
3  29.0  370.0
4  26.0  409.0
5  34.0  385.0
6  53.0  500.0
7  51.0  500.0
1  40.0  432.0
2  29.0  462.0
3  40.0  490.0
4  49.0  472.0
5  42.0  425.0
6  48.0  497.0
7  52.0  495.0
1  68.0  480.0
2  42.0  388.0
3  70.0  495.0
4  51.0  472.0
5  43.0  432.0
6  46.0  462.0
7  29.0  437.0
1  44.0  356.0
2  40.0  491.0
3  42.0  423.0
4  33.0  460.0
5  67.0  500.0
6  60.0  477.0
7  42.0  425.0
1  11.0  260.0
2  16.0  470.0
3  35.0  352.0
4  48.0  498.0
5  30.0  468.0
6  50.0  474.0
7  45.0  456.0
1  30.0  481.0
2  34.0  500.0
3  50.0  499.0
4  38.0  471.0
5  29.0  375.0
6  65.0  499.0
7  27.0  453.0
1  62.0  495.0
2  77.0  500.0
3  50.0  450.0
4  29.0  417.0
5  48.0  483.0
6  29.0  403.0
7  40.0  459.0
1  51.0  495.0
2  22.0  283.0
3  42.0  427.0
4  58.0  499.0
5  39.0  442.0
6  37.0  455.0
7  40.0  467.0
1  40.0  500.0
2  71.0  477.0
3  39.0  496.0
4  42.0  498.0
5  44.0  493.0
6  27.0  424.0
7  48.0  437.0
