1  36.0  526
2  67.0  479
3  12.0  364
4  15.0  343
5  23.0  321
1  38.0  441
2  69.0  497
3  20.0  263
4  45.0  370
5  20.0  324
1  63.0  541
2  42.0  435
3  38.0  289
4  25.0  320
5  14.0  295
1  45.0  377
2  39.0  420
3  13.0  251
4  5.0  311
5  9.0  259
1  53.0  412
2  27.0  508
3  20.0  259
4  0.0  362
5  17.0  319
1  44.0  488
2  54.0  488
3  39.0  467
4  4.0  269
5  30.0  390
1  39.0  498
2  21.0  306
3  13.0  384
4  28.0  293
5  19.0  432
1  32.0  487
2  30.0  458
3  45.0  374
4  24.0  340
5  23.0  360
1  31.0  519
2  71.0  531
3  34.0  442
4  32.0  308
5  26.0  277
1  25.0  269
2  59.0  532
3  42.0  410
4  19.0  287
5  27.0  385
1  39.0  393
2  32.0  314
3  8.0  292
4  18.0  392
5  24.0  303
1  60.0  515
2  12.0  400
3  25.0  343
4  42.0  456
5  23.0  303
1  36.0  483
2  23.0  548
3  4.0  273
4  24.0  394
5  5.0  155
1  51.0  495
2  34.0  509
3  14.0  323
4  39.0  488
5  9.0  301
1  52.0  510
2  47.0  530
3  60.0  414
4  44.0  505
5  0.0  79
1  13.0  353
2  2.0  303
3  27.0  340
4  19.0  268
5  46.0  373
1  12.0  477
2  32.0  451
3  31.0  466
4  39.0  368
5  17.0  329
1  45.0  548
2  73.0  529
3  28.0  372
4  11.0  212
5  19.0  250
1  81.0  508
2  16.0  388
3  36.0  388
4  16.0  348
5  10.0  244
1  73.0  527
2  68.0  522
3  48.0  494
4  35.0  375
5  45.0  458
1  39.0  539
2  52.0  512
3  29.0  300
4  28.0  323
5  37.0  391
1  37.0  453
2  41.0  445
3  11.0  419
4  50.0  441
5  19.0  343
1  34.0  437
2  5.0  117
3  36.0  361
4  30.0  293
5  15.0  360
1  43.0  472
2  35.0  522
3  23.0  440
4  23.0  392
5  29.0  399
1  37.0  436
2  56.0  499
3  35.0  431
4  17.0  407
5  14.0  251
1  51.0  548
2  29.0  456
3  43.0  414
4  25.0  327
5  10.0  197
1  38.0  505
2  76.0  534
3  31.0  363
4  8.0  341
5  27.0  383
1  44.0  420
2  52.0  431
3  24.0  377
4  21.0  359
5  28.0  449
1  51.0  484
2  53.0  528
3  16.0  379
4  17.0  262
5  6.0  235
1  54.0  474
2  41.0  397
3  10.0  320
4  7.0  267
5  13.0  335
1  32.0  431
2  25.0  230
3  20.0  395
4  15.0  315
5  24.0  326
1  24.0  484
2  65.0  490
3  10.0  395
4  54.0  488
5  8.0  265
1  34.0  406
2  36.0  357
3  23.0  333
4  13.0  456
5  26.0  284
1  24.0  418
2  49.0  498
3  30.0  403
4  39.0  473
5  24.0  334
1  56.0  511
2  29.0  385
3  37.0  361
4  32.0  415
5  37.0  397
1  26.0  433
2  37.0  463
3  22.0  341
4  38.0  435
5  20.0  377
1  46.0  517
2  46.0  407
3  23.0  323
4  17.0  377
5  41.0  441
1  27.0  410
2  60.0  487
3  35.0  360
4  12.0  178
5  19.0  447
1  33.0  363
2  8.0  159
3  34.0  361
4  9.0  312
5  26.0  446
1  63.0  511
2  68.0  533
3  34.0  520
4  40.0  388
5  25.0  418
1  12.0  448
2  12.0  318
3  46.0  476
4  31.0  266
5  25.0  224
1  16.0  437
2  45.0  443
3  29.0  373
4  21.0  387
5  27.0  349
1  16.0  313
2  39.0  426
3  49.0  380
4  28.0  277
5  43.0  408
1  71.0  451
2  83.0  521
3  9.0  361
4  25.0  388
5  16.0  382
1  39.0  500
2  53.0  468
3  20.0  459
4  19.0  294
5  31.0  362
1  39.0  546
2  11.0  381
3  0.0  111
4  3.0  185
5  19.0  319
1  45.0  409
2  42.0  498
3  52.0  439
4  18.0  327
5  20.0  352
1  17.0  364
2  72.0  524
3  34.0  467
4  19.0  397
5  38.0  332
1  63.0  541
2  31.0  459
3  46.0  396
4  50.0  393
5  19.0  306
1  44.0  499
2  24.0  351
3  57.0  506
4  84.0  493
5  10.0  273
1  43.0  461
2  38.0  422
3  41.0  388
4  17.0  300
5  10.0  390
1  57.0  484
2  34.0  518
3  43.0  477
4  15.0  345
5  9.0  263
1  28.0  572
2  24.0  243
3  52.0  488
4  60.0  442
5  24.0  339
1  19.0  467
2  55.0  525
3  44.0  445
4  39.0  312
5  4.0  166
1  32.0  514
2  46.0  475
3  20.0  280
4  34.0  353
5  22.0  355
1  22.0  467
2  33.0  382
3  9.0  285
4  0.0  135
5  14.0  260
1  29.0  428
2  37.0  433
3  58.0  462
4  32.0  371
5  14.0  229
1  28.0  478
2  46.0  440
3  31.0  344
4  19.0  423
5  38.0  356
1  59.0  483
2  63.0  488
3  8.0  376
4  24.0  292
5  21.0  361
1  35.0  473
2  37.0  483
3  24.0  228
4  0.0  214
5  20.0  330
1  67.0  501
2  56.0  499
3  23.0  401
4  57.0  430
5  17.0  286
1  31.0  482
2  35.0  369
3  14.0  244
4  1.0  208
5  0.0  384
1  49.0  448
2  35.0  389
3  23.0  285
4  25.0  383
5  36.0  444
1  60.0  534
2  47.0  544
3  34.0  310
4  18.0  221
5  25.0  310
1  20.0  364
2  16.0  459
3  26.0  434
4  34.0  442
5  15.0  260
1  12.0  341
2  46.0  532
3  32.0  451
4  55.0  513
5  16.0  450
1  25.0  455
2  71.0  514
3  18.0  444
4  54.0  391
5  25.0  332
1  13.0  371
2  18.0  330
3  33.0  469
4  27.0  348
5  15.0  202
1  46.0  497
2  30.0  419
3  21.0  342
4  29.0  356
5  8.0  221
1  37.0  441
2  24.0  425
3  46.0  501
4  26.0  404
5  15.0  285
1  44.0  529
2  4.0  391
3  40.0  479
4  21.0  303
5  44.0  382
1  19.0  413
2  29.0  418
3  44.0  412
4  26.0  318
5  38.0  339
1  39.0  473
2  73.0  522
3  34.0  311
4  32.0  328
5  42.0  392
1  30.0  442
2  9.0  353
3  13.0  330
4  47.0  393
5  24.0  320
1  32.0  441
2  0.0  251
3  16.0  342
4  59.0  459
5  8.0  252
1  51.0  523
2  12.0  246
3  14.0  380
4  45.0  413
5  27.0  318
1  64.0  512
2  39.0  529
3  4.0  222
4  56.0  455
5  45.0  359
1  48.0  454
2  40.0  457
3  65.0  475
4  68.0  501
5  16.0  349
1  55.0  492
2  46.0  501
3  7.0  236
4  14.0  192
5  29.0  295
1  31.0  520
2  21.0  343
3  59.0  418
4  47.0  316
5  18.0  384
1  35.0  539
2  25.0  282
3  28.0  437
4  60.0  481
5  17.0  350
1  32.0  524
2  30.0  425
3  71.0  458
4  40.0  472
5  8.0  315
1  56.0  442
2  24.0  280
3  7.0  222
4  42.0  545
5  14.0  293
1  61.0  548
2  36.0  467
3  65.0  464
4  23.0  352
5  20.0  323
1  31.0  484
2  43.0  435
3  26.0  332
4  27.0  461
5  51.0  469
1  66.0  499
2  61.0  509
3  11.0  403
4  0.0  155
5  24.0  260
1  22.0  439
2  52.0  462
3  6.0  380
4  0.0  230
5  19.0  274
1  74.0  548
2  25.0  370
3  52.0  473
4  7.0  264
5  35.0  366
1  70.0  510
2  47.0  501
3  22.0  378
4  4.0  410
5  29.0  422
1  36.0  407
2  18.0  393
3  53.0  369
4  39.0  440
5  16.0  228
1  30.0  382
2  63.0  510
3  14.0  327
4  19.0  341
5  14.0  172
1  30.0  478
2  35.0  526
3  1.0  251
4  29.0  373
5  9.0  341
1  20.0  467
2  35.0  446
3  34.0  476
4  12.0  371
5  3.0  113
1  43.0  512
2  66.0  522
3  15.0  301
4  56.0  495
5  11.0  380
1  35.0  432
2  61.0  504
3  25.0  345
4  58.0  486
5  20.0  386
1  51.0  463
2  64.0  483
3  61.0  469
4  33.0  504
5  16.0  331
1  51.0  507
2  22.0  351
3  36.0  395
4  47.0  412
5  10.0  270
1  38.0  412
2  21.0  405
3  44.0  509
4  13.0  246
5  15.0  346
1  36.0  542
2  26.0  457
3  19.0  193
4  13.0  313
5  17.0  281
1  21.0  401
2  23.0  463
3  18.0  387
4  28.0  246
5  42.0  392
