40  7.0  328.0
60  42.0  411.0
80  15.0  254.0
100  72.0  489.0
120  29.0  296.0
140  49.0  450.0
160  74.0  500.0
180  79.0  500.0
200  76.0  500.0
40  7.0  268.0
60  10.0  234.0
80  52.0  379.0
100  44.0  402.0
120  73.0  500.0
140  60.0  457.0
160  81.0  500.0
180  70.0  500.0
200  81.0  500.0
40  10.0  291.0
60  17.0  395.0
80  29.0  416.0
100  77.0  500.0
120  63.0  499.0
140  48.0  475.0
160  83.0  500.0
180  82.0  500.0
200  98.0  500.0
40  0.0  156.0
60  59.0  492.0
80  33.0  451.0
100  57.0  436.0
120  30.0  392.0
140  48.0  491.0
160  50.0  343.0
180  87.0  500.0
200  67.0  477.0
40  20.0  253.0
60  23.0  329.0
80  10.0  422.0
100  55.0  468.0
120  39.0  481.0
140  55.0  384.0
160  63.0  483.0
180  63.0  446.0
200  74.0  496.0
40  6.0  226.0
60  28.0  451.0
80  37.0  444.0
100  48.0  497.0
120  54.0  439.0
140  81.0  500.0
160  81.0  495.0
180  80.0  500.0
200  89.0  500.0
40  15.0  206.0
60  41.0  361.0
80  42.0  476.0
100  31.0  347.0
120  19.0  344.0
140  73.0  500.0
160  87.0  500.0
180  81.0  484.0
200  85.0  499.0
40  17.0  373.0
60  11.0  340.0
80  66.0  477.0
100  21.0  290.0
120  69.0  500.0
140  68.0  500.0
160  64.0  419.0
180  51.0  500.0
200  77.0  500.0
40  13.0  276.0
60  28.0  421.0
80  36.0  467.0
100  63.0  499.0
120  62.0  488.0
140  70.0  495.0
160  68.0  500.0
180  50.0  397.0
200  89.0  500.0
40  13.0  307.0
60  33.0  360.0
80  54.0  499.0
100  58.0  451.0
120  24.0  368.0
140  36.0  423.0
160  67.0  424.0
180  65.0  499.0
200  49.0  368.0
40  16.0  291.0
60  10.0  232.0
80  77.0  495.0
100  39.0  394.0
120  41.0  357.0
140  53.0  500.0
160  100.0  500.0
180  29.0  213.0
200  26.0  313.0
40  6.0  176.0
60  45.0  438.0
80  50.0  344.0
100  36.0  448.0
120  69.0  500.0
140  69.0  497.0
160  92.0  500.0
180  95.0  500.0
200  98.0  500.0
40  50.0  327.0
60  44.0  448.0
80  11.0  313.0
100  31.0  487.0
120  65.0  500.0
140  49.0  384.0
160  77.0  440.0
180  80.0  446.0
200  85.0  500.0
40  33.0  375.0
60  36.0  288.0
80  50.0  460.0
100  35.0  416.0
120  23.0  207.0
140  80.0  456.0
160  72.0  500.0
180  78.0  498.0
200  73.0  477.0
40  1.0  307.0
60  28.0  381.0
80  42.0  445.0
100  84.0  491.0
120  65.0  500.0
140  45.0  344.0
160  58.0  396.0
180  66.0  461.0
200  92.0  500.0
40  17.0  285.0
60  23.0  382.0
80  18.0  271.0
100  40.0  422.0
120  54.0  500.0
140  58.0  402.0
160  76.0  464.0
180  89.0  500.0
200  93.0  500.0
40  12.0  242.0
60  11.0  350.0
80  27.0  473.0
100  49.0  408.0
120  77.0  500.0
140  35.0  310.0
160  59.0  500.0
180  84.0  500.0
200  54.0  447.0
40  13.0  251.0
60  38.0  421.0
80  70.0  498.0
100  35.0  489.0
120  48.0  457.0
140  82.0  500.0
160  81.0  500.0
180  92.0  500.0
200  67.0  410.0
40  16.0  236.0
60  36.0  405.0
80  55.0  447.0
100  18.0  374.0
120  56.0  467.0
140  80.0  500.0
160  75.0  486.0
180  54.0  500.0
200  72.0  500.0
40  7.0  209.0
60  27.0  334.0
80  16.0  398.0
100  27.0  261.0
120  74.0  497.0
140  72.0  499.0
160  73.0  488.0
180  62.0  498.0
200  65.0  461.0
40  3.0  267.0
60  14.0  327.0
80  37.0  469.0
100  59.0  477.0
120  67.0  500.0
140  15.0  250.0
160  46.0  372.0
180  95.0  500.0
200  95.0  500.0
40  24.0  343.0
60  13.0  328.0
80  22.0  466.0
100  67.0  482.0
120  38.0  365.0
140  85.0  500.0
160  86.0  492.0
180  53.0  472.0
200  66.0  428.0
40  4.0  90.0
60  7.0  419.0
80  52.0  493.0
100  40.0  355.0
120  67.0  500.0
140  71.0  500.0
160  74.0  500.0
180  58.0  467.0
200  61.0  500.0
40  8.0  255.0
60  25.0  346.0
80  35.0  419.0
100  46.0  419.0
120  83.0  498.0
140  73.0  500.0
160  42.0  430.0
180  84.0  500.0
200  83.0  489.0
40  8.0  175.0
60  9.0  311.0
80  47.0  360.0
100  80.0  500.0
120  47.0  420.0
140  71.0  480.0
160  83.0  500.0
180  85.0  500.0
200  76.0  485.0
40  46.0  421.0
60  17.0  415.0
80  29.0  474.0
100  70.0  499.0
120  68.0  491.0
140  56.0  450.0
160  86.0  500.0
180  71.0  500.0
200  92.0  500.0
40  18.0  330.0
60  53.0  464.0
80  32.0  390.0
100  43.0  500.0
120  72.0  498.0
140  39.0  393.0
160  82.0  500.0
180  73.0  492.0
200  94.0  500.0
40  5.0  307.0
60  36.0  453.0
80  31.0  460.0
100  78.0  500.0
120  71.0  500.0
140  82.0  500.0
160  95.0  500.0
180  86.0  494.0
200  97.0  500.0
40  8.0  267.0
60  28.0  374.0
80  20.0  277.0
100  56.0  465.0
120  43.0  450.0
140  67.0  498.0
160  78.0  456.0
180  97.0  500.0
200  31.0  456.0
40  17.0  270.0
60  26.0  347.0
80  61.0  461.0
100  51.0  486.0
120  50.0  481.0
140  61.0  499.0
160  38.0  389.0
180  71.0  500.0
200  97.0  500.0
40  24.0  231.0
60  28.0  371.0
80  32.0  360.0
100  29.0  388.0
120  51.0  457.0
140  73.0  450.0
160  93.0  500.0
180  97.0  500.0
200  49.0  358.0
40  6.0  206.0
60  0.0  322.0
80  63.0  495.0
100  62.0  496.0
120  66.0  446.0
140  40.0  462.0
160  58.0  414.0
180  53.0  444.0
200  79.0  500.0
40  36.0  408.0
60  27.0  378.0
80  38.0  476.0
100  56.0  478.0
120  57.0  461.0
140  91.0  500.0
160  96.0  500.0
180  98.0  500.0
200  76.0  500.0
40  4.0  184.0
60  14.0  156.0
80  43.0  416.0
100  50.0  482.0
120  54.0  407.0
140  46.0  394.0
160  66.0  434.0
180  56.0  424.0
200  92.0  500.0
40  2.0  142.0
60  38.0  456.0
80  57.0  491.0
100  47.0  275.0
120  24.0  437.0
140  58.0  400.0
160  74.0  500.0
180  91.0  500.0
200  63.0  486.0
40  11.0  214.0
60  52.0  432.0
80  10.0  249.0
100  27.0  366.0
120  55.0  418.0
140  72.0  500.0
160  70.0  426.0
180  94.0  500.0
200  91.0  489.0
40  35.0  384.0
60  18.0  326.0
80  65.0  478.0
100  82.0  500.0
120  42.0  452.0
140  74.0  500.0
160  56.0  448.0
180  67.0  479.0
200  93.0  500.0
40  0.0  188.0
60  5.0  289.0
80  27.0  322.0
100  74.0  499.0
120  73.0  439.0
140  76.0  481.0
160  94.0  500.0
180  60.0  495.0
200  52.0  449.0
40  24.0  329.0
60  27.0  424.0
80  62.0  457.0
100  49.0  486.0
120  59.0  475.0
140  74.0  490.0
160  64.0  500.0
180  37.0  393.0
200  72.0  500.0
40  0.0  157.0
60  0.0  150.0
80  40.0  446.0
100  39.0  479.0
120  78.0  475.0
140  91.0  500.0
160  54.0  500.0
180  85.0  500.0
200  99.0  500.0
40  13.0  364.0
60  9.0  199.0
80  47.0  409.0
100  55.0  477.0
120  61.0  423.0
140  60.0  497.0
160  92.0  493.0
180  76.0  500.0
200  88.0  500.0
40  31.0  312.0
60  69.0  471.0
80  45.0  494.0
100  53.0  487.0
120  41.0  458.0
140  47.0  493.0
160  55.0  488.0
180  80.0  500.0
200  85.0  500.0
40  7.0  306.0
60  29.0  319.0
80  36.0  389.0
100  46.0  477.0
120  76.0  432.0
140  55.0  440.0
160  88.0  496.0
180  85.0  500.0
200  57.0  477.0
40  16.0  258.0
60  57.0  494.0
80  46.0  484.0
100  52.0  453.0
120  61.0  448.0
140  77.0  500.0
160  56.0  419.0
180  84.0  460.0
200  98.0  500.0
40  8.0  254.0
60  33.0  333.0
80  35.0  446.0
100  32.0  455.0
120  66.0  499.0
140  66.0  469.0
160  87.0  500.0
180  100.0  500.0
200  87.0  500.0
40  11.0  313.0
60  9.0  361.0
80  31.0  417.0
100  55.0  402.0
120  63.0  440.0
140  53.0  441.0
160  86.0  500.0
180  93.0  500.0
200  84.0  500.0
40  10.0  204.0
60  21.0  402.0
80  51.0  500.0
100  16.0  488.0
120  54.0  499.0
140  48.0  378.0
160  68.0  500.0
180  68.0  500.0
200  89.0  500.0
40  3.0  155.0
60  6.0  354.0
80  22.0  259.0
100  22.0  449.0
120  62.0  470.0
140  17.0  345.0
160  50.0  401.0
180  81.0  484.0
200  77.0  499.0
40  5.0  257.0
60  13.0  298.0
80  54.0  446.0
100  32.0  401.0
120  31.0  378.0
140  62.0  490.0
160  40.0  415.0
180  95.0  500.0
200  91.0  495.0
40  15.0  433.0
60  6.0  327.0
80  50.0  482.0
100  53.0  351.0
120  58.0  459.0
140  17.0  476.0
160  48.0  341.0
180  83.0  464.0
200  71.0  479.0
40  4.0  169.0
60  30.0  406.0
80  47.0  352.0
100  57.0  444.0
120  28.0  484.0
140  79.0  500.0
160  94.0  500.0
180  50.0  407.0
200  100.0  500.0
40  11.0  273.0
60  17.0  321.0
80  13.0  405.0
100  75.0  498.0
120  81.0  500.0
140  61.0  478.0
160  78.0  500.0
180  64.0  497.0
200  71.0  471.0
40  9.0  251.0
60  25.0  383.0
80  23.0  302.0
100  38.0  448.0
120  34.0  359.0
140  34.0  391.0
160  65.0  493.0
180  89.0  500.0
200  92.0  500.0
40  20.0  333.0
60  37.0  437.0
80  60.0  481.0
100  36.0  498.0
120  51.0  478.0
140  60.0  500.0
160  72.0  415.0
180  92.0  500.0
200  76.0  500.0
40  6.0  261.0
60  42.0  445.0
80  25.0  321.0
100  55.0  429.0
120  51.0  368.0
140  72.0  500.0
160  70.0  388.0
180  83.0  481.0
200  74.0  421.0
40  0.0  160.0
60  16.0  281.0
80  41.0  462.0
100  13.0  339.0
120  78.0  500.0
140  63.0  497.0
160  88.0  500.0
180  96.0  500.0
200  96.0  500.0
40  17.0  204.0
60  45.0  376.0
80  28.0  415.0
100  49.0  429.0
120  48.0  408.0
140  47.0  325.0
160  96.0  500.0
180  88.0  500.0
200  82.0  491.0
40  4.0  215.0
60  30.0  415.0
80  49.0  405.0
100  30.0  374.0
120  45.0  420.0
140  60.0  484.0
160  70.0  494.0
180  78.0  481.0
200  75.0  500.0
40  11.0  383.0
60  41.0  443.0
80  56.0  466.0
100  56.0  449.0
120  38.0  381.0
140  92.0  500.0
160  39.0  442.0
180  87.0  500.0
200  91.0  500.0
40  25.0  229.0
60  24.0  395.0
80  55.0  431.0
100  4.0  320.0
120  89.0  500.0
140  64.0  499.0
160  54.0  464.0
180  67.0  471.0
200  82.0  484.0
40  8.0  205.0
60  20.0  323.0
80  18.0  408.0
100  14.0  330.0
120  64.0  431.0
140  70.0  500.0
160  65.0  500.0
180  52.0  474.0
200  84.0  486.0
40  0.0  176.0
60  33.0  351.0
80  25.0  407.0
100  45.0  473.0
120  76.0  500.0
140  73.0  500.0
160  74.0  500.0
180  73.0  462.0
200  96.0  500.0
40  12.0  232.0
60  33.0  487.0
80  27.0  448.0
100  29.0  358.0
120  60.0  499.0
140  71.0  500.0
160  78.0  500.0
180  52.0  416.0
200  91.0  500.0
40  24.0  316.0
60  26.0  312.0
80  46.0  486.0
100  34.0  302.0
120  23.0  269.0
140  87.0  499.0
160  66.0  464.0
180  74.0  436.0
200  64.0  429.0
40  21.0  271.0
60  41.0  397.0
80  17.0  310.0
100  49.0  498.0
120  81.0  500.0
140  72.0  500.0
160  33.0  463.0
180  53.0  459.0
200  75.0  500.0
40  9.0  240.0
60  8.0  208.0
80  46.0  465.0
100  49.0  487.0
120  87.0  496.0
140  83.0  500.0
160  81.0  500.0
180  46.0  499.0
200  88.0  500.0
40  10.0  212.0
60  27.0  422.0
80  69.0  478.0
100  18.0  359.0
120  69.0  500.0
140  48.0  416.0
160  74.0  469.0
180  86.0  500.0
200  90.0  500.0
40  29.0  289.0
60  33.0  439.0
80  27.0  360.0
100  34.0  434.0
120  43.0  381.0
140  86.0  500.0
160  74.0  445.0
180  66.0  466.0
200  99.0  500.0
40  34.0  405.0
60  26.0  250.0
80  26.0  477.0
100  37.0  484.0
120  38.0  399.0
140  78.0  500.0
160  67.0  500.0
180  97.0  500.0
200  98.0  500.0
40  33.0  396.0
60  60.0  484.0
80  62.0  495.0
100  55.0  500.0
120  45.0  376.0
140  76.0  449.0
160  56.0  493.0
180  48.0  332.0
200  67.0  435.0
40  0.0  174.0
60  43.0  450.0
80  63.0  455.0
100  38.0  364.0
120  80.0  444.0
140  85.0  498.0
160  81.0  500.0
180  43.0  391.0
200  86.0  500.0
40  3.0  143.0
60  6.0  325.0
80  37.0  490.0
100  73.0  479.0
120  80.0  487.0
140  42.0  358.0
160  45.0  499.0
180  79.0  500.0
200  68.0  500.0
40  14.0  203.0
60  15.0  364.0
80  32.0  341.0
100  45.0  499.0
120  30.0  454.0
140  64.0  491.0
160  52.0  488.0
180  69.0  468.0
200  65.0  432.0
40  7.0  166.0
60  1.0  385.0
80  46.0  407.0
100  40.0  460.0
120  81.0  454.0
140  57.0  359.0
160  65.0  499.0
180  42.0  389.0
200  57.0  424.0
40  4.0  220.0
60  25.0  374.0
80  44.0  395.0
100  54.0  496.0
120  66.0  500.0
140  72.0  441.0
160  54.0  496.0
180  71.0  500.0
200  86.0  500.0
40  6.0  239.0
60  38.0  386.0
80  37.0  292.0
100  62.0  481.0
120  75.0  496.0
140  48.0  419.0
160  59.0  438.0
180  81.0  500.0
200  39.0  409.0
40  1.0  186.0
60  36.0  432.0
80  46.0  415.0
100  42.0  500.0
120  98.0  500.0
140  73.0  499.0
160  40.0  392.0
180  50.0  330.0
200  83.0  500.0
40  2.0  232.0
60  26.0  359.0
80  47.0  441.0
100  45.0  446.0
120  60.0  487.0
140  73.0  500.0
160  60.0  432.0
180  79.0  486.0
200  79.0  500.0
40  6.0  188.0
60  24.0  367.0
80  47.0  477.0
100  72.0  484.0
120  32.0  302.0
140  77.0  496.0
160  91.0  500.0
180  88.0  500.0
200  87.0  500.0
40  58.0  429.0
60  50.0  439.0
80  70.0  496.0
100  69.0  500.0
120  48.0  498.0
140  55.0  500.0
160  39.0  429.0
180  96.0  500.0
200  82.0  500.0
40  26.0  310.0
60  27.0  300.0
80  43.0  474.0
100  58.0  496.0
120  49.0  481.0
140  70.0  493.0
160  65.0  457.0
180  59.0  457.0
200  69.0  486.0
40  16.0  237.0
60  38.0  426.0
80  41.0  385.0
100  58.0  361.0
120  61.0  386.0
140  72.0  487.0
160  55.0  417.0
180  89.0  500.0
200  89.0  500.0
40  16.0  126.0
60  12.0  351.0
80  60.0  409.0
100  40.0  409.0
120  72.0  497.0
140  28.0  312.0
160  58.0  465.0
180  91.0  495.0
200  61.0  407.0
40  25.0  340.0
60  17.0  293.0
80  32.0  413.0
100  68.0  486.0
120  46.0  497.0
140  38.0  479.0
160  98.0  500.0
180  54.0  500.0
200  59.0  499.0
40  29.0  284.0
60  19.0  321.0
80  27.0  325.0
100  37.0  342.0
120  64.0  481.0
140  78.0  500.0
160  90.0  500.0
180  91.0  500.0
200  81.0  500.0
40  4.0  230.0
60  11.0  224.0
80  45.0  488.0
100  45.0  349.0
120  36.0  378.0
140  58.0  500.0
160  62.0  437.0
180  90.0  500.0
200  70.0  496.0
40  17.0  258.0
60  38.0  423.0
80  24.0  380.0
100  47.0  499.0
120  64.0  440.0
140  39.0  359.0
160  81.0  500.0
180  81.0  500.0
200  80.0  499.0
40  10.0  327.0
60  17.0  332.0
80  16.0  393.0
100  20.0  445.0
120  90.0  500.0
140  60.0  500.0
160  96.0  500.0
180  89.0  500.0
200  96.0  500.0
40  3.0  265.0
60  24.0  290.0
80  41.0  430.0
100  60.0  423.0
120  76.0  500.0
140  33.0  450.0
160  76.0  486.0
180  47.0  386.0
200  34.0  379.0
40  7.0  245.0
60  30.0  388.0
80  37.0  443.0
100  18.0  218.0
120  56.0  500.0
140  29.0  426.0
160  68.0  380.0
180  81.0  484.0
200  90.0  500.0
40  13.0  182.0
60  41.0  461.0
80  32.0  500.0
100  50.0  390.0
120  39.0  433.0
140  78.0  450.0
160  35.0  457.0
180  88.0  482.0
200  64.0  446.0
40  14.0  296.0
60  30.0  376.0
80  35.0  470.0
100  42.0  412.0
120  55.0  500.0
140  83.0  498.0
160  68.0  421.0
180  89.0  500.0
200  94.0  500.0
40  29.0  409.0
60  30.0  364.0
80  44.0  378.0
100  58.0  491.0
120  86.0  497.0
140  80.0  500.0
160  76.0  500.0
180  64.0  499.0
200  59.0  466.0
40  1.0  140.0
60  34.0  357.0
80  13.0  237.0
100  70.0  437.0
120  97.0  500.0
140  63.0  459.0
160  58.0  402.0
180  55.0  441.0
200  42.0  446.0
40  3.0  164.0
60  27.0  420.0
80  9.0  325.0
100  32.0  291.0
120  41.0  464.0
140  56.0  500.0
160  89.0  500.0
180  78.0  500.0
200  63.0  468.0
40  7.0  355.0
60  24.0  242.0
80  55.0  466.0
100  37.0  316.0
120  34.0  480.0
140  74.0  479.0
160  61.0  484.0
180  84.0  500.0
200  79.0  489.0
40  18.0  319.0
60  40.0  380.0
80  23.0  402.0
100  63.0  486.0
120  59.0  478.0
140  79.0  500.0
160  48.0  431.0
180  51.0  368.0
200  96.0  500.0
40  17.0  269.0
60  29.0  482.0
80  50.0  452.0
100  59.0  437.0
120  65.0  478.0
140  57.0  452.0
160  83.0  500.0
180  82.0  492.0
200  68.0  473.0
40  17.0  340.0
60  12.0  197.0
80  60.0  500.0
100  42.0  373.0
120  27.0  424.0
140  93.0  500.0
160  75.0  500.0
180  73.0  472.0
200  87.0  500.0
40  11.0  233.0
60  43.0  348.0
80  42.0  447.0
100  70.0  497.0
120  80.0  499.0
140  91.0  500.0
160  62.0  500.0
180  73.0  500.0
200  99.0  500.0
