40  17.0  245
60  21.0  306
80  27.0  379
100  79.0  326
120  61.0  373
140  71.0  430
160  79.0  354
180  68.0  388
200  84.0  316
40  38.0  202
60  18.0  220
80  64.0  376
100  24.0  422
120  66.0  336
140  65.0  309
160  80.0  255
180  61.0  459
200  79.0  314
40  17.0  294
60  23.0  294
80  47.0  393
100  47.0  342
120  56.0  256
140  94.0  252
160  92.0  293
180  79.0  374
200  93.0  296
40  14.0  369
60  37.0  327
80  32.0  334
100  62.0  446
120  46.0  287
140  76.0  348
160  66.0  536
180  67.0  319
200  75.0  571
40  42.0  277
60  15.0  275
80  80.0  330
100  43.0  279
120  54.0  332
140  83.0  355
160  66.0  511
180  89.0  314
200  61.0  370
40  19.0  278
60  4.0  230
80  73.0  351
100  32.0  530
120  60.0  522
140  57.0  345
160  76.0  369
180  79.0  403
200  58.0  337
40  16.0  159
60  13.0  300
80  32.0  375
100  34.0  148
120  46.0  366
140  79.0  356
160  58.0  404
180  83.0  244
200  92.0  310
40  4.0  286
60  42.0  308
80  49.0  189
100  53.0  425
120  58.0  298
140  56.0  374
160  51.0  318
180  51.0  406
200  87.0  293
40  27.0  261
60  14.0  288
80  68.0  273
100  41.0  634
120  67.0  495
140  90.0  317
160  68.0  490
180  91.0  330
200  80.0  212
40  25.0  256
60  39.0  233
80  22.0  189
100  26.0  419
120  56.0  338
140  47.0  332
160  64.0  492
180  95.0  286
200  61.0  601
40  8.0  142
60  47.0  271
80  39.0  463
100  30.0  434
120  52.0  514
140  53.0  507
160  49.0  302
180  93.0  304
200  89.0  312
40  19.0  301
60  51.0  296
80  59.0  458
100  40.0  418
120  59.0  231
140  58.0  454
160  68.0  408
180  88.0  334
200  89.0  309
40  33.0  176
60  68.0  227
80  79.0  303
100  27.0  228
120  66.0  256
140  68.0  494
160  86.0  336
180  72.0  412
200  71.0  428
40  6.0  291
60  31.0  210
80  49.0  357
100  53.0  479
120  80.0  403
140  12.0  217
160  76.0  363
180  74.0  436
200  85.0  386
40  14.0  207
60  23.0  169
80  34.0  425
100  46.0  279
120  71.0  349
140  75.0  270
160  80.0  335
180  75.0  325
200  87.0  241
40  22.0  252
60  35.0  239
80  75.0  205
100  40.0  343
120  59.0  411
140  68.0  372
160  77.0  282
180  61.0  462
200  87.0  357
40  13.0  186
60  42.0  301
80  67.0  280
100  68.0  273
120  55.0  440
140  77.0  431
160  90.0  325
180  93.0  269
200  85.0  383
40  26.0  310
60  26.0  299
80  13.0  463
100  78.0  395
120  76.0  364
140  71.0  241
160  82.0  373
180  66.0  243
200  57.0  363
40  36.0  282
60  18.0  264
80  71.0  372
100  56.0  372
120  39.0  326
140  57.0  396
160  77.0  338
180  83.0  424
200  96.0  247
40  6.0  243
60  29.0  356
80  46.0  241
100  56.0  307
120  56.0  411
140  55.0  246
160  67.0  475
180  62.0  422
200  91.0  323
40  5.0  284
60  41.0  164
80  43.0  355
100  48.0  340
120  49.0  182
140  80.0  377
160  77.0  449
180  77.0  372
200  82.0  457
40  0.0  231
60  30.0  433
80  39.0  347
100  28.0  574
120  79.0  331
140  82.0  329
160  76.0  336
180  89.0  345
200  55.0  273
40  9.0  150
60  49.0  309
80  45.0  378
100  55.0  389
120  51.0  552
140  24.0  284
160  73.0  322
180  94.0  297
200  82.0  352
40  23.0  223
60  12.0  383
80  29.0  316
100  38.0  480
120  76.0  314
140  82.0  384
160  49.0  374
180  78.0  361
200  82.0  306
40  23.0  152
60  37.0  368
80  45.0  281
100  20.0  279
120  77.0  407
140  88.0  282
160  65.0  339
180  82.0  308
200  91.0  306
40  50.0  291
60  33.0  258
80  35.0  342
100  62.0  313
120  77.0  338
140  65.0  417
160  60.0  481
180  75.0  298
200  83.0  314
40  8.0  216
60  33.0  375
80  53.0  270
100  43.0  303
120  44.0  526
140  58.0  550
160  56.0  323
180  92.0  304
200  91.0  278
40  9.0  217
60  66.0  332
80  32.0  509
100  43.0  386
120  35.0  541
140  77.0  423
160  61.0  394
180  81.0  369
200  69.0  382
40  9.0  163
60  50.0  366
80  35.0  498
100  36.0  482
120  80.0  336
140  60.0  279
160  44.0  292
180  60.0  530
200  91.0  298
40  29.0  196
60  29.0  259
80  61.0  277
100  65.0  449
120  66.0  397
140  68.0  299
160  79.0  404
180  68.0  336
200  73.0  516
40  14.0  157
60  15.0  435
80  69.0  231
100  44.0  491
120  84.0  286
140  67.0  312
160  76.0  389
180  91.0  277
200  89.0  317
40  7.0  185
60  37.0  304
80  36.0  376
100  44.0  355
120  64.0  297
140  33.0  533
160  70.0  331
180  75.0  393
200  70.0  293
40  21.0  361
60  5.0  379
80  41.0  346
100  77.0  324
120  75.0  394
140  66.0  448
160  79.0  330
180  77.0  309
200  80.0  502
40  16.0  281
60  12.0  299
80  16.0  423
100  54.0  434
120  60.0  361
140  41.0  451
160  74.0  328
180  60.0  288
200  67.0  204
40  49.0  342
60  58.0  322
80  57.0  341
100  29.0  456
120  85.0  347
140  73.0  265
160  60.0  442
180  93.0  293
200  74.0  445
40  13.0  226
60  21.0  400
80  35.0  465
100  50.0  378
120  92.0  263
140  48.0  684
160  39.0  494
180  49.0  623
200  56.0  229
40  11.0  308
60  31.0  148
80  51.0  265
100  48.0  466
120  52.0  320
140  63.0  279
160  46.0  365
180  78.0  281
200  97.0  240
40  6.0  191
60  37.0  267
80  36.0  241
100  38.0  462
120  48.0  303
140  68.0  394
160  35.0  590
180  81.0  327
200  88.0  311
40  46.0  301
60  5.0  315
80  54.0  394
100  38.0  322
120  64.0  423
140  37.0  395
160  82.0  227
180  91.0  319
200  52.0  586
40  26.0  352
60  30.0  384
80  63.0  319
100  71.0  396
120  57.0  434
140  37.0  379
160  43.0  349
180  46.0  234
200  70.0  249
40  40.0  306
60  58.0  301
80  33.0  368
100  51.0  448
120  41.0  372
140  50.0  266
160  76.0  254
180  93.0  268
200  73.0  244
40  19.0  204
60  42.0  249
80  64.0  235
100  36.0  250
120  49.0  424
140  46.0  547
160  66.0  390
180  90.0  330
200  93.0  275
40  13.0  252
60  56.0  285
80  52.0  300
100  48.0  472
120  53.0  343
140  54.0  320
160  33.0  596
180  78.0  205
200  75.0  446
40  10.0  58
60  22.0  290
80  43.0  340
100  66.0  391
120  73.0  344
140  69.0  398
160  87.0  348
180  89.0  353
200  63.0  309
40  26.0  201
60  38.0  377
80  36.0  328
100  43.0  365
120  75.0  483
140  67.0  332
160  73.0  366
180  63.0  425
200  92.0  327
40  7.0  231
60  11.0  312
80  36.0  318
100  33.0  354
120  53.0  486
140  43.0  497
160  88.0  323
180  61.0  321
200  82.0  394
40  41.0  160
60  15.0  272
80  46.0  459
100  54.0  408
120  89.0  277
140  63.0  282
160  65.0  411
180  85.0  290
200  78.0  377
40  25.0  124
60  44.0  390
80  49.0  389
100  42.0  365
120  77.0  314
140  86.0  306
160  65.0  340
180  69.0  321
200  96.0  242
40  8.0  271
60  27.0  233
80  71.0  316
100  45.0  332
120  58.0  344
140  78.0  340
160  66.0  308
180  74.0  410
200  64.0  490
40  15.0  163
60  29.0  329
80  43.0  334
100  64.0  395
120  61.0  289
140  83.0  377
160  76.0  214
180  80.0  347
200  95.0  254
40  16.0  143
60  53.0  327
80  59.0  321
100  53.0  481
120  66.0  237
140  54.0  516
160  74.0  302
180  68.0  509
200  96.0  194
40  14.0  218
60  17.0  329
80  46.0  488
100  33.0  361
120  64.0  430
140  47.0  485
160  89.0  306
180  95.0  253
200  69.0  549
40  4.0  250
60  25.0  341
80  31.0  373
100  43.0  412
120  67.0  361
140  85.0  314
160  84.0  295
180  88.0  301
200  78.0  280
40  10.0  198
60  33.0  300
80  57.0  364
100  59.0  426
120  77.0  333
140  75.0  390
160  77.0  447
180  66.0  269
200  89.0  325
40  27.0  181
60  14.0  258
80  37.0  415
100  27.0  379
120  81.0  250
140  63.0  401
160  72.0  307
180  83.0  288
200  48.0  378
40  9.0  273
60  22.0  334
80  39.0  298
100  61.0  404
120  46.0  284
140  78.0  342
160  62.0  488
180  92.0  287
200  85.0  387
40  0.0  217
60  39.0  351
80  27.0  509
100  9.0  538
120  73.0  382
140  85.0  289
160  65.0  468
180  77.0  306
200  34.0  298
40  28.0  282
60  25.0  345
80  40.0  370
100  41.0  518
120  59.0  428
140  32.0  303
160  63.0  334
180  52.0  366
200  95.0  264
40  29.0  279
60  45.0  267
80  58.0  236
100  62.0  377
120  63.0  325
140  80.0  344
160  54.0  394
180  80.0  422
200  96.0  262
40  31.0  141
60  18.0  224
80  27.0  394
100  58.0  307
120  63.0  402
140  62.0  440
160  57.0  315
180  77.0  374
200  58.0  348
40  14.0  188
60  51.0  198
80  18.0  436
100  66.0  374
120  81.0  328
140  53.0  350
160  62.0  500
180  86.0  319
200  93.0  293
40  37.0  250
60  18.0  290
80  37.0  466
100  41.0  437
120  88.0  261
140  71.0  340
160  59.0  277
180  85.0  334
200  70.0  359
40  35.0  231
60  27.0  389
80  41.0  488
100  33.0  275
120  48.0  431
140  69.0  388
160  77.0  345
180  92.0  283
200  68.0  309
40  0.0  290
60  40.0  298
80  51.0  424
100  64.0  330
120  57.0  517
140  76.0  265
160  83.0  273
180  83.0  333
200  73.0  360
40  0.0  238
60  40.0  303
80  16.0  198
100  34.0  184
120  40.0  459
140  56.0  319
160  81.0  406
180  84.0  276
200  89.0  350
40  6.0  166
60  26.0  393
80  13.0  84
100  74.0  250
120  68.0  241
140  48.0  435
160  92.0  210
180  48.0  606
200  95.0  276
40  57.0  318
60  18.0  528
80  45.0  434
100  71.0  264
120  77.0  288
140  38.0  509
160  42.0  330
180  97.0  236
200  58.0  487
40  17.0  288
60  46.0  339
80  54.0  380
100  79.0  231
120  51.0  427
140  71.0  330
160  50.0  248
180  91.0  301
200  84.0  405
40  15.0  238
60  16.0  469
80  10.0  451
100  61.0  261
120  68.0  310
140  44.0  355
160  55.0  204
180  83.0  260
200  96.0  224
40  22.0  244
60  19.0  252
80  30.0  442
100  53.0  465
120  62.0  261
140  69.0  289
160  79.0  460
180  72.0  431
200  88.0  330
40  12.0  247
60  22.0  330
80  57.0  307
100  35.0  574
120  51.0  256
140  75.0  365
160  59.0  223
180  70.0  470
200  66.0  365
40  27.0  67
60  31.0  352
80  64.0  323
100  25.0  544
120  64.0  451
140  62.0  478
160  74.0  369
180  64.0  446
200  80.0  419
40  14.0  247
60  8.0  147
80  55.0  306
100  58.0  366
120  61.0  384
140  40.0  575
160  89.0  302
180  83.0  397
200  79.0  465
40  17.0  156
60  35.0  265
80  79.0  325
100  48.0  522
120  70.0  388
140  46.0  275
160  88.0  304
180  77.0  467
200  80.0  310
40  10.0  202
60  22.0  401
80  81.0  240
100  68.0  364
120  62.0  370
140  79.0  334
160  33.0  388
180  69.0  319
200  95.0  275
40  12.0  413
60  27.0  275
80  36.0  410
100  27.0  647
120  42.0  343
140  45.0  384
160  90.0  313
180  78.0  497
200  93.0  270
40  23.0  245
60  32.0  375
80  28.0  405
100  43.0  231
120  35.0  373
140  73.0  392
160  39.0  320
180  81.0  292
200  82.0  482
40  46.0  281
60  2.0  199
80  68.0  359
100  74.0  355
120  35.0  635
140  59.0  272
160  87.0  303
180  67.0  328
200  94.0  179
40  8.0  117
60  47.0  296
80  44.0  369
100  45.0  206
120  51.0  503
140  88.0  310
160  83.0  299
180  57.0  256
200  86.0  303
40  12.0  303
60  7.0  268
80  32.0  276
100  25.0  246
120  42.0  422
140  56.0  463
160  86.0  254
180  55.0  645
200  79.0  405
40  11.0  279
60  28.0  286
80  48.0  379
100  40.0  464
120  76.0  333
140  46.0  582
160  67.0  520
180  65.0  514
200  95.0  266
40  24.0  199
60  22.0  218
80  24.0  317
100  44.0  398
120  72.0  443
140  87.0  241
160  68.0  465
180  83.0  370
200  93.0  310
40  4.0  163
60  24.0  137
80  29.0  240
100  46.0  349
120  65.0  336
140  40.0  306
160  85.0  383
180  48.0  396
200  80.0  401
40  11.0  273
60  7.0  216
80  59.0  421
100  77.0  251
120  59.0  304
140  83.0  308
160  97.0  216
180  74.0  244
200  84.0  396
40  26.0  115
60  43.0  311
80  36.0  324
100  74.0  384
120  76.0  228
140  62.0  310
160  90.0  355
180  58.0  499
200  74.0  494
40  16.0  218
60  42.0  300
80  54.0  324
100  65.0  236
120  76.0  252
140  90.0  289
160  90.0  312
180  61.0  281
200  54.0  308
40  21.0  294
60  47.0  346
80  52.0  433
100  70.0  311
120  62.0  497
140  89.0  269
160  72.0  351
180  69.0  365
200  61.0  538
40  29.0  259
60  18.0  146
80  9.0  462
100  60.0  434
120  88.0  324
140  69.0  205
160  84.0  324
180  77.0  375
200  97.0  229
40  13.0  335
60  17.0  247
80  55.0  197
100  52.0  392
120  39.0  251
140  60.0  496
160  68.0  330
180  90.0  258
200  57.0  291
40  23.0  141
60  26.0  388
80  0.0  327
100  66.0  204
120  40.0  534
140  73.0  303
160  61.0  550
180  83.0  357
200  69.0  433
40  13.0  167
60  16.0  464
80  28.0  401
100  57.0  437
120  65.0  374
140  88.0  302
160  44.0  336
180  50.0  359
200  45.0  544
40  23.0  332
60  29.0  339
80  30.0  149
100  58.0  398
120  59.0  610
140  47.0  365
160  78.0  360
180  89.0  282
200  78.0  387
40  21.0  181
60  54.0  330
80  57.0  245
100  77.0  342
120  66.0  456
140  49.0  576
160  86.0  346
180  44.0  527
200  88.0  329
40  14.0  330
60  14.0  324
80  28.0  278
100  56.0  403
120  39.0  510
140  60.0  526
160  77.0  372
180  60.0  278
200  69.0  308
40  21.0  355
60  32.0  400
80  44.0  430
100  30.0  328
120  24.0  604
140  44.0  260
160  89.0  232
180  75.0  364
200  46.0  273
40  13.0  215
60  42.0  382
80  49.0  389
100  54.0  446
120  47.0  571
140  55.0  512
160  50.0  298
180  67.0  244
200  97.0  224
40  7.0  127
60  12.0  111
80  30.0  228
100  66.0  368
120  45.0  549
140  85.0  194
160  84.0  373
180  76.0  439
200  87.0  337
40  5.0  190
60  27.0  261
80  51.0  340
100  50.0  289
120  73.0  396
140  88.0  262
160  88.0  334
180  60.0  451
200  94.0  291
40  0.0  127
60  66.0  351
80  58.0  423
100  84.0  304
120  44.0  301
140  50.0  538
160  89.0  302
180  81.0  429
200  71.0  411
40  23.0  192
60  32.0  350
80  70.0  304
100  84.0  233
120  64.0  382
140  89.0  226
160  97.0  237
180  85.0  224
200  83.0  387
