1  90.0  53
2  63.0  208
3  68.0  200
4  55.0  291
5  37.0  343
6  55.0  429
7  67.0  278
1  47.0  131
2  96.0  108
3  78.0  279
4  62.0  276
5  39.0  380
6  68.0  294
7  46.0  382
1  83.0  67
2  89.0  114
3  49.0  417
4  60.0  374
5  80.0  230
6  44.0  311
7  78.0  285
1  62.0  370
2  65.0  140
3  89.0  207
4  84.0  191
5  69.0  323
6  63.0  270
7  62.0  279
1  77.0  163
2  24.0  161
3  97.0  29
4  85.0  279
5  63.0  322
6  64.0  230
7  63.0  292
1  81.0  120
2  94.0  128
3  54.0  286
4  72.0  248
5  98.0  51
6  49.0  388
7  67.0  307
1  53.0  415
2  87.0  62
3  68.0  191
4  67.0  243
5  84.0  188
6  53.0  142
7  45.0  352
1  90.0  72
2  65.0  290
3  56.0  225
4  89.0  120
5  69.0  290
6  85.0  229
7  51.0  431
1  98.0  35
2  80.0  223
3  67.0  74
4  87.0  202
5  50.0  224
6  77.0  265
7  50.0  406
1  72.0  210
2  77.0  94
3  39.0  385
4  52.0  302
5  60.0  386
6  76.0  315
7  9.0  272
1  91.0  87
2  88.0  189
3  69.0  134
4  76.0  304
5  37.0  183
6  51.0  247
7  86.0  126
1  97.0  20
2  82.0  124
3  64.0  252
4  53.0  451
5  65.0  206
6  45.0  299
7  70.0  225
1  89.0  44
2  72.0  297
3  62.0  278
4  82.0  244
5  55.0  183
6  72.0  243
7  89.0  128
1  45.0  262
2  67.0  264
3  75.0  58
4  84.0  169
5  68.0  279
6  48.0  222
7  39.0  240
1  89.0  188
2  95.0  77
3  79.0  189
4  40.0  368
5  56.0  274
6  38.0  349
7  45.0  339
1  92.0  40
2  96.0  28
3  70.0  297
4  50.0  268
5  82.0  176
6  47.0  379
7  37.0  364
1  32.0  422
2  47.0  308
3  35.0  267
4  40.0  379
5  37.0  324
6  44.0  384
7  54.0  305
1  71.0  305
2  79.0  237
3  51.0  254
4  51.0  273
5  76.0  271
6  49.0  344
7  49.0  318
1  66.0  312
2  84.0  208
3  87.0  168
4  78.0  217
5  59.0  247
6  62.0  296
7  36.0  251
1  98.0  40
2  75.0  35
3  60.0  331
4  66.0  307
5  53.0  199
6  48.0  245
7  70.0  344
1  89.0  89
2  55.0  242
3  44.0  338
4  56.0  283
5  62.0  268
6  78.0  284
7  61.0  271
1  67.0  238
2  15.0  303
3  82.0  209
4  50.0  377
5  88.0  224
6  57.0  298
7  75.0  289
1  47.0  326
2  42.0  345
3  83.0  140
4  69.0  252
5  66.0  345
6  61.0  372
7  61.0  256
1  67.0  251
2  79.0  313
3  50.0  380
4  42.0  282
5  84.0  206
6  25.0  256
7  72.0  275
1  98.0  20
2  79.0  131
3  97.0  54
4  62.0  333
5  80.0  208
6  62.0  243
7  67.0  174
1  41.0  665
2  30.0  347
3  28.0  293
4  87.0  260
5  34.0  305
6  82.0  245
7  40.0  340
1  88.0  53
2  80.0  160
3  54.0  240
4  43.0  221
5  72.0  298
6  51.0  282
7  89.0  131
1  85.0  132
2  54.0  301
3  86.0  208
4  33.0  252
5  36.0  338
6  42.0  305
7  49.0  397
1  96.0  126
2  85.0  138
3  23.0  385
4  83.0  235
5  81.0  221
6  61.0  219
7  46.0  410
1  98.0  17
2  91.0  170
3  72.0  94
4  66.0  329
5  34.0  351
6  86.0  36
7  77.0  265
1  98.0  22
2  97.0  51
3  61.0  274
4  78.0  173
5  52.0  147
6  91.0  185
7  66.0  193
1  53.0  207
2  79.0  268
3  43.0  397
4  53.0  610
5  67.0  339
6  87.0  187
7  48.0  259
1  28.0  196
2  91.0  185
3  57.0  292
4  64.0  238
5  71.0  328
6  61.0  227
7  83.0  275
1  96.0  151
2  84.0  183
3  62.0  289
4  64.0  303
5  78.0  168
6  53.0  328
7  84.0  86
1  83.0  210
2  69.0  347
3  70.0  271
4  76.0  257
5  69.0  260
6  56.0  347
7  42.0  323
1  98.0  34
2  82.0  139
3  48.0  183
4  65.0  300
5  78.0  87
6  58.0  239
7  41.0  270
1  98.0  19
2  36.0  412
3  70.0  315
4  46.0  290
5  66.0  260
6  74.0  175
7  57.0  464
1  77.0  154
2  73.0  329
3  69.0  251
4  73.0  279
5  55.0  290
6  60.0  371
7  40.0  290
1  64.0  100
2  51.0  279
3  68.0  181
4  57.0  283
5  34.0  221
6  59.0  244
7  47.0  223
1  98.0  34
2  87.0  120
3  50.0  353
4  49.0  337
5  34.0  248
6  47.0  334
7  59.0  423
1  98.0  19
2  31.0  301
3  66.0  255
4  73.0  89
5  73.0  242
6  39.0  278
7  59.0  379
1  71.0  207
2  84.0  101
3  43.0  255
4  81.0  235
5  46.0  346
6  42.0  210
7  43.0  219
1  84.0  76
2  88.0  180
3  89.0  190
4  36.0  227
5  22.0  276
6  78.0  215
7  35.0  441
1  98.0  14
2  67.0  232
3  73.0  233
4  51.0  254
5  35.0  300
6  89.0  126
7  64.0  162
1  71.0  133
2  50.0  303
3  57.0  210
4  90.0  87
5  59.0  494
6  54.0  405
7  58.0  359
1  98.0  28
2  93.0  84
3  64.0  309
4  47.0  318
5  67.0  327
6  64.0  363
7  48.0  318
1  0.0  325
2  32.0  246
3  61.0  260
4  84.0  86
5  48.0  352
6  57.0  213
7  54.0  300
1  75.0  153
2  87.0  104
3  70.0  213
4  76.0  208
5  79.0  174
6  35.0  263
7  82.0  270
1  91.0  79
2  67.0  269
3  79.0  194
4  29.0  429
5  39.0  660
6  66.0  272
7  54.0  360
1  78.0  372
2  90.0  134
3  67.0  254
4  33.0  276
5  48.0  344
6  75.0  239
7  29.0  428
1  87.0  189
2  40.0  129
3  94.0  81
4  47.0  424
5  70.0  253
6  50.0  354
7  49.0  267
1  78.0  310
2  36.0  280
3  53.0  258
4  42.0  330
5  63.0  262
6  50.0  196
7  75.0  182
1  65.0  169
2  97.0  23
3  59.0  262
4  64.0  241
5  40.0  338
6  41.0  396
7  82.0  182
1  63.0  287
2  60.0  218
3  28.0  345
4  57.0  395
5  64.0  274
6  62.0  255
7  52.0  340
1  80.0  124
2  71.0  174
3  65.0  254
4  37.0  301
5  63.0  323
6  69.0  132
7  72.0  92
1  86.0  175
2  84.0  180
3  42.0  297
4  31.0  183
5  72.0  213
6  62.0  300
7  72.0  287
1  98.0  26
2  73.0  205
3  83.0  215
4  68.0  241
5  56.0  325
6  63.0  349
7  34.0  297
1  98.0  31
2  84.0  172
3  62.0  341
4  35.0  458
5  67.0  294
6  66.0  259
7  75.0  292
1  97.0  47
2  0.0  118
3  83.0  192
4  63.0  259
5  91.0  96
6  66.0  196
7  53.0  357
1  85.0  77
2  79.0  223
3  68.0  234
4  64.0  348
5  52.0  309
6  61.0  337
7  36.0  335
1  98.0  21
2  89.0  108
3  97.0  48
4  77.0  178
5  45.0  218
6  79.0  149
7  51.0  272
1  65.0  282
2  97.0  35
3  70.0  211
4  83.0  212
5  81.0  136
6  61.0  260
7  42.0  279
1  98.0  99
2  76.0  122
3  61.0  263
4  73.0  285
5  49.0  290
6  86.0  182
7  59.0  319
1  90.0  136
2  51.0  224
3  63.0  188
4  36.0  461
5  45.0  278
6  38.0  179
7  54.0  263
1  91.0  115
2  85.0  182
3  78.0  220
4  19.0  282
5  92.0  41
6  69.0  234
7  40.0  369
1  79.0  247
2  48.0  194
3  66.0  297
4  71.0  201
5  68.0  295
6  47.0  466
7  72.0  184
1  83.0  53
2  78.0  50
3  42.0  401
4  90.0  172
5  65.0  205
6  79.0  206
7  70.0  307
1  95.0  29
2  76.0  218
3  64.0  297
4  88.0  148
5  76.0  215
6  59.0  274
7  31.0  352
1  77.0  237
2  63.0  149
3  78.0  250
4  54.0  317
5  51.0  366
6  35.0  400
7  68.0  287
1  89.0  71
2  85.0  150
3  41.0  283
4  70.0  228
5  77.0  268
6  37.0  412
7  29.0  287
1  92.0  39
2  81.0  129
3  47.0  274
4  55.0  181
5  27.0  414
6  62.0  327
7  33.0  268
1  55.0  400
2  67.0  122
3  26.0  284
4  68.0  298
5  37.0  238
6  90.0  107
7  50.0  311
1  98.0  40
2  58.0  293
3  64.0  266
4  65.0  194
5  96.0  69
6  76.0  235
7  52.0  347
1  41.0  146
2  85.0  124
3  79.0  230
4  87.0  318
5  53.0  326
6  79.0  280
7  84.0  130
1  48.0  346
2  62.0  416
3  62.0  143
4  63.0  360
5  93.0  170
6  80.0  230
7  55.0  306
1  72.0  155
2  68.0  273
3  35.0  365
4  64.0  297
5  39.0  221
6  53.0  380
7  55.0  326
1  75.0  190
2  66.0  284
3  54.0  304
4  73.0  263
5  59.0  272
6  40.0  296
7  60.0  291
1  87.0  99
2  38.0  326
3  45.0  178
4  66.0  147
5  37.0  288
6  95.0  134
7  71.0  263
1  17.0  590
2  19.0  365
3  75.0  352
4  71.0  207
5  42.0  365
6  23.0  378
7  51.0  348
1  95.0  42
2  64.0  231
3  70.0  309
4  83.0  209
5  62.0  233
6  92.0  148
7  35.0  322
1  90.0  143
2  36.0  232
3  62.0  96
4  45.0  337
5  71.0  247
6  67.0  270
7  50.0  406
1  40.0  161
2  58.0  272
3  84.0  113
4  49.0  328
5  29.0  305
6  65.0  330
7  57.0  346
1  76.0  286
2  82.0  251
3  71.0  235
4  98.0  16
5  55.0  410
6  60.0  268
7  47.0  330
1  31.0  344
2  85.0  210
3  79.0  248
4  47.0  310
5  61.0  235
6  92.0  185
7  62.0  250
1  87.0  93
2  96.0  46
3  69.0  317
4  54.0  271
5  74.0  199
6  29.0  298
7  33.0  325
1  81.0  182
2  90.0  142
3  64.0  362
4  87.0  186
5  47.0  379
6  39.0  328
7  69.0  305
1  81.0  100
2  76.0  271
3  41.0  384
4  68.0  242
5  60.0  334
6  50.0  198
7  80.0  302
1  76.0  256
2  98.0  19
3  74.0  184
4  21.0  389
5  52.0  364
6  68.0  282
7  68.0  344
1  70.0  56
2  95.0  51
3  90.0  72
4  37.0  242
5  62.0  294
6  39.0  304
7  47.0  283
1  71.0  122
2  95.0  94
3  76.0  87
4  72.0  294
5  56.0  388
6  63.0  144
7  63.0  347
1  80.0  204
2  95.0  74
3  88.0  145
4  51.0  257
5  82.0  283
6  81.0  153
7  54.0  336
1  91.0  192
2  41.0  331
3  75.0  233
4  56.0  243
5  63.0  310
6  53.0  407
7  45.0  339
1  96.0  34
2  74.0  189
3  64.0  333
4  53.0  214
5  63.0  255
6  43.0  444
7  63.0  282
1  85.0  155
2  90.0  72
3  67.0  198
4  63.0  207
5  67.0  169
6  56.0  341
7  37.0  340
1  78.0  235
2  75.0  256
3  52.0  164
4  51.0  423
5  73.0  292
6  88.0  162
7  60.0  349
1  98.0  35
2  53.0  325
3  34.0  273
4  53.0  279
5  26.0  365
6  73.0  306
7  55.0  226
1  97.0  111
2  98.0  43
3  79.0  265
4  17.0  348
5  42.0  324
6  81.0  216
7  59.0  342
1  94.0  36
2  34.0  242
3  69.0  360
4  55.0  269
5  53.0  274
6  47.0  328
7  59.0  241
1  96.0  94
2  67.0  243
3  71.0  290
4  88.0  111
5  39.0  303
6  33.0  368
7  67.0  365
1  56.0  307
2  57.0  160
3  45.0  251
4  48.0  281
5  70.0  329
6  31.0  371
7  40.0  381
