40  18.300000000000001  2271
60  35.799999999999997  2828
80  36.600000000000001  3789
100  37.200000000000003  3528
120  54.899999999999999  4135
140  60.700000000000003  4474
160  73.400000000000006  4801
180  65.099999999999994  4591
200  82.200000000000003  4828
40  13.9  2279
60  24.5  3083
80  27.100000000000001  3382
100  41.0  3666
120  48.200000000000003  3914
140  64.0  4447
160  69.200000000000003  4595
180  69.099999999999994  4357
200  76.900000000000006  4877
40  12.9  1784
60  23.899999999999999  2617
80  32.0  3346
100  47.200000000000003  3894
120  51.600000000000001  4219
140  53.799999999999997  4345
160  53.899999999999999  4178
180  61.5  4321
200  76.099999999999994  4664
40  9.6999999999999993  1693
60  21.199999999999999  2454
80  33.799999999999997  3568
100  45.399999999999999  3986
120  55.399999999999999  4193
140  54.700000000000003  4593
160  74.599999999999994  4783
180  63.200000000000003  4335
200  70.900000000000006  4505
40  15.0  1833
60  20.0  2386
80  31.0  3152
100  37.899999999999999  3791
120  46.0  3781
140  60.0  4505
160  70.200000000000003  4668
180  66.799999999999997  4492
200  68.5  4675
40  16.199999999999999  1931
60  20.100000000000001  2622
80  27.199999999999999  3128
100  35.600000000000001  3203
120  57.200000000000003  4161
140  58.299999999999997  4265
160  69.099999999999994  4648
180  77.700000000000003  4749
200  74.299999999999997  4675
40  14.5  1960
60  22.300000000000001  2656
80  40.200000000000003  3323
100  43.100000000000001  3774
120  43.100000000000001  3759
140  61.5  4290
160  69.5  4657
180  68.400000000000006  4567
200  69.099999999999994  4657
40  15.1  1676
60  19.5  2582
80  40.100000000000001  3551
100  50.200000000000003  3799
120  54.899999999999999  4125
140  64.599999999999994  4340
160  66.0  4540
180  78.900000000000006  4731
200  66.900000000000006  4560
40  7.0  1404
60  20.199999999999999  2369
80  27.5  3310
100  39.200000000000003  3638
120  52.799999999999997  4024
140  57.899999999999999  4303
160  64.099999999999994  4421
180  73.0  4481
200  69.400000000000006  4433
40  13.300000000000001  2160
60  37.0  3165
80  32.899999999999999  3216
100  32.299999999999997  3309
120  60.5  4223
140  55.899999999999999  4564
160  60.100000000000001  4184
180  71.099999999999994  4449
200  69.799999999999997  4829
40  15.6  1959
60  25.199999999999999  2545
80  37.899999999999999  3355
100  44.0  3921
120  52.799999999999997  4399
140  69.5  4605
160  58.799999999999997  4288
180  70.400000000000006  4676
200  68.400000000000006  4507
40  16.5  2257
60  25.199999999999999  2964
80  37.0  3220
100  42.200000000000003  3862
120  49.299999999999997  4205
140  62.0  4553
160  57.399999999999999  4630
180  74.200000000000003  4879
200  76.599999999999994  4819
40  12.699999999999999  2175
60  21.0  2813
80  31.699999999999999  3005
100  48.100000000000001  4056
120  48.700000000000003  4073
140  62.100000000000001  4616
160  60.799999999999997  4259
180  71.200000000000003  4790
200  70.299999999999997  4568
40  14.0  2237
60  24.800000000000001  2946
80  32.700000000000003  3111
100  41.899999999999999  3859
120  50.100000000000001  4031
140  55.399999999999999  4114
160  67.099999999999994  4598
180  63.5  4654
200  75.200000000000003  4572
40  10.5  2041
60  18.199999999999999  2545
80  31.899999999999999  3064
100  41.700000000000003  3654
120  59.100000000000001  4343
140  66.099999999999994  4124
160  72.200000000000003  4883
180  72.0  4712
200  68.799999999999997  4838
40  7.5  1356
60  21.399999999999999  2444
80  32.399999999999999  3451
100  41.200000000000003  3839
120  55.0  4040
140  57.600000000000001  4448
160  62.5  4542
180  70.0  4617
200  74.599999999999994  4488
40  7.2999999999999998  1625
60  27.199999999999999  3065
80  40.399999999999999  4032
100  39.899999999999999  3548
120  43.100000000000001  3513
140  53.600000000000001  4323
160  67.700000000000003  4575
180  65.299999999999997  4606
200  71.799999999999997  4919
40  11.1  1738
60  17.600000000000001  2706
80  37.600000000000001  3507
100  33.5  3608
120  42.600000000000001  4004
140  52.0  4214
160  72.599999999999994  4646
180  72.0  4794
200  73.700000000000003  4657
40  12.800000000000001  1881
60  22.699999999999999  2678
80  32.399999999999999  3608
100  45.5  3980
120  60.200000000000003  4348
140  57.600000000000001  4396
160  56.100000000000001  3983
180  68.900000000000006  4400
200  80.099999999999994  4937
40  11.199999999999999  1605
60  25.100000000000001  2816
80  34.700000000000003  3365
100  43.200000000000003  3692
120  50.200000000000003  4079
140  55.0  4286
160  64.400000000000006  4138
180  71.700000000000003  4359
200  66.099999999999994  4495
40  14.699999999999999  1992
60  13.199999999999999  2014
80  28.399999999999999  3166
100  32.299999999999997  3462
120  58.799999999999997  4330
140  54.899999999999999  4088
160  67.0  4480
180  70.200000000000003  4652
200  69.0  4596
40  13.0  1637
60  21.600000000000001  2456
80  23.399999999999999  2922
100  48.600000000000001  3802
120  45.5  4150
140  60.600000000000001  4351
160  61.100000000000001  4733
180  68.200000000000003  4547
200  71.599999999999994  4699
40  12.800000000000001  1824
60  20.0  2761
80  37.600000000000001  3462
100  44.200000000000003  3940
120  46.600000000000001  3985
140  58.399999999999999  4338
160  52.600000000000001  4142
180  75.400000000000006  4783
200  66.799999999999997  4510
40  14.699999999999999  2113
60  21.0  2514
80  36.200000000000003  3459
100  39.399999999999999  3470
120  52.299999999999997  4157
140  62.799999999999997  4599
160  59.600000000000001  4543
180  60.100000000000001  4223
200  70.099999999999994  4767
40  11.300000000000001  1823
60  22.899999999999999  2830
80  27.800000000000001  3390
100  47.0  3931
120  55.399999999999999  4119
140  57.799999999999997  4232
160  68.0  4636
180  65.599999999999994  4650
200  80.299999999999997  4895
40  7.2999999999999998  1862
60  18.100000000000001  2367
80  31.699999999999999  3150
100  42.799999999999997  4241
120  48.700000000000003  3990
140  58.5  4303
160  57.100000000000001  4367
180  79.0  4892
200  70.599999999999994  4544
40  16.5  2150
60  19.899999999999999  2868
80  29.100000000000001  3177
100  39.100000000000001  3612
120  45.899999999999999  3836
140  58.200000000000003  4215
160  63.399999999999999  4493
180  64.599999999999994  4481
200  62.0  4512
40  17.800000000000001  2189
60  17.300000000000001  2651
80  31.0  3247
100  46.799999999999997  3911
120  48.5  3805
140  49.299999999999997  4160
160  67.900000000000006  4595
180  68.599999999999994  4725
200  71.900000000000006  4695
40  24.0  2044
60  26.399999999999999  2861
80  35.700000000000003  3296
100  43.299999999999997  3701
120  52.799999999999997  3986
140  60.299999999999997  4480
160  59.299999999999997  4381
180  71.900000000000006  4759
200  75.299999999999997  4828
40  11.199999999999999  1913
60  25.300000000000001  2309
80  36.899999999999999  3125
100  44.100000000000001  3474
120  53.0  3887
140  56.600000000000001  4477
160  68.0  4277
180  68.400000000000006  4560
200  79.5  4798
40  11.9  1849
60  17.100000000000001  2622
80  30.399999999999999  3339
100  43.799999999999997  3486
120  50.0  3912
140  54.600000000000001  4170
160  59.299999999999997  4112
180  53.5  3952
200  77.299999999999997  4632
40  9.1999999999999993  2008
60  24.800000000000001  2752
80  29.899999999999999  3008
100  43.200000000000003  3923
120  54.799999999999997  4154
140  50.399999999999999  4060
160  59.0  4171
180  66.200000000000003  4599
200  78.599999999999994  4814
40  10.5  1896
60  22.199999999999999  2367
80  21.899999999999999  3152
100  49.399999999999999  3994
120  56.200000000000003  4321
140  58.0  4311
160  55.100000000000001  4090
180  70.900000000000006  4663
200  79.299999999999997  4722
40  14.0  1944
60  21.600000000000001  2601
80  31.5  2992
100  43.299999999999997  3558
120  49.399999999999999  3853
140  57.799999999999997  4405
160  69.099999999999994  4645
180  67.200000000000003  4534
200  63.399999999999999  4236
40  15.199999999999999  2036
60  17.600000000000001  2230
80  31.699999999999999  3478
100  47.899999999999999  3862
120  48.299999999999997  3972
140  63.700000000000003  4737
160  69.299999999999997  4693
180  76.299999999999997  4833
200  67.900000000000006  4739
40  10.4  1618
60  32.0  2903
80  39.0  3462
100  49.700000000000003  4040
120  52.100000000000001  4235
140  52.0  4237
160  70.5  4499
180  69.400000000000006  4577
200  68.0  4389
40  22.699999999999999  2152
60  22.399999999999999  2738
80  30.899999999999999  3573
100  42.5  3785
120  49.0  4011
140  60.100000000000001  4494
160  60.399999999999999  4554
180  66.799999999999997  4508
200  69.599999999999994  4437
40  14.699999999999999  2164
60  26.5  2568
80  36.200000000000003  3656
100  44.799999999999997  3905
120  42.5  3909
140  65.400000000000006  4655
160  57.700000000000003  4095
180  67.900000000000006  4425
200  61.100000000000001  4543
40  11.1  2148
60  24.5  3152
80  29.699999999999999  3403
100  45.200000000000003  4073
120  44.200000000000003  3793
140  59.700000000000003  4361
160  69.700000000000003  4524
180  75.799999999999997  4713
200  64.599999999999994  4456
40  9.3000000000000007  1895
60  25.899999999999999  3059
80  32.5  3572
100  42.399999999999999  3840
120  56.200000000000003  4176
140  57.600000000000001  4514
160  70.900000000000006  4857
180  79.599999999999994  4924
200  65.400000000000006  4230
40  11.699999999999999  1948
60  22.399999999999999  2699
80  36.399999999999999  3328
100  34.399999999999999  3443
120  44.200000000000003  4157
140  59.299999999999997  4155
160  63.5  4220
180  57.399999999999999  4528
200  65.799999999999997  4270
40  11.800000000000001  1943
60  26.899999999999999  2714
80  31.300000000000001  3265
100  43.600000000000001  3893
120  59.600000000000001  4364
140  50.200000000000003  3974
160  51.600000000000001  4346
180  71.299999999999997  4737
200  77.700000000000003  4706
40  20.800000000000001  2221
60  11.800000000000001  2224
80  36.5  3339
100  45.799999999999997  3607
120  50.5  4256
140  60.100000000000001  4658
160  73.900000000000006  4777
180  71.099999999999994  4732
200  72.200000000000003  4516
40  15.1  2039
60  24.800000000000001  2820
80  32.100000000000001  3522
100  61.200000000000003  4278
120  56.700000000000003  3986
140  51.799999999999997  3997
160  66.900000000000006  4427
180  68.900000000000006  4792
200  69.200000000000003  4888
40  15.800000000000001  1894
60  24.100000000000001  2728
80  29.5  3064
100  59.0  4218
120  67.799999999999997  4481
140  61.100000000000001  4326
160  62.200000000000003  4219
180  71.599999999999994  4761
200  74.400000000000006  4616
40  11.0  1979
60  26.800000000000001  2461
80  33.0  3302
100  46.799999999999997  3762
120  46.200000000000003  3817
140  58.299999999999997  4212
160  68.400000000000006  4486
180  70.299999999999997  4406
200  74.099999999999994  4753
40  16.699999999999999  2147
60  19.699999999999999  2782
80  37.799999999999997  3495
100  59.299999999999997  3976
120  57.700000000000003  4296
140  67.599999999999994  4538
160  57.0  4352
180  69.200000000000003  4692
200  82.0  4942
40  7.7999999999999998  1608
60  29.0  3049
80  31.699999999999999  3140
100  40.799999999999997  3626
120  50.100000000000001  4042
140  58.100000000000001  4196
160  67.599999999999994  4641
180  69.900000000000006  4572
200  75.799999999999997  4583
40  10.6  1560
60  23.699999999999999  2826
80  34.200000000000003  3412
100  49.0  4058
120  57.299999999999997  4203
140  54.899999999999999  4293
160  69.599999999999994  4697
180  74.900000000000006  4704
200  66.799999999999997  4565
40  19.300000000000001  2049
60  31.0  3418
80  35.5  3345
100  34.5  3628
120  53.600000000000001  4525
140  65.799999999999997  4618
160  65.0  4412
180  75.599999999999994  4862
200  80.700000000000003  4826
40  10.1  1548
60  24.399999999999999  2627
80  34.600000000000001  3325
100  41.200000000000003  3544
120  63.100000000000001  4103
140  47.5  4081
160  60.200000000000003  4545
180  74.5  4594
200  73.799999999999997  4659
40  13.1  2076
60  23.0  2671
80  24.699999999999999  2996
100  37.0  3499
120  55.200000000000003  4138
140  68.099999999999994  4604
160  59.299999999999997  4325
180  63.100000000000001  4311
200  77.099999999999994  4804
40  18.699999999999999  2240
60  16.0  2557
80  29.300000000000001  2950
100  45.100000000000001  4096
120  58.200000000000003  4239
140  47.700000000000003  4131
160  75.200000000000003  4825
180  64.799999999999997  4274
200  72.900000000000006  4572
40  14.6  2264
60  19.5  2726
80  34.5  3365
100  37.5  3547
120  50.899999999999999  3946
140  58.100000000000001  4346
160  60.600000000000001  4649
180  71.799999999999997  4714
200  64.0  4146
40  10.199999999999999  1873
60  14.4  2431
80  29.0  3348
100  36.899999999999999  3407
120  47.700000000000003  3814
140  48.600000000000001  4084
160  58.299999999999997  4364
180  68.5  4485
200  76.900000000000006  4811
40  15.199999999999999  1973
60  21.100000000000001  2569
80  36.200000000000003  3351
100  46.100000000000001  3770
120  49.200000000000003  3751
140  53.299999999999997  4298
160  70.299999999999997  4638
180  74.5  4837
200  67.0  4342
40  8.0  1733
60  21.899999999999999  2612
80  30.699999999999999  3180
100  41.700000000000003  3662
120  55.0  4240
140  67.099999999999994  4523
160  66.700000000000003  4729
180  71.400000000000006  4469
200  76.700000000000003  4748
40  18.100000000000001  1931
60  20.100000000000001  2543
80  29.399999999999999  2819
100  42.299999999999997  3803
120  48.100000000000001  4216
140  61.799999999999997  4399
160  61.100000000000001  4587
180  62.299999999999997  4243
200  74.400000000000006  4684
40  10.699999999999999  2123
60  22.0  3050
80  35.600000000000001  3386
100  45.899999999999999  4023
120  51.899999999999999  4101
140  59.399999999999999  4626
160  72.5  4852
180  69.200000000000003  4582
200  69.200000000000003  4742
40  7.4000000000000004  1696
60  24.199999999999999  2639
80  32.100000000000001  3848
100  48.399999999999999  3779
120  52.5  3931
140  54.899999999999999  4587
160  49.100000000000001  4086
180  56.799999999999997  4305
200  77.799999999999997  4770
40  13.6  2011
60  24.699999999999999  3004
80  27.399999999999999  3128
100  47.100000000000001  3833
120  47.399999999999999  4155
140  57.799999999999997  4446
160  59.5  4304
180  63.799999999999997  4450
200  72.200000000000003  4906
40  9.0  1774
60  27.100000000000001  2652
80  46.5  3943
100  40.0  3679
120  48.799999999999997  4068
140  55.700000000000003  4711
160  62.700000000000003  4259
180  61.100000000000001  4420
200  68.099999999999994  4480
40  9.4000000000000004  1895
60  19.699999999999999  2826
80  28.600000000000001  3300
100  45.100000000000001  3651
120  46.700000000000003  3925
140  60.100000000000001  4352
160  66.900000000000006  4609
180  63.899999999999999  4418
200  80.099999999999994  4817
40  10.4  2154
60  28.300000000000001  2718
80  38.100000000000001  3373
100  46.100000000000001  3857
120  46.100000000000001  4011
140  52.100000000000001  4158
160  63.799999999999997  4286
180  69.200000000000003  4583
200  68.900000000000006  4740
40  10.4  1563
60  21.600000000000001  2775
80  40.0  3594
100  46.5  4072
120  45.299999999999997  3884
140  53.5  4195
160  70.099999999999994  4684
180  67.099999999999994  4623
200  67.700000000000003  4477
40  10.199999999999999  1582
60  15.5  2512
80  30.399999999999999  3273
100  39.899999999999999  3641
120  52.899999999999999  4216
140  50.0  3898
160  72.200000000000003  4625
180  74.099999999999994  4680
200  59.600000000000001  4688
40  15.5  2113
60  17.0  2515
80  25.399999999999999  3089
100  31.899999999999999  3239
120  47.299999999999997  3809
140  71.900000000000006  4674
160  61.899999999999999  4516
180  63.899999999999999  4606
200  76.799999999999997  4735
40  11.5  2011
60  27.5  2895
80  25.5  3208
100  45.200000000000003  3754
120  33.200000000000003  3286
140  59.399999999999999  4292
160  64.599999999999994  4417
180  70.799999999999997  4645
200  62.799999999999997  4376
40  13.800000000000001  1819
60  22.800000000000001  2919
80  33.700000000000003  3393
100  45.5  3602
120  53.799999999999997  3898
140  64.799999999999997  4308
160  62.600000000000001  4126
180  73.599999999999994  4600
200  69.700000000000003  4595
40  13.199999999999999  1834
60  22.899999999999999  2483
80  26.699999999999999  3176
100  37.100000000000001  3498
120  65.299999999999997  4275
140  62.5  4188
160  64.799999999999997  4581
180  66.700000000000003  4612
200  72.700000000000003  4785
40  12.300000000000001  1797
60  24.699999999999999  2643
80  39.5  3317
100  41.899999999999999  3334
120  61.0  4444
140  49.0  3928
160  58.0  4145
180  72.5  4771
200  65.5  4794
40  16.300000000000001  1814
60  19.100000000000001  2655
80  26.600000000000001  2975
100  45.700000000000003  4089
120  56.0  4548
140  51.100000000000001  4116
160  56.600000000000001  4319
180  56.600000000000001  4149
200  74.799999999999997  4729
40  16.600000000000001  2044
60  18.300000000000001  2850
80  33.700000000000003  3140
100  37.299999999999997  3672
120  62.0  4342
140  55.600000000000001  4334
160  63.100000000000001  4544
180  71.5  4839
200  71.900000000000006  4602
40  5.7000000000000002  1600
60  30.0  2758
80  42.299999999999997  3551
100  49.899999999999999  3922
120  51.700000000000003  3959
140  59.700000000000003  4355
160  61.200000000000003  4464
180  58.200000000000003  4133
200  76.0  4499
40  14.5  2114
60  28.800000000000001  3108
80  34.799999999999997  3227
100  41.5  3682
120  44.899999999999999  3684
140  50.700000000000003  3880
160  60.399999999999999  4618
180  63.399999999999999  4623
200  76.799999999999997  4685
40  20.600000000000001  2172
60  20.199999999999999  2577
80  45.5  3718
100  45.600000000000001  3628
120  53.0  4123
140  60.399999999999999  4445
160  65.099999999999994  4373
180  75.900000000000006  4712
200  76.0  4913
40  15.9  2141
60  22.5  2850
80  26.100000000000001  3162
100  40.399999999999999  3445
120  56.0  4004
140  56.799999999999997  4331
160  58.200000000000003  4519
180  77.5  4773
200  71.200000000000003  4614
40  16.899999999999999  2115
60  24.300000000000001  2871
80  29.100000000000001  3191
100  35.5  3867
120  48.200000000000003  3463
140  61.600000000000001  4428
160  55.0  4284
180  58.200000000000003  4211
200  82.200000000000003  4846
40  14.6  2202
60  20.100000000000001  2633
80  41.200000000000003  3837
100  41.100000000000001  3434
120  63.600000000000001  4448
140  49.799999999999997  4024
160  63.700000000000003  4468
180  70.700000000000003  4491
200  73.299999999999997  4864
40  10.5  1681
60  25.399999999999999  2682
80  36.600000000000001  3762
100  42.600000000000001  3808
120  47.399999999999999  4245
140  56.5  4125
160  58.5  3953
180  72.599999999999994  4630
200  74.700000000000003  4670
40  16.100000000000001  1849
60  21.5  2613
80  39.5  3379
100  31.100000000000001  3276
120  47.299999999999997  4047
140  49.0  4117
160  69.799999999999997  4537
180  67.599999999999994  4416
200  68.200000000000003  4790
40  16.699999999999999  1995
60  24.300000000000001  2738
80  35.700000000000003  3620
100  50.299999999999997  4076
120  61.5  4304
140  59.700000000000003  4419
160  59.299999999999997  4457
180  72.799999999999997  4857
200  71.900000000000006  4717
40  10.699999999999999  1706
60  31.5  2888
80  37.399999999999999  3368
100  39.299999999999997  3588
120  56.899999999999999  4222
140  65.200000000000003  4588
160  58.799999999999997  4537
180  69.400000000000006  4678
200  70.0  4582
40  12.800000000000001  1872
60  24.699999999999999  2489
80  38.399999999999999  3294
100  41.299999999999997  3810
120  59.100000000000001  4377
140  58.299999999999997  4519
160  64.5  4707
180  74.200000000000003  4716
200  83.299999999999997  5031
40  15.199999999999999  2053
60  20.699999999999999  2534
80  23.5  2810
100  39.299999999999997  3494
120  55.200000000000003  4240
140  64.799999999999997  4441
160  64.299999999999997  4161
180  75.0  4723
200  64.900000000000006  4368
40  14.699999999999999  2163
60  19.899999999999999  2624
80  37.700000000000003  3550
100  38.0  3844
120  45.0  3838
140  61.600000000000001  4250
160  73.799999999999997  4838
180  72.400000000000006  4526
200  72.900000000000006  4533
40  14.1  1937
60  15.4  2521
80  31.100000000000001  3435
100  37.600000000000001  3414
120  52.100000000000001  4398
140  61.5  4226
160  57.399999999999999  4317
180  67.299999999999997  4648
200  64.400000000000006  4394
40  10.699999999999999  1871
60  25.399999999999999  2436
80  38.600000000000001  3451
100  38.100000000000001  3739
120  45.899999999999999  3705
140  62.299999999999997  4373
160  65.599999999999994  4611
180  62.100000000000001  4363
200  71.400000000000006  4257
40  10.5  1572
60  24.0  2898
80  37.799999999999997  3376
100  44.5  3850
120  53.600000000000001  3809
140  57.100000000000001  4340
160  66.299999999999997  4481
180  73.599999999999994  4739
200  70.799999999999997  4645
40  15.4  1872
60  21.699999999999999  2840
80  31.0  3373
100  36.0  3371
120  46.700000000000003  4019
140  58.399999999999999  4156
160  64.400000000000006  4620
180  61.600000000000001  4356
200  63.5  4359
40  14.6  1954
60  20.199999999999999  2526
80  21.0  2731
100  38.200000000000003  3836
120  46.5  3781
140  59.200000000000003  4214
160  64.900000000000006  4521
180  74.5  4716
200  76.700000000000003  4797
40  16.800000000000001  2055
60  23.899999999999999  2682
80  28.100000000000001  2907
100  36.5  3453
120  52.5  3959
140  57.399999999999999  4321
160  63.299999999999997  4533
180  69.900000000000006  4581
200  76.599999999999994  4670
40  13.199999999999999  1857
60  30.600000000000001  2714
80  34.299999999999997  3196
100  39.899999999999999  4011
120  43.899999999999999  3684
140  58.700000000000003  4147
160  74.299999999999997  4666
180  65.299999999999997  4584
200  71.299999999999997  4503
40  14.9  2087
60  29.5  2642
80  38.0  3338
100  45.5  3694
120  50.399999999999999  4310
140  60.899999999999999  4412
160  54.600000000000001  4231
180  65.0  4337
200  75.299999999999997  4612
40  15.300000000000001  2106
60  31.5  2873
80  40.299999999999997  3742
100  42.399999999999999  3616
120  53.399999999999999  4333
140  60.899999999999999  4246
160  63.299999999999997  4313
180  66.599999999999994  4485
200  64.400000000000006  4545
40  10.6  1665
60  21.899999999999999  2780
80  29.899999999999999  3240
100  35.200000000000003  3721
120  53.799999999999997  3874
140  59.0  4171
160  63.399999999999999  4606
180  69.299999999999997  4536
200  76.299999999999997  4814
40  10.199999999999999  1497
60  24.5  2940
80  30.899999999999999  3113
100  38.799999999999997  3775
120  32.100000000000001  3334
140  61.600000000000001  4643
160  63.299999999999997  4443
180  61.200000000000003  4391
200  72.200000000000003  4872
40  12.0  1898
60  27.300000000000001  2963
80  34.299999999999997  3399
100  30.699999999999999  3561
120  48.5  3977
140  61.100000000000001  4378
160  70.900000000000006  4556
180  73.900000000000006  4661
200  75.099999999999994  4670
40  12.4  1954
60  18.699999999999999  2595
80  29.899999999999999  3164
100  50.0  4221
120  48.0  3587
140  49.399999999999999  3643
160  67.799999999999997  4615
180  66.5  4607
200  70.099999999999994  4482
40  11.199999999999999  1736
60  31.699999999999999  2922
80  28.199999999999999  2911
100  37.5  3653
120  55.5  4364
140  59.700000000000003  4227
160  53.200000000000003  4060
180  71.900000000000006  4759
200  74.700000000000003  4835
