1  94.0  57.0
1  62.0  213.0
1  67.0  183.0
1  65.0  292.0
1  71.0  281.0
1  64.0  318.0
1  73.0  224.0
1  94.0  150.0
1  57.0  201.0
1  56.0  261.0
1  86.0  86.0
1  86.0  157.0
1  1.0  371.0
1  41.0  275.0
1  70.0  401.0
1  69.0  293.0
1  39.0  246.0
1  51.0  232.0
1  45.0  369.0
1  51.0  172.0
1  76.0  170.0
1  38.0  263.0
1  61.0  290.0
1  75.0  87.0
1  52.0  217.0
1  84.0  122.0
1  69.0  270.0
1  36.0  274.0
1  60.0  299.0
1  81.0  118.0
1  82.0  225.0
1  79.0  172.0
1  94.0  91.0
1  67.0  172.0
1  78.0  133.0
1  78.0  222.0
1  88.0  146.0
1  74.0  254.0
1  69.0  207.0
1  59.0  296.0
1  94.0  76.0
1  79.0  240.0
1  86.0  138.0
1  99.0  17.0
1  27.0  331.0
1  65.0  272.0
1  0.0  361.0
1  71.0  217.0
1  49.0  219.0
1  83.0  190.0
1  62.0  262.0
1  86.0  204.0
1  75.0  171.0
1  43.0  445.0
1  83.0  113.0
1  42.0  441.0
1  36.0  252.0
1  58.0  282.0
1  60.0  273.0
1  58.0  147.0
1  72.0  213.0
1  75.0  274.0
1  73.0  263.0
1  70.0  100.0
1  54.0  165.0
1  42.0  250.0
1  48.0  210.0
1  69.0  299.0
1  86.0  184.0
1  75.0  163.0
1  55.0  192.0
1  74.0  9.0
1  91.0  96.0
1  95.0  10.0
1  63.0  293.0
1  81.0  178.0
1  90.0  171.0
1  88.0  111.0
1  82.0  269.0
1  62.0  234.0
1  59.0  213.0
1  70.0  193.0
1  74.0  180.0
1  95.0  93.0
1  19.0  322.0
1  47.0  354.0
1  68.0  94.0
1  7.0  303.0
1  72.0  271.0
1  59.0  281.0
1  45.0  321.0
1  82.0  168.0
1  56.0  298.0
1  55.0  387.0
1  56.0  278.0
1  44.0  186.0
1  64.0  265.0
1  85.0  155.0
1  51.0  266.0
1  51.0  186.0
2  77.0  119.0
2  44.0  377.0
2  47.0  213.0
2  74.0  171.0
2  42.0  375.0
2  51.0  286.0
2  44.0  229.0
2  40.0  201.0
2  42.0  450.0
2  62.0  205.0
2  54.0  300.0
2  86.0  193.0
2  70.0  210.0
2  74.0  233.0
2  78.0  133.0
2  40.0  147.0
2  76.0  184.0
2  40.0  218.0
2  65.0  136.0
2  37.0  194.0
2  51.0  245.0
2  72.0  203.0
2  39.0  247.0
2  71.0  267.0
2  88.0  60.0
2  96.0  48.0
2  66.0  288.0
2  78.0  301.0
2  19.0  256.0
2  81.0  124.0
2  53.0  189.0
2  26.0  289.0
2  40.0  258.0
2  33.0  267.0
2  72.0  224.0
2  94.0  138.0
2  60.0  239.0
2  39.0  273.0
2  44.0  290.0
2  98.0  29.0
2  45.0  282.0
2  87.0  82.0
2  8.0  377.0
2  90.0  127.0
2  6.0  234.0
2  65.0  215.0
2  75.0  207.0
2  62.0  179.0
2  61.0  302.0
2  73.0  279.0
2  81.0  136.0
2  54.0  324.0
2  68.0  147.0
2  22.0  277.0
2  58.0  209.0
2  48.0  206.0
2  85.0  217.0
2  72.0  283.0
2  20.0  293.0
2  81.0  151.0
2  12.0  128.0
2  85.0  155.0
2  69.0  278.0
2  82.0  141.0
2  74.0  134.0
2  49.0  246.0
2  71.0  285.0
2  57.0  172.0
2  37.0  378.0
2  60.0  132.0
2  87.0  125.0
2  60.0  274.0
2  47.0  313.0
2  66.0  146.0
2  86.0  84.0
2  54.0  261.0
2  71.0  206.0
2  7.0  170.0
2  32.0  271.0
2  58.0  176.0
2  66.0  249.0
2  53.0  313.0
2  51.0  143.0
2  70.0  100.0
2  50.0  330.0
2  56.0  306.0
2  52.0  206.0
2  79.0  181.0
2  75.0  175.0
2  40.0  275.0
2  89.0  129.0
2  29.0  277.0
2  39.0  250.0
2  61.0  280.0
2  44.0  325.0
2  34.0  295.0
2  32.0  219.0
2  51.0  237.0
2  77.0  153.0
2  35.0  310.0
3  36.0  211.0
3  38.0  326.0
3  29.0  260.0
3  72.0  109.0
3  49.0  196.0
3  38.0  248.0
3  50.0  271.0
3  9.0  370.0
3  42.0  290.0
3  44.0  347.0
3  72.0  158.0
3  88.0  90.0
3  5.0  165.0
3  40.0  292.0
3  22.0  182.0
3  62.0  257.0
3  64.0  208.0
3  2.0  247.0
3  21.0  239.0
3  52.0  146.0
3  12.0  142.0
3  50.0  173.0
3  100.0  9.0
3  63.0  265.0
3  42.0  245.0
3  76.0  239.0
3  43.0  286.0
3  60.0  232.0
3  20.0  180.0
3  54.0  232.0
3  80.0  215.0
3  45.0  119.0
3  58.0  135.0
3  77.0  126.0
3  41.0  240.0
3  59.0  153.0
3  61.0  116.0
3  44.0  194.0
3  32.0  270.0
3  77.0  237.0
3  80.0  176.0
3  29.0  263.0
3  47.0  303.0
3  10.0  300.0
3  48.0  162.0
3  76.0  179.0
3  43.0  255.0
3  100.0  2.0
3  45.0  278.0
3  46.0  196.0
3  55.0  207.0
3  20.0  238.0
3  26.0  315.0
3  36.0  212.0
3  55.0  243.0
3  86.0  162.0
3  33.0  126.0
3  42.0  310.0
3  54.0  89.0
3  33.0  220.0
3  36.0  338.0
3  46.0  259.0
3  71.0  301.0
3  19.0  267.0
3  47.0  234.0
3  55.0  239.0
3  28.0  217.0
3  69.0  164.0
3  58.0  221.0
3  40.0  204.0
3  33.0  314.0
3  33.0  354.0
3  63.0  100.0
3  28.0  173.0
3  84.0  82.0
3  65.0  174.0
3  49.0  193.0
3  28.0  75.0
3  22.0  392.0
3  49.0  275.0
3  45.0  273.0
3  35.0  333.0
3  37.0  404.0
3  53.0  340.0
3  13.0  276.0
3  93.0  23.0
3  55.0  246.0
3  74.0  171.0
3  47.0  127.0
3  78.0  125.0
3  41.0  359.0
3  59.0  43.0
3  49.0  216.0
3  88.0  114.0
3  72.0  79.0
3  61.0  239.0
3  54.0  251.0
3  98.0  55.0
3  86.0  82.0
3  35.0  234.0
4  71.0  168.0
4  48.0  355.0
4  20.0  249.0
4  43.0  245.0
4  51.0  141.0
4  63.0  169.0
4  34.0  323.0
4  82.0  126.0
4  53.0  139.0
4  77.0  148.0
4  9.0  131.0
4  62.0  233.0
4  34.0  253.0
4  99.0  9.0
4  100.0  10.0
4  29.0  284.0
4  99.0  32.0
4  60.0  195.0
4  51.0  128.0
4  17.0  230.0
4  41.0  192.0
4  99.0  23.0
4  21.0  113.0
4  63.0  226.0
4  79.0  19.0
4  80.0  68.0
4  50.0  132.0
4  53.0  149.0
4  65.0  223.0
4  23.0  268.0
4  34.0  134.0
4  50.0  255.0
4  50.0  201.0
4  100.0  26.0
4  80.0  91.0
4  39.0  164.0
4  44.0  245.0
4  46.0  275.0
4  91.0  81.0
4  60.0  225.0
4  24.0  277.0
4  60.0  297.0
4  53.0  190.0
4  36.0  246.0
4  93.0  52.0
4  35.0  155.0
4  43.0  246.0
4  51.0  208.0
4  5.0  158.0
4  34.0  128.0
4  84.0  151.0
4  13.0  308.0
4  59.0  141.0
4  69.0  142.0
4  16.0  184.0
4  24.0  234.0
4  35.0  185.0
4  70.0  76.0
4  65.0  147.0
4  27.0  328.0
4  4.0  203.0
4  14.0  379.0
4  27.0  209.0
4  64.0  122.0
4  23.0  214.0
4  89.0  30.0
4  71.0  141.0
4  80.0  20.0
4  36.0  207.0
4  61.0  129.0
4  45.0  281.0
4  23.0  121.0
4  30.0  208.0
4  48.0  133.0
4  46.0  170.0
4  46.0  98.0
4  18.0  197.0
4  48.0  307.0
4  57.0  181.0
4  23.0  130.0
4  66.0  144.0
4  45.0  169.0
4  87.0  64.0
4  77.0  119.0
4  60.0  225.0
4  30.0  404.0
4  61.0  173.0
4  33.0  185.0
4  87.0  28.0
4  69.0  154.0
4  77.0  81.0
4  65.0  204.0
4  51.0  159.0
4  45.0  240.0
4  74.0  182.0
4  38.0  226.0
4  42.0  211.0
4  38.0  302.0
4  39.0  347.0
4  50.0  250.0
5  6.0  161.0
5  5.0  97.0
5  51.0  155.0
5  36.0  180.0
5  98.0  20.0
5  46.0  183.0
5  40.0  143.0
5  30.0  214.0
5  46.0  228.0
5  49.0  130.0
5  46.0  270.0
5  69.0  178.0
5  26.0  213.0
5  49.0  171.0
5  60.0  84.0
5  65.0  151.0
5  34.0  111.0
5  33.0  243.0
5  23.0  240.0
5  60.0  87.0
5  55.0  263.0
5  79.0  174.0
5  31.0  255.0
5  43.0  175.0
5  73.0  181.0
5  27.0  225.0
5  88.0  144.0
5  37.0  237.0
5  44.0  142.0
5  62.0  169.0
5  47.0  203.0
5  28.0  226.0
5  34.0  216.0
5  56.0  251.0
5  6.0  284.0
5  25.0  183.0
5  37.0  202.0
5  82.0  44.0
5  12.0  254.0
5  60.0  93.0
5  18.0  105.0
5  76.0  31.0
5  28.0  204.0
5  37.0  154.0
5  82.0  72.0
5  77.0  92.0
5  48.0  204.0
5  22.0  302.0
5  36.0  141.0
5  27.0  161.0
5  36.0  144.0
5  37.0  224.0
5  30.0  203.0
5  89.0  28.0
5  52.0  188.0
5  62.0  187.0
5  35.0  322.0
5  76.0  80.0
5  68.0  151.0
5  51.0  95.0
5  55.0  146.0
5  13.0  174.0
5  45.0  162.0
5  35.0  179.0
5  40.0  156.0
5  38.0  246.0
5  57.0  93.0
5  55.0  155.0
5  53.0  211.0
5  44.0  182.0
5  33.0  177.0
5  17.0  133.0
5  29.0  223.0
5  41.0  130.0
5  12.0  266.0
5  58.0  214.0
5  42.0  249.0
5  68.0  202.0
5  16.0  170.0
5  58.0  135.0
5  73.0  60.0
5  36.0  138.0
5  50.0  177.0
5  53.0  161.0
5  30.0  265.0
5  31.0  303.0
5  72.0  168.0
5  70.0  239.0
5  22.0  235.0
5  61.0  181.0
5  47.0  154.0
5  80.0  103.0
5  60.0  137.0
5  64.0  233.0
5  19.0  347.0
5  71.0  112.0
5  10.0  119.0
5  37.0  151.0
5  64.0  260.0
5  71.0  123.0
