40  4.0  201
60  29.0  404
80  38.0  502
100  33.0  365
120  65.0  439
140  85.0  335
160  85.0  360
180  70.0  513
200  97.0  240
40  13.0  196
60  21.0  309
80  43.0  305
100  26.0  351
120  51.0  373
140  51.0  284
160  66.0  412
180  74.0  447
200  95.0  253
40  14.0  254
60  2.0  288
80  39.0  415
100  61.0  351
120  59.0  401
140  67.0  361
160  58.0  442
180  64.0  293
200  38.0  485
40  0.0  28
60  42.0  349
80  25.0  428
100  32.0  351
120  78.0  297
140  50.0  446
160  81.0  367
180  71.0  409
200  77.0  231
40  6.0  232
60  33.0  303
80  48.0  333
100  33.0  328
120  29.0  461
140  77.0  366
160  72.0  308
180  70.0  496
200  59.0  447
40  34.0  238
60  16.0  266
80  39.0  385
100  58.0  381
120  55.0  359
140  56.0  511
160  50.0  594
180  93.0  251
200  63.0  441
40  36.0  326
60  10.0  173
80  26.0  239
100  65.0  412
120  43.0  414
140  75.0  339
160  88.0  296
180  48.0  493
200  49.0  573
40  1.0  270
60  15.0  157
80  41.0  378
100  48.0  503
120  85.0  320
140  63.0  591
160  96.0  246
180  93.0  318
200  54.0  372
40  0.0  116
60  26.0  380
80  27.0  356
100  82.0  298
120  42.0  534
140  70.0  324
160  73.0  419
180  50.0  270
200  55.0  203
40  6.0  172
60  40.0  310
80  13.0  265
100  48.0  313
120  72.0  390
140  48.0  341
160  84.0  367
180  82.0  365
200  85.0  377
40  4.0  286
60  32.0  148
80  45.0  365
100  41.0  431
120  82.0  347
140  87.0  316
160  90.0  336
180  72.0  463
200  82.0  310
40  34.0  229
60  24.0  248
80  45.0  292
100  66.0  395
120  70.0  411
140  60.0  473
160  89.0  317
180  84.0  392
200  61.0  421
40  15.0  318
60  2.0  174
80  15.0  417
100  37.0  284
120  83.0  346
140  70.0  398
160  63.0  457
180  50.0  427
200  91.0  299
40  1.0  353
60  47.0  316
80  27.0  389
100  77.0  335
120  71.0  355
140  76.0  319
160  77.0  485
180  65.0  189
200  75.0  465
40  25.0  250
60  9.0  235
80  63.0  362
100  42.0  435
120  37.0  438
140  29.0  453
160  93.0  278
180  77.0  386
200  64.0  333
40  11.0  248
60  9.0  460
80  27.0  310
100  76.0  384
120  89.0  283
140  84.0  316
160  57.0  353
180  59.0  302
200  83.0  469
40  12.0  214
60  47.0  337
80  21.0  332
100  49.0  492
120  68.0  316
140  83.0  372
160  67.0  433
180  53.0  493
200  94.0  306
40  13.0  269
60  12.0  174
80  47.0  310
100  56.0  368
120  64.0  309
140  62.0  385
160  90.0  328
180  97.0  223
200  65.0  266
40  12.0  218
60  71.0  363
80  37.0  346
100  50.0  289
120  52.0  333
140  70.0  410
160  76.0  355
180  64.0  553
200  65.0  457
40  0.0  166
60  41.0  362
80  14.0  163
100  50.0  400
120  71.0  334
140  86.0  309
160  63.0  573
180  86.0  348
200  62.0  453
40  3.0  205
60  16.0  310
80  77.0  359
100  32.0  348
120  20.0  442
140  80.0  434
160  56.0  380
180  81.0  505
200  82.0  342
40  14.0  327
60  7.0  367
80  23.0  373
100  58.0  299
120  31.0  527
140  51.0  477
160  83.0  342
180  97.0  222
200  21.0  479
40  9.0  167
60  20.0  260
80  41.0  363
100  41.0  355
120  39.0  418
140  81.0  313
160  74.0  301
180  68.0  392
200  77.0  266
40  20.0  179
60  55.0  315
80  40.0  376
100  72.0  346
120  43.0  367
140  48.0  378
160  44.0  716
180  96.0  230
200  42.0  596
40  14.0  241
60  39.0  315
80  30.0  264
100  56.0  359
120  70.0  385
140  77.0  359
160  56.0  665
180  50.0  280
200  71.0  377
40  27.0  226
60  38.0  346
80  52.0  261
100  69.0  402
120  64.0  328
140  71.0  297
160  43.0  480
180  81.0  330
200  70.0  356
40  22.0  279
60  19.0  253
80  0.0  323
100  54.0  414
120  41.0  506
140  73.0  418
160  52.0  498
180  41.0  430
200  57.0  430
40  13.0  220
60  33.0  282
80  54.0  354
100  82.0  320
120  57.0  471
140  76.0  386
160  47.0  275
180  60.0  431
200  88.0  271
40  0.0  176
60  53.0  296
80  41.0  259
100  43.0  413
120  78.0  382
140  79.0  343
160  52.0  251
180  62.0  376
200  40.0  406
40  8.0  219
60  13.0  298
80  34.0  560
100  63.0  416
120  78.0  317
140  53.0  581
160  81.0  359
180  78.0  350
200  68.0  339
40  10.0  240
60  11.0  342
80  43.0  427
100  34.0  485
120  69.0  400
140  32.0  374
160  79.0  397
180  70.0  357
200  79.0  440
40  12.0  248
60  29.0  399
80  33.0  292
100  24.0  311
120  62.0  336
140  67.0  447
160  51.0  555
180  91.0  311
200  91.0  322
40  9.0  211
60  40.0  450
80  46.0  373
100  65.0  497
120  90.0  306
140  72.0  397
160  68.0  356
180  75.0  290
200  87.0  336
40  19.0  341
60  15.0  418
80  21.0  224
100  52.0  434
120  53.0  406
140  70.0  388
160  91.0  304
180  51.0  268
200  84.0  391
40  17.0  249
60  21.0  237
80  59.0  407
100  41.0  357
120  24.0  605
140  56.0  312
160  61.0  295
180  84.0  422
200  71.0  475
40  22.0  211
60  29.0  192
80  63.0  383
100  54.0  463
120  29.0  226
140  58.0  374
160  97.0  218
180  86.0  257
200  86.0  360
40  4.0  175
60  45.0  305
80  40.0  326
100  35.0  298
120  78.0  361
140  83.0  362
160  65.0  403
180  64.0  375
200  92.0  342
40  14.0  223
60  46.0  273
80  17.0  447
100  41.0  417
120  55.0  407
140  76.0  400
160  78.0  320
180  72.0  300
200  91.0  307
40  9.0  300
60  16.0  472
80  19.0  368
100  35.0  365
120  66.0  422
140  34.0  633
160  89.0  303
180  77.0  392
200  77.0  415
40  0.0  261
60  16.0  253
80  40.0  444
100  1.0  239
120  61.0  582
140  80.0  331
160  79.0  371
180  67.0  364
200  68.0  425
40  11.0  169
60  3.0  255
80  1.0  464
100  26.0  501
120  64.0  367
140  75.0  437
160  74.0  301
180  89.0  334
200  31.0  383
40  24.0  318
60  18.0  273
80  33.0  437
100  48.0  319
120  59.0  388
140  72.0  358
160  73.0  376
180  50.0  285
200  82.0  404
40  43.0  192
60  11.0  461
80  38.0  419
100  66.0  372
120  74.0  369
140  40.0  332
160  82.0  368
180  81.0  325
200  97.0  236
40  44.0  227
60  10.0  292
80  44.0  416
100  46.0  577
120  83.0  332
140  61.0  517
160  70.0  484
180  73.0  545
200  71.0  255
40  14.0  219
60  11.0  164
80  17.0  83
100  42.0  415
120  54.0  382
140  43.0  439
160  86.0  326
180  93.0  297
200  68.0  443
40  10.0  338
60  31.0  253
80  46.0  480
100  65.0  353
120  94.0  261
140  40.0  381
160  60.0  428
180  35.0  261
200  86.0  253
40  6.0  205
60  13.0  464
80  50.0  274
100  58.0  429
120  59.0  328
140  74.0  354
160  15.0  270
180  79.0  382
200  84.0  403
40  45.0  283
60  15.0  303
80  12.0  254
100  38.0  419
120  85.0  329
140  63.0  402
160  78.0  329
180  87.0  377
200  89.0  319
40  18.0  204
60  6.0  390
80  27.0  349
100  38.0  425
120  39.0  360
140  52.0  316
160  34.0  262
180  96.0  250
200  85.0  267
40  9.0  280
60  23.0  414
80  59.0  288
100  45.0  366
120  39.0  463
140  77.0  396
160  64.0  437
180  33.0  260
200  52.0  417
40  8.0  202
60  27.0  212
80  29.0  414
100  66.0  365
120  25.0  373
140  51.0  311
160  45.0  347
180  49.0  591
200  77.0  393
40  23.0  240
60  22.0  200
80  52.0  364
100  21.0  257
120  54.0  468
140  73.0  465
160  95.0  251
180  76.0  388
200  44.0  251
40  14.0  270
60  49.0  353
80  53.0  336
100  40.0  601
120  64.0  477
140  78.0  402
160  61.0  253
180  94.0  275
200  90.0  235
40  12.0  358
60  29.0  397
80  55.0  374
100  33.0  424
120  59.0  400
140  83.0  384
160  90.0  269
180  52.0  410
200  44.0  354
40  22.0  338
60  31.0  337
80  24.0  271
100  23.0  336
120  67.0  403
140  86.0  275
160  70.0  253
180  93.0  278
200  91.0  335
40  5.0  162
60  47.0  328
80  33.0  370
100  52.0  381
120  50.0  324
140  77.0  387
160  51.0  360
180  29.0  472
200  53.0  443
40  2.0  210
60  24.0  370
80  22.0  406
100  60.0  375
120  68.0  417
140  57.0  522
160  72.0  400
180  83.0  364
200  95.0  264
40  0.0  98
60  24.0  383
80  57.0  281
100  35.0  362
120  66.0  470
140  88.0  293
160  90.0  284
180  70.0  320
200  65.0  423
40  33.0  318
60  6.0  235
80  0.0  311
100  36.0  482
120  50.0  424
140  65.0  411
160  86.0  377
180  51.0  587
200  50.0  508
40  13.0  286
60  2.0  204
80  6.0  433
100  41.0  337
120  68.0  352
140  89.0  285
160  61.0  367
180  41.0  259
200  93.0  283
40  0.0  131
60  21.0  362
80  41.0  258
100  47.0  593
120  49.0  262
140  82.0  381
160  84.0  423
180  46.0  312
200  94.0  268
40  17.0  289
60  22.0  426
80  29.0  386
100  45.0  447
120  58.0  488
140  51.0  309
160  87.0  364
180  63.0  527
200  86.0  335
40  5.0  259
60  32.0  276
80  20.0  319
100  50.0  262
120  65.0  406
140  70.0  371
160  54.0  320
180  78.0  378
200  78.0  301
40  11.0  250
60  11.0  343
80  38.0  352
100  70.0  413
120  59.0  425
140  36.0  465
160  82.0  372
180  44.0  437
200  92.0  293
40  15.0  264
60  11.0  206
80  62.0  305
100  41.0  426
120  48.0  418
140  69.0  373
160  88.0  306
180  53.0  319
200  97.0  240
40  11.0  253
60  57.0  347
80  46.0  438
100  24.0  558
120  27.0  363
140  41.0  374
160  69.0  424
180  65.0  271
200  82.0  345
40  18.0  365
60  4.0  210
80  64.0  342
100  40.0  478
120  41.0  493
140  83.0  337
160  84.0  394
180  68.0  504
200  82.0  433
40  7.0  209
60  0.0  238
80  12.0  165
100  51.0  318
120  32.0  747
140  61.0  383
160  50.0  517
180  55.0  448
200  85.0  376
40  24.0  249
60  36.0  383
80  39.0  325
100  47.0  527
120  45.0  595
140  79.0  354
160  71.0  298
180  77.0  424
200  81.0  407
40  11.0  196
60  19.0  411
80  41.0  335
100  44.0  389
120  66.0  302
140  48.0  338
160  51.0  279
180  73.0  337
200  89.0  360
40  30.0  287
60  14.0  426
80  43.0  415
100  25.0  418
120  86.0  313
140  22.0  422
160  74.0  364
180  96.0  264
200  56.0  392
40  29.0  209
60  1.0  305
80  32.0  400
100  68.0  311
120  17.0  192
140  32.0  378
160  65.0  493
180  85.0  317
200  88.0  358
40  16.0  261
60  9.0  360
80  49.0  398
100  29.0  269
120  77.0  412
140  69.0  379
160  83.0  301
180  93.0  285
200  31.0  603
40  22.0  371
60  30.0  453
80  50.0  244
100  30.0  367
120  65.0  442
140  71.0  270
160  88.0  386
180  93.0  278
200  95.0  276
40  10.0  308
60  22.0  303
80  31.0  358
100  78.0  316
120  92.0  273
140  95.0  219
160  65.0  289
180  52.0  407
200  87.0  327
40  34.0  367
60  20.0  280
80  25.0  450
100  42.0  531
120  76.0  347
140  37.0  242
160  71.0  189
180  78.0  377
200  74.0  327
40  46.0  228
60  18.0  385
80  59.0  436
100  27.0  321
120  45.0  466
140  34.0  493
160  70.0  429
180  58.0  326
200  66.0  607
40  24.0  309
60  37.0  337
80  27.0  339
100  68.0  284
120  58.0  376
140  42.0  579
160  24.0  334
180  64.0  379
200  91.0  318
40  42.0  308
60  13.0  302
80  39.0  450
100  48.0  472
120  63.0  239
140  84.0  345
160  61.0  379
180  79.0  469
200  86.0  365
40  6.0  206
60  9.0  297
80  44.0  394
100  45.0  241
120  37.0  226
140  38.0  345
160  61.0  383
180  69.0  567
200  66.0  374
40  4.0  184
60  27.0  206
80  44.0  389
100  60.0  456
120  84.0  283
140  39.0  333
160  32.0  797
180  77.0  349
200  36.0  394
40  35.0  433
60  60.0  366
80  49.0  448
100  27.0  331
120  75.0  327
140  61.0  256
160  63.0  603
180  95.0  272
200  94.0  302
40  3.0  169
60  39.0  251
80  20.0  306
100  40.0  375
120  56.0  389
140  44.0  413
160  79.0  367
180  61.0  455
200  74.0  425
40  1.0  221
60  26.0  327
80  54.0  359
100  17.0  481
120  59.0  359
140  76.0  282
160  88.0  334
180  72.0  289
200  92.0  313
40  8.0  318
60  22.0  369
80  30.0  363
100  71.0  389
120  73.0  334
140  45.0  271
160  85.0  372
180  60.0  325
200  72.0  440
40  0.0  168
60  0.0  323
80  6.0  614
100  45.0  461
120  60.0  469
140  25.0  344
160  83.0  355
180  78.0  442
200  68.0  422
40  19.0  254
60  37.0  383
80  28.0  468
100  41.0  442
120  92.0  268
140  82.0  311
160  66.0  437
180  60.0  314
200  73.0  446
40  2.0  239
60  6.0  264
80  30.0  249
100  53.0  477
120  51.0  378
140  86.0  304
160  86.0  330
180  90.0  333
200  73.0  305
40  5.0  259
60  34.0  371
80  11.0  233
100  36.0  568
120  69.0  346
140  80.0  392
160  83.0  348
180  80.0  409
200  92.0  262
40  9.0  154
60  27.0  327
80  42.0  211
100  42.0  413
120  64.0  395
140  18.0  362
160  82.0  332
180  93.0  297
200  96.0  248
40  14.0  219
60  52.0  326
80  43.0  388
100  67.0  358
120  67.0  449
140  83.0  335
160  22.0  221
180  86.0  362
200  95.0  264
40  9.0  273
60  39.0  250
80  51.0  312
100  52.0  414
120  27.0  531
140  67.0  395
160  61.0  526
180  72.0  504
200  87.0  339
40  36.0  131
60  70.0  304
80  22.0  459
100  52.0  319
120  29.0  612
140  59.0  292
160  68.0  535
180  78.0  362
200  97.0  383
40  21.0  268
60  46.0  344
80  26.0  247
100  65.0  416
120  55.0  421
140  41.0  643
160  58.0  436
180  70.0  365
200  66.0  420
40  9.0  202
60  58.0  308
80  15.0  427
100  48.0  379
120  40.0  517
140  24.0  334
160  66.0  233
180  67.0  427
200  78.0  401
40  5.0  90
60  35.0  414
80  16.0  220
100  69.0  339
120  59.0  408
140  59.0  435
160  90.0  328
180  34.0  505
200  47.0  414
40  18.0  256
60  36.0  317
80  59.0  373
100  20.0  381
120  56.0  221
140  75.0  373
160  74.0  348
180  86.0  359
200  91.0  351
40  0.0  163
60  46.0  386
80  11.0  399
100  48.0  364
120  48.0  439
140  54.0  377
160  75.0  425
180  63.0  447
200  72.0  496
40  3.0  219
60  36.0  417
80  30.0  395
100  60.0  294
120  56.0  469
140  25.0  502
160  59.0  452
180  95.0  276
200  84.0  397
40  2.0  235
60  19.0  423
80  41.0  324
100  20.0  404
120  46.0  387
140  40.0  236
160  60.0  349
180  88.0  312
200  29.0  458
