1  80.0  306
2  18.0  340
3  41.0  406
4  40.0  259
5  28.0  349
6  27.0  351
7  66.0  398
1  49.0  455
2  45.0  348
3  32.0  286
4  46.0  504
5  21.0  480
6  67.0  381
7  28.0  353
1  62.0  443
2  44.0  580
3  39.0  387
4  50.0  521
5  47.0  393
6  35.0  419
7  72.0  319
1  32.0  512
2  31.0  295
3  20.0  349
4  53.0  320
5  59.0  460
6  43.0  390
7  22.0  568
1  57.0  415
2  58.0  334
3  66.0  381
4  33.0  397
5  50.0  413
6  51.0  415
7  29.0  442
1  26.0  309
2  67.0  373
3  52.0  339
4  50.0  489
5  45.0  394
6  33.0  343
7  59.0  420
1  65.0  453
2  53.0  376
3  37.0  424
4  55.0  313
5  52.0  407
6  25.0  521
7  28.0  423
1  48.0  330
2  44.0  383
3  75.0  372
4  50.0  403
5  17.0  328
6  35.0  246
7  60.0  374
1  30.0  435
2  67.0  291
3  57.0  389
4  44.0  411
5  39.0  335
6  31.0  475
7  43.0  324
1  18.0  614
2  47.0  450
3  34.0  484
4  43.0  490
5  44.0  415
6  25.0  382
7  43.0  384
1  65.0  354
2  95.0  249
3  39.0  406
4  40.0  447
5  42.0  348
6  58.0  393
7  42.0  401
1  15.0  202
2  34.0  535
3  15.0  172
4  26.0  403
5  50.0  317
6  51.0  408
7  48.0  512
1  58.0  393
2  75.0  322
3  39.0  556
4  50.0  402
5  54.0  407
6  71.0  409
7  26.0  379
1  77.0  360
2  30.0  360
3  44.0  374
4  17.0  358
5  39.0  427
6  45.0  492
7  53.0  388
1  43.0  250
2  40.0  450
3  63.0  442
4  66.0  394
5  30.0  265
6  38.0  425
7  44.0  344
1  62.0  378
2  47.0  545
3  27.0  306
4  45.0  450
5  29.0  298
6  46.0  531
7  35.0  437
1  39.0  307
2  59.0  472
3  49.0  418
4  38.0  399
5  42.0  300
6  50.0  420
7  28.0  429
1  62.0  553
2  43.0  356
3  76.0  338
4  37.0  306
5  48.0  342
6  35.0  576
7  25.0  401
1  57.0  480
2  97.0  235
3  34.0  352
4  74.0  340
5  44.0  412
6  57.0  443
7  26.0  431
1  48.0  564
2  62.0  385
3  76.0  374
4  46.0  510
5  55.0  332
6  48.0  480
7  33.0  322
1  70.0  391
2  72.0  319
3  30.0  468
4  67.0  278
5  47.0  523
6  21.0  429
7  34.0  514
1  15.0  522
2  84.0  324
3  33.0  261
4  36.0  408
5  58.0  355
6  53.0  482
7  59.0  472
1  23.0  278
2  47.0  293
3  62.0  415
4  47.0  380
5  63.0  322
6  57.0  427
7  16.0  446
1  18.0  591
2  65.0  425
3  63.0  364
4  70.0  317
5  77.0  348
6  53.0  344
7  50.0  456
1  43.0  434
2  46.0  418
3  41.0  464
4  25.0  312
5  39.0  323
6  62.0  458
7  73.0  322
1  28.0  536
2  29.0  433
3  58.0  400
4  57.0  358
5  53.0  418
6  58.0  429
7  32.0  331
1  54.0  431
2  66.0  396
3  41.0  398
4  50.0  452
5  30.0  415
6  73.0  407
7  24.0  367
1  21.0  530
2  32.0  393
3  11.0  429
4  40.0  677
5  51.0  419
6  56.0  253
7  32.0  441
1  41.0  402
2  20.0  277
3  43.0  446
4  25.0  295
5  62.0  391
6  47.0  460
7  45.0  451
1  16.0  419
2  41.0  307
3  41.0  256
4  46.0  420
5  54.0  380
6  17.0  263
7  24.0  468
1  74.0  397
2  27.0  286
3  78.0  386
4  41.0  420
5  39.0  433
6  64.0  458
7  55.0  391
1  6.0  154
2  61.0  320
3  34.0  582
4  59.0  466
5  47.0  412
6  29.0  320
7  44.0  383
1  5.0  174
2  19.0  189
3  37.0  543
4  50.0  407
5  51.0  349
6  23.0  503
7  71.0  334
1  50.0  484
2  41.0  354
3  47.0  581
4  54.0  345
5  49.0  245
6  24.0  453
7  65.0  282
1  34.0  264
2  24.0  581
3  65.0  361
4  25.0  598
5  63.0  358
6  58.0  406
7  13.0  394
1  56.0  477
2  60.0  385
3  59.0  408
4  50.0  446
5  23.0  375
6  43.0  254
7  36.0  466
1  15.0  378
2  9.0  268
3  44.0  358
4  69.0  420
5  63.0  429
6  23.0  355
7  40.0  512
1  50.0  327
2  32.0  363
3  33.0  411
4  60.0  469
5  53.0  306
6  44.0  375
7  19.0  419
1  68.0  384
2  43.0  395
3  46.0  461
4  59.0  490
5  22.0  553
6  41.0  567
7  44.0  363
1  73.0  349
2  25.0  529
3  76.0  331
4  25.0  362
5  43.0  434
6  32.0  492
7  35.0  466
1  43.0  544
2  40.0  541
3  73.0  369
4  18.0  325
5  43.0  395
6  36.0  282
7  45.0  508
1  18.0  498
2  49.0  367
3  62.0  445
4  35.0  454
5  39.0  422
6  36.0  302
7  39.0  452
1  56.0  525
2  53.0  358
3  44.0  348
4  51.0  371
5  52.0  318
6  41.0  188
7  36.0  313
1  70.0  382
2  66.0  360
3  73.0  376
4  54.0  378
5  22.0  413
6  60.0  328
7  54.0  395
1  22.0  336
2  55.0  414
3  61.0  314
4  58.0  303
5  44.0  369
6  54.0  595
7  48.0  349
1  34.0  364
2  63.0  297
3  53.0  466
4  4.0  481
5  33.0  326
6  36.0  434
7  24.0  331
1  71.0  354
2  33.0  319
3  45.0  458
4  21.0  418
5  47.0  449
6  20.0  324
7  16.0  381
1  67.0  352
2  28.0  410
3  47.0  323
4  55.0  381
5  35.0  339
6  21.0  328
7  46.0  432
1  53.0  381
2  51.0  340
3  35.0  236
4  51.0  497
5  48.0  536
6  46.0  398
7  70.0  381
1  45.0  509
2  27.0  300
3  69.0  334
4  35.0  525
5  39.0  344
6  53.0  394
7  7.0  361
1  48.0  342
2  71.0  339
3  69.0  447
4  73.0  329
5  53.0  511
6  41.0  254
7  50.0  455
1  34.0  397
2  49.0  471
3  53.0  347
4  46.0  455
5  29.0  461
6  16.0  343
7  48.0  380
1  53.0  456
2  35.0  280
3  65.0  258
4  45.0  521
5  55.0  356
6  47.0  424
7  13.0  466
1  10.0  209
2  77.0  268
3  16.0  360
4  54.0  349
5  49.0  386
6  38.0  390
7  44.0  541
1  45.0  257
2  67.0  347
3  39.0  487
4  37.0  394
5  39.0  386
6  33.0  426
7  55.0  440
1  38.0  336
2  40.0  347
3  29.0  412
4  49.0  379
5  45.0  390
6  65.0  473
7  45.0  589
1  43.0  379
2  19.0  205
3  49.0  458
4  64.0  397
5  30.0  503
6  70.0  332
7  42.0  412
1  72.0  410
2  30.0  400
3  48.0  308
4  71.0  362
5  70.0  336
6  55.0  425
7  34.0  552
1  52.0  237
2  66.0  486
3  49.0  303
4  33.0  433
5  35.0  383
6  48.0  396
7  56.0  467
1  49.0  425
2  34.0  440
3  47.0  320
4  44.0  420
5  41.0  386
6  57.0  430
7  29.0  583
1  75.0  335
2  41.0  470
3  47.0  449
4  67.0  283
5  41.0  207
6  69.0  379
7  37.0  587
1  68.0  371
2  27.0  301
3  27.0  593
4  20.0  276
5  33.0  384
6  38.0  386
7  23.0  567
1  69.0  382
2  35.0  448
3  43.0  268
4  16.0  321
5  56.0  451
6  56.0  491
7  68.0  356
1  17.0  382
2  29.0  284
3  67.0  356
4  33.0  517
5  61.0  345
6  39.0  492
7  21.0  400
1  59.0  412
2  35.0  410
3  52.0  462
4  57.0  344
5  53.0  433
6  35.0  613
7  38.0  370
1  23.0  319
2  61.0  280
3  22.0  301
4  44.0  347
5  20.0  632
6  23.0  346
7  37.0  378
1  32.0  463
2  36.0  433
3  59.0  389
4  23.0  449
5  39.0  455
6  35.0  444
7  62.0  520
1  51.0  451
2  65.0  436
3  36.0  432
4  48.0  393
5  39.0  228
6  75.0  388
7  58.0  412
1  35.0  573
2  80.0  372
3  45.0  432
4  31.0  407
5  52.0  424
6  48.0  326
7  26.0  493
1  65.0  479
2  57.0  401
3  45.0  367
4  49.0  364
5  29.0  442
6  14.0  390
7  43.0  598
1  31.0  375
2  33.0  347
3  54.0  321
4  55.0  327
5  55.0  459
6  58.0  462
7  32.0  483
1  15.0  556
2  76.0  313
3  63.0  383
4  38.0  563
5  32.0  456
6  44.0  501
7  51.0  551
1  69.0  344
2  19.0  291
3  45.0  509
4  49.0  506
5  34.0  376
6  39.0  388
7  73.0  379
1  30.0  402
2  12.0  248
3  38.0  459
4  61.0  353
5  31.0  402
6  55.0  450
7  38.0  474
1  51.0  406
2  22.0  447
3  74.0  335
4  49.0  363
5  35.0  297
6  13.0  344
7  27.0  383
1  58.0  295
2  67.0  385
3  81.0  306
4  45.0  465
5  77.0  336
6  30.0  423
7  31.0  463
1  64.0  365
2  16.0  192
3  19.0  297
4  24.0  452
5  41.0  471
6  56.0  408
7  31.0  419
1  59.0  263
2  51.0  432
3  38.0  346
4  28.0  484
5  39.0  311
6  49.0  446
7  46.0  408
1  91.0  272
2  51.0  417
3  47.0  374
4  51.0  495
5  28.0  262
6  14.0  467
7  45.0  312
1  31.0  451
2  72.0  404
3  33.0  345
4  15.0  431
5  29.0  403
6  41.0  551
7  60.0  420
1  67.0  406
2  25.0  348
3  86.0  299
4  74.0  325
5  58.0  367
6  55.0  432
7  54.0  390
1  67.0  434
2  46.0  305
3  53.0  409
4  29.0  391
5  45.0  285
6  45.0  342
7  39.0  436
1  57.0  602
2  60.0  429
3  61.0  269
4  49.0  416
5  28.0  358
6  53.0  417
7  19.0  451
1  33.0  331
2  32.0  583
3  41.0  387
4  34.0  326
5  38.0  288
6  36.0  434
7  27.0  522
1  35.0  391
2  95.0  246
3  32.0  401
4  28.0  460
5  60.0  508
6  38.0  397
7  61.0  410
1  51.0  365
2  52.0  254
3  23.0  339
4  50.0  315
5  44.0  330
6  36.0  486
7  39.0  413
1  57.0  357
2  60.0  310
3  64.0  416
4  72.0  300
5  36.0  401
6  40.0  358
7  29.0  381
1  4.0  220
2  61.0  349
3  92.0  244
4  39.0  502
5  51.0  480
6  43.0  416
7  0.0  284
1  42.0  416
2  20.0  221
3  27.0  464
4  38.0  401
5  79.0  300
6  71.0  362
7  30.0  423
1  66.0  410
2  31.0  306
3  64.0  260
4  54.0  444
5  62.0  327
6  65.0  450
7  44.0  465
1  48.0  355
2  34.0  442
3  25.0  379
4  28.0  409
5  62.0  413
6  26.0  444
7  29.0  416
1  54.0  293
2  39.0  271
3  41.0  416
4  29.0  456
5  54.0  396
6  25.0  373
7  59.0  523
1  66.0  464
2  73.0  350
3  35.0  405
4  45.0  571
5  58.0  432
6  48.0  346
7  49.0  560
1  32.0  557
2  74.0  411
3  24.0  454
4  34.0  459
5  36.0  447
6  32.0  411
7  37.0  421
1  64.0  332
2  52.0  318
3  46.0  494
4  49.0  470
5  59.0  405
6  25.0  422
7  50.0  424
1  59.0  511
2  37.0  312
3  59.0  385
4  39.0  315
5  28.0  511
6  37.0  381
7  46.0  459
1  42.0  415
2  56.0  430
3  20.0  317
4  40.0  363
5  36.0  380
6  22.0  473
7  44.0  422
1  61.0  413
2  30.0  557
3  43.0  450
4  32.0  400
5  54.0  435
6  45.0  359
7  27.0  407
1  63.0  328
2  44.0  430
3  58.0  439
4  66.0  266
5  47.0  472
6  40.0  557
7  12.0  396
1  69.0  239
2  41.0  428
3  14.0  468
4  39.0  517
5  66.0  351
6  25.0  467
7  48.0  416
