1  876.0  39829.0
1  850.0  47572.0
1  870.0  41633.0
1  840.0  50552.0
1  960.0  14885.0
1  712.0  88582.0
1  784.0  67172.0
1  881.0  38374.0
1  756.0  75480.0
1  942.0  20260.0
1  966.0  13196.0
1  809.0  59805.0
1  876.0  39832.0
1  833.0  52666.0
1  845.0  49065.0
1  996.0  4313.0
1  688.0  95714.0
1  947.0  18750.0
1  826.0  54696.0
1  907.0  30672.0
2  835.0  52040.0
2  815.0  57977.0
2  567.0  131629.0
2  570.0  130749.0
2  694.0  93915.0
2  796.0  63656.0
2  961.0  14592.0
2  791.0  65150.0
2  880.0  38650.0
2  862.0  44022.0
2  784.0  67155.0
2  915.0  28257.0
2  827.0  54398.0
2  718.0  86790.0
2  761.0  74118.0
2  862.0  44028.0
2  674.0  99824.0
2  845.0  49121.0
2  880.0  38711.0
2  823.0  55595.0
3  791.0  65113.0
3  704.0  90919.0
3  797.0  63309.0
3  858.0  45177.0
3  804.0  61223.0
3  382.0  186564.0
3  799.0  62702.0
3  541.0  139364.0
3  537.0  140520.0
3  654.0  105791.0
3  993.0  5088.0
3  730.0  83272.0
3  727.0  84085.0
3  416.0  176452.0
3  769.0  71628.0
3  689.0  95393.0
3  480.0  157476.0
3  557.0  134590.0
3  679.0  98339.0
3  787.0  66268.0
4  569.0  131018.0
4  684.0  96864.0
4  578.0  128343.0
4  738.0  80823.0
4  642.0  109389.0
4  639.0  110225.0
4  830.0  53495.0
4  628.0  113503.0
4  866.0  42800.0
4  757.0  75200.0
4  584.0  126555.0
4  778.0  68957.0
4  894.0  34488.0
4  707.0  90036.0
4  781.0  68048.0
4  699.0  92482.0
4  810.0  59436.0
4  739.0  80533.0
4  506.0  150015.0
4  851.0  47254.0
5  668.0  101640.0
5  734.0  82022.0
5  429.0  172598.0
5  651.0  106666.0
5  515.0  147058.0
5  496.0  152695.0
5  544.0  138446.0
5  182.0  245947.0
5  409.0  178543.0
5  747.0  78154.0
5  529.0  142892.0
5  784.0  67173.0
5  568.0  131309.0
5  843.0  49631.0
5  693.0  94200.0
5  540.0  139638.0
5  548.0  137259.0
5  558.0  134286.0
5  769.0  71695.0
5  713.0  88254.0
