0  8.0  9224.0
0  17.0  8354.0
0  5.0  9515.0
0  24.0  7672.0
0  38.0  6315.0
0  0.0  10000.0
0  10.0  9031.0
0  88.0  1465.0
0  0.0  10000.0
0  27.0  7381.0
0  23.0  7770.0
0  4.0  9612.0
0  15.0  8546.0
0  0.0  10000.0
0  33.0  6799.0
0  13.0  8739.0
0  0.0  10000.0
0  29.0  7187.0
0  0.0  10000.0
0  16.0  8450.0
0  0.0  10000.0
0  14.0  8642.0
0  6.0  9418.0
0  40.0  6120.0
0  23.0  7826.0
0  26.0  7478.0
0  12.0  8836.0
0  40.0  6124.0
0  61.0  4083.0
0  21.0  7963.0
0  18.0  8254.0
0  23.0  7769.0
0  68.0  3406.0
0  21.0  7963.0
0  32.0  6897.0
0  14.0  8643.0
0  21.0  7963.0
0  20.0  8061.0
0  25.0  7577.0
0  8.0  9224.0
0  3.0  9709.0
0  9.0  9127.0
0  0.0  10000.0
0  30.0  7090.0
0  0.0  10000.0
0  0.0  10000.0
0  11.0  8935.0
0  14.0  8643.0
0  5.0  9515.0
0  47.0  5441.0
0  78.0  2438.0
0  40.0  6120.0
0  19.0  8157.0
0  34.0  6703.0
0  14.0  8642.0
0  5.0  9515.0
0  49.0  5248.0
0  52.0  4957.0
0  10.0  9030.0
0  25.0  7578.0
0  28.0  7284.0
0  7.0  9321.0
0  25.0  7575.0
0  12.0  8836.0
0  12.0  8836.0
0  10.0  9033.0
0  23.0  7783.0
0  12.0  8836.0
0  5.0  9515.0
0  51.0  5056.0
0  32.0  6896.0
0  5.0  9515.0
0  36.0  6510.0
0  17.0  8354.0
0  5.0  9515.0
0  23.0  7769.0
0  3.0  9709.0
0  8.0  9224.0
0  7.0  9322.0
0  21.0  7965.0
0  3.0  9709.0
0  68.0  3406.0
0  36.0  6509.0
0  40.0  6126.0
0  26.0  7478.0
0  6.0  9418.0
0  20.0  8061.0
0  0.0  10000.0
0  16.0  8448.0
0  3.0  9709.0
0  9.0  9129.0
0  9.0  9127.0
0  28.0  7284.0
0  13.0  8744.0
0  17.0  8351.0
0  6.0  9420.0
0  2.0  9806.0
0  2.0  9806.0
0  25.0  7576.0
0  0.0  10000.0
1  44.0  5732.0
1  64.0  3793.0
1  48.0  5345.0
1  4.0  9612.0
1  19.0  8158.0
1  29.0  7188.0
1  37.0  6398.0
1  20.0  8060.0
1  69.0  3307.0
1  23.0  7767.0
1  16.0  8449.0
1  50.0  5159.0
1  14.0  8642.0
1  0.0  10000.0
1  23.0  7769.0
1  25.0  7571.0
1  29.0  7165.0
1  62.0  3928.0
1  26.0  7478.0
1  42.0  5927.0
1  73.0  2856.0
1  13.0  8732.0
1  38.0  6314.0
1  12.0  8836.0
1  0.0  10000.0
1  3.0  9709.0
1  0.0  10000.0
1  24.0  7674.0
1  0.0  10000.0
1  22.0  7866.0
1  28.0  7285.0
1  23.0  7758.0
1  0.0  10000.0
1  70.0  3143.0
1  37.0  6411.0
1  21.0  7965.0
1  14.0  8642.0
1  20.0  8052.0
1  10.0  9031.0
1  43.0  5802.0
1  6.0  9418.0
1  1.0  9903.0
1  50.0  5156.0
1  26.0  7478.0
1  22.0  7867.0
1  29.0  7188.0
1  11.0  8933.0
1  0.0  10000.0
1  9.0  9127.0
1  15.0  8545.0
1  54.0  4710.0
1  0.0  10000.0
1  41.0  6023.0
1  0.0  10000.0
1  9.0  9127.0
1  5.0  9515.0
1  26.0  7452.0
1  26.0  7478.0
1  2.0  9806.0
1  4.0  9612.0
1  2.0  9806.0
1  8.0  9224.0
1  9.0  9118.0
1  25.0  7577.0
1  10.0  9030.0
1  29.0  7187.0
1  10.0  9024.0
1  22.0  7869.0
1  18.0  8254.0
1  0.0  10000.0
1  9.0  9127.0
1  31.0  6994.0
1  24.0  7670.0
1  5.0  9515.0
1  20.0  8061.0
1  23.0  7771.0
1  32.0  6897.0
1  23.0  7770.0
1  29.0  7195.0
1  25.0  7576.0
1  49.0  5216.0
1  25.0  7553.0
1  65.0  3699.0
1  0.0  10000.0
1  25.0  7579.0
1  26.0  7469.0
1  71.0  3043.0
1  9.0  9128.0
1  31.0  6996.0
1  36.0  6509.0
1  43.0  5835.0
1  0.0  10000.0
1  47.0  5444.0
1  8.0  9225.0
1  21.0  7964.0
1  0.0  10000.0
1  45.0  5618.0
1  33.0  6806.0
1  11.0  8933.0
1  10.0  9030.0
2  56.0  4567.0
2  22.0  7884.0
2  0.0  10000.0
2  27.0  7382.0
2  3.0  9709.0
2  5.0  9514.0
2  30.0  7080.0
2  21.0  7964.0
2  28.0  7256.0
2  27.0  7382.0
2  22.0  7872.0
2  16.0  8448.0
2  0.0  10000.0
2  0.0  10000.0
2  0.0  10000.0
2  0.0  10000.0
2  43.0  5820.0
2  31.0  6993.0
2  4.0  9612.0
2  28.0  7289.0
2  24.0  7656.0
2  10.0  9031.0
2  13.0  8743.0
2  43.0  5830.0
2  0.0  10000.0
2  30.0  7061.0
2  42.0  5928.0
2  0.0  10000.0
2  18.0  8246.0
2  0.0  10000.0
2  6.0  9418.0
2  13.0  8739.0
2  19.0  8161.0
2  26.0  7478.0
2  40.0  6120.0
2  30.0  7090.0
2  30.0  7090.0
2  21.0  7962.0
2  61.0  4021.0
2  29.0  7166.0
2  24.0  7673.0
2  24.0  7675.0
2  49.0  5208.0
2  8.0  9220.0
2  10.0  9031.0
2  25.0  7577.0
2  47.0  5384.0
2  9.0  9127.0
2  40.0  6111.0
2  0.0  10000.0
2  52.0  4960.0
2  100.0  300.0
2  7.0  9321.0
2  7.0  9321.0
2  30.0  7090.0
2  53.0  4760.0
2  34.0  6674.0
2  35.0  6608.0
2  68.0  3346.0
2  36.0  6508.0
2  26.0  7454.0
2  37.0  6406.0
2  0.0  10000.0
2  15.0  8545.0
2  13.0  8743.0
2  39.0  6194.0
2  62.0  3900.0
2  2.0  9807.0
2  0.0  10000.0
2  28.0  7276.0
2  40.0  6130.0
2  15.0  8545.0
2  0.0  10000.0
2  22.0  7866.0
2  14.0  8642.0
2  73.0  2788.0
2  59.0  4190.0
2  5.0  9510.0
2  25.0  7563.0
2  94.0  789.0
2  10.0  9031.0
2  21.0  7963.0
2  63.0  3889.0
2  11.0  8933.0
2  34.0  6703.0
2  38.0  6318.0
2  9.0  9127.0
2  39.0  6205.0
2  72.0  2949.0
2  0.0  10000.0
2  18.0  8247.0
2  28.0  7279.0
2  55.0  4615.0
2  70.0  3213.0
2  40.0  6121.0
2  24.0  7672.0
2  14.0  8642.0
2  38.0  6294.0
2  26.0  7478.0
2  47.0  5446.0
3  17.0  8344.0
3  7.0  9318.0
3  45.0  5595.0
3  5.0  9516.0
3  25.0  7575.0
3  53.0  4817.0
3  0.0  10000.0
3  30.0  7086.0
3  62.0  3951.0
3  44.0  5695.0
3  41.0  6000.0
3  45.0  5591.0
3  36.0  6499.0
3  0.0  10000.0
3  38.0  6296.0
3  17.0  8351.0
3  42.0  5927.0
3  15.0  8545.0
3  10.0  9030.0
3  0.0  10000.0
3  27.0  7354.0
3  20.0  8055.0
3  15.0  8545.0
3  6.0  9412.0
3  16.0  8444.0
3  37.0  6375.0
3  21.0  7957.0
3  64.0  3680.0
3  11.0  8933.0
3  29.0  7187.0
3  0.0  10000.0
3  0.0  10000.0
3  0.0  10000.0
3  54.0  4763.0
3  11.0  8935.0
3  18.0  8256.0
3  100.0  101.0
3  0.0  10000.0
3  12.0  8836.0
3  11.0  8934.0
3  100.0  170.0
3  0.0  10000.0
3  55.0  4618.0
3  49.0  5247.0
3  38.0  6303.0
3  44.0  5697.0
3  18.0  8254.0
3  15.0  8543.0
3  7.0  9324.0
3  19.0  8157.0
3  27.0  7384.0
3  29.0  7172.0
3  8.0  9224.0
3  1.0  9903.0
3  31.0  6994.0
3  43.0  5829.0
3  100.0  200.0
3  92.0  995.0
3  0.0  10000.0
3  1.0  9904.0
3  30.0  7090.0
3  30.0  7060.0
3  26.0  7481.0
3  21.0  7954.0
3  1.0  9903.0
3  32.0  6889.0
3  0.0  10000.0
3  0.0  10000.0
3  62.0  3925.0
3  15.0  8546.0
3  10.0  9031.0
3  0.0  10000.0
3  15.0  8545.0
3  9.0  9127.0
3  0.0  10000.0
3  0.0  10000.0
3  59.0  4245.0
3  29.0  7159.0
3  2.0  9806.0
3  49.0  5238.0
3  3.0  9709.0
3  0.0  10000.0
3  38.0  6298.0
3  6.0  9418.0
3  15.0  8540.0
3  30.0  7090.0
3  6.0  9412.0
3  25.0  7564.0
3  14.0  8644.0
3  44.0  5694.0
3  5.0  9515.0
3  42.0  5865.0
3  68.0  3439.0
3  12.0  8836.0
3  32.0  6896.0
3  54.0  4660.0
3  2.0  9807.0
3  5.0  9515.0
3  8.0  9224.0
3  2.0  9807.0
4  31.0  6993.0
4  16.0  8448.0
4  19.0  8148.0
4  26.0  7428.0
4  52.0  4908.0
4  61.0  4030.0
4  12.0  8836.0
4  21.0  7942.0
4  6.0  9419.0
4  57.0  4404.0
4  59.0  4207.0
4  27.0  7380.0
4  32.0  6864.0
4  7.0  9314.0
4  17.0  8351.0
4  83.0  1769.0
4  5.0  9515.0
4  28.0  7272.0
4  23.0  7744.0
4  23.0  7772.0
4  0.0  10000.0
4  20.0  8054.0
4  68.0  3391.0
4  10.0  9030.0
4  38.0  6315.0
4  28.0  7262.0
4  30.0  7051.0
4  35.0  6605.0
4  41.0  6023.0
4  13.0  8739.0
4  29.0  7183.0
4  14.0  8642.0
4  35.0  6606.0
4  6.0  9415.0
4  16.0  8448.0
4  5.0  9512.0
4  30.0  7091.0
4  77.0  2427.0
4  0.0  10000.0
4  31.0  6964.0
4  70.0  3149.0
4  12.0  8836.0
4  0.0  10000.0
4  28.0  7277.0
4  53.0  4854.0
4  24.0  7660.0
4  83.0  1866.0
4  0.0  10000.0
4  14.0  8642.0
4  23.0  7775.0
4  15.0  8545.0
4  35.0  6576.0
4  36.0  6479.0
4  90.0  1187.0
4  17.0  8344.0
4  10.0  9030.0
4  68.0  3312.0
4  65.0  3605.0
4  8.0  9224.0
4  0.0  10000.0
4  0.0  10000.0
4  23.0  7770.0
4  18.0  8257.0
4  7.0  9322.0
4  93.0  886.0
4  46.0  5513.0
4  21.0  7944.0
4  50.0  5150.0
4  17.0  8349.0
4  4.0  9612.0
4  26.0  7457.0
4  19.0  8138.0
4  20.0  8059.0
4  23.0  7764.0
4  0.0  10000.0
4  30.0  7090.0
4  55.0  4657.0
4  35.0  6587.0
4  0.0  10000.0
4  64.0  3675.0
4  38.0  6286.0
4  10.0  9030.0
4  4.0  9612.0
4  41.0  5995.0
4  12.0  8835.0
4  49.0  5162.0
4  8.0  9218.0
4  25.0  7556.0
4  39.0  6221.0
4  100.0  131.0
4  34.0  6671.0
4  19.0  8138.0
4  70.0  3152.0
4  34.0  6661.0
4  46.0  5497.0
4  16.0  8448.0
4  17.0  8351.0
4  7.0  9314.0
4  22.0  7832.0
4  12.0  8836.0
5  19.0  8158.0
5  27.0  7351.0
5  28.0  7228.0
5  42.0  5887.0
5  33.0  6782.0
5  8.0  9220.0
5  99.0  302.0
5  71.0  3059.0
5  100.0  18.0
5  24.0  7672.0
5  53.0  4830.0
5  46.0  5506.0
5  22.0  7856.0
5  11.0  8921.0
5  12.0  8836.0
5  19.0  8155.0
5  40.0  6084.0
5  47.0  5408.0
5  18.0  8258.0
5  11.0  8936.0
5  35.0  6606.0
5  21.0  7961.0
5  18.0  8253.0
5  16.0  8421.0
5  47.0  5441.0
5  71.0  2986.0
5  0.0  10000.0
5  85.0  1586.0
5  32.0  6838.0
5  0.0  10000.0
5  0.0  10000.0
5  47.0  5419.0
5  0.0  10000.0
5  59.0  4169.0
5  62.0  3831.0
5  53.0  4865.0
5  4.0  9610.0
5  37.0  6388.0
5  37.0  6314.0
5  12.0  8834.0
5  41.0  6019.0
5  52.0  4912.0
5  74.0  2625.0
5  8.0  9216.0
5  73.0  2920.0
5  24.0  7672.0
5  25.0  7567.0
5  86.0  1448.0
5  0.0  10000.0
5  43.0  5805.0
5  56.0  4523.0
5  0.0  10000.0
5  2.0  9807.0
5  40.0  6081.0
5  37.0  6411.0
5  16.0  8448.0
5  85.0  1544.0
5  31.0  6994.0
5  47.0  5403.0
5  78.0  2212.0
5  50.0  5068.0
5  22.0  7845.0
5  80.0  2167.0
5  94.0  754.0
5  29.0  7174.0
5  25.0  7566.0
5  31.0  6958.0
5  37.0  6412.0
5  79.0  2264.0
5  53.0  4754.0
5  0.0  10000.0
5  0.0  10000.0
5  37.0  6380.0
5  18.0  8244.0
5  12.0  8836.0
5  55.0  4601.0
5  60.0  4088.0
5  80.0  2065.0
5  5.0  9515.0
5  37.0  6371.0
5  100.0  77.0
5  82.0  1941.0
5  41.0  5978.0
5  69.0  3186.0
5  32.0  6906.0
5  49.0  5229.0
5  84.0  1856.0
5  34.0  6648.0
5  15.0  8546.0
5  60.0  4120.0
5  0.0  10000.0
5  16.0  8446.0
5  87.0  1348.0
5  36.0  6511.0
5  66.0  3596.0
5  12.0  8837.0
5  18.0  8250.0
5  9.0  9124.0
5  56.0  4468.0
5  58.0  4301.0
6  29.0  7159.0
6  53.0  4781.0
6  38.0  6298.0
6  88.0  1279.0
6  0.0  10000.0
6  51.0  5028.0
6  10.0  9030.0
6  16.0  8442.0
6  29.0  7158.0
6  40.0  6120.0
6  24.0  7655.0
6  11.0  8934.0
6  100.0  220.0
6  95.0  570.0
6  84.0  1684.0
6  42.0  5904.0
6  15.0  8545.0
6  41.0  5982.0
6  20.0  8060.0
6  48.0  5283.0
6  25.0  7552.0
6  49.0  5200.0
6  0.0  10000.0
6  47.0  5397.0
6  88.0  1393.0
6  29.0  7135.0
6  18.0  8213.0
6  27.0  7382.0
6  79.0  2125.0
6  14.0  8612.0
6  49.0  5165.0
6  16.0  8444.0
6  15.0  8531.0
6  36.0  6513.0
6  39.0  6217.0
6  7.0  9321.0
6  64.0  3680.0
6  59.0  4238.0
6  54.0  4618.0
6  18.0  8272.0
6  28.0  7258.0
6  64.0  3662.0
6  33.0  6784.0
6  88.0  1305.0
6  2.0  9807.0
6  31.0  6972.0
6  2.0  9807.0
6  22.0  7856.0
6  39.0  6186.0
6  53.0  4861.0
6  100.0  207.0
6  91.0  992.0
6  62.0  3893.0
6  30.0  7085.0
6  67.0  3487.0
6  15.0  8559.0
6  30.0  7064.0
6  100.0  300.0
6  9.0  9118.0
6  15.0  8545.0
6  33.0  6787.0
6  40.0  6056.0
6  24.0  7659.0
6  57.0  4429.0
6  17.0  8321.0
6  18.0  8243.0
6  14.0  8642.0
6  11.0  8911.0
6  0.0  10000.0
6  46.0  5493.0
6  28.0  7284.0
6  32.0  6852.0
6  39.0  6210.0
6  38.0  6315.0
6  100.0  114.0
6  29.0  7178.0
6  27.0  7364.0
6  69.0  3202.0
6  44.0  5669.0
6  33.0  6795.0
6  81.0  1985.0
6  0.0  10000.0
6  39.0  6196.0
6  44.0  5673.0
6  64.0  3729.0
6  58.0  4229.0
6  18.0  8256.0
6  49.0  5223.0
6  0.0  10000.0
6  43.0  5787.0
6  35.0  6570.0
6  52.0  4889.0
6  46.0  5511.0
6  26.0  7459.0
6  37.0  6396.0
6  63.0  3830.0
6  33.0  6774.0
6  15.0  8542.0
6  15.0  8532.0
6  46.0  5497.0
7  39.0  6147.0
7  80.0  2145.0
7  44.0  5686.0
7  46.0  5463.0
7  39.0  6196.0
7  30.0  7055.0
7  14.0  8629.0
7  27.0  7317.0
7  46.0  5494.0
7  0.0  10000.0
7  46.0  5493.0
7  5.0  9521.0
7  34.0  6702.0
7  23.0  7770.0
7  2.0  9806.0
7  49.0  5182.0
7  26.0  7473.0
7  33.0  6799.0
7  10.0  9031.0
7  34.0  6648.0
7  40.0  6075.0
7  28.0  7257.0
7  0.0  10000.0
7  39.0  6194.0
7  11.0  8934.0
7  24.0  7660.0
7  16.0  8443.0
7  88.0  1305.0
7  36.0  6476.0
7  52.0  4904.0
7  42.0  5844.0
7  83.0  1869.0
7  43.0  5772.0
7  44.0  5685.0
7  35.0  6568.0
7  41.0  5992.0
7  16.0  8438.0
7  7.0  9322.0
7  6.0  9418.0
7  18.0  8236.0
7  3.0  9709.0
7  17.0  8353.0
7  50.0  5114.0
7  7.0  9321.0
7  17.0  8352.0
7  29.0  7181.0
7  29.0  7158.0
7  35.0  6607.0
7  15.0  8537.0
7  46.0  5461.0
7  42.0  5877.0
7  14.0  8627.0
7  28.0  7255.0
7  29.0  7119.0
7  17.0  8357.0
7  5.0  9515.0
7  10.0  9023.0
7  47.0  5424.0
7  100.0  8.0
7  16.0  8443.0
7  0.0  10000.0
7  74.0  2679.0
7  62.0  3925.0
7  39.0  6208.0
7  1.0  9903.0
7  48.0  5307.0
7  14.0  8635.0
7  5.0  9514.0
7  65.0  3587.0
7  74.0  2749.0
7  15.0  8537.0
7  51.0  4991.0
7  70.0  3059.0
7  15.0  8545.0
7  91.0  1082.0
7  39.0  6153.0
7  20.0  8060.0
7  23.0  7769.0
7  44.0  5658.0
7  12.0  8837.0
7  77.0  2333.0
7  20.0  8063.0
7  16.0  8438.0
7  22.0  7855.0
7  70.0  3212.0
7  24.0  7665.0
7  69.0  3110.0
7  45.0  5605.0
7  11.0  8929.0
7  19.0  8157.0
7  34.0  6643.0
7  47.0  5355.0
7  8.0  9224.0
7  83.0  1810.0
7  77.0  2415.0
7  0.0  10000.0
7  99.0  203.0
7  17.0  8336.0
7  32.0  6879.0
7  35.0  6569.0
8  86.0  1490.0
8  100.0  112.0
8  59.0  4212.0
8  5.0  9515.0
8  42.0  5827.0
8  26.0  7481.0
8  35.0  6518.0
8  20.0  8049.0
8  43.0  5799.0
8  16.0  8422.0
8  12.0  8832.0
8  66.0  3552.0
8  0.0  10000.0
8  4.0  9608.0
8  13.0  8739.0
8  0.0  10000.0
8  86.0  1420.0
8  50.0  5133.0
8  86.0  1662.0
8  3.0  9709.0
8  5.0  9514.0
8  70.0  3067.0
8  48.0  5288.0
8  57.0  4368.0
8  20.0  8060.0
8  24.0  7658.0
8  92.0  810.0
8  0.0  10000.0
8  35.0  6586.0
8  27.0  7377.0
8  67.0  3368.0
8  0.0  10000.0
8  40.0  6094.0
8  62.0  3863.0
8  0.0  10000.0
8  100.0  300.0
8  92.0  830.0
8  34.0  6655.0
8  0.0  10000.0
8  79.0  2158.0
8  13.0  8734.0
8  16.0  8440.0
8  8.0  9213.0
8  50.0  5101.0
8  46.0  5448.0
8  84.0  1777.0
8  82.0  1850.0
8  92.0  846.0
8  39.0  6168.0
8  14.0  8628.0
8  69.0  3149.0
8  81.0  1918.0
8  61.0  3962.0
8  76.0  2481.0
8  92.0  866.0
8  41.0  5965.0
8  47.0  5437.0
8  44.0  5689.0
8  44.0  5694.0
8  36.0  6498.0
8  66.0  3477.0
8  44.0  5666.0
8  43.0  5770.0
8  20.0  8025.0
8  2.0  9806.0
8  48.0  5312.0
8  38.0  6290.0
8  10.0  9028.0
8  32.0  6883.0
8  39.0  6191.0
8  64.0  3675.0
8  9.0  9127.0
8  68.0  3346.0
8  41.0  5963.0
8  72.0  2955.0
8  34.0  6678.0
8  18.0  8254.0
8  50.0  5107.0
8  53.0  4772.0
8  0.0  10000.0
8  80.0  2011.0
8  0.0  10000.0
8  43.0  5810.0
8  55.0  4573.0
8  66.0  3401.0
8  25.0  7636.0
8  37.0  6392.0
8  91.0  968.0
8  3.0  9706.0
8  29.0  7162.0
8  22.0  7845.0
8  23.0  7746.0
8  61.0  3975.0
8  76.0  2476.0
8  26.0  7438.0
8  28.0  7238.0
8  37.0  6395.0
8  12.0  8827.0
8  69.0  3239.0
8  54.0  4762.0
9  58.0  4258.0
9  32.0  6870.0
9  60.0  4174.0
9  58.0  4307.0
9  38.0  6292.0
9  66.0  3536.0
9  8.0  9280.0
9  44.0  5669.0
9  61.0  3992.0
9  57.0  4440.0
9  6.0  9413.0
9  86.0  1572.0
9  70.0  3097.0
9  53.0  4764.0
9  30.0  7085.0
9  31.0  6982.0
9  100.0  44.0
9  33.0  6736.0
9  9.0  9120.0
9  39.0  6139.0
9  22.0  7828.0
9  33.0  6776.0
9  63.0  3756.0
9  21.0  7947.0
9  49.0  5201.0
9  66.0  3436.0
9  55.0  4589.0
9  51.0  5056.0
9  45.0  5602.0
9  39.0  6136.0
9  54.0  4600.0
9  71.0  3022.0
9  45.0  5573.0
9  39.0  6118.0
9  59.0  4236.0
9  36.0  6439.0
9  29.0  7187.0
9  14.0  8628.0
9  50.0  5091.0
9  43.0  5751.0
9  73.0  2721.0
9  3.0  9706.0
9  50.0  5099.0
9  29.0  7169.0
9  27.0  7361.0
9  61.0  4026.0
9  31.0  6944.0
9  63.0  3800.0
9  81.0  1923.0
9  58.0  4309.0
9  17.0  8334.0
9  24.0  7648.0
9  44.0  5704.0
9  49.0  5203.0
9  34.0  6685.0
9  47.0  5363.0
9  92.0  894.0
9  58.0  4326.0
9  44.0  5700.0
9  51.0  5005.0
9  23.0  7774.0
9  36.0  6436.0
9  52.0  4905.0
9  47.0  5374.0
9  77.0  2373.0
9  51.0  4957.0
9  47.0  5387.0
9  37.0  6383.0
9  60.0  4229.0
9  29.0  7188.0
9  67.0  3392.0
9  26.0  7462.0
9  34.0  6669.0
9  44.0  5670.0
9  58.0  4322.0
9  9.0  9122.0
9  35.0  6602.0
9  60.0  4059.0
9  57.0  4371.0
9  35.0  6579.0
9  43.0  5794.0
9  24.0  7653.0
9  45.0  5577.0
9  55.0  4541.0
9  25.0  7551.0
9  86.0  1572.0
9  15.0  8533.0
9  41.0  5951.0
9  18.0  8240.0
9  54.0  4663.0
9  78.0  2358.0
9  63.0  3802.0
9  71.0  3119.0
9  0.0  10000.0
9  53.0  4792.0
9  37.0  6360.0
9  18.0  8254.0
9  21.0  7948.0
9  48.0  5274.0
9  13.0  8732.0
10  24.0  7673.0
10  65.0  3554.0
10  10.0  9025.0
10  68.0  3335.0
10  60.0  4084.0
10  69.0  3106.0
10  0.0  10000.0
10  68.0  3306.0
10  61.0  4027.0
10  80.0  2166.0
10  76.0  2433.0
10  7.0  9321.0
10  57.0  4336.0
10  24.0  7625.0
10  53.0  4745.0
10  54.0  4666.0
10  43.0  5831.0
10  76.0  2443.0
10  0.0  10000.0
10  71.0  2982.0
10  73.0  2846.0
10  37.0  6384.0
10  31.0  6963.0
10  25.0  7553.0
10  72.0  2826.0
10  73.0  2791.0
10  66.0  3485.0
10  32.0  6881.0
10  41.0  5981.0
10  33.0  6757.0
10  56.0  4469.0
10  71.0  2925.0
10  26.0  7478.0
10  32.0  6882.0
10  42.0  5869.0
10  48.0  5252.0
10  4.0  9612.0
10  26.0  7478.0
10  17.0  8338.0
10  16.0  8448.0
10  48.0  5273.0
10  62.0  3924.0
10  68.0  3304.0
10  42.0  5901.0
10  68.0  3299.0
10  33.0  6779.0
10  67.0  3311.0
10  35.0  6553.0
10  49.0  5232.0
10  14.0  8628.0
10  44.0  5677.0
10  10.0  9020.0
10  46.0  5496.0
10  88.0  1250.0
10  97.0  340.0
10  74.0  2776.0
10  49.0  5145.0
10  12.0  8836.0
10  35.0  6575.0
10  53.0  4814.0
10  58.0  4377.0
10  44.0  5681.0
10  67.0  3435.0
10  58.0  4233.0
10  41.0  5958.0
10  38.0  6270.0
10  4.0  9610.0
10  79.0  2113.0
10  55.0  4555.0
10  38.0  6282.0
10  84.0  1644.0
10  26.0  7428.0
10  100.0  14.0
10  31.0  6947.0
10  41.0  5996.0
10  67.0  3335.0
10  73.0  2736.0
10  51.0  4992.0
10  33.0  6776.0
10  17.0  8318.0
10  32.0  6884.0
10  13.0  8727.0
10  88.0  1531.0
10  25.0  7577.0
10  61.0  3972.0
10  46.0  5540.0
10  8.0  9223.0
10  52.0  4852.0
10  39.0  6178.0
10  61.0  3943.0
10  64.0  3632.0
10  53.0  4752.0
10  49.0  5197.0
10  85.0  1652.0
10  76.0  2410.0
10  95.0  545.0
10  42.0  5888.0
10  72.0  2933.0
10  53.0  4803.0
10  53.0  4785.0
11  77.0  2527.0
11  28.0  7252.0
11  43.0  5791.0
11  23.0  7746.0
11  69.0  3161.0
11  25.0  7554.0
11  44.0  5654.0
11  98.0  234.0
11  0.0  10000.0
11  51.0  5017.0
11  6.0  9410.0
11  34.0  6693.0
11  86.0  1455.0
11  74.0  2756.0
11  50.0  5031.0
11  99.0  199.0
11  27.0  7381.0
11  57.0  4383.0
11  25.0  7529.0
11  42.0  5854.0
11  45.0  5607.0
11  0.0  10000.0
11  62.0  3889.0
11  97.0  413.0
11  5.0  9505.0
11  64.0  3728.0
11  60.0  4126.0
11  25.0  7539.0
11  25.0  7542.0
11  62.0  3843.0
11  58.0  4317.0
11  41.0  5968.0
11  46.0  5492.0
11  50.0  5103.0
11  40.0  6062.0
11  48.0  5237.0
11  37.0  6397.0
11  10.0  9026.0
11  33.0  6791.0
11  52.0  4887.0
11  26.0  7455.0
11  71.0  2922.0
11  32.0  6898.0
11  37.0  6335.0
11  51.0  5015.0
11  52.0  4848.0
11  0.0  10000.0
11  97.0  323.0
11  65.0  3636.0
11  0.0  10000.0
11  39.0  6179.0
11  66.0  3466.0
11  63.0  3765.0
11  33.0  6768.0
11  63.0  3740.0
11  100.0  205.0
11  57.0  4416.0
11  84.0  1772.0
11  51.0  4987.0
11  14.0  8643.0
11  81.0  1994.0
11  93.0  817.0
11  37.0  6337.0
11  49.0  5212.0
11  75.0  2534.0
11  5.0  9510.0
11  10.0  9010.0
11  10.0  9020.0
11  78.0  2247.0
11  63.0  3794.0
11  90.0  1191.0
11  0.0  10000.0
11  90.0  1030.0
11  100.0  21.0
11  51.0  4995.0
11  16.0  8416.0
11  39.0  6166.0
11  49.0  5181.0
11  92.0  944.0
11  66.0  3409.0
11  0.0  10000.0
11  40.0  6044.0
11  21.0  7962.0
11  48.0  5289.0
11  42.0  5898.0
11  25.0  7560.0
11  49.0  5139.0
11  40.0  6062.0
11  89.0  1206.0
11  30.0  7050.0
11  87.0  1349.0
11  53.0  4757.0
11  59.0  4228.0
11  84.0  1644.0
11  5.0  9514.0
11  48.0  5218.0
11  31.0  6966.0
11  42.0  5866.0
11  59.0  4156.0
11  23.0  7764.0
12  57.0  4369.0
12  56.0  4521.0
12  38.0  6281.0
12  39.0  6139.0
12  72.0  2825.0
12  60.0  4012.0
12  17.0  8333.0
12  70.0  3105.0
12  67.0  3386.0
12  16.0  8448.0
12  25.0  7526.0
12  97.0  335.0
12  0.0  10000.0
12  90.0  1028.0
12  76.0  2404.0
12  24.0  7673.0
12  57.0  4362.0
12  51.0  4967.0
12  35.0  6583.0
12  3.0  9709.0
12  87.0  1337.0
12  48.0  5335.0
12  80.0  2162.0
12  65.0  3532.0
12  77.0  2403.0
12  0.0  10000.0
12  54.0  4680.0
12  54.0  4654.0
12  78.0  2388.0
12  68.0  3292.0
12  31.0  6995.0
12  96.0  586.0
12  95.0  530.0
12  41.0  5966.0
12  21.0  7959.0
12  16.0  8424.0
12  0.0  10000.0
12  83.0  1769.0
12  59.0  4164.0
12  95.0  575.0
12  56.0  4427.0
12  64.0  3624.0
12  30.0  7067.0
12  4.0  9610.0
12  50.0  5072.0
12  71.0  2989.0
12  31.0  6964.0
12  19.0  8127.0
12  32.0  6840.0
12  35.0  6582.0
12  41.0  5997.0
12  38.0  6293.0
12  70.0  3021.0
12  23.0  7730.0
12  70.0  3047.0
12  77.0  2359.0
12  66.0  3424.0
12  48.0  5245.0
12  32.0  6898.0
12  87.0  1329.0
12  14.0  8622.0
12  62.0  3849.0
12  12.0  8823.0
12  29.0  7153.0
12  27.0  7380.0
12  76.0  2462.0
12  56.0  4491.0
12  62.0  3837.0
12  53.0  4760.0
12  73.0  2785.0
12  72.0  2848.0
12  31.0  6992.0
12  43.0  5777.0
12  38.0  6238.0
12  84.0  1675.0
12  37.0  6370.0
12  75.0  2692.0
12  47.0  5394.0
12  42.0  5884.0
12  84.0  1673.0
12  59.0  4222.0
12  49.0  5174.0
12  0.0  10000.0
12  52.0  4859.0
12  19.0  8157.0
12  44.0  5690.0
12  54.0  4749.0
12  61.0  3961.0
12  0.0  10000.0
12  0.0  10000.0
12  37.0  6363.0
12  52.0  4884.0
12  40.0  6057.0
12  70.0  3071.0
12  45.0  5620.0
12  0.0  10000.0
12  70.0  3061.0
12  31.0  6963.0
12  77.0  2334.0
12  31.0  6901.0
13  44.0  5656.0
13  60.0  4023.0
13  50.0  5032.0
13  36.0  6466.0
13  63.0  3834.0
13  26.0  7414.0
13  82.0  1904.0
13  37.0  6357.0
13  90.0  1057.0
13  10.0  9030.0
13  94.0  703.0
13  55.0  4596.0
13  92.0  892.0
13  18.0  8248.0
13  74.0  2609.0
13  95.0  534.0
13  93.0  793.0
13  7.0  9307.0
13  95.0  622.0
13  75.0  2554.0
13  50.0  5041.0
13  40.0  6085.0
13  77.0  2464.0
13  77.0  2384.0
13  34.0  6688.0
13  61.0  3933.0
13  64.0  3672.0
13  25.0  7554.0
13  30.0  7042.0
13  30.0  7070.0
13  77.0  2363.0
13  51.0  5021.0
13  87.0  1386.0
13  77.0  2334.0
13  69.0  3211.0
13  25.0  7550.0
13  45.0  5538.0
13  20.0  8055.0
13  25.0  7558.0
13  72.0  2874.0
13  94.0  662.0
13  4.0  9606.0
13  4.0  9608.0
13  58.0  4254.0
13  19.0  8152.0
13  56.0  4457.0
13  37.0  6361.0
13  58.0  4276.0
13  89.0  1145.0
13  24.0  7650.0
13  51.0  4915.0
13  80.0  2066.0
13  27.0  7368.0
13  60.0  4094.0
13  46.0  5492.0
13  68.0  3237.0
13  41.0  5971.0
13  45.0  5549.0
13  54.0  4667.0
13  35.0  6519.0
13  41.0  5994.0
13  33.0  6763.0
13  37.0  6361.0
13  53.0  4815.0
13  50.0  5040.0
13  51.0  4991.0
13  62.0  3968.0
13  92.0  894.0
13  52.0  4834.0
13  52.0  4843.0
13  11.0  8923.0
13  27.0  7337.0
13  67.0  3334.0
13  21.0  7964.0
13  72.0  2927.0
13  100.0  122.0
13  16.0  8429.0
13  44.0  5650.0
13  22.0  7867.0
13  55.0  4549.0
13  53.0  4724.0
13  39.0  6191.0
13  62.0  3884.0
13  31.0  6946.0
13  34.0  6640.0
13  38.0  6260.0
13  54.0  4697.0
13  51.0  4963.0
13  93.0  708.0
13  59.0  4191.0
13  29.0  7158.0
13  12.0  8827.0
13  5.0  9515.0
13  80.0  2104.0
13  14.0  8643.0
13  71.0  2996.0
13  25.0  7560.0
13  59.0  4160.0
13  46.0  5530.0
13  47.0  5316.0
14  33.0  6743.0
14  18.0  8253.0
14  21.0  7952.0
14  54.0  4729.0
14  91.0  1075.0
14  66.0  3406.0
14  61.0  3934.0
14  12.0  8833.0
14  41.0  5960.0
14  43.0  5781.0
14  43.0  5789.0
14  58.0  4271.0
14  39.0  6198.0
14  43.0  5773.0
14  92.0  985.0
14  73.0  2743.0
14  0.0  10000.0
14  100.0  177.0
14  83.0  1861.0
14  52.0  4848.0
14  4.0  9612.0
14  7.0  9321.0
14  56.0  4504.0
14  84.0  1651.0
14  82.0  1840.0
14  57.0  4380.0
14  0.0  10000.0
14  41.0  5971.0
14  36.0  6427.0
14  41.0  5995.0
14  29.0  7188.0
14  100.0  104.0
14  14.0  8633.0
14  90.0  1061.0
14  39.0  6208.0
14  84.0  1631.0
14  55.0  4506.0
14  81.0  1962.0
14  99.0  101.0
14  80.0  2010.0
14  32.0  6823.0
14  72.0  2889.0
14  42.0  5899.0
14  17.0  8331.0
14  100.0  0.0
14  36.0  6471.0
14  58.0  4267.0
14  13.0  8740.0
14  69.0  3161.0
14  73.0  2725.0
14  33.0  6765.0
14  100.0  58.0
14  66.0  3519.0
14  78.0  2261.0
14  99.0  298.0
14  97.0  348.0
14  0.0  10000.0
14  23.0  7746.0
14  57.0  4416.0
14  25.0  7521.0
14  0.0  10000.0
14  88.0  1212.0
14  13.0  8733.0
14  66.0  3545.0
14  96.0  424.0
14  57.0  4336.0
14  62.0  3954.0
14  9.0  9119.0
14  93.0  793.0
14  72.0  2893.0
14  26.0  7422.0
14  66.0  3464.0
14  33.0  6770.0
14  68.0  3235.0
14  48.0  5239.0
14  6.0  9414.0
14  19.0  8152.0
14  4.0  9610.0
14  95.0  560.0
14  19.0  8143.0
14  38.0  6250.0
14  68.0  3200.0
14  60.0  4074.0
14  33.0  6767.0
14  90.0  1119.0
14  60.0  4044.0
14  44.0  5646.0
14  55.0  4536.0
14  47.0  5410.0
14  65.0  3580.0
14  41.0  5999.0
14  71.0  2986.0
14  63.0  3826.0
14  39.0  6149.0
14  76.0  2411.0
14  0.0  10000.0
14  60.0  4027.0
14  58.0  4261.0
14  51.0  5005.0
14  81.0  1946.0
15  52.0  4894.0
15  82.0  1933.0
15  64.0  3673.0
15  24.0  7637.0
15  6.0  9417.0
15  73.0  2768.0
15  67.0  3414.0
15  73.0  2826.0
15  66.0  3555.0
15  16.0  8433.0
15  58.0  4291.0
15  75.0  2559.0
15  53.0  4756.0
15  68.0  3275.0
15  5.0  9515.0
15  73.0  2709.0
15  73.0  2720.0
15  67.0  3389.0
15  30.0  7074.0
15  32.0  6838.0
15  52.0  4873.0
15  75.0  2598.0
15  0.0  10000.0
15  70.0  3039.0
15  52.0  4869.0
15  74.0  2669.0
15  96.0  499.0
15  86.0  1444.0
15  57.0  4364.0
15  34.0  6649.0
15  90.0  1047.0
15  69.0  3238.0
15  71.0  2984.0
15  0.0  10000.0
15  63.0  3763.0
15  69.0  3150.0
15  63.0  3714.0
15  39.0  6122.0
15  27.0  7425.0
15  48.0  5258.0
15  48.0  5286.0
15  36.0  6463.0
15  46.0  5422.0
15  0.0  10000.0
15  30.0  7027.0
15  33.0  6784.0
15  61.0  3977.0
15  21.0  7943.0
15  58.0  4271.0
15  77.0  2467.0
15  71.0  2960.0
15  77.0  2531.0
15  38.0  6280.0
15  69.0  3155.0
15  70.0  3046.0
15  67.0  3367.0
15  40.0  6063.0
15  65.0  3582.0
15  23.0  7753.0
15  14.0  8633.0
15  19.0  8138.0
15  68.0  3341.0
15  66.0  3437.0
15  68.0  3275.0
15  51.0  4907.0
15  100.0  2.0
15  28.0  7234.0
15  67.0  3315.0
15  50.0  5054.0
15  44.0  5697.0
15  84.0  1676.0
15  97.0  346.0
15  22.0  7834.0
15  67.0  3300.0
15  13.0  8728.0
15  64.0  3640.0
15  40.0  6029.0
15  47.0  5352.0
15  51.0  4924.0
15  65.0  3522.0
15  47.0  5413.0
15  35.0  6570.0
15  88.0  1327.0
15  40.0  6006.0
15  39.0  6146.0
15  41.0  5986.0
15  54.0  4661.0
15  97.0  371.0
15  0.0  10000.0
15  35.0  6570.0
15  45.0  5565.0
15  96.0  431.0
15  73.0  2780.0
15  74.0  2679.0
15  11.0  8925.0
15  24.0  7620.0
15  89.0  1103.0
15  40.0  6057.0
15  26.0  7420.0
15  21.0  7941.0
16  100.0  81.0
16  45.0  5555.0
16  97.0  304.0
16  45.0  5551.0
16  12.0  8828.0
16  67.0  3351.0
16  78.0  2253.0
16  50.0  5037.0
16  100.0  131.0
16  51.0  4989.0
16  45.0  5539.0
16  20.0  8042.0
16  53.0  4775.0
16  51.0  4943.0
16  57.0  4372.0
16  18.0  8236.0
16  66.0  3401.0
16  34.0  6669.0
16  43.0  5742.0
16  16.0  8441.0
16  100.0  9.0
16  82.0  1959.0
16  34.0  6624.0
16  86.0  1404.0
16  64.0  3698.0
16  30.0  7061.0
16  41.0  5947.0
16  0.0  10000.0
16  40.0  6081.0
16  34.0  6668.0
16  30.0  7030.0
16  81.0  1900.0
16  49.0  5177.0
16  35.0  6556.0
16  56.0  4446.0
16  25.0  7554.0
16  59.0  4191.0
16  75.0  2553.0
16  45.0  5554.0
16  38.0  6281.0
16  52.0  4903.0
16  92.0  842.0
16  23.0  7748.0
16  81.0  1909.0
16  64.0  3677.0
16  74.0  2733.0
16  33.0  6746.0
16  77.0  2419.0
16  70.0  3046.0
16  35.0  6569.0
16  71.0  2950.0
16  45.0  5574.0
16  96.0  474.0
16  91.0  920.0
16  0.0  10000.0
16  46.0  5455.0
16  89.0  1110.0
16  79.0  2154.0
16  29.0  7175.0
16  60.0  4064.0
16  78.0  2274.0
16  24.0  7658.0
16  44.0  5651.0
16  29.0  7140.0
16  38.0  6264.0
16  74.0  2634.0
16  51.0  4954.0
16  88.0  1228.0
16  100.0  60.0
16  55.0  4568.0
16  43.0  5779.0
16  95.0  501.0
16  64.0  3642.0
16  80.0  2012.0
16  44.0  5685.0
16  37.0  6333.0
16  58.0  4223.0
16  30.0  7067.0
16  96.0  400.0
16  89.0  1278.0
16  0.0  10000.0
16  59.0  4184.0
16  58.0  4281.0
16  0.0  10000.0
16  96.0  425.0
16  3.0  9709.0
16  35.0  6557.0
16  37.0  6379.0
16  70.0  3057.0
16  81.0  1922.0
16  89.0  1114.0
16  68.0  3282.0
16  93.0  807.0
16  20.0  8041.0
16  36.0  6440.0
16  71.0  2969.0
16  26.0  7463.0
16  49.0  5196.0
16  28.0  7253.0
16  43.0  5762.0
17  96.0  592.0
17  33.0  6752.0
17  83.0  1777.0
17  27.0  7382.0
17  94.0  661.0
17  30.0  7064.0
17  79.0  2100.0
17  51.0  4972.0
17  16.0  8522.0
17  91.0  953.0
17  52.0  4870.0
17  96.0  479.0
17  79.0  2179.0
17  73.0  2734.0
17  81.0  1984.0
17  36.0  6464.0
17  63.0  3757.0
17  66.0  3537.0
17  100.0  59.0
17  63.0  3784.0
17  81.0  2005.0
17  55.0  4597.0
17  59.0  4168.0
17  34.0  6641.0
17  58.0  4288.0
17  63.0  3722.0
17  18.0  8236.0
17  68.0  3213.0
17  52.0  4868.0
17  85.0  1565.0
17  69.0  3104.0
17  66.0  3437.0
17  87.0  1389.0
17  96.0  403.0
17  89.0  1296.0
17  100.0  144.0
17  36.0  6472.0
17  37.0  6347.0
17  69.0  3218.0
17  92.0  853.0
17  72.0  2901.0
17  66.0  3477.0
17  81.0  1968.0
17  49.0  5166.0
17  31.0  6940.0
17  77.0  2317.0
17  50.0  5102.0
17  84.0  1661.0
17  93.0  718.0
17  100.0  307.0
17  96.0  457.0
17  92.0  855.0
17  34.0  6628.0
17  68.0  3231.0
17  61.0  3930.0
17  69.0  3169.0
17  61.0  3940.0
17  34.0  6669.0
17  82.0  1815.0
17  56.0  4505.0
17  56.0  4476.0
17  89.0  1121.0
17  67.0  3388.0
17  60.0  4114.0
17  52.0  4809.0
17  89.0  1163.0
17  57.0  4306.0
17  26.0  7429.0
17  78.0  2204.0
17  32.0  6821.0
17  51.0  4966.0
17  89.0  1121.0
17  73.0  2789.0
17  70.0  3065.0
17  87.0  1344.0
17  83.0  1730.0
17  59.0  4183.0
17  63.0  3834.0
17  90.0  1102.0
17  71.0  2955.0
17  43.0  5732.0
17  66.0  3499.0
17  58.0  4228.0
17  91.0  991.0
17  51.0  4972.0
17  48.0  5253.0
17  51.0  4982.0
17  39.0  6180.0
17  46.0  5450.0
17  0.0  10000.0
17  19.0  8152.0
17  94.0  639.0
17  46.0  5467.0
17  82.0  1847.0
17  37.0  6346.0
17  34.0  6686.0
17  90.0  1029.0
17  96.0  425.0
17  71.0  2977.0
17  35.0  6564.0
18  38.0  6294.0
18  27.0  7365.0
18  75.0  2515.0
18  81.0  1924.0
18  75.0  2588.0
18  75.0  2560.0
18  78.0  2269.0
18  81.0  1983.0
18  90.0  1001.0
18  72.0  2830.0
18  96.0  416.0
18  31.0  6982.0
18  66.0  3483.0
18  32.0  6853.0
18  75.0  2546.0
18  64.0  3661.0
18  75.0  2585.0
18  56.0  4472.0
18  28.0  7247.0
18  63.0  3751.0
18  75.0  2587.0
18  92.0  800.0
18  0.0  10000.0
18  38.0  6250.0
18  20.0  8011.0
18  37.0  6380.0
18  72.0  2865.0
18  52.0  4815.0
18  86.0  1436.0
18  74.0  2617.0
18  89.0  1180.0
18  42.0  5815.0
18  34.0  6620.0
18  84.0  1720.0
18  47.0  5400.0
18  8.0  9214.0
18  51.0  4960.0
18  32.0  6849.0
18  20.0  8052.0
18  57.0  4384.0
18  86.0  1449.0
18  61.0  3935.0
18  69.0  3173.0
18  62.0  3836.0
18  25.0  7546.0
18  61.0  3951.0
18  53.0  4827.0
18  41.0  5945.0
18  53.0  4787.0
18  90.0  1056.0
18  22.0  7853.0
18  33.0  6771.0
18  88.0  1258.0
18  78.0  2217.0
18  35.0  6560.0
18  94.0  626.0
18  75.0  2687.0
18  58.0  4286.0
18  99.0  141.0
18  92.0  808.0
18  100.0  15.0
18  89.0  1111.0
18  49.0  5198.0
18  64.0  3677.0
18  88.0  1242.0
18  82.0  1802.0
18  50.0  5001.0
18  27.0  7311.0
18  64.0  3682.0
18  75.0  2533.0
18  35.0  6584.0
18  30.0  7035.0
18  37.0  6306.0
18  91.0  1085.0
18  96.0  504.0
18  79.0  2119.0
18  40.0  6054.0
18  53.0  4732.0
18  33.0  6779.0
18  0.0  10000.0
18  95.0  539.0
18  71.0  2968.0
18  53.0  4781.0
18  38.0  6294.0
18  71.0  2927.0
18  64.0  3686.0
18  73.0  2773.0
18  70.0  3112.0
18  77.0  2341.0
18  79.0  2132.0
18  76.0  2422.0
18  73.0  2736.0
18  49.0  5194.0
18  1.0  9902.0
18  92.0  850.0
18  83.0  1703.0
18  88.0  1308.0
18  53.0  4800.0
18  66.0  3444.0
18  63.0  3781.0
19  68.0  3231.0
19  30.0  7056.0
19  50.0  5082.0
19  90.0  1049.0
19  85.0  1517.0
19  43.0  5757.0
19  29.0  7131.0
19  3.0  9709.0
19  90.0  1112.0
19  98.0  202.0
19  58.0  4313.0
19  86.0  1486.0
19  100.0  11.0
19  100.0  102.0
19  35.0  6566.0
19  47.0  5323.0
19  73.0  2737.0
19  38.0  6218.0
19  82.0  1841.0
19  79.0  2116.0
19  0.0  10000.0
19  98.0  305.0
19  46.0  5507.0
19  74.0  2651.0
19  89.0  1143.0
19  72.0  2886.0
19  77.0  2321.0
19  32.0  6872.0
19  0.0  10000.0
19  31.0  6935.0
19  53.0  4723.0
19  67.0  3403.0
19  42.0  5871.0
19  50.0  5105.0
19  67.0  3422.0
19  53.0  4737.0
19  82.0  1876.0
19  44.0  5668.0
19  39.0  6211.0
19  0.0  10000.0
19  69.0  3194.0
19  98.0  238.0
19  46.0  5477.0
19  100.0  27.0
19  85.0  1568.0
19  79.0  2102.0
19  58.0  4308.0
19  81.0  1940.0
19  100.0  59.0
19  49.0  5164.0
19  57.0  4391.0
19  76.0  2444.0
19  31.0  6941.0
19  47.0  5315.0
19  70.0  3089.0
19  39.0  6129.0
19  75.0  2511.0
19  32.0  6823.0
19  69.0  3147.0
19  79.0  2141.0
19  78.0  2232.0
19  12.0  8817.0
19  94.0  626.0
19  52.0  4893.0
19  52.0  4814.0
19  95.0  552.0
19  78.0  2204.0
19  77.0  2313.0
19  61.0  3955.0
19  72.0  2930.0
19  67.0  3333.0
19  75.0  2540.0
19  86.0  1442.0
19  49.0  5201.0
19  22.0  7827.0
19  53.0  4710.0
19  100.0  300.0
19  66.0  3436.0
19  46.0  5443.0
19  91.0  911.0
19  48.0  5261.0
19  57.0  4396.0
19  94.0  811.0
19  65.0  3587.0
19  61.0  3970.0
19  45.0  5582.0
19  69.0  3156.0
19  72.0  2867.0
19  73.0  2758.0
19  82.0  1820.0
19  84.0  1632.0
19  0.0  10000.0
19  44.0  5703.0
19  76.0  2507.0
19  68.0  3274.0
19  72.0  2865.0
19  62.0  3897.0
19  82.0  1808.0
19  91.0  954.0
19  96.0  492.0
20  87.0  1358.0
20  26.0  7451.0
20  51.0  4981.0
20  100.0  17.0
20  94.0  694.0
20  66.0  3505.0
20  12.0  8816.0
20  58.0  4247.0
20  79.0  2144.0
20  85.0  1611.0
20  41.0  5964.0
20  45.0  5579.0
20  92.0  823.0
20  49.0  5173.0
20  77.0  2413.0
20  50.0  5014.0
20  25.0  7531.0
20  87.0  1340.0
20  95.0  516.0
20  54.0  4693.0
20  62.0  3924.0
20  67.0  3373.0
20  26.0  7457.0
20  81.0  1973.0
20  77.0  2342.0
20  64.0  3674.0
20  40.0  6029.0
20  70.0  3026.0
20  0.0  10000.0
20  84.0  1660.0
20  31.0  6948.0
20  46.0  5489.0
20  89.0  1193.0
20  90.0  1005.0
20  48.0  5272.0
20  57.0  4389.0
20  76.0  2527.0
20  65.0  3545.0
20  69.0  3163.0
20  83.0  1718.0
20  73.0  2763.0
20  77.0  2341.0
20  100.0  36.0
20  87.0  1420.0
20  83.0  1924.0
20  10.0  9019.0
20  63.0  3742.0
20  94.0  695.0
20  37.0  6361.0
20  79.0  2126.0
20  100.0  100.0
20  92.0  818.0
20  95.0  501.0
20  58.0  4266.0
20  49.0  5130.0
20  97.0  312.0
20  23.0  7741.0
20  76.0  2446.0
20  36.0  6477.0
20  44.0  5672.0
20  79.0  2181.0
20  100.0  23.0
20  100.0  108.0
20  83.0  1725.0
20  34.0  6642.0
20  44.0  5655.0
20  64.0  3604.0
20  89.0  1100.0
20  2.0  9806.0
20  90.0  1018.0
20  58.0  4260.0
20  59.0  4183.0
20  98.0  228.0
20  30.0  7043.0
20  11.0  8918.0
20  45.0  5580.0
20  14.0  8610.0
20  52.0  4838.0
20  75.0  2532.0
20  84.0  1645.0
20  47.0  5360.0
20  55.0  4611.0
20  0.0  10000.0
20  83.0  1765.0
20  72.0  2812.0
20  64.0  3666.0
20  92.0  815.0
20  92.0  913.0
20  82.0  1811.0
20  52.0  4800.0
20  82.0  1895.0
20  75.0  2525.0
20  68.0  3298.0
20  100.0  100.0
20  74.0  2641.0
20  71.0  3016.0
20  94.0  606.0
20  70.0  3037.0
20  72.0  2863.0
20  21.0  7960.0
