1  90.0  187
2  94.0  69
3  72.0  173
4  28.0  374
5  45.0  218
6  33.0  416
7  51.0  408
1  76.0  216
2  76.0  270
3  74.0  304
4  55.0  341
5  65.0  330
6  61.0  373
7  65.0  315
1  63.0  103
2  82.0  164
3  39.0  236
4  74.0  191
5  55.0  273
6  41.0  322
7  29.0  418
1  97.0  43
2  14.0  294
3  64.0  319
4  63.0  292
5  45.0  548
6  50.0  330
7  46.0  439
1  75.0  202
2  80.0  83
3  51.0  223
4  35.0  268
5  55.0  337
6  47.0  143
7  22.0  325
1  97.0  46
2  38.0  243
3  59.0  233
4  72.0  179
5  70.0  352
6  54.0  295
7  54.0  415
1  50.0  348
2  51.0  303
3  77.0  131
4  33.0  212
5  51.0  235
6  75.0  204
7  57.0  465
1  82.0  48
2  87.0  89
3  27.0  463
4  47.0  418
5  68.0  312
6  40.0  309
7  85.0  207
1  97.0  100
2  93.0  166
3  66.0  267
4  37.0  294
5  72.0  193
6  69.0  356
7  58.0  238
1  82.0  201
2  64.0  273
3  74.0  199
4  54.0  260
5  48.0  341
6  26.0  174
7  45.0  332
1  97.0  37
2  87.0  130
3  70.0  279
4  54.0  299
5  63.0  179
6  59.0  369
7  23.0  322
1  69.0  290
2  45.0  436
3  75.0  132
4  75.0  236
5  27.0  298
6  39.0  245
7  48.0  371
1  86.0  168
2  97.0  41
3  92.0  146
4  50.0  421
5  65.0  274
6  42.0  448
7  31.0  370
1  46.0  234
2  94.0  19
3  83.0  238
4  66.0  373
5  41.0  342
6  39.0  269
7  68.0  327
1  62.0  347
2  92.0  106
3  60.0  332
4  64.0  246
5  63.0  187
6  72.0  295
7  52.0  216
1  70.0  215
2  74.0  250
3  59.0  162
4  58.0  175
5  80.0  92
6  45.0  334
7  34.0  426
1  93.0  118
2  78.0  230
3  90.0  121
4  63.0  211
5  67.0  304
6  44.0  473
7  66.0  192
1  97.0  49
2  92.0  85
3  58.0  289
4  72.0  379
5  85.0  182
6  91.0  197
7  42.0  401
1  94.0  42
2  85.0  146
3  18.0  548
4  83.0  166
5  50.0  534
6  51.0  245
7  54.0  285
1  97.0  50
2  80.0  314
3  79.0  191
4  92.0  138
5  95.0  59
6  69.0  270
7  41.0  584
1  55.0  373
2  95.0  53
3  67.0  220
4  45.0  306
5  71.0  293
6  19.0  429
7  33.0  287
1  28.0  246
2  18.0  293
3  33.0  187
4  67.0  350
5  54.0  356
6  37.0  328
7  50.0  409
1  95.0  47
2  77.0  174
3  74.0  251
4  82.0  156
5  45.0  282
6  54.0  336
7  64.0  382
1  0.0  299
2  97.0  70
3  76.0  132
4  42.0  299
5  36.0  435
6  33.0  453
7  30.0  430
1  74.0  92
2  38.0  433
3  67.0  248
4  76.0  207
5  80.0  147
6  31.0  318
7  32.0  263
1  97.0  41
2  97.0  57
3  75.0  219
4  57.0  248
5  43.0  295
6  49.0  372
7  36.0  385
1  28.0  245
2  69.0  307
3  58.0  327
4  94.0  98
5  46.0  374
6  36.0  417
7  41.0  326
1  97.0  88
2  20.0  232
3  82.0  213
4  75.0  236
5  79.0  223
6  89.0  135
7  60.0  344
1  95.0  66
2  31.0  187
3  23.0  414
4  47.0  340
5  80.0  236
6  59.0  386
7  25.0  365
1  97.0  62
2  65.0  242
3  37.0  379
4  71.0  261
5  46.0  333
6  61.0  247
7  47.0  270
1  60.0  47
2  73.0  99
3  75.0  217
4  48.0  320
5  55.0  294
6  44.0  448
7  54.0  340
1  37.0  420
2  82.0  124
3  75.0  181
4  94.0  32
5  80.0  240
6  59.0  414
7  62.0  271
1  97.0  28
2  76.0  226
3  92.0  135
4  35.0  238
5  51.0  340
6  66.0  257
7  64.0  267
1  85.0  163
2  77.0  231
3  72.0  296
4  42.0  350
5  73.0  259
6  40.0  492
7  21.0  447
1  97.0  59
2  75.0  256
3  78.0  241
4  88.0  141
5  22.0  393
6  28.0  274
7  26.0  494
1  97.0  30
2  64.0  127
3  69.0  319
4  66.0  288
5  97.0  46
6  28.0  374
7  72.0  219
1  89.0  50
2  73.0  282
3  48.0  413
4  43.0  186
5  93.0  127
6  41.0  376
7  68.0  297
1  65.0  189
2  81.0  281
3  81.0  191
4  50.0  385
5  36.0  375
6  50.0  266
7  46.0  318
1  70.0  322
2  60.0  269
3  46.0  359
4  59.0  311
5  97.0  86
6  51.0  404
7  35.0  469
1  47.0  257
2  52.0  317
3  74.0  240
4  39.0  228
5  55.0  307
6  55.0  413
7  33.0  362
1  66.0  199
2  72.0  253
3  30.0  286
4  62.0  346
5  46.0  363
6  68.0  316
7  20.0  483
1  97.0  48
2  88.0  146
3  74.0  261
4  82.0  123
5  30.0  404
6  90.0  67
7  62.0  328
1  79.0  248
2  88.0  99
3  68.0  313
4  63.0  323
5  85.0  280
6  45.0  328
7  40.0  443
1  57.0  216
2  90.0  81
3  85.0  168
4  77.0  325
5  37.0  295
6  79.0  185
7  70.0  263
1  71.0  221
2  97.0  35
3  73.0  269
4  86.0  196
5  53.0  289
6  62.0  331
7  77.0  166
1  13.0  224
2  75.0  253
3  83.0  232
4  47.0  314
5  51.0  483
6  63.0  287
7  66.0  307
1  54.0  354
2  60.0  237
3  89.0  147
4  73.0  226
5  55.0  307
6  52.0  361
7  78.0  214
1  85.0  149
2  56.0  85
3  43.0  280
4  60.0  271
5  35.0  290
6  50.0  353
7  17.0  385
1  92.0  57
2  69.0  319
3  86.0  211
4  94.0  75
5  65.0  181
6  49.0  354
7  48.0  350
1  61.0  259
2  44.0  236
3  59.0  315
4  74.0  259
5  91.0  84
6  21.0  492
7  47.0  369
1  59.0  223
2  86.0  58
3  49.0  403
4  52.0  537
5  24.0  355
6  52.0  373
7  18.0  359
1  74.0  121
2  80.0  210
3  84.0  237
4  52.0  469
5  58.0  320
6  66.0  314
7  54.0  473
1  62.0  244
2  61.0  124
3  97.0  14
4  76.0  305
5  91.0  148
6  80.0  125
7  35.0  427
1  39.0  250
2  97.0  30
3  68.0  78
4  76.0  275
5  36.0  263
6  38.0  333
7  46.0  355
1  90.0  51
2  96.0  37
3  36.0  362
4  52.0  386
5  34.0  464
6  78.0  181
7  24.0  395
1  78.0  126
2  69.0  307
3  43.0  163
4  61.0  284
5  53.0  306
6  46.0  339
7  48.0  310
1  3.0  158
2  51.0  258
3  39.0  280
4  51.0  181
5  64.0  227
6  60.0  367
7  49.0  376
1  19.0  162
2  83.0  130
3  65.0  218
4  57.0  234
5  44.0  483
6  43.0  371
7  69.0  239
1  97.0  143
2  78.0  200
3  63.0  198
4  84.0  167
5  58.0  295
6  87.0  147
7  42.0  507
1  95.0  86
2  47.0  373
3  55.0  383
4  85.0  101
5  84.0  133
6  69.0  304
7  67.0  129
1  93.0  79
2  82.0  160
3  81.0  233
4  43.0  279
5  77.0  352
6  28.0  355
7  73.0  288
1  95.0  56
2  60.0  139
3  58.0  274
4  46.0  275
5  69.0  220
6  40.0  319
7  48.0  399
1  74.0  209
2  58.0  369
3  70.0  250
4  89.0  152
5  52.0  290
6  47.0  191
7  60.0  384
1  94.0  35
2  36.0  509
3  20.0  260
4  54.0  337
5  89.0  114
6  75.0  203
7  61.0  280
1  92.0  125
2  74.0  141
3  90.0  93
4  62.0  410
5  64.0  374
6  71.0  228
7  41.0  244
1  89.0  95
2  97.0  24
3  31.0  225
4  51.0  265
5  67.0  399
6  51.0  367
7  89.0  170
1  61.0  415
2  89.0  119
3  79.0  263
4  41.0  179
5  92.0  70
6  90.0  64
7  49.0  407
1  70.0  309
2  63.0  242
3  73.0  168
4  80.0  90
5  44.0  457
6  48.0  419
7  31.0  427
1  90.0  86
2  37.0  428
3  19.0  191
4  41.0  334
5  52.0  199
6  54.0  290
7  69.0  336
1  97.0  42
2  34.0  377
3  47.0  334
4  50.0  142
5  50.0  273
6  54.0  356
7  40.0  439
1  96.0  20
2  72.0  174
3  92.0  132
4  52.0  416
5  75.0  231
6  74.0  293
7  42.0  321
1  53.0  133
2  81.0  151
3  52.0  421
4  58.0  514
5  37.0  420
6  75.0  296
7  27.0  401
1  15.0  406
2  49.0  160
3  60.0  345
4  71.0  299
5  48.0  318
6  43.0  383
7  77.0  291
1  88.0  241
2  83.0  149
3  83.0  240
4  96.0  42
5  72.0  276
6  47.0  471
7  73.0  330
1  78.0  252
2  85.0  107
3  75.0  249
4  49.0  371
5  58.0  447
6  48.0  339
7  41.0  367
1  67.0  286
2  85.0  159
3  62.0  274
4  65.0  221
5  73.0  344
6  52.0  426
7  85.0  158
1  96.0  22
2  63.0  281
3  76.0  325
4  48.0  303
5  70.0  81
6  49.0  415
7  38.0  451
1  82.0  195
2  88.0  88
3  90.0  165
4  60.0  278
5  51.0  231
6  85.0  147
7  14.0  381
1  31.0  241
2  94.0  183
3  60.0  331
4  69.0  287
5  74.0  307
6  37.0  138
7  67.0  337
1  87.0  129
2  80.0  220
3  36.0  246
4  65.0  205
5  68.0  196
6  41.0  470
7  46.0  340
1  90.0  141
2  35.0  210
3  64.0  282
4  75.0  323
5  42.0  359
6  72.0  249
7  49.0  450
1  96.0  24
2  88.0  278
3  74.0  251
4  61.0  413
5  55.0  311
6  51.0  107
7  52.0  173
1  97.0  36
2  69.0  215
3  79.0  218
4  64.0  233
5  50.0  244
6  48.0  404
7  29.0  377
1  93.0  69
2  87.0  182
3  59.0  257
4  42.0  281
5  63.0  332
6  44.0  356
7  34.0  293
1  82.0  241
2  60.0  169
3  90.0  149
4  76.0  176
5  46.0  240
6  73.0  179
7  24.0  238
1  65.0  136
2  50.0  134
3  36.0  296
4  43.0  255
5  67.0  309
6  51.0  296
7  40.0  304
1  81.0  219
2  94.0  115
3  69.0  242
4  51.0  367
5  58.0  343
6  31.0  273
7  66.0  336
1  33.0  184
2  62.0  380
3  67.0  247
4  72.0  245
5  89.0  154
6  42.0  330
7  26.0  460
1  41.0  262
2  19.0  374
3  45.0  330
4  61.0  193
5  39.0  350
6  33.0  374
7  65.0  195
1  43.0  289
2  68.0  336
3  69.0  333
4  81.0  270
5  67.0  269
6  53.0  259
7  55.0  384
1  83.0  180
2  71.0  250
3  74.0  267
4  51.0  410
5  33.0  406
6  59.0  397
7  95.0  124
1  93.0  93
2  56.0  428
3  72.0  240
4  84.0  234
5  50.0  278
6  85.0  89
7  64.0  359
1  76.0  141
2  57.0  309
3  85.0  195
4  47.0  353
5  76.0  270
6  63.0  173
7  25.0  326
1  52.0  254
2  93.0  91
3  95.0  49
4  69.0  299
5  17.0  353
6  72.0  244
7  32.0  541
1  69.0  398
2  73.0  277
3  51.0  246
4  82.0  214
5  55.0  417
6  66.0  291
7  58.0  364
1  94.0  80
2  84.0  304
3  72.0  240
4  81.0  113
5  71.0  181
6  47.0  441
7  57.0  174
1  12.0  75
2  40.0  165
3  17.0  402
4  40.0  425
5  47.0  410
6  65.0  275
7  35.0  350
1  83.0  194
2  97.0  58
3  63.0  253
4  63.0  279
5  58.0  157
6  72.0  207
7  74.0  245
1  12.0  198
2  42.0  181
3  69.0  282
4  34.0  463
5  29.0  406
6  41.0  397
7  45.0  516
1  74.0  184
2  74.0  218
3  86.0  168
4  46.0  279
5  70.0  331
6  28.0  360
7  83.0  132
