1  30.600000000000001  3057
2  57.299999999999997  3079
3  40.799999999999997  2542
4  45.399999999999999  2849
5  36.799999999999997  2574
6  34.899999999999999  3191
7  44.299999999999997  3233
1  45.299999999999997  2952
2  36.600000000000001  3286
3  46.200000000000003  3040
4  46.600000000000001  2785
5  46.0  2988
6  44.100000000000001  3134
7  39.200000000000003  3314
1  36.799999999999997  2992
2  40.299999999999997  2819
3  36.899999999999999  2938
4  42.0  2978
5  40.600000000000001  3309
6  44.399999999999999  3028
7  38.700000000000003  3142
1  39.600000000000001  2709
2  47.299999999999997  2980
3  33.700000000000003  2810
4  51.899999999999999  3134
5  49.700000000000003  3099
6  45.600000000000001  3227
7  42.600000000000001  3162
1  38.399999999999999  2996
2  44.399999999999999  3045
3  57.299999999999997  2685
4  39.100000000000001  3082
5  44.100000000000001  2621
6  40.899999999999999  3113
7  26.100000000000001  2873
1  35.299999999999997  2812
2  48.799999999999997  2654
3  46.799999999999997  2785
4  41.299999999999997  3082
5  47.299999999999997  2771
6  46.0  2925
7  36.700000000000003  3213
1  44.399999999999999  2884
2  50.799999999999997  3063
3  39.799999999999997  2928
4  32.399999999999999  2777
5  37.100000000000001  2911
6  31.800000000000001  3081
7  43.600000000000001  2822
1  46.5  2809
2  46.700000000000003  2993
3  47.5  3053
4  40.399999999999999  3102
5  47.600000000000001  3056
6  37.0  3124
7  46.799999999999997  3096
1  42.700000000000003  2769
2  43.600000000000001  2798
3  46.600000000000001  2941
4  34.200000000000003  2933
5  38.200000000000003  3124
6  49.0  2769
7  38.299999999999997  3215
1  45.0  2812
2  40.100000000000001  3231
3  39.5  2908
4  34.0  2741
5  39.100000000000001  3180
6  42.100000000000001  2920
7  38.799999999999997  2540
1  40.200000000000003  3005
2  48.200000000000003  2879
3  46.100000000000001  3288
4  45.700000000000003  3133
5  45.100000000000001  2701
6  38.0  2899
7  40.399999999999999  3075
1  39.5  2485
2  44.299999999999997  2844
3  49.5  3257
4  40.5  3285
5  45.200000000000003  2980
6  37.399999999999999  2599
7  40.600000000000001  3111
1  54.200000000000003  2866
2  36.299999999999997  2997
3  39.799999999999997  2835
4  46.100000000000001  3077
5  36.5  2609
6  35.200000000000003  3008
7  42.0  2927
1  37.100000000000001  3226
2  44.200000000000003  2987
3  48.399999999999999  2940
4  33.600000000000001  2805
5  43.100000000000001  3152
6  43.399999999999999  2845
7  40.0  3303
1  25.800000000000001  2630
2  43.200000000000003  2685
3  44.799999999999997  2734
4  42.5  3031
5  44.100000000000001  3449
6  43.5  2932
7  40.200000000000003  3054
1  31.0  2908
2  35.399999999999999  3230
3  45.200000000000003  3141
4  43.799999999999997  3095
5  43.700000000000003  3182
6  40.899999999999999  2835
7  39.799999999999997  2932
1  36.5  2405
2  45.799999999999997  2659
3  40.600000000000001  3168
4  51.700000000000003  2823
5  36.600000000000001  3271
6  39.299999999999997  2902
7  33.100000000000001  3125
1  38.899999999999999  3040
2  52.700000000000003  3056
3  50.100000000000001  2802
4  31.699999999999999  2621
5  34.899999999999999  2609
6  31.100000000000001  2939
7  34.700000000000003  2780
1  38.0  2905
2  50.700000000000003  3059
3  37.899999999999999  3276
4  35.299999999999997  2916
5  39.700000000000003  3105
6  40.700000000000003  3115
7  42.200000000000003  2685
1  47.399999999999999  2999
2  35.700000000000003  2886
3  42.799999999999997  3039
4  37.600000000000001  2733
5  36.600000000000001  2940
6  34.899999999999999  3029
7  38.600000000000001  3162
1  51.200000000000003  3193
2  41.600000000000001  2971
3  36.799999999999997  3241
4  52.100000000000001  2878
5  44.799999999999997  2849
6  46.899999999999999  2858
7  33.799999999999997  3129
1  39.700000000000003  3284
2  47.299999999999997  2749
3  42.899999999999999  3141
4  45.799999999999997  2871
5  45.100000000000001  2728
6  38.399999999999999  3106
7  34.899999999999999  3444
1  40.5  3241
2  42.600000000000001  3286
3  33.0  2793
4  48.600000000000001  2976
5  40.700000000000003  3127
6  45.600000000000001  2953
7  38.899999999999999  2833
1  40.799999999999997  2731
2  55.600000000000001  2809
3  39.200000000000003  2726
4  41.700000000000003  3055
5  48.200000000000003  2935
6  35.700000000000003  2858
7  39.299999999999997  3230
1  34.700000000000003  2677
2  47.700000000000003  3055
3  36.600000000000001  3117
4  44.299999999999997  2834
5  39.5  3248
6  35.0  2724
7  49.399999999999999  3443
1  51.0  2711
2  38.299999999999997  2999
3  43.700000000000003  2653
4  46.899999999999999  3034
5  41.899999999999999  2898
6  39.0  2979
7  41.0  3165
1  31.300000000000001  3163
2  44.600000000000001  3279
3  34.399999999999999  3410
4  46.100000000000001  2925
5  34.200000000000003  2928
6  39.200000000000003  3066
7  53.100000000000001  2968
1  40.600000000000001  2857
2  33.100000000000001  2987
3  41.600000000000001  2995
4  39.700000000000003  3032
5  34.600000000000001  2627
6  39.100000000000001  3011
7  32.0  2989
1  40.600000000000001  2796
2  40.200000000000003  2737
3  40.399999999999999  2999
4  33.600000000000001  3054
5  37.100000000000001  3104
6  42.100000000000001  3028
7  42.600000000000001  2608
1  33.299999999999997  3145
2  39.399999999999999  2677
3  51.5  3097
4  41.0  2861
5  40.299999999999997  2837
6  40.899999999999999  2882
7  38.299999999999997  3099
1  52.700000000000003  3018
2  41.399999999999999  2899
3  40.700000000000003  3072
4  40.700000000000003  3058
5  38.600000000000001  3086
6  47.100000000000001  3017
7  46.299999999999997  3025
1  37.5  3119
2  31.5  2874
3  39.100000000000001  2652
4  48.899999999999999  2923
5  41.200000000000003  2899
6  38.100000000000001  2673
7  33.299999999999997  3147
1  47.600000000000001  3079
2  58.399999999999999  2910
3  35.299999999999997  2986
4  36.5  2679
5  36.899999999999999  2877
6  38.799999999999997  3134
7  43.399999999999999  2992
1  43.100000000000001  2408
2  35.200000000000003  3287
3  40.200000000000003  2861
4  38.5  3010
5  45.399999999999999  3036
6  25.5  2862
7  40.5  2907
1  52.700000000000003  3051
2  50.600000000000001  3228
3  49.600000000000001  3132
4  38.399999999999999  3135
5  41.700000000000003  2981
6  49.0  2617
7  42.600000000000001  3225
1  50.399999999999999  2684
2  44.100000000000001  2776
3  31.100000000000001  2828
4  38.299999999999997  2815
5  41.700000000000003  3030
6  40.5  3335
7  38.899999999999999  3023
1  44.5  2744
2  36.200000000000003  2666
3  49.5  2980
4  37.899999999999999  3053
5  40.5  3010
6  43.5  3176
7  40.399999999999999  2826
1  45.700000000000003  2538
2  40.799999999999997  2935
3  47.899999999999999  2826
4  39.799999999999997  3142
5  48.0  2933
6  39.700000000000003  3079
7  42.899999999999999  3153
1  47.600000000000001  3017
2  36.5  2733
3  44.5  2901
4  40.0  2906
5  39.5  3196
6  39.600000000000001  3361
7  36.100000000000001  2906
1  40.399999999999999  2991
2  46.200000000000003  2957
3  38.5  3273
4  41.700000000000003  2763
5  41.100000000000001  3211
6  41.200000000000003  3020
7  35.799999999999997  3074
1  49.0  3474
2  44.5  2462
3  45.700000000000003  2904
4  51.200000000000003  2860
5  46.899999999999999  3454
6  44.0  3274
7  35.0  3205
1  36.799999999999997  2398
2  45.5  2741
3  34.899999999999999  2788
4  37.200000000000003  2911
5  41.399999999999999  3258
6  33.700000000000003  3346
7  38.5  2900
1  44.0  2640
2  30.300000000000001  2574
3  40.899999999999999  2714
4  37.299999999999997  3117
5  42.399999999999999  3207
6  40.299999999999997  3066
7  44.0  3237
1  43.0  2853
2  58.600000000000001  2666
3  41.5  2892
4  49.5  3135
5  33.899999999999999  3284
6  50.600000000000001  3208
7  43.799999999999997  2904
1  52.100000000000001  2938
2  42.700000000000003  3206
3  31.199999999999999  2883
4  45.200000000000003  2842
5  43.299999999999997  2914
6  44.0  2586
7  32.5  2959
1  39.200000000000003  3450
2  39.0  2754
3  38.0  2617
4  41.899999999999999  3258
5  40.299999999999997  2850
6  37.100000000000001  2950
7  46.5  2806
1  40.899999999999999  3262
2  35.0  3153
3  41.0  2794
4  39.600000000000001  3045
5  47.799999999999997  2651
6  45.299999999999997  3016
7  33.600000000000001  2658
1  46.799999999999997  3083
2  47.100000000000001  2487
3  43.5  2639
4  40.600000000000001  3058
5  40.399999999999999  3147
6  42.700000000000003  3253
7  47.299999999999997  2933
1  40.799999999999997  2884
2  37.700000000000003  2866
3  42.100000000000001  2928
4  36.0  2848
5  49.200000000000003  3052
6  33.5  2810
7  29.699999999999999  3412
1  33.0  3026
2  40.399999999999999  3167
3  52.799999999999997  2861
4  27.100000000000001  2012
5  37.5  2572
6  46.100000000000001  3135
7  40.5  2833
1  43.700000000000003  2413
2  42.799999999999997  2751
3  32.200000000000003  2943
4  35.600000000000001  3158
5  42.299999999999997  2961
6  36.799999999999997  3208
7  35.299999999999997  3359
1  42.799999999999997  2893
2  41.0  3360
3  29.199999999999999  2715
4  42.100000000000001  2976
5  46.100000000000001  3150
6  46.0  2948
7  34.299999999999997  2618
1  46.899999999999999  2813
2  45.799999999999997  3302
3  46.899999999999999  3040
4  40.600000000000001  3091
5  44.399999999999999  2810
6  34.0  2570
7  31.600000000000001  3105
1  33.799999999999997  2820
2  49.899999999999999  2605
3  54.200000000000003  2908
4  53.299999999999997  2890
5  37.5  3082
6  47.299999999999997  2772
7  43.899999999999999  3227
1  48.600000000000001  2948
2  48.600000000000001  3249
3  40.399999999999999  2683
4  33.200000000000003  3128
5  26.600000000000001  3091
6  45.899999999999999  3166
7  46.200000000000003  3094
1  34.700000000000003  2783
2  37.299999999999997  2609
3  48.299999999999997  2715
4  41.100000000000001  2993
5  47.799999999999997  3023
6  41.100000000000001  2590
7  34.299999999999997  3013
1  41.799999999999997  3016
2  30.5  2814
3  46.100000000000001  2684
4  41.0  3332
5  33.5  3102
6  39.600000000000001  2953
7  37.0  2879
1  48.100000000000001  2794
2  48.700000000000003  3162
3  42.0  2788
4  42.899999999999999  3048
5  36.0  3109
6  34.100000000000001  2862
7  33.799999999999997  3072
1  43.700000000000003  2823
2  42.600000000000001  3008
3  54.200000000000003  2849
4  46.0  2793
5  39.5  2936
6  35.399999999999999  3197
7  43.100000000000001  3210
1  40.5  3182
2  43.399999999999999  3084
3  33.799999999999997  3257
4  39.200000000000003  2767
5  41.0  2617
6  44.899999999999999  3114
7  55.5  2835
1  41.700000000000003  3571
2  38.600000000000001  2852
3  52.799999999999997  2604
4  44.0  2795
5  31.0  3153
6  38.600000000000001  2991
7  36.899999999999999  3336
1  38.899999999999999  3248
2  44.399999999999999  3246
3  38.600000000000001  3015
4  38.0  3039
5  36.200000000000003  2914
6  41.700000000000003  2905
7  44.5  3207
1  43.0  2920
2  45.0  2880
3  34.100000000000001  3127
4  59.100000000000001  2624
5  46.399999999999999  3156
6  33.399999999999999  3258
7  40.5  2689
1  39.399999999999999  2790
2  44.0  3340
3  28.899999999999999  2543
4  44.0  2878
5  45.799999999999997  2675
6  42.799999999999997  2973
7  37.799999999999997  3123
1  29.0  3063
2  50.100000000000001  3026
3  46.700000000000003  2850
4  50.399999999999999  2993
5  40.799999999999997  2784
6  39.299999999999997  2866
7  38.899999999999999  3249
1  38.5  3120
2  51.100000000000001  3086
3  41.299999999999997  2639
4  47.100000000000001  3311
5  49.700000000000003  3102
6  38.799999999999997  3214
7  48.899999999999999  3064
1  47.799999999999997  2965
2  49.799999999999997  2629
3  46.100000000000001  3222
4  51.299999999999997  3040
5  44.799999999999997  3027
6  38.5  3370
7  37.600000000000001  3344
1  49.399999999999999  2865
2  50.399999999999999  2769
3  27.800000000000001  2849
4  41.0  3040
5  26.5  3429
6  41.0  3032
7  34.700000000000003  2781
1  43.600000000000001  3119
2  39.200000000000003  3162
3  40.899999999999999  2879
4  45.100000000000001  3054
5  45.5  2877
6  49.899999999999999  2999
7  32.700000000000003  2836
1  40.600000000000001  2611
2  44.200000000000003  2923
3  23.600000000000001  2288
4  37.899999999999999  3173
5  45.299999999999997  3102
6  48.299999999999997  2950
7  36.799999999999997  3287
1  34.799999999999997  2887
2  37.5  3235
3  40.200000000000003  3006
4  43.700000000000003  2922
5  48.700000000000003  3328
6  34.700000000000003  2866
7  34.899999999999999  2786
1  42.600000000000001  3228
2  54.200000000000003  2640
3  39.100000000000001  2555
4  41.799999999999997  2955
5  44.600000000000001  2970
6  40.899999999999999  2826
7  34.700000000000003  3421
1  60.0  3065
2  37.600000000000001  2839
3  45.0  3150
4  40.5  2919
5  44.600000000000001  3296
6  49.399999999999999  2742
7  34.899999999999999  3239
1  46.5  3101
2  40.299999999999997  2684
3  48.200000000000003  3230
4  48.600000000000001  2695
5  45.100000000000001  3501
6  47.799999999999997  2898
7  29.699999999999999  3222
1  48.200000000000003  2965
2  57.299999999999997  2767
3  42.399999999999999  2937
4  41.799999999999997  2706
5  48.100000000000001  3235
6  36.600000000000001  3467
7  37.299999999999997  3244
1  38.5  3028
2  42.899999999999999  2737
3  46.100000000000001  3058
4  49.399999999999999  2864
5  44.399999999999999  2883
6  39.600000000000001  3061
7  45.100000000000001  3215
1  40.799999999999997  3393
2  54.700000000000003  2683
3  45.700000000000003  2939
4  47.399999999999999  3175
5  49.0  2807
6  41.899999999999999  2593
7  31.600000000000001  2927
1  46.5  2843
2  36.5  3136
3  30.600000000000001  2853
4  43.0  2985
5  38.899999999999999  2983
6  46.0  3212
7  43.200000000000003  3032
1  45.100000000000001  2813
2  32.799999999999997  2875
3  40.5  2698
4  31.100000000000001  3102
5  34.100000000000001  2873
6  41.700000000000003  2944
7  42.0  3344
1  50.299999999999997  2972
2  40.299999999999997  2816
3  43.899999999999999  2899
4  33.200000000000003  3163
5  27.899999999999999  3214
6  43.399999999999999  3037
7  34.0  3194
1  39.100000000000001  2884
2  50.100000000000001  2973
3  33.399999999999999  2820
4  51.0  3159
5  38.899999999999999  3147
6  34.700000000000003  2916
7  35.899999999999999  3049
1  41.600000000000001  3255
2  48.600000000000001  2853
3  41.700000000000003  2753
4  34.700000000000003  2574
5  40.5  2857
6  44.700000000000003  2903
7  38.799999999999997  2974
1  50.700000000000003  3133
2  52.799999999999997  3233
3  49.899999999999999  2752
4  34.700000000000003  3141
5  37.899999999999999  3347
6  48.5  3275
7  44.700000000000003  3123
1  45.100000000000001  2717
2  38.600000000000001  2962
3  38.899999999999999  2737
4  41.100000000000001  3315
5  44.100000000000001  2782
6  39.100000000000001  3183
7  33.700000000000003  3060
1  42.299999999999997  2977
2  38.700000000000003  2459
3  41.100000000000001  2836
4  35.600000000000001  2687
5  43.700000000000003  2939
6  30.699999999999999  2531
7  28.399999999999999  2639
1  46.700000000000003  2893
2  42.399999999999999  2772
3  45.799999999999997  3115
4  35.100000000000001  3098
5  40.899999999999999  3014
6  42.600000000000001  2936
7  32.0  3070
1  43.299999999999997  3316
2  37.200000000000003  2747
3  40.299999999999997  2682
4  45.100000000000001  2912
5  48.5  2963
6  44.200000000000003  3217
7  37.600000000000001  2855
1  42.5  3382
2  46.799999999999997  2701
3  41.700000000000003  2769
4  51.899999999999999  2760
5  39.899999999999999  2674
6  45.200000000000003  3354
7  41.5  3135
1  56.200000000000003  2561
2  41.799999999999997  3076
3  41.600000000000001  3045
4  31.0  3292
5  38.200000000000003  3227
6  44.799999999999997  2895
7  28.800000000000001  2933
1  45.100000000000001  3155
2  48.5  2920
3  43.700000000000003  3010
4  42.700000000000003  2977
5  40.299999999999997  3262
6  34.899999999999999  3067
7  40.600000000000001  3159
1  46.0  3413
2  42.700000000000003  2784
3  46.899999999999999  3099
4  37.299999999999997  2773
5  48.799999999999997  3264
6  43.700000000000003  2672
7  38.200000000000003  3080
1  54.0  2997
2  35.200000000000003  3016
3  44.5  2558
4  42.5  3107
5  39.700000000000003  2820
6  35.200000000000003  2996
7  50.700000000000003  2762
1  48.0  2844
2  42.100000000000001  2836
3  49.299999999999997  3004
4  43.899999999999999  2928
5  50.5  3111
6  34.399999999999999  3370
7  38.200000000000003  3202
1  41.5  2653
2  46.5  2775
3  46.799999999999997  3030
4  33.399999999999999  2745
5  38.100000000000001  2788
6  45.399999999999999  3007
7  34.600000000000001  2885
1  48.100000000000001  2614
2  44.100000000000001  2661
3  41.899999999999999  2863
4  40.700000000000003  3178
5  43.100000000000001  2786
6  40.399999999999999  3048
7  48.5  3147
1  35.100000000000001  3121
2  42.399999999999999  3059
3  52.5  3148
4  45.600000000000001  2870
5  41.399999999999999  3458
6  38.899999999999999  2969
7  37.5  3105
1  46.200000000000003  2760
2  35.0  2969
3  43.299999999999997  2600
4  43.700000000000003  2786
5  33.700000000000003  3158
6  43.200000000000003  3214
7  51.799999999999997  2922
1  32.299999999999997  2958
2  48.5  2529
3  35.899999999999999  2535
4  35.299999999999997  2875
5  45.399999999999999  2989
6  38.600000000000001  2945
7  37.100000000000001  3219
1  35.100000000000001  2300
2  38.5  3341
3  47.5  2954
4  37.600000000000001  2909
5  34.899999999999999  2912
6  47.399999999999999  2972
7  44.700000000000003  3145
1  45.799999999999997  2957
2  41.899999999999999  2735
3  45.899999999999999  2906
4  37.700000000000003  2890
5  38.100000000000001  3249
6  38.200000000000003  3259
7  39.700000000000003  2880
