1  48.0  525
2  19.0  479
3  35.0  503
4  30.0  370
5  47.0  605
6  26.0  361
7  55.0  605
1  67.0  507
2  39.0  418
3  46.0  467
4  32.0  450
5  26.0  483
6  47.0  431
7  27.0  421
1  57.0  493
2  42.0  471
3  57.0  514
4  63.0  607
5  69.0  633
6  55.0  527
7  47.0  610
1  32.0  453
2  35.0  384
3  70.0  488
4  52.0  405
5  45.0  493
6  25.0  426
7  36.0  480
1  18.0  296
2  72.0  499
3  52.0  446
4  47.0  480
5  45.0  567
6  29.0  410
7  38.0  511
1  23.0  331
2  58.0  474
3  39.0  526
4  50.0  442
5  47.0  530
6  34.0  512
7  71.0  503
1  91.0  505
2  38.0  508
3  48.0  538
4  77.0  504
5  49.0  583
6  30.0  464
7  31.0  426
1  86.0  516
2  45.0  511
3  70.0  509
4  13.0  339
5  46.0  430
6  40.0  467
7  46.0  585
1  68.0  508
2  80.0  534
3  36.0  503
4  66.0  574
5  38.0  472
6  65.0  558
7  16.0  505
1  45.0  408
2  29.0  386
3  47.0  477
4  54.0  482
5  31.0  427
6  46.0  605
7  52.0  584
1  27.0  413
2  34.0  493
3  48.0  497
4  56.0  551
5  24.0  316
6  32.0  521
7  25.0  511
1  38.0  448
2  12.0  259
3  8.0  297
4  18.0  284
5  31.0  452
6  7.0  405
7  61.0  598
1  66.0  512
2  35.0  428
3  56.0  503
4  52.0  414
5  58.0  570
6  31.0  518
7  32.0  435
1  55.0  506
2  9.0  229
3  43.0  523
4  17.0  465
5  30.0  503
6  41.0  500
7  55.0  505
1  62.0  421
2  43.0  520
3  87.0  497
4  69.0  613
5  33.0  543
6  56.0  501
7  34.0  590
1  49.0  463
2  32.0  344
3  73.0  474
4  38.0  500
5  42.0  555
6  76.0  518
7  51.0  570
1  3.0  367
2  23.0  317
3  71.0  552
4  66.0  566
5  68.0  583
6  40.0  488
7  37.0  608
1  6.0  335
2  58.0  533
3  64.0  583
4  62.0  542
5  28.0  389
6  50.0  494
7  25.0  531
1  46.0  400
2  18.0  307
3  39.0  367
4  32.0  496
5  28.0  391
6  33.0  510
7  47.0  481
1  68.0  476
2  51.0  522
3  38.0  409
4  42.0  471
5  40.0  503
6  18.0  297
7  30.0  444
1  62.0  377
2  53.0  517
3  56.0  575
4  49.0  521
5  48.0  512
6  29.0  472
7  42.0  579
1  46.0  508
2  63.0  501
3  30.0  480
4  57.0  567
5  21.0  432
6  53.0  509
7  42.0  515
1  35.0  282
2  69.0  516
3  82.0  542
4  23.0  311
5  23.0  322
6  65.0  534
7  33.0  539
1  75.0  524
2  27.0  473
3  40.0  361
4  47.0  483
5  45.0  373
6  13.0  456
7  70.0  558
1  90.0  465
2  7.0  224
3  58.0  514
4  46.0  616
5  10.0  172
6  49.0  607
7  55.0  502
1  32.0  481
2  76.0  492
3  56.0  501
4  52.0  511
5  37.0  312
6  85.0  509
7  32.0  552
1  32.0  482
2  67.0  526
3  65.0  506
4  34.0  466
5  47.0  475
6  43.0  582
7  36.0  554
1  55.0  478
2  29.0  379
3  51.0  550
4  36.0  530
5  54.0  571
6  38.0  482
7  39.0  517
1  74.0  511
2  88.0  525
3  55.0  546
4  53.0  526
5  57.0  542
6  19.0  556
7  11.0  233
1  59.0  432
2  88.0  521
3  79.0  536
4  31.0  386
5  74.0  538
6  40.0  408
7  47.0  520
1  67.0  516
2  63.0  512
3  60.0  557
4  54.0  552
5  26.0  515
6  35.0  536
7  30.0  494
1  55.0  532
2  58.0  446
3  21.0  454
4  30.0  350
5  47.0  581
6  47.0  539
7  54.0  508
1  40.0  510
2  37.0  334
3  28.0  427
4  23.0  432
5  25.0  315
6  52.0  637
7  45.0  502
1  57.0  444
2  20.0  378
3  55.0  484
4  39.0  490
5  17.0  420
6  28.0  558
7  43.0  513
1  17.0  294
2  31.0  491
3  47.0  457
4  56.0  539
5  49.0  581
6  26.0  548
7  34.0  579
1  17.0  402
2  18.0  286
3  37.0  406
4  62.0  566
5  18.0  352
6  43.0  547
7  23.0  430
1  90.0  518
2  66.0  531
3  48.0  551
4  34.0  396
5  47.0  536
6  19.0  415
7  57.0  613
1  46.0  478
2  71.0  523
3  56.0  557
4  32.0  474
5  24.0  548
6  80.0  508
7  36.0  584
1  77.0  489
2  27.0  414
3  41.0  405
4  60.0  519
5  38.0  474
6  33.0  538
7  56.0  500
1  40.0  510
2  58.0  522
3  46.0  480
4  35.0  473
5  41.0  466
6  50.0  486
7  40.0  537
1  79.0  509
2  64.0  532
3  74.0  537
4  51.0  507
5  47.0  632
6  45.0  592
7  34.0  564
1  25.0  506
2  45.0  452
3  36.0  395
4  40.0  518
5  27.0  438
6  51.0  579
7  18.0  457
1  34.0  519
2  47.0  525
3  18.0  211
4  46.0  374
5  25.0  507
6  41.0  494
7  16.0  485
1  76.0  462
2  47.0  377
3  80.0  521
4  66.0  546
5  57.0  546
6  38.0  580
7  38.0  398
1  66.0  482
2  83.0  520
3  64.0  502
4  30.0  366
5  51.0  560
6  39.0  390
7  25.0  580
1  65.0  514
2  28.0  409
3  42.0  456
4  32.0  393
5  77.0  490
6  43.0  410
7  27.0  585
1  45.0  364
2  57.0  527
3  63.0  523
4  46.0  479
5  56.0  570
6  66.0  556
7  36.0  455
1  60.0  510
2  23.0  360
3  37.0  406
4  38.0  376
5  49.0  523
6  20.0  507
7  39.0  536
1  54.0  486
2  24.0  461
3  19.0  362
4  52.0  480
5  47.0  539
6  53.0  631
7  43.0  465
1  59.0  475
2  73.0  504
3  83.0  527
4  50.0  482
5  65.0  594
6  44.0  508
7  38.0  523
1  42.0  460
2  24.0  476
3  40.0  480
4  62.0  590
5  69.0  508
6  50.0  530
7  56.0  520
1  75.0  476
2  33.0  359
3  48.0  528
4  45.0  465
5  36.0  398
6  33.0  505
7  60.0  553
1  44.0  440
2  54.0  517
3  48.0  414
4  23.0  451
5  64.0  539
6  32.0  471
7  60.0  566
1  2.0  215
2  26.0  372
3  61.0  522
4  16.0  345
5  36.0  654
6  60.0  489
7  44.0  516
1  72.0  506
2  54.0  524
3  65.0  520
4  50.0  404
5  30.0  453
6  72.0  500
7  54.0  613
1  39.0  525
2  45.0  477
3  45.0  521
4  49.0  480
5  21.0  383
6  42.0  498
7  32.0  470
1  73.0  518
2  49.0  518
3  51.0  476
4  40.0  547
5  84.0  553
6  45.0  446
7  37.0  660
1  48.0  437
2  49.0  530
3  14.0  285
4  20.0  318
5  48.0  464
6  31.0  583
7  41.0  474
1  20.0  491
2  42.0  490
3  32.0  522
4  65.0  572
5  34.0  537
6  41.0  571
7  43.0  561
1  23.0  283
2  41.0  516
3  46.0  524
4  57.0  550
5  43.0  457
6  25.0  433
7  41.0  437
1  48.0  466
2  55.0  392
3  27.0  383
4  46.0  500
5  51.0  519
6  74.0  551
7  31.0  510
1  53.0  513
2  47.0  454
3  51.0  430
4  37.0  506
5  14.0  322
6  36.0  543
7  34.0  470
1  38.0  496
2  26.0  498
3  50.0  489
4  76.0  569
5  52.0  410
6  66.0  424
7  44.0  636
1  61.0  508
2  78.0  524
3  68.0  442
4  69.0  469
5  70.0  583
6  56.0  550
7  23.0  545
1  67.0  494
2  74.0  512
3  80.0  533
4  39.0  471
5  52.0  479
6  71.0  528
7  25.0  678
1  67.0  477
2  65.0  511
3  35.0  475
4  52.0  512
5  24.0  508
6  75.0  553
7  47.0  616
1  49.0  526
2  46.0  490
3  53.0  524
4  43.0  475
5  14.0  358
6  16.0  306
7  43.0  403
1  54.0  508
2  44.0  530
3  66.0  489
4  30.0  421
5  69.0  485
6  31.0  559
7  40.0  449
1  52.0  502
2  20.0  424
3  57.0  450
4  55.0  542
5  38.0  451
6  64.0  606
7  23.0  588
1  83.0  512
2  44.0  513
3  37.0  551
4  60.0  561
5  52.0  502
6  70.0  520
7  58.0  568
1  57.0  451
2  53.0  468
3  45.0  516
4  18.0  444
5  50.0  497
6  36.0  522
7  40.0  439
1  78.0  502
2  25.0  409
3  51.0  565
4  55.0  517
5  48.0  548
6  20.0  495
7  40.0  562
1  86.0  489
2  58.0  514
3  50.0  466
4  62.0  502
5  55.0  488
6  23.0  423
7  49.0  549
1  19.0  490
2  22.0  273
3  41.0  523
4  33.0  426
5  42.0  493
6  44.0  594
7  68.0  538
1  34.0  278
2  80.0  535
3  26.0  511
4  64.0  542
5  47.0  559
6  43.0  620
7  56.0  573
1  65.0  500
2  69.0  509
3  22.0  377
4  25.0  440
5  54.0  640
6  48.0  567
7  41.0  579
1  53.0  483
2  46.0  498
3  21.0  240
4  60.0  557
5  57.0  400
6  54.0  554
7  22.0  355
1  46.0  511
2  77.0  491
3  28.0  423
4  47.0  466
5  67.0  641
6  29.0  521
7  41.0  522
1  83.0  509
2  19.0  380
3  23.0  511
4  48.0  528
5  55.0  532
6  48.0  563
7  41.0  584
1  47.0  410
2  47.0  404
3  75.0  521
4  23.0  516
5  46.0  390
6  36.0  513
7  28.0  553
1  33.0  473
2  23.0  429
3  49.0  535
4  65.0  513
5  74.0  509
6  52.0  580
7  28.0  523
1  70.0  508
2  69.0  510
3  35.0  505
4  34.0  533
5  69.0  495
6  64.0  554
7  41.0  540
1  62.0  509
2  37.0  499
3  65.0  512
4  65.0  538
5  17.0  385
6  52.0  498
7  68.0  463
1  34.0  367
2  45.0  457
3  63.0  479
4  74.0  549
5  81.0  563
6  24.0  612
7  43.0  520
1  38.0  491
2  57.0  487
3  28.0  364
4  18.0  485
5  50.0  540
6  53.0  555
7  20.0  557
1  73.0  508
2  53.0  500
3  77.0  524
4  33.0  397
5  29.0  397
6  56.0  612
7  21.0  580
1  68.0  512
2  61.0  520
3  18.0  337
4  55.0  524
5  26.0  577
6  38.0  452
7  64.0  567
1  73.0  522
2  40.0  508
3  77.0  601
4  55.0  405
5  43.0  392
6  56.0  511
7  53.0  452
1  41.0  437
2  30.0  353
3  17.0  278
4  15.0  355
5  79.0  510
6  20.0  520
7  25.0  460
1  23.0  459
2  39.0  463
3  63.0  546
4  26.0  314
5  82.0  503
6  23.0  528
7  42.0  550
1  46.0  421
2  56.0  489
3  48.0  468
4  51.0  552
5  34.0  519
6  27.0  598
7  43.0  496
1  72.0  507
2  63.0  518
3  57.0  496
4  32.0  519
5  41.0  517
6  55.0  621
7  63.0  578
1  25.0  436
2  37.0  448
3  39.0  458
4  30.0  496
5  29.0  473
6  42.0  479
7  14.0  501
1  45.0  496
2  5.0  307
3  71.0  530
4  89.0  512
5  23.0  515
6  39.0  505
7  46.0  593
1  58.0  520
2  32.0  472
3  28.0  453
4  46.0  519
5  31.0  503
6  12.0  445
7  63.0  584
1  72.0  453
2  65.0  504
3  43.0  546
4  53.0  578
5  44.0  525
6  46.0  574
7  35.0  557
1  89.0  500
2  53.0  484
3  68.0  518
4  37.0  520
5  53.0  565
6  10.0  329
7  52.0  508
1  38.0  408
2  44.0  415
3  61.0  521
4  45.0  551
5  51.0  545
6  44.0  368
7  47.0  490
1  20.0  436
2  41.0  456
3  41.0  471
4  71.0  482
5  47.0  538
6  58.0  545
7  48.0  625
1  18.0  310
2  31.0  331
3  46.0  461
4  37.0  501
5  46.0  501
6  28.0  445
7  25.0  436
