0  55.200000000000003  3019
1  47.100000000000001  2755
2  40.700000000000003  3026
3  43.799999999999997  2614
4  44.600000000000001  2572
5  54.799999999999997  2525
6  57.600000000000001  2355
7  52.200000000000003  2219
8  49.799999999999997  2382
9  47.0  2109
10  51.799999999999997  2171
11  63.299999999999997  2145
12  60.600000000000001  1984
13  45.899999999999999  1759
14  58.200000000000003  1998
15  64.900000000000006  1997
16  55.700000000000003  2063
17  71.0  1750
18  61.700000000000003  2011
19  65.200000000000003  1586
20  56.700000000000003  1661
0  49.899999999999999  2705
1  42.100000000000001  2893
2  46.799999999999997  2673
3  37.799999999999997  2754
4  49.700000000000003  2542
5  50.0  2421
6  61.600000000000001  2426
7  56.200000000000003  1853
8  59.600000000000001  2174
9  57.200000000000003  2280
10  61.5  1908
11  55.899999999999999  2175
12  34.100000000000001  2178
13  67.5  1765
14  48.799999999999997  2132
15  57.600000000000001  1869
16  67.200000000000003  2067
17  62.100000000000001  1935
18  67.599999999999994  1865
19  69.799999999999997  1929
20  56.700000000000003  1952
0  43.899999999999999  2984
1  38.0  3086
2  40.799999999999997  3009
3  51.399999999999999  2578
4  39.700000000000003  2790
5  45.100000000000001  2739
6  58.600000000000001  2581
7  48.0  2097
8  48.100000000000001  2535
9  55.399999999999999  2195
10  56.0  2236
11  60.399999999999999  2145
12  52.700000000000003  2368
13  59.899999999999999  2051
14  57.700000000000003  2082
15  58.299999999999997  1813
16  57.100000000000001  2062
17  64.099999999999994  1891
18  60.299999999999997  1579
19  64.400000000000006  1657
20  61.0  1753
0  40.100000000000001  3035
1  47.399999999999999  2784
2  42.200000000000003  2431
3  41.700000000000003  2780
4  51.0  2545
5  51.700000000000003  2675
6  43.299999999999997  2501
7  51.100000000000001  2287
8  45.100000000000001  2741
9  54.600000000000001  1946
10  52.299999999999997  2232
11  51.899999999999999  1978
12  61.299999999999997  2027
13  49.399999999999999  2131
14  45.200000000000003  2044
15  62.600000000000001  2007
16  56.5  2212
17  60.299999999999997  1740
18  70.599999999999994  2004
19  70.599999999999994  1661
20  61.0  1868
0  50.100000000000001  2615
1  41.299999999999997  3049
2  46.5  3119
3  43.5  2392
4  49.0  2273
5  44.700000000000003  3123
6  54.0  2526
7  62.600000000000001  2423
8  54.299999999999997  2114
9  50.100000000000001  2116
10  45.0  2097
11  57.0  2325
12  52.799999999999997  2356
13  64.799999999999997  2013
14  62.899999999999999  1699
15  54.899999999999999  2325
16  54.399999999999999  1821
17  64.0  2163
18  65.700000000000003  1722
19  58.299999999999997  1560
20  51.600000000000001  1639
0  47.700000000000003  3032
1  43.299999999999997  2611
2  49.899999999999999  2844
3  43.399999999999999  2962
4  55.299999999999997  2676
5  48.299999999999997  2378
6  51.700000000000003  2383
7  50.5  2579
8  62.5  2174
9  49.799999999999997  2227
10  55.5  2313
11  65.700000000000003  2316
12  58.5  2164
13  55.600000000000001  2130
14  56.200000000000003  2214
15  60.100000000000001  1903
16  72.0  2009
17  60.600000000000001  1887
18  62.5  2000
19  63.200000000000003  1737
20  66.5  1945
0  43.700000000000003  3128
1  46.200000000000003  2256
2  45.200000000000003  3017
3  48.0  2700
4  54.200000000000003  2688
5  51.799999999999997  2716
6  47.600000000000001  2531
7  51.5  2313
8  43.5  2230
9  52.299999999999997  2375
10  65.200000000000003  2465
11  60.100000000000001  2057
12  62.200000000000003  1898
13  61.299999999999997  2129
14  67.700000000000003  2099
15  56.899999999999999  2072
16  57.100000000000001  1862
17  72.099999999999994  1815
18  57.600000000000001  1743
19  65.200000000000003  1781
20  62.100000000000001  1744
0  37.799999999999997  2841
1  40.100000000000001  2934
2  42.200000000000003  2433
3  44.799999999999997  2795
4  45.399999999999999  2631
5  46.899999999999999  2651
6  56.899999999999999  2423
7  44.600000000000001  2531
8  47.0  2571
9  60.200000000000003  2046
10  58.5  2225
11  60.100000000000001  1849
12  55.399999999999999  1993
13  56.700000000000003  1983
14  55.100000000000001  1452
15  52.399999999999999  2112
16  59.299999999999997  2259
17  54.200000000000003  1869
18  61.899999999999999  1956
19  60.600000000000001  1493
20  76.799999999999997  1208
0  42.399999999999999  2937
1  32.700000000000003  2589
2  53.5  2758
3  39.0  2565
4  48.799999999999997  2433
5  50.5  2740
6  46.600000000000001  2388
7  47.5  2576
8  49.799999999999997  2640
9  58.600000000000001  2080
10  57.799999999999997  1955
11  61.700000000000003  2332
12  65.0  2239
13  56.399999999999999  2245
14  57.200000000000003  1647
15  60.200000000000003  1898
16  49.399999999999999  1891
17  66.400000000000006  1440
18  70.700000000000003  1492
19  55.200000000000003  1920
20  67.900000000000006  1653
0  46.5  3016
1  43.200000000000003  2794
2  46.0  2834
3  40.799999999999997  2702
4  59.5  2753
5  52.200000000000003  2644
6  64.599999999999994  2480
7  53.799999999999997  2332
8  53.399999999999999  2503
9  39.0  2574
10  58.0  2254
11  59.299999999999997  2193
12  52.799999999999997  1904
13  56.600000000000001  2396
14  65.0  2081
15  62.799999999999997  2041
16  64.799999999999997  1869
17  52.0  2090
18  64.900000000000006  1580
19  59.799999999999997  1890
20  67.299999999999997  1631
0  45.700000000000003  2793
1  39.700000000000003  2753
2  47.799999999999997  2872
3  37.600000000000001  2065
4  44.200000000000003  2573
5  56.700000000000003  2336
6  56.100000000000001  2584
7  41.299999999999997  2124
8  52.0  1998
9  60.399999999999999  2226
10  61.299999999999997  2099
11  60.700000000000003  1870
12  55.700000000000003  2151
13  48.100000000000001  2194
14  69.599999999999994  1814
15  62.200000000000003  1825
16  59.299999999999997  1875
17  60.200000000000003  1487
18  71.299999999999997  1612
19  59.0  2074
20  71.599999999999994  1581
0  40.899999999999999  3091
1  76.200000000000003  1789
2  47.200000000000003  2842
3  51.5  2791
4  50.899999999999999  2850
5  47.0  2570
6  50.100000000000001  2264
7  50.5  2461
8  45.299999999999997  1936
9  58.799999999999997  2189
10  51.100000000000001  2048
11  54.399999999999999  2356
12  52.799999999999997  2009
13  60.200000000000003  1534
14  46.299999999999997  2225
15  56.0  2163
16  58.5  2242
17  55.100000000000001  1911
18  58.100000000000001  1840
19  66.200000000000003  1871
20  67.599999999999994  1498
0  49.5  2897
1  38.799999999999997  2806
2  45.399999999999999  2746
3  40.299999999999997  2651
4  42.799999999999997  3065
5  41.899999999999999  2234
6  46.299999999999997  2796
7  51.700000000000003  2408
8  54.5  2422
9  54.100000000000001  2543
10  59.0  2170
11  56.399999999999999  1774
12  58.100000000000001  2198
13  63.700000000000003  1522
14  45.399999999999999  1809
15  62.299999999999997  1604
16  62.299999999999997  1699
17  67.0  1812
18  63.600000000000001  1922
19  60.700000000000003  1853
20  67.700000000000003  1534
0  35.600000000000001  3198
1  44.799999999999997  2716
2  45.600000000000001  2459
3  47.899999999999999  2499
4  36.600000000000001  2587
5  50.399999999999999  2313
6  46.5  2886
7  41.899999999999999  2553
8  52.299999999999997  2643
9  53.399999999999999  2463
10  57.899999999999999  2429
11  52.799999999999997  2391
12  56.899999999999999  2186
13  48.799999999999997  2542
14  65.200000000000003  1927
15  50.5  2191
16  56.799999999999997  2106
17  65.5  1672
18  56.200000000000003  1855
19  54.899999999999999  1780
20  63.5  1582
0  40.700000000000003  3092
1  47.899999999999999  2699
2  49.100000000000001  3047
3  49.299999999999997  2900
4  42.100000000000001  2663
5  53.700000000000003  2338
6  61.899999999999999  2399
7  33.700000000000003  2052
8  53.0  2209
9  53.100000000000001  2647
10  49.299999999999997  2245
11  53.899999999999999  1676
12  53.600000000000001  2179
13  60.0  2330
14  54.799999999999997  1908
15  62.299999999999997  1894
16  59.200000000000003  1891
17  64.299999999999997  1899
18  59.100000000000001  1926
19  69.0  1954
20  60.899999999999999  1503
0  42.899999999999999  2986
1  50.0  2856
2  52.600000000000001  2633
3  48.899999999999999  2985
4  53.600000000000001  2757
5  47.0  2783
6  53.600000000000001  2430
7  63.200000000000003  2420
8  49.399999999999999  2281
9  59.100000000000001  1944
10  53.600000000000001  2348
11  72.5  1936
12  54.600000000000001  1817
13  55.799999999999997  2209
14  58.700000000000003  2240
15  59.100000000000001  2101
16  61.5  2010
17  71.0  1779
18  58.200000000000003  2105
19  61.799999999999997  2094
20  59.5  1587
0  41.200000000000003  2741
1  42.299999999999997  2920
2  49.200000000000003  2877
3  43.700000000000003  2604
4  43.899999999999999  2808
5  48.100000000000001  2612
6  58.5  2768
7  55.200000000000003  2376
8  53.5  1893
9  58.399999999999999  2321
10  64.200000000000003  2579
11  49.5  2380
12  56.799999999999997  2439
13  59.100000000000001  1623
14  62.600000000000001  1704
15  54.299999999999997  2018
16  54.799999999999997  1735
17  62.799999999999997  1959
18  64.5  1899
19  64.400000000000006  1635
20  62.0  1906
0  41.100000000000001  3082
1  34.799999999999997  2700
2  41.899999999999999  2575
3  48.399999999999999  2850
4  52.799999999999997  2585
5  54.100000000000001  2632
6  44.100000000000001  2611
7  53.799999999999997  2568
8  51.799999999999997  2113
9  43.399999999999999  2435
10  46.100000000000001  1981
11  48.700000000000003  2090
12  51.700000000000003  2306
13  45.899999999999999  2113
14  62.600000000000001  1672
15  66.400000000000006  1921
16  75.099999999999994  1968
17  65.099999999999994  1603
18  50.399999999999999  1815
19  59.700000000000003  1475
20  61.0  1697
0  46.5  2652
1  44.5  2384
2  50.799999999999997  2776
3  42.899999999999999  2562
4  55.600000000000001  2620
5  54.899999999999999  2263
6  54.600000000000001  2156
7  60.700000000000003  2526
8  45.0  2777
9  51.5  2494
10  69.400000000000006  1867
11  55.399999999999999  2223
12  52.700000000000003  1902
13  67.900000000000006  1850
14  57.799999999999997  1596
15  59.799999999999997  1367
16  58.700000000000003  1945
17  57.899999999999999  1766
18  67.0  1816
19  71.799999999999997  1818
20  65.700000000000003  1476
0  47.200000000000003  2985
1  49.899999999999999  2750
2  50.600000000000001  2478
3  41.399999999999999  3079
4  49.899999999999999  2833
5  53.200000000000003  2370
6  51.100000000000001  2576
7  57.100000000000001  2188
8  58.0  2523
9  50.100000000000001  2598
10  50.5  1857
11  59.600000000000001  1708
12  56.899999999999999  1975
13  53.799999999999997  2026
14  60.899999999999999  2190
15  63.799999999999997  1800
16  59.399999999999999  1837
17  69.200000000000003  1479
18  63.600000000000001  1598
19  68.599999999999994  1793
20  61.899999999999999  2055
0  42.299999999999997  2786
1  45.899999999999999  2655
2  46.700000000000003  2601
3  53.700000000000003  2537
4  57.0  2660
5  53.5  2528
6  49.0  2450
7  46.200000000000003  2617
8  50.600000000000001  2325
9  52.0  2250
10  58.200000000000003  2245
11  62.0  2147
12  53.5  1876
13  58.200000000000003  2140
14  48.600000000000001  1975
15  53.100000000000001  1895
16  67.900000000000006  1923
17  59.200000000000003  1451
18  63.299999999999997  1798
19  57.600000000000001  1462
20  61.799999999999997  1655
0  49.100000000000001  2860
1  46.799999999999997  2545
2  54.299999999999997  2479
3  54.0  2886
4  46.600000000000001  2447
5  54.399999999999999  2676
6  39.600000000000001  2477
7  49.0  2500
8  50.899999999999999  2679
9  52.299999999999997  2082
10  58.0  2417
11  61.799999999999997  2278
12  56.899999999999999  2372
13  66.700000000000003  2017
14  59.700000000000003  1931
15  57.799999999999997  2081
16  60.700000000000003  1785
17  52.899999999999999  2192
18  59.700000000000003  1575
19  63.700000000000003  1504
20  57.399999999999999  1821
0  46.5  2616
1  51.600000000000001  2767
2  51.100000000000001  2546
3  52.200000000000003  2788
4  53.5  2772
5  45.700000000000003  2241
6  54.5  2359
7  54.799999999999997  2328
8  57.100000000000001  2279
9  49.899999999999999  1830
10  64.0  2074
11  53.799999999999997  2270
12  61.100000000000001  2283
13  57.100000000000001  1739
14  62.5  2258
15  61.5  1920
16  59.600000000000001  2279
17  60.0  1685
18  56.799999999999997  2231
19  60.0  1318
20  50.100000000000001  1874
0  44.600000000000001  3171
1  36.600000000000001  2300
2  38.799999999999997  2503
3  30.199999999999999  2728
4  48.899999999999999  2558
5  62.0  2357
6  49.299999999999997  2197
7  46.299999999999997  2403
8  50.200000000000003  2427
9  48.5  1915
10  57.200000000000003  2149
11  52.700000000000003  2401
12  53.600000000000001  1827
13  66.400000000000006  1970
14  50.299999999999997  2061
15  67.0  2125
16  66.400000000000006  2108
17  53.299999999999997  1796
18  65.200000000000003  1616
19  74.099999999999994  1809
20  61.200000000000003  1870
0  39.899999999999999  3363
1  52.5  2663
2  41.200000000000003  2419
3  39.799999999999997  2435
4  44.600000000000001  2650
5  53.799999999999997  2458
6  45.700000000000003  2371
7  58.899999999999999  2178
8  36.600000000000001  2627
9  51.200000000000003  2409
10  44.600000000000001  2068
11  54.0  2505
12  45.799999999999997  1939
13  48.200000000000003  2204
14  58.0  2032
15  73.099999999999994  1980
16  57.600000000000001  1980
17  63.799999999999997  2388
18  67.400000000000006  1784
19  66.599999999999994  2001
20  63.600000000000001  1663
0  45.899999999999999  2810
1  46.799999999999997  2574
2  52.899999999999999  2793
3  52.200000000000003  2864
4  51.299999999999997  2558
5  57.799999999999997  2402
6  50.0  2595
7  48.799999999999997  2844
8  48.700000000000003  2411
9  39.0  2535
10  51.700000000000003  2164
11  63.200000000000003  2410
12  51.299999999999997  2599
13  54.200000000000003  2149
14  61.299999999999997  1797
15  61.700000000000003  1867
16  58.299999999999997  1984
17  63.799999999999997  1799
18  61.200000000000003  1903
19  57.600000000000001  1623
20  70.299999999999997  1600
0  51.200000000000003  2960
1  45.299999999999997  2791
2  43.899999999999999  2799
3  46.0  2557
4  49.0  2619
5  41.700000000000003  2490
6  54.600000000000001  2583
7  54.5  2693
8  53.299999999999997  2509
9  52.299999999999997  2656
10  58.799999999999997  2432
11  65.400000000000006  1719
12  58.5  2364
13  62.299999999999997  1920
14  66.799999999999997  1983
15  58.600000000000001  1811
16  62.100000000000001  1687
17  55.0  1996
18  72.599999999999994  1646
19  58.899999999999999  1921
20  66.799999999999997  1774
0  43.799999999999997  2830
1  40.600000000000001  3031
2  59.899999999999999  2890
3  46.100000000000001  2613
4  47.799999999999997  2641
5  46.700000000000003  2275
6  54.5  2217
7  54.0  2160
8  50.899999999999999  2595
9  51.399999999999999  2426
10  51.399999999999999  2256
11  62.299999999999997  1756
12  61.399999999999999  2372
13  53.899999999999999  2298
14  64.5  2210
15  58.299999999999997  1945
16  66.5  1478
17  64.599999999999994  1866
18  47.200000000000003  2448
19  65.200000000000003  1804
20  75.900000000000006  1541
0  44.0  2683
1  51.0  2883
2  46.600000000000001  3055
3  47.5  2705
4  40.799999999999997  2535
5  42.0  2708
6  49.799999999999997  2425
7  56.399999999999999  2565
8  43.100000000000001  2258
9  56.0  1921
10  55.399999999999999  2320
11  51.100000000000001  2053
12  43.600000000000001  2260
13  49.700000000000003  1842
14  49.399999999999999  2195
15  53.399999999999999  2808
16  42.899999999999999  2373
17  54.799999999999997  2037
18  58.5  1714
19  58.600000000000001  1552
20  57.200000000000003  1822
0  38.399999999999999  3122
1  42.799999999999997  2727
2  51.200000000000003  3057
3  39.899999999999999  2984
4  42.5  2734
5  52.600000000000001  2454
6  57.5  2442
7  53.0  2323
8  54.5  2340
9  44.299999999999997  2581
10  49.399999999999999  2545
11  53.899999999999999  2249
12  57.100000000000001  2364
13  66.200000000000003  2246
14  59.700000000000003  2026
15  49.5  2251
16  64.5  1701
17  60.600000000000001  2100
18  62.299999999999997  1888
19  71.599999999999994  1495
20  66.599999999999994  1567
0  34.100000000000001  3410
1  41.0  2984
2  44.700000000000003  2559
3  54.100000000000001  2497
4  50.0  2668
5  49.200000000000003  2650
6  67.0  2209
7  51.5  2520
8  48.200000000000003  2182
9  63.299999999999997  1799
10  48.5  2472
11  63.399999999999999  2107
12  51.299999999999997  2124
13  46.200000000000003  1773
14  55.5  2150
15  58.700000000000003  2280
16  69.5  1649
17  51.700000000000003  1895
18  58.899999999999999  1747
19  66.5  1556
20  62.799999999999997  1936
0  42.399999999999999  3049
1  41.700000000000003  2756
2  47.399999999999999  2953
3  57.0  2368
4  50.0  2509
5  45.299999999999997  2443
6  45.299999999999997  2226
7  46.5  2190
8  51.600000000000001  2301
9  56.5  2528
10  57.299999999999997  2412
11  54.0  1933
12  69.900000000000006  1910
13  54.799999999999997  2189
14  51.299999999999997  1981
15  62.899999999999999  2013
16  67.200000000000003  2024
17  64.099999999999994  1757
18  68.799999999999997  2025
19  57.799999999999997  1961
20  65.799999999999997  1756
0  47.200000000000003  2735
1  54.5  2704
2  40.799999999999997  2631
3  50.600000000000001  2835
4  43.200000000000003  2683
5  48.700000000000003  2727
6  47.799999999999997  2601
7  51.0  2556
8  65.900000000000006  1922
9  57.200000000000003  2215
10  50.200000000000003  2649
11  58.0  2263
12  56.5  1991
13  59.399999999999999  1784
14  65.099999999999994  1861
15  51.5  1980
16  60.899999999999999  1988
17  61.899999999999999  2129
18  62.399999999999999  1923
19  65.0  1680
20  63.0  1610
0  32.299999999999997  2398
1  46.100000000000001  3005
2  64.099999999999994  2432
3  39.899999999999999  2533
4  47.399999999999999  2636
5  48.100000000000001  2628
6  52.399999999999999  2093
7  53.600000000000001  2606
8  47.600000000000001  2110
9  57.399999999999999  2538
10  46.899999999999999  2066
11  62.799999999999997  2125
12  55.700000000000003  2120
13  50.5  2043
14  51.5  2009
15  70.799999999999997  1991
16  71.5  1649
17  55.899999999999999  1779
18  64.299999999999997  2014
19  59.299999999999997  2131
20  66.599999999999994  1724
0  39.600000000000001  2927
1  54.299999999999997  2966
2  51.5  2748
3  49.200000000000003  2673
4  37.399999999999999  2805
5  38.600000000000001  2168
6  53.100000000000001  2723
7  47.100000000000001  2386
8  58.0  2312
9  47.899999999999999  2676
10  59.0  1796
11  57.799999999999997  2358
12  54.700000000000003  2014
13  53.100000000000001  1892
14  56.700000000000003  1799
15  65.5  1691
16  72.299999999999997  1654
17  64.900000000000006  1846
18  61.399999999999999  1771
19  48.700000000000003  1831
20  73.200000000000003  1401
0  52.0  3063
1  38.399999999999999  2798
2  40.299999999999997  2733
3  43.100000000000001  2782
4  49.600000000000001  2556
5  47.399999999999999  2722
6  56.899999999999999  2143
7  45.299999999999997  2546
8  47.899999999999999  2505
9  59.799999999999997  2160
10  55.200000000000003  2164
11  63.200000000000003  1816
12  58.0  1922
13  60.600000000000001  2115
14  60.5  1975
15  69.0  1633
16  55.700000000000003  1945
17  61.799999999999997  1310
18  63.200000000000003  1963
19  69.900000000000006  1744
20  72.700000000000003  1349
0  49.799999999999997  2968
1  40.200000000000003  3091
2  49.200000000000003  2527
3  43.399999999999999  2714
4  43.799999999999997  2612
5  37.399999999999999  2080
6  53.5  2598
7  48.899999999999999  2384
8  57.0  2285
9  50.0  2491
10  61.200000000000003  2112
11  56.700000000000003  2436
12  55.299999999999997  2174
13  63.799999999999997  1695
14  53.0  1898
15  61.299999999999997  2204
16  64.200000000000003  1990
17  64.900000000000006  1841
18  73.299999999999997  1869
19  74.799999999999997  1691
20  69.099999999999994  1538
0  50.799999999999997  2773
1  49.600000000000001  2892
2  46.0  2767
3  39.799999999999997  2457
4  36.600000000000001  2331
5  50.200000000000003  2678
6  35.600000000000001  2323
7  60.200000000000003  2335
8  60.299999999999997  2140
9  66.599999999999994  2064
10  50.799999999999997  2247
11  55.100000000000001  2247
12  61.100000000000001  2037
13  61.899999999999999  2357
14  66.400000000000006  1930
15  57.700000000000003  1759
16  55.899999999999999  2017
17  65.900000000000006  1775
18  50.100000000000001  1810
19  55.299999999999997  1911
20  63.299999999999997  1632
0  46.700000000000003  2783
1  51.100000000000001  2982
2  37.299999999999997  2741
3  48.0  2713
4  62.100000000000001  2488
5  46.600000000000001  2844
6  54.100000000000001  1904
7  52.5  2134
8  53.200000000000003  2252
9  45.5  2071
10  51.200000000000003  2398
11  59.5  2142
12  49.399999999999999  2295
13  55.200000000000003  2094
14  57.200000000000003  1793
15  60.600000000000001  1957
16  54.399999999999999  2100
17  68.299999999999997  1907
18  64.700000000000003  1793
19  59.200000000000003  1891
20  68.0  1843
0  51.399999999999999  3018
1  38.299999999999997  3080
2  47.399999999999999  3115
3  47.5  2710
4  49.600000000000001  2823
5  51.600000000000001  2742
6  47.799999999999997  2753
7  46.799999999999997  2433
8  53.299999999999997  2380
9  59.700000000000003  2284
10  58.700000000000003  2440
11  42.799999999999997  2313
12  61.299999999999997  2106
13  57.299999999999997  2000
14  58.299999999999997  2052
15  68.400000000000006  1725
16  64.700000000000003  1758
17  73.099999999999994  1445
18  63.600000000000001  2078
19  68.299999999999997  1693
20  67.200000000000003  1857
0  40.200000000000003  2782
1  41.600000000000001  3167
2  49.200000000000003  2878
3  48.399999999999999  2557
4  42.799999999999997  2489
5  50.100000000000001  2631
6  43.5  2014
7  49.899999999999999  2454
8  57.299999999999997  2136
9  54.5  2394
10  59.799999999999997  1866
11  53.700000000000003  2374
12  63.100000000000001  1990
13  55.200000000000003  2372
14  68.099999999999994  1681
15  59.299999999999997  2082
16  59.5  1831
17  63.600000000000001  1617
18  65.099999999999994  2027
19  67.5  1880
20  63.899999999999999  1722
0  50.399999999999999  2543
1  48.5  2738
2  42.0  2929
3  44.5  2859
4  45.799999999999997  2570
5  59.399999999999999  2803
6  52.399999999999999  2442
7  48.200000000000003  2309
8  50.600000000000001  2163
9  54.600000000000001  2160
10  51.100000000000001  2129
11  62.100000000000001  1954
12  58.100000000000001  1783
13  63.700000000000003  2052
14  53.700000000000003  2174
15  58.799999999999997  1884
16  59.0  1808
17  71.200000000000003  1886
18  56.600000000000001  1958
19  55.700000000000003  1857
20  67.400000000000006  1320
0  45.399999999999999  3359
1  43.100000000000001  2702
2  49.200000000000003  2810
3  47.5  2982
4  45.200000000000003  2713
5  41.700000000000003  3069
6  55.100000000000001  2538
7  53.5  2632
8  52.600000000000001  2139
9  43.399999999999999  2488
10  58.200000000000003  2188
11  54.200000000000003  2629
12  47.799999999999997  2289
13  61.899999999999999  2004
14  56.5  2117
15  56.200000000000003  2028
16  53.399999999999999  2308
17  73.200000000000003  1712
18  63.100000000000001  1945
19  59.200000000000003  1761
20  62.100000000000001  1576
0  43.0  3316
1  49.399999999999999  3062
2  48.299999999999997  2877
3  49.299999999999997  2849
4  48.600000000000001  2803
5  50.399999999999999  2280
6  51.299999999999997  2361
7  48.299999999999997  2490
8  48.299999999999997  2416
9  54.5  2341
10  57.600000000000001  2264
11  44.399999999999999  1893
12  61.200000000000003  2031
13  50.0  2053
14  59.5  1932
15  67.299999999999997  1683
16  60.600000000000001  1630
17  69.599999999999994  1606
18  66.200000000000003  1811
19  68.799999999999997  1407
20  54.899999999999999  1708
0  39.0  2992
1  42.299999999999997  2520
2  49.700000000000003  2914
3  52.0  2893
4  44.299999999999997  2872
5  57.0  2179
6  68.400000000000006  2174
7  61.0  2305
8  48.700000000000003  2201
9  49.200000000000003  2310
10  53.399999999999999  2336
11  59.0  2042
12  58.0  2211
13  58.100000000000001  1493
14  57.200000000000003  2019
15  61.5  2081
16  64.099999999999994  1997
17  67.900000000000006  1623
18  64.099999999999994  2080
19  51.299999999999997  1625
20  69.900000000000006  1819
0  42.5  3171
1  32.299999999999997  2563
2  46.399999999999999  2487
3  48.5  3255
4  49.100000000000001  2937
5  56.799999999999997  2796
6  46.700000000000003  2554
7  40.399999999999999  1994
8  54.899999999999999  2171
9  52.600000000000001  2322
10  52.899999999999999  2268
11  54.299999999999997  2103
12  65.400000000000006  2013
13  61.5  1791
14  59.799999999999997  1986
15  47.5  1945
16  62.799999999999997  2247
17  62.200000000000003  1948
18  71.400000000000006  1750
19  60.899999999999999  1849
20  60.600000000000001  1875
0  32.600000000000001  2586
1  45.200000000000003  2874
2  44.700000000000003  2592
3  43.100000000000001  2644
4  50.299999999999997  2800
5  54.399999999999999  2837
6  57.700000000000003  1914
7  50.299999999999997  2235
8  53.100000000000001  2387
9  49.0  2364
10  61.299999999999997  2057
11  55.600000000000001  2176
12  47.299999999999997  2228
13  57.399999999999999  2385
14  54.200000000000003  1647
15  60.100000000000001  2095
16  55.299999999999997  1982
17  65.200000000000003  1627
18  60.700000000000003  1877
19  67.200000000000003  1582
20  65.099999999999994  1787
0  33.100000000000001  3052
1  45.799999999999997  2737
2  38.200000000000003  2532
3  43.100000000000001  2219
4  45.200000000000003  2690
5  42.399999999999999  2661
6  73.900000000000006  1403
7  59.5  2627
8  52.899999999999999  2019
9  34.799999999999997  2012
10  61.600000000000001  1819
11  58.0  1707
12  58.5  1710
13  56.799999999999997  2059
14  57.200000000000003  2078
15  63.5  1931
16  65.5  1930
17  52.5  1862
18  65.5  1827
19  66.299999999999997  1934
20  61.399999999999999  1778
0  42.899999999999999  2547
1  50.0  2679
2  41.5  3065
3  47.700000000000003  2557
4  53.799999999999997  2318
5  44.299999999999997  2583
6  53.899999999999999  2600
7  51.100000000000001  2371
8  62.799999999999997  2210
9  47.799999999999997  2265
10  39.299999999999997  2497
11  61.299999999999997  2046
12  59.799999999999997  2187
13  55.200000000000003  1943
14  42.200000000000003  2275
15  62.399999999999999  1995
16  55.399999999999999  1714
17  60.5  1894
18  43.700000000000003  1736
19  63.700000000000003  1808
20  70.700000000000003  1657
0  29.300000000000001  3245
1  35.399999999999999  2739
2  42.799999999999997  3138
3  63.799999999999997  2830
4  47.399999999999999  2494
5  48.399999999999999  2873
6  60.399999999999999  2705
7  55.100000000000001  2359
8  50.899999999999999  2359
9  61.100000000000001  2120
10  46.5  2439
11  64.5  1898
12  61.100000000000001  1994
13  58.600000000000001  2102
14  59.899999999999999  2070
15  58.600000000000001  2084
16  59.100000000000001  2037
17  63.700000000000003  1894
18  67.099999999999994  1818
19  58.5  1978
20  64.799999999999997  1428
0  40.299999999999997  2959
1  45.0  3269
2  45.200000000000003  2756
3  42.100000000000001  2693
4  57.0  2481
5  55.0  2450
6  55.700000000000003  2545
7  48.200000000000003  2178
8  55.100000000000001  2694
9  53.899999999999999  2470
10  61.899999999999999  1873
11  58.799999999999997  2005
12  66.200000000000003  2359
13  49.200000000000003  2127
14  63.600000000000001  2233
15  61.299999999999997  2171
16  54.100000000000001  1895
17  57.600000000000001  1759
18  51.0  2090
19  72.700000000000003  1752
20  63.700000000000003  1543
0  38.600000000000001  2410
1  39.899999999999999  2947
2  47.200000000000003  2641
3  53.600000000000001  2239
4  49.100000000000001  2591
5  51.700000000000003  2162
6  46.600000000000001  2615
7  58.5  2113
8  60.700000000000003  2755
9  50.100000000000001  2084
10  54.700000000000003  2315
11  44.100000000000001  2246
12  63.100000000000001  2318
13  56.799999999999997  2077
14  62.700000000000003  1999
15  62.5  1899
16  64.0  2252
17  61.600000000000001  1788
18  65.700000000000003  1783
19  64.099999999999994  1375
20  66.200000000000003  1812
0  47.200000000000003  2592
1  57.899999999999999  2573
2  40.899999999999999  2793
3  52.5  2638
4  51.100000000000001  2840
5  60.0  2546
6  46.100000000000001  2758
7  46.100000000000001  2483
8  52.299999999999997  2264
9  53.100000000000001  2552
10  55.0  2118
11  61.200000000000003  2264
12  44.600000000000001  2044
13  57.0  1697
14  61.600000000000001  1912
15  64.200000000000003  2081
16  51.799999999999997  2020
17  57.299999999999997  1786
18  71.599999999999994  1498
19  73.0  1885
20  65.400000000000006  1896
0  49.100000000000001  3067
1  47.299999999999997  2660
2  53.5  2572
3  46.0  2508
4  47.399999999999999  2755
5  51.299999999999997  2631
6  59.0  2510
7  49.700000000000003  2641
8  56.299999999999997  2587
9  55.700000000000003  1920
10  41.899999999999999  2472
11  53.0  1944
12  55.5  2590
13  53.600000000000001  2010
14  52.899999999999999  2061
15  67.700000000000003  1652
16  59.399999999999999  1915
17  62.100000000000001  1989
18  56.399999999999999  1942
19  70.700000000000003  1461
20  53.200000000000003  1755
0  49.200000000000003  2987
1  53.600000000000001  2895
2  48.899999999999999  2634
3  47.0  2852
4  37.600000000000001  2732
5  47.299999999999997  2414
6  44.200000000000003  2481
7  46.700000000000003  2405
8  50.799999999999997  2088
9  65.0  1974
10  65.799999999999997  2216
11  66.799999999999997  2046
12  60.799999999999997  2122
13  50.399999999999999  2281
14  61.0  1854
15  58.700000000000003  1964
16  66.799999999999997  1851
17  45.299999999999997  2007
18  63.299999999999997  1867
19  64.700000000000003  1570
20  59.799999999999997  1623
0  44.299999999999997  3096
1  46.899999999999999  2671
2  43.399999999999999  2424
3  46.899999999999999  2854
4  39.299999999999997  2573
5  60.899999999999999  2605
6  60.299999999999997  2309
7  59.799999999999997  2253
8  58.200000000000003  2640
9  59.5  2169
10  64.900000000000006  2225
11  54.200000000000003  2264
12  58.200000000000003  1669
13  54.100000000000001  2017
14  59.600000000000001  1773
15  68.599999999999994  2143
16  63.299999999999997  2012
17  53.0  1668
18  59.799999999999997  1782
19  72.200000000000003  1587
20  62.799999999999997  1899
0  50.700000000000003  2855
1  43.700000000000003  2628
2  59.100000000000001  2419
3  37.899999999999999  2598
4  41.700000000000003  2627
5  51.799999999999997  2618
6  57.600000000000001  2260
7  59.899999999999999  2247
8  47.399999999999999  2385
9  60.200000000000003  2377
10  50.100000000000001  2458
11  56.100000000000001  2253
12  54.600000000000001  2409
13  54.100000000000001  1958
14  59.899999999999999  1953
15  58.299999999999997  1799
16  58.0  1880
17  65.599999999999994  1750
18  58.799999999999997  1863
19  71.400000000000006  1807
20  60.600000000000001  1730
0  51.100000000000001  2860
1  51.299999999999997  2990
2  45.5  2736
3  38.600000000000001  2551
4  48.700000000000003  2890
5  49.299999999999997  2509
6  54.799999999999997  2739
7  45.700000000000003  2489
8  51.200000000000003  2134
9  50.299999999999997  2293
10  67.700000000000003  2091
11  55.700000000000003  2297
12  53.799999999999997  2224
13  57.5  2033
14  61.200000000000003  1961
15  59.200000000000003  1715
16  70.400000000000006  1915
17  61.700000000000003  1854
18  62.0  1994
19  63.100000000000001  1756
20  64.299999999999997  1625
0  47.700000000000003  2803
1  38.399999999999999  2846
2  34.200000000000003  2895
3  35.700000000000003  2570
4  52.100000000000001  2628
5  45.0  2387
6  47.299999999999997  2332
7  48.100000000000001  2307
8  52.0  1926
9  60.5  1962
10  60.799999999999997  2386
11  61.200000000000003  2117
12  50.600000000000001  2630
13  70.799999999999997  1946
14  58.799999999999997  1670
15  59.5  1888
16  49.200000000000003  2199
17  54.200000000000003  1897
18  61.299999999999997  1805
19  55.5  2067
20  67.900000000000006  1540
0  34.100000000000001  3024
1  50.700000000000003  3057
2  54.799999999999997  2816
3  50.200000000000003  2622
4  54.600000000000001  2523
5  52.899999999999999  2859
6  52.299999999999997  2513
7  62.100000000000001  2468
8  61.600000000000001  2141
9  48.399999999999999  2080
10  57.5  1980
11  58.399999999999999  2036
12  60.200000000000003  2073
13  55.200000000000003  2253
14  63.5  1797
15  56.0  2236
16  66.299999999999997  1889
17  66.900000000000006  1879
18  68.200000000000003  1779
19  72.400000000000006  1797
20  56.899999999999999  1725
0  37.100000000000001  2613
1  35.600000000000001  2740
2  54.899999999999999  2612
3  40.100000000000001  2824
4  41.700000000000003  2986
5  59.600000000000001  2107
6  56.0  2565
7  54.899999999999999  2343
8  45.399999999999999  2351
9  47.0  2237
10  49.5  2257
11  61.200000000000003  1898
12  54.100000000000001  2067
13  65.0  1835
14  56.899999999999999  2101
15  57.399999999999999  1941
16  66.700000000000003  1742
17  63.899999999999999  1712
18  48.799999999999997  1782
19  62.0  1770
20  78.900000000000006  1323
0  47.399999999999999  2958
1  56.0  2667
2  48.899999999999999  2631
3  47.100000000000001  2727
4  47.200000000000003  2787
5  50.600000000000001  2602
6  61.100000000000001  2416
7  48.600000000000001  2100
8  55.100000000000001  2279
9  41.399999999999999  2252
10  47.799999999999997  2415
11  74.900000000000006  1779
12  49.299999999999997  2241
13  53.100000000000001  1979
14  56.700000000000003  2305
15  42.200000000000003  1965
16  64.400000000000006  1517
17  66.0  1975
18  55.899999999999999  2112
19  64.400000000000006  1790
20  65.400000000000006  1677
0  36.200000000000003  2877
1  39.399999999999999  2658
2  49.399999999999999  2877
3  51.100000000000001  2706
4  40.799999999999997  2629
5  52.5  2393
6  50.899999999999999  2066
7  49.5  2512
8  53.700000000000003  2128
9  48.299999999999997  2783
10  60.5  2105
11  63.100000000000001  2075
12  57.700000000000003  1930
13  56.0  2247
14  51.899999999999999  1868
15  53.100000000000001  1854
16  62.399999999999999  1988
17  62.100000000000001  1793
18  60.700000000000003  1748
19  69.799999999999997  1372
20  65.599999999999994  1930
0  42.399999999999999  3015
1  46.899999999999999  2933
2  32.5  2625
3  41.100000000000001  2570
4  48.600000000000001  2647
5  54.899999999999999  2612
6  50.600000000000001  2491
7  56.899999999999999  2412
8  52.299999999999997  2272
9  52.0  2146
10  55.700000000000003  1737
11  52.399999999999999  2098
12  54.0  2020
13  62.200000000000003  1989
14  57.799999999999997  1949
15  60.899999999999999  2106
16  50.799999999999997  1857
17  64.099999999999994  1869
18  59.799999999999997  1947
19  59.100000000000001  1654
20  58.600000000000001  1683
0  45.899999999999999  2956
1  43.5  2890
2  48.5  2772
3  38.700000000000003  2772
4  45.0  2244
5  58.600000000000001  2579
6  56.399999999999999  2520
7  51.0  2444
8  49.299999999999997  2084
9  58.299999999999997  2320
10  50.299999999999997  1888
11  56.0  2190
12  60.100000000000001  2070
13  58.799999999999997  2291
14  54.299999999999997  1834
15  66.5  1613
16  58.399999999999999  2107
17  50.299999999999997  1951
18  69.5  1376
19  52.799999999999997  1861
20  61.5  1688
0  45.0  2682
1  50.5  2742
2  38.5  2673
3  50.600000000000001  2341
4  50.899999999999999  2593
5  41.899999999999999  2299
6  46.799999999999997  2296
7  49.0  2470
8  52.5  2387
9  49.0  2933
10  54.5  2283
11  52.399999999999999  1948
12  63.100000000000001  2227
13  70.799999999999997  1694
14  55.600000000000001  2086
15  65.5  2181
16  59.299999999999997  2069
17  53.600000000000001  1961
18  60.700000000000003  1833
19  63.600000000000001  1556
20  66.599999999999994  1877
0  38.399999999999999  3543
1  42.899999999999999  2950
2  45.299999999999997  2440
3  48.200000000000003  2799
4  41.5  2863
5  50.700000000000003  2530
6  51.0  2174
7  57.899999999999999  2624
8  51.700000000000003  2376
9  48.5  2183
10  65.099999999999994  2291
11  54.299999999999997  2122
12  56.700000000000003  2429
13  54.200000000000003  2306
14  67.0  1743
15  64.099999999999994  1987
16  59.899999999999999  2078
17  62.100000000000001  2169
18  62.799999999999997  2022
19  53.200000000000003  2014
20  67.299999999999997  1541
0  36.399999999999999  2693
1  27.399999999999999  2708
2  44.0  2589
3  40.600000000000001  2728
4  60.600000000000001  2598
5  54.799999999999997  2029
6  43.299999999999997  2645
7  51.600000000000001  2241
8  61.100000000000001  2330
9  45.5  2649
10  60.799999999999997  2156
11  56.799999999999997  2211
12  52.600000000000001  1936
13  69.0  2018
14  68.400000000000006  1716
15  59.700000000000003  2284
16  56.5  1678
17  58.799999999999997  1794
18  69.0  1760
19  54.5  1738
20  67.0  1869
0  33.299999999999997  2787
1  44.600000000000001  2730
2  48.899999999999999  2658
3  47.0  2673
4  48.899999999999999  2690
5  38.899999999999999  2444
6  38.399999999999999  2608
7  53.399999999999999  2795
8  56.200000000000003  2506
9  66.200000000000003  1981
10  46.899999999999999  2792
11  56.100000000000001  2052
12  62.100000000000001  2017
13  46.399999999999999  2064
14  59.200000000000003  1770
15  58.299999999999997  2000
16  54.799999999999997  2192
17  57.299999999999997  2011
18  67.700000000000003  1955
19  58.399999999999999  1893
20  71.900000000000006  1755
0  47.0  2780
1  43.0  3111
2  54.799999999999997  2681
3  45.700000000000003  2676
4  46.200000000000003  2207
5  55.100000000000001  2391
6  49.0  2973
7  48.200000000000003  2148
8  56.799999999999997  2103
9  49.5  2179
10  50.799999999999997  2389
11  63.600000000000001  2208
12  59.299999999999997  1849
13  58.200000000000003  1859
14  54.200000000000003  2114
15  59.799999999999997  1952
16  65.5  1783
17  56.399999999999999  1986
18  54.799999999999997  2159
19  59.700000000000003  1948
20  63.799999999999997  1750
0  47.5  2782
1  42.0  3218
2  34.700000000000003  2650
3  48.0  2844
4  38.200000000000003  2194
5  61.899999999999999  2493
6  57.0  2664
7  40.799999999999997  2060
8  56.899999999999999  2267
9  52.399999999999999  2345
10  50.600000000000001  2088
11  57.100000000000001  2272
12  64.5  1739
13  52.100000000000001  2177
14  67.5  2158
15  51.299999999999997  1582
16  63.299999999999997  1758
17  71.299999999999997  1793
18  65.099999999999994  1637
19  62.100000000000001  2322
20  67.5  1603
0  36.299999999999997  2542
1  43.100000000000001  2665
2  47.600000000000001  2904
3  50.299999999999997  2533
4  49.5  2641
5  44.299999999999997  2885
6  50.100000000000001  2568
7  53.899999999999999  2417
8  63.200000000000003  2539
9  50.700000000000003  2761
10  56.5  1990
11  49.799999999999997  2019
12  59.5  2113
13  63.299999999999997  1782
14  60.799999999999997  2141
15  70.099999999999994  1698
16  67.400000000000006  1728
17  61.5  2045
18  59.100000000000001  2096
19  55.799999999999997  1759
20  70.5  1675
0  46.0  2845
1  37.899999999999999  3138
2  42.600000000000001  2508
3  41.799999999999997  3027
4  38.799999999999997  2807
5  50.100000000000001  2787
6  47.100000000000001  2691
7  63.5  2404
8  46.5  2269
9  50.799999999999997  2220
10  66.0  2254
11  58.200000000000003  2007
12  50.399999999999999  1824
13  59.200000000000003  1833
14  63.0  1765
15  52.299999999999997  2031
16  56.799999999999997  1734
17  60.5  1753
18  63.100000000000001  1596
19  66.299999999999997  1994
20  64.900000000000006  1701
0  41.299999999999997  2330
1  49.100000000000001  2716
2  46.799999999999997  2675
3  47.5  2433
4  43.600000000000001  2366
5  62.299999999999997  2742
6  47.5  2503
7  54.799999999999997  2519
8  61.399999999999999  2292
9  46.5  2276
10  55.700000000000003  2053
11  58.600000000000001  2169
12  59.0  2310
13  51.899999999999999  2245
14  67.700000000000003  1801
15  57.399999999999999  1658
16  66.099999999999994  1956
17  59.899999999999999  2113
18  55.100000000000001  1716
19  65.0  1544
20  67.0  1833
0  49.700000000000003  2933
1  44.0  2276
2  53.700000000000003  2565
3  55.799999999999997  2125
4  50.5  2518
5  62.5  2128
6  62.200000000000003  2346
7  63.200000000000003  2223
8  55.899999999999999  2351
9  56.200000000000003  2350
10  57.200000000000003  2120
11  55.299999999999997  2292
12  55.399999999999999  1861
13  53.899999999999999  1870
14  70.0  1898
15  52.899999999999999  2220
16  60.700000000000003  1936
17  63.200000000000003  2109
18  55.200000000000003  1927
19  65.0  1652
20  64.0  1816
0  38.600000000000001  3310
1  45.0  2716
2  50.100000000000001  2795
3  53.0  2743
4  46.899999999999999  2689
5  47.799999999999997  2590
6  52.100000000000001  2342
7  44.399999999999999  1934
8  59.899999999999999  2395
9  54.600000000000001  2492
10  60.899999999999999  2186
11  63.100000000000001  2182
12  51.5  1860
13  48.100000000000001  2119
14  58.600000000000001  1833
15  56.5  2114
16  58.700000000000003  2039
17  56.799999999999997  1825
18  66.799999999999997  1621
19  60.799999999999997  1967
20  64.599999999999994  1805
0  38.700000000000003  2921
1  43.0  2798
2  47.600000000000001  2896
3  45.100000000000001  2592
4  48.700000000000003  2361
5  45.100000000000001  2463
6  50.200000000000003  2385
7  53.299999999999997  2752
8  59.700000000000003  2353
9  49.399999999999999  2266
10  53.299999999999997  2112
11  65.0  2069
12  58.200000000000003  2268
13  55.799999999999997  2308
14  66.0  1636
15  47.600000000000001  2235
16  65.400000000000006  1782
17  62.0  2012
18  50.399999999999999  1916
19  65.599999999999994  1696
20  72.599999999999994  1362
0  29.300000000000001  2573
1  38.299999999999997  2516
2  40.899999999999999  2623
3  54.200000000000003  2897
4  39.700000000000003  2653
5  42.700000000000003  2525
6  50.700000000000003  2587
7  50.700000000000003  2163
8  52.799999999999997  2311
9  57.100000000000001  2255
10  48.399999999999999  2103
11  58.5  2054
12  51.700000000000003  2137
13  50.700000000000003  2003
14  68.900000000000006  1995
15  54.799999999999997  2205
16  68.799999999999997  1963
17  65.5  2055
18  63.5  1752
19  64.400000000000006  1817
20  54.600000000000001  1745
0  43.100000000000001  3177
1  42.799999999999997  2883
2  36.899999999999999  2840
3  42.899999999999999  2982
4  53.200000000000003  2467
5  43.200000000000003  2556
6  45.5  2375
7  51.0  2689
8  52.200000000000003  2316
9  54.299999999999997  2212
10  48.5  2287
11  52.5  2136
12  59.799999999999997  2349
13  65.099999999999994  2004
14  63.799999999999997  2060
15  62.399999999999999  2052
16  53.700000000000003  1737
17  69.799999999999997  1703
18  58.5  1578
19  61.200000000000003  1901
20  60.899999999999999  1607
0  51.100000000000001  2876
1  50.799999999999997  3095
2  45.100000000000001  2905
3  53.299999999999997  3049
4  39.700000000000003  2647
5  48.100000000000001  2306
6  48.600000000000001  2679
7  53.700000000000003  2343
8  55.0  2225
9  63.5  2559
10  52.600000000000001  2611
11  61.799999999999997  1606
12  63.100000000000001  1781
13  50.799999999999997  2293
14  61.600000000000001  2302
15  61.0  1702
16  47.299999999999997  1991
17  63.600000000000001  1842
18  68.5  1829
19  53.0  2281
20  69.400000000000006  1494
0  39.899999999999999  2916
1  41.399999999999999  2873
2  36.299999999999997  2427
3  56.899999999999999  2890
4  56.700000000000003  2372
5  50.899999999999999  2492
6  46.399999999999999  2703
7  53.899999999999999  2630
8  49.299999999999997  2064
9  67.900000000000006  1995
10  79.5  1234
11  59.5  2458
12  66.099999999999994  2336
13  60.0  2138
14  63.600000000000001  2032
15  62.0  2320
16  60.200000000000003  2003
17  65.0  1501
18  66.099999999999994  1889
19  64.0  1885
20  65.0  1657
0  47.700000000000003  3070
1  37.299999999999997  2529
2  53.799999999999997  2588
3  46.899999999999999  2939
4  42.600000000000001  2593
5  53.299999999999997  2432
6  46.200000000000003  2276
7  56.100000000000001  2288
8  59.200000000000003  2001
9  65.0  2172
10  62.0  1984
11  55.899999999999999  2109
12  52.799999999999997  2147
13  63.0  2233
14  64.099999999999994  1882
15  68.299999999999997  1515
16  68.5  1713
17  58.600000000000001  1702
18  68.0  1840
19  61.600000000000001  1928
20  71.299999999999997  1626
0  39.200000000000003  2983
1  35.799999999999997  2306
2  45.5  3034
3  50.600000000000001  2836
4  44.899999999999999  2284
5  46.299999999999997  2612
6  46.700000000000003  2505
7  56.200000000000003  2514
8  58.399999999999999  1820
9  53.600000000000001  2114
10  52.299999999999997  2496
11  57.700000000000003  2561
12  62.399999999999999  1963
13  56.299999999999997  1891
14  56.899999999999999  2064
15  51.0  2195
16  63.399999999999999  1670
17  71.0  1708
18  66.299999999999997  1840
19  60.700000000000003  1744
20  72.400000000000006  1575
0  42.0  3326
1  45.899999999999999  2979
2  48.700000000000003  2765
3  52.100000000000001  2191
4  48.100000000000001  2640
5  50.200000000000003  2357
6  52.5  2591
7  59.5  2617
8  47.600000000000001  2306
9  63.200000000000003  2225
10  54.399999999999999  2264
11  56.899999999999999  1990
12  57.600000000000001  2239
13  57.5  1897
14  53.700000000000003  1590
15  56.0  1824
16  48.0  2077
17  71.700000000000003  1782
18  58.100000000000001  1785
19  63.299999999999997  2333
20  73.0  1598
0  40.100000000000001  2876
1  43.399999999999999  3243
2  48.799999999999997  3220
3  40.600000000000001  2759
4  52.399999999999999  2509
5  45.700000000000003  2338
6  50.799999999999997  2162
7  56.0  2283
8  53.600000000000001  2464
9  62.600000000000001  2235
10  55.399999999999999  2183
11  57.5  2198
12  53.399999999999999  2167
13  53.600000000000001  1992
14  65.799999999999997  1895
15  65.200000000000003  1691
16  60.700000000000003  1795
17  61.899999999999999  1781
18  58.5  1871
19  51.399999999999999  2218
20  62.200000000000003  1567
0  46.700000000000003  2873
1  43.899999999999999  2773
2  50.899999999999999  3162
3  43.700000000000003  2722
4  54.799999999999997  2692
5  47.299999999999997  2513
6  59.200000000000003  2073
7  45.100000000000001  2402
8  57.5  2359
9  58.299999999999997  1990
10  50.399999999999999  2345
11  54.200000000000003  1934
12  57.100000000000001  2385
13  64.0  1501
14  59.5  2128
15  70.599999999999994  1728
16  61.700000000000003  1888
17  58.299999999999997  2148
18  62.200000000000003  2115
19  66.5  1954
20  64.200000000000003  1507
0  40.0  2859
1  36.899999999999999  2481
2  36.299999999999997  2764
3  44.5  2590
4  55.200000000000003  2866
5  56.100000000000001  2154
6  48.200000000000003  2452
7  49.5  2607
8  57.299999999999997  2090
9  50.600000000000001  2301
10  49.0  2583
11  59.299999999999997  2300
12  54.5  2303
13  55.200000000000003  2280
14  57.0  1827
15  68.099999999999994  1927
16  58.700000000000003  1913
17  59.299999999999997  1905
18  60.600000000000001  1793
19  67.200000000000003  1628
20  67.0  1745
0  48.799999999999997  2940
1  38.700000000000003  2749
2  52.200000000000003  2395
3  52.299999999999997  2608
4  56.0  2571
5  47.0  2269
6  51.399999999999999  2077
7  60.600000000000001  2280
8  47.799999999999997  2455
9  48.899999999999999  2667
10  44.899999999999999  2290
11  62.399999999999999  2003
12  59.700000000000003  1947
13  48.0  1673
14  54.100000000000001  2180
15  57.5  2156
16  75.0  1518
17  65.5  2069
18  55.200000000000003  2123
19  59.600000000000001  1524
20  51.100000000000001  1968
0  44.600000000000001  2759
1  49.700000000000003  2744
2  45.200000000000003  2560
3  46.200000000000003  2496
4  46.100000000000001  2924
5  45.5  2510
6  44.700000000000003  2747
7  52.100000000000001  2003
8  56.399999999999999  2531
9  66.200000000000003  1708
10  47.600000000000001  2354
11  59.299999999999997  2486
12  53.700000000000003  1901
13  59.600000000000001  1873
14  52.899999999999999  2010
15  52.799999999999997  2520
16  64.200000000000003  1963
17  59.700000000000003  2187
18  55.399999999999999  2056
19  74.900000000000006  1271
20  68.0  1505
0  40.799999999999997  2799
1  41.299999999999997  2686
2  52.799999999999997  2745
3  37.600000000000001  2743
4  42.200000000000003  2711
5  50.799999999999997  2412
6  47.600000000000001  2702
7  51.299999999999997  2249
8  60.700000000000003  2091
9  50.399999999999999  2884
10  42.899999999999999  2011
11  63.100000000000001  1920
12  56.600000000000001  2141
13  58.200000000000003  1951
14  66.0  2120
15  57.5  1855
16  67.200000000000003  2044
17  63.600000000000001  1949
18  63.600000000000001  1799
19  54.0  1986
20  67.799999999999997  1575
0  42.600000000000001  2820
1  48.100000000000001  2767
2  50.700000000000003  2458
3  39.899999999999999  2853
4  44.899999999999999  2226
5  47.100000000000001  2681
6  46.0  2170
7  55.799999999999997  1956
8  43.899999999999999  2924
9  52.5  2340
10  57.899999999999999  2449
11  58.600000000000001  2321
12  71.599999999999994  1920
13  64.799999999999997  2127
14  54.299999999999997  2153
15  57.399999999999999  2197
16  63.200000000000003  1502
17  73.0  1596
18  66.799999999999997  1668
19  64.599999999999994  1883
20  57.799999999999997  1855
0  41.200000000000003  3259
1  37.899999999999999  2796
2  43.0  2870
3  53.200000000000003  2791
4  46.799999999999997  2103
5  55.5  2282
6  59.100000000000001  2130
7  58.399999999999999  2515
8  50.899999999999999  2340
9  59.0  2002
10  50.0  2317
11  63.5  1800
12  58.299999999999997  1980
13  63.200000000000003  1932
14  55.899999999999999  1936
15  63.5  1980
16  64.099999999999994  1814
17  73.700000000000003  1487
18  63.200000000000003  1764
19  67.299999999999997  1827
20  64.799999999999997  1624
0  38.399999999999999  3312
1  40.799999999999997  3150
2  42.200000000000003  3109
3  46.299999999999997  2494
4  50.5  2860
5  46.5  2497
6  44.399999999999999  2147
7  57.399999999999999  2244
8  51.600000000000001  2268
9  57.100000000000001  2132
10  52.0  2247
11  46.799999999999997  2272
12  57.0  2102
13  60.799999999999997  2051
14  49.600000000000001  2270
15  56.5  1848
16  59.299999999999997  1913
17  68.5  1921
18  47.5  1793
19  57.700000000000003  2078
20  65.700000000000003  1647
0  42.700000000000003  2810
1  44.399999999999999  2924
2  45.700000000000003  2732
3  57.899999999999999  2569
4  44.0  2690
5  52.5  2571
6  47.600000000000001  2390
7  48.600000000000001  2347
8  62.399999999999999  2042
9  56.700000000000003  2341
10  56.799999999999997  2271
11  55.899999999999999  2210
12  54.399999999999999  2492
13  59.399999999999999  2273
14  56.899999999999999  2418
15  56.100000000000001  2241
16  70.099999999999994  1936
17  61.299999999999997  2133
18  64.900000000000006  1988
19  67.299999999999997  1361
20  67.5  1750
0  45.100000000000001  3089
1  40.100000000000001  2514
2  42.600000000000001  3001
3  41.799999999999997  2577
4  47.700000000000003  2757
5  49.200000000000003  2769
6  62.399999999999999  2310
7  53.399999999999999  2355
8  52.399999999999999  2354
9  47.799999999999997  2241
10  52.799999999999997  2461
11  53.799999999999997  2371
12  65.200000000000003  2071
13  58.100000000000001  2103
14  54.200000000000003  2096
15  66.900000000000006  2092
16  56.799999999999997  2189
17  67.099999999999994  1925
18  64.700000000000003  1907
19  60.200000000000003  1732
20  75.299999999999997  1418
0  34.899999999999999  2496
1  41.899999999999999  2749
2  49.799999999999997  2475
3  50.5  2646
4  54.399999999999999  2497
5  37.700000000000003  2354
6  57.899999999999999  2459
7  47.299999999999997  2245
8  52.899999999999999  2601
9  48.0  2173
10  50.0  2305
11  57.899999999999999  2328
12  56.899999999999999  1997
13  67.900000000000006  1997
14  55.600000000000001  1929
15  56.600000000000001  1722
16  62.700000000000003  2018
17  50.399999999999999  2272
18  68.400000000000006  1631
19  56.200000000000003  1937
20  68.400000000000006  1730
0  44.0  2488
1  39.600000000000001  3116
2  39.100000000000001  2554
3  45.200000000000003  2526
4  51.600000000000001  2573
5  50.200000000000003  2585
6  55.600000000000001  2523
7  47.200000000000003  2907
8  53.600000000000001  2327
9  50.600000000000001  2288
10  68.299999999999997  2206
11  54.200000000000003  2054
12  55.600000000000001  1982
13  56.399999999999999  1677
14  65.099999999999994  1964
15  47.5  2366
16  64.200000000000003  2078
17  63.299999999999997  1774
18  62.600000000000001  1794
19  61.399999999999999  1406
20  63.0  1945
0  45.899999999999999  2808
1  46.5  3209
2  55.0  2736
3  41.200000000000003  2617
4  53.799999999999997  2598
5  64.099999999999994  2383
6  47.0  2832
7  62.100000000000001  2486
8  50.200000000000003  2185
9  55.5  2312
10  58.899999999999999  2068
11  54.100000000000001  2007
12  50.100000000000001  2134
13  61.299999999999997  1586
14  52.899999999999999  2196
15  55.200000000000003  2193
16  58.700000000000003  1395
17  60.399999999999999  1788
18  56.0  2081
19  65.700000000000003  1734
20  68.200000000000003  1762
0  46.799999999999997  2929
1  49.200000000000003  3052
2  49.600000000000001  2868
3  47.899999999999999  2855
4  44.299999999999997  2915
5  46.299999999999997  2742
6  48.600000000000001  2708
7  67.700000000000003  2326
8  58.0  2325
9  56.0  2294
10  60.700000000000003  2456
11  64.5  1969
12  43.899999999999999  2240
13  52.899999999999999  2000
14  51.100000000000001  2527
15  55.899999999999999  1748
16  57.799999999999997  2126
17  47.5  1593
18  55.899999999999999  2079
19  66.099999999999994  2034
20  68.599999999999994  1751
0  45.700000000000003  2537
1  45.600000000000001  2485
2  39.299999999999997  2427
3  43.299999999999997  2678
4  53.799999999999997  2740
5  48.200000000000003  2611
6  52.100000000000001  2469
7  51.700000000000003  2286
8  52.600000000000001  2227
9  58.700000000000003  1866
10  50.899999999999999  2221
11  58.0  1916
12  68.099999999999994  1957
13  57.700000000000003  2053
14  63.5  2102
15  67.0  1647
16  57.799999999999997  1914
17  48.200000000000003  1703
18  66.5  1778
19  62.5  1541
20  63.399999999999999  1528
