1  17.0  181
2  36.0  479
3  69.0  288
4  56.0  307
5  64.0  311
6  28.0  426
7  41.0  323
1  56.0  554
2  50.0  232
3  55.0  344
4  44.0  351
5  49.0  421
6  40.0  303
7  59.0  439
1  49.0  385
2  37.0  495
3  33.0  417
4  33.0  423
5  52.0  344
6  31.0  421
7  46.0  443
1  47.0  553
2  74.0  373
3  80.0  308
4  25.0  374
5  62.0  408
6  39.0  225
7  41.0  399
1  46.0  371
2  56.0  308
3  52.0  385
4  48.0  483
5  35.0  420
6  53.0  426
7  49.0  471
1  66.0  343
2  67.0  420
3  68.0  337
4  76.0  331
5  32.0  344
6  36.0  429
7  55.0  294
1  41.0  276
2  69.0  314
3  42.0  546
4  18.0  301
5  40.0  403
6  12.0  382
7  43.0  348
1  37.0  301
2  55.0  421
3  60.0  435
4  13.0  393
5  17.0  349
6  28.0  480
7  49.0  415
1  75.0  359
2  41.0  372
3  41.0  376
4  41.0  366
5  34.0  380
6  55.0  432
7  89.0  263
1  80.0  325
2  26.0  240
3  41.0  336
4  13.0  224
5  71.0  364
6  54.0  400
7  40.0  417
1  35.0  397
2  13.0  574
3  47.0  712
4  25.0  384
5  33.0  440
6  38.0  414
7  32.0  495
1  58.0  481
2  41.0  393
3  59.0  456
4  48.0  367
5  58.0  341
6  32.0  417
7  33.0  529
1  62.0  448
2  46.0  549
3  19.0  450
4  21.0  530
5  38.0  443
6  43.0  479
7  24.0  345
1  24.0  595
2  76.0  303
3  37.0  418
4  16.0  167
5  92.0  255
6  27.0  343
7  52.0  410
1  31.0  413
2  46.0  408
3  48.0  443
4  32.0  430
5  23.0  528
6  56.0  465
7  47.0  494
1  89.0  294
2  66.0  333
3  13.0  404
4  30.0  416
5  57.0  402
6  55.0  431
7  64.0  431
1  50.0  418
2  57.0  446
3  40.0  228
4  36.0  403
5  13.0  421
6  11.0  334
7  66.0  386
1  33.0  421
2  66.0  329
3  28.0  259
4  57.0  271
5  61.0  574
6  46.0  362
7  29.0  462
1  87.0  314
2  50.0  434
3  40.0  512
4  51.0  344
5  21.0  333
6  36.0  475
7  34.0  482
1  78.0  355
2  58.0  359
3  17.0  469
4  29.0  516
5  56.0  380
6  67.0  412
7  43.0  258
1  33.0  470
2  48.0  479
3  35.0  480
4  67.0  436
5  30.0  495
6  40.0  412
7  48.0  444
1  36.0  385
2  46.0  496
3  64.0  381
4  56.0  369
5  29.0  540
6  46.0  396
7  48.0  477
1  26.0  298
2  33.0  556
3  35.0  191
4  38.0  420
5  31.0  433
6  33.0  402
7  39.0  411
1  26.0  299
2  46.0  591
3  47.0  392
4  58.0  378
5  42.0  382
6  53.0  274
7  23.0  630
1  58.0  536
2  35.0  411
3  82.0  339
4  59.0  394
5  73.0  334
6  65.0  387
7  34.0  300
1  61.0  291
2  29.0  341
3  30.0  436
4  43.0  434
5  33.0  448
6  49.0  413
7  39.0  531
1  53.0  557
2  39.0  563
3  64.0  337
4  69.0  345
5  50.0  398
6  35.0  386
7  59.0  326
1  65.0  309
2  24.0  217
3  30.0  316
4  15.0  366
5  38.0  420
6  37.0  463
7  79.0  285
1  58.0  230
2  65.0  431
3  13.0  363
4  18.0  242
5  48.0  428
6  41.0  408
7  66.0  314
1  56.0  464
2  38.0  382
3  76.0  321
4  81.0  321
5  38.0  503
6  63.0  373
7  46.0  561
1  42.0  473
2  34.0  365
3  64.0  404
4  36.0  358
5  34.0  371
6  48.0  460
7  47.0  510
1  77.0  312
2  66.0  357
3  58.0  477
4  64.0  288
5  58.0  332
6  45.0  452
7  72.0  274
1  53.0  429
2  25.0  495
3  47.0  459
4  67.0  391
5  56.0  446
6  21.0  468
7  49.0  410
1  52.0  435
2  43.0  424
3  53.0  444
4  31.0  379
5  6.0  542
6  42.0  428
7  54.0  414
1  44.0  445
2  37.0  540
3  73.0  344
4  6.0  241
5  68.0  464
6  23.0  468
7  9.0  353
1  96.0  229
2  81.0  262
3  66.0  415
4  52.0  489
5  89.0  273
6  76.0  374
7  36.0  487
1  73.0  356
2  75.0  294
3  53.0  383
4  66.0  449
5  56.0  396
6  63.0  405
7  37.0  444
1  52.0  584
2  47.0  395
3  59.0  234
4  39.0  289
5  24.0  330
6  27.0  340
7  33.0  407
1  52.0  522
2  55.0  395
3  33.0  406
4  66.0  349
5  50.0  454
6  39.0  399
7  27.0  565
1  44.0  504
2  44.0  415
3  47.0  307
4  54.0  450
5  32.0  377
6  40.0  500
7  49.0  482
1  40.0  217
2  25.0  442
3  35.0  490
4  37.0  579
5  30.0  390
6  45.0  492
7  48.0  473
1  29.0  395
2  5.0  549
3  44.0  361
4  58.0  405
5  26.0  373
6  58.0  441
7  40.0  533
1  23.0  353
2  44.0  296
3  22.0  240
4  39.0  362
5  26.0  386
6  58.0  490
7  70.0  433
1  55.0  563
2  61.0  391
3  26.0  397
4  49.0  250
5  50.0  506
6  39.0  412
7  15.0  357
1  72.0  421
2  52.0  400
3  44.0  325
4  55.0  347
5  51.0  500
6  28.0  455
7  50.0  357
1  26.0  161
2  41.0  436
3  54.0  336
4  19.0  270
5  34.0  512
6  39.0  398
7  47.0  479
1  51.0  480
2  54.0  414
3  38.0  371
4  50.0  371
5  36.0  422
6  44.0  347
7  47.0  443
1  4.0  144
2  86.0  246
3  52.0  398
4  64.0  329
5  56.0  395
6  41.0  514
7  57.0  461
1  33.0  393
2  46.0  394
3  50.0  449
4  29.0  658
5  52.0  300
6  19.0  447
7  28.0  615
1  44.0  492
2  45.0  412
3  63.0  391
4  54.0  370
5  48.0  425
6  22.0  412
7  22.0  309
1  29.0  336
2  10.0  389
3  46.0  363
4  43.0  333
5  29.0  500
6  32.0  674
7  48.0  450
1  54.0  402
2  37.0  373
3  24.0  381
4  55.0  375
5  12.0  393
6  37.0  373
7  29.0  311
1  67.0  497
2  35.0  400
3  60.0  285
4  45.0  368
5  53.0  483
6  40.0  506
7  44.0  464
1  64.0  342
2  39.0  565
3  75.0  326
4  54.0  409
5  56.0  410
6  23.0  598
7  34.0  573
1  75.0  367
2  58.0  407
3  59.0  474
4  57.0  447
5  47.0  439
6  22.0  453
7  80.0  335
1  42.0  414
2  34.0  436
3  10.0  437
4  47.0  348
5  25.0  411
6  41.0  296
7  48.0  379
1  75.0  402
2  60.0  344
3  48.0  408
4  41.0  495
5  44.0  321
6  33.0  326
7  41.0  450
1  84.0  292
2  34.0  375
3  61.0  326
4  51.0  449
5  58.0  421
6  26.0  368
7  27.0  507
1  76.0  391
2  56.0  346
3  28.0  328
4  33.0  489
5  41.0  332
6  70.0  308
7  26.0  446
1  83.0  265
2  23.0  329
3  58.0  446
4  57.0  360
5  28.0  453
6  35.0  453
7  43.0  536
1  27.0  410
2  23.0  344
3  56.0  488
4  28.0  433
5  50.0  418
6  80.0  349
7  76.0  310
1  67.0  366
2  53.0  428
3  3.0  310
4  52.0  506
5  33.0  351
6  42.0  281
7  29.0  510
1  41.0  257
2  51.0  300
3  62.0  323
4  26.0  246
5  50.0  450
6  30.0  449
7  70.0  362
1  43.0  527
2  79.0  318
3  45.0  284
4  49.0  459
5  38.0  558
6  58.0  420
7  70.0  332
1  82.0  315
2  63.0  380
3  77.0  377
4  72.0  353
5  47.0  314
6  43.0  405
7  32.0  466
1  81.0  273
2  26.0  433
3  43.0  463
4  44.0  616
5  48.0  412
6  21.0  267
7  19.0  375
1  77.0  345
2  45.0  502
3  40.0  476
4  41.0  429
5  37.0  396
6  52.0  427
7  43.0  477
1  43.0  364
2  32.0  405
3  41.0  395
4  19.0  425
5  42.0  457
6  42.0  360
7  25.0  428
1  80.0  309
2  44.0  507
3  80.0  351
4  54.0  366
5  45.0  471
6  71.0  395
7  52.0  368
1  17.0  295
2  62.0  369
3  26.0  333
4  70.0  336
5  42.0  464
6  75.0  389
7  48.0  467
1  3.0  386
2  62.0  480
3  32.0  326
4  55.0  327
5  47.0  317
6  58.0  488
7  33.0  461
1  49.0  492
2  70.0  357
3  25.0  429
4  67.0  381
5  61.0  516
6  48.0  438
7  47.0  336
1  56.0  246
2  73.0  411
3  26.0  334
4  42.0  370
5  27.0  347
6  32.0  397
7  22.0  563
1  16.0  575
2  49.0  344
3  58.0  393
4  45.0  292
5  26.0  414
6  24.0  654
7  39.0  403
1  68.0  337
2  68.0  363
3  43.0  393
4  38.0  335
5  64.0  431
6  60.0  479
7  32.0  409
1  28.0  580
2  41.0  472
3  38.0  276
4  75.0  346
5  41.0  495
6  5.0  362
7  45.0  401
1  75.0  311
2  17.0  323
3  67.0  364
4  56.0  415
5  40.0  494
6  24.0  498
7  40.0  514
1  38.0  278
2  34.0  575
3  26.0  539
4  17.0  652
5  85.0  305
6  50.0  344
7  36.0  485
1  94.0  250
2  35.0  405
3  65.0  352
4  31.0  350
5  54.0  439
6  13.0  311
7  44.0  500
1  18.0  347
2  41.0  367
3  42.0  348
4  25.0  317
5  35.0  306
6  44.0  505
7  35.0  401
1  42.0  465
2  56.0  371
3  31.0  512
4  80.0  327
5  62.0  442
6  16.0  331
7  43.0  562
1  17.0  490
2  30.0  407
3  43.0  506
4  50.0  401
5  76.0  291
6  52.0  310
7  28.0  286
1  56.0  394
2  47.0  536
3  61.0  296
4  43.0  365
5  63.0  324
6  49.0  415
7  48.0  385
1  42.0  484
2  59.0  283
3  49.0  374
4  66.0  326
5  18.0  332
6  49.0  409
7  26.0  494
1  86.0  277
2  26.0  300
3  38.0  357
4  31.0  534
5  41.0  463
6  57.0  406
7  42.0  377
1  81.0  347
2  14.0  472
3  34.0  256
4  39.0  340
5  33.0  480
6  23.0  276
7  45.0  446
1  52.0  382
2  54.0  340
3  57.0  396
4  41.0  409
5  37.0  304
6  54.0  450
7  48.0  434
1  51.0  299
2  36.0  398
3  23.0  481
4  44.0  451
5  29.0  354
6  45.0  418
7  32.0  512
1  81.0  289
2  53.0  506
3  63.0  381
4  69.0  349
5  59.0  433
6  49.0  247
7  28.0  369
1  68.0  393
2  38.0  454
3  28.0  317
4  18.0  386
5  44.0  522
6  28.0  364
7  29.0  494
1  20.0  298
2  42.0  306
3  46.0  251
4  33.0  505
5  31.0  316
6  47.0  506
7  21.0  481
1  61.0  376
2  70.0  368
3  37.0  253
4  37.0  278
5  69.0  391
6  28.0  307
7  48.0  414
1  25.0  363
2  81.0  335
3  54.0  399
4  66.0  384
5  50.0  374
6  12.0  345
7  21.0  371
1  46.0  361
2  39.0  508
3  62.0  364
4  46.0  448
5  42.0  418
6  34.0  309
7  36.0  498
1  80.0  358
2  34.0  266
3  46.0  266
4  26.0  466
5  27.0  321
6  7.0  310
7  25.0  230
1  43.0  482
2  37.0  263
3  48.0  247
4  37.0  368
5  34.0  318
6  69.0  454
7  13.0  249
1  1.0  607
2  68.0  192
3  72.0  340
4  50.0  351
5  42.0  420
6  43.0  345
7  52.0  352
1  21.0  371
2  81.0  345
3  48.0  423
4  27.0  386
5  31.0  498
6  85.0  293
7  28.0  405
1  44.0  360
2  42.0  342
3  71.0  350
4  52.0  477
5  23.0  314
6  49.0  348
7  42.0  411
1  83.0  345
2  32.0  283
3  44.0  527
4  42.0  415
5  51.0  402
6  17.0  354
7  60.0  432
