2  49.0  1017
4  49.0  1668
6  45.166666666666664  2478
8  45.875  2998
10  49.799999999999997  3990
12  35.25  4052
14  37.857142857142854  5263
16  40.0625  5220
18  38.555555555555557  5840
20  45.75  6490
2  70.5  974
4  46.75  1829
6  50.833333333333336  2635
8  41.5  3283
10  46.399999999999999  3985
12  40.583333333333336  4460
14  34.928571428571431  4166
16  39.3125  5481
18  43.555555555555557  5893
20  38.200000000000003  5637
2  45.5  997
4  41.0  1747
6  33.166666666666664  2337
8  56.0  3577
10  49.5  4321
12  41.833333333333336  4723
14  37.785714285714285  4737
16  46.125  5788
18  27.5  5682
20  39.950000000000003  5996
2  54.5  1040
4  47.25  1921
6  33.666666666666664  2159
8  41.875  3010
10  41.399999999999999  3688
12  45.666666666666664  4870
14  40.571428571428569  4613
16  46.0625  5694
18  42.222222222222221  5951
20  38.0  5998
2  61.0  1017
4  33.75  1853
6  51.5  2859
8  37.125  3064
10  45.5  3717
12  39.916666666666664  4272
14  48.142857142857146  5322
16  37.5  5285
18  35.555555555555557  5303
20  43.0  6167
2  62.5  1023
4  32.5  1526
6  45.833333333333336  2697
8  46.125  2969
10  48.200000000000003  3977
12  44.75  4505
14  42.928571428571431  4924
16  36.625  5208
18  35.222222222222221  5578
20  37.25  6154
2  20.0  856
4  38.75  1649
6  35.833333333333336  2444
8  42.0  3236
10  36.600000000000001  3656
12  47.083333333333336  4619
14  37.142857142857146  4609
16  38.125  5499
18  41.222222222222221  5759
20  40.899999999999999  6621
2  54.5  842
4  41.25  1888
6  37.833333333333336  2479
8  49.75  3343
10  36.5  3829
12  40.25  4073
14  42.214285714285715  5009
16  47.1875  5787
18  41.944444444444443  5707
20  31.949999999999999  5442
2  27.0  698
4  37.5  1898
6  40.666666666666664  2197
8  47.5  3404
10  38.700000000000003  3791
12  39.666666666666664  4332
14  39.357142857142854  5107
16  36.9375  5008
18  50.5  6454
20  39.100000000000001  6098
2  50.5  986
4  44.5  1649
6  51.166666666666664  2634
8  45.0  3276
10  39.200000000000003  3751
12  44.75  4558
14  47.071428571428569  5079
16  37.5  5066
18  31.666666666666668  5482
20  36.200000000000003  6095
2  52.0  945
4  51.75  1841
6  32.5  2488
8  58.0  3388
10  41.600000000000001  3610
12  44.25  4922
14  34.142857142857146  4811
16  32.3125  4732
18  33.555555555555557  5344
20  45.0  6711
2  54.0  962
4  36.75  1681
6  36.166666666666664  2065
8  40.0  3022
10  45.799999999999997  4168
12  44.833333333333336  4800
14  41.5  4948
16  32.4375  5274
18  42.333333333333336  5912
20  42.100000000000001  6296
2  60.5  977
4  31.75  1594
6  51.333333333333336  2780
8  44.375  3089
10  47.299999999999997  3828
12  49.416666666666664  4600
14  41.642857142857146  5110
16  45.6875  5523
18  42.222222222222221  6093
20  41.5  6019
2  74.5  997
4  47.75  1874
6  52.833333333333336  2609
8  42.375  3385
10  37.100000000000001  3333
12  34.5  3807
14  38.428571428571431  4814
16  38.125  5570
18  36.333333333333336  5593
20  39.75  6260
2  55.0  837
4  59.25  1821
6  42.833333333333336  2469
8  54.125  3585
10  51.200000000000003  4177
12  36.083333333333336  4186
14  36.214285714285715  4705
16  35.125  4664
18  37.888888888888886  5842
20  42.950000000000003  6456
2  37.0  1050
4  50.5  1865
6  44.5  2638
8  50.5  3056
10  33.5  3419
12  43.416666666666664  4262
14  36.785714285714285  4836
16  32.8125  5182
18  36.833333333333336  5515
20  33.950000000000003  6105
2  53.0  919
4  52.0  1968
6  36.833333333333336  2118
8  38.875  3136
10  43.299999999999997  4016
12  45.25  4581
14  41.071428571428569  5280
16  44.25  5115
18  37.333333333333336  5705
20  37.649999999999999  6367
2  31.0  662
4  45.25  1867
6  33.833333333333336  2167
8  43.125  2938
10  41.0  3613
12  37.916666666666664  4427
14  45.0  5318
16  36.9375  5317
18  35.444444444444443  5838
20  31.649999999999999  5416
2  32.0  829
4  38.0  1401
6  39.333333333333336  2406
8  35.0  2939
10  41.100000000000001  3710
12  40.083333333333336  4170
14  36.714285714285715  4559
16  33.75  5013
18  40.333333333333336  5793
20  39.950000000000003  6360
2  35.5  873
4  55.25  1898
6  52.833333333333336  2903
8  26.125  2213
10  38.700000000000003  3722
12  43.0  4039
14  46.428571428571431  5312
16  42.5625  5417
18  33.388888888888886  5017
20  40.450000000000003  6035
2  55.0  1058
4  40.5  1832
6  42.166666666666664  2582
8  34.25  3140
10  43.399999999999999  3705
12  49.75  4788
14  40.714285714285715  5129
16  43.5  5679
18  47.5  6278
20  45.549999999999997  6185
2  57.0  1044
4  57.25  1805
6  29.666666666666668  2198
8  46.75  3162
10  35.899999999999999  3728
12  39.5  4325
14  49.785714285714285  5241
16  37.25  5147
18  39.333333333333336  5886
20  39.100000000000001  6411
2  31.0  854
4  46.75  1763
6  49.0  2426
8  46.5  3383
10  35.799999999999997  3735
12  40.166666666666664  4578
14  36.071428571428569  5080
16  33.75  5153
18  41.666666666666664  6049
20  35.25  6094
2  53.5  987
4  44.75  1631
6  36.666666666666664  2694
8  42.625  3422
10  45.0  4071
12  36.416666666666664  3769
14  37.5  4755
16  50.1875  5291
18  37.444444444444443  5593
20  35.899999999999999  6200
2  51.0  962
4  42.25  1523
6  51.833333333333336  2560
8  48.125  3168
10  46.299999999999997  3878
12  50.416666666666664  4657
14  48.785714285714285  5442
16  26.5625  4215
18  46.444444444444443  6124
20  39.0  6291
2  59.5  1090
4  52.25  1743
6  55.0  2645
8  50.25  3588
10  28.300000000000001  3186
12  39.416666666666664  4105
14  48.357142857142854  5017
16  45.625  5609
18  33.722222222222221  5618
20  36.700000000000003  5882
2  53.5  991
4  50.25  1773
6  50.666666666666664  2629
8  43.875  3180
10  50.600000000000001  4419
12  52.416666666666664  4694
14  30.0  4498
16  30.0625  5065
18  33.777777777777779  5708
20  35.950000000000003  5558
2  35.0  1000
4  34.75  1663
6  57.166666666666664  2771
8  42.125  3102
10  42.399999999999999  3875
12  38.916666666666664  4491
14  37.285714285714285  5243
16  35.6875  4553
18  39.333333333333336  5575
20  40.450000000000003  5952
2  63.5  1036
4  42.25  1751
6  36.666666666666664  2284
8  37.375  3021
10  41.0  3546
12  38.416666666666664  4385
14  45.071428571428569  4834
16  32.9375  4779
18  35.166666666666664  5623
20  38.899999999999999  5941
2  25.5  747
4  45.0  1615
6  56.333333333333336  2722
8  50.125  3417
10  37.399999999999999  4079
12  47.166666666666664  4719
14  32.357142857142854  4437
16  38.5625  5401
18  32.333333333333336  5488
20  37.75  6054
2  50.5  985
4  39.5  1441
6  40.833333333333336  2507
8  33.375  3043
10  43.100000000000001  3850
12  43.583333333333336  4392
14  35.642857142857146  4859
16  32.25  5070
18  39.777777777777779  5925
20  37.100000000000001  6034
2  49.5  923
4  55.25  1879
6  45.833333333333336  2678
8  39.5  3255
10  45.399999999999999  3800
12  45.916666666666664  4986
14  42.0  4866
16  47.0625  5448
18  45.222222222222221  5867
20  39.450000000000003  6129
2  62.5  1033
4  41.75  1890
6  46.333333333333336  2533
8  46.125  3294
10  48.100000000000001  3911
12  36.833333333333336  4330
14  35.785714285714285  4808
16  40.5625  5196
18  40.833333333333336  5892
20  32.850000000000001  5955
2  37.0  875
4  33.5  1692
6  34.0  2440
8  55.5  3542
10  41.799999999999997  3812
12  41.0  4379
14  43.214285714285715  5122
16  43.9375  5502
18  31.5  5206
20  37.700000000000003  5985
2  55.0  971
4  55.0  1763
6  44.333333333333336  2695
8  38.75  3122
10  39.399999999999999  3776
12  38.416666666666664  4208
14  41.285714285714285  4996
16  41.8125  5679
18  37.666666666666664  5901
20  37.399999999999999  6274
2  29.5  712
4  48.0  1889
6  50.0  2649
8  36.375  2858
10  35.399999999999999  3695
12  48.666666666666664  4838
14  38.785714285714285  4969
16  39.6875  5231
18  38.055555555555557  5284
20  36.600000000000001  6159
2  55.0  731
4  52.25  1921
6  52.333333333333336  2582
8  46.25  3268
10  38.299999999999997  3704
12  39.25  4343
14  38.928571428571431  4976
16  42.375  5456
18  40.444444444444443  5593
20  43.350000000000001  6347
2  27.0  553
4  49.5  1747
6  47.0  2515
8  45.0  3388
10  48.0  3872
12  45.0  4625
14  45.714285714285715  5646
16  42.1875  5480
18  41.944444444444443  5810
20  37.100000000000001  5945
2  48.0  960
4  41.25  1797
6  57.166666666666664  2591
8  32.5  2952
10  45.799999999999997  4200
12  42.833333333333336  4566
14  42.857142857142854  5113
16  41.0625  5143
18  40.611111111111114  5517
20  37.0  6374
2  39.0  870
4  57.5  1970
6  39.0  2333
8  33.125  2976
10  42.700000000000003  4125
12  41.25  4577
14  46.214285714285715  5270
16  33.375  5454
18  45.111111111111114  6397
20  32.899999999999999  5898
2  49.5  1017
4  42.5  1510
6  70.0  2989
8  48.5  3060
10  35.700000000000003  3929
12  38.916666666666664  4507
14  34.571428571428569  4382
16  36.8125  4859
18  44.166666666666664  5587
20  42.200000000000003  6484
2  39.5  794
4  42.5  1792
6  39.666666666666664  2467
8  41.25  3270
10  41.299999999999997  3810
12  38.166666666666664  4403
14  42.285714285714285  5045
16  39.125  5401
18  42.944444444444443  6196
20  44.299999999999997  6388
2  39.5  923
4  45.25  1799
6  37.666666666666664  2444
8  36.125  3127
10  44.899999999999999  3916
12  27.083333333333332  3838
14  41.857142857142854  4885
16  39.375  5304
18  38.277777777777779  5550
20  39.399999999999999  5957
2  38.0  937
4  49.5  1937
6  39.666666666666664  2364
8  50.375  3641
10  41.100000000000001  4099
12  36.916666666666664  4890
14  42.0  4808
16  35.9375  5459
18  42.555555555555557  5837
20  40.549999999999997  6257
2  39.0  727
4  58.75  2011
6  38.5  2425
8  39.75  3183
10  50.299999999999997  3867
12  41.75  4358
14  43.142857142857146  5175
16  30.4375  4859
18  38.611111111111114  6186
20  34.75  5644
2  35.5  865
4  56.25  1899
6  41.833333333333336  2276
8  52.0  3233
10  47.799999999999997  4159
12  53.75  4724
14  44.785714285714285  5051
16  37.125  5283
18  36.722222222222221  5794
20  39.350000000000001  6133
2  41.5  976
4  47.5  1628
6  31.666666666666668  2311
8  45.5  3345
10  33.200000000000003  3561
12  48.416666666666664  4604
14  33.785714285714285  4675
16  43.125  5418
18  37.555555555555557  5392
20  41.100000000000001  6632
2  32.5  817
4  33.25  1703
6  47.166666666666664  2604
8  48.125  3468
10  38.100000000000001  3591
12  44.333333333333336  4421
14  38.214285714285715  5004
16  36.8125  5344
18  35.777777777777779  5475
20  41.75  6435
2  27.0  783
4  50.75  1747
6  48.5  2679
8  40.0  3074
10  45.100000000000001  3986
12  55.916666666666664  4656
14  45.642857142857146  4877
16  38.875  5456
18  38.611111111111114  5418
20  32.25  6388
2  69.0  985
4  45.5  1546
6  50.333333333333336  2548
8  39.25  3131
10  47.0  4177
12  38.583333333333336  4674
14  43.428571428571431  5056
16  42.6875  5299
18  42.444444444444443  6093
20  35.649999999999999  6335
2  41.0  713
4  18.25  1433
6  48.0  2624
8  36.5  3341
10  50.200000000000003  3989
12  42.083333333333336  4936
14  52.5  5450
16  37.4375  5086
18  44.222222222222221  5750
20  38.299999999999997  6381
2  30.0  727
4  38.75  1683
6  29.5  2353
8  50.375  3325
10  43.399999999999999  3574
12  38.916666666666664  4171
14  38.142857142857146  5178
16  50.375  5496
18  35.611111111111114  5551
20  43.799999999999997  6379
2  40.5  762
4  57.5  1894
6  39.333333333333336  2459
8  43.0  3172
10  42.0  3931
12  35.5  4099
14  38.571428571428569  5076
16  44.125  5191
18  31.5  5415
20  35.899999999999999  6102
2  51.5  992
4  57.25  1894
6  38.0  2645
8  37.625  3129
10  40.700000000000003  3629
12  43.333333333333336  4430
14  37.428571428571431  4863
16  42.25  5848
18  38.777777777777779  5686
20  39.299999999999997  6054
2  40.0  809
4  49.5  1800
6  44.666666666666664  2496
8  39.375  2914
10  48.799999999999997  4306
12  43.666666666666664  4286
14  40.142857142857146  4706
16  37.9375  5342
18  36.0  5246
20  38.700000000000003  6000
2  33.0  893
4  26.25  1436
6  45.5  2654
8  45.625  2984
10  41.0  3602
12  51.083333333333336  4835
14  33.214285714285715  4095
16  39.125  5138
18  31.5  5453
20  34.149999999999999  5922
2  31.0  841
4  65.5  1877
6  59.333333333333336  2956
8  42.625  3246
10  43.700000000000003  3575
12  47.833333333333336  4805
14  38.5  4946
16  33.625  4991
18  34.5  6064
20  36.850000000000001  6111
2  66.5  1110
4  45.25  1902
6  51.166666666666664  2505
8  39.75  3390
10  49.100000000000001  4148
12  38.0  4762
14  46.5  5228
16  39.4375  5178
18  37.833333333333336  5456
20  37.100000000000001  6004
2  57.5  958
4  51.0  1832
6  44.166666666666664  2358
8  42.875  3196
10  33.700000000000003  3364
12  40.0  4350
14  27.785714285714285  3923
16  38.25  5477
18  47.111111111111114  6155
20  42.850000000000001  6462
2  33.0  766
4  31.0  1670
6  33.0  2454
8  44.125  3297
10  40.700000000000003  4017
12  42.0  4427
14  44.642857142857146  5070
16  35.5625  4877
18  35.277777777777779  5410
20  37.149999999999999  6355
2  52.0  1027
4  61.5  1804
6  45.166666666666664  2719
8  50.5  3546
10  47.700000000000003  3980
12  42.5  4372
14  31.785714285714285  4477
16  40.0  5197
18  38.222222222222221  5859
20  44.799999999999997  6664
2  48.5  971
4  54.0  1916
6  45.833333333333336  2429
8  43.0  3121
10  43.600000000000001  3883
12  55.666666666666664  4786
14  44.214285714285715  4995
16  41.1875  5454
18  44.5  6102
20  29.25  5825
2  40.0  1070
4  41.75  1694
6  34.166666666666664  2296
8  45.625  3302
10  38.600000000000001  3713
12  30.25  3779
14  38.214285714285715  4967
16  44.5  5334
18  39.944444444444443  5656
20  40.049999999999997  5820
2  46.0  906
4  29.25  1632
6  61.0  2644
8  46.75  3378
10  48.299999999999997  3972
12  47.083333333333336  4663
14  36.642857142857146  4351
16  42.6875  5347
18  35.722222222222221  5380
20  37.25  6055
2  56.5  994
4  43.25  1752
6  51.0  2731
8  38.0  3181
10  45.399999999999999  3964
12  54.25  5073
14  39.214285714285715  4710
16  37.125  4807
18  43.166666666666664  6144
20  39.049999999999997  5914
2  63.0  997
4  45.75  1728
6  36.833333333333336  2552
8  42.0  3238
10  52.200000000000003  3971
12  52.166666666666664  4786
14  43.857142857142854  4860
16  37.5625  4984
18  45.444444444444443  5915
20  35.799999999999997  5668
2  49.0  970
4  47.5  2041
6  34.333333333333336  2264
8  41.25  3195
10  34.200000000000003  3524
12  52.0  4840
14  50.214285714285715  5146
16  32.6875  4992
18  39.722222222222221  5911
20  37.600000000000001  6104
2  43.5  983
4  36.25  1576
6  44.666666666666664  2624
8  44.375  3144
10  36.5  3709
12  47.916666666666664  4737
14  39.142857142857146  5355
16  36.1875  5309
18  36.611111111111114  5540
20  42.799999999999997  6369
2  61.5  1035
4  51.75  1858
6  32.833333333333336  2178
8  49.375  3580
10  49.299999999999997  4180
12  41.166666666666664  4403
14  38.857142857142854  4894
16  40.5  5408
18  37.833333333333336  5626
20  34.899999999999999  5690
2  57.5  958
4  29.75  1676
6  47.833333333333336  2751
8  46.625  3458
10  41.100000000000001  3996
12  33.916666666666664  3983
14  37.071428571428569  5238
16  40.0  5584
18  30.055555555555557  4729
20  37.25  6009
2  51.0  846
4  52.5  1844
6  47.166666666666664  2599
8  53.5  3585
10  47.899999999999999  4139
12  38.083333333333336  4252
14  38.428571428571431  4826
16  35.6875  5467
18  38.555555555555557  5758
20  38.5  6015
2  19.5  653
4  58.0  2016
6  42.833333333333336  2369
8  49.625  3196
10  40.200000000000003  4121
12  42.416666666666664  4353
14  45.0  4841
16  39.9375  5795
18  37.944444444444443  5850
20  44.799999999999997  6280
2  38.0  902
4  31.0  1710
6  45.833333333333336  2399
8  35.75  2644
10  45.399999999999999  3819
12  42.0  4454
14  25.928571428571427  4230
16  44.1875  5890
18  40.055555555555557  6037
20  44.799999999999997  6467
2  54.0  1061
4  56.75  1893
6  37.5  2672
8  48.125  3299
10  38.100000000000001  3489
12  41.166666666666664  4642
14  33.857142857142854  4403
16  34.25  4709
18  32.166666666666664  5215
20  47.850000000000001  6714
2  46.5  897
4  49.75  1934
6  48.833333333333336  2729
8  38.125  2889
10  37.600000000000001  3667
12  42.166666666666664  4019
14  37.142857142857146  4515
16  39.0  5598
18  36.888888888888886  5830
20  33.399999999999999  5699
2  45.0  919
4  47.75  1861
6  41.666666666666664  2469
8  45.0  3225
10  33.399999999999999  3713
12  37.666666666666664  4289
14  41.0  4879
16  35.75  5148
18  42.5  5768
20  37.75  6171
2  70.5  949
4  49.25  2068
6  32.833333333333336  2670
8  56.375  3406
10  38.700000000000003  3643
12  45.583333333333336  4589
14  30.928571428571427  4839
16  34.0  5098
18  27.555555555555557  4965
20  30.199999999999999  5284
2  62.5  1059
4  51.5  1672
6  42.333333333333336  2274
8  42.125  3238
10  52.5  4235
12  47.916666666666664  4718
14  42.071428571428569  4945
16  30.625  4603
18  35.722222222222221  5495
20  42.700000000000003  6466
2  41.5  900
4  40.25  1692
6  41.5  2532
8  44.75  3150
10  44.100000000000001  3794
12  48.083333333333336  4270
14  46.285714285714285  5324
16  42.6875  5260
18  34.111111111111114  5347
20  47.149999999999999  6701
2  52.5  1037
4  45.25  1657
6  38.0  2315
8  43.875  3242
10  47.899999999999999  4337
12  37.083333333333336  3743
14  39.714285714285715  5188
16  35.1875  5005
18  42.277777777777779  5942
20  38.75  6475
2  59.5  1086
4  46.5  1652
6  56.666666666666664  2834
8  38.875  3274
10  41.100000000000001  4019
12  40.25  4313
14  34.928571428571431  4464
16  35.875  5034
18  33.555555555555557  5197
20  34.0  6408
2  55.5  890
4  39.5  1525
6  47.5  2532
8  45.375  3220
10  49.0  4069
12  34.666666666666664  4084
14  36.642857142857146  4841
16  38.4375  5047
18  38.222222222222221  5682
20  41.350000000000001  5914
2  53.5  948
4  38.0  1572
6  51.166666666666664  2763
8  50.0  3622
10  32.799999999999997  2987
12  39.083333333333336  4129
14  37.071428571428569  5292
16  42.375  5213
18  36.722222222222221  6082
20  44.200000000000003  6033
2  60.5  905
4  47.75  1714
6  43.5  2221
8  38.25  3586
10  38.100000000000001  3693
12  42.916666666666664  4644
14  33.928571428571431  4730
16  41.4375  5366
18  36.888888888888886  5491
20  37.049999999999997  5980
2  57.5  1065
4  55.25  1808
6  53.333333333333336  2479
8  46.5  3309
10  41.200000000000003  3731
12  40.583333333333336  4338
14  44.357142857142854  5028
16  42.9375  5363
18  34.666666666666664  5905
20  36.0  5872
2  53.0  923
4  52.25  1854
6  45.166666666666664  2490
8  37.75  3104
10  44.100000000000001  3997
12  50.416666666666664  4601
14  41.5  5015
16  37.875  5381
18  45.166666666666664  5967
20  38.850000000000001  6321
2  33.5  888
4  67.0  1904
6  55.666666666666664  2881
8  38.125  3307
10  43.399999999999999  4007
12  44.0  4264
14  45.071428571428569  4777
16  42.75  5391
18  36.333333333333336  5386
20  38.450000000000003  6804
2  42.5  979
4  43.75  1711
6  38.5  2359
8  44.875  3036
10  47.200000000000003  3890
12  45.333333333333336  4613
14  28.928571428571427  4190
16  45.75  5661
18  42.888888888888886  5770
20  38.700000000000003  5863
2  29.5  582
4  49.0  1973
6  40.166666666666664  2507
8  51.0  3173
10  36.299999999999997  3505
12  37.25  4333
14  40.928571428571431  5035
16  40.5625  5473
18  34.0  5182
20  35.049999999999997  5419
2  54.5  1013
4  53.5  1779
6  46.166666666666664  2726
8  38.0  3112
10  44.299999999999997  3995
12  44.333333333333336  4293
14  40.142857142857146  4548
16  40.8125  5770
18  44.388888888888886  5966
20  39.75  6444
2  52.5  1086
4  49.25  1780
6  51.666666666666664  2507
8  45.5  3145
10  48.200000000000003  3679
12  39.25  4234
14  29.642857142857142  4586
16  43.0625  5706
18  35.333333333333336  5526
20  35.75  6069
2  39.5  854
4  28.75  1620
6  54.0  2700
8  44.375  3333
10  47.899999999999999  4433
12  43.666666666666664  4377
14  40.071428571428569  5144
16  32.5625  4580
18  45.944444444444443  6296
20  41.549999999999997  5921
2  41.0  878
4  42.75  1753
6  55.0  2704
8  37.0  3082
10  46.200000000000003  4054
12  43.416666666666664  4430
14  42.428571428571431  5345
16  37.0  4963
18  40.055555555555557  5950
20  37.200000000000003  6186
2  58.5  937
4  49.5  1942
6  43.0  2744
8  45.875  3560
10  39.600000000000001  3722
12  35.666666666666664  4328
14  43.0  4948
16  40.3125  5481
18  40.888888888888886  6064
20  38.649999999999999  5977
2  39.5  846
4  45.5  1707
6  47.0  2698
8  43.75  3343
10  39.299999999999997  3657
12  46.583333333333336  4573
14  39.5  5001
16  45.375  5335
18  31.888888888888889  4677
20  42.5  6105
2  43.0  809
4  37.25  1932
6  41.666666666666664  2623
8  34.5  3058
10  43.700000000000003  4036
12  38.916666666666664  4419
14  34.214285714285715  4449
16  38.0625  4803
18  46.055555555555557  5804
20  38.799999999999997  6220
2  61.0  892
4  51.5  1932
6  45.5  2399
8  42.125  3191
10  38.100000000000001  3436
12  30.583333333333332  3462
14  40.571428571428569  4990
16  33.0  4982
18  42.277777777777779  5608
20  40.5  6528
2  43.5  842
4  57.25  1965
6  28.5  1925
8  58.5  3384
10  51.899999999999999  4030
12  46.416666666666664  4469
14  38.071428571428569  4789
16  39.8125  5347
18  37.888888888888886  5313
20  38.600000000000001  6400
2  45.0  942
4  49.75  1917
6  43.333333333333336  2505
8  45.75  3344
10  47.399999999999999  4041
12  30.416666666666668  3494
14  44.571428571428569  5041
16  39.25  5473
18  36.555555555555557  5413
20  42.149999999999999  6592
2  60.5  1043
4  42.5  1568
6  38.0  2284
8  43.0  3062
10  52.399999999999999  3661
12  48.666666666666664  4469
14  43.214285714285715  5142
16  39.0625  5303
18  42.944444444444443  5990
20  35.700000000000003  5853
