1  94.0  18.0
2  60.0  275.0
3  68.0  313.0
4  89.0  238.0
5  43.0  337.0
6  48.0  464.0
7  26.0  517.0
1  63.0  161.0
2  90.0  156.0
3  49.0  326.0
4  83.0  229.0
5  80.0  167.0
6  20.0  304.0
7  42.0  452.0
1  94.0  116.0
2  76.0  185.0
3  56.0  352.0
4  47.0  218.0
5  50.0  430.0
6  45.0  438.0
7  46.0  420.0
1  96.0  64.0
2  89.0  51.0
3  60.0  420.0
4  34.0  389.0
5  38.0  366.0
6  49.0  529.0
7  60.0  433.0
1  89.0  106.0
2  69.0  319.0
3  29.0  341.0
4  47.0  162.0
5  91.0  157.0
6  23.0  307.0
7  32.0  464.0
1  61.0  405.0
2  56.0  219.0
3  84.0  283.0
4  53.0  379.0
5  41.0  463.0
6  49.0  384.0
7  44.0  338.0
1  58.0  200.0
2  98.0  18.0
3  38.0  428.0
4  32.0  241.0
5  71.0  378.0
6  53.0  371.0
7  25.0  287.0
1  95.0  135.0
2  77.0  284.0
3  76.0  220.0
4  36.0  485.0
5  57.0  385.0
6  32.0  485.0
7  34.0  431.0
1  65.0  255.0
2  88.0  178.0
3  96.0  29.0
4  33.0  434.0
5  62.0  346.0
6  24.0  298.0
7  77.0  297.0
1  42.0  403.0
2  84.0  231.0
3  43.0  375.0
4  38.0  415.0
5  28.0  260.0
6  36.0  476.0
7  41.0  423.0
1  90.0  115.0
2  55.0  179.0
3  18.0  450.0
4  22.0  400.0
5  79.0  196.0
6  91.0  123.0
7  29.0  455.0
1  91.0  88.0
2  79.0  213.0
3  87.0  80.0
4  60.0  384.0
5  48.0  402.0
6  41.0  397.0
7  42.0  400.0
1  21.0  352.0
2  91.0  208.0
3  46.0  370.0
4  97.0  29.0
5  59.0  399.0
6  54.0  410.0
7  32.0  346.0
1  33.0  194.0
2  65.0  352.0
3  56.0  391.0
4  81.0  167.0
5  45.0  572.0
6  47.0  371.0
7  30.0  439.0
1  87.0  155.0
2  64.0  269.0
3  68.0  87.0
4  71.0  366.0
5  39.0  454.0
6  37.0  540.0
7  56.0  432.0
1  33.0  417.0
2  83.0  168.0
3  87.0  72.0
4  90.0  97.0
5  33.0  495.0
6  35.0  319.0
7  33.0  270.0
1  85.0  169.0
2  85.0  205.0
3  34.0  529.0
4  53.0  338.0
5  75.0  222.0
6  45.0  491.0
7  88.0  119.0
1  92.0  90.0
2  28.0  328.0
3  47.0  397.0
4  51.0  411.0
5  40.0  526.0
6  84.0  185.0
7  43.0  461.0
1  56.0  257.0
2  42.0  631.0
3  33.0  399.0
4  45.0  379.0
5  78.0  235.0
6  49.0  458.0
7  48.0  360.0
1  95.0  67.0
2  58.0  285.0
3  59.0  418.0
4  58.0  300.0
5  29.0  433.0
6  33.0  359.0
7  51.0  356.0
1  88.0  43.0
2  86.0  69.0
3  95.0  73.0
4  47.0  199.0
5  23.0  317.0
6  42.0  375.0
7  36.0  427.0
1  70.0  421.0
2  31.0  348.0
3  59.0  423.0
4  98.0  45.0
5  26.0  332.0
6  68.0  287.0
7  54.0  321.0
1  53.0  267.0
2  60.0  311.0
3  81.0  221.0
4  38.0  341.0
5  72.0  87.0
6  13.0  226.0
7  41.0  413.0
1  98.0  39.0
2  72.0  186.0
3  48.0  332.0
4  49.0  296.0
5  70.0  296.0
6  71.0  147.0
7  80.0  256.0
1  97.0  34.0
2  94.0  62.0
3  28.0  369.0
4  53.0  338.0
5  21.0  251.0
6  46.0  436.0
7  41.0  473.0
1  48.0  267.0
2  93.0  97.0
3  70.0  262.0
4  37.0  266.0
5  36.0  467.0
6  77.0  250.0
7  46.0  301.0
1  88.0  199.0
2  65.0  341.0
3  54.0  186.0
4  76.0  241.0
5  60.0  342.0
6  41.0  341.0
7  54.0  368.0
1  93.0  135.0
2  35.0  178.0
3  84.0  200.0
4  38.0  329.0
5  30.0  385.0
6  48.0  422.0
7  50.0  438.0
1  93.0  86.0
2  85.0  195.0
3  91.0  71.0
4  57.0  304.0
5  48.0  286.0
6  53.0  332.0
7  43.0  321.0
1  59.0  344.0
2  92.0  117.0
3  83.0  139.0
4  40.0  448.0
5  60.0  363.0
6  35.0  420.0
7  38.0  365.0
1  92.0  87.0
2  72.0  346.0
3  36.0  514.0
4  64.0  314.0
5  47.0  416.0
6  67.0  301.0
7  49.0  357.0
1  85.0  95.0
2  98.0  7.0
3  52.0  390.0
4  50.0  382.0
5  74.0  244.0
6  41.0  444.0
7  41.0  499.0
1  98.0  78.0
2  68.0  307.0
3  58.0  388.0
4  40.0  180.0
5  78.0  382.0
6  12.0  351.0
7  22.0  322.0
1  57.0  264.0
2  57.0  489.0
3  12.0  343.0
4  88.0  75.0
5  19.0  317.0
6  32.0  493.0
7  46.0  441.0
1  75.0  119.0
2  77.0  219.0
3  67.0  401.0
4  61.0  364.0
5  55.0  345.0
6  43.0  274.0
7  53.0  335.0
1  97.0  27.0
2  91.0  138.0
3  68.0  244.0
4  49.0  322.0
5  85.0  132.0
6  38.0  390.0
7  63.0  277.0
1  46.0  231.0
2  88.0  133.0
3  88.0  158.0
4  41.0  399.0
5  51.0  297.0
6  44.0  319.0
7  12.0  403.0
1  75.0  45.0
2  80.0  97.0
3  71.0  177.0
4  48.0  294.0
5  73.0  237.0
6  69.0  253.0
7  98.0  35.0
1  84.0  190.0
2  59.0  375.0
3  45.0  324.0
4  79.0  216.0
5  53.0  318.0
6  54.0  442.0
7  45.0  380.0
1  91.0  43.0
2  98.0  21.0
3  45.0  473.0
4  63.0  300.0
5  42.0  439.0
6  46.0  483.0
7  50.0  398.0
1  19.0  331.0
2  50.0  338.0
3  54.0  320.0
4  35.0  287.0
5  57.0  353.0
6  32.0  271.0
7  43.0  314.0
1  35.0  338.0
2  79.0  214.0
3  54.0  429.0
4  85.0  123.0
5  49.0  313.0
6  40.0  354.0
7  68.0  165.0
1  79.0  210.0
2  75.0  250.0
3  75.0  306.0
4  47.0  355.0
5  60.0  398.0
6  36.0  348.0
7  46.0  483.0
1  98.0  15.0
2  67.0  290.0
3  75.0  343.0
4  37.0  429.0
5  71.0  237.0
6  49.0  432.0
7  30.0  484.0
1  68.0  373.0
2  56.0  205.0
3  79.0  231.0
4  60.0  385.0
5  81.0  172.0
6  40.0  321.0
7  51.0  403.0
1  69.0  207.0
2  91.0  77.0
3  53.0  446.0
4  53.0  357.0
5  50.0  419.0
6  16.0  467.0
7  40.0  458.0
1  45.0  284.0
2  58.0  219.0
3  73.0  239.0
4  34.0  279.0
5  42.0  321.0
6  79.0  225.0
7  59.0  344.0
1  18.0  335.0
2  89.0  185.0
3  85.0  48.0
4  52.0  334.0
5  93.0  77.0
6  32.0  490.0
7  22.0  585.0
1  68.0  273.0
2  69.0  314.0
3  54.0  445.0
4  54.0  339.0
5  41.0  369.0
6  31.0  632.0
7  65.0  378.0
1  61.0  42.0
2  60.0  308.0
3  79.0  115.0
4  55.0  323.0
5  52.0  486.0
6  42.0  544.0
7  75.0  222.0
1  71.0  160.0
2  57.0  350.0
3  45.0  272.0
4  58.0  162.0
5  80.0  213.0
6  71.0  204.0
7  33.0  448.0
1  87.0  118.0
2  80.0  267.0
3  66.0  371.0
4  81.0  184.0
5  59.0  479.0
6  43.0  257.0
7  43.0  471.0
1  93.0  79.0
2  48.0  181.0
3  61.0  314.0
4  65.0  361.0
5  47.0  382.0
6  60.0  382.0
7  59.0  325.0
1  79.0  68.0
2  88.0  103.0
3  32.0  571.0
4  37.0  305.0
5  59.0  404.0
6  48.0  342.0
7  70.0  360.0
1  98.0  25.0
2  66.0  279.0
3  45.0  250.0
4  47.0  466.0
5  46.0  449.0
6  63.0  306.0
7  22.0  352.0
1  69.0  61.0
2  84.0  177.0
3  33.0  279.0
4  76.0  69.0
5  43.0  454.0
6  28.0  398.0
7  20.0  251.0
1  98.0  25.0
2  22.0  203.0
3  91.0  124.0
4  45.0  348.0
5  26.0  299.0
6  54.0  301.0
7  55.0  450.0
1  61.0  274.0
2  74.0  189.0
3  56.0  452.0
4  62.0  305.0
5  40.0  384.0
6  72.0  321.0
7  47.0  470.0
1  91.0  99.0
2  43.0  188.0
3  97.0  46.0
4  32.0  425.0
5  22.0  379.0
6  90.0  43.0
7  50.0  570.0
1  94.0  52.0
2  45.0  317.0
3  52.0  191.0
4  60.0  353.0
5  40.0  487.0
6  30.0  447.0
7  75.0  142.0
1  80.0  88.0
2  84.0  177.0
3  7.0  314.0
4  59.0  307.0
5  71.0  374.0
6  65.0  412.0
7  33.0  400.0
1  68.0  202.0
2  35.0  288.0
3  37.0  408.0
4  28.0  270.0
5  35.0  344.0
6  43.0  598.0
7  55.0  471.0
1  86.0  114.0
2  45.0  379.0
3  91.0  137.0
4  65.0  264.0
5  36.0  307.0
6  23.0  469.0
7  38.0  446.0
1  0.0  417.0
2  96.0  48.0
3  68.0  312.0
4  54.0  415.0
5  60.0  356.0
6  32.0  394.0
7  37.0  420.0
1  98.0  38.0
2  79.0  284.0
3  66.0  360.0
4  46.0  429.0
5  32.0  215.0
6  66.0  399.0
7  34.0  464.0
1  44.0  206.0
2  82.0  151.0
3  38.0  416.0
4  35.0  312.0
5  67.0  203.0
6  57.0  281.0
7  39.0  529.0
1  98.0  16.0
2  78.0  72.0
3  61.0  231.0
4  27.0  218.0
5  67.0  340.0
6  57.0  408.0
7  58.0  378.0
1  84.0  120.0
2  82.0  177.0
3  54.0  314.0
4  51.0  346.0
5  78.0  198.0
6  43.0  304.0
7  44.0  530.0
1  98.0  23.0
2  39.0  380.0
3  79.0  131.0
4  76.0  346.0
5  41.0  487.0
6  56.0  506.0
7  94.0  58.0
1  94.0  92.0
2  25.0  466.0
3  44.0  318.0
4  88.0  119.0
5  70.0  307.0
6  43.0  494.0
7  61.0  440.0
1  90.0  258.0
2  48.0  503.0
3  77.0  159.0
4  67.0  322.0
5  27.0  435.0
6  81.0  260.0
7  56.0  368.0
1  93.0  135.0
2  78.0  208.0
3  88.0  147.0
4  71.0  167.0
5  43.0  340.0
6  51.0  475.0
7  50.0  332.0
1  27.0  246.0
2  27.0  136.0
3  29.0  279.0
4  89.0  137.0
5  29.0  341.0
6  59.0  446.0
7  32.0  425.0
1  59.0  299.0
2  68.0  294.0
3  47.0  520.0
4  61.0  566.0
5  63.0  269.0
6  75.0  251.0
7  37.0  364.0
1  86.0  229.0
2  45.0  469.0
3  33.0  268.0
4  57.0  420.0
5  61.0  407.0
6  85.0  79.0
7  26.0  434.0
1  98.0  38.0
2  55.0  342.0
3  53.0  301.0
4  70.0  188.0
5  64.0  378.0
6  32.0  387.0
7  53.0  411.0
1  98.0  16.0
2  60.0  303.0
3  62.0  400.0
4  85.0  130.0
5  42.0  470.0
6  36.0  428.0
7  31.0  409.0
1  82.0  103.0
2  96.0  34.0
3  98.0  30.0
4  44.0  312.0
5  61.0  306.0
6  45.0  411.0
7  60.0  304.0
1  75.0  205.0
2  77.0  185.0
3  74.0  286.0
4  74.0  298.0
5  83.0  171.0
6  79.0  229.0
7  85.0  222.0
1  64.0  369.0
2  84.0  163.0
3  65.0  119.0
4  29.0  454.0
5  78.0  270.0
6  35.0  399.0
7  63.0  290.0
1  93.0  165.0
2  92.0  75.0
3  98.0  37.0
4  83.0  227.0
5  38.0  395.0
6  36.0  453.0
7  10.0  399.0
1  98.0  15.0
2  66.0  358.0
3  89.0  137.0
4  88.0  122.0
5  73.0  208.0
6  31.0  331.0
7  45.0  477.0
1  55.0  449.0
2  74.0  381.0
3  48.0  294.0
4  19.0  332.0
5  45.0  449.0
6  55.0  450.0
7  57.0  291.0
1  94.0  101.0
2  74.0  387.0
3  24.0  254.0
4  48.0  410.0
5  42.0  462.0
6  92.0  84.0
7  69.0  245.0
1  98.0  10.0
2  69.0  404.0
3  87.0  109.0
4  56.0  375.0
5  52.0  262.0
6  52.0  306.0
7  50.0  126.0
1  82.0  182.0
2  60.0  239.0
3  44.0  460.0
4  82.0  214.0
5  23.0  244.0
6  34.0  551.0
7  73.0  324.0
1  36.0  83.0
2  94.0  104.0
3  69.0  317.0
4  73.0  331.0
5  78.0  167.0
6  48.0  350.0
7  34.0  463.0
1  40.0  397.0
2  72.0  373.0
3  66.0  111.0
4  73.0  377.0
5  47.0  461.0
6  51.0  387.0
7  53.0  332.0
1  96.0  9.0
2  94.0  162.0
3  57.0  483.0
4  65.0  305.0
5  83.0  293.0
6  33.0  434.0
7  24.0  241.0
1  55.0  174.0
2  58.0  385.0
3  57.0  309.0
4  30.0  156.0
5  71.0  353.0
6  79.0  148.0
7  91.0  158.0
1  95.0  54.0
2  58.0  126.0
3  67.0  326.0
4  28.0  287.0
5  31.0  277.0
6  35.0  344.0
7  67.0  331.0
1  48.0  196.0
2  65.0  231.0
3  34.0  244.0
4  47.0  417.0
5  44.0  465.0
6  52.0  410.0
7  70.0  179.0
1  47.0  326.0
2  24.0  249.0
3  44.0  462.0
4  31.0  314.0
5  33.0  440.0
6  59.0  237.0
7  50.0  408.0
1  98.0  36.0
2  48.0  438.0
3  51.0  229.0
4  42.0  507.0
5  45.0  335.0
6  44.0  419.0
7  56.0  384.0
1  98.0  37.0
2  72.0  392.0
3  35.0  324.0
4  54.0  429.0
5  50.0  384.0
6  32.0  447.0
7  64.0  347.0
1  36.0  644.0
2  96.0  49.0
3  45.0  562.0
4  48.0  428.0
5  34.0  447.0
6  44.0  362.0
7  63.0  307.0
1  56.0  201.0
2  59.0  194.0
3  71.0  401.0
4  98.0  75.0
5  48.0  323.0
6  51.0  388.0
7  46.0  396.0
1  94.0  31.0
2  42.0  423.0
3  40.0  425.0
4  69.0  268.0
5  53.0  522.0
6  46.0  343.0
7  18.0  404.0
1  31.0  621.0
2  91.0  119.0
3  70.0  177.0
4  59.0  299.0
5  46.0  482.0
6  58.0  483.0
7  76.0  250.0
1  51.0  162.0
2  65.0  96.0
3  77.0  287.0
4  38.0  250.0
5  94.0  32.0
6  40.0  387.0
7  31.0  415.0
