1  48.899999999999999  4108
2  44.799999999999997  3671
3  38.799999999999997  3228
4  37.700000000000003  3375
5  40.700000000000003  3659
1  37.100000000000001  3804
2  37.399999999999999  3954
3  44.0  3619
4  40.399999999999999  3676
5  44.0  3442
1  46.799999999999997  3971
2  46.0  4086
3  36.799999999999997  3577
4  55.799999999999997  3932
5  40.299999999999997  3611
1  47.299999999999997  3959
2  47.700000000000003  4269
3  37.200000000000003  3215
4  42.100000000000001  3751
5  35.0  3324
1  47.799999999999997  4207
2  43.899999999999999  3966
3  47.100000000000001  3809
4  45.899999999999999  3698
5  46.100000000000001  3853
1  43.200000000000003  3858
2  45.100000000000001  3721
3  48.899999999999999  3718
4  46.799999999999997  3615
5  35.100000000000001  3156
1  43.399999999999999  4075
2  52.5  4144
3  33.299999999999997  3279
4  38.700000000000003  3308
5  27.5  3213
1  52.700000000000003  3921
2  38.0  3472
3  35.100000000000001  3468
4  36.600000000000001  3139
5  26.300000000000001  3138
1  47.399999999999999  3866
2  45.5  3781
3  35.399999999999999  3356
4  46.399999999999999  3964
5  41.100000000000001  3479
1  48.700000000000003  3902
2  54.100000000000001  4053
3  36.0  3335
4  36.700000000000003  3249
5  39.0  3738
1  58.200000000000003  3964
2  43.399999999999999  3750
3  43.5  3703
4  35.899999999999999  3420
5  31.699999999999999  3560
1  44.399999999999999  4039
2  49.700000000000003  3758
3  33.100000000000001  3340
4  49.399999999999999  3760
5  40.700000000000003  3580
1  49.899999999999999  4067
2  48.600000000000001  3792
3  38.399999999999999  3576
4  32.200000000000003  3262
5  39.100000000000001  3621
1  37.100000000000001  3581
2  39.399999999999999  3929
3  43.0  3696
4  34.299999999999997  3278
5  39.100000000000001  3402
1  44.799999999999997  3712
2  50.399999999999999  4176
3  39.0  3439
4  41.700000000000003  3396
5  37.700000000000003  3207
1  42.5  3754
2  43.600000000000001  3615
3  40.600000000000001  3667
4  38.100000000000001  3568
5  40.700000000000003  3453
1  44.0  3960
2  41.200000000000003  3820
3  46.0  3657
4  38.399999999999999  3435
5  41.0  3698
1  44.5  3796
2  51.100000000000001  4005
3  43.5  3644
4  43.700000000000003  3622
5  48.399999999999999  3638
1  33.399999999999999  3804
2  38.100000000000001  3458
3  36.0  3199
4  44.100000000000001  3798
5  37.0  3390
1  38.399999999999999  3845
2  41.399999999999999  3914
3  32.899999999999999  3500
4  42.700000000000003  3547
5  33.899999999999999  3534
1  59.0  4472
2  48.5  3893
3  27.600000000000001  2433
4  31.699999999999999  3512
5  31.399999999999999  3376
1  37.5  3596
2  45.5  3836
3  38.299999999999997  3323
4  38.200000000000003  3172
5  41.600000000000001  3670
1  32.600000000000001  3848
2  46.600000000000001  3648
3  38.399999999999999  3033
4  39.899999999999999  3694
5  34.700000000000003  3500
1  38.700000000000003  3731
2  51.299999999999997  4322
3  38.700000000000003  3506
4  42.5  3604
5  45.200000000000003  3617
1  35.799999999999997  3547
2  38.0  3666
3  40.200000000000003  3611
4  42.299999999999997  3754
5  38.200000000000003  3145
1  38.5  3831
2  42.299999999999997  3772
3  40.399999999999999  3529
4  42.100000000000001  3425
5  43.399999999999999  3457
1  44.0  4114
2  39.600000000000001  3851
3  40.200000000000003  3814
4  30.699999999999999  3198
5  29.300000000000001  3061
1  48.700000000000003  3838
2  47.100000000000001  4118
3  44.799999999999997  3543
4  33.700000000000003  3022
5  46.100000000000001  3547
1  37.700000000000003  3766
2  37.799999999999997  3789
3  34.600000000000001  3275
4  38.799999999999997  3384
5  31.699999999999999  3087
1  40.700000000000003  3985
2  44.799999999999997  4242
3  33.399999999999999  3571
4  33.799999999999997  3428
5  37.899999999999999  3594
1  39.299999999999997  3582
2  45.299999999999997  3634
3  41.799999999999997  3022
4  38.299999999999997  3493
5  29.100000000000001  2856
1  43.700000000000003  4051
2  44.200000000000003  3659
3  37.5  3477
4  40.600000000000001  3665
5  39.899999999999999  3724
1  41.899999999999999  3449
2  44.399999999999999  3426
3  45.299999999999997  3946
4  41.0  3540
5  42.100000000000001  3614
1  40.600000000000001  3742
2  37.5  3813
3  43.200000000000003  3348
4  29.800000000000001  3145
5  34.0  3258
1  37.799999999999997  3439
2  39.100000000000001  3791
3  41.399999999999999  3966
4  49.299999999999997  3788
5  34.600000000000001  3331
1  41.5  3712
2  45.799999999999997  3950
3  31.100000000000001  3504
4  44.5  3741
5  41.399999999999999  3497
1  40.700000000000003  3952
2  40.200000000000003  4007
3  38.100000000000001  3425
4  38.5  3559
5  43.100000000000001  3607
1  32.799999999999997  3325
2  40.799999999999997  3764
3  29.100000000000001  3274
4  40.700000000000003  3599
5  37.100000000000001  3182
1  36.799999999999997  4008
2  42.100000000000001  3839
3  29.199999999999999  3145
4  48.399999999999999  4140
5  30.0  2901
1  45.5  3808
2  44.899999999999999  3894
3  35.600000000000001  3555
4  37.299999999999997  3325
5  47.399999999999999  3783
1  40.899999999999999  3757
2  38.600000000000001  3467
3  20.800000000000001  2969
4  27.600000000000001  2735
5  53.200000000000003  3963
1  49.0  3971
2  45.700000000000003  3949
3  36.899999999999999  3522
4  40.5  3766
5  44.5  3513
1  49.299999999999997  4090
2  44.799999999999997  3732
3  28.199999999999999  3311
4  42.299999999999997  3613
5  35.700000000000003  3227
1  45.299999999999997  4108
2  38.700000000000003  3299
3  35.600000000000001  3416
4  28.5  3086
5  36.799999999999997  3153
1  40.299999999999997  4051
2  48.399999999999999  4010
3  40.399999999999999  3685
4  32.700000000000003  3038
5  45.0  3314
1  46.299999999999997  3816
2  43.600000000000001  3863
3  45.700000000000003  3530
4  36.600000000000001  3489
5  33.399999999999999  3222
1  37.100000000000001  3460
2  47.600000000000001  4182
3  42.0  3585
4  37.200000000000003  3528
5  41.600000000000001  3460
1  39.899999999999999  3678
2  45.200000000000003  3968
3  28.300000000000001  3036
4  34.700000000000003  2893
5  40.600000000000001  3227
1  35.299999999999997  3546
2  40.700000000000003  3756
3  45.799999999999997  3662
4  41.5  3596
5  46.600000000000001  3955
1  52.399999999999999  4172
2  44.399999999999999  3700
3  38.0  3316
4  23.0  2634
5  33.200000000000003  3091
1  38.399999999999999  3737
2  46.5  3991
3  31.300000000000001  3533
4  44.700000000000003  3624
5  41.799999999999997  3611
1  46.799999999999997  4232
2  52.100000000000001  4056
3  39.0  3361
4  56.0  3976
5  32.5  3437
1  42.299999999999997  3770
2  41.600000000000001  3546
3  40.0  3379
4  45.799999999999997  3786
5  41.299999999999997  3638
1  52.799999999999997  4151
2  47.399999999999999  3539
3  27.600000000000001  2723
4  44.600000000000001  3764
5  52.299999999999997  4268
1  42.5  3748
2  37.399999999999999  3551
3  43.600000000000001  3686
4  38.100000000000001  3552
5  32.899999999999999  3151
1  40.100000000000001  4056
2  35.700000000000003  3385
3  33.700000000000003  3289
4  32.200000000000003  3374
5  35.100000000000001  3355
1  35.799999999999997  3972
2  44.700000000000003  3504
3  48.100000000000001  3770
4  32.600000000000001  3115
5  39.200000000000003  3469
1  33.299999999999997  3550
2  38.600000000000001  3841
3  44.5  3549
4  43.100000000000001  3512
5  38.799999999999997  3252
1  43.700000000000003  4098
2  50.799999999999997  3990
3  41.5  3553
4  40.5  3350
5  37.399999999999999  3016
1  39.399999999999999  3801
2  33.100000000000001  3658
3  31.600000000000001  3250
4  36.200000000000003  3208
5  31.300000000000001  3183
1  38.100000000000001  3727
2  50.700000000000003  3985
3  31.899999999999999  3092
4  50.700000000000003  3988
5  36.899999999999999  3108
1  47.5  3802
2  47.200000000000003  4209
3  44.600000000000001  3780
4  31.800000000000001  3315
5  39.299999999999997  3437
1  44.0  3984
2  42.600000000000001  3859
3  39.100000000000001  3295
4  37.5  3537
5  44.399999999999999  3536
1  31.800000000000001  3536
2  44.100000000000001  3950
3  30.100000000000001  2684
4  43.399999999999999  3600
5  35.399999999999999  3464
1  40.399999999999999  3935
2  37.399999999999999  3758
3  32.100000000000001  3321
4  43.799999999999997  3483
5  44.200000000000003  3520
1  43.399999999999999  3915
2  47.399999999999999  3950
3  33.299999999999997  3622
4  42.399999999999999  3665
5  40.600000000000001  3526
1  39.600000000000001  3981
2  40.299999999999997  4081
3  29.399999999999999  3134
4  40.899999999999999  3588
5  45.899999999999999  3422
1  38.799999999999997  4063
2  38.600000000000001  3847
3  36.899999999999999  3479
4  36.799999999999997  3489
5  38.299999999999997  3248
1  45.799999999999997  3935
2  42.299999999999997  4003
3  36.399999999999999  3325
4  39.799999999999997  3365
5  52.399999999999999  3954
1  42.700000000000003  4148
2  45.899999999999999  3814
3  40.100000000000001  3247
4  43.5  3475
5  45.799999999999997  3606
1  46.5  4023
2  43.100000000000001  3741
3  42.899999999999999  3691
4  44.5  3418
5  29.5  3546
1  37.5  3539
2  51.100000000000001  3830
3  31.699999999999999  3198
4  44.700000000000003  3816
5  35.600000000000001  3237
1  35.5  3770
2  35.299999999999997  3328
3  34.0  3542
4  34.200000000000003  3348
5  49.299999999999997  3554
1  37.299999999999997  3665
2  33.299999999999997  3287
3  35.899999999999999  3764
4  35.799999999999997  3620
5  41.100000000000001  3478
1  34.899999999999999  3664
2  41.899999999999999  3526
3  52.600000000000001  3542
4  42.200000000000003  3468
5  36.899999999999999  3330
1  34.200000000000003  3594
2  38.200000000000003  3938
3  41.200000000000003  3415
4  39.200000000000003  3456
5  38.200000000000003  3616
1  43.100000000000001  3839
2  45.100000000000001  4016
3  38.799999999999997  3206
4  44.100000000000001  3551
5  38.5  3600
1  44.100000000000001  3740
2  45.100000000000001  3902
3  40.799999999999997  3791
4  32.5  2989
5  37.100000000000001  3445
1  42.899999999999999  3886
2  36.899999999999999  3796
3  32.299999999999997  3155
4  32.799999999999997  3234
5  39.700000000000003  3717
1  49.799999999999997  4028
2  46.0  3803
3  41.399999999999999  3247
4  28.899999999999999  2969
5  40.299999999999997  3493
1  41.5  3569
2  47.700000000000003  3988
3  26.5  2841
4  39.299999999999997  3457
5  40.5  3460
1  45.100000000000001  4016
2  48.899999999999999  3974
3  41.100000000000001  3614
4  33.399999999999999  3311
5  35.200000000000003  3290
1  48.799999999999997  4021
2  42.700000000000003  4062
3  44.299999999999997  3690
4  52.700000000000003  3772
5  37.799999999999997  3280
1  47.799999999999997  4152
2  49.299999999999997  4209
3  31.800000000000001  3138
4  33.299999999999997  2927
5  29.800000000000001  3263
1  51.5  3756
2  44.899999999999999  3915
3  33.100000000000001  3279
4  33.399999999999999  3301
5  48.600000000000001  3557
1  43.0  4024
2  39.600000000000001  3446
3  39.5  3434
4  34.399999999999999  3263
5  39.799999999999997  3196
1  35.299999999999997  3682
2  45.200000000000003  3923
3  37.899999999999999  3618
4  42.399999999999999  3874
5  42.0  3501
1  37.100000000000001  3324
2  39.5  3589
3  37.700000000000003  3412
4  37.0  3307
5  41.100000000000001  3346
1  45.899999999999999  4022
2  39.899999999999999  3881
3  30.300000000000001  3229
4  41.100000000000001  3836
5  35.600000000000001  3378
1  43.0  3962
2  34.600000000000001  3611
3  42.899999999999999  3542
4  34.100000000000001  3529
5  35.600000000000001  3239
1  42.399999999999999  4025
2  39.700000000000003  3721
3  43.200000000000003  3813
4  33.899999999999999  3454
5  36.799999999999997  3474
1  37.899999999999999  3310
2  36.0  3466
3  40.700000000000003  3545
4  46.5  3525
5  31.399999999999999  3254
1  47.399999999999999  4154
2  50.100000000000001  4100
3  41.700000000000003  3448
4  41.100000000000001  3521
5  37.899999999999999  3518
1  47.0  3909
2  50.399999999999999  3962
3  41.100000000000001  3564
4  47.5  3713
5  42.799999999999997  3498
1  45.700000000000003  3632
2  40.299999999999997  4146
3  39.399999999999999  3733
4  38.100000000000001  3303
5  45.200000000000003  3154
1  37.100000000000001  3586
2  38.299999999999997  3170
3  45.0  3650
4  35.700000000000003  3654
5  40.899999999999999  3574
1  47.200000000000003  4146
2  39.700000000000003  3670
3  37.799999999999997  3458
4  45.200000000000003  3431
5  40.899999999999999  3438
1  48.100000000000001  3766
2  40.799999999999997  3520
3  37.600000000000001  3539
4  38.200000000000003  3499
5  31.399999999999999  3000
1  41.0  3713
2  52.0  3965
3  51.200000000000003  3784
4  44.5  3353
5  40.700000000000003  3694
1  42.200000000000003  3841
2  50.899999999999999  3996
3  35.0  3250
4  43.200000000000003  3993
5  32.700000000000003  3082
