1  60.200000000000003  2010
2  56.600000000000001  2325
3  61.0  2179
4  49.5  2379
5  47.700000000000003  2296
6  48.0  2368
7  50.100000000000001  2551
1  72.299999999999997  1799
2  59.700000000000003  2007
3  56.799999999999997  1790
4  54.700000000000003  2598
5  55.0  2190
6  47.5  2218
7  58.799999999999997  1824
1  52.200000000000003  1677
2  54.799999999999997  2170
3  53.700000000000003  2246
4  59.700000000000003  1926
5  47.399999999999999  2218
6  55.399999999999999  2471
7  52.299999999999997  2502
1  51.399999999999999  2111
2  53.700000000000003  1935
3  51.200000000000003  2336
4  54.600000000000001  2411
5  51.0  2593
6  46.799999999999997  2658
7  57.100000000000001  2503
1  61.899999999999999  2311
2  60.799999999999997  2278
3  65.5  2154
4  58.600000000000001  2256
5  59.5  2094
6  52.600000000000001  2477
7  52.700000000000003  2197
1  53.0  2112
2  54.700000000000003  2243
3  62.299999999999997  2192
4  52.0  2090
5  46.899999999999999  2127
6  63.100000000000001  2213
7  55.200000000000003  1758
1  65.099999999999994  1619
2  59.200000000000003  2031
3  63.700000000000003  2093
4  56.299999999999997  2539
5  55.899999999999999  2152
6  53.899999999999999  2449
7  53.700000000000003  2662
1  54.399999999999999  1812
2  58.399999999999999  2094
3  58.899999999999999  2007
4  51.200000000000003  2437
5  45.299999999999997  2222
6  45.0  2037
7  56.0  2543
1  54.600000000000001  2496
2  53.5  2268
3  47.600000000000001  2190
4  58.299999999999997  2275
5  54.200000000000003  2414
6  51.700000000000003  2175
7  59.0  2207
1  66.400000000000006  1906
2  70.299999999999997  2172
3  52.799999999999997  2188
4  56.0  2294
5  54.200000000000003  2279
6  59.799999999999997  2174
7  60.899999999999999  2113
1  66.5  1911
2  53.600000000000001  2234
3  52.899999999999999  2393
4  61.799999999999997  2115
5  55.299999999999997  2272
6  58.799999999999997  2073
7  61.299999999999997  2158
1  62.200000000000003  2144
2  62.600000000000001  2266
3  59.399999999999999  2859
4  49.200000000000003  2312
5  58.399999999999999  2473
6  54.200000000000003  2271
7  51.100000000000001  2521
1  70.900000000000006  1457
2  47.700000000000003  2018
3  57.200000000000003  2397
4  51.399999999999999  2158
5  56.0  2504
6  61.100000000000001  1921
7  42.899999999999999  2298
1  67.5  1532
2  67.700000000000003  1638
3  62.799999999999997  1930
4  55.299999999999997  2414
5  51.0  2108
6  53.299999999999997  2459
7  45.100000000000001  2174
1  64.799999999999997  2122
2  55.899999999999999  2452
3  51.5  2336
4  52.100000000000001  2186
5  55.5  2513
6  51.100000000000001  2503
7  52.0  2343
1  63.899999999999999  2013
2  60.0  1848
3  53.200000000000003  1978
4  55.799999999999997  2160
5  47.299999999999997  2148
6  39.799999999999997  2421
7  48.600000000000001  2328
1  73.5  1757
2  41.0  2480
3  58.600000000000001  2180
4  54.600000000000001  2329
5  55.899999999999999  2394
6  55.799999999999997  2296
7  50.100000000000001  2013
1  54.700000000000003  1787
2  58.799999999999997  2030
