1  56.799999999999997  1882
2  61.799999999999997  1701
3  55.899999999999999  2289
4  65.099999999999994  2156
5  59.700000000000003  2038
6  46.399999999999999  2384
7  48.799999999999997  2817
1  67.099999999999994  1989
2  53.100000000000001  2031
3  49.399999999999999  2445
4  53.200000000000003  2116
5  55.399999999999999  2359
6  42.799999999999997  2553
7  48.200000000000003  2590
1  65.5  1999
2  48.899999999999999  2420
3  57.399999999999999  2467
4  57.299999999999997  2510
5  51.799999999999997  2478
6  51.200000000000003  2305
7  46.399999999999999  2578
1  50.600000000000001  2000
2  53.600000000000001  2100
