40  5.0  338
60  10.0  229
80  47.0  501
100  37.0  488
120  51.0  515
140  63.0  578
160  87.0  530
180  59.0  587
200  56.0  516
40  5.0  246
60  17.0  396
80  70.0  468
100  41.0  467
120  59.0  480
140  49.0  518
160  89.0  527
180  97.0  540
200  34.0  544
40  31.0  326
60  1.0  280
80  37.0  464
100  32.0  364
120  78.0  550
140  54.0  420
160  78.0  539
180  76.0  557
200  39.0  368
40  11.0  342
60  35.0  454
80  39.0  369
100  54.0  498
120  57.0  519
140  35.0  534
160  67.0  518
180  56.0  558
200  90.0  531
40  0.0  51
60  13.0  326
80  38.0  524
100  60.0  487
120  52.0  431
140  34.0  465
160  51.0  531
180  72.0  543
200  79.0  534
40  1.0  355
60  35.0  408
80  11.0  381
100  36.0  487
120  19.0  298
140  43.0  330
160  35.0  472
180  89.0  506
200  62.0  430
40  24.0  304
60  31.0  268
80  35.0  340
100  59.0  515
120  58.0  484
140  61.0  549
160  64.0  527
180  90.0  554
200  77.0  548
40  31.0  295
60  59.0  414
80  31.0  349
100  36.0  520
120  84.0  525
140  58.0  526
160  58.0  449
180  58.0  444
200  68.0  534
40  12.0  240
60  81.0  494
80  23.0  451
100  44.0  525
120  71.0  537
140  76.0  514
160  72.0  544
180  83.0  524
200  53.0  491
40  21.0  353
60  61.0  492
80  53.0  502
100  43.0  507
120  40.0  458
140  55.0  427
160  54.0  542
180  95.0  494
200  82.0  541
40  10.0  244
60  5.0  343
80  35.0  467
100  31.0  543
120  53.0  521
140  51.0  530
160  73.0  513
180  75.0  510
200  90.0  519
40  33.0  385
60  20.0  307
80  47.0  449
100  57.0  542
120  61.0  547
140  61.0  441
160  55.0  473
180  69.0  530
200  87.0  540
40  6.0  198
60  28.0  485
80  32.0  447
100  78.0  543
120  62.0  561
140  14.0  374
160  62.0  542
180  64.0  449
200  93.0  517
40  14.0  267
60  12.0  348
80  79.0  520
100  40.0  528
120  63.0  442
140  64.0  495
160  94.0  542
180  73.0  520
200  63.0  500
40  30.0  274
60  37.0  386
80  54.0  499
100  62.0  466
120  87.0  524
140  57.0  465
160  52.0  515
180  78.0  558
200  86.0  533
40  4.0  105
60  19.0  388
80  28.0  361
100  60.0  523
120  44.0  526
140  72.0  450
160  52.0  468
180  58.0  516
200  68.0  504
40  8.0  145
60  26.0  404
80  48.0  460
100  2.0  243
120  79.0  534
140  85.0  527
160  64.0  512
180  85.0  559
200  85.0  510
40  20.0  246
60  36.0  478
80  60.0  502
100  12.0  292
120  51.0  584
140  88.0  532
160  41.0  445
180  90.0  525
200  89.0  560
40  0.0  153
60  24.0  367
80  52.0  459
100  61.0  526
120  57.0  518
140  93.0  504
160  53.0  383
180  84.0  576
200  91.0  544
40  19.0  415
60  13.0  347
80  30.0  377
100  46.0  502
120  33.0  504
140  92.0  533
160  79.0  531
180  61.0  466
200  69.0  508
40  17.0  372
60  57.0  504
80  34.0  515
100  62.0  513
120  52.0  510
140  56.0  509
160  95.0  504
180  83.0  534
200  81.0  545
40  11.0  286
60  15.0  442
80  28.0  474
100  21.0  393
120  52.0  464
140  43.0  499
160  76.0  573
180  87.0  518
200  97.0  554
40  17.0  284
60  15.0  314
80  90.0  502
100  81.0  530
120  86.0  502
140  71.0  560
160  78.0  464
180  58.0  450
200  81.0  524
40  25.0  376
60  19.0  459
80  12.0  248
100  42.0  485
120  51.0  519
140  64.0  505
160  77.0  528
180  86.0  531
200  50.0  497
40  15.0  238
60  39.0  448
80  51.0  477
100  3.0  453
120  51.0  509
140  87.0  526
160  52.0  525
180  78.0  528
200  43.0  485
40  9.0  328
60  15.0  254
80  56.0  506
100  38.0  506
120  47.0  569
140  39.0  356
160  89.0  571
180  54.0  486
200  56.0  538
40  26.0  279
60  18.0  235
80  28.0  441
100  55.0  529
120  59.0  562
140  82.0  508
160  77.0  559
180  79.0  510
200  96.0  525
40  21.0  311
60  67.0  482
80  19.0  357
100  87.0  528
120  85.0  578
140  73.0  479
160  64.0  460
180  92.0  551
200  54.0  373
40  31.0  267
60  27.0  453
80  34.0  420
100  72.0  494
120  48.0  519
140  22.0  350
160  87.0  548
180  53.0  472
200  97.0  506
40  0.0  58
60  23.0  386
80  17.0  367
100  22.0  545
120  48.0  463
140  90.0  520
160  88.0  553
180  52.0  404
200  90.0  547
40  5.0  338
60  17.0  354
80  35.0  422
100  43.0  519
120  88.0  533
140  63.0  520
160  21.0  419
180  68.0  533
200  70.0  559
40  5.0  305
60  19.0  341
80  41.0  493
100  20.0  215
120  48.0  392
140  78.0  521
160  50.0  436
180  59.0  532
200  81.0  549
40  12.0  297
60  30.0  398
80  37.0  520
100  62.0  570
120  66.0  534
140  49.0  483
160  87.0  534
180  62.0  476
200  97.0  527
40  9.0  263
60  30.0  444
80  56.0  529
100  57.0  528
120  58.0  462
140  40.0  490
160  85.0  527
180  84.0  547
200  97.0  539
40  24.0  457
60  10.0  301
80  43.0  473
100  46.0  553
120  46.0  506
140  80.0  549
160  84.0  527
180  52.0  528
200  97.0  524
40  22.0  462
60  14.0  331
80  26.0  365
100  35.0  505
120  55.0  477
140  66.0  543
160  87.0  525
180  63.0  461
200  93.0  549
40  16.0  263
60  18.0  339
80  38.0  450
100  42.0  526
120  49.0  523
140  92.0  549
160  57.0  581
180  55.0  456
200  60.0  555
40  18.0  364
60  24.0  346
80  53.0  486
100  44.0  467
120  40.0  434
140  65.0  480
160  21.0  366
180  91.0  525
200  81.0  564
40  9.0  300
60  56.0  399
80  37.0  465
100  50.0  538
120  71.0  547
140  44.0  375
160  50.0  404
180  77.0  555
200  92.0  516
40  8.0  182
60  36.0  402
80  63.0  512
100  41.0  509
120  67.0  510
140  76.0  541
160  89.0  555
180  44.0  418
200  56.0  551
40  13.0  315
60  14.0  247
80  48.0  489
100  62.0  429
120  24.0  401
140  64.0  540
160  71.0  470
180  58.0  496
200  83.0  527
40  12.0  264
60  20.0  345
80  13.0  270
100  65.0  511
120  55.0  382
140  71.0  586
160  77.0  528
180  87.0  534
200  52.0  493
40  20.0  205
60  30.0  264
80  28.0  421
100  22.0  278
120  68.0  518
140  87.0  529
160  72.0  494
180  82.0  534
200  77.0  534
40  25.0  412
60  23.0  353
80  30.0  471
100  56.0  532
120  54.0  402
140  74.0  546
160  69.0  568
180  77.0  566
200  83.0  565
40  14.0  276
60  18.0  376
80  42.0  469
100  16.0  491
120  37.0  488
140  63.0  521
160  69.0  563
180  78.0  513
200  90.0  573
40  11.0  226
60  12.0  347
80  31.0  383
100  65.0  528
120  50.0  471
140  50.0  407
160  65.0  436
180  67.0  560
200  82.0  547
40  35.0  391
60  61.0  491
80  26.0  352
100  58.0  514
120  55.0  400
140  54.0  518
160  74.0  525
180  37.0  437
200  85.0  513
40  6.0  315
60  27.0  457
80  35.0  428
100  59.0  528
120  38.0  368
140  49.0  438
160  50.0  445
180  93.0  522
200  93.0  536
40  35.0  362
60  8.0  401
80  23.0  365
100  55.0  515
120  72.0  540
140  39.0  435
160  91.0  543
180  48.0  385
200  88.0  523
40  5.0  174
60  21.0  403
80  41.0  357
100  54.0  544
120  47.0  479
140  57.0  520
160  47.0  474
180  26.0  354
200  95.0  525
40  6.0  225
60  56.0  505
80  59.0  468
100  49.0  549
120  46.0  329
140  46.0  434
160  90.0  503
180  69.0  587
200  97.0  547
40  35.0  361
60  22.0  318
80  38.0  474
100  60.0  564
120  90.0  504
140  49.0  566
160  73.0  538
180  66.0  534
200  89.0  523
40  4.0  251
60  13.0  288
80  20.0  354
100  52.0  418
120  40.0  365
140  38.0  522
160  82.0  493
180  80.0  537
200  60.0  591
40  13.0  372
60  22.0  400
80  29.0  467
100  24.0  385
120  69.0  553
140  55.0  449
160  68.0  515
180  89.0  549
200  91.0  554
40  37.0  322
60  0.0  168
80  55.0  551
100  31.0  361
120  63.0  576
140  33.0  312
160  70.0  508
180  50.0  445
200  83.0  566
40  51.0  467
60  36.0  383
80  33.0  455
100  62.0  514
120  36.0  365
140  23.0  418
160  85.0  508
180  57.0  484
200  84.0  556
40  8.0  269
60  17.0  372
80  26.0  484
100  23.0  281
120  75.0  560
140  62.0  501
160  82.0  561
180  77.0  541
200  90.0  507
40  32.0  424
60  27.0  404
80  59.0  503
100  30.0  488
120  68.0  530
140  47.0  520
160  48.0  510
180  72.0  560
200  74.0  469
40  17.0  240
60  46.0  390
80  52.0  387
100  41.0  370
120  68.0  555
140  70.0  436
160  85.0  523
180  89.0  537
200  74.0  562
40  8.0  127
60  50.0  387
80  23.0  397
100  26.0  466
120  74.0  521
140  83.0  563
160  33.0  520
180  63.0  482
200  78.0  543
40  26.0  324
60  20.0  286
80  50.0  475
100  28.0  297
120  39.0  477
140  23.0  416
160  62.0  424
180  72.0  493
200  87.0  555
40  10.0  275
60  29.0  501
80  53.0  454
100  48.0  465
120  93.0  520
140  76.0  527
160  33.0  363
180  62.0  566
200  30.0  392
40  22.0  305
60  27.0  468
80  11.0  379
100  49.0  463
120  60.0  495
140  41.0  401
160  53.0  487
180  97.0  540
200  95.0  523
40  48.0  429
60  4.0  397
80  34.0  424
100  54.0  428
120  45.0  517
140  61.0  529
160  17.0  303
180  69.0  557
200  97.0  533
40  14.0  339
60  0.0  152
80  9.0  434
100  25.0  420
120  17.0  227
140  43.0  367
160  46.0  596
180  59.0  504
200  58.0  481
40  28.0  338
60  31.0  357
80  33.0  466
100  45.0  541
120  56.0  446
140  77.0  494
160  60.0  404
180  40.0  519
200  35.0  433
40  12.0  264
60  32.0  442
80  61.0  499
100  47.0  436
120  45.0  420
140  70.0  474
160  85.0  553
180  44.0  464
200  77.0  542
40  15.0  252
60  42.0  416
80  25.0  410
100  46.0  433
120  56.0  521
140  52.0  469
160  95.0  528
180  92.0  524
200  79.0  505
40  11.0  301
60  7.0  270
80  45.0  509
100  41.0  447
120  65.0  581
140  58.0  539
160  53.0  403
180  97.0  530
200  71.0  544
40  4.0  300
60  12.0  271
80  57.0  528
100  63.0  545
120  66.0  494
140  92.0  516
160  52.0  416
180  71.0  522
200  57.0  447
40  3.0  171
60  38.0  470
80  47.0  558
100  38.0  438
120  64.0  562
140  72.0  527
160  53.0  537
180  44.0  486
200  94.0  529
40  13.0  306
60  16.0  298
80  45.0  526
100  40.0  510
120  69.0  519
140  90.0  549
160  49.0  522
180  93.0  564
200  72.0  560
40  6.0  270
60  19.0  346
80  36.0  407
100  64.0  504
120  57.0  507
140  86.0  549
160  40.0  471
180  69.0  538
200  63.0  506
40  10.0  199
60  47.0  440
80  40.0  520
100  11.0  382
120  74.0  530
140  53.0  547
160  44.0  567
180  80.0  594
200  63.0  415
40  6.0  190
60  25.0  267
80  19.0  416
100  50.0  537
120  26.0  481
140  55.0  541
160  57.0  435
180  21.0  458
200  89.0  543
40  0.0  193
60  16.0  248
80  44.0  465
100  44.0  510
120  67.0  523
140  87.0  500
160  87.0  582
180  75.0  537
200  46.0  395
40  20.0  341
60  12.0  407
80  60.0  476
100  34.0  466
120  33.0  367
140  42.0  541
160  46.0  471
180  65.0  507
200  67.0  559
40  6.0  328
60  32.0  435
80  20.0  443
100  60.0  550
120  70.0  471
140  79.0  530
160  61.0  503
180  45.0  291
200  86.0  503
40  11.0  173
60  5.0  210
80  14.0  277
100  47.0  567
120  40.0  506
140  70.0  556
160  61.0  499
180  64.0  512
200  92.0  538
40  0.0  227
60  40.0  457
80  37.0  509
100  19.0  460
120  58.0  524
140  77.0  538
160  39.0  546
180  44.0  343
200  77.0  504
40  8.0  226
60  45.0  429
80  34.0  358
100  48.0  450
120  40.0  402
140  64.0  493
160  95.0  540
180  81.0  497
200  83.0  553
40  6.0  325
60  24.0  361
80  30.0  445
100  58.0  485
120  81.0  518
140  76.0  535
160  79.0  523
180  72.0  543
200  47.0  353
40  20.0  360
60  61.0  482
80  26.0  490
100  45.0  490
120  31.0  374
140  69.0  535
160  76.0  514
180  95.0  540
200  78.0  539
40  3.0  156
60  37.0  410
80  64.0  474
100  50.0  453
120  72.0  473
140  79.0  532
160  52.0  516
180  90.0  510
200  97.0  528
40  10.0  359
60  13.0  333
80  38.0  436
100  45.0  402
120  50.0  530
140  41.0  388
160  33.0  314
180  47.0  533
200  50.0  437
40  6.0  289
60  45.0  394
80  66.0  509
100  48.0  383
120  46.0  449
140  66.0  518
160  69.0  511
180  59.0  503
200  74.0  540
40  26.0  355
60  26.0  293
80  66.0  509
100  62.0  522
120  22.0  464
140  27.0  476
160  65.0  534
180  68.0  520
200  83.0  550
40  12.0  290
60  60.0  441
80  50.0  427
100  48.0  499
120  71.0  598
140  54.0  525
160  55.0  489
180  90.0  515
200  83.0  568
40  0.0  98
60  39.0  407
80  55.0  511
100  78.0  480
120  40.0  413
140  59.0  547
160  77.0  538
180  90.0  520
200  72.0  559
40  31.0  367
60  18.0  405
80  23.0  507
100  58.0  529
120  65.0  535
140  53.0  528
160  76.0  528
180  54.0  483
200  55.0  436
40  37.0  336
60  7.0  128
80  56.0  456
100  74.0  526
120  23.0  422
140  38.0  440
160  51.0  537
180  67.0  424
200  85.0  523
40  6.0  270
60  13.0  257
80  56.0  492
100  33.0  414
120  53.0  459
140  70.0  518
160  52.0  453
180  86.0  540
200  96.0  588
40  7.0  268
60  51.0  529
80  31.0  433
100  28.0  301
120  51.0  490
140  73.0  525
160  91.0  554
180  88.0  573
200  78.0  533
40  1.0  84
60  52.0  456
80  14.0  348
100  71.0  515
120  69.0  577
140  54.0  541
160  66.0  548
180  70.0  466
200  66.0  551
40  17.0  277
60  2.0  133
80  42.0  470
100  32.0  460
120  18.0  480
140  46.0  527
160  79.0  564
180  74.0  520
200  66.0  480
40  23.0  266
60  25.0  307
80  24.0  433
100  47.0  454
120  34.0  430
140  88.0  540
160  33.0  476
180  87.0  490
200  76.0  496
40  22.0  311
60  8.0  337
80  53.0  532
100  7.0  197
120  72.0  529
140  36.0  376
160  93.0  548
180  61.0  397
200  56.0  518
40  4.0  136
60  48.0  474
80  39.0  515
100  45.0  400
120  55.0  565
140  74.0  549
160  67.0  523
180  96.0  545
200  74.0  525
40  8.0  199
60  18.0  264
80  42.0  461
100  31.0  578
120  41.0  366
140  78.0  574
160  80.0  534
180  90.0  545
200  95.0  543
40  8.0  231
60  28.0  417
80  42.0  545
100  77.0  526
120  64.0  512
140  73.0  530
160  88.0  536
180  47.0  470
200  97.0  537
