0  51.0  298
0  68.0  335
0  52.0  243
0  65.0  370
0  63.0  266
0  39.0  528
0  42.0  364
0  47.0  249
0  61.0  442
0  62.0  387
0  51.0  382
0  32.0  522
0  25.0  379
0  28.0  382
0  58.0  361
0  42.0  406
0  38.0  466
0  48.0  436
0  72.0  380
0  56.0  449
0  30.0  584
0  85.0  254
0  47.0  211
0  91.0  274
0  73.0  367
0  63.0  388
0  57.0  415
0  41.0  381
0  18.0  349
0  57.0  413
0  43.0  374
0  39.0  377
0  79.0  281
0  46.0  593
0  49.0  406
0  47.0  469
0  40.0  337
0  46.0  404
0  51.0  390
0  50.0  382
0  34.0  431
0  39.0  350
0  53.0  367
0  22.0  576
0  39.0  471
0  70.0  394
0  40.0  309
0  40.0  359
0  84.0  326
0  10.0  485
0  59.0  412
0  44.0  376
0  48.0  355
0  25.0  338
0  41.0  333
0  32.0  391
0  38.0  364
0  81.0  207
0  51.0  472
0  13.0  474
0  50.0  481
0  77.0  305
0  50.0  358
0  15.0  319
0  87.0  273
0  63.0  267
0  45.0  267
0  42.0  498
0  39.0  448
0  26.0  453
0  48.0  453
0  53.0  534
0  42.0  389
0  22.0  514
0  46.0  411
0  67.0  365
0  40.0  329
0  57.0  299
0  34.0  284
0  70.0  287
0  34.0  349
0  48.0  423
0  31.0  406
0  40.0  398
0  20.0  399
0  36.0  505
0  37.0  251
0  49.0  353
0  50.0  470
0  49.0  520
0  64.0  377
0  27.0  130
0  33.0  198
0  15.0  304
0  38.0  507
0  4.0  240
0  22.0  344
0  47.0  370
0  69.0  379
0  38.0  276
1  39.0  354
1  36.0  353
1  35.0  342
1  24.0  282
1  53.0  508
1  31.0  398
1  28.0  533
1  62.0  351
1  48.0  428
1  50.0  301
1  70.0  354
1  59.0  319
1  41.0  445
1  58.0  433
1  61.0  434
1  70.0  269
1  47.0  513
1  49.0  396
1  79.0  378
1  26.0  353
1  43.0  428
1  67.0  384
1  46.0  429
1  31.0  262
1  43.0  346
1  48.0  360
1  54.0  355
1  37.0  418
1  61.0  371
1  38.0  562
1  54.0  247
1  48.0  469
1  57.0  482
1  28.0  337
1  38.0  458
1  32.0  354
1  13.0  308
1  33.0  315
1  47.0  404
1  54.0  278
1  53.0  495
1  81.0  320
1  57.0  388
1  13.0  417
1  41.0  530
1  80.0  327
1  42.0  375
1  63.0  427
1  17.0  241
1  57.0  258
1  31.0  482
1  65.0  381
1  42.0  287
1  49.0  484
1  35.0  164
1  34.0  316
1  35.0  402
1  75.0  354
1  87.0  268
1  63.0  383
1  22.0  251
1  48.0  391
1  46.0  293
1  67.0  287
1  65.0  336
1  32.0  455
1  86.0  319
1  23.0  636
1  22.0  464
1  48.0  274
1  37.0  268
1  38.0  297
1  80.0  314
1  80.0  321
1  10.0  278
1  81.0  314
1  65.0  351
1  34.0  570
1  68.0  327
1  10.0  252
1  23.0  497
1  53.0  398
1  47.0  349
1  56.0  306
1  48.0  254
1  31.0  508
1  27.0  421
1  18.0  333
1  25.0  322
1  29.0  246
1  24.0  399
1  45.0  415
1  41.0  576
1  39.0  298
1  61.0  386
1  77.0  322
1  64.0  431
1  61.0  403
1  80.0  333
1  75.0  313
2  36.0  354
2  30.0  397
2  66.0  414
2  55.0  398
2  53.0  244
2  69.0  414
2  29.0  436
2  68.0  361
2  69.0  397
2  35.0  333
2  54.0  423
2  56.0  448
2  22.0  112
2  47.0  425
2  49.0  375
2  56.0  402
2  50.0  527
2  35.0  327
2  46.0  239
2  50.0  385
2  48.0  264
2  39.0  443
2  13.0  620
2  28.0  289
2  66.0  405
2  38.0  404
2  52.0  377
2  19.0  203
2  74.0  334
2  21.0  229
2  23.0  442
2  42.0  499
2  37.0  378
2  28.0  336
2  53.0  353
2  75.0  353
2  65.0  387
2  56.0  461
2  65.0  180
2  53.0  398
2  58.0  384
2  36.0  399
2  54.0  380
2  73.0  388
2  60.0  411
2  10.0  312
2  65.0  316
2  50.0  274
2  50.0  391
2  61.0  457
2  59.0  403
2  54.0  194
2  51.0  477
2  37.0  335
2  68.0  361
2  28.0  264
2  53.0  412
2  79.0  281
2  56.0  275
2  69.0  314
2  37.0  487
2  30.0  356
2  29.0  481
2  42.0  461
2  49.0  401
2  30.0  422
2  77.0  278
2  89.0  286
2  14.0  371
2  63.0  469
2  68.0  379
2  63.0  337
2  27.0  547
2  37.0  273
2  37.0  353
2  42.0  600
2  42.0  308
2  33.0  398
2  31.0  443
2  36.0  413
2  60.0  480
2  50.0  375
2  81.0  252
2  76.0  310
2  74.0  275
2  53.0  311
2  30.0  441
2  30.0  377
2  62.0  266
2  47.0  534
2  72.0  377
2  66.0  528
2  51.0  373
2  45.0  287
2  75.0  335
2  48.0  249
2  38.0  393
2  35.0  359
2  26.0  321
2  24.0  386
3  18.0  429
3  59.0  307
3  70.0  350
3  40.0  437
3  59.0  410
3  12.0  341
3  37.0  311
3  26.0  448
3  42.0  419
3  46.0  478
3  51.0  347
3  41.0  504
3  22.0  580
3  57.0  336
3  43.0  461
3  43.0  606
3  52.0  402
3  44.0  399
3  45.0  340
3  69.0  405
3  45.0  276
3  35.0  392
3  10.0  456
3  63.0  461
3  60.0  467
3  37.0  501
3  50.0  360
3  34.0  218
3  37.0  474
3  59.0  460
3  76.0  345
3  50.0  247
3  70.0  338
3  69.0  383
3  59.0  207
3  36.0  484
3  86.0  132
3  72.0  339
3  68.0  404
3  68.0  364
3  63.0  356
3  40.0  153
3  78.0  324
3  47.0  522
3  32.0  251
3  26.0  208
3  49.0  355
3  50.0  601
3  62.0  311
3  64.0  399
3  51.0  282
3  78.0  303
3  49.0  451
3  49.0  447
3  66.0  337
3  36.0  534
3  17.0  602
3  35.0  543
3  63.0  339
3  61.0  206
3  37.0  256
3  60.0  245
3  41.0  460
3  62.0  358
3  70.0  453
3  32.0  421
3  63.0  345
3  59.0  408
3  24.0  538
3  55.0  233
3  10.0  533
3  52.0  424
3  65.0  379
3  17.0  436
3  58.0  440
3  39.0  438
3  36.0  428
3  18.0  527
3  40.0  343
3  70.0  362
3  56.0  423
3  43.0  292
3  11.0  275
3  68.0  354
3  27.0  373
3  32.0  402
3  35.0  393
3  45.0  337
3  42.0  257
3  78.0  393
3  54.0  325
3  28.0  453
3  42.0  406
3  54.0  387
3  73.0  385
3  57.0  323
3  56.0  380
3  54.0  311
3  24.0  402
3  64.0  395
4  73.0  273
4  48.0  302
4  75.0  344
4  55.0  442
4  61.0  433
4  55.0  486
4  37.0  367
4  51.0  539
4  82.0  310
4  37.0  467
4  50.0  399
4  66.0  326
4  81.0  291
4  72.0  275
4  44.0  457
4  40.0  467
4  44.0  360
4  66.0  432
4  38.0  439
4  53.0  372
4  67.0  375
4  84.0  264
4  64.0  361
4  28.0  335
4  63.0  301
4  72.0  365
4  43.0  336
4  49.0  466
4  73.0  393
4  25.0  326
4  15.0  241
4  33.0  434
4  31.0  479
4  68.0  398
4  49.0  489
4  42.0  395
4  46.0  282
4  29.0  435
4  39.0  211
4  26.0  288
4  54.0  378
4  57.0  313
4  86.0  279
4  34.0  457
4  37.0  332
4  86.0  289
4  54.0  449
4  58.0  486
4  56.0  402
4  48.0  497
4  61.0  354
4  27.0  227
4  14.0  211
4  46.0  286
4  53.0  449
4  44.0  490
4  65.0  369
4  43.0  486
4  44.0  402
4  54.0  325
4  52.0  397
4  39.0  284
4  75.0  320
4  61.0  430
4  68.0  394
4  48.0  461
4  45.0  432
4  42.0  395
4  70.0  348
4  52.0  358
4  30.0  305
4  70.0  309
4  78.0  298
4  58.0  414
4  66.0  382
4  48.0  219
4  77.0  345
4  42.0  473
4  90.0  275
4  68.0  312
4  79.0  304
4  23.0  183
4  50.0  425
4  57.0  362
4  48.0  401
4  56.0  415
4  66.0  427
4  69.0  324
4  51.0  235
4  30.0  367
4  33.0  366
4  45.0  473
4  63.0  378
4  44.0  393
4  35.0  459
4  69.0  375
4  83.0  291
4  63.0  392
4  64.0  374
4  36.0  310
5  33.0  413
5  38.0  289
5  78.0  341
5  66.0  272
5  64.0  419
5  56.0  427
5  84.0  326
5  78.0  375
5  71.0  371
5  43.0  484
5  48.0  483
5  35.0  268
5  38.0  421
5  27.0  183
5  67.0  323
5  20.0  306
5  63.0  349
5  79.0  309
5  58.0  426
5  54.0  401
5  16.0  407
5  35.0  293
5  31.0  276
5  16.0  406
5  42.0  460
5  67.0  372
5  58.0  200
5  33.0  604
5  36.0  407
5  68.0  345
5  51.0  341
5  51.0  403
5  94.0  253
5  38.0  331
5  43.0  494
5  37.0  334
5  79.0  261
5  67.0  361
5  35.0  281
5  52.0  282
5  58.0  408
5  28.0  341
5  17.0  265
5  46.0  415
5  49.0  235
5  42.0  495
5  69.0  289
5  46.0  244
5  22.0  563
5  40.0  345
5  64.0  226
5  62.0  417
5  44.0  421
5  54.0  432
5  58.0  426
5  31.0  395
5  58.0  233
5  93.0  255
5  37.0  398
5  57.0  369
5  30.0  420
5  30.0  357
5  40.0  225
5  61.0  366
5  37.0  460
5  80.0  328
5  74.0  337
5  51.0  410
5  16.0  296
5  51.0  496
5  39.0  375
5  80.0  362
5  50.0  346
5  49.0  317
5  51.0  308
5  69.0  359
5  25.0  552
5  45.0  454
5  33.0  500
5  64.0  431
5  71.0  311
5  29.0  375
5  38.0  289
5  68.0  318
5  19.0  270
5  86.0  322
5  47.0  558
5  24.0  407
5  45.0  463
5  66.0  456
5  39.0  287
5  47.0  328
5  78.0  326
5  18.0  255
5  66.0  264
5  35.0  554
5  33.0  515
5  43.0  401
5  28.0  444
5  45.0  499
6  69.0  358
6  33.0  435
6  30.0  299
6  65.0  296
6  11.0  257
6  23.0  430
6  11.0  189
6  47.0  290
6  37.0  362
6  53.0  214
6  61.0  379
6  54.0  417
6  46.0  269
6  27.0  275
6  37.0  360
6  54.0  187
6  64.0  402
6  46.0  548
6  67.0  317
6  71.0  344
6  48.0  308
6  34.0  435
6  82.0  296
6  24.0  427
6  62.0  317
6  69.0  436
6  53.0  382
6  40.0  496
6  44.0  156
6  74.0  361
6  89.0  289
6  46.0  347
6  47.0  345
6  46.0  312
6  32.0  377
6  53.0  412
6  59.0  333
6  71.0  325
6  55.0  339
6  80.0  326
6  31.0  363
6  78.0  421
6  44.0  369
6  69.0  339
6  59.0  293
6  67.0  370
6  53.0  447
6  58.0  323
6  40.0  369
6  83.0  307
6  40.0  411
6  36.0  292
6  60.0  404
6  70.0  367
6  58.0  420
6  45.0  373
6  28.0  371
6  39.0  489
6  42.0  310
6  84.0  240
6  39.0  549
6  46.0  488
6  57.0  343
6  29.0  289
6  67.0  343
6  64.0  411
6  41.0  470
6  54.0  376
6  37.0  320
6  29.0  464
6  23.0  342
6  76.0  359
6  21.0  263
6  65.0  337
6  62.0  278
6  41.0  465
6  57.0  458
6  58.0  274
6  79.0  330
6  39.0  352
6  55.0  316
6  67.0  377
6  52.0  409
6  26.0  364
6  38.0  417
6  28.0  542
6  37.0  282
6  56.0  442
6  24.0  345
6  37.0  470
6  41.0  437
6  29.0  277
6  68.0  368
6  61.0  402
6  53.0  427
6  71.0  243
6  51.0  389
6  61.0  365
6  62.0  293
6  66.0  519
7  62.0  464
7  67.0  344
7  48.0  392
7  63.0  333
7  41.0  369
7  55.0  320
7  25.0  562
7  83.0  305
7  80.0  265
7  43.0  284
7  81.0  305
7  75.0  255
7  68.0  357
7  65.0  415
7  39.0  256
7  22.0  300
7  37.0  461
7  30.0  275
7  77.0  261
7  74.0  246
7  53.0  425
7  3.0  227
7  55.0  303
7  63.0  381
7  49.0  388
7  68.0  376
7  74.0  344
7  34.0  378
7  68.0  363
7  83.0  318
7  58.0  443
7  16.0  343
7  28.0  507
7  32.0  380
7  51.0  179
7  32.0  362
7  40.0  543
7  62.0  326
7  77.0  345
7  80.0  344
7  68.0  298
7  64.0  429
7  36.0  586
7  61.0  347
7  76.0  265
7  33.0  454
7  44.0  333
7  62.0  470
7  16.0  277
7  23.0  685
7  39.0  403
7  51.0  538
7  73.0  353
7  8.0  255
7  67.0  363
7  58.0  271
7  49.0  477
7  65.0  222
7  49.0  216
7  72.0  323
7  39.0  300
7  36.0  252
7  69.0  354
7  62.0  415
7  68.0  388
7  21.0  375
7  28.0  483
7  49.0  318
7  5.0  534
7  46.0  583
7  62.0  433
7  58.0  416
7  57.0  437
7  36.0  159
7  42.0  401
7  14.0  576
7  64.0  356
7  26.0  387
7  60.0  465
7  71.0  390
7  48.0  433
7  81.0  242
7  93.0  247
7  45.0  244
7  58.0  240
7  27.0  264
7  21.0  302
7  28.0  227
7  37.0  477
7  56.0  418
7  35.0  295
7  50.0  366
7  36.0  299
7  77.0  329
7  44.0  303
7  38.0  592
7  51.0  391
7  56.0  376
7  60.0  390
7  88.0  289
8  33.0  362
8  44.0  360
8  38.0  472
8  54.0  360
8  16.0  390
8  81.0  317
8  28.0  295
8  30.0  406
8  41.0  356
8  60.0  457
8  40.0  404
8  21.0  304
8  51.0  433
8  94.0  246
8  72.0  343
8  29.0  436
8  43.0  391
8  60.0  377
8  69.0  280
8  56.0  362
8  35.0  420
8  77.0  346
8  56.0  368
8  37.0  338
8  74.0  311
8  38.0  571
8  34.0  223
8  49.0  437
8  81.0  284
8  63.0  168
8  79.0  377
8  63.0  222
8  56.0  301
8  45.0  522
8  38.0  477
8  49.0  284
8  41.0  457
8  38.0  491
8  48.0  467
8  82.0  306
8  55.0  447
8  67.0  374
8  77.0  330
8  40.0  554
8  69.0  224
8  58.0  226
8  38.0  428
8  45.0  224
8  60.0  287
8  41.0  368
8  72.0  356
8  53.0  347
8  35.0  435
8  32.0  509
8  55.0  336
8  25.0  199
8  44.0  262
8  32.0  457
8  29.0  368
8  60.0  356
8  43.0  416
8  63.0  294
8  49.0  574
8  50.0  442
8  58.0  345
8  41.0  486
8  27.0  345
8  64.0  407
8  66.0  329
8  36.0  560
8  50.0  393
8  45.0  354
8  52.0  425
8  23.0  389
8  43.0  413
8  62.0  368
8  58.0  423
8  74.0  281
8  20.0  580
8  35.0  480
8  48.0  340
8  60.0  350
8  69.0  378
8  53.0  360
8  73.0  312
8  51.0  380
8  89.0  278
8  98.0  214
8  62.0  393
8  44.0  448
8  49.0  210
8  40.0  217
8  32.0  405
8  53.0  429
8  83.0  304
8  64.0  248
8  51.0  433
8  39.0  312
8  33.0  348
8  41.0  303
9  47.0  392
9  54.0  470
9  77.0  315
9  44.0  299
9  54.0  481
9  69.0  397
9  21.0  252
9  49.0  365
9  43.0  327
9  46.0  453
9  53.0  327
9  74.0  308
9  44.0  513
9  78.0  291
9  26.0  335
9  56.0  369
9  36.0  233
9  62.0  458
9  67.0  368
9  75.0  148
9  44.0  500
9  79.0  310
9  66.0  220
9  50.0  464
9  37.0  243
9  68.0  335
9  43.0  314
9  55.0  402
9  68.0  371
9  48.0  437
9  61.0  439
9  84.0  326
9  30.0  429
9  57.0  417
9  58.0  376
9  25.0  431
9  19.0  279
9  4.0  307
9  30.0  434
9  51.0  459
9  50.0  504
9  41.0  437
9  35.0  242
9  24.0  302
9  49.0  445
9  38.0  281
9  18.0  579
9  27.0  266
9  38.0  477
9  37.0  484
9  19.0  252
9  33.0  299
9  51.0  370
9  47.0  357
9  73.0  380
9  64.0  215
9  18.0  551
9  30.0  349
9  67.0  224
9  57.0  388
9  42.0  321
9  59.0  378
9  31.0  601
9  52.0  284
9  46.0  373
9  57.0  455
9  23.0  363
9  42.0  280
9  71.0  335
9  47.0  372
9  28.0  194
9  34.0  333
9  30.0  386
9  40.0  460
9  33.0  330
9  55.0  257
9  18.0  205
9  27.0  366
9  67.0  380
9  60.0  378
9  48.0  460
9  37.0  512
9  33.0  348
9  42.0  334
9  48.0  351
9  55.0  397
9  35.0  433
9  21.0  197
9  62.0  417
9  42.0  324
9  41.0  437
9  66.0  283
9  69.0  402
9  61.0  348
9  64.0  415
9  48.0  410
9  48.0  411
9  42.0  308
9  82.0  316
9  42.0  144
10  60.0  267
10  45.0  437
10  47.0  450
10  49.0  286
10  49.0  487
10  68.0  353
10  67.0  258
10  35.0  151
10  47.0  469
10  53.0  418
10  48.0  342
10  44.0  385
10  62.0  336
10  50.0  307
10  56.0  412
10  43.0  586
10  51.0  394
10  57.0  431
10  63.0  370
10  45.0  439
10  37.0  428
10  56.0  424
10  52.0  345
10  76.0  313
10  53.0  429
10  70.0  271
10  75.0  374
10  56.0  311
10  38.0  428
10  63.0  325
10  24.0  257
10  52.0  351
10  18.0  215
10  69.0  383
10  62.0  225
10  17.0  398
10  71.0  359
10  52.0  422
10  70.0  411
10  48.0  444
10  50.0  370
10  44.0  482
10  71.0  372
10  41.0  582
10  41.0  252
10  19.0  223
10  58.0  494
10  69.0  395
10  81.0  285
10  36.0  550
10  66.0  431
10  27.0  498
10  63.0  415
10  24.0  338
10  64.0  324
10  37.0  474
10  44.0  461
10  21.0  317
10  36.0  392
10  52.0  328
10  29.0  267
10  37.0  455
10  51.0  402
10  59.0  356
10  65.0  358
10  33.0  383
10  64.0  313
10  55.0  355
10  65.0  318
10  46.0  406
10  29.0  310
10  52.0  450
10  42.0  211
10  82.0  286
10  66.0  423
10  36.0  389
10  58.0  488
10  66.0  346
10  80.0  356
10  24.0  382
10  30.0  326
10  30.0  372
10  59.0  534
10  50.0  548
10  50.0  419
10  39.0  598
10  73.0  409
10  69.0  415
10  51.0  368
10  27.0  618
10  47.0  287
10  49.0  397
10  67.0  418
10  46.0  381
10  75.0  208
10  62.0  408
10  44.0  185
10  45.0  309
10  55.0  444
10  74.0  310
11  58.0  412
11  44.0  284
11  49.0  403
11  48.0  390
11  35.0  308
11  41.0  414
11  37.0  439
11  74.0  396
11  33.0  316
11  35.0  403
11  49.0  457
11  56.0  389
11  49.0  404
11  43.0  275
11  46.0  228
11  84.0  331
11  77.0  328
11  90.0  241
11  42.0  532
11  65.0  419
11  87.0  285
11  54.0  479
11  53.0  383
11  38.0  177
11  60.0  426
11  61.0  372
11  58.0  260
11  42.0  363
11  60.0  293
11  81.0  281
11  67.0  393
11  57.0  346
11  31.0  195
11  56.0  411
11  73.0  376
11  49.0  494
11  23.0  286
11  60.0  460
11  47.0  378
11  65.0  272
11  39.0  253
11  55.0  477
11  40.0  457
11  45.0  340
11  42.0  255
11  36.0  494
11  54.0  328
11  74.0  399
11  74.0  334
11  66.0  446
11  39.0  346
11  43.0  352
11  63.0  344
11  95.0  240
11  58.0  375
11  42.0  461
11  34.0  395
11  20.0  231
11  31.0  535
11  44.0  505
11  36.0  450
11  33.0  373
11  78.0  272
11  26.0  447
11  50.0  295
11  55.0  448
11  61.0  306
11  74.0  366
11  36.0  478
11  43.0  416
11  68.0  436
11  45.0  468
11  36.0  366
11  60.0  409
11  59.0  236
11  69.0  370
11  49.0  403
11  42.0  354
11  65.0  397
11  36.0  602
11  70.0  344
11  68.0  372
11  26.0  202
11  64.0  341
11  43.0  304
11  47.0  476
11  61.0  212
11  37.0  177
11  29.0  347
11  63.0  300
11  63.0  346
11  36.0  385
11  58.0  302
11  80.0  336
11  63.0  400
11  43.0  513
11  43.0  471
11  78.0  283
11  40.0  371
11  58.0  455
12  71.0  286
12  78.0  361
12  17.0  362
12  48.0  499
12  43.0  522
12  67.0  375
12  15.0  635
12  60.0  419
12  37.0  191
12  56.0  527
12  26.0  556
12  68.0  273
12  50.0  369
12  53.0  319
12  67.0  262
12  60.0  357
12  91.0  272
12  63.0  255
12  25.0  437
12  75.0  375
12  41.0  475
12  36.0  236
12  11.0  380
12  60.0  393
12  37.0  366
12  25.0  443
12  47.0  259
12  38.0  439
12  11.0  203
12  76.0  342
12  38.0  464
12  51.0  443
12  70.0  292
12  42.0  261
12  50.0  264
12  57.0  288
12  53.0  455
12  83.0  319
12  76.0  329
12  68.0  409
12  79.0  338
12  62.0  409
12  51.0  378
12  46.0  330
12  63.0  317
12  88.0  301
12  27.0  418
12  44.0  524
12  74.0  331
12  47.0  388
12  40.0  389
12  55.0  381
12  62.0  490
12  55.0  525
12  47.0  240
12  74.0  266
12  48.0  417
12  36.0  363
12  63.0  484
12  46.0  478
12  71.0  254
12  52.0  361
12  44.0  399
12  42.0  460
12  48.0  465
12  60.0  455
12  57.0  405
12  66.0  393
12  48.0  404
12  65.0  310
12  48.0  451
12  5.0  213
12  48.0  351
12  68.0  363
12  32.0  597
12  37.0  349
12  47.0  431
12  68.0  275
12  51.0  354
12  72.0  277
12  40.0  124
12  6.0  279
12  62.0  337
12  61.0  438
12  51.0  490
12  89.0  221
12  83.0  332
12  37.0  368
12  51.0  437
12  37.0  615
12  58.0  269
12  45.0  243
12  37.0  479
12  33.0  544
12  68.0  358
12  52.0  427
12  57.0  358
12  24.0  598
12  42.0  480
12  38.0  513
13  86.0  299
13  44.0  308
13  55.0  410
13  40.0  583
13  44.0  231
13  51.0  395
13  84.0  169
13  48.0  309
13  60.0  388
13  57.0  343
13  56.0  428
13  88.0  263
13  60.0  403
13  89.0  276
13  20.0  415
13  26.0  393
13  57.0  384
13  40.0  463
13  47.0  384
13  80.0  353
13  55.0  253
13  57.0  389
13  46.0  402
13  61.0  325
13  31.0  380
13  38.0  486
13  61.0  370
13  52.0  298
13  56.0  330
13  29.0  379
13  74.0  328
13  29.0  477
13  73.0  314
13  38.0  242
13  81.0  301
13  61.0  253
13  58.0  340
13  30.0  283
13  70.0  282
13  45.0  592
13  70.0  244
13  56.0  427
13  68.0  290
13  54.0  467
13  64.0  358
13  75.0  328
13  21.0  343
13  54.0  324
13  46.0  361
13  72.0  297
13  48.0  493
13  46.0  343
13  68.0  366
13  33.0  552
13  62.0  435
13  30.0  192
13  19.0  262
13  53.0  321
13  90.0  263
13  53.0  375
13  50.0  332
13  45.0  601
13  57.0  390
13  28.0  404
13  52.0  422
13  30.0  315
13  61.0  400
13  56.0  387
13  58.0  426
13  71.0  415
13  53.0  514
13  26.0  423
13  70.0  362
13  29.0  565
13  72.0  316
13  50.0  261
13  48.0  295
13  41.0  462
13  40.0  496
13  69.0  404
13  66.0  387
13  27.0  478
13  48.0  389
13  82.0  331
13  49.0  277
13  63.0  229
13  48.0  378
13  27.0  341
13  78.0  355
13  81.0  347
13  38.0  453
13  43.0  499
13  58.0  502
13  42.0  484
13  84.0  239
13  60.0  316
13  44.0  463
13  39.0  391
13  57.0  378
13  53.0  426
14  23.0  263
14  63.0  320
14  28.0  625
14  84.0  310
14  31.0  299
14  30.0  208
14  50.0  446
14  19.0  371
14  56.0  464
14  69.0  320
14  28.0  389
14  73.0  337
14  65.0  478
14  63.0  273
14  38.0  407
14  66.0  273
14  44.0  267
14  32.0  94
14  39.0  320
14  33.0  430
14  71.0  203
14  42.0  520
14  70.0  270
14  49.0  370
14  68.0  461
14  56.0  405
14  59.0  398
14  48.0  472
14  69.0  240
14  84.0  294
14  55.0  496
14  61.0  251
14  62.0  364
14  56.0  380
14  60.0  476
14  65.0  327
14  57.0  442
14  67.0  401
14  78.0  331
14  57.0  302
14  59.0  368
14  19.0  497
14  66.0  422
14  62.0  335
14  51.0  469
14  53.0  479
14  88.0  158
14  51.0  366
14  50.0  437
14  60.0  270
14  22.0  497
14  54.0  352
14  40.0  249
14  44.0  544
14  59.0  502
14  47.0  232
14  48.0  409
14  52.0  406
14  17.0  418
14  79.0  373
14  62.0  216
14  55.0  192
14  54.0  384
14  36.0  423
14  72.0  336
14  54.0  419
14  36.0  271
14  58.0  248
14  55.0  436
14  78.0  303
14  46.0  229
14  65.0  388
14  44.0  428
14  44.0  451
14  53.0  474
14  66.0  305
14  62.0  441
14  54.0  337
14  83.0  213
14  49.0  346
14  52.0  440
14  49.0  414
14  72.0  353
14  15.0  482
14  32.0  278
14  58.0  396
14  59.0  385
14  80.0  270
14  63.0  348
14  80.0  331
14  52.0  444
14  71.0  206
14  68.0  315
14  76.0  318
14  35.0  351
14  65.0  437
14  85.0  284
14  56.0  523
14  64.0  396
14  48.0  234
15  61.0  372
15  45.0  194
15  37.0  376
15  57.0  482
15  59.0  424
15  47.0  443
15  43.0  309
15  36.0  580
15  65.0  206
15  61.0  169
15  55.0  350
15  21.0  142
15  79.0  368
15  48.0  438
15  56.0  408
15  64.0  367
15  50.0  334
15  43.0  345
15  56.0  406
15  66.0  397
15  41.0  505
15  66.0  276
15  19.0  456
15  52.0  388
15  45.0  194
15  37.0  495
15  54.0  509
15  49.0  137
15  34.0  332
15  24.0  210
15  50.0  362
15  54.0  503
15  34.0  492
15  75.0  330
15  68.0  281
15  69.0  367
15  51.0  220
15  66.0  270
15  48.0  455
15  60.0  429
15  65.0  423
15  57.0  473
15  62.0  305
15  39.0  393
15  78.0  341
15  47.0  153
15  42.0  458
15  46.0  442
15  35.0  483
15  53.0  318
15  60.0  466
15  16.0  351
15  38.0  549
15  35.0  424
15  68.0  380
15  71.0  353
15  85.0  319
15  48.0  343
15  71.0  290
15  39.0  362
15  60.0  355
15  57.0  249
15  66.0  443
15  40.0  287
15  43.0  383
15  14.0  441
15  28.0  434
15  77.0  357
15  46.0  375
15  71.0  257
15  57.0  399
15  73.0  328
15  15.0  470
15  24.0  173
15  48.0  464
15  75.0  337
15  47.0  450
15  43.0  353
15  49.0  299
15  36.0  235
15  36.0  474
15  57.0  152
15  57.0  559
15  46.0  521
15  32.0  467
15  30.0  374
15  53.0  368
15  59.0  237
15  80.0  283
15  43.0  318
15  56.0  384
15  66.0  394
15  60.0  389
15  57.0  402
15  56.0  398
15  41.0  493
15  53.0  582
15  52.0  410
15  50.0  398
15  44.0  285
16  65.0  341
16  51.0  435
16  65.0  209
16  56.0  406
16  53.0  444
16  72.0  343
16  53.0  388
16  84.0  328
16  29.0  558
16  53.0  360
16  52.0  462
16  17.0  192
16  52.0  541
16  27.0  348
16  42.0  391
16  35.0  584
16  54.0  335
16  54.0  313
16  50.0  335
16  76.0  297
16  46.0  334
16  75.0  300
16  78.0  313
16  42.0  354
16  36.0  465
16  82.0  292
16  42.0  355
16  68.0  322
16  63.0  227
16  58.0  279
16  32.0  308
16  70.0  378
16  85.0  275
16  51.0  445
16  51.0  390
16  53.0  369
16  22.0  381
16  67.0  303
16  62.0  364
16  38.0  359
16  85.0  286
16  31.0  507
16  60.0  385
16  0.0  312
16  48.0  359
16  56.0  333
16  58.0  265
16  43.0  321
16  29.0  329
16  50.0  190
16  57.0  383
16  30.0  300
16  89.0  284
16  58.0  277
16  44.0  285
16  40.0  466
16  48.0  484
16  54.0  468
16  69.0  386
16  21.0  584
16  30.0  339
16  64.0  343
16  52.0  282
16  81.0  346
16  79.0  295
16  49.0  369
16  19.0  458
16  62.0  275
16  82.0  355
16  23.0  572
16  38.0  346
16  63.0  364
16  71.0  241
16  37.0  496
16  46.0  150
16  68.0  339
16  64.0  459
16  30.0  539
16  29.0  395
16  41.0  426
16  28.0  334
16  53.0  413
16  60.0  329
16  31.0  430
16  51.0  516
16  69.0  328
16  94.0  189
16  52.0  527
16  48.0  394
16  72.0  227
16  55.0  391
16  38.0  261
16  53.0  461
16  37.0  390
16  60.0  355
16  33.0  350
16  70.0  385
16  71.0  283
16  64.0  448
16  79.0  338
17  76.0  338
17  55.0  417
17  65.0  316
17  56.0  374
17  84.0  291
17  56.0  428
17  45.0  528
17  62.0  406
17  69.0  410
17  66.0  140
17  48.0  482
17  55.0  346
17  61.0  382
17  70.0  357
17  47.0  400
17  72.0  352
17  79.0  278
17  65.0  337
17  41.0  453
17  68.0  399
17  71.0  295
17  59.0  379
17  21.0  513
17  65.0  394
17  28.0  470
17  49.0  205
17  34.0  380
17  46.0  147
17  33.0  388
17  12.0  93
17  21.0  279
17  47.0  328
17  70.0  329
17  41.0  252
17  52.0  436
17  61.0  300
17  66.0  449
17  44.0  652
17  43.0  332
17  53.0  485
17  31.0  494
17  54.0  382
17  71.0  380
17  39.0  519
17  69.0  367
17  65.0  329
17  51.0  428
17  45.0  479
17  62.0  408
17  60.0  331
17  41.0  399
17  82.0  309
17  24.0  466
17  50.0  354
17  22.0  385
17  44.0  310
17  78.0  375
17  51.0  373
17  76.0  314
17  71.0  361
17  11.0  304
17  41.0  513
17  41.0  419
17  31.0  177
17  78.0  304
17  25.0  337
17  46.0  447
17  38.0  194
17  63.0  304
17  41.0  326
17  79.0  267
17  62.0  241
17  74.0  225
17  36.0  348
17  46.0  442
17  70.0  404
17  58.0  427
17  51.0  381
17  66.0  343
17  39.0  204
17  53.0  413
17  34.0  235
17  39.0  432
17  19.0  188
17  80.0  348
17  67.0  338
17  31.0  354
17  66.0  364
17  67.0  324
17  46.0  449
17  63.0  292
17  53.0  140
17  40.0  281
17  54.0  204
17  44.0  436
17  54.0  339
17  34.0  366
17  36.0  498
17  50.0  272
17  46.0  423
18  45.0  459
18  59.0  412
18  40.0  366
18  69.0  402
18  50.0  327
18  60.0  314
18  25.0  177
18  59.0  252
18  67.0  348
18  72.0  303
18  50.0  496
18  38.0  445
18  50.0  479
18  52.0  243
18  33.0  431
18  46.0  451
18  67.0  391
18  67.0  358
18  76.0  345
18  62.0  307
18  30.0  547
18  64.0  427
18  52.0  215
18  57.0  290
18  26.0  281
18  48.0  399
18  83.0  194
18  41.0  389
18  38.0  233
18  69.0  347
18  39.0  500
18  33.0  418
18  62.0  355
18  78.0  380
18  75.0  281
18  73.0  388
18  61.0  399
18  81.0  274
18  15.0  425
18  44.0  316
18  65.0  323
18  37.0  409
18  59.0  398
18  53.0  288
18  61.0  406
18  33.0  343
18  74.0  278
18  58.0  299
18  70.0  303
18  77.0  353
18  38.0  421
18  65.0  328
18  53.0  329
18  74.0  340
18  25.0  345
18  40.0  272
18  41.0  326
18  83.0  294
18  51.0  355
18  73.0  344
18  57.0  338
18  60.0  195
18  22.0  494
18  52.0  428
18  52.0  386
18  46.0  475
18  49.0  333
18  51.0  275
18  51.0  277
18  57.0  454
18  87.0  249
18  61.0  375
18  48.0  312
18  35.0  441
18  63.0  405
18  33.0  431
18  69.0  355
18  73.0  337
18  30.0  335
18  49.0  385
18  49.0  316
18  81.0  244
18  57.0  430
18  71.0  370
18  53.0  484
18  31.0  462
18  63.0  399
18  63.0  406
18  76.0  337
18  59.0  317
18  58.0  391
18  68.0  333
18  57.0  439
18  70.0  346
18  39.0  490
18  63.0  438
18  45.0  232
18  48.0  508
18  33.0  663
18  52.0  342
19  52.0  230
19  59.0  343
19  27.0  521
19  49.0  393
19  41.0  283
19  57.0  369
19  79.0  334
19  66.0  223
19  56.0  361
19  63.0  408
19  77.0  310
19  54.0  204
19  69.0  327
19  64.0  398
19  30.0  201
19  22.0  229
19  65.0  406
19  51.0  392
19  84.0  300
19  73.0  367
19  56.0  422
19  14.0  237
19  62.0  358
19  32.0  471
19  54.0  339
19  66.0  354
19  35.0  484
19  70.0  343
19  55.0  470
19  54.0  431
19  59.0  300
19  60.0  280
19  79.0  186
19  59.0  498
19  44.0  328
19  59.0  411
19  46.0  310
19  56.0  419
19  45.0  270
19  65.0  349
19  49.0  406
19  51.0  359
19  47.0  506
19  78.0  324
19  51.0  342
19  83.0  255
19  29.0  452
19  24.0  296
19  76.0  243
19  36.0  358
19  43.0  233
19  43.0  582
19  66.0  379
19  30.0  571
19  52.0  181
19  41.0  480
19  64.0  300
19  52.0  580
19  75.0  268
19  71.0  397
19  62.0  397
19  41.0  423
19  73.0  338
19  41.0  444
19  73.0  325
19  77.0  160
19  67.0  313
19  57.0  344
19  53.0  343
19  74.0  241
19  50.0  210
19  79.0  320
19  27.0  111
19  46.0  365
19  54.0  332
19  26.0  230
19  57.0  177
19  62.0  229
19  55.0  422
19  68.0  385
19  45.0  347
19  72.0  364
19  65.0  208
19  62.0  331
19  62.0  398
19  63.0  284
19  56.0  204
19  53.0  425
19  55.0  226
19  74.0  266
19  82.0  245
19  73.0  232
19  64.0  426
19  52.0  410
19  62.0  403
19  40.0  634
19  53.0  368
19  65.0  349
19  45.0  440
19  56.0  405
20  26.0  418
20  70.0  338
20  60.0  470
20  50.0  222
20  43.0  341
20  43.0  471
20  59.0  389
20  68.0  369
20  40.0  336
20  62.0  258
20  45.0  318
20  45.0  249
20  57.0  465
20  41.0  304
20  58.0  156
20  81.0  327
20  53.0  375
20  64.0  335
20  67.0  337
20  48.0  405
20  60.0  411
20  67.0  109
20  44.0  244
20  34.0  294
20  43.0  396
20  46.0  344
20  65.0  393
20  57.0  206
20  29.0  494
20  55.0  462
20  81.0  340
20  65.0  318
20  74.0  386
20  36.0  309
20  51.0  377
20  52.0  448
20  72.0  369
20  35.0  223
20  43.0  329
20  60.0  378
20  80.0  297
20  22.0  737
20  68.0  253
20  78.0  236
20  59.0  325
20  52.0  335
20  54.0  326
20  76.0  321
20  61.0  265
20  70.0  344
20  52.0  237
20  78.0  206
20  45.0  448
20  52.0  345
20  38.0  477
20  40.0  519
20  39.0  385
20  49.0  475
20  56.0  391
20  60.0  367
20  42.0  413
20  55.0  312
20  50.0  327
20  39.0  460
20  86.0  269
20  56.0  205
20  82.0  275
20  90.0  261
20  38.0  386
20  35.0  245
20  58.0  318
20  45.0  450
20  33.0  378
20  55.0  412
20  64.0  386
20  51.0  299
20  68.0  222
20  36.0  527
20  71.0  307
20  72.0  330
20  86.0  374
20  76.0  357
20  74.0  281
20  76.0  371
20  79.0  255
20  37.0  469
20  57.0  487
20  34.0  265
20  72.0  356
20  71.0  342
20  28.0  420
20  72.0  282
20  44.0  383
20  79.0  288
20  50.0  405
20  48.0  419
20  36.0  531
20  57.0  369
20  62.0  366
20  86.0  181
