1  69.0  393
2  13.0  152
3  22.0  347
4  65.0  346
5  27.0  445
6  66.0  344
7  34.0  435
1  23.0  370
2  44.0  352
3  35.0  318
4  59.0  398
5  60.0  513
6  69.0  315
7  81.0  307
1  71.0  264
2  43.0  293
3  39.0  239
4  52.0  551
5  66.0  355
6  41.0  418
7  53.0  404
1  38.0  359
2  27.0  476
3  67.0  493
4  91.0  248
5  77.0  384
6  13.0  415
7  45.0  508
1  72.0  356
2  77.0  439
3  54.0  449
4  61.0  292
5  37.0  521
6  40.0  475
7  39.0  588
1  46.0  536
2  40.0  334
3  69.0  366
4  19.0  274
5  65.0  371
6  48.0  361
7  30.0  518
1  46.0  329
2  25.0  323
3  67.0  336
4  51.0  418
5  48.0  424
6  63.0  440
7  56.0  402
1  79.0  335
2  48.0  385
3  49.0  327
4  64.0  405
5  19.0  367
6  36.0  451
7  61.0  555
1  66.0  354
2  67.0  432
3  35.0  357
4  37.0  445
5  31.0  455
6  10.0  290
7  64.0  518
1  9.0  309
2  37.0  308
3  17.0  260
4  50.0  475
5  55.0  390
6  42.0  572
7  51.0  395
1  51.0  219
2  47.0  372
3  53.0  452
4  50.0  476
5  38.0  438
6  69.0  325
7  35.0  475
1  61.0  481
2  26.0  402
3  15.0  230
4  40.0  279
5  20.0  270
6  27.0  546
7  72.0  388
1  25.0  473
2  26.0  608
3  28.0  369
4  5.0  442
5  38.0  510
6  33.0  372
7  32.0  465
1  30.0  465
2  39.0  388
3  69.0  396
4  21.0  322
5  26.0  349
6  26.0  303
7  19.0  372
1  75.0  374
2  51.0  426
3  34.0  555
4  68.0  359
5  31.0  502
6  27.0  441
7  44.0  450
1  56.0  227
2  48.0  427
3  28.0  389
4  6.0  413
5  28.0  385
6  34.0  443
7  29.0  324
1  74.0  350
2  52.0  502
3  48.0  420
4  80.0  344
5  31.0  307
6  38.0  454
7  27.0  430
1  60.0  426
2  62.0  332
3  29.0  381
4  66.0  364
5  71.0  292
6  65.0  364
7  32.0  388
1  70.0  310
2  59.0  428
3  52.0  439
4  25.0  342
5  59.0  413
6  67.0  341
7  25.0  482
1  33.0  380
2  33.0  294
3  41.0  313
4  45.0  319
5  9.0  432
6  21.0  232
7  48.0  320
1  41.0  418
2  61.0  389
3  32.0  400
4  36.0  608
5  39.0  377
6  51.0  356
7  11.0  378
1  90.0  270
2  46.0  346
3  57.0  453
4  44.0  506
5  44.0  490
6  53.0  512
7  32.0  466
1  32.0  354
2  49.0  448
3  34.0  338
4  57.0  353
5  53.0  391
6  23.0  307
7  39.0  287
1  97.0  256
2  41.0  311
3  61.0  340
4  32.0  200
5  41.0  332
6  26.0  208
7  55.0  342
1  57.0  325
2  21.0  503
3  40.0  551
4  88.0  280
5  52.0  415
6  20.0  361
7  50.0  293
1  66.0  343
2  56.0  508
3  13.0  456
4  29.0  518
5  76.0  432
6  63.0  390
7  58.0  400
1  8.0  345
2  60.0  449
3  77.0  332
4  37.0  471
5  67.0  409
6  55.0  406
7  24.0  441
1  28.0  444
2  64.0  388
3  82.0  317
4  50.0  476
5  66.0  420
6  31.0  318
7  43.0  497
1  58.0  361
2  44.0  354
3  26.0  411
4  57.0  412
5  55.0  450
6  61.0  325
7  53.0  475
1  45.0  415
2  20.0  587
3  29.0  315
4  22.0  468
5  51.0  386
6  51.0  401
7  53.0  432
1  83.0  330
2  50.0  303
3  44.0  364
4  34.0  606
5  29.0  291
6  42.0  453
7  7.0  537
1  63.0  437
2  62.0  415
3  30.0  456
4  51.0  268
5  9.0  291
6  15.0  556
7  40.0  397
1  39.0  515
2  36.0  359
3  29.0  601
4  50.0  391
5  45.0  348
6  48.0  363
7  42.0  505
1  9.0  405
2  57.0  418
3  52.0  375
4  50.0  464
5  46.0  351
6  53.0  405
7  45.0  480
1  84.0  330
2  37.0  393
3  29.0  308
4  58.0  386
5  16.0  399
6  37.0  569
7  89.0  262
1  59.0  531
2  50.0  382
3  58.0  355
4  17.0  512
5  56.0  341
6  38.0  451
7  11.0  383
1  20.0  193
2  37.0  662
3  58.0  356
4  20.0  517
5  25.0  340
6  37.0  362
7  31.0  554
1  30.0  430
2  14.0  352
3  59.0  295
4  74.0  324
5  34.0  490
6  31.0  529
7  55.0  400
1  9.0  440
2  58.0  487
3  30.0  516
4  47.0  462
5  87.0  257
6  64.0  434
7  40.0  375
1  15.0  440
2  65.0  433
3  45.0  283
4  45.0  483
5  35.0  441
6  44.0  456
7  34.0  569
1  31.0  275
2  63.0  424
3  64.0  455
4  51.0  426
5  41.0  349
6  28.0  366
7  56.0  465
1  45.0  379
2  59.0  358
3  23.0  258
4  9.0  672
5  29.0  362
6  34.0  607
7  61.0  423
1  62.0  433
2  71.0  288
3  47.0  448
4  49.0  360
5  36.0  401
6  55.0  324
7  55.0  490
1  69.0  284
2  49.0  587
3  43.0  489
4  37.0  405
5  32.0  320
6  67.0  380
7  55.0  404
1  74.0  395
2  49.0  362
3  63.0  390
4  33.0  449
5  41.0  371
6  38.0  472
7  52.0  358
1  45.0  432
2  50.0  249
3  40.0  155
4  73.0  306
5  66.0  337
6  25.0  271
7  49.0  499
1  77.0  300
2  41.0  465
3  71.0  289
4  64.0  487
5  61.0  534
6  63.0  389
7  48.0  434
1  62.0  340
2  86.0  226
3  33.0  464
4  56.0  302
5  53.0  445
6  41.0  551
7  33.0  382
1  57.0  363
2  68.0  385
3  41.0  462
4  28.0  531
5  25.0  463
6  58.0  203
7  31.0  380
1  37.0  307
2  80.0  330
3  35.0  393
4  42.0  287
5  72.0  351
6  53.0  421
7  56.0  480
1  33.0  607
2  40.0  431
3  29.0  378
4  30.0  461
5  51.0  428
6  28.0  335
7  31.0  514
1  70.0  368
2  64.0  305
3  69.0  401
4  68.0  333
5  7.0  300
6  59.0  418
7  32.0  557
1  23.0  230
2  58.0  400
3  62.0  324
4  40.0  200
5  53.0  377
6  26.0  489
7  39.0  497
1  43.0  509
2  43.0  352
3  38.0  449
4  55.0  301
5  36.0  520
6  22.0  372
7  30.0  395
1  37.0  236
2  59.0  410
3  36.0  177
4  21.0  326
5  18.0  349
6  17.0  483
7  47.0  409
1  41.0  547
2  37.0  435
3  40.0  643
4  58.0  430
5  37.0  368
6  40.0  353
7  85.0  296
1  49.0  430
2  19.0  201
3  23.0  604
4  57.0  416
5  55.0  491
6  53.0  317
7  26.0  430
1  41.0  443
2  4.0  592
3  59.0  435
4  38.0  605
5  26.0  402
6  26.0  354
7  55.0  391
1  31.0  790
2  79.0  320
3  40.0  312
4  50.0  386
5  63.0  371
6  46.0  444
7  24.0  506
1  23.0  609
2  70.0  394
3  35.0  360
4  47.0  421
5  66.0  359
6  34.0  415
7  48.0  508
1  63.0  357
2  26.0  218
3  24.0  509
4  31.0  475
5  47.0  325
6  70.0  346
7  46.0  449
1  71.0  338
2  25.0  369
3  62.0  420
4  66.0  420
5  57.0  537
6  41.0  417
7  35.0  481
1  30.0  340
2  14.0  630
3  6.0  445
4  70.0  323
5  52.0  363
6  42.0  383
7  36.0  334
1  50.0  548
2  34.0  492
3  73.0  311
4  30.0  336
5  32.0  495
6  56.0  411
7  60.0  485
1  31.0  250
2  21.0  330
3  40.0  340
4  51.0  358
5  38.0  397
6  29.0  526
7  27.0  527
1  58.0  545
2  65.0  370
3  31.0  454
4  63.0  405
5  38.0  410
6  26.0  483
7  35.0  296
1  36.0  561
2  55.0  406
3  78.0  294
4  67.0  359
5  26.0  404
6  18.0  339
7  57.0  428
1  63.0  356
2  22.0  542
3  67.0  375
4  45.0  395
5  45.0  448
6  33.0  408
7  58.0  426
1  54.0  396
2  67.0  389
3  45.0  262
4  29.0  499
5  62.0  448
6  38.0  456
7  54.0  521
1  57.0  414
2  69.0  352
3  43.0  483
4  70.0  372
5  58.0  434
6  7.0  554
7  59.0  367
1  37.0  391
2  58.0  367
3  33.0  346
4  38.0  418
5  27.0  481
6  33.0  427
7  55.0  425
1  11.0  421
2  21.0  486
3  32.0  421
4  17.0  335
5  47.0  215
6  72.0  336
7  47.0  378
1  14.0  604
2  87.0  275
3  46.0  413
4  42.0  306
5  38.0  384
6  26.0  574
7  28.0  576
1  45.0  330
2  62.0  476
3  34.0  363
4  31.0  458
5  50.0  421
6  52.0  519
7  53.0  299
1  62.0  337
2  86.0  315
3  65.0  350
4  77.0  310
5  34.0  294
6  51.0  431
7  28.0  480
1  56.0  284
2  31.0  467
3  60.0  426
4  37.0  325
5  38.0  396
6  18.0  314
7  32.0  447
1  48.0  276
2  45.0  553
3  43.0  271
4  30.0  456
5  30.0  498
6  23.0  465
7  68.0  403
1  65.0  435
2  75.0  298
3  58.0  394
4  44.0  462
5  66.0  285
6  22.0  535
7  50.0  314
1  69.0  455
2  48.0  361
3  60.0  326
4  52.0  355
5  32.0  404
6  37.0  546
7  23.0  430
1  52.0  311
2  41.0  293
3  44.0  463
4  44.0  299
5  41.0  395
6  23.0  596
7  31.0  464
1  58.0  347
2  70.0  350
3  75.0  251
4  35.0  345
5  61.0  394
6  69.0  372
7  35.0  292
1  31.0  436
2  39.0  391
3  43.0  463
4  30.0  274
5  19.0  317
6  23.0  626
7  31.0  441
1  63.0  277
2  74.0  335
3  41.0  312
4  40.0  514
5  51.0  531
6  48.0  307
7  24.0  317
1  41.0  434
2  49.0  543
3  49.0  334
4  39.0  495
5  71.0  501
6  64.0  469
7  13.0  405
1  32.0  434
2  55.0  358
3  55.0  385
4  40.0  314
5  82.0  324
6  46.0  404
7  36.0  433
1  64.0  481
2  72.0  308
3  35.0  482
4  56.0  358
5  31.0  244
6  19.0  451
7  48.0  474
1  27.0  249
2  36.0  399
3  27.0  398
4  12.0  186
5  19.0  486
6  38.0  406
7  34.0  384
1  29.0  434
2  10.0  443
3  71.0  437
4  36.0  448
5  42.0  276
6  52.0  420
7  24.0  497
1  33.0  188
2  50.0  470
3  44.0  320
4  50.0  377
5  23.0  401
6  42.0  409
7  34.0  449
1  60.0  474
2  37.0  410
3  31.0  226
4  75.0  320
5  55.0  476
6  39.0  445
7  21.0  376
1  44.0  593
2  23.0  284
3  97.0  236
4  20.0  544
5  21.0  339
6  34.0  486
7  51.0  458
1  36.0  425
2  72.0  356
3  47.0  610
4  58.0  415
5  26.0  488
6  39.0  322
7  67.0  354
1  51.0  507
2  63.0  318
3  37.0  329
4  24.0  241
5  44.0  343
6  46.0  322
7  43.0  361
1  54.0  415
2  61.0  332
3  28.0  364
4  20.0  237
5  51.0  399
6  29.0  258
7  32.0  535
1  29.0  355
2  34.0  545
3  30.0  356
4  64.0  291
5  30.0  517
6  53.0  485
7  47.0  348
1  60.0  322
2  19.0  394
3  37.0  328
4  20.0  300
5  71.0  322
6  66.0  323
7  41.0  463
1  52.0  194
2  72.0  330
3  40.0  478
4  75.0  338
5  47.0  422
6  29.0  330
7  26.0  475
1  47.0  410
2  24.0  286
3  35.0  398
4  46.0  249
5  27.0  376
6  46.0  419
7  3.0  459
1  83.0  276
2  48.0  468
3  57.0  310
4  24.0  376
5  74.0  313
6  51.0  474
7  31.0  420
1  82.0  342
2  56.0  444
3  25.0  325
4  52.0  414
5  49.0  430
6  39.0  491
7  31.0  301
