2  68.0  845
4  53.0  655
6  63.666666666666664  1264
8  63.125  1531
10  62.899999999999999  2034
12  47.75  2191
14  45.714285714285715  2248
16  51.5  2700
18  56.555555555555557  3298
20  53.600000000000001  3523
2  75.0  250
4  74.75  804
6  58.5  1131
8  60.625  1729
10  61.5  1809
12  51.5  2680
14  57.928571428571431  2338
16  52.5625  2896
18  43.555555555555557  3042
20  50.600000000000001  3625
2  61.0  363
4  70.5  632
6  44.333333333333336  1172
8  50.0  1532
10  59.399999999999999  1760
12  46.75  2505
14  61.5  2684
16  48.625  2818
18  48.666666666666664  2977
20  43.25  3597
2  60.0  456
4  65.0  872
6  66.833333333333329  1198
8  60.125  1475
10  47.100000000000001  1959
12  63.833333333333336  2174
14  50.642857142857146  2311
16  54.3125  2621
18  60.277777777777779  3158
20  51.100000000000001  3316
2  58.0  674
4  65.0  819
6  73.166666666666671  1350
8  56.25  1513
10  60.799999999999997  1679
12  58.0  2549
14  53.214285714285715  3008
16  48.25  2827
18  51.055555555555557  3125
20  49.799999999999997  3394
2  52.5  473
4  65.0  1012
6  66.666666666666671  1185
8  57.625  1704
10  57.299999999999997  1748
12  48.083333333333336  2543
14  54.785714285714285  2834
16  46.6875  3024
18  51.666666666666664  3117
20  49.399999999999999  3242
2  74.5  212
4  67.5  751
6  46.166666666666664  1361
8  55.5  1513
10  59.899999999999999  2240
12  56.916666666666664  2391
14  48.714285714285715  2335
16  54.0625  3110
18  48.5  3257
20  45.100000000000001  3571
2  58.0  472
4  61.75  1010
6  60.333333333333336  1282
8  51.5  1764
10  56.399999999999999  2082
12  56.75  2519
14  53.714285714285715  2539
16  51.3125  2822
18  51.277777777777779  3098
20  54.049999999999997  3587
2  77.5  543
4  41.0  1198
6  57.166666666666664  1339
8  61.25  1475
10  54.799999999999997  1790
12  57.833333333333336  2227
14  44.928571428571431  2781
16  56.75  2734
18  42.944444444444443  3235
20  51.600000000000001  3479
2  60.5  533
4  59.25  1092
6  68.166666666666671  1286
8  54.25  1836
10  52.200000000000003  1925
12  52.25  1955
14  46.785714285714285  2888
16  51.5  3145
18  47.611111111111114  3225
20  46.850000000000001  3458
2  75.0  412
4  53.0  963
6  62.833333333333336  1074
8  69.125  1371
10  55.200000000000003  2074
12  64.916666666666671  2522
14  56.428571428571431  2522
16  52.6875  2877
18  50.5  3157
20  38.549999999999997  3461
2  83.0  248
4  67.5  964
6  57.833333333333336  1143
8  46.25  1813
10  55.899999999999999  2283
12  55.583333333333336  2398
14  51.5  2439
16  53.25  3023
18  49.5  3545
20  51.5  3531
2  72.5  287
4  71.75  873
6  46.833333333333336  1306
8  56.25  1659
10  49.0  1922
12  53.916666666666664  2174
14  52.928571428571431  2641
16  50.3125  2594
18  50.333333333333336  2976
20  42.850000000000001  3582
2  65.5  344
4  54.75  746
6  65.0  1051
8  60.375  1535
10  54.100000000000001  1931
12  55.25  2293
14  51.071428571428569  2510
16  52.6875  2946
18  55.611111111111114  3555
20  41.700000000000003  3038
2  51.0  500
4  55.75  779
6  60.833333333333336  1175
8  45.875  1664
10  60.700000000000003  2180
12  52.833333333333336  2038
14  54.571428571428569  2593
16  54.8125  3132
18  48.333333333333336  2923
20  43.549999999999997  3752
2  57.0  292
4  60.0  871
6  50.5  1196
8  51.125  1625
10  56.600000000000001  1867
12  46.0  2284
14  49.571428571428569  2713
16  50.9375  3049
18  52.888888888888886  2812
20  46.950000000000003  3668
2  68.0  495
4  63.0  620
6  49.5  1275
8  61.5  1253
10  52.200000000000003  1480
12  48.25  2341
14  45.071428571428569  2615
16  45.875  2606
18  37.055555555555557  3429
20  37.100000000000001  3217
2  63.0  472
4  72.25  711
6  50.333333333333336  1263
8  62.0  1577
10  67.599999999999994  1921
12  56.5  1969
14  49.714285714285715  2437
16  48.625  3084
18  44.166666666666664  3259
20  56.350000000000001  3646
2  53.5  547
4  62.75  899
6  57.833333333333336  1132
8  61.375  1708
10  50.100000000000001  1824
12  55.916666666666664  2379
14  57.071428571428569  2622
16  51.0  3054
18  48.388888888888886  3407
20  48.850000000000001  3320
2  71.0  390
4  71.5  686
6  72.833333333333329  1140
8  69.75  1395
10  52.799999999999997  2156
12  54.916666666666664  2221
14  51.071428571428569  2635
16  49.1875  2747
18  42.833333333333336  3168
20  54.149999999999999  3650
2  57.0  544
4  64.0  792
6  52.166666666666664  1245
8  56.875  1481
10  49.899999999999999  1994
12  55.833333333333336  2287
14  54.0  2496
16  45.6875  2499
18  51.055555555555557  3036
20  50.25  3554
2  52.0  569
4  50.0  780
6  54.0  1529
8  52.875  1511
10  57.799999999999997  2134
12  61.0  2783
14  54.142857142857146  2657
16  47.75  3181
18  45.833333333333336  3652
20  40.799999999999997  3340
2  62.5  540
4  64.25  853
6  61.666666666666664  1495
8  61.875  1449
10  60.899999999999999  2059
12  50.0  2200
14  51.214285714285715  2271
16  42.75  2760
18  49.166666666666664  3128
20  46.850000000000001  2868
2  59.0  539
4  53.25  796
6  62.5  1310
8  55.125  1731
10  48.700000000000003  2196
12  51.25  2105
14  48.428571428571431  2528
16  58.9375  2622
18  43.333333333333336  3123
20  43.450000000000003  3450
2  40.5  482
4  68.25  647
6  57.833333333333336  1485
8  65.75  1605
10  46.200000000000003  2167
12  56.25  2354
14  56.642857142857146  2552
16  52.25  3008
18  54.333333333333336  3287
20  48.25  3131
2  75.0  274
4  55.0  935
6  59.833333333333336  1259
8  52.75  1198
10  66.599999999999994  1784
12  50.583333333333336  2368
14  45.5  2582
16  49.875  2866
18  49.722222222222221  3189
20  51.950000000000003  3368
2  66.5  466
4  57.75  925
6  58.833333333333336  1373
8  53.5  1731
10  51.899999999999999  1584
12  66.0  2474
14  58.857142857142854  3004
16  50.3125  2983
18  45.611111111111114  3139
20  44.600000000000001  3418
2  24.0  578
4  77.75  734
6  62.0  1315
8  63.375  1559
10  51.899999999999999  1962
12  48.666666666666664  2557
14  56.714285714285715  2543
16  44.4375  3065
18  51.777777777777779  3200
20  53.299999999999997  3370
2  79.5  275
4  68.0  965
6  62.0  1090
8  54.75  2061
10  61.899999999999999  1943
12  62.416666666666664  2067
14  50.928571428571431  2528
16  41.875  2608
18  46.055555555555557  3280
20  45.049999999999997  3317
2  64.5  601
4  51.0  919
6  50.833333333333336  1221
8  67.125  1229
10  58.100000000000001  1923
12  56.75  1938
14  45.142857142857146  2634
16  54.75  3022
18  49.166666666666664  2948
20  48.0  3533
2  65.0  487
4  59.75  722
6  60.0  1061
8  57.375  1610
10  59.899999999999999  1639
12  56.0  2283
14  57.357142857142854  2793
16  51.125  3035
18  44.722222222222221  3412
20  45.899999999999999  3469
2  74.5  295
4  56.0  927
6  51.666666666666664  1268
8  58.125  1802
10  51.299999999999997  2142
12  54.416666666666664  1890
14  54.785714285714285  2739
16  53.0  2626
18  42.666666666666664  2961
20  49.0  3043
2  52.0  563
4  68.25  802
6  54.833333333333336  1556
8  50.625  1592
10  63.399999999999999  1789
12  61.833333333333336  2204
14  48.214285714285715  2655
16  48.125  3128
18  56.944444444444443  3253
20  46.100000000000001  3576
2  58.0  431
4  68.25  869
6  51.5  1317
8  59.625  1509
10  58.5  1998
12  62.333333333333336  2373
14  45.0  2435
16  55.0625  2955
18  49.888888888888886  3118
20  51.850000000000001  3573
2  39.5  629
4  51.5  1040
6  59.166666666666664  1121
8  60.875  1663
10  48.399999999999999  1625
12  52.75  2261
14  65.5  2575
16  55.4375  3103
18  54.0  3022
20  52.299999999999997  3596
2  73.0  378
4  70.5  845
6  67.0  953
8  63.25  1669
10  65.900000000000006  1981
12  54.166666666666664  2302
14  56.071428571428569  2483
16  46.5625  2795
18  52.444444444444443  3511
20  45.399999999999999  3251
2  58.5  391
4  59.5  1104
6  60.833333333333336  954
8  67.75  1508
10  60.399999999999999  2163
12  64.75  2210
14  52.857142857142854  2427
16  48.9375  2831
18  55.444444444444443  3322
20  35.75  3679
2  63.0  275
4  71.5  767
6  66.5  1032
8  61.125  1870
10  58.0  1978
12  51.75  1938
14  52.571428571428569  2671
16  52.9375  2872
18  45.944444444444443  3082
20  41.100000000000001  3658
2  63.5  515
4  52.25  1066
6  59.166666666666664  1064
8  66.125  1632
10  56.799999999999997  1991
12  55.083333333333336  2380
14  54.5  2689
16  51.25  2933
18  44.666666666666664  2972
20  47.799999999999997  3567
2  77.5  499
4  79.25  486
6  46.5  1401
8  54.25  1595
10  60.200000000000003  1873
12  54.75  2241
14  54.071428571428569  2662
16  49.75  2667
18  53.055555555555557  2939
20  49.049999999999997  3705
2  69.5  269
4  54.5  674
6  70.666666666666671  1159
8  56.375  1641
10  53.100000000000001  2240
12  45.0  2231
14  49.0  2593
16  48.375  3020
18  51.777777777777779  3360
20  46.850000000000001  3322
2  71.0  247
4  42.75  1111
6  73.5  1052
8  58.5  1515
10  56.299999999999997  1831
12  58.5  2423
14  51.142857142857146  2697
16  46.5  2645
18  50.944444444444443  3163
20  50.25  3656
2  49.5  312
4  54.75  662
6  63.833333333333336  1352
8  57.125  1469
10  54.700000000000003  2184
12  48.0  2255
14  52.071428571428569  2659
16  51.25  2786
18  48.888888888888886  2757
20  49.899999999999999  3743
2  55.5  309
4  57.75  661
6  49.5  1367
8  54.625  1814
10  55.399999999999999  1617
12  53.25  2186
14  54.571428571428569  2562
16  47.4375  2851
18  48.5  3030
20  47.299999999999997  3486
2  64.0  368
4  70.5  815
6  61.833333333333336  1368
8  55.75  1504
10  54.799999999999997  1686
12  54.666666666666664  2258
14  59.857142857142854  2689
16  45.0625  3049
18  54.277777777777779  2969
20  43.799999999999997  3581
2  67.0  355
4  64.25  559
6  57.833333333333336  1081
8  57.75  1926
10  55.899999999999999  1953
12  61.25  2504
14  52.428571428571431  2824
16  54.0625  3057
18  52.5  2946
20  52.649999999999999  3228
2  85.0  171
4  59.25  1014
6  53.833333333333336  1134
8  55.0  1321
10  64.799999999999997  2360
12  62.916666666666664  2131
14  57.785714285714285  2415
16  54.3125  3071
18  50.777777777777779  2970
20  50.799999999999997  3738
2  48.0  515
4  53.25  1087
6  57.0  1064
8  51.125  1647
10  51.299999999999997  1901
12  58.416666666666664  2426
14  52.714285714285715  2784
16  53.5625  2970
18  42.055555555555557  3354
20  49.350000000000001  3114
2  67.5  477
4  47.5  1123
6  67.333333333333329  1365
8  55.0  1634
10  52.200000000000003  1909
12  57.5  2090
14  52.142857142857146  2683
16  54.0  2694
18  48.555555555555557  3598
20  49.350000000000001  3663
2  90.0  267
4  58.75  823
6  59.666666666666664  1153
8  70.0  1518
10  49.700000000000003  2023
12  55.333333333333336  2218
14  54.357142857142854  2743
16  59.625  2894
18  50.111111111111114  3482
20  49.649999999999999  3565
2  49.5  183
4  63.0  602
6  77.166666666666671  1117
8  59.125  1506
10  57.700000000000003  2063
12  52.416666666666664  2387
14  45.5  2444
16  50.8125  2910
18  49.722222222222221  3188
20  45.75  3481
2  62.5  533
4  62.25  639
6  72.5  986
8  63.75  1419
10  52.5  2074
12  61.25  2193
14  57.5  2768
16  53.375  2803
18  47.0  2812
20  44.25  3363
2  70.0  464
4  66.0  619
6  60.5  1449
8  67.0  1507
10  64.200000000000003  2094
12  54.583333333333336  2093
14  52.642857142857146  2823
16  50.875  2950
18  50.333333333333336  3438
20  43.950000000000003  3459
2  66.0  312
4  60.5  1060
6  51.833333333333336  1193
8  61.25  1854
10  58.200000000000003  1845
12  48.666666666666664  2313
14  53.571428571428569  2677
16  53.4375  2826
18  44.833333333333336  3117
20  43.450000000000003  3374
2  64.0  240
4  71.75  942
6  54.666666666666664  1265
8  61.625  1557
10  61.0  2041
12  47.333333333333336  2422
14  56.428571428571431  2515
16  39.9375  2726
18  60.555555555555557  3025
20  47.75  3389
2  41.5  483
4  53.25  1191
6  67.166666666666671  1089
8  58.375  1655
10  54.899999999999999  2211
12  49.916666666666664  2371
14  50.071428571428569  2347
16  45.5  3187
18  50.055555555555557  3117
20  52.399999999999999  3100
2  66.0  389
4  70.0  805
6  53.833333333333336  1089
8  46.25  1872
10  47.799999999999997  2116
12  58.75  2490
14  51.928571428571431  2585
16  47.1875  3070
18  53.277777777777779  3463
20  45.200000000000003  3306
2  53.0  400
4  70.75  566
6  71.333333333333329  1099
8  55.125  1464
10  59.899999999999999  2075
12  53.333333333333336  2072
14  56.571428571428569  2409
16  47.375  3062
18  51.611111111111114  3295
20  47.700000000000003  3206
2  62.5  439
4  48.0  949
6  44.5  1364
8  52.5  1816
10  56.100000000000001  1769
12  55.75  2327
14  52.142857142857146  2282
16  51.8125  2965
18  50.777777777777779  2889
20  47.700000000000003  3426
2  45.5  388
4  67.75  679
6  54.833333333333336  1469
8  60.0  1499
10  65.400000000000006  1952
12  62.833333333333336  2126
14  55.142857142857146  2627
16  54.75  3131
18  46.777777777777779  3061
20  50.899999999999999  3685
2  79.5  374
4  64.75  864
6  56.0  1317
8  64.25  1652
10  60.600000000000001  1915
12  43.583333333333336  2027
14  55.071428571428569  2674
16  47.5625  2704
18  52.888888888888886  3618
20  45.0  3524
2  63.0  390
4  68.0  917
6  50.5  1176
8  55.125  1378
10  59.5  1664
12  49.416666666666664  2049
14  46.142857142857146  2358
16  52.25  2860
18  46.555555555555557  3103
20  43.649999999999999  3570
2  71.5  360
4  66.25  971
6  60.0  1185
8  57.875  1786
10  61.299999999999997  1893
12  58.666666666666664  2436
14  51.142857142857146  2719
16  56.75  2965
18  45.333333333333336  3111
20  46.850000000000001  3990
2  65.5  381
4  75.0  746
6  63.5  1334
8  59.25  1453
10  54.799999999999997  2101
12  44.416666666666664  2260
14  48.857142857142854  2693
16  54.25  3092
18  57.833333333333336  3274
20  56.700000000000003  3544
2  70.0  472
4  41.5  925
6  55.5  1485
8  43.375  1731
10  58.700000000000003  1593
12  41.916666666666664  2363
14  48.285714285714285  2706
16  46.1875  2981
18  44.222222222222221  3237
20  46.049999999999997  3297
2  65.0  354
4  65.25  793
6  61.833333333333336  1295
8  56.625  1410
10  55.0  2091
12  53.0  2273
14  42.5  2244
16  52.375  2727
18  42.722222222222221  3281
20  49.5  3302
2  81.0  276
4  74.25  637
6  54.833333333333336  1220
8  70.25  1349
10  55.899999999999999  2077
12  59.916666666666664  2375
14  48.785714285714285  2783
16  50.5  2686
18  49.222222222222221  3204
20  45.0  4176
2  79.0  326
4  74.0  685
6  72.0  849
8  62.125  1506
10  64.099999999999994  2023
12  55.5  2413
14  51.785714285714285  2567
16  60.0625  2815
18  49.277777777777779  3190
20  46.549999999999997  3294
2  73.0  294
4  83.5  465
6  59.5  1183
8  56.625  1750
10  57.5  2036
12  53.166666666666664  2179
14  47.642857142857146  2740
16  56.3125  2957
18  46.166666666666664  2816
20  49.5  3667
2  55.5  486
4  50.25  818
6  52.166666666666664  1300
8  64.0  1548
10  51.5  2456
12  62.0  1992
14  49.5  2792
16  52.5  2824
18  50.944444444444443  3557
20  55.399999999999999  4039
2  44.0  602
4  67.0  727
6  54.833333333333336  1413
8  60.75  1829
10  50.399999999999999  2525
12  54.25  2464
14  58.428571428571431  2526
16  47.6875  2801
18  48.111111111111114  3456
20  44.0  3401
2  59.0  537
4  56.5  1011
6  62.333333333333336  1224
8  55.5  1513
10  56.799999999999997  1930
12  55.0  1899
14  46.857142857142854  2713
16  48.0  2802
18  47.611111111111114  3302
20  51.100000000000001  3324
2  70.5  418
4  52.75  1197
6  67.166666666666671  1150
8  52.875  1704
10  56.0  1876
12  55.583333333333336  2206
14  56.214285714285715  2569
16  46.625  2716
18  54.777777777777779  3082
20  42.25  3833
2  79.0  239
4  67.75  751
6  57.666666666666664  1218
8  67.875  1664
10  58.5  1888
12  55.5  2461
14  55.0  2615
16  57.25  3183
18  47.333333333333336  3602
20  52.899999999999999  3581
2  78.0  282
4  70.25  742
6  52.833333333333336  1366
8  60.625  1341
10  50.5  1999
12  48.666666666666664  2077
14  58.428571428571431  2711
16  46.625  2686
18  54.166666666666664  3412
20  45.850000000000001  3409
2  46.0  669
4  63.25  664
6  72.166666666666671  1091
8  61.0  1541
10  53.799999999999997  2303
12  65.166666666666671  2334
14  55.5  2457
16  49.625  3037
18  48.555555555555557  3215
20  44.149999999999999  3454
2  86.0  330
4  54.25  951
6  62.833333333333336  941
8  59.375  1875
10  59.100000000000001  1882
12  52.75  2227
14  50.0  2766
16  47.25  3067
18  48.777777777777779  3310
20  50.350000000000001  3216
2  87.5  267
4  62.75  785
6  73.333333333333329  1220
8  47.875  1604
10  53.0  2128
12  47.333333333333336  2193
14  62.428571428571431  2680
16  55.0625  2990
18  42.166666666666664  3260
20  41.100000000000001  3209
2  70.5  383
4  54.0  811
6  60.5  1260
8  57.75  1681
10  50.399999999999999  2161
12  51.583333333333336  1931
14  47.571428571428569  2145
16  52.0  2722
18  50.555555555555557  3484
20  52.399999999999999  3628
2  56.5  381
4  67.75  633
6  53.833333333333336  1462
8  60.625  1613
10  47.200000000000003  1828
12  49.833333333333336  2198
14  51.285714285714285  2564
16  55.25  2799
18  51.611111111111114  3359
20  46.5  3447
2  75.0  90
4  63.25  602
6  49.166666666666664  1215
8  54.875  1582
10  53.200000000000003  1884
12  41.25  2371
14  54.857142857142854  2637
16  51.875  2930
18  47.833333333333336  3063
20  51.600000000000001  3394
2  46.0  488
4  64.0  686
6  46.333333333333336  1499
8  52.125  1787
10  54.299999999999997  1912
12  52.333333333333336  2498
14  60.928571428571431  2355
16  50.875  3140
18  51.166666666666664  3600
20  48.649999999999999  3316
2  61.5  484
4  55.5  1045
6  70.833333333333329  1048
8  52.125  1572
10  55.399999999999999  1700
12  60.0  2345
14  43.928571428571431  2666
16  45.0  2875
18  46.388888888888886  3157
20  45.299999999999997  3560
2  74.0  385
4  49.5  1201
6  61.166666666666664  1284
8  61.25  1582
10  69.900000000000006  1598
12  59.25  2371
14  44.071428571428569  2489
16  54.5  3079
18  50.833333333333336  2860
20  44.149999999999999  3614
2  74.0  332
4  67.5  837
6  63.333333333333336  1181
8  43.125  1521
10  55.600000000000001  2107
12  52.0  1839
14  54.5  2586
16  46.5625  3051
18  48.611111111111114  3137
20  46.75  3385
2  96.5  140
4  70.0  640
6  62.5  1379
8  67.0  1638
10  61.5  2018
12  45.083333333333336  2366
14  53.785714285714285  2424
16  52.875  2870
18  44.388888888888886  3359
20  48.049999999999997  3282
2  31.0  576
4  47.5  967
6  61.166666666666664  1461
8  51.0  1532
10  56.700000000000003  1781
12  44.416666666666664  2813
14  51.642857142857146  2571
16  47.375  2996
18  50.722222222222221  3023
20  42.950000000000003  3703
2  60.5  529
4  55.5  850
6  46.333333333333336  1267
8  66.375  1432
10  57.299999999999997  1513
12  55.25  2302
14  51.214285714285715  2726
16  47.0625  2596
18  54.166666666666664  3016
20  45.200000000000003  3355
2  58.0  408
4  71.75  586
6  53.166666666666664  1293
8  67.375  1321
10  49.899999999999999  1969
12  46.666666666666664  2258
14  46.642857142857146  2761
16  49.75  2753
18  43.166666666666664  3036
20  50.049999999999997  3448
2  79.0  390
4  62.0  930
6  56.833333333333336  1276
8  64.25  1444
10  54.600000000000001  1938
12  56.166666666666664  2494
14  51.642857142857146  2560
16  47.25  3168
18  52.5  3098
20  49.100000000000001  3527
2  61.0  517
4  51.75  868
6  59.166666666666664  973
8  63.375  1344
10  53.600000000000001  2030
12  50.75  1924
14  51.142857142857146  2616
16  53.875  2722
18  50.277777777777779  3432
20  41.350000000000001  3350
2  60.0  465
4  51.75  493
6  57.5  997
8  62.75  1609
10  40.100000000000001  2001
12  57.0  2557
14  58.857142857142854  2530
16  42.8125  3465
18  51.333333333333336  3177
20  42.200000000000003  3775
2  61.0  429
4  75.0  510
6  61.666666666666664  1167
8  65.75  1445
10  54.600000000000001  2034
12  54.25  2097
14  54.0  2632
16  47.8125  2685
18  45.111111111111114  3384
20  47.649999999999999  3461
2  66.0  404
4  52.75  632
6  41.0  1152
8  58.375  1841
10  56.5  1877
12  60.333333333333336  2151
14  47.142857142857146  2442
16  45.0625  2988
18  51.166666666666664  3130
20  45.399999999999999  3047
2  73.5  450
4  49.0  1021
6  52.5  1232
8  67.375  1314
10  56.799999999999997  1682
12  50.083333333333336  2340
14  59.642857142857146  2854
16  56.3125  2908
18  43.555555555555557  3230
20  65.950000000000003  1975
2  54.0  582
4  66.5  956
6  56.833333333333336  1330
8  56.75  1697
10  60.5  2029
12  50.75  2293
14  61.214285714285715  2668
16  52.0  3081
18  49.333333333333336  3301
20  50.600000000000001  2998
2  55.0  537
4  46.75  1124
6  50.333333333333336  1415
8  48.0  1585
10  57.5  1999
12  51.666666666666664  2448
14  53.428571428571431  2549
16  55.9375  3031
18  52.722222222222221  3308
20  46.799999999999997  3184
2  47.5  488
4  67.0  983
6  59.666666666666664  1296
8  54.875  1631
10  53.399999999999999  2266
12  50.416666666666664  2113
14  41.5  2383
16  62.0625  2901
18  51.055555555555557  2959
20  48.399999999999999  3454
2  84.5  183
4  71.5  642
6  62.166666666666664  1032
8  60.625  1469
10  62.700000000000003  2075
12  45.75  2432
14  51.428571428571431  2466
16  49.5625  2786
18  51.5  3087
20  48.649999999999999  3413
2  61.5  351
4  62.25  759
6  49.0  1265
8  55.75  1727
10  59.200000000000003  2195
12  53.833333333333336  2165
14  54.285714285714285  2758
16  53.0  3189
18  49.055555555555557  3587
20  47.950000000000003  3344
