1  81.0  233.0
1  95.0  240.0
1  94.0  177.0
1  84.0  196.0
1  79.0  230.0
1  86.0  105.0
1  69.0  235.0
1  72.0  133.0
1  24.0  431.0
1  98.0  37.0
1  95.0  66.0
1  62.0  206.0
1  90.0  93.0
1  59.0  254.0
1  28.0  283.0
1  46.0  261.0
1  58.0  384.0
1  61.0  288.0
1  64.0  236.0
1  86.0  151.0
1  20.0  297.0
1  64.0  323.0
1  55.0  346.0
1  38.0  463.0
1  85.0  304.0
1  51.0  328.0
1  61.0  162.0
1  77.0  192.0
1  100.0  59.0
1  0.0  215.0
1  62.0  176.0
1  72.0  290.0
1  28.0  375.0
1  85.0  195.0
1  24.0  528.0
1  90.0  71.0
1  81.0  252.0
1  87.0  192.0
1  66.0  185.0
1  100.0  37.0
1  52.0  271.0
1  87.0  208.0
1  87.0  55.0
1  75.0  100.0
1  56.0  467.0
1  54.0  282.0
1  74.0  297.0
1  73.0  178.0
1  0.0  313.0
1  86.0  160.0
1  59.0  275.0
1  53.0  321.0
1  100.0  33.0
1  53.0  379.0
1  47.0  151.0
1  92.0  68.0
1  0.0  500.0
1  95.0  171.0
1  100.0  8.0
1  97.0  92.0
1  94.0  236.0
1  63.0  87.0
1  97.0  82.0
1  100.0  8.0
1  98.0  25.0
1  87.0  189.0
1  73.0  253.0
1  67.0  266.0
1  55.0  329.0
1  72.0  281.0
1  94.0  172.0
1  83.0  201.0
1  30.0  311.0
1  62.0  219.0
1  44.0  277.0
1  37.0  533.0
1  72.0  258.0
1  72.0  270.0
1  100.0  3.0
1  80.0  196.0
1  88.0  93.0
1  82.0  280.0
1  72.0  250.0
1  80.0  158.0
1  95.0  43.0
1  68.0  265.0
1  76.0  331.0
1  57.0  343.0
1  77.0  271.0
1  79.0  191.0
1  0.0  254.0
1  89.0  113.0
1  53.0  67.0
1  66.0  315.0
1  88.0  128.0
1  49.0  391.0
1  40.0  477.0
1  32.0  179.0
1  92.0  98.0
1  90.0  141.0
2  27.0  156.0
2  98.0  39.0
2  38.0  417.0
2  59.0  245.0
2  82.0  284.0
2  74.0  210.0
2  91.0  59.0
2  78.0  210.0
2  77.0  295.0
2  100.0  6.0
2  61.0  185.0
2  84.0  242.0
2  79.0  154.0
2  71.0  311.0
2  49.0  318.0
2  61.0  212.0
2  90.0  141.0
2  77.0  135.0
2  95.0  79.0
2  30.0  260.0
2  86.0  133.0
2  19.0  383.0
2  37.0  242.0
2  99.0  41.0
2  100.0  128.0
2  80.0  154.0
2  63.0  246.0
2  42.0  164.0
2  92.0  84.0
2  54.0  233.0
2  87.0  182.0
2  49.0  206.0
2  96.0  134.0
2  93.0  96.0
2  63.0  282.0
2  90.0  191.0
2  68.0  356.0
2  64.0  172.0
2  63.0  157.0
2  100.0  8.0
2  95.0  64.0
2  94.0  22.0
2  78.0  177.0
2  21.0  107.0
2  52.0  306.0
2  84.0  137.0
2  64.0  198.0
2  78.0  266.0
2  63.0  268.0
2  76.0  268.0
2  90.0  44.0
2  93.0  176.0
2  75.0  107.0
2  86.0  144.0
2  69.0  242.0
2  82.0  234.0
2  77.0  200.0
2  70.0  116.0
2  48.0  193.0
2  92.0  68.0
2  39.0  507.0
2  40.0  151.0
2  87.0  132.0
2  93.0  95.0
2  62.0  390.0
2  90.0  167.0
2  88.0  186.0
2  90.0  156.0
2  76.0  297.0
2  54.0  353.0
2  78.0  175.0
2  31.0  187.0
2  100.0  2.0
2  64.0  276.0
2  44.0  279.0
2  31.0  533.0
2  74.0  130.0
2  18.0  455.0
2  40.0  331.0
2  0.0  770.0
2  65.0  155.0
2  85.0  153.0
2  70.0  237.0
2  58.0  144.0
2  87.0  169.0
2  70.0  349.0
2  71.0  111.0
2  96.0  50.0
2  70.0  103.0
2  85.0  160.0
2  97.0  46.0
2  94.0  68.0
2  83.0  228.0
2  72.0  381.0
2  97.0  40.0
2  64.0  263.0
2  64.0  234.0
2  33.0  327.0
2  98.0  47.0
2  61.0  301.0
3  62.0  286.0
3  68.0  248.0
3  55.0  260.0
3  26.0  349.0
3  73.0  193.0
3  87.0  122.0
3  61.0  255.0
3  100.0  0.0
3  53.0  535.0
3  82.0  135.0
3  3.0  97.0
3  22.0  314.0
3  77.0  272.0
3  63.0  268.0
3  48.0  261.0
3  56.0  182.0
3  27.0  361.0
3  85.0  78.0
3  59.0  241.0
3  84.0  198.0
3  72.0  232.0
3  56.0  203.0
3  48.0  341.0
3  37.0  197.0
3  50.0  281.0
3  100.0  0.0
3  56.0  131.0
3  78.0  239.0
3  4.0  409.0
3  96.0  34.0
3  35.0  308.0
3  57.0  191.0
3  55.0  211.0
3  69.0  169.0
3  47.0  135.0
3  92.0  24.0
3  84.0  102.0
3  99.0  17.0
3  89.0  237.0
3  83.0  119.0
3  85.0  186.0
3  94.0  111.0
3  58.0  180.0
3  100.0  26.0
3  63.0  126.0
3  80.0  89.0
3  3.0  108.0
3  81.0  186.0
3  56.0  275.0
3  85.0  75.0
3  52.0  225.0
3  77.0  258.0
3  97.0  125.0
3  57.0  263.0
3  100.0  19.0
3  100.0  18.0
3  74.0  235.0
3  51.0  193.0
3  0.0  485.0
3  95.0  41.0
3  96.0  106.0
3  60.0  185.0
3  47.0  336.0
3  62.0  297.0
3  100.0  3.0
3  1.0  618.0
3  82.0  185.0
3  0.0  400.0
3  75.0  145.0
3  100.0  7.0
3  87.0  66.0
3  80.0  330.0
3  75.0  154.0
3  80.0  201.0
3  90.0  44.0
3  41.0  159.0
3  58.0  250.0
3  94.0  168.0
3  72.0  232.0
3  99.0  104.0
3  6.0  417.0
3  30.0  317.0
3  76.0  173.0
3  0.0  689.0
3  39.0  139.0
3  28.0  130.0
3  61.0  213.0
3  46.0  407.0
3  41.0  163.0
3  64.0  332.0
3  59.0  428.0
3  0.0  196.0
3  91.0  127.0
3  71.0  84.0
3  91.0  108.0
3  90.0  137.0
3  100.0  15.0
3  100.0  200.0
3  39.0  135.0
3  60.0  247.0
4  98.0  82.0
4  44.0  224.0
4  82.0  300.0
4  78.0  106.0
4  87.0  121.0
4  54.0  211.0
4  97.0  216.0
4  16.0  358.0
4  98.0  44.0
4  60.0  208.0
4  59.0  170.0
4  59.0  215.0
4  10.0  291.0
4  100.0  7.0
4  18.0  532.0
4  0.0  135.0
4  10.0  190.0
4  71.0  104.0
4  29.0  221.0
4  21.0  334.0
4  54.0  378.0
4  56.0  178.0
4  31.0  177.0
4  93.0  95.0
4  65.0  91.0
4  35.0  343.0
4  71.0  198.0
4  80.0  297.0
4  53.0  248.0
4  43.0  219.0
4  88.0  124.0
4  96.0  77.0
4  49.0  292.0
4  74.0  351.0
4  0.0  100.0
4  59.0  220.0
4  50.0  320.0
4  77.0  175.0
4  71.0  143.0
4  16.0  284.0
4  77.0  150.0
4  74.0  238.0
4  44.0  309.0
4  88.0  143.0
4  88.0  178.0
4  44.0  323.0
4  13.0  329.0
4  61.0  233.0
4  67.0  112.0
4  70.0  206.0
4  80.0  155.0
4  86.0  183.0
4  46.0  363.0
4  53.0  218.0
4  76.0  204.0
4  23.0  386.0
4  84.0  114.0
4  97.0  59.0
4  0.0  382.0
4  84.0  169.0
4  7.0  379.0
4  43.0  190.0
4  30.0  346.0
4  100.0  116.0
4  19.0  292.0
4  58.0  193.0
4  89.0  59.0
4  56.0  251.0
4  27.0  259.0
4  68.0  185.0
4  57.0  142.0
4  65.0  193.0
4  30.0  249.0
4  80.0  240.0
4  53.0  326.0
4  96.0  77.0
4  84.0  209.0
4  67.0  212.0
4  58.0  79.0
4  43.0  317.0
4  63.0  218.0
4  58.0  312.0
4  55.0  131.0
4  13.0  596.0
4  67.0  368.0
4  74.0  65.0
4  48.0  198.0
4  91.0  43.0
4  76.0  188.0
4  40.0  334.0
4  53.0  338.0
4  58.0  292.0
4  0.0  147.0
4  66.0  124.0
4  48.0  288.0
4  68.0  148.0
4  88.0  112.0
4  55.0  201.0
4  82.0  286.0
4  66.0  231.0
5  74.0  225.0
5  65.0  312.0
5  31.0  186.0
5  89.0  107.0
5  71.0  323.0
5  31.0  435.0
5  32.0  327.0
5  60.0  242.0
5  100.0  82.0
5  58.0  254.0
5  64.0  219.0
5  89.0  42.0
5  96.0  156.0
5  42.0  333.0
5  62.0  215.0
5  47.0  275.0
5  100.0  38.0
5  100.0  12.0
5  100.0  108.0
5  27.0  201.0
5  100.0  65.0
5  44.0  215.0
5  51.0  623.0
5  18.0  272.0
5  52.0  338.0
5  100.0  115.0
5  26.0  300.0
5  53.0  363.0
5  73.0  200.0
5  99.0  59.0
5  56.0  171.0
5  59.0  142.0
5  84.0  175.0
5  40.0  222.0
5  47.0  170.0
5  48.0  412.0
5  86.0  169.0
5  78.0  216.0
5  100.0  27.0
5  100.0  22.0
5  84.0  133.0
5  20.0  270.0
5  76.0  210.0
5  98.0  22.0
5  58.0  191.0
5  76.0  286.0
5  72.0  237.0
5  81.0  219.0
5  61.0  145.0
5  98.0  29.0
5  0.0  215.0
5  77.0  153.0
5  0.0  48.0
5  76.0  284.0
5  66.0  267.0
5  60.0  230.0
5  72.0  217.0
5  59.0  324.0
5  8.0  297.0
5  91.0  44.0
5  0.0  268.0
5  24.0  404.0
5  91.0  142.0
5  97.0  56.0
5  60.0  409.0
5  83.0  105.0
5  75.0  157.0
5  64.0  98.0
5  6.0  349.0
5  47.0  190.0
5  23.0  244.0
5  68.0  147.0
5  100.0  18.0
5  100.0  3.0
5  62.0  293.0
5  85.0  202.0
5  75.0  210.0
5  21.0  218.0
5  95.0  37.0
5  46.0  190.0
5  84.0  127.0
5  80.0  155.0
5  0.0  133.0
5  88.0  95.0
5  72.0  169.0
5  32.0  74.0
5  90.0  57.0
5  71.0  192.0
5  76.0  201.0
5  50.0  306.0
5  38.0  141.0
5  65.0  213.0
5  58.0  217.0
5  66.0  75.0
5  76.0  266.0
5  78.0  240.0
5  88.0  148.0
5  41.0  317.0
5  0.0  0.0
5  58.0  266.0
