0  20.0  307
0  65.0  528
0  25.0  412
0  77.0  523
0  48.0  449
0  51.0  412
0  57.0  573
0  34.0  506
0  60.0  505
0  27.0  467
0  86.0  516
0  5.0  312
0  74.0  510
0  38.0  506
0  43.0  437
0  39.0  501
0  20.0  404
0  49.0  466
0  45.0  472
0  3.0  424
0  34.0  451
0  48.0  449
0  58.0  565
0  35.0  565
0  37.0  431
0  63.0  402
0  65.0  454
0  41.0  526
0  33.0  302
0  47.0  502
0  78.0  504
0  54.0  477
0  43.0  489
0  13.0  279
0  46.0  414
0  67.0  529
0  56.0  447
0  45.0  430
0  45.0  489
0  50.0  495
0  49.0  536
0  76.0  542
0  29.0  452
0  45.0  477
0  72.0  522
0  72.0  563
0  77.0  541
0  56.0  478
0  46.0  503
0  60.0  562
0  56.0  454
0  43.0  554
0  73.0  470
0  52.0  459
0  36.0  537
0  38.0  495
0  38.0  505
0  37.0  410
0  41.0  425
0  35.0  437
0  93.0  555
0  70.0  547
0  52.0  489
0  76.0  481
0  74.0  507
0  27.0  451
0  72.0  505
0  48.0  471
0  49.0  516
0  58.0  550
0  48.0  502
0  32.0  508
0  41.0  520
0  60.0  503
0  37.0  546
0  40.0  425
0  24.0  342
0  31.0  445
0  53.0  586
0  66.0  521
0  57.0  507
0  61.0  481
0  58.0  525
0  73.0  546
0  43.0  509
0  46.0  481
0  70.0  533
0  71.0  504
0  39.0  441
0  28.0  455
0  40.0  533
0  44.0  546
0  22.0  484
0  32.0  478
0  43.0  564
0  42.0  376
0  43.0  534
0  37.0  524
0  56.0  525
0  61.0  455
