1  72.0  201.0
1  45.0  422.0
1  87.0  178.0
1  91.0  62.0
1  87.0  104.0
1  97.0  44.0
1  72.0  194.0
1  60.0  421.0
1  76.0  205.0
1  26.0  290.0
1  77.0  193.0
1  57.0  392.0
1  91.0  145.0
1  83.0  183.0
1  41.0  322.0
1  71.0  57.0
1  70.0  170.0
1  47.0  507.0
1  68.0  213.0
1  100.0  84.0
1  80.0  267.0
1  65.0  350.0
1  47.0  437.0
1  47.0  339.0
1  50.0  245.0
1  89.0  247.0
1  90.0  86.0
1  74.0  178.0
1  48.0  388.0
1  99.0  12.0
1  63.0  292.0
1  0.0  100.0
1  96.0  55.0
1  100.0  150.0
1  81.0  236.0
1  72.0  237.0
1  58.0  233.0
1  79.0  133.0
1  41.0  492.0
1  71.0  267.0
1  66.0  300.0
1  99.0  124.0
1  92.0  78.0
1  88.0  142.0
1  66.0  299.0
1  39.0  450.0
1  91.0  151.0
1  88.0  104.0
1  74.0  274.0
1  30.0  505.0
1  80.0  220.0
1  61.0  158.0
1  90.0  102.0
1  57.0  363.0
1  91.0  199.0
1  63.0  223.0
1  100.0  4.0
1  87.0  168.0
1  85.0  154.0
1  61.0  298.0
1  0.0  315.0
1  32.0  574.0
1  67.0  169.0
1  84.0  112.0
1  100.0  10.0
1  36.0  166.0
1  99.0  50.0
1  95.0  17.0
1  90.0  88.0
1  90.0  85.0
1  85.0  233.0
1  71.0  250.0
1  71.0  191.0
1  93.0  38.0
1  68.0  354.0
1  87.0  60.0
1  80.0  256.0
1  94.0  33.0
1  19.0  148.0
1  61.0  277.0
1  95.0  126.0
1  76.0  190.0
1  78.0  103.0
1  89.0  63.0
1  82.0  97.0
1  41.0  441.0
1  61.0  363.0
1  92.0  154.0
1  69.0  96.0
1  88.0  140.0
1  0.0  193.0
1  38.0  327.0
1  63.0  270.0
1  76.0  317.0
1  70.0  232.0
1  60.0  338.0
1  86.0  188.0
1  83.0  172.0
1  76.0  209.0
1  14.0  592.0
2  39.0  386.0
2  5.0  269.0
2  46.0  430.0
2  100.0  5.0
2  57.0  282.0
2  93.0  62.0
2  79.0  151.0
2  15.0  392.0
2  100.0  5.0
2  51.0  286.0
2  99.0  81.0
2  0.0  1015.0
2  83.0  277.0
2  78.0  302.0
2  100.0  38.0
2  97.0  78.0
2  78.0  199.0
2  66.0  271.0
2  42.0  210.0
2  81.0  162.0
2  72.0  198.0
2  82.0  278.0
2  46.0  385.0
2  56.0  231.0
2  49.0  238.0
2  48.0  314.0
2  23.0  275.0
2  0.0  727.0
2  60.0  173.0
2  71.0  316.0
2  34.0  218.0
2  46.0  371.0
2  93.0  70.0
2  57.0  337.0
2  100.0  5.0
2  94.0  195.0
2  77.0  207.0
2  87.0  144.0
2  82.0  174.0
2  98.0  152.0
2  55.0  264.0
2  94.0  96.0
2  30.0  562.0
2  95.0  102.0
2  37.0  183.0
2  0.0  238.0
2  53.0  267.0
2  47.0  227.0
2  62.0  484.0
2  54.0  259.0
2  58.0  244.0
2  79.0  238.0
2  51.0  503.0
2  96.0  169.0
2  89.0  111.0
2  74.0  70.0
2  27.0  291.0
2  93.0  76.0
2  97.0  86.0
2  82.0  17.0
2  86.0  182.0
2  70.0  358.0
2  71.0  289.0
2  95.0  48.0
2  65.0  239.0
2  100.0  2.0
2  90.0  30.0
2  41.0  227.0
2  70.0  209.0
2  93.0  70.0
2  57.0  75.0
2  95.0  142.0
2  57.0  237.0
2  69.0  168.0
2  77.0  210.0
2  100.0  200.0
2  0.0  977.0
2  10.0  173.0
2  99.0  72.0
2  0.0  184.0
2  63.0  229.0
2  22.0  444.0
2  92.0  138.0
2  27.0  265.0
2  100.0  47.0
2  76.0  39.0
2  91.0  161.0
2  90.0  187.0
2  7.0  177.0
2  89.0  115.0
2  51.0  157.0
2  61.0  373.0
2  6.0  456.0
2  64.0  223.0
2  16.0  185.0
2  99.0  20.0
2  73.0  302.0
2  69.0  290.0
2  81.0  144.0
2  82.0  281.0
3  0.0  200.0
3  74.0  167.0
3  7.0  475.0
3  72.0  170.0
3  37.0  339.0
3  100.0  11.0
3  94.0  65.0
3  97.0  132.0
3  94.0  29.0
3  28.0  90.0
3  100.0  101.0
3  45.0  274.0
3  62.0  306.0
3  97.0  78.0
3  46.0  348.0
3  40.0  224.0
3  50.0  255.0
3  51.0  317.0
3  100.0  200.0
3  13.0  355.0
3  84.0  143.0
3  89.0  116.0
3  31.0  272.0
3  95.0  41.0
3  26.0  276.0
3  50.0  367.0
3  44.0  355.0
3  78.0  267.0
3  80.0  76.0
3  75.0  179.0
3  99.0  26.0
3  53.0  265.0
3  6.0  440.0
3  0.0  389.0
3  97.0  118.0
3  65.0  63.0
3  81.0  89.0
3  79.0  187.0
3  87.0  107.0
3  42.0  323.0
3  98.0  66.0
3  84.0  249.0
3  38.0  318.0
3  46.0  324.0
3  67.0  164.0
3  76.0  136.0
3  75.0  74.0
3  70.0  198.0
3  85.0  151.0
3  0.0  168.0
3  82.0  237.0
3  67.0  117.0
3  32.0  228.0
3  87.0  120.0
3  55.0  319.0
3  58.0  101.0
3  49.0  284.0
3  27.0  336.0
3  60.0  302.0
3  55.0  217.0
3  65.0  326.0
3  34.0  183.0
3  95.0  58.0
3  100.0  6.0
3  2.0  419.0
3  55.0  170.0
3  55.0  358.0
3  99.0  1.0
3  100.0  1.0
3  59.0  94.0
3  76.0  163.0
3  53.0  286.0
3  87.0  42.0
3  90.0  141.0
3  91.0  121.0
3  22.0  293.0
3  31.0  343.0
3  55.0  274.0
3  58.0  389.0
3  52.0  240.0
3  36.0  252.0
3  62.0  166.0
3  93.0  97.0
3  20.0  583.0
3  71.0  167.0
3  82.0  174.0
3  98.0  67.0
3  55.0  241.0
3  61.0  246.0
3  95.0  65.0
3  46.0  348.0
3  85.0  179.0
3  56.0  238.0
3  26.0  364.0
3  65.0  204.0
3  98.0  50.0
3  12.0  246.0
3  51.0  394.0
3  65.0  250.0
3  59.0  91.0
4  33.0  409.0
4  57.0  196.0
4  70.0  135.0
4  42.0  266.0
4  100.0  104.0
4  100.0  19.0
4  66.0  115.0
4  96.0  41.0
4  70.0  242.0
4  75.0  204.0
4  67.0  200.0
4  68.0  98.0
4  54.0  303.0
4  68.0  307.0
4  41.0  239.0
4  78.0  120.0
4  0.0  225.0
4  100.0  33.0
4  18.0  276.0
4  57.0  301.0
4  77.0  250.0
4  70.0  254.0
4  100.0  103.0
4  71.0  153.0
4  26.0  301.0
4  76.0  198.0
4  25.0  283.0
4  98.0  28.0
4  87.0  106.0
4  0.0  100.0
4  59.0  129.0
4  45.0  287.0
4  71.0  72.0
4  85.0  247.0
4  49.0  80.0
4  52.0  245.0
4  65.0  326.0
4  82.0  108.0
4  50.0  222.0
4  21.0  245.0
4  22.0  305.0
4  100.0  52.0
4  7.0  281.0
4  85.0  209.0
4  79.0  143.0
4  40.0  379.0
4  66.0  105.0
4  78.0  136.0
4  89.0  135.0
4  17.0  283.0
4  36.0  326.0
4  71.0  271.0
4  42.0  346.0
4  84.0  150.0
4  68.0  220.0
4  33.0  345.0
4  85.0  91.0
4  91.0  100.0
4  63.0  101.0
4  9.0  294.0
4  60.0  237.0
4  5.0  181.0
4  100.0  14.0
4  88.0  168.0
4  63.0  197.0
4  65.0  156.0
4  58.0  192.0
4  99.0  41.0
4  0.0  460.0
4  93.0  244.0
4  63.0  153.0
4  0.0  112.0
4  87.0  244.0
4  29.0  206.0
4  57.0  353.0
4  64.0  222.0
4  69.0  221.0
4  59.0  238.0
4  43.0  311.0
4  49.0  233.0
4  45.0  366.0
4  37.0  541.0
4  95.0  125.0
4  42.0  307.0
4  66.0  223.0
4  90.0  125.0
4  5.0  134.0
4  73.0  136.0
4  30.0  257.0
4  100.0  105.0
4  94.0  91.0
4  37.0  276.0
4  35.0  406.0
4  27.0  186.0
4  11.0  45.0
4  51.0  232.0
4  45.0  150.0
4  38.0  240.0
4  72.0  217.0
4  85.0  80.0
5  77.0  145.0
5  43.0  190.0
5  80.0  248.0
5  31.0  171.0
5  75.0  65.0
5  11.0  333.0
5  68.0  219.0
5  45.0  195.0
5  87.0  102.0
5  69.0  134.0
5  91.0  42.0
5  72.0  175.0
5  80.0  91.0
5  0.0  82.0
5  63.0  303.0
5  84.0  151.0
5  60.0  250.0
5  36.0  263.0
5  2.0  102.0
5  100.0  23.0
5  38.0  411.0
5  91.0  164.0
5  48.0  249.0
5  40.0  234.0
5  47.0  403.0
5  24.0  240.0
5  41.0  337.0
5  78.0  118.0
5  36.0  124.0
5  48.0  153.0
5  98.0  10.0
5  82.0  244.0
5  0.0  5.0
5  100.0  12.0
5  70.0  213.0
5  100.0  100.0
5  66.0  209.0
5  95.0  51.0
5  39.0  328.0
5  91.0  36.0
5  0.0  488.0
5  69.0  179.0
5  62.0  209.0
5  70.0  177.0
5  79.0  163.0
5  47.0  255.0
5  59.0  331.0
5  73.0  205.0
5  81.0  168.0
5  72.0  170.0
5  31.0  173.0
5  35.0  342.0
5  88.0  89.0
5  100.0  50.0
5  81.0  209.0
5  100.0  3.0
5  71.0  89.0
5  58.0  196.0
5  67.0  113.0
5  27.0  114.0
5  49.0  477.0
5  100.0  103.0
5  66.0  234.0
5  71.0  290.0
5  67.0  202.0
5  5.0  207.0
5  36.0  276.0
5  82.0  131.0
5  96.0  105.0
5  90.0  78.0
5  39.0  248.0
5  45.0  258.0
5  86.0  32.0
5  0.0  167.0
5  57.0  176.0
5  33.0  337.0
5  86.0  136.0
5  33.0  230.0
5  37.0  243.0
5  78.0  55.0
5  30.0  277.0
5  73.0  156.0
5  88.0  132.0
5  88.0  93.0
5  76.0  239.0
5  92.0  118.0
5  69.0  146.0
5  29.0  308.0
5  95.0  45.0
5  61.0  185.0
5  33.0  186.0
5  9.0  217.0
5  0.0  130.0
5  91.0  104.0
5  100.0  103.0
5  67.0  354.0
5  62.0  171.0
5  47.0  329.0
5  100.0  12.0
5  30.0  263.0
