0  50.600000000000001  2533
1  46.299999999999997  2902
2  51.899999999999999  2581
3  45.200000000000003  2311
4  49.5  2304
5  44.899999999999999  1878
6  55.0  2149
7  48.5  2099
8  49.700000000000003  2136
9  57.200000000000003  2175
10  65.599999999999994  1795
11  47.399999999999999  1860
12  66.400000000000006  2031
13  54.299999999999997  1748
14  59.899999999999999  1440
15  55.799999999999997  1942
16  60.700000000000003  1550
17  53.600000000000001  1602
18  69.299999999999997  1283
19  66.799999999999997  1390
20  69.5  1367
0  44.899999999999999  2788
1  50.100000000000001  2378
2  37.100000000000001  2568
3  49.700000000000003  2438
4  56.899999999999999  2473
5  52.299999999999997  2331
6  53.600000000000001  2109
7  50.200000000000003  2115
8  51.399999999999999  1747
9  51.200000000000003  2219
10  57.799999999999997  2006
11  51.399999999999999  2033
12  54.0  1890
13  55.600000000000001  1859
14  60.299999999999997  1793
15  57.399999999999999  1920
16  61.799999999999997  1417
17  46.5  1628
18  55.200000000000003  2019
19  66.799999999999997  1827
20  70.900000000000006  1349
0  47.100000000000001  2634
1  43.700000000000003  2227
2  40.200000000000003  2701
3  40.600000000000001  2662
4  50.700000000000003  2419
5  41.700000000000003  2041
6  58.200000000000003  1956
7  48.299999999999997  2181
8  59.399999999999999  2275
9  55.5  2099
10  63.600000000000001  2296
11  65.599999999999994  1750
12  57.700000000000003  2270
13  65.299999999999997  1599
14  56.700000000000003  1752
15  63.100000000000001  1600
16  60.299999999999997  1633
17  60.799999999999997  1626
18  66.200000000000003  1732
19  64.700000000000003  1576
20  66.599999999999994  1751
0  34.700000000000003  2672
1  37.899999999999999  2564
2  50.200000000000003  2778
3  46.799999999999997  2330
4  41.299999999999997  2330
5  60.0  2174
6  42.200000000000003  2454
7  61.600000000000001  2004
8  57.5  2021
9  59.799999999999997  2009
10  60.799999999999997  2024
11  52.0  1789
12  63.600000000000001  1476
13  47.700000000000003  1876
14  56.799999999999997  1925
15  55.100000000000001  1895
16  65.599999999999994  1634
17  59.600000000000001  1650
18  62.799999999999997  1785
19  66.099999999999994  1602
20  73.299999999999997  1390
0  47.399999999999999  2555
1  40.100000000000001  2664
2  44.100000000000001  2200
3  53.600000000000001  2674
4  45.5  2480
5  60.700000000000003  2205
6  58.799999999999997  2169
7  48.600000000000001  2083
8  55.600000000000001  2158
9  53.0  1907
10  62.5  1905
11  64.5  1925
12  61.0  1986
13  61.899999999999999  1950
14  60.299999999999997  1808
15  56.899999999999999  1352
16  50.5  1760
17  61.299999999999997  1235
18  60.899999999999999  1509
19  53.600000000000001  1538
20  65.599999999999994  1479
0  40.200000000000003  2541
1  53.899999999999999  2380
2  33.700000000000003  2434
3  53.799999999999997  2632
4  42.700000000000003  2258
5  55.100000000000001  2366
6  58.899999999999999  2446
7  44.799999999999997  2256
8  51.100000000000001  2331
9  61.899999999999999  1964
10  65.700000000000003  1767
11  56.899999999999999  2003
12  58.299999999999997  2000
13  66.5  1579
14  60.5  1836
15  59.600000000000001  1460
16  56.700000000000003  1638
17  66.700000000000003  1473
18  67.799999999999997  1662
19  66.299999999999997  1682
20  63.799999999999997  1514
0  48.0  2618
1  42.700000000000003  2935
2  45.299999999999997  2172
3  40.700000000000003  2487
4  53.100000000000001  2049
5  42.5  2190
6  48.299999999999997  2201
7  45.5  2048
8  54.600000000000001  2441
9  65.900000000000006  1829
10  56.100000000000001  1913
11  46.799999999999997  1934
12  64.200000000000003  1883
13  70.099999999999994  1466
14  64.099999999999994  1801
15  59.100000000000001  1579
16  64.299999999999997  1313
17  60.799999999999997  1471
18  59.0  1592
19  68.400000000000006  1519
20  59.100000000000001  1424
0  42.600000000000001  2718
1  43.899999999999999  2388
2  45.799999999999997  1974
3  51.700000000000003  2415
4  42.899999999999999  2161
5  50.100000000000001  2214
6  52.399999999999999  2330
7  51.700000000000003  2750
8  60.5  2321
9  56.399999999999999  1823
10  45.899999999999999  2159
11  48.0  1876
12  54.799999999999997  1893
13  55.799999999999997  1566
14  65.299999999999997  1716
15  67.900000000000006  1633
16  61.799999999999997  1566
17  49.799999999999997  2035
18  60.399999999999999  1512
19  61.5  1650
20  75.0  1626
0  43.899999999999999  2525
1  39.799999999999997  2168
2  47.200000000000003  2571
3  51.0  2423
4  50.899999999999999  2397
5  38.0  2301
6  53.799999999999997  2461
7  49.0  2298
8  51.600000000000001  2061
9  60.0  1954
10  51.0  1790
11  54.100000000000001  1812
12  65.299999999999997  1556
13  65.799999999999997  1742
14  67.900000000000006  1564
15  64.5  1454
16  72.200000000000003  1674
17  48.899999999999999  1731
18  55.299999999999997  1856
19  66.0  1594
20  59.600000000000001  1573
0  45.0  2772
1  44.600000000000001  2455
2  40.100000000000001  2456
3  44.700000000000003  2488
4  50.700000000000003  2586
5  44.600000000000001  2436
6  54.799999999999997  2320
7  46.600000000000001  2191
8  51.600000000000001  2077
9  58.5  2000
10  59.0  1897
11  49.700000000000003  1915
12  56.299999999999997  1993
13  67.299999999999997  1770
14  62.899999999999999  1631
15  63.399999999999999  1629
16  57.600000000000001  1366
17  66.099999999999994  1385
18  59.399999999999999  1564
19  52.600000000000001  1547
20  62.799999999999997  1585
0  34.5  2256
1  43.700000000000003  2544
2  39.100000000000001  2712
3  45.299999999999997  2224
4  45.100000000000001  2279
5  45.399999999999999  2170
6  47.299999999999997  1979
7  54.100000000000001  2234
8  51.700000000000003  2220
9  58.200000000000003  1807
10  57.299999999999997  1871
11  62.0  1955
12  59.600000000000001  1623
13  56.0  1826
14  61.600000000000001  1954
15  54.899999999999999  1539
16  56.299999999999997  1498
17  59.399999999999999  1405
18  61.299999999999997  1524
19  66.799999999999997  1621
20  71.200000000000003  1688
0  42.399999999999999  2639
1  50.899999999999999  2695
2  51.5  2217
3  45.5  2269
4  49.799999999999997  2320
5  53.200000000000003  2251
6  52.299999999999997  2405
7  44.700000000000003  2153
8  45.600000000000001  2299
9  49.200000000000003  1889
10  64.799999999999997  2056
11  52.799999999999997  1939
12  60.0  1772
13  63.0  1803
14  67.099999999999994  1917
15  63.100000000000001  1970
16  64.5  1766
17  63.700000000000003  1717
18  60.0  1827
19  55.200000000000003  1361
20  55.200000000000003  1577
0  46.0  2691
1  51.299999999999997  2631
2  54.200000000000003  2593
3  56.5  2286
4  37.899999999999999  2295
5  53.299999999999997  2458
6  59.5  2126
7  43.799999999999997  2430
8  59.399999999999999  2021
9  51.399999999999999  2104
10  60.0  2167
11  47.399999999999999  2034
12  57.600000000000001  1980
13  64.5  1663
14  62.200000000000003  1975
15  65.900000000000006  1259
16  56.700000000000003  1816
17  63.700000000000003  1544
18  59.0  1411
19  65.0  1193
20  67.099999999999994  1721
0  49.399999999999999  2858
1  50.100000000000001  2653
2  47.799999999999997  2489
3  51.100000000000001  2365
4  52.399999999999999  2052
5  51.299999999999997  2178
6  57.399999999999999  2336
7  66.299999999999997  1811
8  51.399999999999999  2246
9  66.0  2105
10  63.5  1866
11  59.700000000000003  1915
12  56.100000000000001  1701
13  50.799999999999997  2494
14  56.100000000000001  1589
15  66.599999999999994  1464
16  58.799999999999997  1726
17  62.299999999999997  1570
18  60.200000000000003  1639
19  72.400000000000006  1260
20  59.200000000000003  1551
0  54.899999999999999  2474
1  48.0  2586
2  38.399999999999999  2339
3  41.0  2241
4  40.100000000000001  1958
5  40.5  2002
6  55.899999999999999  1684
7  40.5  2402
8  45.399999999999999  2337
9  68.900000000000006  1948
10  52.799999999999997  1826
11  57.200000000000003  1806
12  57.899999999999999  1698
13  55.200000000000003  1891
14  53.600000000000001  1600
15  57.0  1581
16  66.599999999999994  1342
17  58.5  1365
18  60.600000000000001  1583
19  58.0  1382
20  61.5  1476
0  51.100000000000001  2690
1  47.5  2872
2  48.100000000000001  2353
3  50.799999999999997  2187
4  47.899999999999999  2334
5  51.299999999999997  2274
6  42.299999999999997  2155
7  51.899999999999999  2487
8  56.5  2216
9  58.899999999999999  1783
10  51.100000000000001  2013
11  43.899999999999999  2245
12  54.200000000000003  1923
13  56.5  2168
14  56.5  1820
15  55.700000000000003  1531
16  63.899999999999999  1846
17  69.200000000000003  1765
18  55.700000000000003  1751
19  63.200000000000003  1696
20  62.799999999999997  1249
0  48.200000000000003  2477
1  43.0  2241
2  49.100000000000001  2617
3  52.799999999999997  2695
4  28.699999999999999  2086
5  45.799999999999997  2196
6  58.700000000000003  2276
7  63.700000000000003  2159
8  47.0  2290
9  55.5  1981
10  56.399999999999999  2094
11  54.100000000000001  1761
12  54.5  2057
13  53.399999999999999  1832
14  61.899999999999999  1551
15  58.700000000000003  1982
16  60.100000000000001  1417
17  58.700000000000003  1452
18  60.399999999999999  1708
19  55.799999999999997  1805
20  63.700000000000003  1264
0  45.799999999999997  2915
1  45.200000000000003  2795
2  49.899999999999999  2247
3  61.700000000000003  2389
4  52.100000000000001  2297
5  59.0  2107
6  51.0  2315
7  55.5  2182
8  58.200000000000003  1938
9  65.5  2089
10  48.0  1941
11  54.100000000000001  1974
12  63.299999999999997  2137
13  56.600000000000001  1541
14  63.299999999999997  2047
15  58.799999999999997  1503
16  54.5  1302
17  58.899999999999999  1513
18  60.799999999999997  1816
19  56.700000000000003  1595
20  65.200000000000003  1491
0  31.300000000000001  2844
1  48.100000000000001  2434
2  40.0  2658
3  48.200000000000003  2847
4  58.299999999999997  2410
5  61.5  2388
6  58.200000000000003  2090
7  44.899999999999999  2138
8  43.799999999999997  2279
9  54.899999999999999  2219
10  55.899999999999999  1885
11  60.299999999999997  1747
12  58.799999999999997  1918
13  55.100000000000001  1938
14  60.600000000000001  1738
15  69.5  1654
16  59.100000000000001  2158
17  66.0  1747
18  55.299999999999997  1426
19  60.799999999999997  1474
20  65.799999999999997  1474
0  44.100000000000001  2688
1  60.899999999999999  2782
2  51.5  2565
3  39.0  2223
4  47.5  2238
5  50.0  2627
6  48.100000000000001  2105
7  46.700000000000003  2586
8  61.0  2131
9  57.200000000000003  2097
10  63.5  1925
11  52.200000000000003  1796
12  56.399999999999999  2126
13  65.400000000000006  1649
14  59.399999999999999  1924
15  64.0  1788
16  65.0  1814
17  59.200000000000003  1688
18  65.599999999999994  1627
19  56.299999999999997  1851
20  71.599999999999994  1395
0  40.600000000000001  2692
1  45.799999999999997  2844
2  42.700000000000003  2372
3  42.299999999999997  2171
4  57.700000000000003  2295
5  44.399999999999999  2526
6  42.799999999999997  2317
7  51.100000000000001  2225
8  54.700000000000003  2232
9  55.700000000000003  1907
10  53.5  2125
11  55.799999999999997  2050
12  57.299999999999997  1685
13  57.700000000000003  1833
14  62.0  1313
15  63.100000000000001  1718
16  57.100000000000001  1915
17  64.5  1713
18  66.200000000000003  1616
19  58.299999999999997  1764
20  57.5  1823
0  38.700000000000003  2525
1  43.600000000000001  2225
2  51.299999999999997  2428
3  43.399999999999999  2580
4  57.100000000000001  2350
5  54.299999999999997  2013
6  51.700000000000003  1975
7  47.0  1764
8  58.5  1976
9  54.5  2067
10  46.399999999999999  2096
11  54.299999999999997  2195
12  53.700000000000003  1647
13  54.0  1707
14  54.0  2214
15  58.0  1684
16  62.600000000000001  1866
17  59.299999999999997  1616
18  56.799999999999997  1896
19  64.400000000000006  1366
20  55.200000000000003  1750
0  44.5  2453
1  44.5  2630
2  41.700000000000003  2181
3  45.0  2564
4  44.100000000000001  2331
5  48.200000000000003  2364
6  57.299999999999997  2111
7  58.600000000000001  2523
8  59.5  1892
9  47.600000000000001  2258
10  59.0  2191
11  54.700000000000003  1862
12  64.900000000000006  1711
13  63.399999999999999  1798
14  57.600000000000001  1650
15  63.5  1524
16  53.899999999999999  1887
17  61.600000000000001  1556
18  54.799999999999997  1262
19  65.900000000000006  1259
20  59.700000000000003  1574
0  52.600000000000001  2891
1  40.200000000000003  2495
2  54.100000000000001  2419
3  51.799999999999997  2643
4  54.299999999999997  2464
5  50.700000000000003  2422
6  50.0  2404
7  57.799999999999997  2147
8  49.600000000000001  2173
9  53.799999999999997  2491
10  52.600000000000001  2468
11  59.5  1949
12  52.100000000000001  2355
13  64.0  1970
14  51.899999999999999  1905
15  60.399999999999999  1953
16  60.799999999999997  1671
17  67.099999999999994  1729
18  68.0  1590
19  62.399999999999999  1335
20  52.0  2090
0  45.399999999999999  2512
1  49.700000000000003  2616
2  50.700000000000003  2436
3  50.899999999999999  2605
4  47.0  2845
5  45.700000000000003  2331
6  47.100000000000001  2290
7  61.899999999999999  1923
8  62.0  2154
9  58.299999999999997  2064
10  61.100000000000001  1974
11  48.100000000000001  2192
12  58.899999999999999  1984
13  53.399999999999999  1720
14  51.5  1988
15  67.5  1359
16  63.600000000000001  1773
17  59.0  1972
18  64.900000000000006  1616
19  71.700000000000003  1329
20  61.399999999999999  1520
0  39.399999999999999  2334
1  41.700000000000003  2505
2  52.100000000000001  2334
3  35.899999999999999  2269
4  49.5  2253
5  54.799999999999997  1972
6  40.200000000000003  2103
7  57.0  2244
8  54.100000000000001  1995
9  52.0  1881
10  59.100000000000001  1690
11  60.100000000000001  1797
12  53.200000000000003  1543
13  57.600000000000001  2013
14  62.5  1919
15  50.399999999999999  1844
16  46.600000000000001  1607
17  64.5  1673
18  62.600000000000001  1651
19  56.600000000000001  1465
20  70.400000000000006  1223
0  47.5  2692
1  46.100000000000001  2330
2  56.799999999999997  2442
3  43.700000000000003  2589
4  50.799999999999997  2245
5  54.100000000000001  2259
6  43.200000000000003  2538
7  60.0  2300
8  49.5  1959
9  51.200000000000003  1774
10  64.5  1928
11  48.799999999999997  1864
12  64.299999999999997  1695
13  59.399999999999999  1851
14  49.700000000000003  2062
15  65.200000000000003  1498
16  54.899999999999999  1860
17  66.900000000000006  1969
18  70.799999999999997  1409
19  52.700000000000003  1727
20  58.899999999999999  1673
0  31.0  2423
1  47.299999999999997  2402
2  44.600000000000001  2173
3  46.5  2142
4  45.100000000000001  2310
5  48.299999999999997  2480
6  48.700000000000003  2389
7  45.100000000000001  2328
8  51.299999999999997  1912
9  46.600000000000001  1759
10  63.600000000000001  1876
11  60.899999999999999  1943
12  59.600000000000001  1899
13  52.700000000000003  1847
14  58.5  1861
15  75.900000000000006  1442
16  57.200000000000003  1389
17  65.400000000000006  1769
18  61.0  1546
19  65.799999999999997  1387
20  61.0  1632
0  45.5  2551
1  56.799999999999997  2369
2  48.600000000000001  2089
3  49.100000000000001  2395
4  49.0  2454
5  56.600000000000001  2116
6  54.299999999999997  2223
7  57.600000000000001  2324
8  62.0  2094
9  53.799999999999997  1734
10  53.799999999999997  1861
11  52.600000000000001  1631
12  51.799999999999997  1861
13  58.100000000000001  1620
14  58.600000000000001  2057
15  52.700000000000003  1892
16  73.5  1776
17  57.799999999999997  1615
18  63.600000000000001  1299
19  65.099999999999994  1511
20  70.200000000000003  1724
0  48.799999999999997  2497
1  47.299999999999997  2735
2  56.0  2476
3  48.200000000000003  2550
4  49.399999999999999  2548
5  42.5  1993
6  51.299999999999997  2237
7  50.600000000000001  2208
8  56.399999999999999  2128
9  51.299999999999997  2000
10  52.600000000000001  2131
11  54.299999999999997  1769
12  47.100000000000001  1906
13  55.100000000000001  1971
14  65.200000000000003  1790
15  61.399999999999999  1685
16  60.799999999999997  1514
17  68.5  1581
18  66.200000000000003  1672
19  59.700000000000003  1840
20  54.700000000000003  1538
0  48.700000000000003  2584
1  38.5  2790
2  45.700000000000003  2188
3  48.100000000000001  2167
4  42.299999999999997  2467
5  59.299999999999997  1807
6  48.200000000000003  2339
7  51.200000000000003  2341
8  50.600000000000001  2069
9  52.899999999999999  1721
10  63.299999999999997  1922
11  62.0  2026
12  49.799999999999997  1891
13  56.700000000000003  1855
14  68.599999999999994  1764
15  56.700000000000003  1774
16  57.600000000000001  1688
17  72.700000000000003  1371
18  63.5  1237
19  74.5  1358
20  61.899999999999999  1649
0  43.600000000000001  2513
1  38.799999999999997  2278
2  41.799999999999997  2472
3  48.100000000000001  2375
4  56.0  2768
5  44.200000000000003  2238
6  53.399999999999999  2586
7  39.700000000000003  2046
8  49.399999999999999  2162
9  53.399999999999999  2119
10  60.100000000000001  2028
11  63.100000000000001  1539
12  54.0  2170
13  65.799999999999997  1642
14  64.599999999999994  1565
15  60.5  1748
16  43.600000000000001  1551
17  67.700000000000003  1925
18  64.5  1465
19  66.599999999999994  1468
20  67.200000000000003  1433
0  41.100000000000001  2626
1  40.600000000000001  2502
2  38.100000000000001  2451
3  54.200000000000003  2455
4  47.299999999999997  2189
5  49.100000000000001  2444
6  48.0  2098
7  49.399999999999999  2632
8  50.399999999999999  2319
9  54.899999999999999  2045
10  51.5  1863
11  56.899999999999999  1775
12  67.200000000000003  2011
13  48.399999999999999  1773
14  58.0  1937
15  62.700000000000003  1625
16  69.200000000000003  1511
17  61.5  1690
18  60.299999999999997  1443
19  55.299999999999997  1545
20  65.5  1584
0  32.799999999999997  2346
1  34.200000000000003  2112
2  37.299999999999997  2422
3  55.399999999999999  2652
4  46.799999999999997  2110
5  56.399999999999999  2398
6  47.899999999999999  2186
7  58.399999999999999  2171
8  61.700000000000003  2157
9  52.700000000000003  2020
10  57.700000000000003  2035
11  60.299999999999997  2074
12  64.099999999999994  2099
13  61.899999999999999  1696
14  60.0  1795
15  59.5  1769
16  63.600000000000001  1481
17  69.200000000000003  1753
18  56.700000000000003  2010
19  69.900000000000006  1639
20  64.599999999999994  1359
0  37.200000000000003  2986
1  28.399999999999999  2664
2  48.5  2384
3  58.799999999999997  2347
4  48.100000000000001  2181
5  55.100000000000001  2352
6  49.700000000000003  2333
7  58.200000000000003  2415
8  49.299999999999997  2128
9  49.799999999999997  1984
10  61.600000000000001  1671
11  57.200000000000003  2136
12  70.5  1624
13  55.5  1852
14  49.399999999999999  1845
15  61.700000000000003  1722
16  58.600000000000001  1977
17  63.700000000000003  1300
18  67.599999999999994  1459
19  63.100000000000001  1704
20  60.200000000000003  1320
0  48.299999999999997  2637
1  53.0  2769
2  48.100000000000001  2369
3  46.600000000000001  2195
4  50.399999999999999  2217
5  50.799999999999997  2278
6  45.200000000000003  2413
7  53.100000000000001  2256
8  46.5  2320
9  54.0  1769
10  55.700000000000003  2187
11  55.799999999999997  2067
12  52.799999999999997  1898
13  59.100000000000001  1667
14  60.399999999999999  1918
15  69.799999999999997  1676
16  48.700000000000003  1628
17  62.600000000000001  1831
18  59.600000000000001  1553
19  70.0  1139
20  71.700000000000003  1189
0  53.600000000000001  2698
1  37.600000000000001  2782
2  47.799999999999997  2565
3  54.0  2642
4  59.100000000000001  2460
5  49.399999999999999  2039
6  51.600000000000001  2124
7  49.100000000000001  1957
8  43.0  1880
9  55.600000000000001  2180
10  60.700000000000003  1682
11  40.399999999999999  1794
12  65.5  1689
13  57.200000000000003  1722
14  69.400000000000006  1439
15  56.399999999999999  1484
16  66.299999999999997  1625
17  67.400000000000006  1488
18  64.099999999999994  1499
19  56.600000000000001  1647
20  62.799999999999997  1515
0  42.100000000000001  2711
1  51.399999999999999  2448
2  57.299999999999997  2206
3  41.299999999999997  2192
4  39.200000000000003  2253
5  54.899999999999999  2336
6  38.299999999999997  2145
7  57.0  1932
8  47.299999999999997  1977
9  57.700000000000003  1889
10  55.600000000000001  2162
11  48.200000000000003  2033
12  49.5  2117
13  56.799999999999997  1918
14  58.700000000000003  1859
15  59.200000000000003  1493
16  62.100000000000001  1881
17  61.799999999999997  1677
18  57.700000000000003  1797
19  63.799999999999997  1530
20  50.100000000000001  1566
0  28.800000000000001  2702
1  36.5  2719
2  47.899999999999999  2333
3  42.899999999999999  2417
4  47.700000000000003  2443
5  53.100000000000001  2293
6  52.299999999999997  2366
7  54.700000000000003  2061
8  50.899999999999999  2217
9  62.0  1985
10  53.700000000000003  1918
11  60.0  2130
12  52.0  1709
13  64.0  1905
14  62.700000000000003  1663
15  52.600000000000001  1584
16  60.600000000000001  1741
17  71.099999999999994  1716
18  64.5  1692
19  65.099999999999994  1570
20  67.5  1498
0  55.799999999999997  2904
1  55.100000000000001  2246
2  47.799999999999997  2489
3  45.299999999999997  2739
4  36.100000000000001  2631
5  53.100000000000001  2146
6  48.5  2093
7  47.700000000000003  2167
8  53.200000000000003  2171
9  53.200000000000003  1609
10  47.5  1978
11  69.299999999999997  1847
12  54.399999999999999  1901
13  59.0  1474
14  65.599999999999994  1928
15  59.299999999999997  1750
16  60.5  1774
17  62.200000000000003  1452
18  71.299999999999997  1296
19  69.0  1510
20  59.899999999999999  1864
0  40.700000000000003  2209
1  42.299999999999997  2269
2  41.799999999999997  2648
3  45.0  2222
4  44.399999999999999  2381
5  52.700000000000003  2176
6  48.5  2316
7  57.0  2346
8  45.899999999999999  2724
9  59.600000000000001  2109
10  52.100000000000001  2015
11  53.0  1885
12  58.0  1864
13  59.100000000000001  2086
14  63.200000000000003  1500
15  57.399999999999999  1791
16  57.299999999999997  1632
17  57.299999999999997  1647
18  58.700000000000003  1603
19  58.299999999999997  1716
20  62.700000000000003  1268
0  41.100000000000001  2489
1  42.100000000000001  2463
2  42.299999999999997  2899
3  35.200000000000003  2692
4  51.5  2580
5  50.600000000000001  2481
6  43.799999999999997  2327
7  50.299999999999997  2044
8  52.799999999999997  1994
9  42.299999999999997  2086
10  60.899999999999999  1989
11  55.200000000000003  1897
12  59.0  2009
13  56.100000000000001  1854
14  63.399999999999999  1583
15  55.5  1740
16  57.5  1837
17  59.100000000000001  1690
18  60.899999999999999  1736
19  54.700000000000003  1349
20  65.400000000000006  1660
0  41.299999999999997  2698
1  49.0  2295
2  45.799999999999997  2453
3  54.299999999999997  2549
4  42.899999999999999  2422
5  54.299999999999997  2191
6  51.100000000000001  2424
7  57.899999999999999  2230
8  46.299999999999997  2240
9  54.899999999999999  1780
10  54.0  1880
11  57.100000000000001  1922
12  56.100000000000001  2034
13  55.0  2022
14  65.700000000000003  1584
15  70.900000000000006  1722
16  57.0  1825
17  52.200000000000003  1799
18  59.700000000000003  1474
19  73.200000000000003  1284
20  58.399999999999999  1563
0  49.600000000000001  2604
1  43.200000000000003  2550
2  45.0  2457
3  47.899999999999999  2243
4  49.600000000000001  2343
5  43.299999999999997  2320
6  55.700000000000003  2202
7  47.100000000000001  2413
8  51.600000000000001  2028
9  55.0  2022
10  48.200000000000003  1895
11  65.299999999999997  1731
12  55.5  1978
13  60.100000000000001  1564
14  68.5  1589
15  64.299999999999997  1844
16  61.899999999999999  1538
17  55.100000000000001  1658
18  62.600000000000001  1874
19  69.0  1311
20  67.099999999999994  1806
0  37.700000000000003  2665
1  40.700000000000003  2308
2  45.899999999999999  2741
3  52.299999999999997  2727
4  46.299999999999997  2465
5  38.5  2282
6  50.700000000000003  1959
7  56.899999999999999  1913
8  58.100000000000001  1890
9  50.0  2101
10  59.799999999999997  2174
11  57.899999999999999  2101
12  64.200000000000003  1940
13  59.399999999999999  1885
14  59.799999999999997  1978
15  64.0  1691
16  63.0  1832
17  59.100000000000001  1592
18  63.399999999999999  1858
19  57.100000000000001  1755
20  61.299999999999997  1729
0  46.299999999999997  2462
1  51.899999999999999  2579
2  47.5  2509
3  47.700000000000003  2433
4  51.399999999999999  2198
5  52.0  2292
6  50.200000000000003  2190
7  58.399999999999999  2240
8  54.399999999999999  2282
9  44.899999999999999  2010
10  51.399999999999999  2218
11  48.799999999999997  2030
12  54.200000000000003  2178
13  52.299999999999997  1971
14  55.899999999999999  1763
15  47.399999999999999  1562
16  57.299999999999997  1646
17  63.899999999999999  1471
18  66.299999999999997  1633
19  70.400000000000006  1312
20  57.899999999999999  1729
0  47.299999999999997  2947
1  29.699999999999999  1843
2  49.299999999999997  2801
3  47.0  2367
4  57.600000000000001  2180
5  52.299999999999997  2311
6  52.299999999999997  2265
7  54.600000000000001  2264
8  60.5  1798
9  55.5  2091
10  58.399999999999999  1894
11  60.899999999999999  2193
12  66.299999999999997  1657
13  55.899999999999999  1311
14  54.600000000000001  1776
15  54.399999999999999  1842
16  62.399999999999999  1640
17  57.200000000000003  2156
18  69.099999999999994  1537
19  59.399999999999999  1644
20  68.099999999999994  1213
0  40.299999999999997  2551
1  48.5  2411
2  48.100000000000001  2208
3  56.700000000000003  2571
4  44.700000000000003  2787
5  48.899999999999999  2474
6  48.799999999999997  2288
7  56.5  1864
8  60.5  1900
9  46.5  2217
10  46.200000000000003  2003
11  58.899999999999999  2166
12  66.799999999999997  1626
13  54.700000000000003  1540
14  54.799999999999997  1704
15  61.200000000000003  1447
16  63.200000000000003  1590
17  61.100000000000001  1651
18  58.700000000000003  1861
19  66.200000000000003  1440
20  52.5  1636
0  45.299999999999997  2819
1  32.600000000000001  2477
2  44.299999999999997  2477
3  49.100000000000001  2389
4  56.299999999999997  2394
5  48.899999999999999  2210
6  46.299999999999997  2091
7  57.0  2344
8  54.600000000000001  2196
9  63.299999999999997  2359
10  64.599999999999994  2021
11  45.5  2163
12  43.899999999999999  1667
13  60.5  1955
14  57.0  2059
15  59.399999999999999  1906
16  61.799999999999997  1583
17  63.0  1742
18  70.299999999999997  1394
19  55.100000000000001  1673
20  53.299999999999997  1817
0  49.600000000000001  2724
1  44.100000000000001  2425
2  43.100000000000001  2453
3  48.799999999999997  2571
4  45.600000000000001  2634
5  41.299999999999997  2487
6  50.100000000000001  2327
7  54.5  1838
8  55.899999999999999  2371
9  47.700000000000003  2145
10  61.5  2160
11  51.299999999999997  2127
12  50.600000000000001  1555
13  62.100000000000001  1807
14  53.200000000000003  1736
15  58.0  1682
16  64.599999999999994  1906
17  65.900000000000006  1164
18  74.599999999999994  1487
19  62.399999999999999  1536
20  57.299999999999997  1385
0  36.600000000000001  2661
1  41.200000000000003  2629
2  40.600000000000001  2420
3  39.899999999999999  2509
4  45.399999999999999  2685
5  45.799999999999997  2207
6  50.700000000000003  2288
7  55.700000000000003  2137
8  52.0  2163
9  52.299999999999997  2136
10  60.799999999999997  2146
11  59.0  1934
12  64.400000000000006  1888
13  55.899999999999999  1742
14  59.200000000000003  1730
15  65.700000000000003  1297
16  56.5  1859
17  66.099999999999994  1679
18  70.099999999999994  1882
19  60.299999999999997  1648
20  64.5  1908
0  35.899999999999999  2345
1  48.899999999999999  2671
2  40.200000000000003  2793
3  45.100000000000001  2627
4  53.600000000000001  2170
5  54.200000000000003  2022
6  52.100000000000001  2339
7  60.399999999999999  2177
8  53.100000000000001  2116
9  68.599999999999994  2256
10  53.399999999999999  2163
11  56.100000000000001  1753
12  50.200000000000003  2204
13  59.100000000000001  1811
14  53.0  1928
15  66.900000000000006  1875
16  62.700000000000003  2025
17  49.399999999999999  1630
18  63.5  1514
19  64.799999999999997  1682
20  64.299999999999997  1539
0  40.899999999999999  2600
1  41.100000000000001  2425
2  41.600000000000001  2119
3  50.399999999999999  2232
4  46.0  1998
5  56.399999999999999  2231
6  48.799999999999997  2003
7  48.899999999999999  2016
8  47.600000000000001  2327
9  55.299999999999997  2111
10  54.899999999999999  2067
11  58.200000000000003  1938
12  56.100000000000001  1878
13  63.100000000000001  1699
14  62.0  1586
15  51.399999999999999  1737
16  61.299999999999997  1914
17  66.799999999999997  1812
18  55.100000000000001  1437
19  72.900000000000006  1521
20  60.899999999999999  1360
0  47.299999999999997  2714
1  40.200000000000003  2434
2  55.399999999999999  2745
3  38.0  2464
4  54.200000000000003  2495
5  51.899999999999999  2184
6  50.299999999999997  2269
7  45.200000000000003  1971
8  65.799999999999997  1924
9  60.5  1986
10  62.799999999999997  2063
11  62.799999999999997  1985
12  36.700000000000003  1801
13  50.0  1811
14  66.599999999999994  1673
15  55.299999999999997  1759
16  59.799999999999997  1698
17  61.799999999999997  1634
18  64.400000000000006  1448
19  60.5  1110
20  60.399999999999999  1276
0  38.700000000000003  2720
1  34.200000000000003  2532
2  43.399999999999999  2470
3  46.0  2494
4  48.5  2534
5  54.0  2240
6  60.899999999999999  2211
7  46.299999999999997  1871
8  55.0  2168
9  53.200000000000003  1951
10  40.899999999999999  1775
11  60.200000000000003  2078
12  64.599999999999994  2010
13  65.400000000000006  1788
14  60.200000000000003  1852
15  58.5  1853
16  63.399999999999999  1828
17  58.799999999999997  1813
18  62.399999999999999  1592
19  58.899999999999999  1457
20  73.700000000000003  1251
0  35.600000000000001  2490
1  41.100000000000001  2387
2  39.299999999999997  2381
3  53.0  2338
4  44.700000000000003  2141
5  47.0  2106
6  45.200000000000003  2118
7  54.5  1835
8  50.899999999999999  1982
9  51.799999999999997  2175
10  60.600000000000001  1992
11  61.600000000000001  1700
12  59.100000000000001  1812
13  56.299999999999997  2013
14  65.900000000000006  1687
15  73.099999999999994  1522
16  67.799999999999997  1611
17  65.599999999999994  1650
18  66.799999999999997  1585
19  55.600000000000001  1597
20  67.799999999999997  1383
0  42.200000000000003  2594
1  45.799999999999997  2249
2  53.399999999999999  2417
3  41.899999999999999  2162
4  41.100000000000001  2497
5  49.700000000000003  2753
6  58.600000000000001  2021
7  47.399999999999999  2236
8  60.799999999999997  2007
9  55.899999999999999  1899
10  46.799999999999997  2288
11  45.100000000000001  1847
12  60.799999999999997  1828
13  52.100000000000001  2125
14  61.299999999999997  1882
15  68.400000000000006  1654
16  73.099999999999994  1582
17  57.0  1636
18  66.299999999999997  1341
19  64.799999999999997  1467
20  66.599999999999994  1507
0  42.700000000000003  2408
1  40.899999999999999  2979
2  46.200000000000003  2792
3  44.600000000000001  2441
4  39.0  2074
5  47.200000000000003  2416
6  57.5  2306
7  58.399999999999999  2027
8  46.600000000000001  2073
9  51.700000000000003  2288
10  47.0  2034
11  52.100000000000001  1766
12  43.100000000000001  2131
13  54.899999999999999  1701
14  66.400000000000006  1658
15  56.600000000000001  1768
16  60.799999999999997  1692
17  66.599999999999994  1409
18  65.700000000000003  1679
19  50.299999999999997  1557
20  60.299999999999997  1541
0  47.399999999999999  2721
1  44.600000000000001  2664
2  49.100000000000001  2483
3  40.700000000000003  2608
4  50.700000000000003  2222
5  55.299999999999997  2382
6  56.700000000000003  2261
7  56.200000000000003  2007
8  52.600000000000001  2101
9  58.299999999999997  2117
10  47.799999999999997  2501
11  40.700000000000003  1999
12  62.899999999999999  1867
13  63.600000000000001  1344
14  66.0  1854
15  55.399999999999999  1563
16  71.900000000000006  1683
17  60.700000000000003  1534
18  57.700000000000003  1804
19  66.099999999999994  1252
20  62.799999999999997  1561
0  28.199999999999999  2438
1  40.200000000000003  2328
2  53.5  2623
3  42.200000000000003  2718
4  52.5  1888
5  48.799999999999997  2407
6  53.799999999999997  2118
7  46.399999999999999  1983
8  54.799999999999997  2142
9  48.200000000000003  2336
10  61.299999999999997  1861
11  54.0  1985
12  53.799999999999997  2000
13  58.799999999999997  1629
14  58.899999999999999  1844
15  63.899999999999999  2024
16  61.100000000000001  1827
17  54.299999999999997  1646
18  70.099999999999994  1552
19  61.5  1815
20  68.700000000000003  1236
0  34.200000000000003  2749
1  40.799999999999997  2384
2  35.0  2623
3  39.600000000000001  2046
4  40.0  2397
5  51.5  2449
6  60.799999999999997  2554
7  43.799999999999997  1671
8  50.700000000000003  1982
9  56.799999999999997  2249
10  63.700000000000003  1553
11  62.600000000000001  1854
12  46.899999999999999  1713
13  58.200000000000003  1897
14  57.799999999999997  1613
15  55.700000000000003  1704
16  60.0  1749
17  58.399999999999999  1310
18  64.5  1404
19  53.600000000000001  1588
20  63.399999999999999  1647
0  39.600000000000001  3012
1  43.0  2558
2  52.399999999999999  2707
3  53.200000000000003  2664
4  53.700000000000003  2285
5  36.100000000000001  2155
6  53.200000000000003  2548
7  61.0  2219
8  54.899999999999999  2055
9  51.299999999999997  1751
10  52.700000000000003  1828
11  63.700000000000003  1735
12  56.799999999999997  1690
13  60.299999999999997  1883
14  53.299999999999997  2033
15  62.399999999999999  1601
16  60.200000000000003  1894
17  68.900000000000006  1365
18  56.100000000000001  1433
19  65.799999999999997  1211
20  63.700000000000003  1644
0  45.0  2896
1  55.299999999999997  2579
2  44.899999999999999  2418
3  46.600000000000001  2423
4  45.100000000000001  1998
5  47.899999999999999  2328
6  64.299999999999997  2306
7  58.5  2193
8  54.399999999999999  1899
9  55.700000000000003  2502
10  59.399999999999999  2008
11  48.200000000000003  1999
12  54.600000000000001  1767
13  54.399999999999999  1591
14  68.900000000000006  1740
15  51.799999999999997  2175
16  58.299999999999997  2068
17  64.400000000000006  1678
18  61.5  1995
19  46.799999999999997  1442
20  71.400000000000006  1599
0  43.0  2118
1  43.5  2483
2  51.0  2487
3  42.700000000000003  2273
4  45.600000000000001  2636
5  42.399999999999999  2011
6  41.399999999999999  2158
7  43.799999999999997  2326
8  54.600000000000001  2226
9  46.299999999999997  2093
10  47.0  2188
11  57.100000000000001  2018
12  47.299999999999997  2148
13  48.700000000000003  1616
14  48.700000000000003  1733
15  63.799999999999997  1539
16  61.299999999999997  1500
17  61.5  1531
18  64.400000000000006  1991
19  65.5  1583
20  67.400000000000006  1846
0  32.600000000000001  2601
1  38.399999999999999  2670
2  46.600000000000001  2461
3  51.899999999999999  2635
4  53.399999999999999  2272
5  53.899999999999999  2304
6  47.0  2216
7  53.899999999999999  2161
8  45.299999999999997  2014
9  62.600000000000001  1767
10  57.100000000000001  1767
11  55.600000000000001  1922
12  59.799999999999997  1873
13  68.799999999999997  1395
14  62.100000000000001  1597
15  49.299999999999997  1607
16  60.299999999999997  1475
17  56.799999999999997  1701
18  65.700000000000003  1484
19  65.400000000000006  1697
20  71.700000000000003  1329
0  43.200000000000003  2676
1  41.0  2496
2  47.399999999999999  2781
3  47.799999999999997  2424
4  46.399999999999999  2446
5  46.5  1894
6  50.899999999999999  2181
7  54.700000000000003  2041
8  53.200000000000003  2307
9  51.0  1949
10  44.600000000000001  1804
11  56.600000000000001  2079
12  59.5  1749
13  59.200000000000003  2021
14  76.900000000000006  1726
15  57.700000000000003  1648
16  72.400000000000006  1460
17  66.900000000000006  1583
18  66.200000000000003  1371
19  59.200000000000003  1794
20  60.5  1502
0  43.899999999999999  2679
1  51.299999999999997  2508
2  48.100000000000001  2789
3  51.299999999999997  2545
4  46.600000000000001  2654
5  48.899999999999999  2337
6  55.700000000000003  2432
7  61.799999999999997  2220
8  52.600000000000001  1928
9  56.899999999999999  1912
10  54.299999999999997  2067
11  60.200000000000003  2000
12  59.799999999999997  1635
13  73.0  1714
14  52.899999999999999  1967
15  71.299999999999997  1327
16  51.299999999999997  1548
17  61.700000000000003  1809
18  66.700000000000003  1663
19  69.299999999999997  1639
20  61.299999999999997  1568
0  41.299999999999997  2810
1  47.299999999999997  2702
2  53.100000000000001  2502
3  45.899999999999999  2289
4  53.600000000000001  2228
5  52.399999999999999  2497
6  50.100000000000001  2299
7  51.600000000000001  2272
8  55.899999999999999  2218
9  55.399999999999999  2341
10  61.399999999999999  1906
11  54.700000000000003  1694
12  67.299999999999997  1726
13  55.799999999999997  1830
14  51.899999999999999  1824
15  61.0  1548
16  61.299999999999997  1560
17  65.0  1738
18  65.5  1356
19  67.700000000000003  1633
20  68.099999999999994  1305
0  31.0  2508
1  46.899999999999999  2386
2  46.5  2371
3  45.200000000000003  2656
4  53.899999999999999  2637
5  48.299999999999997  2170
6  53.700000000000003  2027
7  51.0  2037
8  41.200000000000003  1780
9  62.799999999999997  2053
10  52.799999999999997  1920
11  60.700000000000003  1813
12  57.399999999999999  1960
13  51.399999999999999  1626
14  66.599999999999994  2020
15  58.5  1818
16  64.599999999999994  1677
17  68.700000000000003  1472
18  65.5  1645
19  61.299999999999997  1658
20  63.100000000000001  1618
0  51.200000000000003  2752
1  44.799999999999997  2537
2  37.100000000000001  2544
3  50.799999999999997  2211
4  53.200000000000003  2469
5  49.600000000000001  2396
6  49.299999999999997  2061
7  61.5  2326
8  52.899999999999999  1974
9  44.5  1862
10  52.299999999999997  2340
11  55.200000000000003  2123
12  58.100000000000001  1612
13  53.899999999999999  1914
14  58.399999999999999  1912
15  62.899999999999999  1288
16  53.299999999999997  1469
17  47.299999999999997  1458
18  64.799999999999997  1603
19  63.5  1403
20  60.0  1240
0  38.200000000000003  2388
1  51.899999999999999  2757
2  48.399999999999999  2744
3  42.399999999999999  2157
4  52.200000000000003  2489
5  46.0  2109
6  52.5  1969
7  70.599999999999994  1760
8  44.100000000000001  2396
9  62.600000000000001  1789
10  53.600000000000001  2131
11  48.0  1861
12  62.600000000000001  1844
13  46.200000000000003  1838
14  51.700000000000003  1875
15  59.600000000000001  1476
16  61.399999999999999  1621
17  62.200000000000003  1715
18  56.5  1939
19  56.799999999999997  2133
20  60.5  1740
0  50.600000000000001  2508
1  43.200000000000003  2449
2  53.399999999999999  2553
3  48.399999999999999  2288
4  49.100000000000001  2165
5  51.600000000000001  2277
6  53.100000000000001  2239
7  51.299999999999997  2280
8  61.399999999999999  1916
9  63.600000000000001  2044
10  52.600000000000001  1979
11  63.700000000000003  1747
12  55.100000000000001  1950
13  58.600000000000001  1546
14  49.399999999999999  1585
15  68.0  1645
16  67.900000000000006  1677
17  56.399999999999999  1538
18  56.399999999999999  1582
19  57.5  1474
20  51.600000000000001  1674
0  42.100000000000001  2527
1  39.899999999999999  2435
2  43.100000000000001  2811
3  58.700000000000003  2495
4  57.700000000000003  2379
5  52.100000000000001  1909
6  55.700000000000003  1981
7  54.0  2043
8  47.299999999999997  2075
9  53.700000000000003  2015
10  52.899999999999999  1917
11  46.700000000000003  2037
12  58.5  2015
13  59.200000000000003  1840
14  55.100000000000001  1781
15  56.899999999999999  1771
16  55.0  1735
17  62.200000000000003  1607
18  64.5  1818
19  61.5  1526
20  69.0  1360
0  41.0  2813
1  50.799999999999997  2402
2  58.799999999999997  2704
3  56.799999999999997  2233
4  53.100000000000001  2465
5  44.5  2144
6  46.100000000000001  2300
7  45.299999999999997  2616
8  60.299999999999997  1967
9  53.100000000000001  2237
10  58.5  1837
11  61.100000000000001  2143
12  59.700000000000003  1780
13  61.100000000000001  1772
14  62.100000000000001  1741
15  66.099999999999994  1967
16  63.899999999999999  1638
17  62.700000000000003  1237
18  61.899999999999999  1556
19  61.799999999999997  1606
20  61.200000000000003  1609
0  45.0  2660
1  53.200000000000003  2529
2  42.399999999999999  2421
3  44.299999999999997  2390
4  54.899999999999999  2356
5  54.399999999999999  2306
6  54.899999999999999  2683
7  49.200000000000003  2167
8  54.700000000000003  1990
9  53.0  1992
10  48.299999999999997  1893
11  48.299999999999997  1804
12  54.600000000000001  1942
13  65.200000000000003  1561
14  45.5  2042
15  65.900000000000006  1794
16  58.899999999999999  2007
17  65.900000000000006  1632
18  65.700000000000003  1515
19  73.799999999999997  1311
20  64.299999999999997  1400
0  48.100000000000001  2749
1  49.399999999999999  2367
2  40.399999999999999  2460
3  45.799999999999997  2308
4  42.799999999999997  2106
5  49.600000000000001  2035
6  56.200000000000003  2412
7  45.700000000000003  2316
8  49.299999999999997  1476
9  57.399999999999999  2243
10  54.0  2092
11  46.600000000000001  2292
12  66.0  1736
13  52.899999999999999  1662
14  59.799999999999997  1742
15  61.700000000000003  1752
16  60.5  1652
17  59.0  1945
18  73.0  1639
19  65.400000000000006  1701
20  56.799999999999997  1666
0  41.299999999999997  2507
1  41.299999999999997  2831
2  50.600000000000001  2488
3  53.399999999999999  2400
4  45.700000000000003  2351
5  49.200000000000003  1974
6  42.399999999999999  1846
7  59.399999999999999  1840
8  39.299999999999997  2078
9  45.600000000000001  2302
10  50.700000000000003  1963
11  60.299999999999997  1969
12  56.200000000000003  1902
13  53.5  1964
14  53.399999999999999  1703
15  55.200000000000003  1553
16  59.700000000000003  1905
17  61.299999999999997  1595
18  61.5  1741
19  58.899999999999999  1681
20  58.200000000000003  1660
0  47.799999999999997  2701
1  48.600000000000001  2557
2  51.299999999999997  2601
3  41.200000000000003  2429
4  53.399999999999999  2277
5  47.200000000000003  2185
6  54.799999999999997  2286
7  53.0  1860
8  59.600000000000001  1851
9  56.399999999999999  1926
10  62.700000000000003  2108
11  59.299999999999997  1859
12  55.600000000000001  1946
13  61.0  2045
14  60.0  1902
15  64.400000000000006  1707
16  67.0  1638
17  64.900000000000006  1560
18  61.100000000000001  1590
19  62.799999999999997  1771
20  60.5  1636
0  38.799999999999997  2500
1  41.200000000000003  2581
2  46.200000000000003  2354
3  48.799999999999997  2565
4  40.299999999999997  2156
5  45.700000000000003  1995
6  47.600000000000001  2128
7  45.399999999999999  1856
8  52.799999999999997  1966
9  57.100000000000001  2174
10  52.0  1992
11  58.5  1937
12  59.600000000000001  2061
13  58.799999999999997  1661
14  59.899999999999999  1855
15  52.600000000000001  1512
16  55.899999999999999  1664
17  65.5  1470
18  64.5  1729
19  60.399999999999999  1505
20  69.700000000000003  1445
0  37.5  2692
1  45.700000000000003  2432
2  39.899999999999999  2584
3  86.299999999999997  1627
4  49.899999999999999  2687
5  55.799999999999997  1959
6  51.100000000000001  2515
7  56.5  2248
8  57.899999999999999  1696
9  53.600000000000001  1826
10  64.900000000000006  1733
11  51.899999999999999  2212
12  52.700000000000003  1611
13  54.0  1766
14  45.799999999999997  2257
15  52.299999999999997  2034
16  51.799999999999997  1417
17  61.600000000000001  1756
18  59.299999999999997  1744
19  66.200000000000003  1385
20  67.599999999999994  1469
0  24.5  2604
1  43.899999999999999  2521
2  50.700000000000003  2110
3  49.200000000000003  2526
4  48.299999999999997  2015
5  54.799999999999997  2362
6  54.5  2264
7  57.200000000000003  1849
8  56.600000000000001  1892
9  59.600000000000001  2019
10  60.200000000000003  1766
11  44.399999999999999  2062
12  56.100000000000001  2003
13  60.299999999999997  1802
14  56.5  1789
15  62.200000000000003  1845
16  64.400000000000006  1517
17  57.799999999999997  1544
18  63.100000000000001  1764
19  65.200000000000003  1199
20  54.399999999999999  1652
0  42.399999999999999  2572
1  39.600000000000001  2779
2  45.700000000000003  2109
3  44.100000000000001  2381
4  55.5  2221
5  50.600000000000001  2227
6  49.100000000000001  2323
7  49.299999999999997  2233
8  54.899999999999999  2199
9  59.799999999999997  1656
10  54.299999999999997  1920
11  70.5  1965
12  62.399999999999999  1510
13  56.899999999999999  1714
14  60.100000000000001  1719
15  62.700000000000003  1714
16  62.799999999999997  1979
17  62.0  1547
18  66.5  1709
19  69.0  1489
20  68.599999999999994  1649
0  42.600000000000001  2652
1  47.899999999999999  2447
2  57.299999999999997  2348
3  47.5  2878
4  48.399999999999999  2433
5  43.100000000000001  2314
6  53.799999999999997  2171
7  59.299999999999997  1957
8  54.700000000000003  2024
9  56.799999999999997  2004
10  55.799999999999997  1911
11  57.399999999999999  1963
12  60.0  1708
13  51.5  1810
14  55.0  1699
15  64.599999999999994  1652
16  64.200000000000003  1611
17  61.799999999999997  1762
18  61.700000000000003  1810
19  55.100000000000001  1820
20  71.099999999999994  1645
0  41.0  2774
1  52.399999999999999  2656
2  51.600000000000001  2297
3  46.899999999999999  2089
4  55.0  2327
5  43.899999999999999  2340
6  43.0  2528
7  55.5  2169
8  53.100000000000001  1923
9  57.399999999999999  1868
10  57.5  2008
11  48.200000000000003  2009
12  54.100000000000001  1721
13  57.899999999999999  1797
14  61.0  1707
15  62.899999999999999  1695
16  50.299999999999997  1871
17  62.299999999999997  1677
18  68.5  1771
19  58.399999999999999  1637
20  62.799999999999997  1831
0  36.100000000000001  3061
1  53.399999999999999  2531
2  41.799999999999997  2544
3  44.700000000000003  2325
4  55.600000000000001  1883
5  46.899999999999999  2538
6  49.200000000000003  2563
7  46.100000000000001  2266
8  51.100000000000001  2181
9  49.600000000000001  1899
10  53.700000000000003  2205
11  59.5  1987
12  58.600000000000001  1777
13  59.399999999999999  1694
14  59.399999999999999  1820
15  53.600000000000001  1873
16  62.5  1707
17  71.799999999999997  1315
18  62.100000000000001  1693
19  66.900000000000006  1701
20  71.599999999999994  1671
0  51.899999999999999  2507
1  46.600000000000001  2837
2  37.399999999999999  2696
3  46.100000000000001  2461
4  37.700000000000003  2055
5  48.100000000000001  2406
6  55.799999999999997  2010
7  57.600000000000001  2194
8  53.600000000000001  1835
9  59.600000000000001  2075
10  62.200000000000003  2098
11  59.700000000000003  1750
12  59.5  1545
13  56.799999999999997  2209
14  64.200000000000003  1489
15  61.299999999999997  1420
16  67.900000000000006  1908
17  73.5  1432
18  57.399999999999999  1903
19  57.899999999999999  1564
20  65.900000000000006  1763
0  46.0  2461
1  52.700000000000003  2479
2  39.600000000000001  2454
3  49.700000000000003  2329
4  58.799999999999997  2176
5  46.399999999999999  1895
6  49.600000000000001  2277
7  49.5  2063
8  53.899999999999999  2436
9  47.5  2320
10  50.899999999999999  1852
11  61.0  1844
12  76.200000000000003  1720
13  59.0  1956
14  54.5  1966
15  56.799999999999997  1727
16  57.799999999999997  1726
17  48.600000000000001  1936
18  60.399999999999999  1680
19  44.0  1926
20  63.799999999999997  1424
0  48.299999999999997  2696
1  45.899999999999999  2593
2  52.5  2336
3  42.5  2206
4  43.700000000000003  2730
5  48.399999999999999  2153
6  55.5  2125
7  49.899999999999999  1764
8  40.799999999999997  1985
9  51.5  1853
10  59.200000000000003  1737
11  50.700000000000003  2034
12  52.700000000000003  1874
13  47.0  1649
14  58.100000000000001  1562
15  56.5  1610
16  62.5  1411
17  60.100000000000001  1583
18  58.700000000000003  1695
19  59.299999999999997  2052
20  63.700000000000003  1646
0  42.799999999999997  2748
1  47.0  2751
2  39.899999999999999  2406
3  44.600000000000001  1995
4  48.600000000000001  2221
5  47.799999999999997  1979
6  57.600000000000001  2246
7  50.299999999999997  2209
8  57.399999999999999  1989
9  64.0  2081
10  52.0  2218
11  55.700000000000003  1813
12  50.100000000000001  2000
13  59.100000000000001  2050
14  52.200000000000003  1706
15  64.0  1680
16  71.599999999999994  1421
17  61.799999999999997  1896
18  53.299999999999997  1734
19  58.299999999999997  1585
20  71.799999999999997  1134
0  42.0  2605
1  37.399999999999999  2671
2  42.299999999999997  2649
3  44.100000000000001  2358
4  48.0  2315
5  51.200000000000003  2352
6  54.399999999999999  2230
7  56.299999999999997  2075
8  49.100000000000001  2197
9  49.100000000000001  2247
10  49.600000000000001  2070
11  64.900000000000006  1679
12  49.899999999999999  1822
13  58.200000000000003  1994
14  60.399999999999999  2170
15  66.5  1803
16  50.799999999999997  1845
17  55.399999999999999  1797
18  55.0  1624
19  59.100000000000001  1771
20  60.600000000000001  1250
0  43.899999999999999  2604
1  39.299999999999997  2408
2  48.100000000000001  2311
3  45.5  2243
4  54.299999999999997  2425
5  50.600000000000001  2370
6  53.299999999999997  2191
7  44.5  1920
8  49.899999999999999  1982
9  57.200000000000003  2033
10  50.600000000000001  1955
11  62.799999999999997  1972
12  63.0  1693
13  58.700000000000003  1986
14  56.700000000000003  1960
15  55.399999999999999  1515
16  56.700000000000003  1950
17  60.799999999999997  1764
18  57.100000000000001  1977
19  67.799999999999997  1407
20  67.099999999999994  1469
0  34.100000000000001  2930
1  40.0  2547
2  45.5  2386
3  37.399999999999999  2419
4  51.799999999999997  2153
5  43.600000000000001  1649
6  62.399999999999999  2181
7  48.600000000000001  1967
8  53.0  2177
9  54.5  2191
10  68.700000000000003  1919
11  63.200000000000003  1898
12  56.399999999999999  1984
13  68.799999999999997  1620
14  65.299999999999997  1437
15  53.799999999999997  1884
16  67.900000000000006  1469
17  55.100000000000001  1850
18  61.700000000000003  1684
19  52.100000000000001  1768
20  60.0  1594
0  36.200000000000003  2819
1  48.799999999999997  2851
2  48.899999999999999  2338
3  46.299999999999997  2173
4  53.200000000000003  2462
5  51.700000000000003  2367
6  58.700000000000003  2058
7  51.799999999999997  2301
8  55.200000000000003  2335
9  43.399999999999999  2177
10  57.299999999999997  1846
11  63.299999999999997  2204
12  58.700000000000003  1931
13  47.799999999999997  2127
14  63.399999999999999  1608
15  62.799999999999997  1647
16  60.100000000000001  1536
17  60.399999999999999  1499
18  60.299999999999997  1797
19  62.799999999999997  1641
20  75.900000000000006  1207
0  45.5  2468
1  37.700000000000003  2618
2  47.899999999999999  2432
3  52.299999999999997  2473
4  47.100000000000001  2291
5  42.700000000000003  2336
6  45.899999999999999  2187
7  57.799999999999997  2311
8  54.0  2108
9  49.299999999999997  1853
10  60.700000000000003  2177
11  50.799999999999997  2007
12  63.100000000000001  1785
13  61.0  1629
14  53.5  1755
15  57.799999999999997  1516
16  64.099999999999994  1747
17  63.0  1530
18  65.299999999999997  1441
19  71.099999999999994  1221
20  69.5  1529
0  49.399999999999999  2690
1  46.600000000000001  2589
2  35.0  2491
3  38.200000000000003  2136
4  56.0  2807
5  48.799999999999997  2209
6  50.600000000000001  2406
7  56.399999999999999  2055
8  44.200000000000003  2408
9  61.100000000000001  2046
10  51.399999999999999  1758
11  45.899999999999999  2020
12  50.200000000000003  1855
13  62.799999999999997  1728
14  55.100000000000001  1816
15  60.5  1952
16  52.600000000000001  1620
17  58.0  1587
18  67.5  1600
19  61.100000000000001  1526
20  55.0  1639
0  37.899999999999999  2579
1  44.200000000000003  2565
2  39.600000000000001  2664
3  52.200000000000003  2184
4  51.600000000000001  2198
5  56.399999999999999  2291
6  44.600000000000001  1866
7  57.600000000000001  2313
8  47.700000000000003  1980
9  56.200000000000003  2083
10  62.399999999999999  1869
11  60.100000000000001  2101
12  58.899999999999999  2152
13  49.5  1754
14  45.200000000000003  2065
15  66.299999999999997  1562
16  59.899999999999999  1832
17  64.700000000000003  1907
18  64.799999999999997  1481
19  70.599999999999994  1208
20  66.799999999999997  1414
0  43.799999999999997  2557
1  45.0  2772
2  46.799999999999997  2494
3  52.700000000000003  2698
4  45.799999999999997  2769
5  49.399999999999999  2482
6  49.299999999999997  1964
7  59.200000000000003  2151
8  57.5  2066
9  56.100000000000001  1875
10  45.0  1928
11  54.5  1939
12  45.399999999999999  1919
13  63.200000000000003  2077
14  59.5  1753
15  60.399999999999999  1460
16  59.600000000000001  1667
17  60.899999999999999  1635
18  57.899999999999999  1692
19  62.700000000000003  1638
20  62.200000000000003  1773
0  41.700000000000003  2735
1  46.200000000000003  2592
2  45.5  2765
3  44.899999999999999  2386
4  51.799999999999997  2587
5  57.700000000000003  2311
6  57.299999999999997  2376
7  41.899999999999999  2001
8  48.600000000000001  2052
9  49.700000000000003  2003
10  55.200000000000003  2117
11  69.599999999999994  1632
12  47.100000000000001  2067
13  66.299999999999997  1757
14  69.900000000000006  2011
15  55.299999999999997  1529
16  59.399999999999999  1613
17  58.5  1683
18  65.200000000000003  1601
19  48.299999999999997  2092
20  75.799999999999997  1316
0  44.200000000000003  2654
1  52.399999999999999  2386
2  45.100000000000001  2663
3  42.399999999999999  2258
4  58.0  2400
5  55.299999999999997  2195
6  54.100000000000001  2164
7  44.799999999999997  2413
8  53.299999999999997  2090
9  50.200000000000003  2292
10  56.100000000000001  1946
11  53.100000000000001  2037
12  52.5  1797
13  68.5  1432
14  60.100000000000001  1891
15  59.200000000000003  1584
16  56.200000000000003  1746
17  64.799999999999997  1672
18  58.700000000000003  1532
19  61.0  1630
20  66.799999999999997  1319
0  44.799999999999997  2488
1  43.100000000000001  2726
2  46.200000000000003  2658
3  51.100000000000001  2302
4  50.899999999999999  2237
5  48.799999999999997  2259
6  46.399999999999999  2332
7  57.0  2228
8  55.100000000000001  2185
9  53.799999999999997  1912
10  55.799999999999997  2057
11  65.599999999999994  1466
12  63.700000000000003  1860
13  52.100000000000001  1542
14  54.299999999999997  1677
15  65.5  1392
16  56.299999999999997  1606
17  66.299999999999997  1550
18  71.799999999999997  1506
19  65.599999999999994  1383
20  64.5  1574
