1  39.700000000000003  3038
2  33.0  3047
3  23.5  2431
4  19.5  1959
5  18.399999999999999  2051
1  34.399999999999999  2739
2  43.0  2926
3  29.100000000000001  2074
4  21.600000000000001  2232
5  22.800000000000001  1928
1  33.600000000000001  2910
2  27.399999999999999  2667
3  25.100000000000001  2354
4  24.0  2145
5  22.5  1856
1  35.299999999999997  2973
2  35.0  2944
3  34.200000000000003  2300
4  29.100000000000001  2430
5  22.600000000000001  1816
1  46.399999999999999  2905
2  30.5  2824
3  26.0  2299
4  26.0  2200
5  23.699999999999999  1606
1  36.100000000000001  2455
2  23.399999999999999  2342
3  26.699999999999999  2333
4  20.399999999999999  2110
5  21.199999999999999  1936
1  31.0  2954
2  26.199999999999999  2523
3  26.300000000000001  2287
4  29.600000000000001  2281
5  16.399999999999999  2266
1  28.600000000000001  2905
2  30.399999999999999  2667
3  30.199999999999999  2171
4  21.899999999999999  2355
5  16.5  2012
1  36.200000000000003  3090
2  33.299999999999997  2492
3  23.800000000000001  1884
4  21.100000000000001  2088
5  13.1  1717
1  33.100000000000001  2829
2  34.600000000000001  2994
3  28.699999999999999  2543
4  24.100000000000001  2336
5  17.600000000000001  1786
1  41.899999999999999  2737
2  41.100000000000001  2699
3  31.399999999999999  2697
4  24.699999999999999  2081
5  16.600000000000001  1791
1  37.799999999999997  2831
2  23.5  2957
3  28.399999999999999  2732
4  21.800000000000001  2247
5  22.199999999999999  2199
1  31.300000000000001  2837
2  33.100000000000001  2657
3  22.0  2274
4  20.399999999999999  2207
5  7.5999999999999996  1688
1  28.100000000000001  3107
2  31.899999999999999  2508
3  34.899999999999999  1880
4  25.0  2255
5  22.699999999999999  1932
1  41.700000000000003  3075
2  25.899999999999999  2545
3  32.0  2063
4  27.699999999999999  2427
5  18.5  2009
1  33.0  2868
2  33.100000000000001  2403
3  19.100000000000001  2175
4  17.399999999999999  1940
5  23.0  2195
1  41.600000000000001  2734
2  39.299999999999997  2743
3  33.899999999999999  2560
4  31.300000000000001  2208
5  19.399999999999999  1775
1  38.200000000000003  2572
2  42.799999999999997  2458
3  20.699999999999999  2088
4  23.600000000000001  2189
5  19.899999999999999  2127
1  42.299999999999997  2964
2  36.299999999999997  2594
3  28.399999999999999  2309
4  30.100000000000001  1946
5  20.5  2180
1  50.299999999999997  2830
2  33.700000000000003  2484
3  22.600000000000001  2110
4  21.699999999999999  1993
5  20.100000000000001  1978
1  41.899999999999999  2908
2  39.299999999999997  2898
3  31.399999999999999  2246
4  25.300000000000001  1995
5  24.399999999999999  2034
1  35.200000000000003  3090
2  36.399999999999999  2739
3  22.5  2588
4  20.100000000000001  2407
5  20.199999999999999  1935
1  33.200000000000003  2845
2  38.5  2518
3  23.399999999999999  2314
4  25.399999999999999  1946
5  24.300000000000001  1796
1  43.700000000000003  2757
2  33.700000000000003  2409
3  30.5  2412
4  18.699999999999999  1751
5  16.399999999999999  2138
1  39.899999999999999  2940
2  37.299999999999997  2647
3  30.800000000000001  2842
4  20.5  1832
5  14.800000000000001  1882
1  38.899999999999999  2720
2  37.899999999999999  3293
3  26.0  2486
4  20.199999999999999  2320
5  21.0  1945
1  31.800000000000001  3013
2  34.299999999999997  2708
3  29.699999999999999  2285
4  27.300000000000001  2424
5  24.399999999999999  1977
1  32.700000000000003  2708
2  31.199999999999999  2752
3  15.4  2283
4  12.9  2023
5  16.199999999999999  1729
1  34.799999999999997  2693
2  30.5  2779
3  19.100000000000001  2600
4  21.199999999999999  1811
5  20.399999999999999  2174
1  39.100000000000001  2405
2  35.200000000000003  2499
3  21.600000000000001  2284
4  24.899999999999999  2531
5  30.300000000000001  1973
1  38.399999999999999  2796
2  36.200000000000003  2729
3  25.600000000000001  2293
4  17.399999999999999  1981
5  23.800000000000001  1971
1  37.700000000000003  2849
2  39.299999999999997  2535
3  45.399999999999999  2282
4  37.5  2494
5  17.800000000000001  1901
1  37.399999999999999  3109
2  41.0  2876
3  27.0  2618
4  23.199999999999999  2048
5  17.699999999999999  1930
1  38.100000000000001  2919
2  41.0  2757
3  27.899999999999999  2385
4  23.100000000000001  2249
5  21.199999999999999  2192
1  29.699999999999999  3022
2  33.100000000000001  2764
3  26.199999999999999  2444
4  28.800000000000001  2143
5  15.699999999999999  1731
1  37.399999999999999  3007
2  29.199999999999999  2505
3  28.899999999999999  2096
4  22.899999999999999  2467
5  18.5  2217
1  47.799999999999997  3037
2  35.0  2415
3  26.899999999999999  2467
4  27.0  1989
5  22.100000000000001  2232
1  28.600000000000001  2315
2  36.5  2590
3  16.600000000000001  2279
4  22.5  2237
5  30.800000000000001  2429
1  35.600000000000001  2477
2  33.100000000000001  2855
3  23.100000000000001  2382
4  18.100000000000001  2158
5  24.899999999999999  1984
1  36.399999999999999  2661
2  34.600000000000001  2633
3  25.199999999999999  2460
4  18.0  1998
5  22.199999999999999  2314
1  32.100000000000001  2980
2  32.600000000000001  2785
3  25.800000000000001  2820
4  16.5  2384
5  18.199999999999999  1636
1  34.399999999999999  2637
2  39.600000000000001  2857
3  25.0  2506
4  19.0  2408
5  14.0  2008
1  44.200000000000003  2931
2  44.799999999999997  2765
3  31.600000000000001  2160
4  25.100000000000001  2324
5  18.699999999999999  1631
1  42.899999999999999  2912
2  29.399999999999999  2766
3  23.600000000000001  2194
4  22.800000000000001  2502
5  18.5  1971
1  35.299999999999997  2835
2  28.399999999999999  2866
3  23.5  2670
4  18.0  2055
5  23.100000000000001  1925
1  45.600000000000001  3026
2  27.0  2880
3  34.700000000000003  2441
4  30.399999999999999  2468
5  22.100000000000001  1973
1  41.799999999999997  2745
2  41.700000000000003  2571
3  21.699999999999999  2349
4  24.5  2320
5  24.399999999999999  1859
1  39.899999999999999  2946
2  41.399999999999999  2836
3  21.100000000000001  2227
4  30.5  2350
5  27.600000000000001  1709
1  35.100000000000001  3418
2  36.5  2793
3  28.199999999999999  2178
4  31.899999999999999  2442
5  27.100000000000001  2254
1  31.399999999999999  2853
2  31.5  2707
3  27.0  2021
4  14.699999999999999  2051
5  18.5  1909
1  40.200000000000003  3111
2  31.600000000000001  2746
3  26.100000000000001  2507
4  26.5  2292
5  23.600000000000001  1660
1  34.299999999999997  2863
2  35.799999999999997  2513
3  33.200000000000003  2471
4  26.199999999999999  2514
5  24.399999999999999  2087
1  44.200000000000003  2749
2  36.5  2455
3  25.0  2588
4  18.600000000000001  2381
5  19.300000000000001  1901
1  31.199999999999999  2281
2  35.200000000000003  2788
3  26.0  2372
4  28.699999999999999  2680
5  19.199999999999999  1902
1  29.399999999999999  2662
2  29.5  2645
3  39.5  2337
4  26.300000000000001  2178
5  17.100000000000001  2442
1  34.0  2964
2  31.600000000000001  2632
3  17.300000000000001  2250
4  23.100000000000001  1943
5  14.9  2049
1  36.5  2851
2  29.199999999999999  2848
3  25.399999999999999  2402
4  32.700000000000003  2279
5  17.600000000000001  1755
1  42.100000000000001  2535
2  32.5  2522
3  28.899999999999999  2410
4  19.600000000000001  1714
5  21.5  1933
1  35.100000000000001  2826
2  24.300000000000001  2787
3  38.5  2404
4  34.899999999999999  2370
5  14.6  1842
1  37.799999999999997  2648
2  35.200000000000003  2503
3  23.899999999999999  2320
4  22.699999999999999  2433
5  15.1  1951
1  33.700000000000003  3009
2  37.200000000000003  2607
3  27.699999999999999  2385
4  21.899999999999999  2082
5  30.600000000000001  2531
1  42.899999999999999  2961
2  39.399999999999999  2673
3  29.800000000000001  2606
4  21.0  2131
5  24.600000000000001  1850
1  41.899999999999999  2795
2  44.299999999999997  2954
3  16.399999999999999  1983
4  28.600000000000001  2318
5  23.399999999999999  1917
1  46.399999999999999  2910
2  37.100000000000001  2898
3  27.0  2543
4  24.699999999999999  2183
5  15.199999999999999  1825
1  28.899999999999999  2972
2  32.200000000000003  2616
3  25.800000000000001  2450
4  26.800000000000001  2063
5  26.399999999999999  1653
1  35.0  3073
2  31.199999999999999  2894
3  27.199999999999999  2203
4  31.300000000000001  2407
5  15.0  1943
1  45.200000000000003  2845
2  31.699999999999999  2760
3  19.0  2302
4  28.399999999999999  2055
5  24.600000000000001  2078
1  33.899999999999999  2917
2  37.100000000000001  2791
3  23.5  2511
4  18.899999999999999  2156
5  18.100000000000001  1897
1  33.0  3486
2  34.100000000000001  2755
3  22.300000000000001  2237
4  21.800000000000001  2238
5  25.899999999999999  2082
1  31.399999999999999  2511
2  45.200000000000003  2903
3  30.300000000000001  2333
4  23.0  2073
5  17.0  1716
1  35.600000000000001  3011
2  36.0  2623
3  24.699999999999999  2182
4  27.699999999999999  2486
5  26.399999999999999  2134
1  40.799999999999997  2801
2  34.899999999999999  2763
3  21.0  2637
4  20.699999999999999  1928
5  22.199999999999999  1950
1  43.5  2885
2  37.100000000000001  3004
3  29.800000000000001  2450
4  21.0  2045
5  26.0  1944
1  41.5  2817
2  32.799999999999997  2749
3  24.300000000000001  2835
4  32.5  2470
5  18.800000000000001  1984
1  42.399999999999999  2850
2  38.399999999999999  2992
3  25.899999999999999  2965
4  25.899999999999999  2260
5  23.199999999999999  2176
1  43.600000000000001  2865
2  34.5  2901
3  20.399999999999999  2484
4  22.199999999999999  2412
5  13.4  2189
1  41.0  3057
2  37.100000000000001  2785
3  21.100000000000001  2667
4  17.100000000000001  2014
5  22.300000000000001  2110
1  46.0  2688
2  38.100000000000001  2676
3  35.799999999999997  2412
4  27.0  2115
5  20.5  1997
1  45.399999999999999  2887
2  30.600000000000001  2886
3  31.300000000000001  2556
4  24.699999999999999  2324
5  15.800000000000001  2074
1  45.299999999999997  3186
2  34.700000000000003  2926
3  29.199999999999999  2229
4  16.699999999999999  1905
5  19.0  1864
1  36.899999999999999  3023
2  39.5  2783
3  19.699999999999999  2118
4  19.0  2071
5  20.800000000000001  2201
1  34.0  3040
2  34.799999999999997  2736
3  28.899999999999999  2376
4  23.199999999999999  2337
5  14.4  2017
1  41.600000000000001  2521
2  28.300000000000001  2692
3  21.300000000000001  2216
4  25.600000000000001  2014
5  25.699999999999999  1954
1  33.899999999999999  3267
2  36.600000000000001  3166
3  28.800000000000001  2639
4  29.699999999999999  2448
5  23.800000000000001  2172
1  48.399999999999999  2547
2  65.900000000000006  1845
3  25.600000000000001  2247
4  20.0  2310
5  14.6  2030
1  42.5  3093
2  22.199999999999999  2671
3  18.600000000000001  2515
4  18.199999999999999  2142
5  21.100000000000001  1965
1  32.600000000000001  2704
2  30.600000000000001  2825
3  25.899999999999999  2674
4  28.0  2303
5  18.300000000000001  1920
1  29.399999999999999  2699
2  35.899999999999999  2562
3  29.600000000000001  2301
4  11.300000000000001  1972
5  21.199999999999999  1791
1  43.899999999999999  2961
2  38.0  2849
3  25.800000000000001  2362
4  22.600000000000001  1941
5  23.199999999999999  1911
1  42.600000000000001  3291
2  35.399999999999999  2729
3  19.100000000000001  2160
4  23.600000000000001  1660
5  22.0  1721
1  40.100000000000001  3295
2  35.0  2768
3  32.799999999999997  2757
4  19.399999999999999  2075
5  24.199999999999999  2384
1  31.399999999999999  2929
2  34.899999999999999  2970
3  21.300000000000001  2418
4  22.0  2077
5  19.5  2135
1  35.700000000000003  2873
2  46.700000000000003  2574
3  19.899999999999999  2201
4  24.0  2254
5  19.100000000000001  1983
1  36.0  2899
2  37.799999999999997  2625
3  21.600000000000001  2417
4  24.800000000000001  2021
5  19.0  2129
1  40.299999999999997  2789
2  26.899999999999999  2367
3  15.4  2334
4  19.0  2153
5  12.4  1759
1  42.299999999999997  3097
2  40.5  2806
3  33.200000000000003  2473
4  26.699999999999999  2249
5  13.800000000000001  1980
1  33.100000000000001  2637
2  25.399999999999999  3435
3  21.0  2084
4  29.0  2043
5  20.600000000000001  2007
1  37.700000000000003  2757
2  34.299999999999997  2596
3  27.899999999999999  2501
4  33.899999999999999  2229
5  18.699999999999999  2075
1  49.799999999999997  2515
2  39.399999999999999  2259
3  24.399999999999999  2301
4  17.899999999999999  2404
5  14.300000000000001  1989
1  42.899999999999999  2959
2  41.299999999999997  2645
3  28.300000000000001  2400
4  19.5  2227
5  16.5  1877
