0  1  43.0  5831.0
0  1  19.0  8157.0
0  1  17.0  8352.0
0  1  0.0  10000.0
0  1  9.0  9127.0
0  1  18.0  8254.0
0  1  9.0  9128.0
0  1  0.0  10000.0
0  1  14.0  8644.0
0  1  14.0  8642.0
0  1  0.0  10000.0
0  1  9.0  9127.0
0  1  37.0  6412.0
0  1  42.0  5926.0
0  1  8.0  9226.0
0  1  0.0  10000.0
0  1  17.0  8351.0
0  1  14.0  8642.0
0  1  27.0  7381.0
0  1  0.0  10000.0
0  1  10.0  9030.0
0  1  0.0  10000.0
0  1  70.0  3212.0
0  1  0.0  10000.0
0  1  4.0  9613.0
0  1  76.0  2631.0
0  1  0.0  10000.0
0  1  0.0  10000.0
0  1  17.0  8351.0
0  1  27.0  7387.0
0  1  15.0  8545.0
0  1  0.0  10000.0
0  1  0.0  10000.0
0  1  40.0  6120.0
0  1  0.0  10000.0
0  1  0.0  10000.0
0  1  46.0  5538.0
0  1  0.0  10000.0
0  1  14.0  8642.0
0  1  26.0  7478.0
0  1  0.0  10000.0
0  1  9.0  9127.0
0  1  23.0  7770.0
0  1  16.0  8448.0
0  1  26.0  7478.0
0  1  23.0  7770.0
0  1  0.0  10000.0
0  1  4.0  9612.0
0  1  45.0  5635.0
0  1  31.0  6993.0
0  1  0.0  10000.0
0  1  97.0  594.0
0  1  55.0  4668.0
0  1  25.0  7575.0
0  1  24.0  7672.0
0  1  36.0  6509.0
0  1  25.0  7576.0
0  1  0.0  10000.0
0  1  24.0  7673.0
0  1  92.0  1083.0
0  1  0.0  10000.0
0  1  0.0  10000.0
0  1  0.0  10000.0
0  1  19.0  8158.0
0  1  22.0  7867.0
0  1  45.0  5641.0
0  1  7.0  9322.0
0  1  28.0  7285.0
0  1  37.0  6417.0
0  1  0.0  10000.0
0  1  12.0  8836.0
0  1  32.0  6899.0
0  1  31.0  6994.0
0  1  0.0  10000.0
0  1  32.0  6896.0
0  1  47.0  5445.0
0  1  16.0  8448.0
0  1  25.0  7575.0
0  1  0.0  10000.0
0  1  19.0  8158.0
0  1  42.0  5932.0
0  1  6.0  9418.0
0  1  16.0  8449.0
0  1  22.0  7869.0
0  1  13.0  8739.0
0  1  0.0  10000.0
0  1  14.0  8642.0
0  1  12.0  8837.0
0  1  39.0  6217.0
0  1  20.0  8062.0
0  1  24.0  7672.0
0  1  0.0  10000.0
0  1  42.0  5930.0
0  1  66.0  3599.0
0  1  37.0  6411.0
0  1  48.0  5344.0
0  1  27.0  7382.0
0  1  74.0  2826.0
0  1  0.0  10000.0
0  1  48.0  5347.0
0  2  8.0  9224.0
0  2  0.0  10000.0
0  2  8.0  9224.0
0  2  24.0  7672.0
0  2  8.0  9224.0
0  2  1.0  9905.0
0  2  80.0  2241.0
0  2  23.0  7773.0
0  2  0.0  10000.0
0  2  13.0  8739.0
0  2  23.0  7770.0
0  2  24.0  7692.0
0  2  32.0  6898.0
0  2  100.0  300.0
0  2  40.0  6120.0
0  2  36.0  6509.0
0  2  0.0  10000.0
0  2  29.0  7187.0
0  2  82.0  2050.0
0  2  0.0  10000.0
0  2  12.0  8836.0
0  2  2.0  9806.0
0  2  14.0  8642.0
0  2  0.0  10000.0
0  2  45.0  5637.0
0  2  15.0  8546.0
0  2  3.0  9709.0
0  2  0.0  10000.0
0  2  23.0  7770.0
0  2  12.0  8837.0
0  2  14.0  8643.0
0  2  42.0  5927.0
0  2  10.0  9031.0
0  2  14.0  8642.0
0  2  0.0  10000.0
0  2  39.0  6217.0
0  2  0.0  10000.0
0  2  0.0  10000.0
0  2  21.0  7963.0
0  2  24.0  7673.0
0  2  25.0  7576.0
0  2  10.0  9030.0
0  2  25.0  7578.0
0  2  24.0  7675.0
0  2  0.0  10000.0
0  2  13.0  8739.0
0  2  10.0  9030.0
0  2  8.0  9225.0
0  2  0.0  10000.0
0  2  1.0  9903.0
0  2  0.0  10000.0
0  2  24.0  7672.0
0  2  15.0  8545.0
0  2  18.0  8254.0
0  2  4.0  9612.0
0  2  2.0  9805.0
0  2  21.0  7963.0
0  2  59.0  4278.0
0  2  11.0  8934.0
0  2  31.0  6993.0
0  2  18.0  8260.0
0  2  22.0  7867.0
0  2  6.0  9420.0
0  2  21.0  7964.0
0  2  41.0  6026.0
0  2  12.0  8838.0
0  2  16.0  8450.0
0  2  0.0  10000.0
0  2  50.0  5150.0
0  2  2.0  9807.0
0  2  23.0  7769.0
0  2  0.0  10000.0
0  2  13.0  8740.0
0  2  40.0  6122.0
0  2  10.0  9030.0
0  2  46.0  5548.0
0  2  40.0  6121.0
0  2  0.0  10000.0
0  2  9.0  9127.0
0  2  21.0  7965.0
0  2  22.0  7867.0
0  2  45.0  5635.0
0  2  0.0  10000.0
0  2  6.0  9418.0
0  2  65.0  3715.0
0  2  9.0  9128.0
0  2  14.0  8646.0
0  2  7.0  9322.0
0  2  54.0  4769.0
0  2  36.0  6508.0
0  2  67.0  3503.0
0  2  36.0  6509.0
0  2  37.0  6413.0
0  2  25.0  7575.0
0  2  7.0  9321.0
0  2  36.0  6509.0
0  2  40.0  6127.0
0  2  100.0  303.0
0  2  32.0  6937.0
0  2  36.0  6508.0
0  3  16.0  8451.0
0  3  0.0  10000.0
0  3  24.0  7672.0
0  3  33.0  6802.0
0  3  47.0  5441.0
0  3  39.0  6219.0
0  3  12.0  8836.0
0  3  19.0  8160.0
0  3  15.0  8546.0
0  3  54.0  4762.0
0  3  37.0  6412.0
0  3  5.0  9515.0
0  3  6.0  9418.0
0  3  0.0  10000.0
0  3  2.0  9806.0
0  3  0.0  10000.0
0  3  21.0  7964.0
0  3  37.0  6409.0
0  3  64.0  3793.0
0  3  0.0  10000.0
0  3  33.0  6799.0
0  3  22.0  7866.0
0  3  6.0  9418.0
0  3  29.0  7195.0
0  3  21.0  7964.0
0  3  0.0  10000.0
0  3  0.0  10000.0
0  3  25.0  7584.0
0  3  13.0  8742.0
0  3  0.0  10000.0
0  3  0.0  10000.0
0  3  26.0  7479.0
0  3  15.0  8545.0
0  3  49.0  5248.0
0  3  32.0  6898.0
0  3  14.0  8645.0
0  3  0.0  10000.0
0  3  19.0  8157.0
0  3  20.0  8061.0
0  3  10.0  9030.0
0  3  18.0  8256.0
0  3  25.0  7576.0
0  3  11.0  8933.0
0  3  19.0  8160.0
0  3  4.0  9612.0
0  3  33.0  6800.0
0  3  0.0  10000.0
0  3  9.0  9128.0
0  3  40.0  6121.0
0  3  0.0  10000.0
0  3  0.0  10000.0
0  3  39.0  6217.0
0  3  8.0  9225.0
0  3  14.0  8643.0
0  3  22.0  7866.0
0  3  31.0  6994.0
0  3  11.0  8935.0
0  3  13.0  8739.0
0  3  5.0  9516.0
0  3  8.0  9224.0
0  3  7.0  9321.0
0  3  24.0  7672.0
0  3  0.0  10000.0
0  3  14.0  8642.0
0  3  23.0  7771.0
0  3  7.0  9321.0
0  3  12.0  8836.0
0  3  24.0  7673.0
0  3  0.0  10000.0
0  3  43.0  5830.0
0  3  31.0  6996.0
0  3  96.0  691.0
0  3  16.0  8450.0
0  3  3.0  9709.0
0  3  1.0  9903.0
0  3  3.0  9709.0
0  3  29.0  7188.0
0  3  0.0  10000.0
0  3  6.0  9418.0
0  3  3.0  9709.0
0  3  29.0  7187.0
0  3  14.0  8643.0
0  3  14.0  8642.0
0  3  22.0  7866.0
0  3  14.0  8642.0
0  3  19.0  8157.0
0  3  23.0  7770.0
0  3  24.0  7672.0
0  3  6.0  9418.0
0  3  0.0  10000.0
0  3  28.0  7284.0
0  3  28.0  7286.0
0  3  14.0  8642.0
0  3  16.0  8448.0
0  3  8.0  9224.0
0  3  23.0  7772.0
0  3  9.0  9127.0
0  3  44.0  5734.0
0  3  0.0  10000.0
0  3  34.0  6704.0
0  4  33.0  6801.0
0  4  44.0  5732.0
0  4  19.0  8158.0
0  4  0.0  10000.0
0  4  13.0  8740.0
0  4  46.0  5538.0
0  4  0.0  10000.0
0  4  18.0  8254.0
0  4  20.0  8060.0
0  4  7.0  9321.0
0  4  11.0  8934.0
0  4  25.0  7575.0
0  4  32.0  6896.0
0  4  4.0  9612.0
0  4  32.0  6898.0
0  4  26.0  7480.0
0  4  7.0  9321.0
0  4  36.0  6512.0
0  4  65.0  3697.0
0  4  29.0  7189.0
0  4  12.0  8836.0
0  4  23.0  7771.0
0  4  33.0  6799.0
0  4  12.0  8921.0
0  4  22.0  7866.0
0  4  9.0  9127.0
0  4  4.0  9612.0
0  4  48.0  5356.0
0  4  0.0  10000.0
0  4  29.0  7188.0
0  4  0.0  10000.0
0  4  7.0  9321.0
0  4  7.0  9324.0
0  4  42.0  5933.0
0  4  9.0  9127.0
0  4  7.0  9321.0
0  4  12.0  8836.0
0  4  7.0  9323.0
0  4  18.0  8254.0
0  4  0.0  10000.0
0  4  10.0  9030.0
0  4  47.0  5450.0
0  4  9.0  9127.0
0  4  8.0  9224.0
0  4  26.0  7478.0
0  4  0.0  10000.0
0  4  21.0  7965.0
0  4  100.0  300.0
0  4  20.0  8061.0
0  4  20.0  8060.0
0  4  42.0  5926.0
0  4  19.0  8157.0
0  4  17.0  8351.0
0  4  14.0  8643.0
0  4  23.0  7769.0
0  4  23.0  7769.0
0  4  0.0  10000.0
0  4  0.0  10000.0
0  4  8.0  9225.0
0  4  30.0  7090.0
0  4  52.0  4969.0
0  4  19.0  8157.0
0  4  6.0  9418.0
0  4  26.0  7479.0
0  4  13.0  8739.0
0  4  20.0  8061.0
0  4  0.0  10000.0
0  4  0.0  10000.0
0  4  5.0  9515.0
0  4  33.0  6799.0
0  4  11.0  8936.0
0  4  14.0  8642.0
0  4  27.0  7383.0
0  4  3.0  9709.0
0  4  0.0  10000.0
0  4  5.0  9515.0
0  4  8.0  9224.0
0  4  38.0  6315.0
0  4  41.0  6025.0
0  4  100.0  300.0
0  4  32.0  6896.0
0  4  12.0  8838.0
0  4  0.0  10000.0
0  4  0.0  10000.0
0  4  0.0  10000.0
0  4  15.0  8547.0
0  4  3.0  9709.0
0  4  32.0  6898.0
0  4  3.0  9709.0
0  4  30.0  7093.0
0  4  5.0  9515.0
0  4  8.0  9224.0
0  4  44.0  5737.0
0  4  24.0  7680.0
0  4  82.0  2046.0
0  4  66.0  3602.0
0  4  8.0  9224.0
0  4  40.0  6123.0
0  4  18.0  8254.0
0  4  15.0  8545.0
0  5  0.0  10000.0
0  5  10.0  9030.0
0  5  31.0  6994.0
0  5  7.0  9322.0
0  5  18.0  8257.0
0  5  30.0  7090.0
0  5  14.0  8642.0
0  5  43.0  5832.0
0  5  2.0  9808.0
0  5  28.0  7288.0
0  5  15.0  8545.0
0  5  19.0  8158.0
0  5  42.0  5926.0
0  5  7.0  9321.0
0  5  6.0  9419.0
0  5  23.0  7772.0
0  5  21.0  7964.0
0  5  0.0  10000.0
0  5  24.0  7674.0
0  5  26.0  7478.0
0  5  16.0  8448.0
0  5  0.0  10000.0
0  5  17.0  8357.0
0  5  9.0  9129.0
0  5  38.0  6314.0
0  5  12.0  8836.0
0  5  0.0  10000.0
0  5  34.0  6704.0
0  5  10.0  9031.0
0  5  44.0  5736.0
0  5  27.0  7389.0
0  5  26.0  7478.0
0  5  36.0  6511.0
0  5  10.0  9030.0
0  5  5.0  9515.0
0  5  17.0  8351.0
0  5  26.0  7478.0
0  5  22.0  7867.0
0  5  8.0  9224.0
0  5  14.0  8643.0
0  5  0.0  10000.0
0  5  18.0  8254.0
0  5  21.0  7965.0
0  5  21.0  7963.0
0  5  37.0  6413.0
0  5  31.0  6997.0
0  5  24.0  7672.0
0  5  15.0  8545.0
0  5  19.0  8157.0
0  5  24.0  7675.0
0  5  22.0  7866.0
0  5  48.0  5344.0
0  5  24.0  7674.0
0  5  32.0  6899.0
0  5  38.0  6316.0
0  5  3.0  9709.0
0  5  17.0  8355.0
0  5  0.0  10000.0
0  5  19.0  8158.0
0  5  0.0  10000.0
0  5  17.0  8354.0
0  5  13.0  8739.0
0  5  11.0  8933.0
0  5  3.0  9711.0
0  5  51.0  5054.0
0  5  7.0  9321.0
0  5  20.0  8060.0
0  5  2.0  9806.0
0  5  7.0  9321.0
0  5  4.0  9613.0
0  5  40.0  6121.0
0  5  14.0  8642.0
0  5  8.0  9225.0
0  5  8.0  9224.0
0  5  14.0  8644.0
0  5  33.0  6799.0
0  5  25.0  7577.0
0  5  27.0  7381.0
0  5  18.0  8254.0
0  5  14.0  8642.0
0  5  24.0  7672.0
0  5  0.0  10000.0
0  5  26.0  7525.0
0  5  2.0  9806.0
0  5  46.0  5538.0
0  5  10.0  9030.0
0  5  27.0  7382.0
0  5  24.0  7673.0
0  5  20.0  8060.0
0  5  17.0  8351.0
0  5  7.0  9321.0
0  5  7.0  9322.0
0  5  9.0  9128.0
0  5  0.0  10000.0
0  5  21.0  7964.0
0  5  21.0  7963.0
0  5  2.0  9807.0
0  5  34.0  6704.0
0  5  38.0  6314.0
0  5  16.0  8448.0
0  6  29.0  7188.0
0  6  14.0  8642.0
0  6  8.0  9226.0
0  6  21.0  7963.0
0  6  12.0  8836.0
0  6  15.0  8548.0
0  6  19.0  8157.0
0  6  33.0  6800.0
0  6  13.0  8739.0
0  6  34.0  6703.0
0  6  30.0  7090.0
0  6  1.0  9903.0
0  6  25.0  7575.0
0  6  36.0  6508.0
0  6  34.0  6702.0
0  6  5.0  9517.0
0  6  51.0  5053.0
0  6  37.0  6411.0
0  6  12.0  8836.0
0  6  28.0  7288.0
0  6  36.0  6508.0
0  6  34.0  6708.0
0  6  34.0  6702.0
0  6  16.0  8453.0
0  6  4.0  9612.0
0  6  24.0  7672.0
0  6  15.0  8549.0
0  6  10.0  9032.0
0  6  31.0  6993.0
0  6  13.0  8739.0
0  6  25.0  7575.0
0  6  35.0  6606.0
0  6  28.0  7284.0
0  6  16.0  8448.0
0  6  39.0  6218.0
0  6  18.0  8254.0
0  6  26.0  7478.0
0  6  12.0  8836.0
0  6  31.0  6996.0
0  6  31.0  6994.0
0  6  32.0  6896.0
0  6  22.0  7866.0
0  6  1.0  9903.0
0  6  18.0  8257.0
0  6  9.0  9127.0
0  6  0.0  10000.0
0  6  10.0  9030.0
0  6  25.0  7576.0
0  6  54.0  4763.0
0  6  15.0  8545.0
0  6  22.0  7868.0
0  6  7.0  9321.0
0  6  7.0  9322.0
0  6  9.0  9128.0
0  6  62.0  3986.0
0  6  5.0  9515.0
0  6  2.0  9806.0
0  6  16.0  8448.0
0  6  19.0  8157.0
0  6  21.0  7975.0
0  6  1.0  9903.0
0  6  16.0  8448.0
0  6  19.0  8157.0
0  6  17.0  8359.0
0  6  17.0  8351.0
0  6  29.0  7190.0
0  6  14.0  8643.0
0  6  23.0  7771.0
0  6  46.0  5541.0
0  6  5.0  9516.0
0  6  0.0  10000.0
0  6  24.0  7672.0
0  6  29.0  7187.0
0  6  8.0  9226.0
0  6  66.0  3600.0
0  6  6.0  9418.0
0  6  8.0  9226.0
0  6  0.0  10000.0
0  6  23.0  7769.0
0  6  28.0  7285.0
0  6  12.0  8836.0
0  6  4.0  9612.0
0  6  16.0  8448.0
0  6  14.0  8642.0
0  6  22.0  7867.0
0  6  7.0  9321.0
0  6  10.0  9030.0
0  6  29.0  7187.0
0  6  26.0  7479.0
0  6  19.0  8157.0
0  6  27.0  7382.0
0  6  5.0  9515.0
0  6  0.0  10000.0
0  6  39.0  6217.0
0  6  25.0  7575.0
0  6  7.0  9321.0
0  6  20.0  8060.0
0  6  7.0  9322.0
0  6  15.0  8545.0
0  6  27.0  7383.0
