1  36.0  365
2  46.0  385
3  43.0  499
4  39.0  237
5  22.0  399
6  57.0  271
7  46.0  342
1  81.0  260
2  50.0  280
3  35.0  248
4  55.0  364
5  51.0  285
6  7.0  319
7  68.0  358
1  60.0  407
2  39.0  258
3  51.0  380
4  56.0  401
5  74.0  338
6  30.0  416
7  47.0  297
1  42.0  364
2  81.0  347
3  55.0  292
4  55.0  301
5  50.0  261
6  33.0  522
7  28.0  490
1  72.0  371
2  74.0  359
3  46.0  267
4  36.0  395
5  46.0  483
6  54.0  464
7  51.0  341
1  49.0  528
2  57.0  293
3  53.0  389
4  32.0  286
5  53.0  436
6  49.0  322
7  47.0  267
1  48.0  522
2  27.0  357
3  54.0  518
4  55.0  253
5  59.0  469
6  76.0  285
7  83.0  252
1  32.0  347
2  46.0  318
3  48.0  649
4  78.0  295
5  67.0  360
6  68.0  325
7  39.0  335
1  83.0  296
2  24.0  226
3  47.0  242
4  48.0  354
5  56.0  362
6  40.0  330
7  56.0  406
1  24.0  281
2  46.0  333
3  21.0  189
4  59.0  266
5  62.0  324
6  49.0  384
7  45.0  376
1  57.0  443
2  55.0  432
3  57.0  290
4  66.0  303
5  57.0  406
6  52.0  306
7  75.0  360
1  40.0  206
2  37.0  216
3  49.0  518
4  24.0  396
5  82.0  260
6  73.0  366
7  39.0  380
1  46.0  478
2  24.0  449
3  60.0  303
4  37.0  273
5  28.0  198
6  19.0  495
7  44.0  311
1  81.0  264
2  35.0  413
3  76.0  372
4  37.0  563
5  42.0  292
6  54.0  394
7  66.0  340
1  51.0  466
2  40.0  459
3  62.0  400
4  34.0  474
5  60.0  280
6  44.0  290
7  49.0  346
1  84.0  234
2  37.0  234
3  82.0  294
4  40.0  476
5  52.0  491
6  57.0  288
7  34.0  336
1  46.0  333
2  61.0  291
3  92.0  223
4  50.0  474
5  27.0  420
6  68.0  390
7  53.0  355
1  47.0  314
2  17.0  279
3  51.0  324
4  79.0  329
5  67.0  310
6  81.0  306
7  58.0  366
1  96.0  176
2  68.0  354
3  94.0  174
4  57.0  430
5  62.0  376
6  62.0  354
7  44.0  514
1  98.0  220
2  33.0  236
3  48.0  374
4  41.0  314
5  35.0  343
6  34.0  333
7  50.0  285
1  45.0  294
2  44.0  369
3  66.0  451
4  42.0  504
5  48.0  278
6  50.0  188
7  52.0  370
1  44.0  600
2  43.0  417
3  48.0  332
4  54.0  447
5  33.0  287
6  33.0  297
7  40.0  364
1  63.0  337
2  80.0  334
3  23.0  138
4  77.0  297
5  55.0  317
6  52.0  310
7  78.0  298
1  58.0  324
2  33.0  177
3  77.0  278
4  43.0  345
5  56.0  419
6  40.0  431
7  33.0  481
1  53.0  442
2  60.0  335
3  69.0  285
4  62.0  397
5  87.0  249
6  61.0  326
7  57.0  404
1  27.0  391
2  71.0  276
3  59.0  416
4  44.0  440
5  34.0  396
6  45.0  330
7  43.0  408
1  50.0  265
2  81.0  266
3  56.0  413
4  59.0  418
5  45.0  347
6  61.0  431
7  65.0  392
1  42.0  444
2  39.0  398
3  72.0  368
4  47.0  361
5  49.0  405
6  31.0  729
7  59.0  360
1  89.0  238
2  27.0  272
3  58.0  382
4  54.0  370
5  43.0  395
6  46.0  441
7  29.0  317
1  22.0  478
2  68.0  409
3  49.0  348
4  76.0  301
5  55.0  390
6  63.0  335
7  63.0  356
1  59.0  302
2  48.0  362
3  62.0  369
4  56.0  292
5  32.0  273
6  45.0  347
7  44.0  390
1  43.0  350
2  22.0  407
3  52.0  377
4  50.0  252
5  39.0  346
6  66.0  364
7  46.0  342
1  93.0  246
2  38.0  277
3  40.0  525
4  43.0  384
5  49.0  352
6  79.0  232
7  43.0  432
1  41.0  373
2  43.0  233
3  61.0  305
4  55.0  339
5  64.0  375
6  51.0  352
7  37.0  420
1  46.0  622
2  42.0  556
3  79.0  322
4  37.0  267
5  58.0  320
6  61.0  315
7  56.0  447
1  54.0  291
2  17.0  435
3  61.0  367
4  54.0  433
5  45.0  319
6  29.0  317
7  64.0  344
1  43.0  311
2  69.0  334
3  68.0  391
4  61.0  334
5  8.0  316
6  65.0  333
7  58.0  399
1  60.0  413
2  78.0  292
3  92.0  229
4  20.0  310
5  36.0  327
6  16.0  259
7  72.0  347
1  18.0  586
2  50.0  302
3  32.0  330
4  45.0  293
5  43.0  322
6  35.0  344
7  70.0  316
1  57.0  469
2  33.0  224
3  55.0  388
4  65.0  429
5  24.0  597
6  53.0  304
7  16.0  270
1  73.0  269
2  22.0  205
3  48.0  316
4  37.0  315
5  59.0  370
6  42.0  296
7  59.0  311
1  61.0  380
2  69.0  283
3  62.0  368
4  38.0  437
5  59.0  283
6  71.0  386
7  27.0  413
1  75.0  374
2  77.0  328
3  60.0  284
4  37.0  330
5  30.0  249
6  64.0  384
7  42.0  353
1  59.0  372
2  87.0  244
3  43.0  302
4  49.0  323
5  51.0  411
6  78.0  293
7  54.0  367
1  36.0  299
2  54.0  210
3  57.0  348
4  66.0  264
5  66.0  348
6  55.0  413
7  49.0  431
1  41.0  360
2  29.0  156
3  64.0  326
4  28.0  245
5  49.0  323
6  47.0  430
7  46.0  390
1  49.0  349
2  32.0  274
3  47.0  413
4  70.0  347
5  56.0  394
6  44.0  382
7  51.0  198
1  63.0  410
2  56.0  354
3  46.0  474
4  29.0  331
5  35.0  545
6  70.0  233
7  64.0  328
1  83.0  311
2  54.0  297
3  56.0  317
4  62.0  333
5  33.0  349
6  27.0  358
7  20.0  340
1  61.0  360
2  45.0  260
3  60.0  327
4  59.0  289
5  23.0  605
6  50.0  380
7  66.0  340
1  49.0  380
2  19.0  380
3  53.0  225
4  67.0  473
5  61.0  441
6  47.0  372
7  62.0  405
1  86.0  290
2  56.0  301
3  48.0  458
4  52.0  363
5  69.0  285
6  58.0  232
7  30.0  325
1  33.0  296
2  46.0  557
3  66.0  266
4  61.0  328
5  18.0  435
6  55.0  316
7  36.0  349
1  73.0  340
2  26.0  384
3  46.0  359
4  37.0  258
5  71.0  364
6  67.0  266
7  78.0  310
1  66.0  285
2  32.0  369
3  60.0  390
4  31.0  526
5  47.0  330
6  88.0  291
7  44.0  326
1  76.0  291
2  31.0  415
3  67.0  344
4  49.0  333
5  85.0  295
6  59.0  318
7  44.0  317
1  63.0  397
2  75.0  358
3  50.0  323
4  55.0  233
5  42.0  463
6  50.0  386
7  73.0  310
1  77.0  356
2  52.0  411
3  66.0  243
4  26.0  280
5  41.0  354
6  68.0  236
7  66.0  375
1  62.0  487
2  50.0  363
3  52.0  377
4  41.0  336
5  56.0  317
6  48.0  408
7  61.0  513
1  86.0  315
2  60.0  413
3  62.0  374
4  56.0  288
5  44.0  394
6  66.0  330
7  35.0  483
1  47.0  377
2  72.0  348
3  35.0  328
4  79.0  230
5  61.0  235
6  30.0  398
7  52.0  243
1  35.0  345
2  58.0  355
3  26.0  522
4  45.0  297
5  60.0  340
6  58.0  294
7  49.0  351
1  83.0  338
2  32.0  358
3  49.0  292
4  60.0  349
5  70.0  303
6  44.0  306
7  38.0  269
1  82.0  205
2  73.0  297
3  28.0  440
4  36.0  425
5  51.0  479
6  50.0  381
7  65.0  397
1  27.0  328
2  78.0  229
3  29.0  334
4  73.0  297
5  51.0  293
6  53.0  466
7  65.0  349
1  68.0  301
2  49.0  311
3  41.0  283
4  54.0  260
5  53.0  246
6  67.0  355
7  59.0  352
1  44.0  301
2  49.0  476
3  39.0  498
4  48.0  346
5  65.0  334
6  72.0  307
7  56.0  348
1  46.0  276
2  14.0  203
3  48.0  284
4  31.0  337
5  55.0  401
6  94.0  196
7  32.0  443
1  37.0  493
2  71.0  283
3  58.0  268
4  36.0  474
5  41.0  339
6  73.0  340
7  65.0  440
1  52.0  533
2  58.0  242
3  69.0  394
4  80.0  253
5  39.0  330
6  70.0  349
7  45.0  480
1  44.0  521
2  77.0  266
3  63.0  328
4  54.0  477
5  57.0  330
6  28.0  447
7  37.0  415
1  32.0  409
2  84.0  256
3  62.0  350
4  47.0  447
5  76.0  279
6  45.0  301
7  38.0  403
1  38.0  612
2  26.0  467
3  64.0  385
4  33.0  464
5  81.0  258
6  66.0  392
7  53.0  431
1  75.0  227
2  65.0  379
3  23.0  320
4  26.0  262
5  65.0  344
6  17.0  595
7  53.0  406
1  73.0  317
2  42.0  530
3  39.0  514
4  30.0  261
5  40.0  273
6  59.0  377
7  48.0  418
1  57.0  320
2  60.0  365
3  42.0  363
4  55.0  314
5  40.0  327
6  48.0  355
7  43.0  386
1  86.0  246
2  75.0  361
3  59.0  347
4  79.0  264
5  41.0  422
6  30.0  357
7  57.0  356
1  60.0  361
2  74.0  269
3  18.0  277
4  14.0  444
5  29.0  437
6  62.0  354
7  44.0  383
1  66.0  473
2  41.0  306
3  60.0  308
4  39.0  434
5  49.0  378
6  59.0  384
7  74.0  386
1  75.0  219
2  34.0  529
3  87.0  302
4  54.0  249
5  26.0  226
6  31.0  189
7  45.0  441
1  48.0  146
2  42.0  340
3  55.0  356
4  30.0  434
5  61.0  327
6  40.0  339
7  73.0  349
1  73.0  357
2  59.0  312
3  52.0  317
4  33.0  262
5  40.0  301
6  67.0  326
7  27.0  415
1  45.0  505
2  33.0  418
3  64.0  269
4  77.0  284
5  51.0  402
6  51.0  473
7  48.0  324
1  20.0  214
2  53.0  336
3  74.0  235
4  51.0  280
5  66.0  313
6  37.0  329
7  58.0  353
1  38.0  345
2  72.0  350
3  80.0  273
4  50.0  299
5  63.0  354
6  31.0  251
7  64.0  367
1  6.0  609
2  22.0  184
3  66.0  275
4  64.0  266
5  48.0  320
6  52.0  340
7  33.0  299
1  66.0  393
2  39.0  412
3  60.0  295
4  61.0  399
5  41.0  438
6  20.0  304
7  60.0  502
1  45.0  425
2  38.0  273
3  59.0  291
4  40.0  464
5  57.0  335
6  51.0  327
7  51.0  382
1  39.0  303
2  42.0  337
3  51.0  389
4  43.0  443
5  34.0  405
6  53.0  307
7  34.0  424
1  39.0  513
2  52.0  375
3  20.0  389
4  11.0  435
5  93.0  209
6  49.0  397
7  69.0  283
1  27.0  314
2  21.0  237
3  30.0  413
4  34.0  320
5  33.0  285
6  41.0  514
7  27.0  479
1  29.0  429
2  73.0  229
3  72.0  255
4  56.0  269
5  60.0  315
6  42.0  402
7  67.0  355
1  60.0  311
2  34.0  296
3  62.0  376
4  70.0  295
5  47.0  527
6  45.0  321
7  33.0  349
1  60.0  363
2  27.0  468
3  50.0  303
4  57.0  396
5  52.0  336
6  70.0  288
7  59.0  470
1  72.0  348
2  68.0  362
3  44.0  299
4  25.0  437
5  55.0  276
6  44.0  292
7  38.0  471
1  69.0  279
2  32.0  152
3  54.0  441
4  73.0  217
5  73.0  336
6  66.0  325
7  43.0  310
1  14.0  367
2  44.0  362
3  43.0  317
4  27.0  412
5  44.0  481
6  37.0  426
7  48.0  368
1  65.0  297
2  36.0  389
3  48.0  394
4  33.0  431
5  31.0  231
6  59.0  480
7  42.0  382
1  96.0  197
2  70.0  339
3  59.0  277
4  17.0  305
5  46.0  386
6  48.0  359
7  84.0  269
1  61.0  468
2  44.0  274
3  36.0  251
4  23.0  364
5  68.0  408
6  49.0  305
7  51.0  244
