0  30.0  393
1  48.0  401
2  17.0  180
3  17.0  196
4  86.0  252
5  77.0  98
6  73.0  192
7  33.0  223
8  72.0  301
9  65.0  255
10  31.0  289
11  64.0  195
12  44.0  208
13  49.0  272
14  65.0  315
15  46.0  291
16  42.0  478
17  97.0  42
18  83.0  184
19  74.0  233
20  66.0  230
0  76.0  371
1  51.0  436
2  50.0  431
3  81.0  173
4  42.0  331
5  48.0  390
6  52.0  414
7  44.0  461
8  61.0  236
9  81.0  186
10  78.0  176
11  59.0  174
12  75.0  112
13  96.0  73
14  23.0  254
15  81.0  202
16  72.0  121
17  76.0  186
18  87.0  82
19  71.0  216
20  55.0  218
0  78.0  300
1  75.0  314
2  50.0  315
3  68.0  175
4  43.0  325
5  36.0  395
6  60.0  356
7  89.0  88
8  44.0  462
9  93.0  136
10  41.0  198
11  54.0  168
12  77.0  205
13  92.0  227
14  47.0  224
15  90.0  109
16  69.0  193
17  79.0  233
18  57.0  458
19  97.0  44
20  73.0  244
0  73.0  425
1  50.0  312
2  77.0  289
3  55.0  372
4  65.0  356
5  52.0  309
6  81.0  286
7  9.0  152
8  50.0  220
9  49.0  292
10  48.0  389
11  49.0  292
12  48.0  240
13  75.0  195
14  76.0  312
15  83.0  108
16  73.0  248
17  78.0  284
18  82.0  186
19  54.0  115
20  64.0  95
0  23.0  372
1  35.0  357
2  16.0  274
3  74.0  269
4  60.0  235
5  77.0  231
6  62.0  300
7  29.0  339
8  88.0  227
9  28.0  197
10  64.0  116
11  34.0  253
12  69.0  181
13  63.0  270
14  35.0  248
15  81.0  137
16  70.0  221
17  87.0  139
18  94.0  98
19  54.0  169
20  52.0  199
0  40.0  347
1  17.0  302
2  37.0  447
3  62.0  324
4  72.0  334
5  85.0  187
6  33.0  403
7  78.0  171
8  20.0  455
9  23.0  242
10  49.0  322
11  45.0  162
12  91.0  95
13  44.0  487
14  52.0  284
15  73.0  140
16  95.0  95
17  79.0  258
18  76.0  110
19  75.0  231
20  67.0  251
0  54.0  383
1  25.0  193
2  44.0  345
3  38.0  370
4  59.0  356
5  68.0  295
6  40.0  386
7  65.0  337
8  22.0  372
9  30.0  223
10  29.0  402
11  85.0  105
12  93.0  114
13  62.0  323
14  61.0  294
15  72.0  263
16  86.0  67
17  82.0  120
18  68.0  196
19  83.0  152
20  54.0  230
0  45.0  398
1  13.0  293
2  32.0  382
3  89.0  171
4  60.0  321
5  76.0  186
6  72.0  189
7  62.0  337
8  61.0  300
9  35.0  372
10  78.0  179
11  40.0  211
12  89.0  216
13  62.0  410
14  50.0  286
15  94.0  88
16  63.0  106
17  78.0  148
18  84.0  176
19  39.0  163
20  82.0  73
0  38.0  402
1  33.0  444
2  44.0  346
3  42.0  585
4  63.0  370
5  30.0  255
6  68.0  338
7  89.0  178
8  70.0  197
9  45.0  444
10  68.0  186
11  50.0  209
12  46.0  167
13  50.0  336
14  77.0  256
15  76.0  274
16  11.0  213
17  75.0  266
18  84.0  145
19  83.0  183
20  89.0  172
0  56.0  454
1  62.0  399
2  67.0  322
3  71.0  212
4  37.0  271
5  45.0  191
6  69.0  257
7  83.0  246
8  37.0  187
9  79.0  290
10  97.0  61
11  52.0  408
12  14.0  253
13  82.0  182
14  47.0  262
15  65.0  279
16  68.0  192
17  39.0  278
18  88.0  191
19  80.0  174
20  59.0  285
0  44.0  450
1  31.0  441
2  20.0  228
3  76.0  357
4  71.0  389
5  65.0  308
6  78.0  209
7  67.0  358
8  33.0  428
9  67.0  333
10  72.0  272
11  80.0  253
12  26.0  281
13  66.0  217
14  91.0  100
15  73.0  176
16  71.0  181
17  53.0  327
18  33.0  151
19  92.0  98
20  37.0  100
0  51.0  515
1  25.0  406
2  73.0  326
3  28.0  293
4  48.0  299
5  50.0  317
6  61.0  348
7  54.0  244
8  47.0  373
9  86.0  284
10  62.0  205
11  84.0  166
12  80.0  138
13  65.0  264
14  66.0  289
15  65.0  232
16  95.0  85
17  73.0  272
18  72.0  271
19  76.0  73
20  93.0  71
0  21.0  352
1  39.0  517
2  45.0  309
3  20.0  327
4  86.0  216
5  97.0  37
6  73.0  274
7  59.0  382
8  69.0  377
9  54.0  198
10  34.0  323
11  68.0  241
12  73.0  243
13  79.0  159
14  76.0  240
15  78.0  221
16  74.0  271
17  51.0  207
18  63.0  195
19  86.0  120
20  85.0  56
0  26.0  295
1  54.0  250
2  59.0  427
3  67.0  261
4  42.0  411
5  75.0  234
6  83.0  195
7  31.0  533
8  75.0  312
9  93.0  150
10  69.0  254
11  86.0  92
12  71.0  251
13  63.0  306
14  49.0  195
15  62.0  255
16  35.0  233
17  79.0  172
18  94.0  44
19  46.0  215
20  77.0  210
0  35.0  404
1  40.0  480
2  50.0  355
3  72.0  343
4  40.0  326
5  46.0  470
6  62.0  245
7  16.0  176
8  75.0  292
9  50.0  272
10  51.0  355
11  63.0  262
12  92.0  129
13  54.0  349
14  83.0  94
15  63.0  279
16  37.0  274
17  65.0  342
18  88.0  132
19  64.0  251
20  90.0  141
0  58.0  294
1  49.0  293
2  72.0  342
3  41.0  313
4  45.0  325
5  70.0  300
6  72.0  200
7  84.0  130
8  52.0  477
9  89.0  197
10  35.0  202
11  43.0  288
12  69.0  201
13  57.0  260
14  88.0  128
15  62.0  217
16  89.0  130
17  83.0  120
18  97.0  45
19  61.0  200
20  92.0  141
0  49.0  455
1  79.0  317
2  51.0  396
3  73.0  271
4  58.0  382
5  91.0  176
6  60.0  194
7  27.0  281
8  69.0  337
9  51.0  251
10  88.0  95
11  49.0  107
12  83.0  140
13  48.0  277
14  97.0  101
15  91.0  81
16  76.0  199
17  73.0  92
18  79.0  266
19  95.0  74
20  82.0  111
0  43.0  396
1  12.0  267
2  61.0  338
3  27.0  376
4  70.0  248
5  51.0  295
6  67.0  369
7  90.0  118
8  54.0  303
9  49.0  375
10  72.0  336
11  78.0  249
12  74.0  113
13  75.0  296
14  64.0  224
15  69.0  300
16  82.0  78
17  71.0  113
18  59.0  209
19  55.0  356
20  65.0  87
0  33.0  354
1  57.0  327
2  24.0  329
3  50.0  354
4  72.0  197
5  72.0  283
6  32.0  321
7  55.0  267
8  68.0  188
9  47.0  259
10  71.0  205
11  60.0  295
12  67.0  220
13  54.0  283
14  69.0  241
15  80.0  119
16  78.0  189
17  67.0  208
18  87.0  91
19  60.0  177
20  76.0  101
0  56.0  426
1  75.0  228
2  31.0  286
3  45.0  343
4  55.0  434
5  68.0  411
6  82.0  204
7  60.0  343
8  64.0  293
9  69.0  183
10  55.0  325
11  97.0  37
12  50.0  238
13  97.0  41
14  74.0  273
15  80.0  207
16  79.0  296
17  55.0  280
18  77.0  129
19  86.0  131
20  59.0  186
0  45.0  286
1  18.0  355
2  14.0  202
3  52.0  304
4  23.0  274
5  82.0  300
6  18.0  329
7  67.0  258
8  83.0  197
9  60.0  212
10  81.0  287
11  48.0  190
12  86.0  210
13  80.0  117
14  48.0  135
15  63.0  233
16  58.0  239
17  22.0  310
18  75.0  87
19  81.0  112
20  87.0  179
0  48.0  385
1  84.0  338
2  64.0  333
3  58.0  304
4  82.0  212
5  56.0  143
6  97.0  103
7  97.0  69
8  51.0  515
9  64.0  215
10  74.0  212
11  68.0  345
12  61.0  169
13  91.0  134
14  69.0  220
15  79.0  232
16  50.0  273
17  39.0  270
18  93.0  108
19  52.0  213
20  58.0  225
0  57.0  460
1  88.0  205
2  66.0  369
3  67.0  329
4  81.0  254
5  55.0  262
6  80.0  219
7  62.0  416
8  96.0  42
9  90.0  77
10  25.0  151
11  44.0  414
12  84.0  242
13  73.0  251
14  64.0  258
15  55.0  268
16  76.0  121
17  91.0  123
18  85.0  150
19  92.0  69
20  51.0  225
0  20.0  408
1  60.0  395
2  84.0  226
3  56.0  290
4  57.0  412
5  76.0  230
6  41.0  402
7  64.0  368
8  52.0  359
9  54.0  244
10  56.0  302
11  79.0  142
12  44.0  261
13  39.0  262
14  39.0  292
15  50.0  353
16  62.0  350
17  45.0  384
18  70.0  179
19  74.0  92
20  61.0  303
0  40.0  401
1  50.0  465
2  52.0  377
3  70.0  202
4  79.0  207
5  34.0  417
6  67.0  342
7  42.0  276
8  47.0  213
9  52.0  391
10  65.0  290
11  70.0  329
12  87.0  173
13  91.0  92
14  86.0  155
15  78.0  136
16  68.0  196
17  72.0  302
18  46.0  226
19  87.0  50
20  97.0  42
0  28.0  256
1  23.0  403
2  41.0  423
3  15.0  202
4  32.0  339
5  50.0  279
6  67.0  289
7  22.0  247
8  93.0  219
9  78.0  263
10  69.0  287
11  81.0  161
12  61.0  235
13  66.0  244
14  67.0  223
15  94.0  96
16  77.0  226
17  83.0  183
18  62.0  252
19  92.0  53
20  63.0  262
0  24.0  349
1  35.0  281
2  14.0  457
3  56.0  327
4  75.0  275
5  61.0  194
6  84.0  190
7  55.0  363
8  76.0  181
9  51.0  303
10  75.0  299
11  26.0  299
12  97.0  40
13  46.0  176
14  34.0  304
15  96.0  67
16  22.0  143
17  36.0  223
18  62.0  251
19  78.0  287
20  83.0  174
0  64.0  439
1  64.0  367
2  70.0  232
3  21.0  348
4  91.0  150
5  63.0  467
6  96.0  39
7  54.0  322
8  54.0  296
9  34.0  345
10  72.0  202
11  72.0  166
12  70.0  174
13  75.0  147
14  84.0  270
15  95.0  116
16  57.0  284
17  50.0  218
18  83.0  107
19  84.0  159
20  71.0  279
0  51.0  339
1  32.0  321
2  51.0  289
3  58.0  177
4  21.0  324
5  51.0  198
6  59.0  391
7  37.0  448
8  76.0  205
9  39.0  230
10  77.0  218
11  82.0  119
12  43.0  207
13  71.0  153
14  45.0  340
15  66.0  151
16  57.0  189
17  83.0  170
18  94.0  46
19  70.0  223
20  49.0  273
0  10.0  469
1  74.0  309
2  53.0  458
3  80.0  224
4  75.0  286
5  41.0  400
6  85.0  189
7  45.0  303
8  64.0  378
9  71.0  347
10  65.0  237
11  61.0  258
12  68.0  195
13  85.0  77
14  79.0  26
15  62.0  303
16  67.0  295
17  65.0  190
18  74.0  168
19  54.0  88
20  71.0  102
0  74.0  252
1  38.0  372
2  82.0  202
3  59.0  355
4  32.0  320
5  54.0  384
6  44.0  387
7  47.0  414
8  81.0  217
9  66.0  201
10  51.0  347
11  54.0  237
12  71.0  132
13  77.0  265
14  80.0  255
15  89.0  144
16  74.0  276
17  90.0  130
18  92.0  141
19  60.0  219
20  53.0  277
0  34.0  446
1  54.0  384
2  52.0  305
3  54.0  290
4  72.0  246
5  81.0  209
6  49.0  310
7  43.0  377
8  26.0  212
9  67.0  311
10  3.0  359
11  49.0  304
12  58.0  320
13  86.0  223
14  61.0  184
15  89.0  64
16  61.0  244
17  75.0  206
18  79.0  189
19  95.0  46
20  93.0  75
0  71.0  347
1  25.0  354
2  54.0  406
3  56.0  261
4  67.0  313
5  77.0  245
6  79.0  182
7  51.0  464
8  39.0  339
9  68.0  445
10  69.0  211
11  27.0  260
12  87.0  233
13  41.0  308
14  11.0  212
15  75.0  222
16  74.0  296
17  68.0  226
18  96.0  12
19  77.0  228
20  79.0  254
0  62.0  312
1  23.0  291
2  56.0  443
3  55.0  378
4  55.0  416
5  49.0  330
6  62.0  277
7  24.0  436
8  60.0  299
9  62.0  232
10  49.0  316
11  51.0  366
12  45.0  167
13  81.0  249
14  82.0  81
15  72.0  242
16  49.0  245
17  87.0  81
18  90.0  201
19  53.0  375
20  64.0  267
0  87.0  317
1  58.0  414
2  52.0  304
3  91.0  170
4  54.0  293
5  65.0  326
6  41.0  289
7  30.0  281
8  30.0  132
9  43.0  269
10  39.0  201
11  69.0  278
12  70.0  229
13  87.0  135
14  75.0  169
15  48.0  107
16  93.0  118
17  69.0  269
18  82.0  211
19  78.0  187
20  84.0  171
0  73.0  366
1  13.0  355
2  48.0  338
3  59.0  300
4  56.0  371
5  43.0  233
6  41.0  417
7  63.0  227
8  53.0  236
9  85.0  111
10  80.0  199
11  65.0  324
12  27.0  136
13  92.0  130
14  75.0  211
15  37.0  446
16  72.0  309
17  51.0  305
18  75.0  157
19  28.0  236
20  46.0  239
0  48.0  442
1  46.0  554
2  70.0  314
3  44.0  229
4  45.0  411
5  31.0  271
6  8.0  177
7  81.0  198
8  87.0  233
9  83.0  162
10  63.0  324
11  56.0  367
12  64.0  180
13  85.0  145
14  82.0  237
15  36.0  276
16  90.0  132
17  50.0  367
18  52.0  228
19  42.0  240
20  87.0  169
0  32.0  492
1  52.0  389
2  69.0  267
3  71.0  312
4  45.0  540
5  48.0  308
6  90.0  139
7  52.0  405
8  57.0  226
9  44.0  178
10  40.0  234
11  38.0  291
12  68.0  193
13  60.0  360
14  83.0  59
15  96.0  67
16  65.0  235
17  56.0  250
18  75.0  245
19  56.0  215
20  80.0  97
0  32.0  312
1  60.0  433
2  76.0  281
3  72.0  150
4  60.0  291
5  54.0  529
6  79.0  306
7  76.0  292
8  63.0  297
9  53.0  307
10  82.0  163
11  69.0  247
12  59.0  161
13  67.0  180
14  76.0  239
15  73.0  232
16  80.0  181
17  80.0  203
18  81.0  143
19  67.0  158
20  87.0  132
0  68.0  452
1  77.0  243
2  37.0  346
3  55.0  415
4  51.0  308
5  57.0  349
6  48.0  261
7  47.0  297
8  49.0  408
9  55.0  314
10  82.0  123
11  38.0  180
12  64.0  263
13  37.0  253
14  69.0  215
15  82.0  160
16  95.0  72
17  19.0  273
18  66.0  176
19  80.0  206
20  71.0  276
0  48.0  393
1  31.0  574
2  49.0  543
3  40.0  228
4  27.0  355
5  70.0  283
6  76.0  311
7  66.0  264
8  71.0  273
9  78.0  250
10  91.0  86
11  73.0  203
12  50.0  325
13  78.0  199
14  32.0  350
15  46.0  288
16  31.0  385
17  62.0  136
18  92.0  141
19  69.0  160
20  97.0  52
0  73.0  409
1  38.0  405
2  63.0  319
3  90.0  241
4  62.0  371
5  35.0  421
6  67.0  344
7  55.0  406
8  25.0  294
9  67.0  190
10  49.0  333
11  50.0  360
12  75.0  227
13  72.0  175
14  97.0  61
15  73.0  193
16  83.0  159
17  83.0  262
18  57.0  355
19  87.0  60
20  70.0  199
0  77.0  358
1  23.0  425
2  60.0  308
3  60.0  390
4  44.0  367
5  60.0  293
6  45.0  428
7  74.0  264
8  94.0  78
9  6.0  601
10  37.0  207
11  62.0  150
12  31.0  283
13  80.0  194
14  71.0  80
15  75.0  207
16  78.0  211
17  60.0  253
18  78.0  108
19  59.0  235
20  80.0  109
0  25.0  328
1  20.0  322
2  68.0  450
3  47.0  356
4  29.0  488
5  52.0  386
6  25.0  385
7  67.0  290
8  33.0  222
9  79.0  149
10  46.0  297
11  62.0  327
12  52.0  526
13  90.0  85
14  71.0  149
15  63.0  152
16  43.0  209
17  38.0  110
18  75.0  285
19  58.0  186
20  95.0  95
0  28.0  426
1  61.0  410
2  78.0  406
3  52.0  407
4  51.0  466
5  50.0  356
6  52.0  420
7  47.0  263
8  87.0  148
9  57.0  129
10  85.0  182
11  85.0  206
12  68.0  358
13  54.0  311
14  83.0  141
15  87.0  64
16  80.0  130
17  72.0  300
18  63.0  343
19  48.0  302
20  64.0  98
0  63.0  479
1  38.0  337
2  29.0  591
3  36.0  469
4  42.0  377
5  30.0  456
6  82.0  232
7  65.0  323
8  79.0  178
9  62.0  310
10  87.0  170
11  56.0  354
12  48.0  211
13  72.0  200
14  94.0  149
15  94.0  80
16  81.0  218
17  20.0  302
18  79.0  24
19  60.0  250
20  79.0  185
0  49.0  536
1  74.0  415
2  34.0  343
3  80.0  267
4  85.0  232
5  37.0  281
6  18.0  383
7  61.0  279
8  60.0  197
9  69.0  293
10  51.0  289
11  64.0  418
12  97.0  51
13  60.0  269
14  38.0  317
15  81.0  49
16  68.0  266
17  46.0  178
18  86.0  64
19  72.0  317
20  76.0  201
0  71.0  359
1  41.0  538
2  47.0  415
3  37.0  384
4  78.0  207
5  72.0  223
6  60.0  330
7  91.0  100
8  86.0  160
9  76.0  229
10  50.0  270
11  65.0  191
12  54.0  516
13  77.0  228
14  89.0  133
15  68.0  273
16  65.0  180
17  87.0  152
18  93.0  135
19  39.0  284
20  73.0  243
0  34.0  374
1  39.0  576
2  26.0  442
3  97.0  121
4  34.0  336
5  42.0  277
6  89.0  217
7  83.0  97
8  32.0  314
9  92.0  65
10  91.0  83
11  66.0  268
12  47.0  341
13  95.0  106
14  62.0  274
15  34.0  298
16  24.0  168
17  85.0  124
18  56.0  310
19  97.0  64
20  76.0  172
0  54.0  455
1  49.0  420
2  44.0  398
3  12.0  324
4  32.0  419
5  69.0  383
6  60.0  304
7  64.0  356
8  77.0  231
9  72.0  350
10  59.0  274
11  90.0  146
12  70.0  220
13  91.0  173
14  65.0  200
15  97.0  42
16  92.0  100
17  78.0  201
18  85.0  124
19  73.0  238
20  68.0  257
0  58.0  331
1  71.0  377
2  45.0  246
3  31.0  342
4  82.0  216
5  74.0  232
6  61.0  342
7  53.0  407
8  59.0  365
9  59.0  199
10  59.0  249
11  23.0  293
12  37.0  319
13  86.0  162
14  85.0  76
15  97.0  44
16  83.0  253
17  14.0  253
18  72.0  275
19  87.0  213
20  80.0  287
0  35.0  386
1  35.0  325
2  65.0  290
3  51.0  252
4  26.0  233
5  61.0  380
6  62.0  306
7  67.0  201
8  46.0  334
9  32.0  295
10  79.0  139
11  39.0  308
12  47.0  247
13  86.0  189
14  62.0  205
15  68.0  282
16  97.0  100
17  75.0  134
18  49.0  316
19  78.0  153
20  93.0  165
0  37.0  293
1  57.0  412
2  80.0  160
3  62.0  418
4  25.0  315
5  63.0  385
6  89.0  137
7  63.0  250
8  40.0  403
9  60.0  317
10  45.0  232
11  79.0  242
12  54.0  302
13  59.0  259
14  58.0  316
15  64.0  227
16  56.0  414
17  46.0  239
18  82.0  208
19  82.0  294
20  69.0  203
0  13.0  231
1  70.0  301
2  46.0  353
3  65.0  321
4  64.0  255
5  97.0  38
6  40.0  347
7  28.0  327
8  49.0  340
9  37.0  210
10  73.0  271
11  77.0  246
12  88.0  133
13  82.0  114
14  59.0  287
15  83.0  233
16  72.0  335
17  40.0  206
18  82.0  125
19  76.0  265
20  37.0  163
0  30.0  378
1  59.0  211
2  39.0  485
3  58.0  424
4  18.0  390
5  51.0  319
6  58.0  352
7  47.0  378
8  60.0  193
9  66.0  298
10  58.0  385
11  83.0  279
12  64.0  313
13  76.0  222
14  66.0  265
15  66.0  219
16  66.0  164
17  81.0  209
18  43.0  439
19  56.0  313
20  75.0  306
0  31.0  351
1  29.0  348
2  62.0  441
3  82.0  211
4  68.0  321
5  64.0  303
6  1.0  303
7  48.0  381
8  68.0  284
9  97.0  44
10  60.0  303
11  61.0  231
12  83.0  210
13  58.0  320
14  71.0  300
15  51.0  270
16  68.0  161
17  85.0  184
18  84.0  182
19  95.0  114
20  41.0  298
0  53.0  379
1  65.0  382
2  64.0  361
3  70.0  289
4  59.0  377
5  32.0  401
6  44.0  369
7  23.0  321
8  62.0  229
9  55.0  401
10  16.0  361
11  63.0  185
12  69.0  64
13  74.0  244
14  91.0  155
15  74.0  304
16  60.0  370
17  71.0  282
18  92.0  85
19  85.0  88
20  66.0  303
0  34.0  346
1  28.0  450
2  60.0  448
3  36.0  521
4  60.0  380
5  77.0  267
6  20.0  258
7  67.0  326
8  32.0  350
9  82.0  269
10  73.0  217
11  91.0  101
12  76.0  235
13  68.0  346
14  59.0  320
15  25.0  142
16  75.0  196
17  71.0  214
18  91.0  169
19  56.0  281
20  77.0  96
0  32.0  370
1  30.0  237
2  14.0  354
3  43.0  312
4  93.0  188
5  56.0  246
6  63.0  373
7  46.0  376
8  58.0  282
9  66.0  168
10  80.0  280
11  61.0  220
12  77.0  124
13  73.0  261
14  54.0  339
15  90.0  115
16  84.0  133
17  84.0  84
18  59.0  248
19  79.0  232
20  89.0  124
0  51.0  424
1  22.0  309
2  42.0  413
3  40.0  379
4  78.0  157
5  96.0  32
6  56.0  373
7  62.0  319
8  87.0  155
9  86.0  138
10  79.0  198
11  78.0  306
12  84.0  123
13  81.0  238
14  76.0  251
15  91.0  38
16  54.0  180
17  15.0  301
18  63.0  88
19  34.0  112
20  89.0  119
0  55.0  365
1  38.0  610
2  28.0  293
3  54.0  358
4  48.0  287
5  45.0  364
6  31.0  289
7  64.0  416
8  12.0  332
9  52.0  288
10  71.0  216
11  39.0  309
12  70.0  243
13  94.0  75
14  80.0  161
15  70.0  159
16  69.0  277
17  79.0  133
18  90.0  47
19  78.0  156
20  97.0  30
0  69.0  362
1  45.0  338
2  44.0  378
3  30.0  296
4  42.0  226
5  19.0  372
6  43.0  250
7  1.0  176
8  27.0  423
9  62.0  335
10  91.0  98
11  53.0  284
12  73.0  348
13  35.0  352
14  76.0  83
15  84.0  118
16  81.0  174
17  97.0  40
18  90.0  140
19  66.0  159
20  78.0  130
0  66.0  439
1  52.0  468
2  58.0  389
3  79.0  253
4  80.0  262
5  86.0  191
6  39.0  423
7  69.0  339
8  61.0  199
9  18.0  174
10  86.0  147
11  68.0  369
12  97.0  25
13  87.0  209
14  66.0  208
15  87.0  145
16  62.0  239
17  32.0  153
18  84.0  147
19  64.0  195
20  71.0  265
0  49.0  399
1  19.0  281
2  30.0  356
3  33.0  230
4  65.0  340
5  63.0  326
6  77.0  134
7  78.0  207
8  88.0  182
9  94.0  80
10  79.0  213
11  65.0  131
12  64.0  298
13  85.0  242
14  93.0  117
15  71.0  210
16  85.0  125
17  58.0  247
18  38.0  203
19  83.0  104
20  95.0  91
0  47.0  369
1  32.0  328
2  49.0  407
3  40.0  350
4  25.0  387
5  92.0  133
6  44.0  367
7  47.0  347
8  76.0  253
9  97.0  49
10  39.0  203
11  56.0  346
12  57.0  308
13  78.0  140
14  71.0  249
15  28.0  207
16  81.0  191
17  75.0  207
18  30.0  207
19  78.0  228
20  88.0  173
0  62.0  397
1  40.0  428
2  74.0  186
3  48.0  233
4  48.0  412
5  49.0  256
6  34.0  221
7  68.0  365
8  81.0  215
9  30.0  407
10  84.0  173
11  50.0  230
12  42.0  249
13  64.0  367
14  58.0  452
15  36.0  278
16  77.0  225
17  84.0  183
18  96.0  67
19  65.0  263
20  68.0  326
0  36.0  437
1  52.0  436
2  54.0  304
3  30.0  638
4  63.0  391
5  60.0  273
6  45.0  405
7  81.0  244
8  46.0  264
9  56.0  402
10  20.0  249
11  69.0  189
12  66.0  375
13  80.0  177
14  92.0  56
15  87.0  155
16  60.0  191
17  83.0  198
18  88.0  161
19  55.0  212
20  91.0  122
0  84.0  307
1  91.0  182
2  28.0  289
3  55.0  339
4  58.0  252
5  96.0  141
6  22.0  333
7  34.0  382
8  32.0  279
9  60.0  158
10  61.0  370
11  52.0  266
12  67.0  304
13  89.0  135
14  83.0  141
15  60.0  260
16  59.0  265
17  66.0  223
18  85.0  44
19  54.0  145
20  52.0  251
0  63.0  263
1  76.0  338
2  46.0  415
3  24.0  251
4  67.0  351
5  82.0  311
6  82.0  249
7  69.0  308
8  47.0  359
9  92.0  84
10  97.0  49
11  77.0  266
12  66.0  297
13  84.0  110
14  76.0  92
15  84.0  185
16  97.0  36
17  87.0  157
18  88.0  115
19  75.0  66
20  97.0  31
0  22.0  565
1  32.0  513
2  66.0  388
3  33.0  439
4  24.0  216
5  63.0  367
6  37.0  349
7  32.0  316
8  61.0  254
9  84.0  165
10  91.0  134
11  38.0  191
12  72.0  151
13  87.0  209
14  78.0  180
15  89.0  96
16  28.0  277
17  69.0  229
18  52.0  117
19  85.0  135
20  66.0  245
0  65.0  423
1  44.0  503
2  53.0  273
3  49.0  303
4  91.0  200
5  65.0  236
6  66.0  280
7  55.0  338
8  88.0  109
9  61.0  275
10  95.0  181
11  35.0  339
12  59.0  213
13  57.0  461
14  80.0  272
15  55.0  244
16  56.0  253
17  72.0  232
18  83.0  204
19  79.0  213
20  90.0  140
0  37.0  340
1  57.0  451
2  30.0  415
3  50.0  382
4  25.0  463
5  42.0  372
6  56.0  368
7  27.0  459
8  62.0  270
9  78.0  196
10  71.0  179
11  43.0  310
12  71.0  224
13  25.0  390
14  93.0  99
15  66.0  291
16  63.0  232
17  59.0  165
18  95.0  79
19  71.0  170
20  67.0  327
0  66.0  412
1  72.0  391
2  32.0  523
3  33.0  367
4  85.0  165
5  79.0  325
6  50.0  296
7  65.0  404
8  88.0  123
9  69.0  352
10  63.0  347
11  97.0  52
12  77.0  265
13  82.0  214
14  82.0  42
15  67.0  273
16  75.0  202
17  67.0  254
18  72.0  270
19  41.0  126
20  85.0  145
0  77.0  318
1  53.0  313
2  38.0  345
3  56.0  445
4  62.0  380
5  59.0  360
6  79.0  254
7  64.0  258
8  57.0  272
9  69.0  218
10  45.0  368
11  74.0  282
12  62.0  325
13  79.0  262
14  97.0  56
15  83.0  203
16  80.0  69
17  84.0  113
18  84.0  146
19  84.0  177
20  60.0  148
0  47.0  220
1  65.0  216
2  61.0  445
3  48.0  418
4  72.0  384
5  80.0  241
6  46.0  339
7  67.0  297
8  72.0  227
9  50.0  326
10  52.0  263
11  85.0  301
12  50.0  239
13  42.0  226
14  94.0  56
15  90.0  126
16  85.0  201
17  88.0  142
18  65.0  244
19  69.0  248
20  93.0  48
0  51.0  388
1  59.0  418
2  82.0  232
3  60.0  149
4  70.0  240
5  43.0  162
6  34.0  244
7  55.0  402
8  74.0  271
9  40.0  487
10  83.0  165
11  95.0  176
12  72.0  108
13  88.0  100
14  77.0  171
15  83.0  195
16  84.0  151
17  94.0  17
18  67.0  218
19  71.0  142
20  57.0  359
0  56.0  274
1  46.0  409
2  40.0  214
3  24.0  520
4  44.0  191
5  64.0  352
6  53.0  338
7  30.0  176
8  77.0  248
9  68.0  143
10  61.0  222
11  84.0  166
12  92.0  98
13  81.0  105
14  89.0  168
15  86.0  154
16  85.0  166
17  56.0  133
18  54.0  153
19  70.0  302
20  62.0  227
0  12.0  278
1  69.0  266
2  39.0  476
3  34.0  323
4  69.0  276
5  37.0  271
6  33.0  347
7  30.0  236
8  76.0  278
9  45.0  259
10  85.0  158
11  62.0  352
12  81.0  165
13  3.0  324
14  75.0  199
15  91.0  171
16  82.0  139
17  92.0  141
18  30.0  357
19  79.0  169
20  47.0  339
0  29.0  472
1  26.0  507
2  42.0  299
3  34.0  297
4  96.0  42
5  30.0  324
6  74.0  285
7  96.0  73
8  49.0  355
9  65.0  280
10  59.0  304
11  72.0  279
12  50.0  329
13  35.0  313
14  85.0  217
15  71.0  283
16  87.0  119
17  78.0  188
18  94.0  102
19  66.0  288
20  70.0  156
0  23.0  297
1  67.0  338
2  73.0  300
3  45.0  325
4  75.0  111
5  44.0  266
6  31.0  205
7  32.0  497
8  51.0  370
9  50.0  342
10  74.0  194
11  82.0  186
12  63.0  280
13  46.0  225
14  65.0  327
15  63.0  296
16  85.0  217
17  72.0  251
18  58.0  294
19  53.0  165
20  78.0  183
0  65.0  409
1  46.0  448
2  52.0  364
3  75.0  379
4  20.0  389
5  97.0  97
6  33.0  199
7  50.0  274
8  97.0  55
9  47.0  383
10  79.0  212
11  75.0  243
12  79.0  149
13  91.0  95
14  34.0  429
15  77.0  172
16  82.0  177
17  91.0  63
18  69.0  246
19  49.0  209
20  64.0  286
0  55.0  200
1  62.0  316
2  69.0  373
3  78.0  319
4  49.0  459
5  26.0  406
6  46.0  381
7  73.0  293
8  44.0  267
9  80.0  162
10  71.0  190
11  29.0  285
12  46.0  243
13  61.0  324
14  78.0  119
15  76.0  211
16  85.0  90
17  83.0  106
18  49.0  215
19  81.0  217
20  45.0  179
0  42.0  415
1  13.0  435
2  53.0  513
3  81.0  178
4  42.0  279
5  48.0  291
6  81.0  252
7  86.0  124
8  60.0  278
9  77.0  240
10  27.0  365
11  97.0  56
12  26.0  292
13  72.0  217
14  67.0  296
15  86.0  126
16  60.0  237
17  96.0  143
18  59.0  54
19  54.0  207
20  76.0  189
0  50.0  277
1  73.0  376
2  46.0  313
3  72.0  283
4  17.0  449
5  55.0  366
6  29.0  477
7  56.0  363
8  61.0  352
9  93.0  133
10  70.0  277
11  39.0  334
12  71.0  191
13  22.0  187
14  97.0  56
15  69.0  183
16  95.0  64
17  69.0  112
18  76.0  236
19  69.0  200
20  80.0  191
0  34.0  405
1  51.0  461
2  50.0  342
3  50.0  352
4  56.0  362
5  49.0  468
6  79.0  213
7  43.0  558
8  31.0  523
9  66.0  332
10  57.0  392
11  68.0  258
12  74.0  210
13  7.0  207
14  80.0  211
15  82.0  143
16  77.0  153
17  57.0  355
18  97.0  78
19  88.0  79
20  85.0  58
0  26.0  468
1  38.0  421
2  21.0  319
3  72.0  224
4  49.0  277
5  58.0  368
6  90.0  154
7  72.0  288
8  60.0  216
9  69.0  215
10  82.0  211
11  64.0  194
12  72.0  237
13  70.0  261
14  70.0  96
15  65.0  255
16  70.0  299
17  69.0  189
18  71.0  266
19  57.0  360
20  73.0  238
0  46.0  452
1  71.0  331
2  32.0  376
3  72.0  291
4  38.0  338
5  43.0  363
6  76.0  323
7  79.0  214
8  84.0  228
9  52.0  326
10  78.0  139
11  89.0  64
12  76.0  220
13  42.0  408
14  53.0  338
15  82.0  194
16  90.0  44
17  96.0  52
18  83.0  184
19  85.0  94
20  59.0  213
0  68.0  344
1  77.0  192
2  28.0  318
3  25.0  218
4  36.0  454
5  65.0  161
6  24.0  244
7  27.0  149
8  7.0  758
9  43.0  324
10  58.0  277
11  64.0  215
12  73.0  83
13  39.0  172
14  41.0  361
15  38.0  163
16  86.0  191
17  70.0  271
18  88.0  154
19  83.0  172
20  74.0  163
0  77.0  316
1  10.0  327
2  36.0  446
3  55.0  296
4  34.0  286
5  73.0  273
6  85.0  195
7  59.0  369
8  87.0  50
9  75.0  227
10  77.0  179
11  87.0  221
12  39.0  383
13  93.0  74
14  44.0  243
15  34.0  262
16  97.0  35
17  64.0  220
18  70.0  258
19  75.0  228
20  95.0  80
0  28.0  284
1  77.0  322
2  46.0  405
3  73.0  276
4  77.0  264
5  70.0  348
6  62.0  235
7  66.0  295
8  88.0  71
9  87.0  122
10  74.0  236
11  77.0  171
12  84.0  202
13  43.0  341
14  79.0  186
15  83.0  190
16  67.0  178
17  71.0  281
18  69.0  173
19  78.0  160
20  74.0  127
0  57.0  478
1  78.0  315
2  45.0  372
3  67.0  334
4  50.0  446
5  76.0  292
6  58.0  301
7  80.0  106
8  11.0  172
9  63.0  264
10  66.0  373
11  25.0  497
12  44.0  274
13  79.0  142
14  76.0  231
15  28.0  235
16  83.0  208
17  51.0  161
18  80.0  229
19  61.0  225
20  82.0  154
0  53.0  366
1  67.0  329
2  48.0  390
3  33.0  395
4  96.0  98
5  44.0  510
6  92.0  233
7  90.0  97
8  69.0  302
9  50.0  294
10  76.0  250
11  82.0  158
12  56.0  385
13  73.0  231
14  84.0  187
15  76.0  174
16  51.0  298
17  47.0  302
18  52.0  161
19  53.0  255
20  74.0  316
0  21.0  323
1  39.0  344
2  31.0  349
3  65.0  345
4  44.0  428
5  29.0  290
6  38.0  329
7  88.0  125
8  90.0  72
9  94.0  80
10  14.0  339
11  34.0  318
12  80.0  192
13  66.0  306
14  75.0  229
15  57.0  140
16  40.0  117
17  83.0  151
18  97.0  36
19  44.0  275
20  88.0  176
0  61.0  448
1  39.0  460
2  46.0  340
3  60.0  249
4  43.0  506
5  21.0  220
6  62.0  398
7  54.0  425
8  77.0  235
9  49.0  228
10  39.0  220
11  65.0  257
12  62.0  154
13  61.0  338
14  69.0  240
15  81.0  152
16  90.0  172
17  91.0  135
18  62.0  179
19  97.0  51
20  88.0  107
0  27.0  507
1  64.0  283
2  39.0  323
3  61.0  291
4  79.0  219
5  79.0  232
6  70.0  462
7  54.0  245
8  68.0  196
9  57.0  374
10  53.0  328
11  95.0  77
12  46.0  240
13  84.0  129
14  76.0  285
15  64.0  168
16  57.0  118
17  57.0  410
18  59.0  337
19  63.0  340
20  53.0  319
0  61.0  470
1  64.0  322
2  65.0  379
3  73.0  319
4  66.0  352
5  54.0  314
6  78.0  287
7  91.0  108
8  74.0  174
9  70.0  300
10  64.0  264
11  58.0  365
12  57.0  289
13  75.0  179
14  61.0  349
15  74.0  226
16  88.0  154
17  97.0  63
18  84.0  189
19  92.0  105
20  72.0  245
0  33.0  514
1  25.0  451
2  50.0  198
3  29.0  234
4  78.0  382
5  73.0  332
6  80.0  188
7  85.0  286
8  59.0  281
9  39.0  329
10  61.0  139
11  70.0  462
12  86.0  159
13  60.0  165
14  53.0  381
15  90.0  107
16  67.0  220
17  85.0  151
18  67.0  142
19  91.0  154
20  71.0  301
0  75.0  365
1  71.0  396
2  89.0  133
3  81.0  257
4  21.0  192
5  70.0  132
6  40.0  402
7  71.0  324
8  85.0  148
9  50.0  434
10  59.0  212
11  65.0  258
12  73.0  249
13  75.0  273
14  80.0  215
15  78.0  123
16  97.0  36
17  76.0  197
18  82.0  163
19  88.0  191
20  46.0  344
0  74.0  369
1  66.0  278
2  87.0  206
3  43.0  466
4  31.0  475
5  57.0  366
6  62.0  383
7  23.0  302
8  54.0  389
9  93.0  147
10  50.0  368
11  67.0  252
12  69.0  210
13  62.0  280
14  64.0  281
15  51.0  208
16  42.0  227
17  96.0  72
18  84.0  219
19  91.0  27
20  84.0  155
0  59.0  366
1  58.0  241
2  47.0  339
3  66.0  411
4  92.0  182
5  33.0  397
6  85.0  214
7  87.0  227
8  52.0  174
9  49.0  458
10  96.0  55
11  86.0  219
12  78.0  117
13  39.0  241
14  86.0  114
15  85.0  147
16  45.0  163
17  76.0  199
18  57.0  242
19  45.0  156
20  62.0  290
