1  49.0  479
2  63.0  408
3  23.0  310
4  79.0  315
5  58.0  443
6  38.0  320
7  38.0  463
1  44.0  502
2  68.0  444
3  48.0  403
4  20.0  413
5  43.0  474
6  49.0  426
7  26.0  461
1  28.0  517
2  43.0  362
3  44.0  222
4  29.0  449
5  35.0  506
6  35.0  458
7  50.0  400
1  50.0  405
2  52.0  473
3  41.0  412
4  32.0  434
5  22.0  287
6  51.0  428
7  60.0  444
1  47.0  450
2  85.0  323
3  34.0  280
4  33.0  385
5  42.0  572
6  35.0  569
7  41.0  416
1  66.0  388
2  56.0  367
3  61.0  398
4  12.0  455
5  61.0  442
6  48.0  389
7  28.0  481
1  47.0  396
2  67.0  373
3  58.0  415
4  43.0  263
5  59.0  378
6  45.0  442
7  21.0  535
1  61.0  449
2  49.0  391
3  30.0  484
4  49.0  325
5  35.0  475
6  47.0  414
7  37.0  482
1  30.0  511
2  35.0  388
3  25.0  492
4  14.0  325
5  55.0  411
6  19.0  562
7  50.0  472
1  64.0  362
2  65.0  424
3  27.0  232
4  57.0  332
5  65.0  443
6  36.0  401
7  25.0  259
1  58.0  292
2  70.0  385
3  6.0  213
4  36.0  388
5  30.0  337
6  34.0  459
7  15.0  398
1  35.0  279
2  68.0  361
3  11.0  287
4  68.0  402
5  69.0  425
6  25.0  332
7  4.0  380
1  30.0  440
2  49.0  502
3  45.0  465
4  60.0  417
5  26.0  452
6  64.0  454
7  28.0  360
1  44.0  308
2  23.0  228
3  36.0  433
4  0.0  301
5  52.0  394
6  33.0  358
7  68.0  396
1  22.0  452
2  51.0  322
3  68.0  386
4  60.0  456
5  46.0  445
6  2.0  491
7  24.0  293
1  62.0  362
2  32.0  565
3  24.0  415
4  45.0  444
5  36.0  398
6  46.0  532
7  79.0  300
1  72.0  359
2  35.0  393
3  45.0  296
4  63.0  379
5  42.0  466
6  53.0  562
7  32.0  581
1  55.0  476
2  42.0  355
3  54.0  450
4  12.0  228
5  41.0  353
6  78.0  352
7  39.0  482
1  56.0  401
2  22.0  333
3  16.0  290
4  68.0  329
5  63.0  476
6  54.0  307
7  42.0  454
1  42.0  432
2  75.0  380
3  45.0  460
4  59.0  389
5  42.0  560
6  36.0  454
7  44.0  495
1  17.0  148
2  87.0  307
3  88.0  319
4  37.0  371
5  47.0  297
6  71.0  332
7  4.0  806
1  8.0  421
2  68.0  417
3  59.0  361
4  38.0  514
5  73.0  369
6  30.0  347
7  57.0  418
1  52.0  488
2  19.0  286
3  72.0  369
4  41.0  525
5  31.0  425
6  24.0  367
7  57.0  315
1  37.0  472
2  39.0  256
3  70.0  384
4  45.0  341
5  66.0  380
6  23.0  372
7  21.0  475
1  95.0  247
2  60.0  324
3  61.0  313
4  48.0  325
5  49.0  363
6  55.0  439
7  45.0  503
1  28.0  585
2  54.0  360
3  25.0  530
4  55.0  417
5  18.0  233
6  66.0  393
7  35.0  376
1  56.0  275
2  75.0  404
3  36.0  384
4  37.0  419
5  33.0  314
6  27.0  393
7  31.0  251
1  38.0  256
2  51.0  430
3  59.0  370
4  70.0  427
5  35.0  362
6  48.0  390
7  37.0  491
1  57.0  361
2  46.0  568
3  33.0  223
4  23.0  448
5  41.0  543
6  41.0  414
7  36.0  611
1  58.0  479
2  55.0  413
3  77.0  357
4  58.0  414
5  27.0  474
6  31.0  488
7  36.0  429
1  68.0  353
2  55.0  443
3  17.0  443
4  42.0  372
5  47.0  351
6  57.0  451
7  41.0  477
1  70.0  371
2  49.0  427
3  44.0  359
4  26.0  445
5  41.0  276
6  30.0  514
7  23.0  292
1  56.0  422
2  34.0  440
3  26.0  441
4  62.0  369
5  64.0  392
6  55.0  367
7  40.0  634
1  78.0  358
2  61.0  271
3  51.0  438
4  24.0  207
5  36.0  382
6  48.0  484
7  23.0  459
1  64.0  419
2  35.0  514
3  37.0  414
4  32.0  363
5  30.0  399
6  69.0  366
7  41.0  293
1  20.0  236
2  75.0  409
3  60.0  282
4  57.0  455
5  67.0  409
6  27.0  343
7  51.0  472
1  44.0  469
2  43.0  419
3  36.0  405
4  49.0  297
5  35.0  329
6  49.0  409
7  62.0  438
1  97.0  272
2  59.0  420
3  42.0  466
4  63.0  386
5  57.0  457
6  52.0  357
7  47.0  511
1  47.0  424
2  34.0  371
3  62.0  357
4  50.0  349
5  52.0  473
6  53.0  502
7  20.0  435
1  53.0  488
2  72.0  385
3  37.0  479
4  46.0  413
5  48.0  267
6  39.0  557
7  43.0  532
1  30.0  364
2  57.0  429
3  49.0  529
4  81.0  293
5  63.0  338
6  78.0  336
7  48.0  374
1  37.0  414
2  18.0  448
3  5.0  395
4  26.0  351
5  42.0  352
6  40.0  433
7  45.0  493
1  44.0  423
2  67.0  378
3  33.0  503
4  55.0  425
5  29.0  425
6  4.0  326
7  17.0  459
1  59.0  391
2  27.0  257
3  49.0  300
4  43.0  270
5  19.0  348
6  29.0  317
7  42.0  507
1  61.0  331
2  46.0  416
3  51.0  546
4  66.0  392
5  84.0  305
6  38.0  467
7  34.0  484
1  53.0  305
2  58.0  339
3  41.0  461
4  21.0  361
5  49.0  429
6  37.0  392
7  54.0  441
1  61.0  394
2  26.0  594
3  31.0  212
4  25.0  247
5  40.0  379
6  56.0  419
7  53.0  406
1  72.0  355
2  68.0  395
3  42.0  491
4  59.0  429
5  55.0  375
6  50.0  306
7  51.0  535
1  22.0  537
2  46.0  487
3  32.0  377
4  28.0  268
5  53.0  364
6  38.0  499
7  17.0  526
1  28.0  286
2  85.0  297
3  35.0  352
4  30.0  335
5  59.0  369
6  40.0  395
7  39.0  534
1  67.0  349
2  59.0  445
3  36.0  278
4  58.0  396
5  64.0  356
6  26.0  247
7  28.0  358
1  23.0  383
2  20.0  453
3  41.0  619
4  58.0  430
5  43.0  680
6  51.0  429
7  44.0  259
1  62.0  415
2  13.0  293
3  62.0  430
4  49.0  384
5  51.0  446
6  65.0  399
7  52.0  441
1  71.0  326
2  59.0  456
3  57.0  531
4  19.0  503
5  52.0  316
6  52.0  409
7  45.0  559
1  50.0  341
2  55.0  413
3  49.0  475
4  29.0  324
5  29.0  460
6  56.0  543
7  44.0  405
1  67.0  343
2  54.0  456
3  58.0  517
4  64.0  400
5  29.0  444
6  36.0  493
7  55.0  513
1  21.0  291
2  46.0  365
3  69.0  399
4  55.0  468
5  38.0  588
6  55.0  316
7  38.0  535
1  55.0  355
2  57.0  421
3  23.0  300
4  48.0  500
5  55.0  498
6  42.0  441
7  42.0  374
1  48.0  490
2  55.0  550
3  72.0  366
4  33.0  423
5  32.0  277
6  38.0  409
7  28.0  545
1  49.0  377
2  82.0  311
3  30.0  314
4  56.0  433
5  41.0  387
6  16.0  364
7  33.0  579
1  40.0  569
2  67.0  348
3  46.0  424
4  62.0  480
5  52.0  428
6  36.0  320
7  56.0  432
1  89.0  257
2  14.0  448
3  47.0  493
4  36.0  235
5  50.0  460
6  14.0  412
7  64.0  446
1  59.0  331
2  50.0  447
3  53.0  444
4  45.0  467
5  35.0  585
6  19.0  482
7  40.0  423
1  79.0  308
2  41.0  200
3  45.0  423
4  39.0  508
5  36.0  428
6  43.0  369
7  42.0  409
1  47.0  418
2  77.0  351
3  53.0  316
4  47.0  316
5  66.0  430
6  43.0  323
7  16.0  513
1  72.0  350
2  66.0  427
3  55.0  510
4  78.0  388
5  55.0  309
6  76.0  344
7  35.0  322
1  59.0  383
2  56.0  234
3  48.0  482
4  47.0  322
5  55.0  370
6  50.0  452
7  60.0  437
1  82.0  312
2  46.0  407
3  37.0  525
4  24.0  307
5  53.0  323
6  62.0  419
7  29.0  356
1  29.0  431
2  23.0  142
3  45.0  407
4  53.0  525
5  28.0  507
6  46.0  396
7  62.0  408
1  59.0  506
2  36.0  390
3  37.0  484
4  41.0  372
5  25.0  460
6  71.0  279
7  56.0  376
1  23.0  301
2  55.0  391
3  70.0  320
4  20.0  455
5  38.0  389
6  29.0  481
7  40.0  278
1  28.0  455
2  41.0  476
3  52.0  427
4  63.0  319
5  57.0  361
6  35.0  524
7  38.0  461
1  44.0  469
2  73.0  373
3  16.0  501
4  56.0  413
5  27.0  351
6  54.0  403
7  23.0  473
1  29.0  354
2  57.0  307
3  54.0  452
4  26.0  426
5  38.0  450
6  52.0  368
7  39.0  574
1  69.0  360
2  51.0  503
3  47.0  490
4  35.0  489
5  17.0  370
6  26.0  362
7  52.0  432
1  30.0  308
2  57.0  466
3  71.0  410
4  50.0  416
5  61.0  363
6  50.0  344
7  60.0  353
1  18.0  421
2  8.0  254
3  51.0  407
4  75.0  335
5  38.0  395
6  81.0  363
7  37.0  463
1  39.0  365
2  18.0  314
3  45.0  321
4  45.0  423
5  33.0  346
6  31.0  385
7  25.0  539
1  49.0  507
2  18.0  545
3  56.0  580
4  52.0  275
5  30.0  304
6  78.0  287
7  60.0  391
1  35.0  193
2  32.0  367
3  39.0  373
4  39.0  405
5  52.0  416
6  49.0  404
7  39.0  515
1  45.0  440
2  17.0  364
3  39.0  484
4  52.0  363
5  54.0  373
6  38.0  485
7  23.0  496
1  58.0  408
2  50.0  388
3  47.0  356
4  47.0  410
5  32.0  347
6  28.0  398
7  51.0  475
1  23.0  404
2  30.0  650
3  60.0  376
4  35.0  310
5  42.0  433
6  26.0  326
7  35.0  544
1  39.0  242
2  49.0  422
3  49.0  445
4  43.0  356
5  29.0  309
6  81.0  316
7  66.0  391
1  55.0  446
2  55.0  254
3  37.0  289
4  58.0  395
5  74.0  374
6  13.0  346
7  30.0  499
1  28.0  502
2  55.0  376
3  35.0  442
4  46.0  410
5  36.0  389
6  40.0  591
7  42.0  297
1  55.0  492
2  29.0  391
3  27.0  614
4  79.0  310
5  12.0  332
6  48.0  427
7  58.0  475
1  44.0  428
2  82.0  326
3  19.0  212
4  32.0  184
5  48.0  342
6  35.0  391
7  38.0  472
1  15.0  424
2  25.0  364
3  33.0  350
4  43.0  501
5  60.0  411
6  60.0  437
7  42.0  430
1  17.0  303
2  35.0  314
3  77.0  359
4  39.0  460
5  58.0  365
6  29.0  319
7  32.0  348
1  81.0  299
2  45.0  549
3  74.0  332
4  25.0  522
5  41.0  309
6  57.0  359
7  18.0  361
1  79.0  297
2  34.0  562
3  25.0  368
4  15.0  213
5  60.0  420
6  36.0  390
7  24.0  587
1  39.0  250
2  28.0  370
3  26.0  464
4  59.0  285
5  32.0  395
6  55.0  518
7  52.0  428
1  74.0  318
2  45.0  383
3  32.0  450
4  58.0  542
5  28.0  432
6  74.0  358
7  31.0  336
1  63.0  301
2  47.0  545
3  53.0  325
4  36.0  292
5  44.0  497
6  34.0  270
7  56.0  422
1  69.0  377
2  34.0  463
3  66.0  300
4  60.0  435
5  57.0  366
6  28.0  565
7  63.0  341
1  69.0  284
2  77.0  369
3  51.0  415
4  69.0  399
5  45.0  444
6  38.0  415
7  46.0  415
1  41.0  599
2  59.0  442
3  64.0  385
4  58.0  379
5  60.0  348
6  47.0  408
7  29.0  462
1  72.0  394
2  66.0  395
3  46.0  364
4  56.0  339
5  23.0  509
6  44.0  411
7  40.0  565
1  46.0  382
2  54.0  308
3  32.0  422
4  26.0  377
5  34.0  278
6  41.0  362
7  15.0  318
