1  45.899999999999999  2702
2  49.200000000000003  2974
3  53.399999999999999  2689
4  42.0  2738
5  43.899999999999999  2913
6  42.700000000000003  3096
7  52.299999999999997  2720
1  35.899999999999999  2940
2  44.100000000000001  3153
3  45.299999999999997  2775
4  37.399999999999999  2833
5  43.600000000000001  3121
6  45.399999999999999  2623
7  36.700000000000003  2718
1  43.299999999999997  2518
2  37.799999999999997  2666
3  45.799999999999997  2550
4  43.5  2961
5  42.100000000000001  2876
6  38.299999999999997  3107
7  45.100000000000001  2510
1  46.0  2805
2  46.799999999999997  2529
3  41.600000000000001  3031
4  52.5  2974
5  40.100000000000001  2505
6  42.600000000000001  2824
7  29.300000000000001  2974
1  46.299999999999997  2596
2  24.600000000000001  3101
3  45.100000000000001  2892
4  40.700000000000003  2520
5  38.299999999999997  3031
6  50.899999999999999  2959
7  44.5  2840
1  41.0  3094
2  37.899999999999999  2488
3  42.799999999999997  3107
4  43.399999999999999  2926
5  43.600000000000001  2966
6  41.0  2664
7  41.600000000000001  2826
1  45.299999999999997  2652
2  54.399999999999999  3089
3  36.0  2718
4  46.899999999999999  3025
5  42.200000000000003  2784
6  47.200000000000003  2642
7  46.799999999999997  3116
1  36.700000000000003  2678
2  36.700000000000003  2707
3  37.0  2976
4  40.200000000000003  2622
5  38.100000000000001  2535
6  50.700000000000003  2942
7  38.200000000000003  2963
1  48.5  2989
2  33.799999999999997  2581
3  34.0  3110
4  37.0  2968
5  41.600000000000001  2901
6  34.799999999999997  3408
7  45.5  2931
1  40.899999999999999  2976
2  41.0  3067
3  45.5  3067
4  48.5  3046
5  48.299999999999997  2576
6  46.5  3235
7  43.5  2819
1  41.700000000000003  3155
2  45.5  3023
3  37.799999999999997  3187
4  33.600000000000001  3290
5  48.799999999999997  2804
6  38.399999999999999  3096
7  48.0  2927
1  41.5  2673
2  40.799999999999997  2651
3  41.700000000000003  2669
4  43.799999999999997  2982
5  32.0  3284
6  46.299999999999997  3250
7  44.799999999999997  2911
1  42.299999999999997  3112
2  44.700000000000003  3008
3  45.299999999999997  2985
4  51.899999999999999  2943
5  38.299999999999997  3064
6  44.399999999999999  2926
7  41.600000000000001  2989
1  53.5  2766
2  45.299999999999997  2421
3  35.700000000000003  3227
4  47.299999999999997  2909
5  38.200000000000003  2766
6  48.200000000000003  2902
7  40.200000000000003  3046
1  55.399999999999999  2877
2  38.899999999999999  3010
3  42.899999999999999  2744
4  40.399999999999999  2672
5  51.700000000000003  2585
6  43.399999999999999  2996
7  43.200000000000003  3055
1  33.200000000000003  2802
2  33.5  3022
3  38.100000000000001  3105
4  47.200000000000003  2802
5  40.299999999999997  2959
6  45.700000000000003  3111
7  40.200000000000003  3108
1  43.600000000000001  2733
2  45.200000000000003  3060
3  50.0  3013
4  45.0  2724
5  46.799999999999997  2929
6  39.399999999999999  2753
7  35.100000000000001  3091
1  28.600000000000001  2756
2  51.700000000000003  2688
3  37.100000000000001  2646
4  29.399999999999999  3003
5  39.399999999999999  3050
6  38.399999999999999  3113
7  52.5  2839
1  53.899999999999999  2521
2  43.399999999999999  3252
3  39.299999999999997  2697
4  40.0  3159
5  47.700000000000003  3084
6  43.799999999999997  2974
7  42.100000000000001  3158
1  42.399999999999999  2986
2  47.799999999999997  3192
3  46.299999999999997  2929
4  43.399999999999999  2936
5  24.800000000000001  2966
6  43.600000000000001  3291
7  44.399999999999999  3164
1  38.399999999999999  3288
2  47.0  2782
3  47.399999999999999  2747
4  37.799999999999997  3258
5  40.600000000000001  2748
6  47.200000000000003  3095
7  42.0  2952
1  37.5  3146
2  45.899999999999999  2874
3  44.100000000000001  2651
4  42.899999999999999  2875
5  47.5  2918
6  33.299999999999997  2840
7  47.299999999999997  2995
1  51.600000000000001  3074
2  39.600000000000001  3020
3  51.0  2770
4  32.200000000000003  2669
5  47.399999999999999  2914
6  41.0  2617
7  40.200000000000003  3124
1  48.700000000000003  3298
2  41.899999999999999  2615
3  43.100000000000001  2787
4  38.299999999999997  3028
5  53.100000000000001  2751
6  39.0  2675
7  37.399999999999999  2915
1  40.100000000000001  3125
2  49.600000000000001  2819
3  33.200000000000003  2471
4  50.899999999999999  2915
5  43.100000000000001  2704
6  47.399999999999999  2841
7  44.299999999999997  3005
1  44.899999999999999  3084
2  38.100000000000001  3317
3  34.700000000000003  2536
4  55.0  2863
5  42.5  2636
6  49.100000000000001  2788
7  39.399999999999999  2730
1  34.200000000000003  3056
2  32.899999999999999  2251
3  33.299999999999997  2904
4  39.0  3004
5  44.100000000000001  2990
6  37.899999999999999  3068
7  44.200000000000003  2889
1  46.700000000000003  3137
2  45.700000000000003  3078
3  43.600000000000001  2738
4  47.0  3089
5  42.899999999999999  2801
6  41.5  2759
7  52.799999999999997  2851
1  37.299999999999997  2677
2  47.600000000000001  2689
3  54.200000000000003  2716
4  39.899999999999999  3545
5  42.399999999999999  3173
6  44.200000000000003  2785
7  34.600000000000001  2674
1  50.100000000000001  3030
2  53.799999999999997  2463
3  44.299999999999997  3035
4  39.600000000000001  3002
5  44.799999999999997  3004
6  47.5  2722
7  47.5  3111
1  31.0  2829
2  35.899999999999999  3247
3  39.799999999999997  3232
4  47.700000000000003  2700
5  37.700000000000003  2813
6  45.299999999999997  3103
7  41.799999999999997  2819
1  41.5  2599
2  40.200000000000003  2888
3  48.600000000000001  3067
4  34.799999999999997  2655
5  42.299999999999997  2829
6  41.5  2932
7  32.799999999999997  2792
1  51.5  2922
2  30.600000000000001  3102
3  31.800000000000001  2991
4  50.700000000000003  2873
5  50.299999999999997  3166
6  42.600000000000001  2830
7  44.0  2828
1  47.0  2914
2  38.899999999999999  3221
3  43.399999999999999  2982
4  37.5  3060
5  43.899999999999999  2820
6  38.899999999999999  2648
7  41.799999999999997  2825
1  46.5  3104
2  44.299999999999997  2713
3  43.799999999999997  2902
4  38.399999999999999  2978
5  48.899999999999999  3019
6  32.0  2985
7  42.200000000000003  3010
1  38.100000000000001  2972
2  50.200000000000003  2998
3  41.799999999999997  2889
4  52.399999999999999  2874
5  34.5  3131
6  44.399999999999999  3143
7  39.299999999999997  2935
1  49.5  2887
2  43.0  3100
3  47.399999999999999  2860
4  39.700000000000003  2715
5  51.200000000000003  2770
6  45.799999999999997  2749
7  40.700000000000003  2876
1  51.899999999999999  2989
2  44.5  2671
3  35.899999999999999  3111
4  46.0  2816
5  48.0  3245
6  36.0  2926
7  38.799999999999997  2945
1  39.600000000000001  3054
2  40.700000000000003  2848
3  39.0  3197
4  36.100000000000001  2739
5  43.899999999999999  2958
6  47.399999999999999  2733
7  42.600000000000001  2801
1  45.5  3126
2  43.100000000000001  3089
3  42.200000000000003  2755
4  47.0  3004
5  48.399999999999999  3028
6  38.600000000000001  3017
7  31.899999999999999  3024
1  36.299999999999997  2603
2  47.200000000000003  2939
3  47.299999999999997  2994
4  45.0  3058
5  44.0  2791
6  46.899999999999999  2664
7  47.600000000000001  2869
1  48.200000000000003  3179
2  40.799999999999997  2993
3  40.5  2702
4  44.399999999999999  2713
5  43.5  3025
6  46.200000000000003  3032
7  46.899999999999999  2618
1  42.899999999999999  3196
2  59.799999999999997  2810
3  36.200000000000003  2987
4  39.399999999999999  2549
5  38.5  2813
6  48.200000000000003  3000
7  41.799999999999997  2941
1  37.600000000000001  2823
2  41.899999999999999  2966
3  51.299999999999997  2917
4  51.899999999999999  2762
5  34.299999999999997  2619
6  47.600000000000001  3019
7  41.600000000000001  3177
1  23.0  3038
2  39.600000000000001  2939
3  41.399999999999999  2785
4  43.600000000000001  3025
5  47.899999999999999  2968
6  51.5  2769
7  47.100000000000001  3048
1  50.200000000000003  3056
2  35.100000000000001  2829
3  38.100000000000001  3025
4  48.899999999999999  2815
5  41.200000000000003  2850
6  51.100000000000001  3124
7  38.799999999999997  3050
1  51.600000000000001  2908
2  49.799999999999997  3245
3  38.100000000000001  2554
4  39.0  3015
5  39.700000000000003  3255
6  45.200000000000003  2772
7  34.299999999999997  2845
1  45.700000000000003  2536
2  46.899999999999999  2613
3  36.100000000000001  3063
4  41.200000000000003  2953
5  44.200000000000003  3016
6  41.899999999999999  2937
7  38.600000000000001  2658
1  43.200000000000003  2589
2  47.0  3048
3  52.399999999999999  2953
4  38.899999999999999  2660
5  43.600000000000001  2892
6  36.200000000000003  3125
7  35.799999999999997  2905
1  38.200000000000003  3456
2  43.399999999999999  2816
3  45.600000000000001  2994
4  34.5  3040
5  42.100000000000001  2722
6  36.5  2778
7  35.899999999999999  2896
1  34.0  2645
2  38.799999999999997  2892
3  41.200000000000003  3175
4  44.799999999999997  2953
5  38.200000000000003  2852
6  41.600000000000001  3051
7  47.0  2726
1  41.0  2586
2  47.100000000000001  3257
3  54.0  3028
4  41.899999999999999  3153
5  42.799999999999997  2855
6  53.799999999999997  2685
7  42.399999999999999  2864
1  56.899999999999999  3131
2  52.200000000000003  2941
3  33.100000000000001  2868
4  50.799999999999997  2907
5  44.399999999999999  2861
6  43.399999999999999  3069
7  41.600000000000001  2755
1  40.5  2818
2  49.700000000000003  2881
3  45.200000000000003  3052
4  42.899999999999999  2945
5  48.700000000000003  2835
6  45.100000000000001  2992
7  41.0  2894
1  48.700000000000003  2840
2  39.600000000000001  3142
3  41.399999999999999  2652
4  46.0  2689
5  44.5  2645
6  44.600000000000001  3122
7  49.299999999999997  2867
1  43.899999999999999  3072
2  34.0  3194
3  31.899999999999999  2983
4  43.600000000000001  2797
5  40.5  2669
6  55.700000000000003  3060
7  37.600000000000001  2763
1  37.899999999999999  2669
2  57.799999999999997  2851
3  48.100000000000001  2985
4  33.700000000000003  3034
5  47.5  2649
6  41.399999999999999  2880
7  40.200000000000003  3115
1  56.899999999999999  2561
2  42.399999999999999  2727
3  51.299999999999997  3133
4  44.200000000000003  3100
5  36.799999999999997  2623
6  47.100000000000001  2686
7  44.5  3082
1  47.399999999999999  2925
2  60.0  2775
3  36.299999999999997  2612
4  36.799999999999997  2858
5  46.600000000000001  3110
6  45.899999999999999  2862
7  44.700000000000003  3123
1  48.600000000000001  3231
2  51.5  2918
3  39.0  2688
4  45.700000000000003  3110
5  41.700000000000003  3128
6  42.5  2904
7  37.5  2933
1  57.299999999999997  2754
2  43.399999999999999  3296
3  40.299999999999997  2849
4  43.200000000000003  2651
5  38.100000000000001  2396
6  43.100000000000001  2859
7  39.5  2967
1  52.5  2640
2  45.299999999999997  3095
3  42.299999999999997  3153
4  46.299999999999997  2972
5  45.700000000000003  2910
6  43.600000000000001  2940
7  42.0  2687
1  48.5  2945
2  46.799999999999997  2769
3  51.399999999999999  2626
4  46.600000000000001  2862
5  39.399999999999999  3014
6  43.100000000000001  2881
7  42.200000000000003  3218
1  34.100000000000001  2742
2  45.100000000000001  2939
3  42.600000000000001  3340
4  49.700000000000003  3093
5  44.5  3049
6  32.200000000000003  2993
7  46.700000000000003  2949
1  45.799999999999997  2892
2  49.700000000000003  3259
3  36.5  3019
4  40.0  3047
5  52.399999999999999  2924
6  41.600000000000001  2545
7  45.899999999999999  2658
1  37.0  2916
2  43.899999999999999  3096
3  41.399999999999999  2605
4  30.100000000000001  2556
5  48.700000000000003  2961
6  38.0  2530
7  40.100000000000001  2758
1  36.700000000000003  3052
2  37.200000000000003  3046
3  52.600000000000001  3038
4  36.0  2701
5  43.399999999999999  2684
6  44.200000000000003  2928
7  46.5  2989
1  51.200000000000003  2717
2  52.700000000000003  2765
3  46.5  2778
4  46.399999999999999  3003
5  41.0  3098
6  49.299999999999997  3201
7  39.5  3022
1  27.100000000000001  3148
2  30.800000000000001  3147
3  46.299999999999997  2698
4  29.699999999999999  3161
5  42.5  3223
6  51.600000000000001  2739
7  43.5  2607
1  45.799999999999997  2452
2  36.0  2810
3  45.5  2766
4  41.399999999999999  3040
5  44.799999999999997  2860
6  36.399999999999999  2908
7  44.399999999999999  3081
1  50.799999999999997  2832
2  44.200000000000003  2677
3  49.0  2677
4  37.799999999999997  2887
5  44.600000000000001  2879
6  44.0  3368
7  41.899999999999999  3127
1  45.899999999999999  2956
2  48.700000000000003  2770
3  43.5  3116
4  28.800000000000001  2570
5  50.0  2603
6  39.799999999999997  3255
7  33.399999999999999  2975
1  35.700000000000003  2910
2  34.100000000000001  2636
3  48.799999999999997  2420
4  40.5  2827
5  37.299999999999997  2805
6  46.299999999999997  2975
7  41.200000000000003  2933
1  42.200000000000003  2676
2  51.799999999999997  2817
3  42.0  3181
4  39.5  2566
5  32.100000000000001  2982
6  39.899999999999999  3021
7  32.0  3032
1  44.600000000000001  2679
2  46.899999999999999  2552
3  39.600000000000001  2895
4  35.5  2743
5  43.100000000000001  2977
6  43.600000000000001  3033
7  33.799999999999997  2886
1  47.700000000000003  2835
2  44.600000000000001  3168
3  36.899999999999999  3285
4  47.799999999999997  2703
5  36.700000000000003  2796
6  38.399999999999999  3065
7  40.200000000000003  2889
1  49.5  2742
2  33.200000000000003  2832
3  44.399999999999999  2811
4  47.100000000000001  2925
5  39.0  3002
6  49.600000000000001  3234
7  51.100000000000001  2925
1  48.5  3029
2  29.699999999999999  2777
3  53.0  2624
4  43.299999999999997  3153
5  46.799999999999997  2833
6  40.299999999999997  2809
7  50.100000000000001  3034
1  48.100000000000001  2897
2  47.299999999999997  2747
3  38.899999999999999  3097
4  43.5  2684
5  39.0  2793
6  44.299999999999997  2982
7  39.0  3036
1  43.600000000000001  2998
2  35.100000000000001  3086
3  40.399999999999999  3244
4  28.100000000000001  2913
5  37.399999999999999  2870
6  51.0  2896
7  39.200000000000003  3422
1  38.0  2678
2  47.299999999999997  3067
3  50.600000000000001  2965
4  32.600000000000001  3162
5  40.5  3239
6  30.800000000000001  3080
7  51.700000000000003  2716
1  49.600000000000001  2773
2  53.799999999999997  2954
3  34.200000000000003  3263
4  43.100000000000001  2779
5  46.399999999999999  2891
6  44.600000000000001  2610
7  42.299999999999997  2607
1  48.200000000000003  2923
2  43.200000000000003  3237
3  42.700000000000003  2685
4  46.899999999999999  2884
5  41.600000000000001  2974
6  43.200000000000003  2876
7  42.399999999999999  3013
1  45.799999999999997  3161
2  46.600000000000001  2961
3  53.399999999999999  2839
4  45.799999999999997  2956
5  45.700000000000003  2961
6  52.399999999999999  2825
7  35.0  2967
1  52.799999999999997  3356
2  55.799999999999997  2584
3  37.299999999999997  3039
4  51.299999999999997  2878
5  37.700000000000003  3001
6  41.0  3153
7  41.700000000000003  2604
1  41.700000000000003  3015
2  49.100000000000001  2744
3  32.200000000000003  3016
4  46.5  3061
5  34.399999999999999  3082
6  39.399999999999999  2970
7  46.899999999999999  2661
1  41.600000000000001  2854
2  43.600000000000001  2596
3  42.899999999999999  2963
4  44.100000000000001  2943
5  49.0  2775
6  35.700000000000003  3060
7  38.799999999999997  3085
1  35.200000000000003  3054
2  55.700000000000003  2541
3  42.600000000000001  2926
4  38.5  2948
5  50.200000000000003  2582
6  41.399999999999999  2994
7  44.5  2689
1  28.199999999999999  3224
2  50.399999999999999  2778
3  38.799999999999997  3163
4  44.299999999999997  2615
5  39.700000000000003  3019
6  47.5  3044
7  40.200000000000003  3099
1  43.399999999999999  2564
2  42.0  3041
3  40.799999999999997  2577
4  40.0  2869
5  45.299999999999997  3278
6  45.200000000000003  3233
7  50.600000000000001  2902
1  37.399999999999999  2790
2  33.299999999999997  2896
3  51.100000000000001  2769
4  46.399999999999999  3311
5  49.299999999999997  3193
6  42.5  3101
7  35.899999999999999  2822
1  32.899999999999999  2476
2  47.700000000000003  3333
3  51.5  2837
4  50.100000000000001  2855
5  43.5  3408
6  37.899999999999999  3107
7  44.899999999999999  2816
1  52.200000000000003  2569
2  32.5  2633
3  41.200000000000003  3025
4  50.799999999999997  2807
5  40.899999999999999  2913
6  40.100000000000001  2964
7  48.299999999999997  2972
1  51.299999999999997  2908
2  42.700000000000003  2684
3  44.299999999999997  3142
4  38.899999999999999  3042
5  48.399999999999999  2917
6  47.399999999999999  2821
7  37.799999999999997  2620
1  36.799999999999997  2875
2  37.899999999999999  2676
3  46.799999999999997  2892
4  46.899999999999999  2792
5  53.200000000000003  3192
6  41.0  2913
7  46.100000000000001  2841
1  29.5  2952
2  44.399999999999999  2364
3  42.799999999999997  2947
4  40.299999999999997  3096
5  42.200000000000003  2551
6  41.700000000000003  2760
7  42.100000000000001  3057
1  41.799999999999997  2942
2  46.100000000000001  2882
3  38.200000000000003  2394
4  43.899999999999999  2731
5  42.399999999999999  2840
6  37.5  3130
7  39.5  2948
1  47.700000000000003  2470
2  37.600000000000001  2294
3  47.5  2342
4  33.899999999999999  2920
5  42.899999999999999  2586
6  43.200000000000003  3107
7  35.299999999999997  2948
1  38.600000000000001  2814
2  59.100000000000001  3055
3  45.899999999999999  2575
4  42.0  3220
5  48.700000000000003  2722
6  45.200000000000003  2879
7  38.399999999999999  2777
1  34.200000000000003  3068
2  33.0  3036
3  31.399999999999999  2821
4  46.100000000000001  3209
5  43.600000000000001  3211
6  42.200000000000003  2721
7  36.600000000000001  3109
