1  20.0  323
2  56.0  581
3  62.0  340
4  26.0  387
5  22.0  426
6  61.0  360
7  65.0  404
1  67.0  282
2  52.0  475
3  49.0  402
4  65.0  394
5  54.0  355
6  59.0  495
7  32.0  418
1  13.0  370
2  54.0  318
3  51.0  439
4  23.0  521
5  34.0  441
6  54.0  364
7  44.0  361
1  56.0  398
2  47.0  422
3  36.0  358
4  62.0  340
5  33.0  354
6  56.0  430
7  51.0  364
1  38.0  524
2  51.0  377
3  39.0  557
4  47.0  324
5  49.0  415
6  49.0  355
7  58.0  374
1  57.0  354
2  68.0  368
3  20.0  566
4  50.0  520
5  31.0  466
6  42.0  507
7  61.0  371
1  61.0  443
2  69.0  430
3  65.0  434
4  39.0  310
5  67.0  383
6  47.0  474
7  55.0  362
1  65.0  341
2  53.0  415
3  36.0  411
4  44.0  378
5  57.0  406
6  73.0  332
7  27.0  483
1  70.0  368
2  97.0  83
3  29.0  335
4  26.0  160
5  72.0  323
6  22.0  373
7  31.0  462
1  33.0  399
2  67.0  374
3  55.0  449
4  34.0  265
5  43.0  316
6  40.0  516
7  28.0  403
1  72.0  433
2  29.0  309
3  49.0  471
4  37.0  448
5  53.0  464
6  67.0  368
7  42.0  393
1  37.0  162
2  78.0  371
3  28.0  300
4  38.0  243
5  22.0  575
6  54.0  421
7  35.0  479
1  42.0  360
2  30.0  426
3  46.0  527
4  34.0  459
5  38.0  327
6  55.0  276
7  37.0  244
1  88.0  290
2  73.0  366
3  47.0  423
4  30.0  433
5  56.0  392
6  41.0  319
7  42.0  589
1  53.0  478
2  62.0  364
3  62.0  382
4  68.0  397
5  29.0  495
6  27.0  431
7  25.0  472
1  73.0  361
2  46.0  535
3  48.0  319
4  64.0  361
5  19.0  456
6  34.0  269
7  36.0  490
1  83.0  328
2  58.0  212
3  50.0  285
4  27.0  417
5  30.0  420
6  67.0  412
7  36.0  186
1  48.0  573
2  31.0  455
3  44.0  559
4  53.0  241
5  41.0  353
6  47.0  364
7  25.0  461
1  30.0  472
2  69.0  295
3  48.0  481
4  43.0  222
5  72.0  323
6  69.0  373
7  62.0  395
1  17.0  689
2  64.0  338
3  53.0  550
4  34.0  420
5  66.0  386
6  40.0  457
7  49.0  409
1  54.0  394
2  53.0  393
3  58.0  330
4  71.0  376
5  55.0  361
6  49.0  418
7  50.0  216
1  62.0  398
2  59.0  335
3  62.0  237
4  45.0  562
5  56.0  340
6  67.0  309
7  66.0  373
1  42.0  473
2  57.0  444
3  75.0  365
4  97.0  174
5  43.0  421
6  30.0  411
7  21.0  464
1  66.0  438
2  39.0  344
3  44.0  280
4  58.0  243
5  73.0  357
6  68.0  302
7  52.0  371
1  68.0  403
2  33.0  351
3  44.0  453
4  47.0  447
5  28.0  597
6  45.0  393
7  19.0  164
1  63.0  401
2  54.0  536
3  13.0  476
4  50.0  529
5  32.0  249
6  70.0  331
7  46.0  306
1  27.0  363
2  28.0  361
3  25.0  585
4  24.0  481
5  54.0  567
6  57.0  451
7  43.0  527
1  79.0  382
2  39.0  412
3  54.0  445
4  27.0  572
5  45.0  351
6  45.0  369
7  32.0  363
1  23.0  510
2  37.0  469
3  41.0  277
4  71.0  277
5  39.0  365
6  67.0  274
7  58.0  420
1  61.0  298
2  57.0  451
3  65.0  400
4  59.0  264
5  35.0  418
6  33.0  403
7  16.0  374
1  59.0  157
2  45.0  432
3  50.0  544
4  46.0  421
5  45.0  351
6  58.0  353
7  39.0  403
1  87.0  213
2  76.0  264
3  50.0  393
4  62.0  381
5  55.0  265
6  57.0  377
7  80.0  241
1  51.0  491
2  66.0  513
3  67.0  381
4  54.0  319
5  70.0  400
6  46.0  304
7  48.0  498
1  78.0  333
2  82.0  270
3  33.0  248
4  79.0  359
5  42.0  401
6  40.0  462
7  36.0  495
1  25.0  458
2  43.0  402
3  54.0  430
4  30.0  440
5  33.0  342
6  56.0  362
7  43.0  455
1  79.0  332
2  55.0  402
3  39.0  440
4  28.0  492
5  56.0  391
6  67.0  343
7  40.0  519
1  55.0  450
2  19.0  525
3  78.0  309
4  59.0  327
5  49.0  383
6  64.0  449
7  64.0  421
1  81.0  351
2  71.0  378
3  57.0  370
4  37.0  448
5  68.0  275
6  43.0  468
7  36.0  364
1  69.0  335
2  79.0  380
3  76.0  295
4  32.0  362
5  29.0  330
6  49.0  401
7  34.0  442
1  35.0  324
2  24.0  199
3  70.0  362
4  60.0  352
5  53.0  327
6  33.0  435
7  50.0  472
1  61.0  443
2  45.0  289
3  70.0  319
4  78.0  318
5  54.0  451
6  48.0  335
7  38.0  408
1  47.0  331
2  29.0  245
3  27.0  354
4  70.0  361
5  39.0  353
6  41.0  243
7  27.0  372
1  81.0  374
2  44.0  361
3  39.0  265
4  28.0  575
5  37.0  279
6  31.0  308
7  37.0  400
1  20.0  377
2  13.0  214
3  49.0  479
4  76.0  340
5  18.0  406
6  49.0  499
7  39.0  484
1  56.0  569
2  47.0  484
3  47.0  470
4  45.0  340
5  66.0  472
6  45.0  448
7  32.0  490
1  39.0  510
2  35.0  526
3  20.0  497
4  45.0  381
5  50.0  413
6  50.0  488
7  48.0  394
1  62.0  461
2  45.0  485
3  63.0  375
4  56.0  482
5  90.0  204
6  48.0  410
7  59.0  370
1  72.0  414
2  67.0  364
3  67.0  387
4  74.0  370
5  38.0  399
6  26.0  347
7  52.0  329
1  34.0  643
2  75.0  281
3  30.0  159
4  36.0  451
5  82.0  325
6  45.0  423
7  41.0  326
1  28.0  397
2  46.0  441
3  55.0  352
4  61.0  391
5  50.0  421
6  61.0  370
7  28.0  585
1  54.0  365
2  20.0  571
3  76.0  308
4  42.0  568
5  45.0  346
6  49.0  188
7  33.0  458
1  35.0  290
2  63.0  422
3  57.0  458
4  66.0  464
5  54.0  505
6  54.0  326
7  72.0  360
1  87.0  271
2  64.0  338
3  76.0  386
4  50.0  428
5  75.0  285
6  56.0  360
7  37.0  485
1  51.0  322
2  64.0  401
3  24.0  124
4  48.0  375
5  37.0  245
6  38.0  414
7  53.0  504
1  32.0  446
2  68.0  412
3  97.0  207
4  43.0  298
5  52.0  311
6  30.0  304
7  35.0  414
1  69.0  284
2  85.0  316
3  74.0  376
4  56.0  534
5  58.0  397
6  37.0  387
7  33.0  297
1  33.0  343
2  40.0  442
3  21.0  322
4  62.0  341
5  44.0  491
6  43.0  406
7  35.0  492
1  45.0  395
2  74.0  325
3  36.0  345
4  51.0  436
5  70.0  291
6  32.0  523
7  61.0  381
1  39.0  253
2  39.0  354
3  48.0  266
4  82.0  248
5  48.0  376
6  30.0  408
7  36.0  336
1  82.0  331
2  49.0  397
3  68.0  475
4  40.0  270
5  61.0  423
6  43.0  336
7  60.0  356
1  73.0  140
2  74.0  330
3  50.0  455
4  43.0  453
5  50.0  386
6  54.0  408
7  35.0  443
1  48.0  271
2  79.0  325
3  67.0  411
4  39.0  417
5  38.0  466
6  56.0  310
7  32.0  377
1  37.0  402
2  35.0  402
3  66.0  401
4  63.0  397
5  49.0  298
6  59.0  466
7  32.0  391
1  68.0  283
2  59.0  259
3  46.0  407
4  40.0  318
5  65.0  297
6  49.0  380
7  35.0  332
1  30.0  436
2  33.0  480
3  81.0  242
4  48.0  292
5  42.0  364
6  31.0  405
7  61.0  429
1  73.0  292
2  32.0  427
3  65.0  289
4  42.0  294
5  33.0  387
6  41.0  358
7  64.0  363
1  64.0  237
2  52.0  207
3  60.0  313
4  29.0  408
5  51.0  341
6  67.0  349
7  64.0  389
1  74.0  371
2  57.0  348
3  89.0  291
4  48.0  331
5  62.0  308
6  51.0  446
7  33.0  600
1  21.0  362
2  68.0  314
3  52.0  444
4  19.0  640
5  45.0  419
6  43.0  434
7  29.0  365
1  49.0  452
2  75.0  351
3  28.0  293
4  50.0  382
5  50.0  369
6  24.0  347
7  37.0  543
1  47.0  294
2  54.0  515
3  68.0  383
4  53.0  425
5  78.0  326
6  39.0  432
7  36.0  432
1  64.0  248
2  49.0  322
3  65.0  225
4  70.0  333
5  74.0  413
6  46.0  449
7  73.0  353
1  31.0  303
2  58.0  398
3  45.0  363
4  24.0  569
5  65.0  313
6  50.0  372
7  44.0  315
1  92.0  279
2  79.0  243
3  52.0  457
4  58.0  302
5  40.0  506
6  11.0  314
7  41.0  502
1  19.0  567
2  72.0  285
3  60.0  476
4  69.0  371
5  32.0  371
6  60.0  387
7  43.0  415
1  11.0  730
2  54.0  292
3  59.0  456
4  43.0  453
5  63.0  462
6  46.0  402
7  29.0  510
1  49.0  439
2  36.0  215
3  44.0  341
4  42.0  356
5  43.0  334
6  44.0  327
7  48.0  425
1  73.0  348
2  38.0  458
3  73.0  395
4  71.0  322
5  50.0  469
6  34.0  557
7  57.0  430
1  63.0  370
2  68.0  363
3  49.0  436
4  50.0  404
5  27.0  271
6  28.0  413
7  22.0  552
1  67.0  361
2  49.0  377
3  33.0  180
4  63.0  305
5  54.0  463
6  58.0  256
7  38.0  425
1  25.0  267
2  33.0  255
3  41.0  272
4  56.0  284
5  55.0  470
6  66.0  381
7  47.0  334
1  72.0  380
2  52.0  220
3  40.0  434
4  46.0  570
5  41.0  423
6  42.0  329
7  42.0  458
1  33.0  306
2  21.0  313
3  55.0  485
4  10.0  287
5  34.0  545
6  26.0  516
7  56.0  439
1  59.0  396
2  90.0  198
3  38.0  525
4  48.0  389
5  24.0  285
6  32.0  433
7  60.0  432
1  49.0  303
2  31.0  434
3  77.0  320
4  59.0  405
5  63.0  424
6  48.0  369
7  27.0  532
1  76.0  237
2  47.0  506
3  44.0  329
4  38.0  482
5  17.0  394
6  33.0  373
7  45.0  465
1  30.0  486
2  63.0  379
3  35.0  320
4  28.0  461
5  36.0  394
6  31.0  328
7  43.0  371
1  24.0  570
2  43.0  352
3  47.0  343
4  72.0  340
5  52.0  301
6  79.0  330
7  40.0  540
1  49.0  422
2  24.0  549
3  22.0  493
4  30.0  157
5  41.0  454
6  17.0  369
7  33.0  511
1  53.0  122
2  79.0  329
3  81.0  154
4  53.0  434
5  59.0  390
6  40.0  515
7  61.0  405
1  82.0  293
2  60.0  374
3  60.0  377
4  35.0  479
5  42.0  355
6  40.0  502
7  39.0  306
1  44.0  455
2  61.0  390
3  52.0  465
4  61.0  348
5  44.0  391
6  71.0  353
7  74.0  388
1  26.0  388
2  57.0  499
3  53.0  402
4  19.0  478
5  57.0  249
6  28.0  501
7  55.0  415
1  77.0  290
2  53.0  335
3  41.0  494
4  68.0  231
5  15.0  408
6  63.0  384
7  41.0  387
1  70.0  379
2  54.0  391
3  36.0  462
4  49.0  405
5  45.0  472
6  45.0  502
7  39.0  542
1  68.0  410
2  63.0  446
3  68.0  301
4  49.0  376
5  43.0  376
6  42.0  393
7  14.0  404
1  89.0  329
2  51.0  354
3  65.0  407
4  34.0  319
5  45.0  380
6  47.0  483
7  42.0  196
1  68.0  326
2  51.0  447
3  55.0  266
4  82.0  306
5  62.0  253
6  42.0  404
7  30.0  356
1  47.0  387
2  33.0  426
3  61.0  385
4  54.0  428
5  41.0  449
6  69.0  363
7  41.0  444
1  80.0  327
2  31.0  387
3  29.0  424
4  38.0  366
5  42.0  568
6  50.0  442
7  33.0  478
