1  47.5  3709
2  40.799999999999997  3800
3  39.200000000000003  3957
4  37.600000000000001  3756
5  46.799999999999997  3940
6  50.100000000000001  4158
7  46.600000000000001  3892
1  44.299999999999997  3734
2  50.600000000000001  3994
3  44.0  3353
4  36.100000000000001  3568
5  35.600000000000001  3525
6  40.600000000000001  3450
7  50.5  4058
1  46.799999999999997  3884
2  50.799999999999997  4095
3  40.299999999999997  3753
4  35.899999999999999  3704
5  36.5  3832
6  45.899999999999999  3981
7  38.100000000000001  3618
1  49.399999999999999  4273
2  47.799999999999997  4110
3  40.600000000000001  3517
4  42.0  3896
5  36.600000000000001  3873
6  42.899999999999999  3992
7  48.899999999999999  4204
1  38.799999999999997  3685
2  42.100000000000001  3625
3  43.299999999999997  3897
4  47.899999999999999  3983
5  47.799999999999997  4034
6  46.700000000000003  3878
7  42.100000000000001  3804
1  47.600000000000001  4026
2  35.100000000000001  3852
3  42.200000000000003  3669
4  32.899999999999999  3288
5  44.200000000000003  3625
6  42.0  3749
7  46.299999999999997  3866
1  52.700000000000003  4094
2  42.299999999999997  3950
3  31.699999999999999  3565
4  43.100000000000001  3770
5  43.600000000000001  3945
6  40.5  3781
7  44.100000000000001  4138
1  35.399999999999999  3459
2  38.5  3307
3  46.700000000000003  4059
4  37.799999999999997  3761
5  43.200000000000003  3541
6  41.200000000000003  4099
7  43.299999999999997  4170
1  43.100000000000001  4004
2  44.700000000000003  4008
3  47.799999999999997  3781
4  41.399999999999999  3622
5  33.600000000000001  3747
6  43.799999999999997  3897
7  48.700000000000003  4036
1  46.600000000000001  4002
2  36.600000000000001  3790
3  49.600000000000001  3931
4  41.200000000000003  3701
5  42.200000000000003  3720
6  37.799999999999997  3612
7  47.100000000000001  4231
1  42.200000000000003  3837
2  39.799999999999997  3946
3  51.200000000000003  4062
4  45.0  3924
5  44.399999999999999  3941
6  45.600000000000001  3823
7  46.899999999999999  4107
1  44.600000000000001  3590
2  41.600000000000001  3711
3  40.399999999999999  3722
4  46.799999999999997  4267
5  43.200000000000003  3874
6  37.0  3977
7  35.799999999999997  3884
1  50.299999999999997  3892
2  50.5  3650
3  47.5  3840
4  42.5  3719
5  42.200000000000003  3640
6  41.100000000000001  3789
7  37.600000000000001  3611
1  43.899999999999999  3764
2  34.899999999999999  3346
3  47.700000000000003  3670
4  45.200000000000003  3946
5  41.600000000000001  4010
6  48.700000000000003  4139
7  51.799999999999997  4188
1  50.100000000000001  3853
2  33.399999999999999  3225
3  32.799999999999997  3497
4  45.5  3982
5  43.799999999999997  3796
6  44.600000000000001  3781
7  47.799999999999997  3934
1  38.899999999999999  3252
2  43.200000000000003  3775
3  33.299999999999997  3055
4  48.899999999999999  4116
5  31.800000000000001  3640
6  52.799999999999997  4135
7  36.5  3793
1  42.899999999999999  3875
2  52.799999999999997  4189
3  35.299999999999997  3617
4  45.899999999999999  4040
5  47.100000000000001  3837
6  43.399999999999999  3867
7  40.700000000000003  3592
1  44.399999999999999  4346
2  38.899999999999999  3436
3  48.799999999999997  3629
4  46.299999999999997  3865
5  42.100000000000001  3646
6  42.899999999999999  3859
7  43.5  3747
1  46.100000000000001  3746
2  43.200000000000003  3482
3  50.299999999999997  4021
4  39.5  3835
5  29.800000000000001  3234
6  41.899999999999999  3685
7  40.5  3750
1  28.0  3170
2  52.200000000000003  4077
3  35.600000000000001  3809
4  39.899999999999999  3788
5  42.600000000000001  3964
6  48.0  4059
7  47.299999999999997  3826
1  45.0  3936
2  46.0  3982
3  48.100000000000001  3738
4  38.5  3843
5  43.600000000000001  4128
6  41.100000000000001  3988
7  43.0  4092
1  51.100000000000001  4234
2  51.399999999999999  3743
3  36.5  3521
4  45.600000000000001  3840
5  38.0  3996
6  40.0  3692
7  46.200000000000003  3807
1  52.700000000000003  3952
2  44.299999999999997  3831
3  49.100000000000001  4043
4  47.399999999999999  4025
5  41.399999999999999  3776
6  33.299999999999997  3692
7  49.700000000000003  4001
1  34.299999999999997  2690
2  51.299999999999997  4141
3  38.899999999999999  3700
4  45.799999999999997  3770
5  42.0  3691
6  45.0  4053
7  39.100000000000001  3868
1  51.899999999999999  3869
2  40.0  3825
3  43.200000000000003  3935
4  46.600000000000001  4365
5  43.600000000000001  3852
6  39.399999999999999  3800
7  42.100000000000001  3969
1  31.699999999999999  3475
2  39.299999999999997  3653
3  45.299999999999997  3906
4  47.700000000000003  4003
5  42.899999999999999  3744
6  43.899999999999999  3757
7  42.399999999999999  3785
1  37.100000000000001  3788
2  46.100000000000001  4012
3  37.5  3493
4  40.0  3800
5  40.899999999999999  3365
6  43.5  3913
7  46.399999999999999  3901
1  40.200000000000003  3597
2  39.5  3901
3  43.5  3562
4  32.100000000000001  3490
5  39.0  3584
6  52.0  4145
7  45.600000000000001  3854
1  50.399999999999999  3865
2  32.399999999999999  3182
3  46.100000000000001  3547
4  40.100000000000001  3823
5  43.799999999999997  3610
6  45.700000000000003  4209
7  36.5  3827
1  46.799999999999997  4080
2  33.100000000000001  3399
3  38.100000000000001  3852
4  36.299999999999997  3546
5  43.899999999999999  4056
6  37.299999999999997  3547
7  41.0  3852
1  45.399999999999999  3777
2  46.299999999999997  3756
3  45.100000000000001  3963
4  46.799999999999997  4083
5  43.100000000000001  3974
6  36.399999999999999  3838
7  34.399999999999999  3779
1  43.100000000000001  3776
2  51.899999999999999  4209
3  51.299999999999997  3967
4  40.299999999999997  3484
5  49.0  4019
6  46.100000000000001  3946
7  43.700000000000003  4107
1  36.700000000000003  3792
2  35.799999999999997  3634
3  59.799999999999997  4130
4  46.700000000000003  3956
5  46.299999999999997  4244
6  42.200000000000003  3877
7  45.100000000000001  3888
1  52.700000000000003  4134
2  39.399999999999999  3445
3  36.5  3609
4  47.899999999999999  3993
5  47.799999999999997  4141
6  37.100000000000001  3788
7  48.0  3988
1  33.799999999999997  3648
2  39.600000000000001  3766
3  40.200000000000003  4124
4  48.899999999999999  4004
5  40.899999999999999  3785
6  43.600000000000001  3789
7  42.299999999999997  3683
1  48.399999999999999  3862
2  38.700000000000003  3700
3  35.100000000000001  3735
4  49.399999999999999  4109
5  48.100000000000001  4009
6  46.399999999999999  4237
7  38.399999999999999  3853
1  37.299999999999997  3467
2  33.0  3288
3  34.600000000000001  3772
4  38.799999999999997  3553
5  49.799999999999997  4056
6  39.399999999999999  3802
7  38.600000000000001  3640
1  45.399999999999999  4056
2  41.5  3846
3  47.5  3698
4  38.0  3267
5  41.799999999999997  3701
6  43.0  3695
7  32.299999999999997  3943
1  49.200000000000003  4351
2  42.100000000000001  3739
3  48.200000000000003  4020
4  45.899999999999999  3964
5  43.100000000000001  3748
6  47.100000000000001  3792
7  37.100000000000001  3766
1  42.399999999999999  3980
2  36.100000000000001  3871
3  52.0  4012
4  50.100000000000001  4056
5  46.600000000000001  3984
6  42.0  3746
7  41.700000000000003  4091
1  44.0  3907
2  37.799999999999997  3277
3  44.399999999999999  3813
4  40.600000000000001  3573
5  37.899999999999999  3861
6  38.799999999999997  3650
7  41.700000000000003  3747
1  27.300000000000001  3619
2  42.5  3805
3  38.600000000000001  3903
4  41.299999999999997  3551
5  39.600000000000001  3950
6  31.899999999999999  3307
7  45.899999999999999  3934
1  32.200000000000003  3833
2  39.899999999999999  3877
3  48.100000000000001  4281
4  43.200000000000003  3826
5  46.899999999999999  3725
6  43.299999999999997  3763
7  47.799999999999997  3762
1  39.899999999999999  3534
2  41.299999999999997  3407
3  42.399999999999999  3826
4  44.600000000000001  3927
5  43.899999999999999  3715
6  48.200000000000003  4006
7  39.899999999999999  3780
1  45.399999999999999  4010
2  42.600000000000001  3724
3  39.700000000000003  3360
4  34.0  3107
5  37.700000000000003  3567
6  42.100000000000001  3695
7  39.899999999999999  4073
1  51.0  4121
2  34.299999999999997  3795
3  45.200000000000003  4012
4  43.200000000000003  3892
5  45.100000000000001  4003
6  38.899999999999999  3827
7  38.100000000000001  3498
1  46.700000000000003  4241
2  47.399999999999999  4154
3  54.399999999999999  3892
4  41.899999999999999  3445
5  37.700000000000003  3694
6  35.600000000000001  3735
7  44.0  3978
1  39.700000000000003  3418
2  42.0  3833
3  41.100000000000001  3672
4  51.200000000000003  4040
5  43.5  3867
6  42.899999999999999  3771
7  42.899999999999999  4121
1  40.899999999999999  3525
2  39.0  3798
3  42.5  3738
4  32.600000000000001  3645
5  47.299999999999997  3941
6  37.5  3681
7  46.5  4040
1  47.0  3640
2  47.700000000000003  3963
3  43.600000000000001  3949
4  31.699999999999999  3529
5  40.100000000000001  3497
6  51.5  4105
7  36.100000000000001  3737
1  45.0  3764
2  42.600000000000001  3854
3  43.899999999999999  4173
4  50.5  4004
5  42.0  3761
6  44.0  4040
7  41.200000000000003  3779
1  54.399999999999999  3904
2  53.5  4078
3  38.600000000000001  3621
4  40.0  3702
5  46.100000000000001  3933
6  55.200000000000003  4345
7  37.700000000000003  3439
1  37.700000000000003  3590
2  56.200000000000003  4353
3  40.399999999999999  3642
4  43.899999999999999  3780
5  40.899999999999999  3759
6  41.700000000000003  4075
7  43.600000000000001  3948
1  41.799999999999997  3493
2  48.200000000000003  4078
3  36.5  3685
4  44.0  4197
5  38.799999999999997  3780
6  45.399999999999999  4204
7  37.899999999999999  3714
1  39.200000000000003  3511
2  40.0  4065
3  48.899999999999999  3856
4  44.399999999999999  3910
5  39.700000000000003  3680
6  44.100000000000001  3961
7  36.399999999999999  4224
1  37.899999999999999  3677
2  38.100000000000001  3690
3  49.700000000000003  4338
4  41.399999999999999  3826
5  35.899999999999999  3234
6  41.399999999999999  3628
7  39.200000000000003  3568
1  46.100000000000001  3844
2  37.100000000000001  3751
3  36.299999999999997  3688
4  32.200000000000003  3389
5  42.200000000000003  3730
6  43.100000000000001  3859
7  43.5  3959
1  54.600000000000001  4257
2  44.399999999999999  3916
3  32.299999999999997  3596
4  49.0  3849
5  43.0  3812
6  54.299999999999997  3966
7  37.5  3619
1  39.100000000000001  3503
2  42.0  3678
3  34.600000000000001  3580
4  51.200000000000003  3877
5  45.399999999999999  3589
6  38.299999999999997  3363
7  34.799999999999997  3850
1  40.899999999999999  3843
2  46.0  3760
3  37.600000000000001  3780
4  38.899999999999999  3621
5  41.899999999999999  3624
6  38.100000000000001  3314
7  45.600000000000001  3969
1  37.700000000000003  3767
2  42.899999999999999  3605
3  41.600000000000001  3757
4  50.600000000000001  3713
5  44.0  3538
6  47.299999999999997  3976
7  42.0  3923
1  24.5  3173
2  49.700000000000003  4159
3  40.700000000000003  3994
4  47.100000000000001  3955
5  38.299999999999997  4032
6  49.600000000000001  4021
7  43.100000000000001  4123
1  48.0  4009
2  38.5  3930
3  34.299999999999997  3500
4  45.600000000000001  3951
5  46.700000000000003  4031
6  49.799999999999997  4044
7  50.5  3963
1  50.299999999999997  3762
2  45.399999999999999  3983
3  60.5  4264
4  44.600000000000001  3784
5  44.799999999999997  4014
6  36.100000000000001  3627
7  45.200000000000003  4032
1  44.600000000000001  3887
2  46.100000000000001  4046
3  34.100000000000001  3383
4  46.5  4020
5  38.5  3970
6  42.299999999999997  4011
7  45.200000000000003  3870
1  47.899999999999999  3806
2  49.600000000000001  4062
3  47.0  3475
4  36.700000000000003  3702
5  39.200000000000003  3727
6  51.600000000000001  4409
7  46.100000000000001  4114
1  52.399999999999999  3228
2  32.899999999999999  3219
3  38.0  3627
4  41.600000000000001  3699
5  44.799999999999997  4168
6  44.899999999999999  3890
7  40.299999999999997  3541
1  39.899999999999999  3511
2  49.100000000000001  4001
3  44.299999999999997  3601
4  46.0  3862
5  40.700000000000003  3899
6  37.399999999999999  3611
7  42.100000000000001  3820
1  44.600000000000001  3777
2  43.200000000000003  3452
3  44.399999999999999  3889
4  34.600000000000001  3613
5  47.5  4078
6  42.700000000000003  3671
7  28.199999999999999  3098
1  45.299999999999997  3532
2  46.0  3643
3  35.600000000000001  3445
4  44.5  3923
5  45.799999999999997  4156
6  42.700000000000003  3702
7  38.100000000000001  3614
1  53.5  4067
2  47.700000000000003  3912
3  45.600000000000001  3437
4  42.299999999999997  3455
5  44.0  3872
6  38.200000000000003  3565
7  46.0  3998
1  38.5  3468
2  37.700000000000003  3623
3  49.700000000000003  4089
4  39.399999999999999  3672
5  35.799999999999997  3797
6  34.299999999999997  3464
7  30.600000000000001  3723
1  50.200000000000003  4170
2  42.600000000000001  3500
3  42.5  3973
4  47.0  3892
5  39.799999999999997  3560
6  35.200000000000003  3751
7  42.100000000000001  3771
1  45.200000000000003  3896
2  61.799999999999997  4261
3  30.699999999999999  3296
4  42.799999999999997  3870
5  36.0  3209
6  44.399999999999999  3763
7  33.799999999999997  3517
1  51.200000000000003  4073
2  42.399999999999999  3650
3  46.299999999999997  4079
4  42.200000000000003  3605
5  34.0  3648
6  38.899999999999999  3498
7  44.200000000000003  3989
1  36.100000000000001  3227
2  40.299999999999997  3961
3  45.600000000000001  3542
4  36.100000000000001  3508
5  37.200000000000003  3534
6  42.600000000000001  3504
7  42.399999999999999  3565
1  42.5  4239
2  34.700000000000003  3252
3  39.0  3895
4  42.399999999999999  3466
5  46.5  3937
6  38.600000000000001  3746
7  40.0  3889
1  45.100000000000001  3694
2  48.299999999999997  3970
3  44.399999999999999  3811
4  42.0  4055
5  42.100000000000001  3587
6  41.700000000000003  3763
7  37.700000000000003  3520
1  43.799999999999997  3966
2  34.899999999999999  3404
3  27.199999999999999  3091
4  38.600000000000001  3607
5  39.100000000000001  3688
6  40.0  4004
7  47.299999999999997  3965
1  50.299999999999997  3780
2  39.600000000000001  3857
3  38.700000000000003  3867
4  39.100000000000001  3638
5  46.399999999999999  4118
6  41.5  3910
7  46.5  4123
1  31.800000000000001  3033
2  45.100000000000001  3781
3  43.0  3871
4  50.200000000000003  3841
5  45.0  3888
6  35.899999999999999  3750
7  41.600000000000001  3858
1  44.5  3767
2  44.299999999999997  3748
3  33.200000000000003  3597
4  45.200000000000003  4078
5  40.200000000000003  3882
6  43.600000000000001  3488
7  39.399999999999999  3933
1  39.700000000000003  3757
2  43.700000000000003  3866
3  45.5  3662
4  37.600000000000001  3833
5  50.799999999999997  3922
6  41.799999999999997  3786
7  49.200000000000003  4117
1  42.5  3597
2  43.799999999999997  3761
3  48.5  3875
4  45.200000000000003  3986
5  36.899999999999999  3914
6  37.200000000000003  3451
7  49.5  4164
1  36.100000000000001  3575
2  50.600000000000001  3930
3  39.5  4030
4  39.299999999999997  3914
5  44.299999999999997  3954
6  44.299999999999997  3879
7  43.200000000000003  3994
1  40.100000000000001  3896
2  39.799999999999997  3670
3  44.700000000000003  4100
4  42.5  3854
5  41.200000000000003  3715
6  36.5  3653
7  40.5  3989
1  49.899999999999999  3868
2  42.399999999999999  3751
3  45.399999999999999  3825
4  38.100000000000001  3893
5  43.700000000000003  3825
6  50.200000000000003  3972
7  38.700000000000003  3987
1  44.399999999999999  3754
2  43.399999999999999  3801
3  46.799999999999997  3901
4  48.0  3723
5  37.200000000000003  3705
6  33.0  3553
7  43.0  3960
1  46.200000000000003  3631
2  45.600000000000001  4169
3  42.799999999999997  3824
4  44.600000000000001  3991
5  42.5  3816
6  52.5  4093
7  42.799999999999997  4018
1  49.700000000000003  3796
2  40.399999999999999  3321
3  50.899999999999999  3883
4  35.299999999999997  3478
5  44.399999999999999  3838
6  38.200000000000003  3865
7  38.899999999999999  3752
1  51.200000000000003  3739
2  44.299999999999997  3766
3  45.799999999999997  4039
4  46.700000000000003  3978
5  42.100000000000001  3914
6  38.200000000000003  3651
7  35.799999999999997  3807
1  46.899999999999999  3529
2  46.100000000000001  4088
3  50.299999999999997  3876
4  38.399999999999999  3431
5  35.700000000000003  3671
6  39.700000000000003  3911
7  45.899999999999999  4181
1  48.5  3467
2  31.699999999999999  3605
3  43.200000000000003  3763
4  51.0  4215
5  34.899999999999999  3205
6  46.0  4091
7  46.5  4163
1  53.5  4054
2  49.899999999999999  3808
3  44.0  3856
4  41.899999999999999  3735
5  34.200000000000003  3453
6  43.600000000000001  4203
7  34.600000000000001  3686
1  50.100000000000001  3750
2  39.5  3782
3  37.0  3536
4  40.0  3874
5  36.299999999999997  3460
6  45.700000000000003  3961
7  46.200000000000003  3886
1  46.200000000000003  3991
2  52.5  4044
3  51.399999999999999  3928
4  32.100000000000001  3609
5  46.100000000000001  4198
6  45.899999999999999  3979
7  47.600000000000001  4060
1  52.0  4054
2  39.899999999999999  3581
3  41.100000000000001  3626
4  51.5  3942
5  41.700000000000003  3703
6  40.899999999999999  4108
7  43.299999999999997  4074
1  52.0  4114
2  31.699999999999999  3042
3  41.100000000000001  4082
4  32.100000000000001  3622
5  45.600000000000001  3950
6  48.5  4093
7  40.700000000000003  4017
1  44.600000000000001  4298
2  37.5  3274
3  41.200000000000003  3557
4  39.100000000000001  3694
5  43.700000000000003  4053
6  36.399999999999999  3725
7  46.700000000000003  3657
1  50.899999999999999  4044
2  36.799999999999997  3628
3  37.0  3497
4  42.5  3492
5  47.299999999999997  4109
6  35.200000000000003  3504
7  40.600000000000001  3773
