1  911.0  3301.0
1  932.0  3533.0
1  1000.0  2000.0
1  897.0  3887.0
1  758.0  5149.0
1  859.0  4323.0
1  679.0  5109.0
1  948.0  2449.0
1  988.0  2359.0
1  984.0  2185.0
1  931.0  3192.0
1  865.0  5548.0
1  936.0  3398.0
1  969.0  2753.0
1  920.0  2742.0
1  869.0  4537.0
1  992.0  2183.0
1  988.0  2407.0
1  860.0  4727.0
1  983.0  2680.0
1  979.0  2593.0
1  954.0  3191.0
1  783.0  7946.0
1  951.0  3023.0
1  922.0  3683.0
1  927.0  3230.0
1  663.0  4970.0
1  992.0  2246.0
1  914.0  3449.0
1  762.0  2922.0
1  910.0  3467.0
1  920.0  3474.0
1  963.0  3057.0
1  947.0  2333.0
1  895.0  3283.0
1  913.0  4006.0
1  1000.0  2000.0
1  866.0  4248.0
1  925.0  2936.0
1  743.0  3686.0
1  864.0  4340.0
1  966.0  3270.0
1  931.0  3319.0
1  809.0  4688.0
1  905.0  3484.0
1  859.0  5366.0
1  774.0  8646.0
1  747.0  9393.0
1  933.0  3312.0
1  721.0  10626.0
2  840.0  4296.0
