0  58.200000000000003  2697
1  49.299999999999997  2893
2  45.399999999999999  2716
3  49.100000000000001  2526
4  48.799999999999997  3119
5  51.100000000000001  2509
6  55.299999999999997  2316
7  49.600000000000001  2550
8  58.899999999999999  2263
9  47.799999999999997  2170
10  47.799999999999997  2417
11  43.600000000000001  1635
12  59.0  1862
13  44.899999999999999  1893
14  45.100000000000001  2260
15  54.399999999999999  2111
16  62.0  2147
17  56.700000000000003  2401
18  65.799999999999997  1873
19  61.299999999999997  2044
20  64.799999999999997  1574
0  48.299999999999997  3010
1  36.5  2683
2  49.700000000000003  2476
3  47.899999999999999  2721
4  48.799999999999997  2467
5  57.100000000000001  2749
6  45.200000000000003  2485
7  52.200000000000003  2021
8  66.799999999999997  2020
9  56.799999999999997  2204
10  52.0  2346
11  55.700000000000003  2387
12  40.600000000000001  2102
13  50.399999999999999  1928
14  58.100000000000001  2387
15  49.700000000000003  2262
16  64.5  2183
17  55.799999999999997  2176
18  63.600000000000001  1995
19  59.399999999999999  1654
20  69.5  1911
0  43.299999999999997  2950
1  36.399999999999999  2557
2  45.399999999999999  2825
3  46.299999999999997  2664
4  40.5  2603
5  52.5  2150
6  49.399999999999999  2443
7  50.899999999999999  2711
8  53.100000000000001  2530
9  55.100000000000001  2351
10  57.600000000000001  2208
11  47.899999999999999  2305
12  64.599999999999994  2225
13  49.899999999999999  2604
14  58.299999999999997  2274
15  59.0  2223
16  54.200000000000003  2003
17  61.799999999999997  1721
18  63.899999999999999  1584
19  61.5  1669
20  65.599999999999994  1655
0  39.200000000000003  3291
1  52.5  2822
2  42.799999999999997  2621
3  41.399999999999999  2862
4  55.200000000000003  2471
5  45.100000000000001  2376
6  46.399999999999999  2469
7  71.5  2137
8  59.899999999999999  2408
9  43.399999999999999  1820
10  55.0  2304
11  60.200000000000003  2385
12  54.899999999999999  2211
13  58.600000000000001  2527
14  51.899999999999999  2397
15  58.5  1994
16  61.399999999999999  1639
17  55.0  1941
18  63.200000000000003  1624
19  55.700000000000003  1846
20  60.299999999999997  1785
0  39.799999999999997  2491
1  49.100000000000001  2704
2  40.799999999999997  2336
3  42.399999999999999  2789
4  47.299999999999997  2674
5  49.5  2352
6  52.200000000000003  2082
7  44.299999999999997  2909
8  45.299999999999997  2952
9  52.399999999999999  2621
10  57.0  2057
11  51.799999999999997  2012
12  57.5  1770
13  44.700000000000003  2244
14  69.200000000000003  1950
15  58.799999999999997  1841
16  63.0  1797
17  56.899999999999999  2035
18  60.799999999999997  1318
19  58.700000000000003  1794
20  55.700000000000003  2075
0  42.799999999999997  2968
1  41.700000000000003  2854
2  48.899999999999999  2797
3  43.700000000000003  2504
4  41.0  2417
5  49.299999999999997  2762
6  51.700000000000003  2627
7  55.700000000000003  2378
8  50.0  2312
9  56.5  2231
10  46.5  2016
11  55.100000000000001  2300
12  53.0  1893
13  66.5  2002
14  50.200000000000003  2082
15  72.599999999999994  1656
16  60.299999999999997  1830
17  58.899999999999999  1828
18  57.100000000000001  1780
19  57.899999999999999  1696
20  67.400000000000006  1615
0  33.5  3056
1  52.399999999999999  2644
2  38.200000000000003  2697
3  52.0  2722
4  50.899999999999999  2435
5  51.899999999999999  2658
6  48.600000000000001  2352
7  48.5  2517
8  57.899999999999999  2288
9  55.200000000000003  2272
10  49.100000000000001  2207
11  59.799999999999997  2269
12  58.700000000000003  1939
13  51.799999999999997  1511
14  62.899999999999999  2121
15  56.899999999999999  2123
16  70.099999999999994  2171
17  60.399999999999999  1834
18  68.799999999999997  2016
19  68.0  1871
20  56.399999999999999  1879
0  49.100000000000001  2746
1  40.5  2824
2  52.0  2841
3  34.899999999999999  2902
4  40.899999999999999  2178
5  50.700000000000003  3011
6  43.899999999999999  2980
7  61.700000000000003  2154
8  56.399999999999999  2457
9  62.5  2184
10  61.600000000000001  1919
11  48.5  2052
12  50.799999999999997  2247
13  58.299999999999997  2221
14  67.700000000000003  1923
15  58.799999999999997  1944
16  52.0  1645
17  60.5  1882
18  53.799999999999997  2092
19  46.600000000000001  1583
20  61.200000000000003  1643
0  46.799999999999997  2838
1  37.700000000000003  3128
2  32.600000000000001  2815
3  43.799999999999997  2346
4  56.700000000000003  2642
5  52.0  2421
6  54.600000000000001  2661
7  54.799999999999997  2881
8  58.399999999999999  2354
9  42.299999999999997  2661
10  49.299999999999997  2434
11  65.599999999999994  2014
12  58.700000000000003  1831
13  57.0  2043
14  63.100000000000001  2015
15  50.700000000000003  2312
16  56.899999999999999  1999
17  61.399999999999999  1948
18  57.0  1526
19  60.700000000000003  2065
20  52.399999999999999  2176
0  48.5  2779
1  56.0  2835
2  44.0  2694
3  42.299999999999997  2614
4  41.399999999999999  2860
5  48.100000000000001  2786
6  50.200000000000003  2743
7  43.600000000000001  2395
8  51.600000000000001  2544
9  55.5  2362
10  49.299999999999997  2467
11  58.5  2261
12  58.899999999999999  2331
13  61.799999999999997  1837
14  57.700000000000003  2267
15  54.200000000000003  1802
16  67.299999999999997  1544
17  68.799999999999997  1882
18  60.100000000000001  1709
19  56.5  1874
20  65.099999999999994  1570
0  36.0  3092
1  45.5  2656
2  39.299999999999997  2604
3  45.600000000000001  2800
4  52.100000000000001  2258
5  52.299999999999997  2553
6  51.399999999999999  2184
7  43.0  2484
8  44.700000000000003  2318
9  53.600000000000001  2385
10  46.200000000000003  2466
11  54.399999999999999  2317
12  59.600000000000001  2339
13  58.600000000000001  1738
14  65.700000000000003  2042
15  60.0  2032
16  49.700000000000003  2414
17  62.299999999999997  1888
18  63.700000000000003  1758
19  55.200000000000003  1973
20  66.099999999999994  1908
0  33.5  2911
1  48.200000000000003  2971
2  40.200000000000003  2666
3  44.399999999999999  2780
4  49.0  2719
5  61.200000000000003  2863
6  53.0  2132
7  59.399999999999999  2087
8  48.600000000000001  2614
9  52.899999999999999  2015
10  53.600000000000001  2091
11  54.700000000000003  2136
12  57.0  2063
13  65.900000000000006  2074
14  54.299999999999997  1892
15  52.600000000000001  2177
16  49.399999999999999  2075
17  59.100000000000001  2319
18  60.700000000000003  1724
19  65.700000000000003  1515
20  60.600000000000001  1852
0  39.299999999999997  2992
1  51.799999999999997  3027
2  45.399999999999999  2873
3  47.5  2780
4  58.799999999999997  2563
5  56.600000000000001  2525
6  54.5  2332
7  53.200000000000003  2409
8  50.0  2262
9  51.5  2315
10  48.299999999999997  2298
11  50.899999999999999  2254
12  63.0  2182
13  50.700000000000003  1955
14  65.799999999999997  1892
15  58.700000000000003  1741
16  66.200000000000003  1945
17  68.5  1984
18  65.900000000000006  1652
19  71.5  1817
20  65.099999999999994  1708
0  45.700000000000003  2476
1  41.600000000000001  2281
2  38.600000000000001  2547
3  49.100000000000001  2823
4  59.5  2621
5  60.700000000000003  2251
6  46.100000000000001  2700
7  49.5  2421
8  44.399999999999999  2058
9  52.100000000000001  2162
10  51.899999999999999  2612
11  49.899999999999999  2304
12  62.700000000000003  1772
13  60.5  2203
14  55.700000000000003  2074
15  55.0  1931
16  54.5  1954
17  65.599999999999994  2200
18  64.299999999999997  1953
19  65.599999999999994  1869
20  64.700000000000003  1538
0  42.0  2732
1  53.600000000000001  2880
2  40.899999999999999  2743
3  46.299999999999997  2518
4  52.600000000000001  2808
5  46.299999999999997  2630
6  48.299999999999997  2307
7  53.399999999999999  2470
8  53.299999999999997  2320
9  51.5  1993
10  46.799999999999997  2396
11  61.100000000000001  2086
12  54.600000000000001  2296
13  60.5  2065
14  56.700000000000003  2255
15  46.700000000000003  1906
16  56.299999999999997  1918
17  59.0  2104
18  55.799999999999997  1883
19  67.799999999999997  1890
20  64.299999999999997  1762
0  39.299999999999997  2675
1  35.600000000000001  2961
2  44.0  2733
3  56.100000000000001  2428
4  48.100000000000001  2712
5  45.299999999999997  2754
6  57.0  2550
7  52.200000000000003  1999
8  66.5  2264
9  58.100000000000001  2058
10  58.299999999999997  2236
11  59.100000000000001  2232
12  49.799999999999997  2281
13  53.600000000000001  2335
14  58.899999999999999  1823
15  43.899999999999999  1974
16  61.399999999999999  2229
17  58.399999999999999  1964
18  54.299999999999997  1618
19  64.900000000000006  2335
20  58.5  2033
0  42.700000000000003  2920
1  48.899999999999999  2815
2  54.600000000000001  2733
3  45.799999999999997  2819
4  40.399999999999999  2362
5  54.399999999999999  2132
6  40.899999999999999  2628
7  51.5  2428
8  58.600000000000001  2529
9  55.0  2100
10  53.5  2381
11  62.899999999999999  1937
12  59.100000000000001  2296
13  66.200000000000003  2157
14  64.5  2241
15  61.600000000000001  2009
16  71.0  1581
17  60.299999999999997  1853
18  64.900000000000006  1591
19  55.899999999999999  2203
20  57.0  1937
0  41.200000000000003  3075
1  46.0  2897
2  37.5  2324
3  43.700000000000003  2804
4  48.299999999999997  2968
5  47.700000000000003  2473
6  57.0  2465
7  56.0  2035
8  53.399999999999999  2580
9  51.700000000000003  2691
10  58.200000000000003  2173
11  57.399999999999999  2377
12  50.5  2375
13  54.100000000000001  2202
14  49.5  2046
15  50.899999999999999  1755
16  60.299999999999997  1986
17  63.5  1745
18  52.399999999999999  1959
19  67.099999999999994  1598
20  59.200000000000003  1809
0  52.399999999999999  2948
1  51.5  3028
2  41.100000000000001  2387
3  55.200000000000003  2444
4  53.0  2581
5  44.5  2360
6  43.5  2876
7  50.100000000000001  2649
8  58.600000000000001  2475
9  56.0  2284
10  53.899999999999999  2310
11  55.200000000000003  2444
12  72.900000000000006  1994
13  59.899999999999999  1894
14  59.600000000000001  2103
15  67.299999999999997  1834
16  45.899999999999999  2109
17  44.600000000000001  2025
18  61.700000000000003  2091
19  63.399999999999999  1543
20  65.400000000000006  1672
0  49.200000000000003  2371
1  48.899999999999999  2902
2  44.399999999999999  2690
3  43.799999999999997  2471
4  44.799999999999997  2349
5  50.700000000000003  2810
6  51.700000000000003  2177
7  57.799999999999997  2474
8  61.799999999999997  2628
9  37.600000000000001  1873
10  52.700000000000003  2104
11  58.799999999999997  2136
12  67.0  2317
13  47.100000000000001  2287
14  55.5  2100
15  59.5  1940
16  63.799999999999997  1830
17  65.599999999999994  1992
18  53.299999999999997  2137
19  67.0  1765
20  62.399999999999999  2018
0  40.899999999999999  2898
1  49.5  2889
2  50.200000000000003  2621
3  52.200000000000003  2521
4  50.100000000000001  2273
5  44.899999999999999  2974
6  49.0  1985
7  48.200000000000003  2509
8  51.200000000000003  2497
9  59.600000000000001  2565
10  62.899999999999999  2585
11  56.5  2303
12  62.600000000000001  2244
13  54.5  2380
14  52.100000000000001  1969
15  67.599999999999994  2115
16  58.700000000000003  1901
17  56.600000000000001  2005
18  70.200000000000003  1751
19  67.900000000000006  1458
20  62.399999999999999  1644
0  45.899999999999999  2430
1  48.700000000000003  3051
2  50.100000000000001  3031
3  44.799999999999997  3028
4  47.700000000000003  2768
5  52.100000000000001  2679
6  46.700000000000003  2590
7  50.399999999999999  2531
8  63.5  2120
9  53.200000000000003  2235
10  42.899999999999999  2129
11  52.399999999999999  2257
12  56.100000000000001  1939
13  60.799999999999997  2157
14  57.600000000000001  2187
15  65.099999999999994  1662
16  62.399999999999999  2102
17  51.100000000000001  1617
18  54.600000000000001  2173
19  67.900000000000006  1670
20  56.600000000000001  1663
0  47.0  2575
1  42.299999999999997  2563
2  51.399999999999999  2817
3  48.5  3004
4  44.299999999999997  2563
5  54.200000000000003  2608
6  50.799999999999997  2534
7  43.0  2609
8  53.899999999999999  2316
9  55.899999999999999  2121
10  57.5  1993
11  56.799999999999997  2405
12  56.799999999999997  2107
13  64.700000000000003  2196
14  65.799999999999997  2203
15  65.200000000000003  1898
16  60.399999999999999  1552
17  56.299999999999997  1438
18  54.600000000000001  1791
19  61.100000000000001  1811
20  58.5  1871
0  48.0  3165
1  43.299999999999997  2399
2  56.899999999999999  2745
3  33.799999999999997  2960
4  38.5  2667
5  43.700000000000003  2425
6  50.100000000000001  2406
7  55.899999999999999  2138
8  50.5  2579
9  41.299999999999997  2108
10  56.5  2027
11  56.799999999999997  2387
12  65.099999999999994  2124
13  56.0  2284
14  65.099999999999994  1985
15  62.799999999999997  1937
16  61.0  2220
17  66.700000000000003  1836
18  71.200000000000003  1557
19  67.700000000000003  1522
20  62.700000000000003  1884
0  44.399999999999999  2973
1  37.200000000000003  2896
2  52.200000000000003  2644
3  47.799999999999997  3012
4  46.799999999999997  2529
5  41.799999999999997  2799
6  52.200000000000003  2801
7  47.100000000000001  2505
8  49.200000000000003  2644
9  50.200000000000003  2170
10  51.0  2187
11  51.899999999999999  1976
12  64.5  2000
13  59.100000000000001  2142
14  50.100000000000001  1806
15  52.899999999999999  2497
16  60.600000000000001  1662
17  58.600000000000001  1834
18  63.600000000000001  1770
19  65.700000000000003  1740
20  65.099999999999994  1816
0  36.0  2589
1  32.200000000000003  2363
2  39.899999999999999  2816
3  42.0  2134
4  47.600000000000001  2361
5  45.0  2826
6  51.899999999999999  2474
7  46.899999999999999  2854
8  54.299999999999997  2536
9  48.399999999999999  1867
10  60.0  1880
11  51.899999999999999  2009
12  54.899999999999999  2218
13  67.200000000000003  1924
14  53.899999999999999  2098
15  51.100000000000001  2073
16  56.5  2101
17  58.299999999999997  1802
18  69.799999999999997  2053
19  61.200000000000003  1749
20  64.700000000000003  1738
0  56.100000000000001  3002
1  43.100000000000001  2706
2  53.100000000000001  2209
3  42.399999999999999  2854
4  57.200000000000003  2667
5  48.399999999999999  2614
6  48.700000000000003  2292
7  63.399999999999999  2307
8  45.299999999999997  2124
9  53.5  2058
10  39.5  2059
11  54.799999999999997  2573
12  46.799999999999997  2147
13  73.0  1718
14  56.5  1789
15  62.700000000000003  1871
16  67.0  1881
17  59.600000000000001  2080
18  56.299999999999997  2036
19  49.799999999999997  1942
20  66.0  1686
0  38.5  2938
1  50.100000000000001  2764
2  43.600000000000001  2960
3  51.799999999999997  2868
4  39.299999999999997  2679
5  50.200000000000003  2434
6  49.299999999999997  2953
7  52.299999999999997  2627
8  46.200000000000003  2301
9  52.899999999999999  2313
10  55.5  2277
11  57.600000000000001  2276
12  59.799999999999997  2062
13  57.5  2105
14  64.299999999999997  1857
15  67.099999999999994  1854
16  59.899999999999999  1723
17  62.600000000000001  2048
18  56.600000000000001  1957
19  65.400000000000006  1763
20  68.200000000000003  1459
0  47.799999999999997  2894
1  41.899999999999999  2654
2  57.600000000000001  2884
3  55.799999999999997  2637
4  51.899999999999999  2582
5  46.700000000000003  2524
6  45.100000000000001  2236
7  52.5  2632
8  48.899999999999999  2415
9  58.399999999999999  2113
10  52.200000000000003  2522
11  52.899999999999999  2240
12  51.899999999999999  2222
13  54.899999999999999  2323
14  42.700000000000003  2142
15  60.399999999999999  2133
16  62.899999999999999  2176
17  66.5  1946
18  50.299999999999997  2147
19  73.700000000000003  1778
20  61.5  1751
0  38.5  2799
1  44.0  2892
2  47.0  2993
3  49.399999999999999  2689
4  52.5  2565
5  48.899999999999999  2241
6  50.0  2162
7  54.799999999999997  2390
8  53.100000000000001  2128
9  53.399999999999999  2393
10  57.899999999999999  2312
11  63.200000000000003  2479
12  59.200000000000003  1988
13  65.700000000000003  1721
14  50.399999999999999  2364
15  67.900000000000006  2136
16  51.200000000000003  2330
17  66.099999999999994  1835
18  58.799999999999997  1833
19  58.899999999999999  2022
20  68.5  1760
0  51.899999999999999  3066
1  41.600000000000001  2735
2  42.899999999999999  2768
3  48.5  2489
4  42.200000000000003  2616
5  47.899999999999999  2764
6  55.200000000000003  2793
7  48.299999999999997  2393
8  48.5  2382
9  49.5  2314
10  53.100000000000001  2423
11  45.899999999999999  2321
12  56.5  2262
13  63.600000000000001  2013
14  60.600000000000001  1949
15  52.799999999999997  2296
16  50.600000000000001  1768
17  61.0  2187
18  56.899999999999999  2057
19  63.0  1681
20  57.600000000000001  1843
0  39.299999999999997  2457
1  42.700000000000003  2995
2  38.399999999999999  2651
3  41.5  3014
4  41.399999999999999  2228
5  47.0  2624
6  43.100000000000001  2854
7  49.5  2456
8  58.200000000000003  2161
9  49.100000000000001  1975
10  51.200000000000003  2106
11  55.0  2108
12  57.399999999999999  2152
13  62.0  2051
14  62.399999999999999  1980
15  53.0  2211
16  63.700000000000003  2009
17  58.899999999999999  1927
18  69.5  1826
19  63.799999999999997  1795
20  66.799999999999997  1768
0  34.5  2850
1  38.200000000000003  2780
2  43.700000000000003  2254
3  55.700000000000003  2541
4  50.200000000000003  2542
5  48.600000000000001  2533
6  48.799999999999997  2240
7  59.0  2502
8  48.299999999999997  2328
9  41.600000000000001  1985
10  50.399999999999999  2513
11  59.700000000000003  2540
12  59.5  2104
13  62.700000000000003  2013
14  62.0  1968
15  51.5  1775
16  63.399999999999999  1658
17  56.0  1630
18  65.700000000000003  1917
19  58.299999999999997  1788
20  60.600000000000001  1860
0  38.899999999999999  2778
1  50.600000000000001  2828
2  47.0  2945
3  48.100000000000001  2949
4  53.299999999999997  2580
5  44.899999999999999  2601
6  46.700000000000003  2418
7  54.100000000000001  2377
8  50.899999999999999  1961
9  64.700000000000003  2351
10  56.200000000000003  2360
11  65.599999999999994  1887
12  66.900000000000006  2022
13  55.200000000000003  2113
14  59.0  2189
15  55.5  1705
16  55.700000000000003  1759
17  66.299999999999997  1973
18  59.399999999999999  1774
19  73.099999999999994  1549
20  69.599999999999994  1920
0  54.600000000000001  2678
1  48.799999999999997  2889
2  45.100000000000001  2692
3  46.299999999999997  3138
4  51.799999999999997  2434
5  49.399999999999999  2541
6  55.600000000000001  2558
7  42.799999999999997  2684
8  56.700000000000003  2284
9  52.399999999999999  2045
10  55.100000000000001  2267
11  58.5  1839
12  50.899999999999999  2238
13  56.899999999999999  2307
14  56.399999999999999  2016
15  54.200000000000003  2111
16  66.5  1713
17  51.0  1679
18  65.5  1754
19  70.400000000000006  1825
20  57.0  1806
0  46.700000000000003  2677
1  43.899999999999999  3161
2  29.899999999999999  3066
3  55.299999999999997  2990
4  52.0  3282
5  39.100000000000001  2313
6  48.200000000000003  2786
7  42.5  2492
8  51.299999999999997  2275
9  55.600000000000001  2411
10  51.5  1626
11  55.299999999999997  2203
12  58.600000000000001  2094
13  61.299999999999997  2019
14  55.0  2303
15  62.899999999999999  1646
16  60.399999999999999  2093
17  64.400000000000006  1880
18  47.799999999999997  2082
19  61.700000000000003  1939
20  66.900000000000006  1976
0  56.399999999999999  2973
1  59.5  2692
2  46.899999999999999  2365
3  49.0  2553
4  52.700000000000003  2638
5  51.299999999999997  2619
6  58.0  2503
7  40.700000000000003  2438
8  56.700000000000003  2219
9  47.899999999999999  2383
10  56.799999999999997  2409
11  46.200000000000003  1851
12  52.799999999999997  2084
13  54.100000000000001  1929
14  59.0  1876
15  60.700000000000003  2018
16  60.5  1967
17  70.200000000000003  1796
18  72.700000000000003  1464
19  69.200000000000003  1602
20  57.600000000000001  1738
0  46.5  2847
1  46.200000000000003  2879
2  40.200000000000003  2466
3  45.200000000000003  2977
4  42.200000000000003  3053
5  53.899999999999999  2337
6  51.799999999999997  2438
7  57.299999999999997  2333
8  50.799999999999997  2453
9  51.5  2499
10  55.600000000000001  2147
11  46.299999999999997  2299
12  58.700000000000003  2207
13  52.5  2120
14  68.799999999999997  1615
15  64.799999999999997  2025
16  49.899999999999999  2324
17  64.200000000000003  2130
18  71.799999999999997  1666
19  57.899999999999999  1784
20  60.399999999999999  2078
0  40.899999999999999  2784
1  39.799999999999997  3209
2  41.399999999999999  2571
3  47.200000000000003  2721
4  40.200000000000003  2376
5  48.600000000000001  2138
6  53.799999999999997  2224
7  57.100000000000001  2530
8  57.700000000000003  2457
9  53.0  2176
10  49.0  2384
11  59.700000000000003  1978
12  43.0  2469
13  58.700000000000003  2484
14  54.899999999999999  1933
15  61.600000000000001  2130
16  62.399999999999999  1973
17  62.399999999999999  2291
18  65.5  1816
19  71.900000000000006  1362
20  61.0  1970
0  41.5  2830
1  41.100000000000001  2747
2  46.399999999999999  2787
3  58.100000000000001  2384
4  50.299999999999997  2989
5  46.799999999999997  2292
6  49.100000000000001  2407
7  51.5  2336
8  57.600000000000001  2618
9  44.600000000000001  2569
10  39.799999999999997  2751
11  55.399999999999999  1963
12  56.399999999999999  2319
13  58.399999999999999  1960
14  52.299999999999997  2185
15  65.200000000000003  1776
16  60.299999999999997  1664
17  51.600000000000001  2111
18  59.899999999999999  2005
19  67.200000000000003  1508
20  53.200000000000003  2179
0  50.299999999999997  3109
1  51.0  2987
2  49.100000000000001  2645
3  42.899999999999999  2710
4  44.5  2824
5  52.399999999999999  2687
6  48.100000000000001  2602
7  61.700000000000003  2304
8  55.100000000000001  2416
9  59.600000000000001  2332
10  54.299999999999997  2133
11  63.299999999999997  2332
12  57.5  2250
13  67.0  2014
14  62.100000000000001  1842
15  58.200000000000003  1963
16  54.399999999999999  2034
17  51.600000000000001  2126
18  54.799999999999997  2204
19  53.700000000000003  1939
20  62.399999999999999  1821
0  37.100000000000001  2866
1  34.799999999999997  3034
2  48.299999999999997  2498
3  45.5  2954
4  39.799999999999997  2484
5  41.799999999999997  2814
6  53.200000000000003  2509
7  55.299999999999997  2334
8  51.299999999999997  2115
9  52.799999999999997  2488
10  53.600000000000001  2280
11  47.200000000000003  2449
12  45.200000000000003  1931
13  52.200000000000003  2213
14  52.899999999999999  2054
15  60.700000000000003  2027
16  60.899999999999999  2106
17  60.5  2219
18  69.5  1577
19  58.100000000000001  1712
20  65.200000000000003  1948
0  54.100000000000001  2668
1  44.299999999999997  3274
2  47.100000000000001  2744
3  42.399999999999999  3150
4  53.799999999999997  2212
5  38.100000000000001  2445
6  54.799999999999997  2260
7  52.700000000000003  2455
8  53.700000000000003  2351
9  49.5  2325
10  59.0  1846
11  63.299999999999997  2182
12  57.899999999999999  2252
13  56.700000000000003  2101
14  67.799999999999997  1767
15  57.200000000000003  1765
16  67.200000000000003  2260
17  68.400000000000006  1852
18  68.099999999999994  1760
19  58.0  1637
20  64.5  1869
0  42.399999999999999  3034
1  36.600000000000001  3028
2  46.799999999999997  2408
3  49.200000000000003  2985
4  46.299999999999997  2620
5  43.0  2466
6  64.099999999999994  2424
7  60.0  2312
8  55.0  2301
9  52.0  2621
10  49.0  2136
11  48.799999999999997  2798
12  49.100000000000001  2311
13  54.799999999999997  1917
14  56.799999999999997  1965
15  50.600000000000001  1982
16  62.700000000000003  1998
17  54.299999999999997  2329
18  66.200000000000003  1527
19  56.799999999999997  1936
20  67.5  1653
0  34.299999999999997  2879
1  37.0  2500
2  51.100000000000001  2825
3  55.100000000000001  2489
4  50.600000000000001  2846
5  45.100000000000001  2078
6  54.899999999999999  2418
7  53.100000000000001  2821
8  48.0  2391
9  56.5  2279
10  56.600000000000001  1945
11  61.899999999999999  1925
12  58.799999999999997  2179
13  58.100000000000001  1772
14  67.900000000000006  1941
15  56.200000000000003  2012
16  59.299999999999997  1591
17  58.0  2000
18  63.399999999999999  1884
19  60.5  1847
20  65.200000000000003  1430
0  36.899999999999999  2782
1  48.899999999999999  2716
2  41.600000000000001  2875
3  45.100000000000001  2718
4  48.200000000000003  2536
5  50.5  2258
6  43.0  2337
7  45.299999999999997  2420
8  50.299999999999997  2405
9  54.899999999999999  2003
10  45.0  2358
11  55.700000000000003  1936
12  64.200000000000003  2435
13  53.700000000000003  2030
14  63.200000000000003  1792
15  51.799999999999997  2075
16  60.600000000000001  1909
17  55.600000000000001  2010
18  60.200000000000003  1703
19  65.5  1838
20  58.600000000000001  1552
0  31.899999999999999  3064
1  50.399999999999999  2759
2  56.299999999999997  2622
3  52.299999999999997  2777
4  41.899999999999999  2756
5  52.200000000000003  3095
6  52.200000000000003  2474
7  40.200000000000003  2470
8  63.100000000000001  2253
9  51.5  2705
10  72.799999999999997  1973
11  46.5  2325
12  65.299999999999997  1969
13  68.400000000000006  1850
14  68.400000000000006  2082
15  61.299999999999997  2021
16  50.0  2121
17  59.100000000000001  2024
18  58.799999999999997  1747
19  61.5  1880
20  68.400000000000006  1945
0  38.0  3238
1  51.600000000000001  2907
2  57.399999999999999  2630
3  48.899999999999999  3019
4  36.700000000000003  2825
5  53.899999999999999  2662
6  38.299999999999997  2482
7  54.700000000000003  2342
8  55.799999999999997  2119
9  50.799999999999997  2406
10  47.0  2126
11  60.899999999999999  2066
12  55.600000000000001  1979
13  61.799999999999997  2256
14  57.5  1979
15  59.700000000000003  1951
16  59.799999999999997  1838
17  54.700000000000003  2068
18  63.799999999999997  1676
19  67.0  1942
20  63.299999999999997  1955
0  37.700000000000003  2608
1  36.5  2586
2  47.399999999999999  2314
3  46.700000000000003  2697
4  50.799999999999997  2768
5  52.299999999999997  2834
6  59.299999999999997  2284
7  46.200000000000003  2544
8  68.400000000000006  2040
9  45.600000000000001  2438
10  55.5  2087
11  61.700000000000003  2162
12  55.200000000000003  2013
13  54.200000000000003  2212
14  50.700000000000003  2360
15  58.299999999999997  2337
16  53.0  2224
17  55.399999999999999  2174
18  64.900000000000006  1687
19  52.700000000000003  2188
20  61.200000000000003  1995
0  37.100000000000001  2741
1  41.799999999999997  3171
2  52.100000000000001  2612
3  38.899999999999999  2960
4  54.5  2515
5  50.0  2841
6  47.600000000000001  2304
7  47.200000000000003  2625
8  45.100000000000001  2564
9  48.100000000000001  2016
10  54.399999999999999  2143
11  57.5  2218
12  63.700000000000003  2022
13  55.799999999999997  2300
14  52.899999999999999  2223
15  56.0  1948
16  58.100000000000001  2120
17  63.799999999999997  1811
18  65.299999999999997  1990
19  69.400000000000006  1400
20  55.299999999999997  1848
0  37.399999999999999  3076
1  48.200000000000003  2814
2  49.899999999999999  2976
3  48.299999999999997  2727
4  46.299999999999997  2838
5  51.200000000000003  2662
6  44.700000000000003  2400
7  46.600000000000001  2267
8  54.600000000000001  2506
9  66.0  2023
10  53.899999999999999  2340
11  55.899999999999999  2267
12  52.399999999999999  2489
13  57.600000000000001  2029
14  51.299999999999997  2038
15  55.700000000000003  1610
16  64.299999999999997  1689
17  55.0  1928
18  59.799999999999997  1894
19  58.399999999999999  2101
20  60.700000000000003  2147
0  39.700000000000003  2869
1  32.200000000000003  2919
2  47.899999999999999  3010
3  48.600000000000001  2470
4  55.5  2491
5  49.600000000000001  2919
6  49.200000000000003  2353
7  56.700000000000003  2626
8  46.299999999999997  2361
9  53.5  2474
10  44.799999999999997  2416
11  69.400000000000006  2051
12  63.299999999999997  1887
13  46.5  1966
14  62.299999999999997  2169
15  62.299999999999997  2135
16  57.200000000000003  2427
17  59.600000000000001  2111
18  66.700000000000003  1719
19  62.100000000000001  1643
20  61.399999999999999  1625
0  57.600000000000001  2630
1  45.600000000000001  2847
2  50.700000000000003  2713
3  52.700000000000003  2875
4  47.700000000000003  2483
5  41.899999999999999  2720
6  48.200000000000003  2493
7  47.5  2176
8  47.5  2268
9  53.799999999999997  2275
10  41.299999999999997  2709
11  58.100000000000001  2152
12  57.100000000000001  2234
13  52.299999999999997  2281
14  63.299999999999997  1864
15  58.299999999999997  2060
16  58.899999999999999  2008
17  58.100000000000001  2233
18  68.400000000000006  1505
19  62.799999999999997  1826
20  60.100000000000001  1975
0  51.600000000000001  3200
1  42.0  2913
2  39.200000000000003  2488
3  55.5  2434
4  46.5  2452
5  58.399999999999999  2403
6  45.100000000000001  2588
7  37.100000000000001  2453
8  57.100000000000001  2866
9  61.5  2331
10  63.200000000000003  2471
11  56.299999999999997  2076
12  56.100000000000001  1844
13  68.700000000000003  1929
14  50.5  1743
15  64.299999999999997  1842
16  57.600000000000001  2279
17  61.899999999999999  1799
18  55.0  1493
19  68.5  1927
20  75.599999999999994  1799
0  37.399999999999999  2643
1  45.700000000000003  2808
2  47.399999999999999  2964
3  43.899999999999999  2962
4  62.399999999999999  2492
5  64.799999999999997  2349
6  41.100000000000001  2606
7  53.899999999999999  2432
8  57.799999999999997  2383
9  41.200000000000003  2380
10  56.299999999999997  2113
11  52.399999999999999  2243
12  55.899999999999999  2493
13  48.600000000000001  1762
14  54.100000000000001  2182
15  62.5  1639
16  54.799999999999997  2234
17  67.5  1868
18  56.100000000000001  2114
19  62.100000000000001  1224
20  63.299999999999997  1849
0  39.899999999999999  2971
1  55.600000000000001  2652
2  39.399999999999999  3064
3  54.299999999999997  2419
4  58.299999999999997  2609
5  46.700000000000003  2764
6  55.299999999999997  2259
7  62.600000000000001  2567
8  41.899999999999999  2612
9  53.399999999999999  2418
10  65.0  2268
11  55.200000000000003  1935
12  51.299999999999997  2332
13  62.299999999999997  1870
14  52.600000000000001  1964
15  57.200000000000003  2101
16  63.299999999999997  1926
17  58.700000000000003  1867
18  65.900000000000006  1583
19  52.399999999999999  2153
20  59.600000000000001  1905
0  44.600000000000001  3052
1  47.799999999999997  2785
2  53.0  2778
3  39.0  2645
4  47.5  2601
5  40.399999999999999  2348
6  50.299999999999997  2959
7  49.0  2348
8  41.100000000000001  2353
9  43.100000000000001  2453
10  60.100000000000001  1789
11  61.299999999999997  1942
12  65.200000000000003  2200
13  61.799999999999997  2235
14  52.899999999999999  1799
15  46.399999999999999  2003
16  47.899999999999999  2244
17  63.200000000000003  1811
18  63.299999999999997  1830
19  62.600000000000001  1589
20  64.599999999999994  1964
0  34.399999999999999  3043
1  42.0  2801
2  49.899999999999999  2515
3  35.700000000000003  2629
4  41.299999999999997  2790
5  51.100000000000001  2660
6  42.799999999999997  2381
7  48.399999999999999  2600
8  49.100000000000001  2186
9  59.600000000000001  2274
10  57.600000000000001  2022
11  51.700000000000003  2224
12  50.899999999999999  2525
13  58.5  2044
14  60.200000000000003  2100
15  52.899999999999999  1760
16  57.200000000000003  1955
17  58.5  2229
18  68.400000000000006  1736
19  55.299999999999997  1683
20  64.599999999999994  1371
0  46.399999999999999  2763
1  51.100000000000001  2627
2  34.299999999999997  2853
3  57.5  2366
4  51.5  2861
5  46.899999999999999  2877
6  43.299999999999997  2132
7  59.0  2328
8  51.100000000000001  2477
9  49.100000000000001  2308
10  58.399999999999999  2186
11  50.200000000000003  2549
12  66.099999999999994  2322
13  60.0  2000
14  52.700000000000003  1980
15  58.799999999999997  2085
16  54.799999999999997  2024
17  62.799999999999997  1215
18  68.900000000000006  1903
19  69.099999999999994  1738
20  57.899999999999999  2039
0  46.799999999999997  2903
1  43.899999999999999  2649
2  45.200000000000003  2901
3  52.0  2898
4  46.899999999999999  2526
5  48.0  2471
6  43.899999999999999  2826
7  52.0  2365
8  46.299999999999997  1994
9  51.899999999999999  2519
10  54.899999999999999  1914
11  58.0  2032
12  56.200000000000003  2202
13  54.299999999999997  2153
14  53.299999999999997  2354
15  63.200000000000003  2259
16  53.600000000000001  1836
17  61.399999999999999  1991
18  63.5  1534
19  51.399999999999999  1924
20  44.100000000000001  1850
0  40.399999999999999  2692
1  48.899999999999999  2903
2  52.200000000000003  2560
3  46.899999999999999  2952
4  41.700000000000003  2266
5  49.100000000000001  2421
6  47.899999999999999  2551
7  46.100000000000001  2540
8  46.5  2503
9  56.700000000000003  2467
10  56.399999999999999  2143
11  55.700000000000003  2377
12  59.100000000000001  2475
13  55.5  2194
14  67.599999999999994  1355
15  51.700000000000003  1796
16  57.200000000000003  2055
17  55.299999999999997  2184
18  64.799999999999997  1919
19  65.599999999999994  1724
20  72.5  1589
0  42.5  2735
1  49.5  2546
2  46.799999999999997  2727
3  54.700000000000003  2721
4  55.0  2897
5  50.0  2845
6  50.299999999999997  2427
7  55.899999999999999  2698
8  50.200000000000003  2094
9  51.0  2110
10  55.200000000000003  2518
11  61.5  1698
12  63.700000000000003  1874
13  49.5  2497
14  51.299999999999997  2350
15  56.899999999999999  2090
16  63.5  1695
17  57.899999999999999  2001
18  69.099999999999994  1681
19  54.700000000000003  1907
20  57.399999999999999  1673
0  32.100000000000001  2665
1  53.600000000000001  2746
2  35.399999999999999  2600
3  34.5  3288
4  54.200000000000003  2434
5  50.0  2412
6  50.899999999999999  2458
7  47.5  2430
8  47.600000000000001  2432
9  50.200000000000003  2755
10  57.299999999999997  2484
11  55.399999999999999  2012
12  61.600000000000001  2015
13  58.100000000000001  1924
14  51.299999999999997  2063
15  70.900000000000006  1645
16  49.5  1742
17  58.799999999999997  1789
18  71.5  2094
19  59.399999999999999  1591
20  62.700000000000003  1874
0  35.5  2891
1  42.399999999999999  2583
2  44.799999999999997  3141
3  44.899999999999999  2913
4  38.799999999999997  2527
5  42.700000000000003  2958
6  47.700000000000003  2152
7  57.399999999999999  2232
8  61.200000000000003  2426
9  47.299999999999997  2162
10  59.399999999999999  2201
11  68.0  2018
12  51.200000000000003  1604
13  56.5  2216
14  61.899999999999999  2063
15  62.200000000000003  1844
16  59.100000000000001  1654
17  59.899999999999999  2437
18  64.0  1906
19  64.200000000000003  1737
20  53.799999999999997  1559
0  34.299999999999997  2176
1  48.0  2725
2  43.200000000000003  2821
3  48.600000000000001  2716
4  40.799999999999997  2535
5  51.700000000000003  2452
6  60.600000000000001  2614
7  42.100000000000001  2324
8  57.700000000000003  2165
9  69.200000000000003  2114
10  56.100000000000001  2381
11  56.399999999999999  2342
12  52.600000000000001  1735
13  63.299999999999997  1827
14  61.600000000000001  2226
15  54.5  2426
16  58.5  2137
17  56.700000000000003  1953
18  57.299999999999997  2125
19  68.099999999999994  1672
20  63.799999999999997  2221
0  41.299999999999997  2950
1  45.100000000000001  2943
2  49.600000000000001  2764
3  46.200000000000003  3065
4  38.399999999999999  2657
5  50.0  2405
6  48.799999999999997  2188
7  55.700000000000003  2417
8  49.100000000000001  2505
9  53.600000000000001  2340
10  58.799999999999997  1482
11  50.799999999999997  2303
12  53.5  1959
13  52.600000000000001  2615
14  58.0  2193
15  52.899999999999999  1848
16  60.299999999999997  1889
17  60.5  1572
18  54.299999999999997  1820
19  67.200000000000003  1386
20  67.799999999999997  1809
0  29.0  2889
1  48.700000000000003  2767
2  44.0  2701
3  43.5  2787
4  40.200000000000003  3177
5  46.799999999999997  2818
6  56.200000000000003  2544
7  48.299999999999997  2208
8  50.399999999999999  2433
9  63.100000000000001  2349
10  55.0  2028
11  59.299999999999997  1981
12  49.5  2024
13  58.700000000000003  1867
14  62.200000000000003  1827
15  65.799999999999997  2268
16  55.399999999999999  2477
17  61.700000000000003  1795
18  65.900000000000006  1902
19  52.5  2168
20  64.799999999999997  1730
0  35.600000000000001  2830
1  45.0  2821
2  45.5  2739
3  34.600000000000001  2613
4  42.700000000000003  3065
5  51.600000000000001  2357
6  43.0  2626
7  47.299999999999997  2605
8  54.899999999999999  2515
9  46.799999999999997  2534
10  59.399999999999999  2371
11  57.399999999999999  2124
12  55.799999999999997  2238
13  58.799999999999997  2344
14  47.799999999999997  2107
15  56.799999999999997  2005
16  58.399999999999999  1941
17  66.400000000000006  1513
18  61.100000000000001  1950
19  54.0  1882
20  64.200000000000003  1650
0  43.399999999999999  3041
1  37.100000000000001  3147
2  52.5  2733
3  49.0  2590
4  47.200000000000003  2535
5  40.299999999999997  2585
6  53.700000000000003  2233
7  67.0  2284
8  50.899999999999999  2437
9  52.399999999999999  2792
10  62.899999999999999  2113
11  51.700000000000003  2258
12  44.700000000000003  1930
13  54.399999999999999  2106
14  63.5  1827
15  59.5  1916
16  56.0  2263
17  65.700000000000003  2037
18  54.899999999999999  2143
19  63.799999999999997  1896
20  69.299999999999997  1804
0  44.200000000000003  3226
1  43.899999999999999  2805
2  57.600000000000001  2239
3  49.600000000000001  2539
4  47.0  2850
5  57.100000000000001  2641
6  55.700000000000003  2275
7  51.0  2267
8  51.899999999999999  2289
9  63.700000000000003  2655
10  62.399999999999999  2035
11  48.0  2263
12  57.200000000000003  2322
13  60.5  2023
14  61.5  1895
15  62.899999999999999  2058
16  60.600000000000001  2045
17  66.900000000000006  1916
18  65.700000000000003  1651
19  57.100000000000001  1899
20  55.5  2355
0  46.700000000000003  2898
1  38.0  2952
2  63.5  2456
3  52.0  3066
4  48.600000000000001  2397
5  58.799999999999997  2657
6  53.600000000000001  2272
7  55.600000000000001  2538
8  47.0  2595
9  50.600000000000001  1893
10  58.700000000000003  1980
11  52.5  2488
12  60.100000000000001  2187
13  56.399999999999999  2113
14  58.700000000000003  1919
15  68.200000000000003  1999
16  60.5  1441
17  62.600000000000001  1935
18  57.899999999999999  1909
19  54.899999999999999  1762
20  56.700000000000003  1814
0  44.200000000000003  3136
1  43.799999999999997  2859
2  48.399999999999999  2458
3  46.299999999999997  2568
4  36.799999999999997  2802
5  53.0  2627
6  54.100000000000001  2465
7  57.899999999999999  2647
8  45.200000000000003  2568
9  60.0  2206
10  50.0  1960
11  55.5  2050
12  63.399999999999999  2061
13  55.700000000000003  2078
14  59.5  1953
15  65.700000000000003  1683
16  57.399999999999999  2206
17  65.099999999999994  2035
18  62.299999999999997  1858
19  64.299999999999997  2187
20  61.700000000000003  1639
0  39.5  3006
1  45.600000000000001  3119
2  43.799999999999997  2755
3  39.600000000000001  2487
4  53.0  2692
5  59.399999999999999  2540
6  36.700000000000003  2723
7  50.799999999999997  2783
8  47.0  2428
9  46.399999999999999  2720
10  45.600000000000001  2169
11  65.400000000000006  1859
12  52.799999999999997  2130
13  64.200000000000003  2231
14  60.899999999999999  2310
15  58.899999999999999  1973
16  64.0  2136
17  56.5  1846
18  56.600000000000001  2186
19  67.799999999999997  1821
20  58.5  1969
0  47.0  2826
1  45.0  2944
2  52.700000000000003  2856
3  41.299999999999997  2677
4  45.899999999999999  2876
5  41.100000000000001  2512
6  44.399999999999999  2697
7  56.700000000000003  2034
8  60.200000000000003  2312
9  53.600000000000001  2201
10  55.5  2327
11  59.0  2191
12  62.5  1938
13  55.899999999999999  2234
14  61.600000000000001  2552
15  59.0  2069
16  70.5  1936
17  69.0  2181
18  66.5  1880
19  59.200000000000003  1689
20  72.700000000000003  1408
0  41.5  2819
1  46.399999999999999  3006
2  47.100000000000001  2918
3  53.299999999999997  2586
4  52.299999999999997  2538
5  53.200000000000003  2665
6  52.399999999999999  2528
7  55.899999999999999  2392
8  47.799999999999997  2503
9  61.899999999999999  2029
10  59.399999999999999  2511
11  54.5  2452
12  50.700000000000003  1999
13  58.100000000000001  2277
14  57.299999999999997  2305
15  52.299999999999997  2096
16  54.799999999999997  1946
17  54.0  1758
18  60.600000000000001  2053
19  59.399999999999999  1993
20  63.600000000000001  1554
0  55.299999999999997  2556
1  52.200000000000003  3023
2  38.299999999999997  3068
3  41.0  2814
4  63.700000000000003  2401
5  49.299999999999997  2452
6  45.700000000000003  2855
7  53.0  2627
8  54.399999999999999  2220
9  53.600000000000001  2390
10  51.0  2524
11  58.100000000000001  2487
12  48.299999999999997  2109
13  56.299999999999997  2164
14  61.899999999999999  2416
15  45.899999999999999  1696
16  69.900000000000006  1946
17  57.299999999999997  2083
18  64.099999999999994  2062
19  66.200000000000003  1928
20  61.200000000000003  2010
0  38.700000000000003  2482
1  32.5  2994
2  38.899999999999999  2855
3  57.600000000000001  2789
4  53.5  2450
5  43.299999999999997  2708
6  45.899999999999999  2555
7  57.0  2164
8  51.899999999999999  2486
9  59.399999999999999  1885
10  55.799999999999997  2603
11  57.200000000000003  2427
12  45.700000000000003  2366
13  63.200000000000003  2366
14  61.899999999999999  1683
15  54.100000000000001  2207
16  61.5  2018
17  63.100000000000001  1810
18  66.200000000000003  2001
19  56.299999999999997  1617
20  64.200000000000003  1544
0  39.299999999999997  2732
1  43.600000000000001  2856
2  51.0  2624
3  45.399999999999999  2265
4  55.0  2455
5  53.100000000000001  2534
6  61.0  2113
7  54.0  2357
8  61.200000000000003  2158
9  42.899999999999999  2710
10  65.900000000000006  2122
11  56.700000000000003  2047
12  60.299999999999997  2116
13  44.200000000000003  2542
14  56.100000000000001  2032
15  58.299999999999997  2174
16  61.5  1923
17  61.600000000000001  2215
18  57.700000000000003  2127
19  51.5  2062
20  57.399999999999999  1759
0  27.300000000000001  3079
1  42.799999999999997  2867
2  53.299999999999997  2726
3  50.299999999999997  2732
4  56.399999999999999  2743
5  51.399999999999999  2435
6  52.0  2264
7  47.600000000000001  2372
8  54.700000000000003  2598
9  59.799999999999997  2372
10  63.200000000000003  2250
11  55.399999999999999  2296
12  62.0  1919
13  53.299999999999997  2044
14  59.899999999999999  1965
15  50.600000000000001  2090
16  60.600000000000001  1965
17  56.399999999999999  2185
18  60.799999999999997  1795
19  63.5  1772
20  65.299999999999997  1544
0  36.299999999999997  2953
1  42.700000000000003  2636
2  50.399999999999999  2768
3  42.700000000000003  2700
4  49.899999999999999  2483
5  54.100000000000001  2758
6  51.200000000000003  2295
7  54.0  2018
8  54.299999999999997  2244
9  43.200000000000003  2490
10  55.299999999999997  2153
11  48.600000000000001  2403
12  58.299999999999997  1800
13  66.099999999999994  1846
14  56.200000000000003  1955
15  50.399999999999999  2273
16  45.700000000000003  1904
17  56.399999999999999  1872
18  62.0  1602
19  58.5  1882
20  56.799999999999997  1611
0  34.0  2920
1  46.600000000000001  2722
2  55.799999999999997  2923
3  42.200000000000003  2651
4  50.0  2433
5  48.299999999999997  2502
6  45.100000000000001  2844
7  51.799999999999997  2751
8  53.600000000000001  2733
9  51.700000000000003  2404
10  55.0  2542
11  54.5  1886
12  57.5  2384
13  69.200000000000003  1883
14  64.900000000000006  2122
15  54.600000000000001  1878
16  60.200000000000003  1881
17  63.899999999999999  1755
18  66.599999999999994  1955
19  69.099999999999994  1653
20  62.299999999999997  1573
0  37.100000000000001  2606
1  33.700000000000003  2803
2  45.899999999999999  2592
3  54.100000000000001  2726
4  43.5  2705
5  44.299999999999997  2542
6  50.899999999999999  2681
7  51.799999999999997  2802
8  50.299999999999997  2587
9  43.200000000000003  2324
10  58.299999999999997  2378
11  59.200000000000003  2094
12  55.799999999999997  2366
13  64.099999999999994  1936
14  57.0  2350
15  48.200000000000003  2027
16  65.799999999999997  1970
17  66.200000000000003  1502
18  58.899999999999999  1932
19  61.600000000000001  1615
20  48.100000000000001  1844
0  47.799999999999997  2791
1  53.899999999999999  3270
2  39.0  2644
3  44.799999999999997  2685
4  49.399999999999999  2791
5  47.700000000000003  2634
6  50.5  2505
7  60.0  2403
8  52.100000000000001  2264
9  51.700000000000003  1853
10  54.899999999999999  2428
11  63.700000000000003  2232
12  56.600000000000001  2161
13  59.899999999999999  2097
14  46.600000000000001  2088
15  60.399999999999999  2010
16  61.899999999999999  2039
17  67.099999999999994  2000
18  73.599999999999994  1934
19  57.799999999999997  1553
20  65.799999999999997  1745
0  48.600000000000001  2708
1  50.0  2709
2  48.5  2776
3  45.100000000000001  2148
4  40.5  2505
5  45.0  2620
6  49.0  2225
7  52.799999999999997  2513
8  67.599999999999994  2287
9  54.200000000000003  2241
10  72.299999999999997  1718
11  54.0  2348
12  57.0  1754
13  56.600000000000001  2207
14  57.399999999999999  2085
15  56.899999999999999  2229
16  52.799999999999997  1690
17  57.200000000000003  1901
18  60.799999999999997  1873
19  63.0  1638
20  61.700000000000003  1910
0  50.299999999999997  2777
1  39.0  2705
2  37.0  2850
3  39.299999999999997  2573
4  57.799999999999997  2362
5  61.0  2569
6  47.5  2518
7  40.5  2451
8  52.5  2174
9  51.600000000000001  2153
10  53.700000000000003  2032
11  49.799999999999997  2191
12  54.100000000000001  2072
13  61.100000000000001  2171
14  58.600000000000001  2056
15  61.0  2348
16  62.399999999999999  1516
17  63.700000000000003  1646
18  64.200000000000003  2078
19  65.200000000000003  1758
20  52.600000000000001  1715
0  43.5  3184
1  31.5  2991
2  47.0  2956
3  45.200000000000003  2606
4  43.100000000000001  2684
5  37.799999999999997  2607
6  52.399999999999999  2499
7  38.899999999999999  2379
8  59.200000000000003  2188
9  46.5  2017
10  48.0  2709
11  58.0  2108
12  58.600000000000001  2381
13  63.299999999999997  1943
14  46.799999999999997  2254
15  52.100000000000001  1661
16  67.099999999999994  1754
17  71.0  1837
18  54.899999999999999  2097
19  60.799999999999997  1670
20  54.600000000000001  1998
0  34.299999999999997  3048
1  45.700000000000003  2793
2  39.600000000000001  2478
3  54.0  3056
4  44.799999999999997  2844
5  44.600000000000001  2482
6  55.700000000000003  2416
7  56.399999999999999  2520
8  57.5  2742
9  44.5  2243
10  51.399999999999999  2214
11  47.600000000000001  2011
12  61.0  2191
13  58.899999999999999  2054
14  65.299999999999997  1924
15  57.799999999999997  2393
16  54.5  1854
17  72.099999999999994  1904
18  66.0  1790
19  68.599999999999994  1551
20  66.5  1950
0  46.0  2812
1  43.0  3109
2  40.100000000000001  2966
3  57.899999999999999  2702
4  61.600000000000001  2841
5  41.100000000000001  2770
6  52.299999999999997  2726
7  38.799999999999997  2330
8  53.299999999999997  2732
9  44.700000000000003  2408
10  51.700000000000003  2198
11  58.399999999999999  2166
12  62.899999999999999  2281
13  72.299999999999997  1724
14  71.5  1683
15  58.200000000000003  2083
16  49.5  2063
17  54.200000000000003  1759
18  61.299999999999997  2046
19  66.700000000000003  1984
20  54.5  2288
0  41.600000000000001  2806
1  46.899999999999999  3068
2  40.5  2707
3  50.799999999999997  2941
4  56.299999999999997  2578
5  46.299999999999997  2475
6  44.5  2421
7  46.700000000000003  2489
8  66.799999999999997  2296
9  48.5  2456
10  44.399999999999999  2397
11  59.799999999999997  2147
12  58.5  1786
13  61.299999999999997  2051
14  60.600000000000001  2081
15  62.799999999999997  2059
16  67.200000000000003  1644
17  60.700000000000003  1784
18  68.0  2100
19  61.700000000000003  1827
20  72.599999999999994  1673
0  39.700000000000003  2330
1  43.600000000000001  2978
2  50.5  2894
3  48.600000000000001  2789
4  59.200000000000003  2399
5  51.0  2569
6  48.700000000000003  2531
7  57.700000000000003  2298
8  54.799999999999997  2214
9  59.799999999999997  2215
10  59.5  2291
11  51.5  2552
12  64.299999999999997  2195
13  54.899999999999999  2186
14  54.399999999999999  1953
15  65.0  1717
16  58.899999999999999  1836
17  53.899999999999999  1894
18  75.0  1938
19  57.200000000000003  1703
20  69.799999999999997  1555
0  41.600000000000001  2755
1  44.600000000000001  3002
2  32.0  2813
3  59.899999999999999  2324
4  53.899999999999999  2901
5  45.600000000000001  2594
6  49.5  2507
7  51.299999999999997  2344
8  48.600000000000001  2523
9  48.399999999999999  2271
10  56.200000000000003  2297
11  54.299999999999997  2046
12  62.600000000000001  2049
13  63.799999999999997  1984
14  62.299999999999997  1830
15  66.599999999999994  2081
16  70.0  1637
17  68.0  1819
18  57.899999999999999  2070
19  71.200000000000003  1726
20  63.899999999999999  1735
0  33.299999999999997  3123
1  52.200000000000003  2944
2  44.899999999999999  2752
3  52.700000000000003  2725
4  45.0  2608
5  46.399999999999999  2691
6  50.5  2028
7  55.899999999999999  2135
8  48.5  2395
9  51.700000000000003  2487
10  56.399999999999999  2034
11  57.200000000000003  1816
12  56.299999999999997  2080
13  54.700000000000003  2212
14  65.599999999999994  1723
15  59.5  2017
16  60.899999999999999  1578
17  55.399999999999999  2129
18  66.900000000000006  1730
19  57.600000000000001  1751
20  64.0  1360
0  38.299999999999997  2782
1  52.799999999999997  2691
2  46.600000000000001  2551
3  49.700000000000003  2472
4  36.600000000000001  2561
5  63.200000000000003  2661
6  53.799999999999997  2677
7  57.799999999999997  2407
8  50.0  2235
9  61.600000000000001  2720
10  48.399999999999999  2371
11  47.799999999999997  1852
12  60.899999999999999  2147
13  60.0  2384
14  59.299999999999997  1995
15  56.100000000000001  2016
16  62.600000000000001  1614
17  60.899999999999999  2005
18  66.299999999999997  1637
19  55.600000000000001  1633
20  74.5  1789
0  41.399999999999999  2829
1  50.600000000000001  2705
2  50.399999999999999  2703
3  54.200000000000003  3046
4  39.799999999999997  2877
5  41.600000000000001  2300
6  40.799999999999997  2299
7  46.299999999999997  2479
8  56.299999999999997  2130
9  47.700000000000003  2151
10  55.0  2088
11  65.400000000000006  2251
12  61.5  1999
13  47.399999999999999  1996
14  59.5  1806
15  60.0  2044
16  59.100000000000001  2021
17  57.299999999999997  1716
18  57.299999999999997  1874
19  53.799999999999997  2306
20  63.299999999999997  1920
0  45.899999999999999  2767
1  44.0  3292
2  53.600000000000001  2647
3  53.200000000000003  2974
4  45.299999999999997  2176
5  48.899999999999999  2560
6  48.799999999999997  2588
7  48.899999999999999  2350
8  56.700000000000003  2421
9  53.299999999999997  2336
10  57.799999999999997  2337
11  60.600000000000001  1768
12  56.200000000000003  2219
13  55.0  2156
14  60.299999999999997  1988
15  57.200000000000003  1818
16  60.0  1767
17  65.299999999999997  1929
18  62.799999999999997  2023
19  62.399999999999999  1601
20  59.299999999999997  1711
0  46.799999999999997  3096
1  43.200000000000003  2735
2  44.399999999999999  2828
3  49.899999999999999  2424
4  45.100000000000001  2382
5  47.899999999999999  2600
6  42.600000000000001  2414
7  48.5  2208
8  54.899999999999999  2345
9  62.0  1974
10  53.899999999999999  2071
11  49.0  2391
12  48.799999999999997  2455
13  52.100000000000001  2320
14  56.899999999999999  2170
15  47.899999999999999  1853
16  67.099999999999994  1823
17  56.799999999999997  1735
18  71.5  1837
19  66.700000000000003  1764
20  57.100000000000001  1978
0  37.700000000000003  3528
1  39.700000000000003  2871
2  46.5  2987
3  35.0  2905
4  51.799999999999997  2345
5  54.299999999999997  2943
6  39.0  2083
7  57.200000000000003  2507
8  43.799999999999997  2063
9  60.899999999999999  2192
10  54.600000000000001  2125
11  62.0  2066
12  51.100000000000001  2521
13  49.700000000000003  2279
14  62.0  1776
15  58.0  1652
16  57.899999999999999  1827
17  59.100000000000001  2130
18  62.799999999999997  1860
19  60.399999999999999  2056
20  64.299999999999997  2220
0  40.299999999999997  3049
1  44.200000000000003  3236
2  40.600000000000001  2905
3  50.700000000000003  2880
4  51.299999999999997  2690
5  50.799999999999997  2385
6  49.0  2545
7  60.200000000000003  2564
8  48.0  2345
9  54.5  2286
10  49.100000000000001  2758
11  58.700000000000003  1836
12  55.399999999999999  2059
13  50.100000000000001  2170
14  62.100000000000001  2109
15  59.100000000000001  2419
16  59.600000000000001  2113
17  58.399999999999999  2030
18  70.5  1698
19  67.900000000000006  1829
20  57.100000000000001  2113
0  39.899999999999999  2929
1  43.700000000000003  2566
2  52.5  2860
3  54.299999999999997  3022
4  59.100000000000001  2722
5  46.0  1946
6  50.600000000000001  2705
7  45.700000000000003  2366
8  59.399999999999999  2216
9  52.700000000000003  2621
10  51.0  2092
11  60.299999999999997  2491
12  53.600000000000001  1984
13  56.700000000000003  1948
14  52.0  2413
15  52.899999999999999  1807
16  49.799999999999997  2235
17  50.200000000000003  1792
18  53.799999999999997  1859
19  64.5  1794
20  56.799999999999997  1714
0  47.0  2929
1  35.700000000000003  2715
2  36.899999999999999  2862
3  51.0  2522
4  44.100000000000001  2655
5  52.5  2926
6  59.600000000000001  2440
7  53.799999999999997  2708
8  48.299999999999997  2635
9  41.100000000000001  2354
10  52.799999999999997  2269
11  50.100000000000001  2040
12  51.5  1752
13  50.799999999999997  1866
14  59.799999999999997  1610
15  58.299999999999997  2079
16  58.899999999999999  2030
17  62.0  1695
18  55.100000000000001  1864
19  60.399999999999999  1727
20  62.100000000000001  1907
