0  49.0  330
0  26.0  234
0  68.0  393
0  18.0  268
0  48.0  479
0  35.0  534
0  27.0  353
0  46.0  410
0  73.0  307
0  73.0  390
0  75.0  341
0  40.0  344
0  54.0  298
0  86.0  277
0  78.0  314
0  64.0  358
0  44.0  500
0  28.0  383
0  11.0  254
0  87.0  304
0  33.0  240
0  25.0  393
0  65.0  238
0  59.0  391
0  72.0  442
0  83.0  308
0  39.0  424
0  41.0  384
0  50.0  319
0  53.0  428
0  33.0  202
0  46.0  481
0  43.0  469
0  26.0  268
0  14.0  369
0  34.0  542
0  57.0  410
0  49.0  483
0  55.0  311
0  77.0  331
0  62.0  399
0  67.0  397
0  19.0  297
0  38.0  370
0  72.0  343
0  32.0  279
0  67.0  300
0  54.0  455
0  60.0  401
0  53.0  485
0  49.0  417
0  53.0  487
0  40.0  461
0  54.0  452
0  60.0  450
0  50.0  417
0  42.0  377
0  66.0  375
0  40.0  437
0  31.0  374
0  44.0  313
0  53.0  235
0  90.0  217
0  35.0  531
0  69.0  375
0  31.0  576
0  62.0  314
0  18.0  245
0  47.0  337
0  68.0  392
0  32.0  372
0  10.0  234
0  52.0  542
0  64.0  367
0  40.0  351
0  22.0  429
0  27.0  374
0  31.0  296
0  48.0  431
0  44.0  427
0  71.0  332
0  50.0  397
0  63.0  273
0  22.0  367
0  58.0  418
0  56.0  413
0  29.0  325
0  70.0  376
0  50.0  399
0  59.0  276
0  57.0  424
0  69.0  368
0  60.0  460
0  41.0  413
0  56.0  334
0  22.0  392
0  15.0  410
0  44.0  487
0  35.0  519
0  14.0  422
1  44.0  375
1  68.0  301
1  32.0  471
1  81.0  388
1  24.0  378
1  65.0  366
1  34.0  372
1  59.0  425
1  35.0  386
1  40.0  563
1  20.0  391
1  63.0  422
1  42.0  413
1  33.0  359
1  76.0  294
1  58.0  383
1  33.0  419
1  60.0  388
1  59.0  416
1  42.0  325
1  40.0  358
1  70.0  365
1  38.0  283
1  47.0  548
1  52.0  342
1  34.0  426
1  75.0  333
1  34.0  392
1  39.0  325
1  35.0  530
1  67.0  428
1  51.0  402
1  61.0  397
1  84.0  306
1  44.0  337
1  75.0  392
1  72.0  353
1  16.0  341
1  62.0  353
1  64.0  502
1  36.0  444
1  21.0  239
1  52.0  463
1  59.0  454
1  52.0  251
1  35.0  323
1  41.0  344
1  41.0  529
1  45.0  233
1  0.0  164
1  64.0  423
1  31.0  430
1  25.0  272
1  32.0  516
1  55.0  440
1  43.0  506
1  39.0  453
1  29.0  462
1  28.0  460
1  42.0  373
1  58.0  445
1  13.0  168
1  84.0  323
1  62.0  406
1  74.0  310
1  44.0  495
1  63.0  393
1  50.0  393
1  33.0  583
1  57.0  326
1  27.0  232
1  64.0  378
1  56.0  302
1  63.0  370
1  5.0  479
1  35.0  392
1  71.0  266
1  24.0  478
1  59.0  338
1  54.0  361
1  80.0  253
1  35.0  524
1  56.0  360
1  19.0  246
1  84.0  338
1  62.0  495
1  28.0  205
1  41.0  473
1  21.0  365
1  71.0  398
1  40.0  513
1  31.0  492
1  10.0  348
1  76.0  330
1  50.0  483
1  66.0  413
1  35.0  294
1  22.0  263
1  29.0  406
1  70.0  356
2  58.0  335
2  63.0  419
2  46.0  433
2  24.0  344
2  39.0  346
2  65.0  359
2  60.0  384
2  36.0  333
2  41.0  329
2  59.0  308
2  73.0  383
2  41.0  510
2  55.0  418
2  56.0  382
2  50.0  302
2  58.0  426
2  33.0  537
2  34.0  343
2  44.0  530
2  50.0  320
2  40.0  585
2  29.0  436
2  78.0  332
2  58.0  436
2  60.0  371
2  56.0  465
2  54.0  550
2  59.0  369
2  79.0  342
2  53.0  445
2  31.0  290
2  29.0  409
2  49.0  361
2  46.0  430
2  69.0  410
2  19.0  285
2  46.0  542
2  50.0  557
2  50.0  497
2  40.0  335
2  65.0  426
2  29.0  481
2  44.0  417
2  19.0  433
2  54.0  373
2  78.0  317
2  30.0  346
2  58.0  360
2  74.0  366
2  54.0  275
2  50.0  317
2  54.0  526
2  67.0  359
2  22.0  400
2  78.0  337
2  71.0  358
2  69.0  303
2  36.0  456
2  76.0  427
2  73.0  384
2  32.0  371
2  77.0  268
2  51.0  370
2  37.0  235
2  72.0  396
2  9.0  374
2  32.0  496
2  57.0  288
2  67.0  348
2  65.0  431
2  68.0  293
2  25.0  437
2  56.0  385
2  52.0  264
2  41.0  360
2  57.0  452
2  11.0  446
2  43.0  322
2  73.0  397
2  42.0  338
2  38.0  491
2  75.0  382
2  47.0  403
2  36.0  424
2  32.0  476
2  41.0  452
2  69.0  329
2  25.0  292
2  39.0  337
2  36.0  350
2  68.0  389
2  27.0  414
2  65.0  320
2  81.0  301
2  63.0  420
2  48.0  319
2  65.0  331
2  35.0  426
2  64.0  360
2  41.0  639
3  52.0  435
3  55.0  429
3  32.0  393
3  55.0  406
3  62.0  370
3  59.0  321
3  63.0  348
3  26.0  316
3  71.0  308
3  28.0  376
3  38.0  217
3  20.0  518
3  58.0  258
3  17.0  405
3  63.0  368
3  56.0  364
3  57.0  326
3  22.0  261
3  54.0  447
3  72.0  356
3  27.0  324
3  21.0  403
3  4.0  444
3  30.0  411
3  63.0  337
3  15.0  324
3  39.0  434
3  79.0  306
3  57.0  327
3  75.0  321
3  47.0  467
3  35.0  492
3  51.0  372
3  53.0  332
3  27.0  308
3  62.0  442
3  30.0  522
3  39.0  284
3  71.0  271
3  42.0  377
3  47.0  431
3  32.0  473
3  52.0  360
3  58.0  406
3  59.0  316
3  49.0  420
3  9.0  549
3  67.0  304
3  65.0  360
3  35.0  249
3  52.0  316
3  48.0  451
3  86.0  308
3  25.0  369
3  41.0  273
3  51.0  276
3  55.0  569
3  58.0  520
3  57.0  408
3  35.0  423
3  35.0  344
3  45.0  402
3  75.0  357
3  81.0  329
3  36.0  510
3  72.0  324
3  52.0  353
3  61.0  324
3  47.0  330
3  26.0  394
3  52.0  393
3  60.0  346
3  34.0  373
3  52.0  456
3  48.0  517
3  71.0  365
3  58.0  384
3  60.0  389
3  65.0  439
3  43.0  402
3  54.0  406
3  57.0  271
3  54.0  396
3  69.0  360
3  75.0  372
3  40.0  300
3  47.0  266
3  43.0  362
3  76.0  316
3  61.0  354
3  68.0  357
3  72.0  453
3  28.0  292
3  49.0  442
3  44.0  573
3  65.0  398
3  70.0  347
3  51.0  390
3  79.0  278
3  42.0  505
4  28.0  452
4  50.0  366
4  26.0  432
4  39.0  418
4  33.0  515
4  41.0  494
4  66.0  376
4  36.0  297
4  58.0  300
4  63.0  296
4  52.0  371
4  34.0  475
4  83.0  322
4  66.0  390
4  55.0  569
4  71.0  342
4  44.0  380
4  31.0  366
4  57.0  535
4  77.0  294
4  20.0  409
4  20.0  275
4  37.0  352
4  74.0  336
4  37.0  574
4  77.0  303
4  62.0  369
4  2.0  623
4  56.0  420
4  39.0  378
4  85.0  353
4  72.0  298
4  25.0  320
4  59.0  407
4  36.0  389
4  68.0  335
4  35.0  605
4  39.0  424
4  78.0  321
4  77.0  363
4  70.0  323
4  48.0  451
4  43.0  410
4  60.0  534
4  49.0  389
4  51.0  372
4  55.0  220
4  64.0  404
4  31.0  480
4  47.0  331
4  31.0  289
4  57.0  274
4  59.0  483
4  44.0  478
4  59.0  277
4  35.0  486
4  43.0  497
4  64.0  412
4  24.0  443
4  60.0  364
4  45.0  523
4  34.0  408
4  59.0  537
4  88.0  286
4  40.0  308
4  47.0  449
4  42.0  276
4  0.0  163
4  44.0  385
4  68.0  303
4  40.0  488
4  53.0  343
4  29.0  281
4  29.0  165
4  31.0  145
4  67.0  391
4  39.0  514
4  49.0  523
4  47.0  321
4  18.0  279
4  35.0  401
4  40.0  273
4  65.0  290
4  35.0  401
4  50.0  284
4  48.0  380
4  46.0  235
4  39.0  398
4  62.0  396
4  20.0  459
4  48.0  392
4  47.0  400
4  46.0  466
4  55.0  447
4  27.0  332
4  51.0  366
4  44.0  482
4  26.0  511
4  61.0  430
4  69.0  376
5  27.0  494
5  48.0  365
5  50.0  382
5  28.0  363
5  29.0  511
5  56.0  307
5  36.0  493
5  57.0  234
5  5.0  442
5  56.0  356
5  33.0  417
5  30.0  302
5  47.0  335
5  46.0  277
5  75.0  419
5  44.0  522
5  48.0  320
5  71.0  341
5  73.0  241
5  58.0  253
5  32.0  309
5  50.0  271
5  36.0  303
5  55.0  298
5  53.0  494
5  50.0  455
5  37.0  324
5  39.0  369
5  34.0  435
5  53.0  293
5  50.0  198
5  38.0  485
5  29.0  495
5  51.0  457
5  48.0  305
5  74.0  309
5  31.0  490
5  35.0  416
5  33.0  243
5  57.0  388
5  63.0  335
5  50.0  464
5  30.0  485
5  81.0  313
5  79.0  360
5  28.0  420
5  33.0  352
5  40.0  303
5  65.0  391
5  32.0  311
5  37.0  213
5  68.0  338
5  51.0  500
5  67.0  405
5  52.0  377
5  66.0  307
5  26.0  497
5  4.0  328
5  53.0  418
5  44.0  477
5  64.0  262
5  73.0  220
5  36.0  412
5  34.0  376
5  61.0  287
5  72.0  383
5  44.0  405
5  51.0  405
5  44.0  390
5  44.0  299
5  47.0  471
5  52.0  375
5  48.0  610
5  66.0  348
5  41.0  356
5  50.0  402
5  30.0  398
5  33.0  835
5  77.0  318
5  43.0  348
5  53.0  427
5  66.0  333
5  52.0  324
5  44.0  337
5  46.0  432
5  62.0  391
5  15.0  343
5  29.0  388
5  39.0  416
5  52.0  498
5  30.0  442
5  35.0  360
5  30.0  252
5  36.0  388
5  52.0  425
5  24.0  221
5  23.0  617
5  60.0  388
5  30.0  443
5  62.0  532
6  79.0  308
6  35.0  284
6  45.0  436
6  53.0  414
6  49.0  443
6  81.0  285
6  75.0  251
6  71.0  403
6  34.0  344
6  66.0  385
6  44.0  223
6  61.0  404
6  40.0  261
6  30.0  510
6  41.0  342
6  38.0  350
6  47.0  398
6  74.0  326
6  76.0  293
6  12.0  293
6  60.0  365
6  36.0  441
6  78.0  286
6  37.0  375
6  38.0  283
6  36.0  459
6  65.0  283
6  52.0  460
6  30.0  235
6  38.0  356
6  28.0  346
6  36.0  375
6  77.0  324
6  72.0  436
6  33.0  466
6  55.0  299
6  28.0  465
6  12.0  258
6  46.0  263
6  50.0  317
6  67.0  384
6  41.0  315
6  32.0  343
6  35.0  274
6  52.0  496
6  42.0  390
6  45.0  427
6  10.0  251
6  71.0  380
6  43.0  443
6  23.0  331
6  37.0  324
6  55.0  462
6  56.0  357
6  41.0  509
6  45.0  330
6  34.0  239
6  66.0  330
6  40.0  201
6  67.0  335
6  38.0  524
6  42.0  412
6  73.0  289
6  71.0  370
6  71.0  277
6  68.0  440
6  44.0  512
6  54.0  232
6  48.0  362
6  31.0  518
6  33.0  365
6  57.0  415
6  35.0  276
6  48.0  317
6  47.0  399
6  43.0  227
6  42.0  237
6  55.0  411
6  27.0  280
6  30.0  467
6  58.0  392
6  48.0  370
6  85.0  282
6  69.0  259
6  52.0  429
6  46.0  504
6  75.0  327
6  35.0  384
6  81.0  317
6  45.0  508
6  34.0  508
6  38.0  451
6  67.0  359
6  56.0  438
6  58.0  391
6  47.0  517
6  33.0  450
6  30.0  565
6  58.0  412
6  61.0  344
7  63.0  208
7  31.0  441
7  49.0  348
7  29.0  188
7  33.0  558
7  43.0  469
7  64.0  304
7  64.0  345
7  67.0  318
7  33.0  158
7  30.0  382
7  29.0  447
7  60.0  262
7  46.0  359
7  56.0  389
7  34.0  325
7  65.0  268
7  51.0  402
7  72.0  247
7  26.0  324
7  30.0  454
7  50.0  411
7  31.0  407
7  45.0  532
7  63.0  408
7  35.0  312
7  58.0  426
7  64.0  406
7  56.0  546
7  52.0  298
7  46.0  471
7  40.0  437
7  50.0  434
7  33.0  412
7  82.0  326
7  52.0  295
7  33.0  539
7  61.0  327
7  72.0  395
7  41.0  233
7  60.0  439
7  52.0  271
7  23.0  504
7  46.0  364
7  50.0  293
7  75.0  321
7  42.0  207
7  41.0  477
7  45.0  484
7  49.0  505
7  19.0  291
7  40.0  273
7  43.0  496
7  81.0  311
7  61.0  325
7  60.0  338
7  16.0  256
7  77.0  356
7  42.0  329
7  91.0  179
7  38.0  342
7  23.0  431
7  60.0  285
7  74.0  346
7  46.0  380
7  54.0  411
7  73.0  231
7  43.0  367
7  38.0  443
7  36.0  440
7  35.0  340
7  62.0  380
7  49.0  317
7  49.0  401
7  50.0  522
7  33.0  356
7  78.0  353
7  8.0  478
7  19.0  293
7  57.0  339
7  62.0  426
7  43.0  494
7  48.0  345
7  57.0  346
7  33.0  379
7  63.0  349
7  69.0  348
7  32.0  434
7  41.0  257
7  49.0  436
7  46.0  514
7  81.0  339
7  66.0  428
7  79.0  331
7  42.0  300
7  35.0  330
7  71.0  346
7  22.0  231
7  21.0  371
7  46.0  295
8  56.0  421
8  49.0  548
8  51.0  454
8  64.0  260
8  55.0  374
8  50.0  397
8  40.0  447
8  44.0  418
8  25.0  405
8  45.0  369
8  23.0  366
8  33.0  302
8  86.0  295
8  35.0  460
8  37.0  301
8  76.0  305
8  35.0  366
8  27.0  398
8  37.0  458
8  15.0  360
8  69.0  492
8  53.0  400
8  47.0  395
8  49.0  378
8  24.0  415
8  82.0  307
8  61.0  273
8  32.0  442
8  28.0  365
8  47.0  389
8  76.0  361
8  82.0  314
8  67.0  442
8  32.0  460
8  84.0  309
8  38.0  348
8  55.0  328
8  69.0  349
8  32.0  446
8  64.0  385
8  51.0  273
8  50.0  328
8  75.0  364
8  88.0  275
8  78.0  323
8  39.0  223
8  34.0  394
8  59.0  301
8  73.0  370
8  66.0  283
8  67.0  237
8  35.0  348
8  53.0  344
8  35.0  473
8  83.0  205
8  65.0  366
8  60.0  397
8  52.0  338
8  63.0  366
8  69.0  394
8  34.0  300
8  79.0  323
8  52.0  269
8  43.0  339
8  62.0  281
8  62.0  256
8  47.0  412
8  49.0  497
8  84.0  296
8  34.0  291
8  34.0  254
8  50.0  478
8  58.0  227
8  50.0  402
8  75.0  345
8  45.0  415
8  69.0  382
8  51.0  387
8  49.0  492
8  72.0  350
8  67.0  425
8  52.0  472
8  37.0  293
8  62.0  337
8  53.0  369
8  48.0  464
8  60.0  228
8  10.0  439
8  48.0  380
8  64.0  391
8  49.0  507
8  50.0  600
8  10.0  479
8  63.0  383
8  65.0  338
8  68.0  418
8  67.0  328
8  45.0  566
8  65.0  295
8  60.0  246
9  0.0  253
9  73.0  214
9  78.0  397
9  95.0  237
9  65.0  300
9  48.0  348
9  47.0  230
9  39.0  350
9  48.0  301
9  35.0  253
9  33.0  513
9  31.0  232
9  17.0  300
9  50.0  330
9  32.0  319
9  73.0  304
9  65.0  409
9  31.0  460
9  77.0  307
9  65.0  425
9  61.0  420
9  31.0  435
9  56.0  379
9  39.0  277
9  37.0  433
9  58.0  394
9  67.0  247
9  27.0  501
9  30.0  276
9  58.0  455
9  63.0  319
9  55.0  281
9  35.0  213
9  33.0  568
9  52.0  281
9  63.0  290
9  41.0  460
9  54.0  189
9  78.0  319
9  36.0  525
9  40.0  212
9  32.0  483
9  42.0  375
9  29.0  506
9  54.0  342
9  40.0  511
9  34.0  553
9  51.0  331
9  64.0  368
9  50.0  324
9  40.0  329
9  60.0  352
9  47.0  278
9  57.0  457
9  15.0  435
9  37.0  489
9  37.0  541
9  53.0  349
9  55.0  495
9  77.0  351
9  60.0  262
9  43.0  318
9  40.0  410
9  19.0  249
9  30.0  427
9  29.0  223
9  42.0  463
9  42.0  571
9  36.0  337
9  68.0  276
9  41.0  313
9  50.0  286
9  61.0  359
9  39.0  435
9  53.0  434
9  40.0  365
9  21.0  526
9  31.0  461
9  68.0  302
9  26.0  414
9  39.0  291
9  42.0  564
9  83.0  344
9  42.0  456
9  58.0  329
9  47.0  458
9  40.0  491
9  59.0  307
9  47.0  518
9  20.0  423
9  58.0  453
9  43.0  436
9  27.0  324
9  57.0  208
9  58.0  407
9  47.0  348
9  68.0  333
9  29.0  242
9  49.0  432
9  43.0  479
10  16.0  324
10  78.0  373
10  57.0  303
10  65.0  353
10  45.0  475
10  37.0  365
10  46.0  325
10  64.0  314
10  49.0  473
10  50.0  328
10  32.0  373
10  72.0  407
10  79.0  261
10  61.0  420
10  39.0  188
10  59.0  394
10  36.0  173
10  26.0  272
10  46.0  413
10  59.0  420
10  64.0  443
10  47.0  364
10  33.0  493
10  43.0  474
10  61.0  409
10  35.0  371
10  65.0  379
10  52.0  305
10  32.0  246
10  59.0  310
10  65.0  336
10  38.0  384
10  32.0  288
10  42.0  465
10  67.0  390
10  59.0  353
10  54.0  391
10  75.0  318
10  74.0  308
10  55.0  480
10  46.0  377
10  54.0  372
10  51.0  424
10  39.0  363
10  33.0  387
10  46.0  363
10  63.0  328
10  54.0  501
10  26.0  268
10  67.0  277
10  65.0  416
10  20.0  644
10  65.0  282
10  40.0  519
10  54.0  451
10  56.0  248
10  72.0  299
10  53.0  321
10  38.0  245
10  30.0  261
10  25.0  501
10  58.0  318
10  49.0  455
10  41.0  233
10  39.0  462
10  67.0  247
10  41.0  387
10  53.0  412
10  53.0  417
10  45.0  416
10  42.0  245
10  68.0  389
10  70.0  418
10  48.0  472
10  46.0  412
10  76.0  337
10  42.0  414
10  62.0  350
10  51.0  486
10  38.0  607
10  40.0  232
10  43.0  440
10  54.0  370
10  60.0  456
10  47.0  282
10  63.0  457
10  39.0  358
10  55.0  322
10  68.0  450
10  12.0  390
10  51.0  342
10  51.0  460
10  51.0  280
10  17.0  386
10  40.0  414
10  66.0  338
10  69.0  363
10  56.0  409
10  38.0  423
10  65.0  349
11  67.0  382
11  64.0  341
11  58.0  490
11  15.0  625
11  15.0  443
11  30.0  359
11  43.0  365
11  39.0  353
11  33.0  268
11  61.0  410
11  46.0  438
11  62.0  445
11  52.0  391
11  39.0  463
11  27.0  369
11  26.0  347
11  38.0  502
11  53.0  449
11  54.0  296
11  68.0  348
11  49.0  366
11  82.0  242
11  63.0  308
11  49.0  596
11  64.0  398
11  34.0  325
11  82.0  311
11  44.0  364
11  42.0  362
11  37.0  180
11  42.0  300
11  28.0  191
11  46.0  263
11  25.0  491
11  49.0  537
11  52.0  358
11  23.0  425
11  64.0  326
11  30.0  185
11  66.0  300
11  43.0  439
11  56.0  300
11  19.0  344
11  53.0  339
11  18.0  279
11  54.0  371
11  63.0  365
11  48.0  391
11  45.0  437
11  61.0  421
11  26.0  569
11  75.0  364
11  42.0  448
11  44.0  478
11  70.0  362
11  60.0  322
11  64.0  358
11  87.0  286
11  64.0  291
11  41.0  566
11  33.0  431
11  75.0  381
11  25.0  644
11  71.0  405
11  60.0  466
11  42.0  425
11  30.0  169
11  52.0  236
11  64.0  394
11  42.0  312
11  40.0  455
11  35.0  356
11  59.0  333
11  50.0  388
11  37.0  296
11  64.0  414
11  37.0  240
11  31.0  357
11  43.0  377
11  49.0  261
11  65.0  302
11  8.0  547
11  86.0  293
11  68.0  364
11  56.0  315
11  43.0  429
11  50.0  313
11  65.0  251
11  63.0  437
11  52.0  507
11  29.0  518
11  32.0  423
11  45.0  356
11  37.0  405
11  48.0  272
11  51.0  412
11  55.0  366
11  35.0  312
11  59.0  237
11  43.0  489
12  42.0  413
12  3.0  344
12  31.0  157
12  45.0  269
12  48.0  484
12  52.0  364
12  58.0  429
12  64.0  347
12  67.0  349
12  57.0  383
12  24.0  529
12  72.0  333
12  69.0  405
12  37.0  540
12  50.0  417
12  62.0  381
12  53.0  355
12  51.0  489
12  75.0  372
12  56.0  381
12  49.0  423
12  47.0  608
12  48.0  275
12  20.0  481
12  30.0  463
12  31.0  410
12  43.0  414
12  40.0  364
12  80.0  225
12  25.0  416
12  54.0  335
12  58.0  474
12  25.0  483
12  39.0  326
12  47.0  296
12  61.0  368
12  51.0  405
12  56.0  390
12  64.0  339
12  27.0  479
12  55.0  492
12  50.0  441
12  67.0  377
12  51.0  383
12  27.0  292
12  38.0  190
12  59.0  384
12  11.0  255
12  59.0  440
12  79.0  353
12  6.0  517
12  35.0  550
12  86.0  254
12  25.0  367
12  37.0  404
12  30.0  398
12  88.0  216
12  52.0  285
12  39.0  671
12  44.0  420
12  14.0  135
12  69.0  404
12  58.0  417
12  38.0  259
12  87.0  268
12  72.0  347
12  70.0  320
12  40.0  511
12  63.0  432
12  32.0  258
12  15.0  226
12  39.0  363
12  77.0  317
12  77.0  314
12  64.0  272
12  67.0  432
12  50.0  215
12  53.0  331
12  32.0  334
12  34.0  374
12  50.0  368
12  38.0  333
12  19.0  445
12  54.0  398
12  48.0  304
12  29.0  193
12  61.0  383
12  51.0  467
12  29.0  444
12  76.0  350
12  52.0  465
12  38.0  460
12  71.0  293
12  51.0  485
12  51.0  371
12  40.0  276
12  45.0  455
12  50.0  346
12  53.0  411
12  80.0  223
13  32.0  493
13  39.0  513
13  61.0  300
13  44.0  462
13  67.0  353
13  33.0  429
13  77.0  354
13  78.0  297
13  43.0  297
13  61.0  295
13  63.0  285
13  62.0  400
13  47.0  380
13  58.0  346
13  61.0  359
13  40.0  339
13  68.0  349
13  71.0  417
13  82.0  195
13  36.0  223
13  47.0  393
13  79.0  296
13  73.0  255
13  79.0  261
13  81.0  311
13  11.0  264
13  42.0  335
13  63.0  328
13  53.0  477
13  41.0  362
13  39.0  209
13  27.0  345
13  42.0  429
13  54.0  400
13  50.0  385
13  53.0  323
13  37.0  392
13  77.0  349
13  49.0  543
13  36.0  562
13  53.0  277
13  27.0  323
13  25.0  235
13  38.0  444
13  50.0  293
13  87.0  198
13  77.0  371
13  62.0  396
13  81.0  238
13  17.0  428
13  44.0  352
13  74.0  365
13  28.0  301
13  36.0  335
13  49.0  179
13  58.0  377
13  62.0  329
13  67.0  295
13  44.0  369
13  75.0  335
13  37.0  443
13  46.0  488
13  42.0  418
13  49.0  386
13  69.0  229
13  67.0  257
13  71.0  401
13  50.0  454
13  47.0  317
13  41.0  327
13  56.0  380
13  63.0  392
13  55.0  371
13  31.0  437
13  42.0  372
13  58.0  318
13  78.0  332
13  51.0  511
13  37.0  484
13  43.0  531
13  32.0  253
13  55.0  356
13  40.0  610
13  73.0  291
13  72.0  317
13  64.0  210
13  56.0  383
13  34.0  206
13  36.0  370
13  29.0  303
13  32.0  572
13  53.0  435
13  48.0  411
13  37.0  263
13  33.0  355
13  56.0  338
13  50.0  308
13  83.0  213
13  21.0  300
13  59.0  401
14  57.0  397
14  59.0  451
14  77.0  295
14  25.0  556
14  78.0  364
14  33.0  227
14  60.0  333
14  64.0  348
14  73.0  338
14  50.0  164
14  35.0  376
14  31.0  482
14  24.0  589
14  63.0  340
14  60.0  331
14  65.0  282
14  62.0  373
14  65.0  409
14  48.0  421
14  60.0  410
14  73.0  438
14  69.0  356
14  42.0  248
14  36.0  182
14  37.0  275
14  53.0  378
14  49.0  213
14  34.0  500
14  53.0  309
14  25.0  379
14  54.0  452
14  36.0  457
14  75.0  382
14  44.0  428
14  74.0  290
14  69.0  408
14  32.0  291
14  41.0  482
14  59.0  353
14  61.0  453
14  29.0  264
14  55.0  340
14  45.0  331
14  44.0  524
14  58.0  468
14  62.0  326
14  73.0  382
14  79.0  277
14  58.0  425
14  63.0  394
14  74.0  282
14  66.0  391
14  51.0  423
14  54.0  437
14  68.0  233
14  47.0  320
14  82.0  292
14  60.0  463
14  56.0  531
14  38.0  341
14  73.0  271
14  59.0  216
14  81.0  199
14  63.0  269
14  65.0  291
14  52.0  383
14  36.0  486
14  46.0  375
14  58.0  380
14  41.0  417
14  32.0  404
14  53.0  360
14  20.0  187
14  43.0  506
14  66.0  384
14  60.0  444
14  74.0  336
14  56.0  484
14  43.0  349
14  38.0  212
14  37.0  367
14  40.0  475
14  40.0  564
14  30.0  382
14  70.0  335
14  46.0  427
14  53.0  407
14  55.0  430
14  66.0  374
14  38.0  375
14  34.0  467
14  47.0  309
14  72.0  290
14  59.0  380
14  69.0  304
14  42.0  545
14  78.0  247
14  45.0  430
14  93.0  230
14  48.0  411
15  54.0  296
15  73.0  362
15  51.0  429
15  71.0  265
15  34.0  486
15  25.0  317
15  64.0  385
15  39.0  249
15  39.0  431
15  58.0  341
15  60.0  246
15  75.0  351
15  63.0  433
15  59.0  354
15  52.0  345
15  47.0  486
15  43.0  497
15  59.0  401
15  60.0  462
15  42.0  243
15  51.0  381
15  68.0  251
15  66.0  376
15  57.0  379
15  56.0  345
15  46.0  434
15  71.0  336
15  54.0  382
15  76.0  297
15  58.0  468
15  82.0  315
15  42.0  419
15  31.0  525
15  35.0  536
15  65.0  401
15  64.0  369
15  41.0  407
15  61.0  319
15  62.0  439
15  25.0  250
15  38.0  490
15  71.0  429
15  39.0  580
15  61.0  423
15  47.0  337
15  44.0  335
15  32.0  465
15  53.0  295
15  55.0  222
15  27.0  485
15  71.0  349
15  67.0  420
15  49.0  453
15  18.0  408
15  84.0  230
15  63.0  361
15  79.0  342
15  47.0  286
15  57.0  407
15  37.0  509
15  37.0  347
15  63.0  329
15  85.0  282
15  68.0  375
15  50.0  435
15  62.0  351
15  47.0  507
15  47.0  465
15  57.0  394
15  40.0  265
15  76.0  265
15  59.0  383
15  68.0  432
15  34.0  489
15  33.0  399
15  73.0  268
15  39.0  374
15  48.0  235
15  39.0  433
15  60.0  451
15  34.0  522
15  25.0  303
15  58.0  284
15  33.0  249
15  43.0  389
15  45.0  250
15  32.0  293
15  63.0  529
15  32.0  448
15  72.0  360
15  36.0  310
15  73.0  210
15  41.0  471
15  16.0  442
15  45.0  398
15  62.0  445
15  42.0  438
15  59.0  397
15  57.0  303
15  82.0  238
16  68.0  345
16  74.0  363
16  43.0  226
16  49.0  462
16  76.0  301
16  45.0  566
16  73.0  430
16  56.0  441
16  68.0  350
16  52.0  428
16  72.0  313
16  48.0  302
16  36.0  390
16  54.0  389
16  46.0  415
16  26.0  654
16  38.0  481
16  58.0  399
16  49.0  422
16  40.0  363
16  50.0  429
16  56.0  340
16  86.0  304
16  43.0  479
16  31.0  314
16  55.0  305
16  66.0  405
16  72.0  266
16  47.0  484
16  18.0  293
16  30.0  529
16  51.0  294
16  84.0  206
16  64.0  389
16  58.0  428
16  61.0  369
16  42.0  261
16  44.0  438
16  44.0  410
16  65.0  308
16  48.0  292
16  78.0  282
16  38.0  535
16  68.0  420
16  53.0  433
16  52.0  283
16  48.0  363
16  45.0  253
16  59.0  363
16  62.0  420
16  31.0  402
16  47.0  272
16  60.0  419
16  74.0  338
16  42.0  524
16  59.0  393
16  54.0  327
16  68.0  230
16  49.0  329
16  40.0  546
16  10.0  239
16  97.0  65
16  8.0  436
16  73.0  356
16  9.0  362
16  45.0  252
16  50.0  492
16  52.0  282
16  62.0  453
16  26.0  426
16  56.0  338
16  47.0  258
16  60.0  215
16  75.0  278
16  56.0  398
16  52.0  264
16  37.0  567
16  33.0  233
16  54.0  377
16  62.0  315
16  18.0  457
16  65.0  212
16  35.0  515
16  62.0  136
16  43.0  587
16  75.0  150
16  38.0  425
16  69.0  360
16  32.0  533
16  57.0  412
16  64.0  243
16  53.0  455
16  40.0  274
16  56.0  507
16  35.0  306
16  47.0  390
16  38.0  263
16  41.0  467
16  34.0  372
16  81.0  267
17  46.0  390
17  51.0  382
17  39.0  437
17  50.0  465
17  84.0  242
17  50.0  444
17  70.0  280
17  75.0  293
17  68.0  385
17  53.0  374
17  31.0  490
17  57.0  323
17  40.0  451
17  42.0  400
17  52.0  448
17  48.0  384
17  63.0  461
17  75.0  332
17  62.0  502
17  59.0  386
17  53.0  357
17  31.0  208
17  40.0  399
17  55.0  191
17  36.0  328
17  45.0  425
17  71.0  332
17  65.0  342
17  41.0  240
17  77.0  183
17  33.0  532
17  52.0  295
17  36.0  382
17  55.0  322
17  81.0  321
17  35.0  538
17  35.0  330
17  48.0  469
17  66.0  395
17  84.0  298
17  50.0  465
17  40.0  391
17  76.0  335
17  37.0  389
17  42.0  442
17  68.0  273
17  34.0  462
17  41.0  561
17  47.0  417
17  52.0  445
17  91.0  262
17  64.0  390
17  57.0  382
17  40.0  316
17  56.0  428
17  51.0  382
17  61.0  367
17  45.0  346
17  65.0  149
17  44.0  425
17  57.0  416
17  53.0  401
17  84.0  315
17  60.0  245
17  42.0  266
17  60.0  325
17  62.0  289
17  45.0  337
17  60.0  377
17  39.0  358
17  67.0  249
17  37.0  567
17  53.0  310
17  63.0  389
17  47.0  304
17  81.0  338
17  45.0  503
17  51.0  295
17  53.0  417
17  54.0  370
17  24.0  556
17  70.0  242
17  74.0  320
17  57.0  439
17  52.0  392
17  72.0  440
17  46.0  413
17  52.0  362
17  92.0  243
17  38.0  256
17  53.0  246
17  79.0  280
17  48.0  427
17  50.0  494
17  39.0  509
17  61.0  355
17  48.0  474
17  70.0  233
17  58.0  526
17  68.0  414
18  54.0  469
18  45.0  547
18  36.0  510
18  59.0  400
18  68.0  415
18  70.0  345
18  53.0  481
18  44.0  180
18  73.0  195
18  62.0  340
18  41.0  302
18  59.0  245
18  83.0  180
18  51.0  356
18  54.0  273
18  68.0  378
18  92.0  266
18  64.0  421
18  53.0  635
18  47.0  548
18  42.0  377
18  63.0  329
18  38.0  498
18  52.0  235
18  51.0  361
18  47.0  486
18  36.0  533
18  53.0  400
18  41.0  387
18  53.0  346
18  34.0  405
18  43.0  397
18  43.0  371
18  74.0  259
18  65.0  208
18  53.0  329
18  39.0  507
18  69.0  315
18  40.0  467
18  48.0  433
18  44.0  294
18  49.0  325
18  58.0  429
18  38.0  397
18  45.0  513
18  56.0  242
18  72.0  400
18  47.0  464
18  29.0  632
18  37.0  515
18  47.0  441
18  42.0  367
18  49.0  478
18  41.0  332
18  50.0  341
18  79.0  345
18  65.0  350
18  48.0  214
18  65.0  390
18  42.0  465
18  38.0  223
18  38.0  437
18  55.0  436
18  44.0  412
18  40.0  415
18  70.0  323
18  49.0  389
18  57.0  246
18  45.0  476
18  59.0  211
18  53.0  307
18  9.0  278
18  48.0  354
18  35.0  315
18  42.0  315
18  58.0  462
18  49.0  389
18  50.0  346
18  36.0  478
18  55.0  414
18  24.0  433
18  66.0  369
18  32.0  469
18  72.0  389
18  47.0  437
18  28.0  384
18  83.0  321
18  63.0  353
18  43.0  311
18  51.0  387
18  44.0  436
18  71.0  298
18  40.0  384
18  51.0  390
18  70.0  277
18  29.0  730
18  54.0  185
18  26.0  315
18  64.0  210
18  68.0  229
19  67.0  385
19  55.0  424
19  65.0  378
19  97.0  182
19  61.0  230
19  49.0  285
19  47.0  311
19  46.0  496
19  37.0  182
19  40.0  368
19  53.0  308
19  66.0  342
19  80.0  327
19  47.0  344
19  77.0  360
19  54.0  358
19  20.0  447
19  22.0  358
19  66.0  344
19  24.0  393
19  51.0  268
19  34.0  539
19  60.0  246
19  61.0  232
19  67.0  327
19  72.0  283
19  42.0  274
19  67.0  359
19  50.0  374
19  10.0  375
19  73.0  282
19  48.0  207
19  60.0  378
19  62.0  400
19  90.0  222
19  61.0  528
19  59.0  498
19  41.0  463
19  82.0  222
19  62.0  388
19  60.0  451
19  45.0  567
19  30.0  407
19  57.0  345
19  47.0  326
19  60.0  301
19  9.0  392
19  72.0  266
19  38.0  407
19  28.0  492
19  61.0  391
19  60.0  396
19  34.0  431
19  47.0  267
19  55.0  241
19  56.0  465
19  67.0  311
19  51.0  428
19  52.0  357
19  26.0  368
19  51.0  355
19  64.0  193
19  42.0  455
19  60.0  347
19  68.0  219
19  31.0  697
19  37.0  489
19  67.0  408
19  61.0  379
19  46.0  351
19  45.0  388
19  55.0  159
19  54.0  283
19  68.0  258
19  70.0  325
19  57.0  448
19  41.0  334
19  94.0  103
19  41.0  365
19  45.0  518
19  53.0  404
19  66.0  345
19  41.0  323
19  54.0  386
19  50.0  222
19  52.0  351
19  70.0  341
19  35.0  291
19  62.0  400
19  62.0  356
19  48.0  430
19  51.0  324
19  66.0  415
19  56.0  405
19  44.0  259
19  26.0  415
19  51.0  393
19  65.0  388
19  62.0  287
19  29.0  433
20  56.0  380
20  55.0  288
20  29.0  391
20  67.0  352
20  53.0  393
20  66.0  379
20  50.0  305
20  57.0  250
20  82.0  253
20  43.0  460
20  29.0  341
20  69.0  378
20  40.0  309
20  57.0  182
20  42.0  371
20  33.0  288
20  42.0  354
20  65.0  334
20  42.0  277
20  62.0  473
20  38.0  386
20  59.0  447
20  59.0  454
20  62.0  405
20  64.0  261
20  72.0  279
20  45.0  354
20  58.0  485
20  54.0  284
20  56.0  314
20  60.0  472
20  58.0  388
20  80.0  309
20  65.0  266
20  73.0  392
20  19.0  319
20  55.0  332
20  61.0  344
20  36.0  312
20  77.0  312
20  38.0  432
20  54.0  401
20  70.0  230
20  37.0  310
20  39.0  578
20  71.0  414
20  55.0  291
20  64.0  413
20  28.0  552
20  78.0  254
20  41.0  458
20  54.0  490
20  69.0  308
20  49.0  390
20  77.0  186
20  47.0  357
20  67.0  368
20  59.0  422
20  79.0  268
20  60.0  398
20  69.0  361
20  51.0  371
20  72.0  363
20  67.0  349
20  26.0  525
20  45.0  372
20  69.0  338
20  49.0  333
20  61.0  351
20  61.0  431
20  43.0  639
20  60.0  374
20  58.0  343
20  32.0  526
20  56.0  297
20  34.0  415
20  67.0  408
20  76.0  349
20  41.0  461
20  22.0  407
20  62.0  373
20  61.0  397
20  29.0  424
20  68.0  346
20  65.0  354
20  58.0  440
20  71.0  336
20  40.0  401
20  40.0  303
20  55.0  362
20  57.0  346
20  27.0  346
20  53.0  443
20  47.0  490
20  49.0  394
20  67.0  391
20  65.0  408
20  58.0  142
20  51.0  394
20  47.0  323
