1  75.0  459
2  20.0  470
3  51.0  442
4  49.0  484
5  31.0  286
6  59.0  617
7  65.0  532
1  34.0  455
2  83.0  534
3  14.0  465
4  63.0  562
5  44.0  497
6  6.0  317
7  69.0  622
1  0.0  235
2  86.0  511
3  43.0  309
4  56.0  566
5  17.0  394
6  40.0  632
7  35.0  555
1  54.0  395
2  51.0  532
3  33.0  518
4  86.0  564
5  57.0  614
6  41.0  472
7  40.0  548
1  48.0  502
2  60.0  498
3  17.0  396
4  29.0  459
5  56.0  469
6  47.0  387
7  62.0  472
1  73.0  511
2  80.0  507
3  51.0  517
4  76.0  530
5  46.0  537
6  33.0  587
7  50.0  542
1  13.0  334
2  62.0  513
3  62.0  548
4  47.0  541
5  53.0  566
6  26.0  401
7  38.0  473
1  56.0  492
2  52.0  469
3  72.0  529
4  42.0  475
5  27.0  331
6  30.0  601
7  53.0  443
1  33.0  443
2  32.0  488
3  58.0  489
4  31.0  466
5  36.0  566
6  27.0  580
7  53.0  573
1  32.0  299
2  50.0  557
3  29.0  463
4  33.0  445
5  28.0  450
6  50.0  570
7  9.0  387
1  67.0  480
2  55.0  459
3  51.0  457
4  42.0  514
5  39.0  475
6  37.0  513
7  72.0  636
1  31.0  360
2  62.0  534
3  23.0  457
4  67.0  570
5  52.0  459
6  54.0  564
7  73.0  587
1  32.0  296
2  42.0  310
3  46.0  453
4  76.0  530
5  3.0  363
6  65.0  541
7  28.0  564
1  28.0  289
2  55.0  467
3  25.0  481
4  54.0  554
5  20.0  307
6  20.0  505
7  23.0  372
1  32.0  493
2  38.0  416
3  49.0  490
4  45.0  494
5  41.0  561
6  52.0  454
7  55.0  465
1  36.0  498
2  79.0  486
3  42.0  340
4  25.0  495
5  48.0  516
6  55.0  683
7  22.0  395
1  55.0  444
2  60.0  528
3  50.0  478
4  34.0  487
5  32.0  446
6  39.0  552
7  27.0  446
1  25.0  430
2  62.0  514
3  77.0  551
4  60.0  551
5  5.0  411
6  82.0  526
7  40.0  505
1  55.0  475
2  25.0  386
3  47.0  527
4  44.0  523
5  34.0  365
6  26.0  459
7  16.0  427
1  64.0  388
2  53.0  425
3  49.0  574
4  47.0  549
5  33.0  361
6  36.0  366
7  14.0  505
1  40.0  354
2  33.0  454
3  43.0  377
4  47.0  504
5  41.0  408
6  51.0  499
7  28.0  365
1  12.0  259
2  37.0  450
3  43.0  485
4  62.0  559
5  40.0  479
6  25.0  458
7  25.0  598
1  50.0  358
2  43.0  474
3  43.0  323
4  49.0  532
5  59.0  517
6  47.0  524
7  69.0  586
1  22.0  460
2  9.0  289
3  62.0  537
4  50.0  586
5  42.0  483
6  47.0  441
7  44.0  445
1  26.0  515
2  51.0  482
3  36.0  409
4  38.0  479
5  65.0  392
6  37.0  581
7  18.0  576
1  38.0  405
2  0.0  256
3  26.0  545
4  26.0  507
5  61.0  477
6  27.0  584
7  26.0  424
1  59.0  511
2  65.0  486
3  57.0  440
4  48.0  418
5  65.0  736
6  19.0  435
7  37.0  555
1  63.0  513
2  36.0  512
3  45.0  397
4  62.0  509
5  43.0  449
6  23.0  478
7  53.0  589
1  33.0  493
2  37.0  430
3  42.0  493
4  44.0  538
5  41.0  509
6  47.0  583
7  33.0  419
1  4.0  263
2  19.0  281
3  66.0  547
4  64.0  467
5  27.0  517
6  36.0  516
7  39.0  543
1  70.0  453
2  87.0  504
3  49.0  401
4  70.0  511
5  44.0  522
6  56.0  500
7  61.0  602
1  37.0  512
2  28.0  427
3  30.0  440
4  21.0  340
5  27.0  548
6  37.0  533
7  43.0  589
1  65.0  511
2  61.0  495
3  76.0  517
4  59.0  481
5  80.0  568
6  24.0  565
7  38.0  446
1  60.0  384
2  59.0  471
3  88.0  495
4  56.0  509
5  35.0  585
6  28.0  558
7  49.0  631
1  52.0  489
2  82.0  503
3  30.0  436
4  39.0  493
5  37.0  612
6  24.0  469
7  55.0  537
1  51.0  495
2  44.0  518
3  57.0  552
4  53.0  531
5  36.0  429
6  37.0  469
7  28.0  618
1  33.0  482
2  47.0  484
3  28.0  289
4  56.0  438
5  27.0  470
6  52.0  683
7  40.0  496
1  28.0  271
2  85.0  557
3  56.0  526
4  16.0  293
5  23.0  342
6  62.0  500
7  36.0  517
1  52.0  427
2  44.0  517
3  56.0  487
4  41.0  430
5  45.0  549
6  68.0  550
7  57.0  583
1  25.0  397
2  50.0  411
3  61.0  524
4  33.0  402
5  44.0  493
6  52.0  514
7  54.0  595
1  60.0  515
2  41.0  501
3  51.0  507
4  33.0  426
5  4.0  394
6  24.0  506
7  21.0  227
1  77.0  466
2  38.0  381
3  47.0  545
4  63.0  549
5  82.0  517
6  52.0  590
7  22.0  417
1  45.0  520
2  57.0  508
3  45.0  504
4  23.0  359
5  61.0  532
6  6.0  387
7  27.0  557
1  40.0  486
2  36.0  496
3  59.0  494
4  39.0  548
5  61.0  607
6  23.0  458
7  31.0  544
1  33.0  501
2  67.0  537
3  23.0  235
4  59.0  440
5  63.0  549
6  48.0  552
7  53.0  467
1  30.0  313
2  46.0  512
3  52.0  516
4  53.0  515
5  16.0  385
6  68.0  510
7  55.0  555
1  42.0  534
2  63.0  534
3  53.0  494
4  18.0  456
5  14.0  494
6  42.0  536
7  42.0  469
1  69.0  495
2  23.0  330
3  64.0  504
4  65.0  458
5  62.0  547
6  38.0  400
7  22.0  569
1  20.0  478
2  41.0  404
3  26.0  334
4  51.0  562
5  55.0  536
6  26.0  520
7  52.0  553
1  36.0  352
2  19.0  390
3  26.0  515
4  50.0  385
5  62.0  558
6  44.0  506
7  29.0  335
1  28.0  423
2  20.0  448
3  51.0  513
4  41.0  366
5  29.0  459
6  39.0  578
7  42.0  568
1  45.0  477
2  55.0  430
3  59.0  524
4  52.0  499
5  18.0  463
6  85.0  520
7  46.0  616
1  64.0  498
2  58.0  459
3  38.0  517
4  22.0  395
5  42.0  404
6  33.0  536
7  47.0  520
1  81.0  526
2  51.0  375
3  64.0  550
4  53.0  525
5  57.0  587
6  32.0  532
7  51.0  623
1  11.0  200
2  53.0  530
3  28.0  516
4  48.0  488
5  35.0  505
6  31.0  303
7  26.0  496
1  47.0  474
2  43.0  362
3  44.0  516
4  62.0  559
5  69.0  560
6  33.0  501
7  53.0  565
1  80.0  517
2  54.0  533
3  55.0  515
4  60.0  501
5  43.0  586
6  43.0  511
7  34.0  608
1  73.0  511
2  69.0  509
3  63.0  531
4  36.0  558
5  53.0  612
6  44.0  550
7  60.0  565
1  41.0  493
2  49.0  428
3  49.0  552
4  36.0  570
5  45.0  584
6  23.0  499
7  38.0  596
1  25.0  512
2  49.0  511
3  90.0  530
4  53.0  549
5  67.0  455
6  20.0  556
7  28.0  618
1  20.0  401
2  36.0  330
3  52.0  531
4  51.0  521
5  62.0  593
6  70.0  505
7  56.0  494
1  49.0  502
2  53.0  508
3  55.0  517
4  31.0  404
5  68.0  540
6  22.0  425
7  25.0  460
1  58.0  522
2  48.0  432
3  65.0  464
4  75.0  533
5  49.0  403
6  30.0  696
7  37.0  557
1  26.0  489
2  34.0  456
3  49.0  383
4  67.0  563
5  29.0  368
6  32.0  536
7  21.0  487
1  76.0  487
2  83.0  526
3  59.0  527
4  31.0  563
5  37.0  375
6  34.0  541
7  35.0  543
1  80.0  505
2  72.0  522
3  27.0  488
4  63.0  549
5  53.0  627
6  12.0  148
7  62.0  538
1  45.0  511
2  75.0  468
3  59.0  499
4  62.0  526
5  39.0  356
6  47.0  476
7  20.0  375
1  38.0  438
2  53.0  511
3  33.0  516
4  30.0  484
5  58.0  555
6  67.0  553
7  22.0  387
1  53.0  521
2  55.0  482
3  36.0  372
4  71.0  567
5  5.0  287
6  23.0  504
7  25.0  445
1  19.0  225
2  19.0  309
3  63.0  580
4  48.0  564
5  41.0  474
6  77.0  589
7  31.0  576
1  33.0  462
2  63.0  517
3  54.0  508
4  61.0  454
5  43.0  494
6  54.0  358
7  32.0  538
1  89.0  519
2  52.0  525
3  55.0  556
4  41.0  500
5  9.0  518
6  36.0  560
7  38.0  431
1  35.0  418
2  47.0  507
3  72.0  504
4  68.0  553
5  64.0  556
6  33.0  509
7  67.0  535
1  46.0  487
2  48.0  523
3  36.0  399
4  44.0  487
5  48.0  569
6  31.0  457
7  35.0  602
1  29.0  437
2  80.0  530
3  16.0  412
4  69.0  529
5  45.0  534
6  50.0  518
7  26.0  683
1  50.0  451
2  21.0  320
3  56.0  541
4  42.0  435
5  19.0  381
6  26.0  454
7  37.0  469
1  25.0  372
2  76.0  519
3  45.0  459
4  35.0  473
5  40.0  591
6  32.0  476
7  71.0  551
1  66.0  516
2  86.0  509
3  60.0  478
4  39.0  484
5  13.0  262
6  71.0  567
7  41.0  518
1  77.0  510
2  42.0  510
3  66.0  506
4  56.0  565
5  42.0  517
6  19.0  347
7  66.0  548
1  60.0  452
2  40.0  419
3  29.0  518
4  47.0  495
5  50.0  510
6  58.0  517
7  32.0  473
1  29.0  460
2  36.0  520
3  27.0  509
4  23.0  434
5  38.0  588
6  23.0  489
7  22.0  550
1  56.0  504
2  72.0  515
3  37.0  429
4  23.0  365
5  62.0  446
6  10.0  345
7  33.0  395
1  57.0  509
2  68.0  516
3  44.0  518
4  54.0  500
5  13.0  202
6  48.0  473
7  69.0  596
1  27.0  417
2  38.0  295
3  25.0  455
4  31.0  461
5  63.0  550
6  35.0  546
7  34.0  579
1  32.0  434
2  14.0  334
3  40.0  531
4  58.0  580
5  39.0  643
6  73.0  555
7  41.0  602
1  48.0  517
2  48.0  447
3  58.0  529
4  62.0  506
5  16.0  394
6  26.0  490
7  34.0  540
1  37.0  447
2  50.0  401
3  68.0  488
4  67.0  541
5  30.0  514
6  64.0  458
7  34.0  516
1  35.0  361
2  19.0  356
3  81.0  521
4  26.0  527
5  57.0  494
6  51.0  486
7  15.0  547
1  95.0  507
2  25.0  276
3  72.0  531
4  45.0  556
5  45.0  514
6  36.0  451
7  62.0  507
1  53.0  493
2  52.0  478
3  60.0  511
4  31.0  519
5  54.0  468
6  51.0  573
7  37.0  495
1  21.0  308
2  81.0  521
3  51.0  512
4  59.0  524
5  38.0  570
6  28.0  515
7  37.0  562
1  58.0  492
2  33.0  326
3  37.0  532
4  69.0  526
5  34.0  555
6  48.0  456
7  67.0  599
1  63.0  504
2  48.0  399
3  47.0  517
4  30.0  389
5  54.0  564
6  38.0  509
7  21.0  542
1  39.0  433
2  34.0  528
3  47.0  490
4  40.0  333
5  32.0  527
6  13.0  485
7  42.0  567
1  41.0  477
2  19.0  326
3  56.0  532
4  42.0  435
5  37.0  619
6  44.0  523
7  37.0  490
1  44.0  428
2  48.0  469
3  48.0  478
4  47.0  566
5  43.0  702
6  20.0  389
7  39.0  541
1  80.0  496
2  71.0  498
3  37.0  443
4  42.0  522
5  59.0  596
6  40.0  451
7  25.0  464
1  46.0  420
2  83.0  528
3  21.0  464
4  36.0  532
5  35.0  366
6  58.0  563
7  45.0  683
1  62.0  515
2  70.0  502
3  40.0  511
4  33.0  402
5  7.0  284
6  42.0  569
7  40.0  596
1  10.0  177
2  39.0  383
3  54.0  447
4  45.0  538
5  49.0  515
6  41.0  653
7  42.0  491
