1  4.0  284
2  26.0  432
3  54.0  525
4  50.0  453
5  53.0  426
6  39.0  543
7  30.0  413
1  67.0  513
2  74.0  519
3  58.0  442
4  26.0  465
5  61.0  486
6  35.0  530
7  22.0  433
1  86.0  503
2  16.0  238
3  32.0  422
4  40.0  486
5  51.0  436
6  29.0  374
7  59.0  499
1  16.0  343
2  31.0  487
3  53.0  510
4  67.0  571
5  40.0  507
6  33.0  433
7  35.0  385
1  47.0  438
2  28.0  470
3  28.0  443
4  30.0  493
5  45.0  472
6  56.0  528
7  37.0  546
1  42.0  519
2  61.0  510
3  27.0  365
4  34.0  301
5  71.0  585
6  9.0  362
7  57.0  408
1  57.0  480
2  32.0  389
3  74.0  523
4  79.0  522
5  63.0  453
6  58.0  613
7  38.0  567
1  51.0  477
2  36.0  409
3  15.0  411
4  31.0  498
5  38.0  460
6  31.0  576
7  31.0  585
1  72.0  493
2  29.0  294
3  36.0  396
4  46.0  528
5  14.0  426
6  49.0  526
7  54.0  595
1  64.0  525
2  44.0  534
3  54.0  555
4  20.0  404
5  79.0  526
6  37.0  465
7  38.0  496
1  43.0  514
2  48.0  479
3  66.0  506
4  55.0  541
5  48.0  474
6  17.0  586
7  34.0  443
1  30.0  483
2  56.0  398
3  42.0  506
4  52.0  534
5  83.0  525
6  35.0  620
7  34.0  458
1  89.0  507
2  56.0  511
3  80.0  558
4  23.0  405
5  46.0  544
6  50.0  541
7  54.0  443
1  45.0  432
2  18.0  364
3  67.0  540
4  22.0  462
5  53.0  628
6  70.0  553
7  46.0  650
1  62.0  511
2  52.0  526
3  33.0  525
4  35.0  431
5  50.0  589
6  55.0  523
7  66.0  522
1  75.0  504
2  26.0  488
3  57.0  535
4  51.0  480
5  32.0  498
6  42.0  461
7  66.0  554
1  23.0  289
2  36.0  375
3  63.0  545
4  75.0  534
5  28.0  498
6  44.0  535
7  57.0  448
1  48.0  397
2  28.0  454
3  68.0  532
4  49.0  564
5  48.0  583
6  32.0  554
7  61.0  592
1  26.0  457
2  35.0  490
3  66.0  520
4  51.0  516
5  40.0  514
6  57.0  490
7  36.0  489
1  39.0  524
2  59.0  500
3  44.0  552
4  76.0  508
5  68.0  562
6  40.0  474
7  49.0  445
1  41.0  411
2  34.0  346
3  58.0  530
4  40.0  503
5  15.0  420
6  74.0  607
7  55.0  578
1  53.0  378
2  63.0  505
3  72.0  538
4  51.0  496
5  34.0  402
6  48.0  519
7  50.0  489
1  41.0  402
2  57.0  508
3  57.0  493
4  56.0  479
5  44.0  495
6  91.0  527
7  56.0  541
1  55.0  528
2  51.0  523
3  44.0  527
4  59.0  559
5  37.0  426
6  24.0  373
7  26.0  424
1  73.0  500
2  47.0  480
3  57.0  506
4  15.0  350
5  34.0  392
6  30.0  625
7  44.0  565
1  67.0  512
2  72.0  458
3  62.0  546
4  48.0  516
5  33.0  488
6  15.0  273
7  28.0  503
1  26.0  377
2  24.0  485
3  31.0  291
4  67.0  516
5  57.0  511
6  54.0  629
7  10.0  368
1  41.0  483
2  48.0  527
3  44.0  518
4  42.0  507
5  30.0  570
6  22.0  541
7  37.0  656
1  72.0  502
2  36.0  459
3  75.0  520
4  50.0  504
5  13.0  304
6  56.0  432
7  27.0  444
1  69.0  503
2  65.0  507
3  22.0  360
4  42.0  473
5  36.0  414
6  25.0  474
7  31.0  669
1  51.0  433
2  69.0  461
3  33.0  494
4  61.0  570
5  33.0  489
6  18.0  559
7  43.0  575
1  36.0  449
2  27.0  390
3  68.0  400
4  66.0  595
5  28.0  447
6  34.0  517
7  48.0  460
1  65.0  495
2  41.0  396
3  50.0  391
4  27.0  394
5  50.0  543
6  45.0  483
7  53.0  729
1  35.0  364
2  59.0  467
3  29.0  502
4  65.0  496
5  70.0  566
6  68.0  551
7  58.0  567
1  77.0  467
2  61.0  474
3  36.0  515
4  52.0  432
5  21.0  344
6  28.0  596
7  58.0  564
1  7.0  415
2  67.0  512
3  43.0  507
4  48.0  435
5  43.0  488
6  47.0  528
7  20.0  406
1  26.0  270
2  85.0  512
3  46.0  394
4  19.0  307
5  62.0  468
6  56.0  585
7  30.0  533
1  37.0  494
2  71.0  504
3  40.0  505
4  55.0  530
5  10.0  314
6  33.0  510
7  53.0  560
1  82.0  506
2  52.0  533
3  34.0  501
4  33.0  459
5  14.0  406
6  32.0  393
7  25.0  467
1  18.0  369
2  91.0  535
3  66.0  512
4  48.0  413
5  46.0  441
6  38.0  465
7  76.0  563
1  16.0  207
2  84.0  518
3  78.0  497
4  52.0  521
5  64.0  491
6  65.0  466
7  48.0  515
1  40.0  486
2  67.0  531
3  25.0  486
4  33.0  472
5  36.0  523
6  18.0  461
7  22.0  523
1  30.0  397
2  25.0  466
3  79.0  557
4  13.0  324
5  20.0  430
6  67.0  644
7  57.0  513
1  67.0  520
2  83.0  514
3  60.0  529
4  37.0  581
5  55.0  498
6  18.0  459
7  13.0  504
1  60.0  518
2  7.0  235
3  49.0  534
4  7.0  476
5  51.0  516
6  72.0  549
7  34.0  633
1  36.0  376
2  46.0  435
3  46.0  520
4  69.0  515
5  47.0  590
6  27.0  578
7  38.0  571
1  92.0  517
2  41.0  480
3  57.0  438
4  60.0  527
5  45.0  485
6  35.0  458
7  31.0  563
1  75.0  503
2  66.0  538
3  49.0  537
4  40.0  536
5  52.0  537
6  31.0  591
7  25.0  552
1  94.0  509
2  90.0  520
3  88.0  546
4  33.0  415
5  34.0  314
6  33.0  444
7  30.0  508
1  79.0  494
2  55.0  435
3  35.0  520
4  33.0  498
5  37.0  386
6  36.0  453
7  45.0  486
1  11.0  314
2  22.0  527
3  66.0  487
4  67.0  487
5  47.0  588
6  45.0  596
7  31.0  551
1  49.0  456
2  72.0  469
3  52.0  422
4  59.0  501
5  26.0  504
6  33.0  307
7  50.0  527
1  38.0  515
2  60.0  519
3  17.0  335
4  32.0  485
5  38.0  553
6  44.0  596
7  56.0  570
1  58.0  416
2  36.0  335
3  71.0  565
4  48.0  535
5  48.0  596
6  31.0  456
7  18.0  632
1  0.0  306
2  71.0  552
3  43.0  468
4  24.0  442
5  61.0  517
6  37.0  542
7  10.0  393
1  38.0  425
2  55.0  545
3  33.0  518
4  57.0  530
5  33.0  509
6  45.0  537
7  31.0  298
1  86.0  486
2  37.0  502
3  69.0  547
4  37.0  496
5  52.0  522
6  26.0  612
7  75.0  547
1  29.0  378
2  61.0  493
3  55.0  454
4  33.0  459
5  47.0  560
6  42.0  611
7  46.0  549
1  60.0  496
2  75.0  535
3  11.0  301
4  29.0  367
5  46.0  521
6  28.0  431
7  17.0  390
1  51.0  460
2  39.0  407
3  71.0  533
4  45.0  450
5  16.0  445
6  51.0  440
7  50.0  566
1  40.0  521
2  41.0  361
3  54.0  494
4  22.0  324
5  45.0  509
6  46.0  548
7  41.0  603
1  26.0  382
2  64.0  479
3  72.0  549
4  68.0  517
5  47.0  528
6  54.0  452
7  26.0  647
1  55.0  464
2  50.0  478
3  49.0  485
4  42.0  564
5  73.0  571
6  51.0  591
7  51.0  584
1  52.0  461
2  40.0  377
3  26.0  306
4  23.0  261
5  55.0  461
6  58.0  545
7  25.0  318
1  70.0  504
2  43.0  514
3  47.0  468
4  21.0  417
5  47.0  533
6  46.0  568
7  16.0  542
1  30.0  304
2  43.0  519
3  50.0  395
4  61.0  507
5  34.0  496
6  60.0  605
7  26.0  445
1  46.0  511
2  39.0  526
3  34.0  501
4  10.0  280
5  40.0  401
6  30.0  368
7  47.0  585
1  17.0  481
2  42.0  497
3  66.0  439
4  58.0  516
5  41.0  434
6  45.0  542
7  36.0  434
1  77.0  510
2  26.0  242
3  31.0  510
4  34.0  502
5  61.0  500
6  39.0  420
7  47.0  608
1  62.0  514
2  25.0  342
3  38.0  540
4  35.0  464
5  55.0  531
6  44.0  535
7  36.0  513
1  82.0  504
2  70.0  487
3  50.0  489
4  40.0  393
5  76.0  575
6  32.0  566
7  37.0  341
1  38.0  377
2  14.0  463
3  46.0  428
4  46.0  497
5  59.0  565
6  45.0  542
7  45.0  617
1  51.0  515
2  72.0  518
3  57.0  525
4  54.0  433
5  21.0  432
6  48.0  585
7  23.0  398
1  59.0  493
2  25.0  293
3  80.0  517
4  68.0  529
5  34.0  479
6  64.0  570
7  30.0  512
1  68.0  503
2  28.0  382
3  62.0  534
4  48.0  551
5  55.0  530
6  46.0  516
7  40.0  574
1  71.0  505
2  33.0  340
3  46.0  501
4  52.0  424
5  46.0  581
6  49.0  502
7  57.0  574
1  37.0  236
2  45.0  505
3  28.0  347
4  61.0  575
5  71.0  584
6  87.0  528
7  45.0  605
1  44.0  506
2  49.0  534
3  43.0  533
4  48.0  480
5  55.0  513
6  57.0  453
7  48.0  497
1  48.0  517
2  20.0  368
3  17.0  325
4  43.0  545
5  30.0  264
6  51.0  493
7  43.0  380
1  45.0  535
2  61.0  463
3  12.0  270
4  56.0  460
5  45.0  495
6  57.0  549
7  26.0  530
1  13.0  447
2  55.0  529
3  40.0  403
4  57.0  541
5  43.0  563
6  73.0  520
7  23.0  356
1  61.0  485
2  71.0  470
3  79.0  450
4  59.0  491
5  48.0  520
6  67.0  565
7  35.0  496
1  33.0  341
2  81.0  526
3  44.0  409
4  33.0  559
5  30.0  549
6  40.0  479
7  91.0  536
1  69.0  484
2  39.0  528
3  6.0  272
4  50.0  548
5  40.0  511
6  16.0  463
7  33.0  488
1  14.0  284
2  44.0  507
3  69.0  544
4  57.0  607
5  30.0  481
6  62.0  582
7  54.0  575
1  48.0  486
2  70.0  478
3  63.0  466
4  27.0  462
5  47.0  540
6  42.0  547
7  55.0  540
1  53.0  522
2  48.0  483
3  64.0  537
4  27.0  506
5  40.0  369
6  55.0  620
7  39.0  566
1  37.0  453
2  36.0  490
3  48.0  530
4  61.0  553
5  38.0  437
6  19.0  335
7  40.0  512
1  33.0  384
2  43.0  530
3  79.0  549
4  16.0  394
5  33.0  518
6  55.0  576
7  21.0  490
1  27.0  501
2  58.0  485
3  52.0  519
4  30.0  342
5  54.0  551
6  41.0  493
7  54.0  549
1  28.0  403
2  45.0  502
3  39.0  458
4  25.0  461
5  58.0  491
6  33.0  395
7  36.0  534
1  65.0  508
2  31.0  470
3  54.0  540
4  45.0  481
5  24.0  392
6  38.0  443
7  34.0  529
1  52.0  493
2  22.0  402
3  13.0  357
4  39.0  445
5  25.0  457
6  42.0  604
7  25.0  555
1  69.0  508
2  56.0  500
3  55.0  523
4  69.0  518
5  18.0  567
6  27.0  464
7  24.0  443
1  21.0  344
2  50.0  554
3  34.0  336
4  59.0  534
5  37.0  615
6  37.0  580
7  25.0  559
1  88.0  508
2  9.0  351
3  53.0  539
4  53.0  509
5  55.0  457
6  62.0  505
7  29.0  456
1  8.0  467
2  39.0  492
3  35.0  484
4  15.0  379
5  40.0  406
6  47.0  515
7  47.0  550
1  39.0  461
2  51.0  499
3  34.0  456
4  50.0  473
5  54.0  547
6  40.0  559
7  38.0  403
1  34.0  506
2  43.0  452
3  56.0  479
4  37.0  525
5  77.0  535
6  50.0  573
7  33.0  451
1  58.0  429
2  68.0  476
3  19.0  514
4  64.0  539
5  63.0  481
6  63.0  575
7  43.0  599
