1  65.900000000000006  1759
2  58.399999999999999  2317
3  59.899999999999999  2644
4  63.799999999999997  2070
5  59.299999999999997  2566
6  59.399999999999999  2419
7  45.700000000000003  2538
1  66.099999999999994  1662
2  60.100000000000001  2345
3  57.799999999999997  2124
4  56.899999999999999  2493
5  59.0  2116
6  46.100000000000001  2381
7  51.700000000000003  2795
1  55.0  2164
2  54.799999999999997  2368
3  57.299999999999997  2405
4  50.399999999999999  2415
5  64.799999999999997  2334
6  50.600000000000001  2564
7  50.200000000000003  2749
1  58.600000000000001  1898
2  53.700000000000003  2552
3  54.200000000000003  2297
4  47.0  2271
5  51.0  2829
6  45.5  2393
7  43.700000000000003  2348
1  60.700000000000003  1825
2  48.5  2482
3  55.5  2231
4  56.899999999999999  1942
5  51.799999999999997  2537
6  53.600000000000001  2223
7  49.799999999999997  2426
1  48.799999999999997  1713
2  54.700000000000003  1945
3  48.0  2217
4  51.799999999999997  2402
5  49.899999999999999  2346
6  42.399999999999999  2585
7  41.299999999999997  2611
1  58.799999999999997  1950
2  49.399999999999999  1676
3  51.899999999999999  2306
4  54.100000000000001  2338
5  50.0  2809
6  53.700000000000003  2630
7  41.5  2656
1  63.299999999999997  2007
2  58.299999999999997  1823
3  43.700000000000003  2406
4  59.299999999999997  2249
5  56.899999999999999  2467
6  47.399999999999999  2431
7  40.600000000000001  2638
1  54.5  1987
2  54.299999999999997  2349
3  64.599999999999994  1832
4  53.299999999999997  2025
5  54.899999999999999  2283
6  54.899999999999999  2556
7  45.399999999999999  2671
1  60.299999999999997  1934
2  42.200000000000003  2266
3  55.700000000000003  2136
4  54.399999999999999  2354
5  40.200000000000003  2380
6  38.899999999999999  2407
7  46.899999999999999  2496
1  65.400000000000006  1989
2  53.200000000000003  1868
3  70.099999999999994  1952
4  54.0  2259
5  54.5  2566
6  42.5  2581
7  49.899999999999999  2529
1  64.900000000000006  2077
2  57.200000000000003  2607
3  39.799999999999997  2360
4  57.700000000000003  1838
5  51.700000000000003  2439
6  49.600000000000001  2237
7  42.799999999999997  2434
1  48.399999999999999  2210
2  56.399999999999999  2265
3  55.5  2459
4  54.200000000000003  2392
5  55.700000000000003  2329
6  54.799999999999997  2458
7  54.399999999999999  2437
1  69.900000000000006  1937
2  59.5  2541
3  61.200000000000003  2174
4  54.100000000000001  2292
5  54.399999999999999  2426
6  45.600000000000001  2649
7  46.299999999999997  2804
1  45.700000000000003  2077
2  58.5  2129
3  60.5  2028
4  54.0  2452
5  58.5  2481
6  52.299999999999997  2532
7  52.899999999999999  2631
1  55.700000000000003  2383
2  61.899999999999999  2075
3  53.600000000000001  1923
4  43.700000000000003  2180
5  57.299999999999997  2391
6  47.700000000000003  2497
7  52.0  2444
1  66.400000000000006  1815
2  48.100000000000001  1836
3  55.600000000000001  2476
4  41.0  2283
5  55.0  2757
6  51.899999999999999  2196
7  42.600000000000001  2541
1  68.0  1620
2  59.399999999999999  2505
3  49.0  2072
4  47.899999999999999  2056
5  46.100000000000001  2385
6  37.200000000000003  2392
7  49.600000000000001  2817
1  59.600000000000001  1678
2  54.5  2246
3  43.700000000000003  2679
4  53.799999999999997  2261
5  50.200000000000003  2317
6  61.700000000000003  2479
7  57.899999999999999  2413
1  45.299999999999997  2153
2  46.600000000000001  2283
3  60.200000000000003  2326
4  62.200000000000003  2380
5  57.399999999999999  2527
6  57.0  2331
7  57.799999999999997  2483
1  57.899999999999999  2196
2  54.299999999999997  1987
3  55.0  2167
4  63.600000000000001  2321
5  52.100000000000001  2267
6  53.299999999999997  2470
7  46.200000000000003  2682
1  66.900000000000006  1616
2  50.200000000000003  2335
3  55.799999999999997  2532
4  58.200000000000003  2419
5  54.200000000000003  2169
6  55.200000000000003  2610
7  57.5  2517
1  59.799999999999997  2204
2  64.900000000000006  1754
3  47.0  2785
4  51.700000000000003  2417
5  66.400000000000006  2068
6  61.200000000000003  2531
7  49.700000000000003  2542
1  53.899999999999999  2089
2  56.5  2161
3  60.799999999999997  2285
4  54.299999999999997  2162
5  54.100000000000001  2386
6  50.5  2526
7  61.399999999999999  2416
1  69.200000000000003  2012
2  56.799999999999997  1976
3  47.899999999999999  2182
4  59.600000000000001  2767
5  51.0  2402
6  49.700000000000003  2930
7  50.799999999999997  2832
1  66.400000000000006  1870
2  43.399999999999999  2634
3  53.700000000000003  1888
4  53.799999999999997  2504
5  55.399999999999999  2134
6  52.399999999999999  2496
7  43.399999999999999  2459
1  58.200000000000003  1856
2  58.600000000000001  2106
3  58.100000000000001  2528
4  54.0  2447
5  55.200000000000003  2331
6  55.5  2594
7  50.0  2578
1  73.200000000000003  1991
2  60.200000000000003  2156
3  55.299999999999997  1931
4  52.899999999999999  2543
5  56.399999999999999  2149
6  55.399999999999999  2455
7  44.700000000000003  2583
1  64.0  1937
2  61.5  2116
3  63.100000000000001  2107
4  50.600000000000001  2331
5  51.0  2553
6  46.899999999999999  2150
7  44.100000000000001  2496
1  67.5  1692
2  49.700000000000003  2024
3  57.899999999999999  2422
4  53.399999999999999  2330
5  46.799999999999997  2342
6  40.700000000000003  2458
7  47.200000000000003  2959
1  65.5  1820
2  59.600000000000001  2083
3  50.0  2268
4  52.899999999999999  2169
5  40.299999999999997  2596
6  41.200000000000003  2488
7  47.600000000000001  2725
1  59.200000000000003  1894
2  50.299999999999997  1902
3  50.700000000000003  2387
4  49.299999999999997  2511
5  51.399999999999999  2587
6  53.600000000000001  2726
7  45.399999999999999  2669
1  77.400000000000006  1605
2  59.799999999999997  2193
3  55.700000000000003  2069
4  52.200000000000003  2447
5  47.100000000000001  2416
6  42.600000000000001  2305
7  48.700000000000003  2618
1  59.600000000000001  1612
2  61.700000000000003  1798
3  48.100000000000001  2084
4  57.200000000000003  2154
5  51.5  2360
6  53.100000000000001  2139
7  49.100000000000001  2722
1  45.299999999999997  2139
2  61.899999999999999  2020
3  55.700000000000003  2306
4  50.5  2183
5  62.100000000000001  2132
6  53.100000000000001  2533
7  52.200000000000003  2405
1  60.700000000000003  1914
2  63.200000000000003  1664
3  52.600000000000001  2298
4  64.0  2180
5  55.899999999999999  2332
6  47.0  2634
7  48.399999999999999  2468
1  63.799999999999997  1953
2  49.100000000000001  2403
3  53.799999999999997  2296
4  52.899999999999999  2391
5  52.799999999999997  2432
6  52.200000000000003  2351
7  44.600000000000001  2510
1  57.5  1823
2  50.600000000000001  2051
3  57.899999999999999  2263
4  41.700000000000003  2257
5  48.0  2260
6  57.5  2288
7  50.200000000000003  2556
1  60.5  2007
2  43.5  2150
3  46.100000000000001  2396
4  49.200000000000003  2183
5  49.200000000000003  2565
6  53.299999999999997  2504
7  42.399999999999999  2699
1  53.0  1961
2  52.200000000000003  1906
3  51.100000000000001  2266
4  45.299999999999997  2527
5  50.799999999999997  2495
6  46.5  2590
7  45.299999999999997  2451
1  52.200000000000003  2101
2  51.5  2174
3  56.100000000000001  2110
4  46.5  2435
5  50.600000000000001  2310
6  48.100000000000001  2383
7  38.600000000000001  2508
1  43.100000000000001  2499
2  52.200000000000003  1888
3  63.600000000000001  2207
4  48.700000000000003  2699
5  52.100000000000001  2281
6  49.299999999999997  2339
7  46.399999999999999  2513
1  59.799999999999997  1780
2  58.5  1929
3  48.899999999999999  3084
4  48.600000000000001  2446
5  51.0  2239
6  51.0  2725
7  55.200000000000003  2566
1  56.799999999999997  1753
2  55.899999999999999  2195
3  50.5  2181
4  51.100000000000001  2382
5  57.399999999999999  2199
6  51.799999999999997  2145
7  52.100000000000001  2559
1  51.5  1614
2  74.099999999999994  1811
3  60.0  2250
4  44.700000000000003  2438
5  43.100000000000001  2669
6  47.399999999999999  2236
7  47.899999999999999  2520
1  63.200000000000003  2476
2  46.0  2436
3  65.200000000000003  2562
4  49.299999999999997  2717
5  47.200000000000003  1985
6  53.200000000000003  2252
7  50.700000000000003  2456
1  66.0  1892
2  54.899999999999999  2144
3  59.5  2226
4  62.200000000000003  2393
5  49.0  2526
6  45.700000000000003  2159
7  48.399999999999999  2591
1  48.399999999999999  2208
2  51.5  2039
3  58.200000000000003  2151
4  54.700000000000003  2366
5  43.899999999999999  2322
6  60.0  2329
7  38.0  2381
1  45.799999999999997  1944
2  67.599999999999994  1905
3  54.899999999999999  1997
4  45.299999999999997  2385
5  56.799999999999997  2271
6  49.200000000000003  2477
7  57.700000000000003  2060
1  68.099999999999994  1716
2  55.0  1630
3  51.5  2079
4  44.0  2593
5  51.200000000000003  2202
6  44.799999999999997  2376
7  44.299999999999997  2753
1  58.899999999999999  1961
2  53.200000000000003  2539
3  61.700000000000003  2199
4  51.5  2279
5  50.899999999999999  2453
6  52.899999999999999  2484
7  45.200000000000003  2648
1  64.299999999999997  2190
2  54.600000000000001  2158
3  55.799999999999997  2249
4  52.0  2174
5  49.399999999999999  2330
6  51.5  2260
7  50.700000000000003  2617
1  52.799999999999997  2098
2  58.200000000000003  2275
3  55.600000000000001  2319
4  61.200000000000003  2294
5  49.5  2312
6  58.600000000000001  2623
7  49.899999999999999  2537
1  61.600000000000001  1954
2  45.600000000000001  2127
3  54.299999999999997  2313
4  59.5  2250
5  57.100000000000001  2553
6  49.700000000000003  2305
7  48.200000000000003  2789
1  63.399999999999999  1623
2  58.700000000000003  1894
3  62.600000000000001  2165
4  54.200000000000003  2301
5  61.700000000000003  2100
6  48.100000000000001  2226
7  56.299999999999997  2620
1  61.0  2285
2  61.200000000000003  2124
3  55.200000000000003  2373
4  52.299999999999997  2475
5  56.899999999999999  2258
6  57.399999999999999  2439
7  46.100000000000001  2979
1  64.599999999999994  1939
2  57.299999999999997  2151
3  57.100000000000001  2239
4  57.0  2218
5  51.600000000000001  2455
6  44.200000000000003  2588
7  54.100000000000001  2657
1  66.400000000000006  2225
2  52.100000000000001  1874
3  51.600000000000001  2520
4  67.700000000000003  2112
5  54.0  2618
6  59.399999999999999  2498
7  49.200000000000003  2814
1  54.700000000000003  1744
2  59.899999999999999  1973
3  68.299999999999997  1760
4  49.100000000000001  2732
5  51.399999999999999  2582
6  40.200000000000003  2575
7  48.399999999999999  2465
1  73.099999999999994  1665
2  47.5  2160
3  48.0  2390
4  56.0  2125
5  44.5  2331
6  55.399999999999999  2372
7  44.600000000000001  2836
1  68.900000000000006  1793
2  61.700000000000003  1946
3  45.899999999999999  2108
4  39.100000000000001  2680
5  51.600000000000001  2665
6  49.600000000000001  2668
7  50.299999999999997  2592
1  58.600000000000001  1913
2  60.100000000000001  2125
3  55.299999999999997  2654
4  41.0  2221
5  41.399999999999999  2377
6  52.0  2635
7  52.700000000000003  2598
1  56.600000000000001  1873
2  61.399999999999999  2240
3  60.700000000000003  1988
4  59.0  2376
5  47.399999999999999  2638
6  43.0  2430
7  52.100000000000001  2358
1  58.100000000000001  2096
2  56.100000000000001  2797
3  57.899999999999999  2255
4  60.5  2262
5  58.5  2464
6  47.100000000000001  2632
7  48.5  2377
1  58.600000000000001  1908
2  57.799999999999997  2149
3  53.200000000000003  2149
4  45.399999999999999  2321
5  45.0  2478
6  48.600000000000001  2653
7  43.5  2739
1  69.200000000000003  1796
2  60.0  2180
3  43.5  2602
4  53.600000000000001  2289
5  55.799999999999997  2357
6  49.0  2398
7  46.200000000000003  2954
1  53.899999999999999  2160
2  49.100000000000001  2322
3  65.799999999999997  1901
4  41.100000000000001  2157
5  52.0  2414
6  51.600000000000001  2386
7  55.899999999999999  2449
1  65.5  1850
2  61.899999999999999  2359
3  45.200000000000003  2315
4  47.200000000000003  2243
5  43.799999999999997  2635
6  61.399999999999999  2325
7  50.100000000000001  2707
1  56.600000000000001  2316
2  37.299999999999997  2765
3  53.299999999999997  2444
4  66.099999999999994  1979
5  58.200000000000003  2271
6  41.0  2609
7  51.899999999999999  2689
1  53.799999999999997  2143
2  59.299999999999997  1990
3  45.600000000000001  2110
4  53.200000000000003  2129
5  46.0  2646
6  41.899999999999999  2730
7  58.700000000000003  2356
1  57.899999999999999  1815
2  61.899999999999999  2254
3  65.700000000000003  1921
4  48.799999999999997  2957
5  44.600000000000001  2644
6  54.600000000000001  2340
7  47.899999999999999  2560
1  49.600000000000001  2213
2  50.799999999999997  1942
3  59.5  2454
4  46.0  2282
5  58.5  2400
6  57.799999999999997  2426
7  45.399999999999999  2496
1  70.700000000000003  2277
2  54.100000000000001  2076
3  54.399999999999999  2020
4  44.100000000000001  2439
5  49.899999999999999  2189
6  46.600000000000001  2509
7  47.399999999999999  2576
1  58.399999999999999  1901
2  51.600000000000001  2174
3  54.100000000000001  1942
4  59.799999999999997  2348
5  58.0  2079
6  50.200000000000003  2190
7  52.299999999999997  2609
1  62.899999999999999  1987
2  54.399999999999999  2039
3  53.899999999999999  2078
4  53.899999999999999  2415
5  49.899999999999999  2146
6  51.600000000000001  2421
7  40.600000000000001  3140
1  59.5  2139
2  57.799999999999997  2134
3  63.899999999999999  2093
4  55.0  2411
5  53.399999999999999  2474
6  59.200000000000003  2431
7  47.0  2673
1  73.900000000000006  1850
2  55.299999999999997  2420
3  62.700000000000003  2252
4  50.399999999999999  2714
5  49.0  2323
6  47.700000000000003  2681
7  58.5  2529
1  59.5  1641
2  59.700000000000003  1924
3  61.799999999999997  2522
4  55.600000000000001  2013
5  47.100000000000001  2570
6  41.700000000000003  2604
7  54.899999999999999  2291
1  65.799999999999997  1786
2  58.600000000000001  1850
3  56.600000000000001  2185
4  57.899999999999999  2233
5  52.0  2273
6  42.899999999999999  3039
7  48.799999999999997  2481
1  50.0  1945
2  63.700000000000003  1954
3  52.5  2453
4  51.299999999999997  2451
5  59.799999999999997  2522
6  47.5  2669
7  52.5  2146
1  70.599999999999994  1395
2  64.5  2292
3  61.100000000000001  2325
4  53.100000000000001  2322
5  48.299999999999997  2373
6  48.0  2260
7  50.200000000000003  2413
1  61.799999999999997  1731
2  58.299999999999997  2242
3  53.0  2173
4  48.700000000000003  2622
5  52.299999999999997  2397
6  50.299999999999997  2107
7  60.799999999999997  2433
1  62.399999999999999  1457
2  56.200000000000003  2116
3  56.700000000000003  2163
4  55.799999999999997  2339
5  51.0  2209
6  53.899999999999999  2367
7  44.5  2487
1  59.700000000000003  2234
2  51.399999999999999  2358
3  52.200000000000003  1772
4  44.399999999999999  2743
5  54.299999999999997  2389
6  45.399999999999999  2274
7  48.899999999999999  2396
1  64.599999999999994  2036
2  54.5  2420
3  47.399999999999999  2488
4  61.399999999999999  2152
5  52.200000000000003  2454
6  50.200000000000003  2559
7  38.700000000000003  2361
1  58.100000000000001  2429
2  55.5  2389
3  51.399999999999999  2173
4  49.899999999999999  2236
5  49.0  2147
6  43.299999999999997  2461
7  40.399999999999999  2679
1  63.399999999999999  1693
2  58.399999999999999  1956
3  60.799999999999997  2055
4  54.799999999999997  2358
5  47.100000000000001  1999
6  57.200000000000003  2265
7  48.299999999999997  2604
1  59.0  1412
2  48.0  2290
3  49.399999999999999  1978
4  45.100000000000001  2589
5  47.899999999999999  2814
6  54.299999999999997  2530
7  49.0  2489
1  51.600000000000001  2507
2  53.899999999999999  2238
3  59.5  2381
4  45.100000000000001  2440
5  55.899999999999999  2254
6  42.0  2493
7  47.0  2905
1  57.5  1966
2  47.600000000000001  2094
3  58.5  2017
4  50.200000000000003  2132
5  55.799999999999997  2209
6  49.799999999999997  2080
7  52.299999999999997  2674
1  60.200000000000003  2426
2  59.5  2166
3  49.700000000000003  1869
4  45.700000000000003  2576
5  49.399999999999999  2627
6  50.399999999999999  2505
7  55.0  2713
1  67.099999999999994  2091
2  57.899999999999999  2179
3  58.200000000000003  1917
4  54.899999999999999  2670
5  44.600000000000001  2580
6  52.399999999999999  2209
7  43.200000000000003  2248
1  63.600000000000001  1829
2  62.399999999999999  1529
3  45.299999999999997  2173
4  52.600000000000001  2482
5  48.200000000000003  2610
6  52.799999999999997  2391
7  50.299999999999997  2608
1  61.799999999999997  1906
2  48.100000000000001  2336
3  66.400000000000006  2166
4  55.299999999999997  2264
5  53.0  2429
6  48.299999999999997  2241
7  53.100000000000001  2329
1  55.299999999999997  2026
2  64.599999999999994  1998
3  53.799999999999997  2506
4  48.0  2499
5  42.700000000000003  2531
6  44.5  2691
7  51.899999999999999  2528
1  52.200000000000003  2120
2  45.799999999999997  1992
3  53.100000000000001  2118
4  53.600000000000001  2549
5  50.899999999999999  2435
6  46.399999999999999  2307
7  46.299999999999997  2547
1  59.799999999999997  1802
2  49.700000000000003  2258
3  53.100000000000001  2018
4  57.299999999999997  2093
5  50.200000000000003  2233
6  52.200000000000003  2340
7  56.600000000000001  2323
1  55.299999999999997  2489
2  62.5  2067
3  53.0  2380
4  56.700000000000003  2242
5  45.399999999999999  2472
6  57.5  2634
7  52.299999999999997  2690
1  71.5  1803
2  52.5  1955
3  49.899999999999999  2410
4  59.399999999999999  1862
5  60.799999999999997  2240
6  44.899999999999999  2162
7  48.100000000000001  2453
1  57.200000000000003  1775
2  61.200000000000003  1927
3  61.600000000000001  2253
4  55.799999999999997  2375
5  55.100000000000001  2309
6  54.299999999999997  2081
7  50.299999999999997  2821
