1  97.0  233
2  44.0  260
3  56.0  384
4  50.0  358
5  57.0  457
6  31.0  502
7  55.0  470
1  69.0  281
2  35.0  305
3  71.0  350
4  45.0  499
5  70.0  381
6  27.0  267
7  47.0  359
1  35.0  552
2  78.0  266
3  53.0  380
4  26.0  457
5  42.0  407
6  58.0  304
7  46.0  431
1  62.0  402
2  29.0  486
3  64.0  191
4  44.0  544
5  35.0  453
6  31.0  393
7  71.0  398
1  56.0  469
2  69.0  411
3  56.0  527
4  43.0  380
5  22.0  587
6  56.0  467
7  41.0  334
1  48.0  341
2  28.0  393
3  69.0  423
4  64.0  496
5  48.0  380
6  43.0  435
7  48.0  427
1  39.0  287
2  78.0  340
3  72.0  368
4  59.0  478
5  72.0  298
6  49.0  424
7  40.0  494
1  34.0  496
2  28.0  460
3  36.0  479
4  52.0  376
5  13.0  411
6  35.0  573
7  22.0  550
1  68.0  335
2  71.0  349
3  43.0  385
4  49.0  402
5  36.0  512
6  40.0  428
7  28.0  577
1  89.0  301
2  87.0  279
3  56.0  319
4  51.0  406
5  57.0  310
6  58.0  274
7  58.0  212
1  64.0  432
2  63.0  295
3  70.0  330
4  45.0  505
5  26.0  445
6  42.0  397
7  32.0  402
1  23.0  215
2  76.0  317
3  69.0  341
4  33.0  300
5  24.0  177
6  29.0  439
7  27.0  395
1  52.0  487
2  48.0  527
3  64.0  387
4  37.0  470
5  44.0  306
6  48.0  300
7  48.0  392
1  85.0  311
2  66.0  332
3  64.0  329
4  51.0  276
5  51.0  390
6  61.0  416
7  56.0  393
1  54.0  412
2  49.0  367
3  56.0  418
4  45.0  377
5  55.0  300
6  42.0  435
7  63.0  381
1  62.0  427
2  29.0  453
3  48.0  311
4  47.0  462
5  26.0  385
6  42.0  411
7  41.0  437
1  2.0  390
2  32.0  369
3  59.0  449
4  79.0  360
5  39.0  342
6  36.0  335
7  58.0  363
1  36.0  372
2  73.0  311
3  50.0  566
4  32.0  658
5  41.0  366
6  31.0  377
7  27.0  387
1  63.0  319
2  76.0  332
3  49.0  305
4  31.0  244
5  51.0  333
6  66.0  327
7  30.0  610
1  21.0  328
2  12.0  512
3  56.0  367
4  57.0  407
5  60.0  219
6  38.0  539
7  34.0  431
1  31.0  345
2  39.0  454
3  44.0  460
4  22.0  572
5  54.0  367
6  46.0  536
7  54.0  292
1  59.0  390
2  76.0  302
3  32.0  200
4  53.0  390
5  42.0  251
6  28.0  440
7  53.0  483
1  78.0  361
2  45.0  289
3  40.0  406
4  43.0  414
5  32.0  543
6  56.0  529
7  60.0  413
1  61.0  266
2  66.0  316
3  82.0  251
4  52.0  406
5  46.0  491
6  37.0  380
7  51.0  430
1  48.0  503
2  8.0  326
3  51.0  454
4  23.0  218
5  60.0  379
6  31.0  382
7  27.0  471
1  77.0  386
2  60.0  447
3  54.0  391
4  33.0  302
5  58.0  348
6  32.0  414
7  34.0  374
1  20.0  331
2  41.0  575
3  43.0  378
4  36.0  468
5  58.0  370
6  45.0  529
7  49.0  443
1  63.0  412
2  87.0  320
3  35.0  542
4  41.0  390
5  64.0  463
6  66.0  356
7  39.0  496
1  46.0  510
2  48.0  443
3  27.0  312
4  67.0  344
5  30.0  400
6  41.0  456
7  46.0  401
1  49.0  356
2  34.0  359
3  50.0  359
4  54.0  410
5  53.0  285
6  62.0  325
7  65.0  369
1  33.0  401
2  43.0  226
3  62.0  373
4  44.0  378
5  45.0  391
6  20.0  472
7  46.0  441
1  20.0  531
2  38.0  335
3  70.0  218
4  41.0  359
5  49.0  546
6  40.0  408
7  57.0  444
1  81.0  269
2  52.0  318
3  34.0  382
4  56.0  300
5  58.0  372
6  47.0  525
7  42.0  415
1  26.0  310
2  50.0  403
3  56.0  483
4  57.0  303
5  58.0  556
6  29.0  530
7  35.0  461
1  57.0  498
2  70.0  389
3  70.0  355
4  55.0  253
5  59.0  422
6  19.0  465
7  23.0  234
1  36.0  400
2  46.0  473
3  70.0  415
4  50.0  381
5  46.0  419
6  43.0  538
7  53.0  483
1  51.0  397
2  60.0  342
3  29.0  334
4  53.0  350
5  31.0  456
6  42.0  417
7  58.0  358
1  45.0  284
2  38.0  412
3  55.0  346
4  45.0  331
5  26.0  476
6  40.0  323
7  53.0  427
1  43.0  530
2  60.0  258
3  35.0  484
4  60.0  415
5  77.0  265
6  41.0  512
7  30.0  447
1  52.0  393
2  55.0  328
3  37.0  334
4  34.0  403
5  50.0  339
6  49.0  427
7  52.0  453
1  55.0  260
2  34.0  170
3  34.0  476
4  44.0  347
5  33.0  293
6  53.0  490
7  57.0  411
1  5.0  521
2  42.0  263
3  63.0  348
4  52.0  300
5  56.0  321
6  37.0  478
7  55.0  445
1  32.0  529
2  36.0  246
3  50.0  370
4  59.0  534
5  67.0  448
6  46.0  418
7  73.0  317
1  34.0  639
2  50.0  444
3  67.0  274
4  31.0  406
5  31.0  342
6  49.0  313
7  46.0  419
1  27.0  434
2  22.0  334
3  60.0  378
4  57.0  397
5  46.0  350
6  47.0  479
7  60.0  426
1  43.0  337
2  56.0  385
3  67.0  322
4  61.0  424
5  35.0  563
6  49.0  368
7  45.0  541
1  38.0  489
2  23.0  528
3  52.0  372
4  53.0  428
5  51.0  461
6  44.0  389
7  39.0  257
1  73.0  425
2  56.0  359
3  29.0  160
4  53.0  405
5  55.0  358
6  56.0  395
7  40.0  337
1  23.0  715
2  70.0  334
3  30.0  515
4  62.0  227
5  40.0  452
6  47.0  366
7  67.0  346
1  46.0  448
2  40.0  306
3  61.0  363
4  33.0  408
5  25.0  312
6  50.0  520
7  43.0  490
1  41.0  253
2  48.0  297
3  54.0  309
4  48.0  281
5  46.0  421
6  46.0  554
7  39.0  233
1  7.0  290
2  65.0  481
3  66.0  357
4  38.0  326
5  46.0  336
6  37.0  467
7  43.0  513
1  60.0  539
2  70.0  279
3  35.0  479
4  59.0  464
5  53.0  361
6  36.0  415
7  44.0  551
1  54.0  444
2  48.0  492
3  30.0  422
4  37.0  474
5  16.0  255
6  65.0  336
7  25.0  375
1  21.0  400
2  49.0  360
3  68.0  358
4  73.0  410
5  36.0  559
6  29.0  594
7  57.0  450
1  61.0  488
2  67.0  358
3  63.0  399
4  37.0  292
5  6.0  456
6  50.0  308
7  33.0  272
1  33.0  542
2  79.0  298
3  35.0  528
4  13.0  195
5  35.0  330
6  51.0  382
7  39.0  476
1  54.0  270
2  26.0  429
3  48.0  442
4  78.0  176
5  44.0  430
6  35.0  444
7  49.0  487
1  65.0  369
2  56.0  452
3  73.0  247
4  37.0  387
5  41.0  415
6  46.0  334
7  25.0  557
1  61.0  414
2  64.0  325
3  73.0  369
4  45.0  382
5  20.0  433
6  54.0  384
7  12.0  399
1  26.0  312
2  73.0  338
3  77.0  298
4  68.0  416
5  76.0  342
6  44.0  302
7  5.0  670
1  53.0  263
2  73.0  395
3  36.0  362
4  38.0  314
5  36.0  502
6  48.0  390
7  57.0  366
1  42.0  440
2  57.0  382
3  76.0  338
4  25.0  426
5  35.0  468
6  59.0  446
7  74.0  400
1  37.0  218
2  62.0  373
3  44.0  416
4  71.0  294
5  54.0  482
6  60.0  418
7  24.0  433
1  18.0  183
2  81.0  202
3  52.0  483
4  58.0  454
5  57.0  436
6  56.0  326
7  52.0  388
1  66.0  370
2  72.0  355
3  35.0  292
4  60.0  435
5  55.0  376
6  39.0  410
7  23.0  547
1  54.0  372
2  19.0  543
3  65.0  384
4  72.0  330
5  81.0  165
6  11.0  514
7  45.0  562
1  47.0  486
2  27.0  323
3  68.0  393
4  68.0  385
5  48.0  260
6  58.0  550
7  40.0  440
1  14.0  348
2  26.0  268
3  46.0  422
4  67.0  382
5  34.0  248
6  55.0  480
7  72.0  390
1  52.0  540
2  59.0  522
3  64.0  303
4  50.0  304
5  37.0  469
6  63.0  359
7  52.0  417
1  74.0  444
2  54.0  235
3  56.0  228
4  39.0  362
5  36.0  372
6  39.0  468
7  32.0  323
1  54.0  323
2  40.0  581
3  81.0  329
4  57.0  365
5  49.0  227
6  46.0  427
7  42.0  377
1  48.0  410
2  55.0  351
3  65.0  330
4  74.0  403
5  66.0  314
6  27.0  396
7  42.0  379
1  39.0  629
2  52.0  401
3  53.0  438
4  31.0  453
5  34.0  361
6  30.0  272
7  76.0  276
1  47.0  352
2  75.0  230
3  46.0  395
4  61.0  479
5  30.0  558
6  32.0  452
7  33.0  488
1  76.0  295
2  23.0  375
3  31.0  289
4  41.0  303
5  50.0  378
6  33.0  454
7  43.0  482
1  55.0  381
2  49.0  424
3  43.0  486
4  72.0  342
5  59.0  351
6  60.0  315
7  28.0  407
1  28.0  519
2  59.0  380
3  32.0  314
4  58.0  411
5  23.0  340
6  60.0  311
7  49.0  340
1  77.0  312
2  44.0  288
3  45.0  270
4  40.0  363
5  54.0  365
6  31.0  510
7  60.0  400
1  19.0  489
2  59.0  397
3  63.0  308
4  45.0  280
5  25.0  424
6  32.0  297
7  41.0  464
1  73.0  378
2  51.0  360
3  50.0  501
4  17.0  280
5  16.0  545
6  44.0  375
7  39.0  324
1  66.0  321
2  80.0  282
3  56.0  485
4  32.0  411
5  61.0  456
6  45.0  418
7  37.0  382
1  65.0  361
2  27.0  374
3  38.0  503
4  81.0  332
5  23.0  431
6  53.0  372
7  46.0  489
1  48.0  350
2  60.0  310
3  67.0  400
4  37.0  463
5  45.0  491
6  42.0  519
7  23.0  405
1  32.0  298
2  14.0  411
3  73.0  254
4  30.0  482
5  43.0  442
6  36.0  423
7  49.0  574
1  62.0  320
2  49.0  447
3  38.0  263
4  60.0  239
5  58.0  237
6  45.0  340
7  43.0  490
1  41.0  452
2  78.0  355
3  47.0  454
4  58.0  335
5  47.0  425
6  53.0  428
7  68.0  368
1  49.0  444
2  25.0  591
3  46.0  545
4  47.0  358
5  42.0  311
6  39.0  402
7  49.0  561
1  54.0  260
2  44.0  478
3  37.0  334
4  52.0  410
5  69.0  374
6  38.0  505
7  45.0  467
1  87.0  305
2  73.0  337
3  79.0  334
4  51.0  368
5  41.0  375
6  40.0  344
7  41.0  345
1  74.0  299
2  24.0  343
3  76.0  284
4  47.0  452
5  55.0  365
6  50.0  409
7  36.0  352
1  47.0  383
2  79.0  312
3  80.0  319
4  56.0  432
5  52.0  386
6  58.0  436
7  70.0  410
1  52.0  204
2  78.0  335
3  48.0  399
4  58.0  378
5  31.0  368
6  66.0  389
7  54.0  413
1  63.0  345
2  55.0  444
3  70.0  401
4  48.0  472
5  50.0  393
6  80.0  312
7  40.0  546
1  38.0  221
2  41.0  291
3  60.0  393
4  30.0  367
5  34.0  303
6  45.0  406
7  28.0  460
1  45.0  476
2  91.0  280
3  58.0  333
4  41.0  540
5  43.0  249
6  15.0  248
7  50.0  421
1  69.0  379
2  77.0  322
3  46.0  448
4  63.0  332
5  31.0  439
6  45.0  348
7  69.0  433
1  24.0  427
2  54.0  443
3  59.0  408
4  53.0  278
5  61.0  413
6  35.0  309
7  24.0  478
1  77.0  330
2  26.0  486
3  53.0  432
4  31.0  300
5  63.0  395
6  39.0  538
7  14.0  468
1  25.0  459
2  78.0  233
3  71.0  284
4  44.0  542
5  35.0  265
6  45.0  481
7  72.0  304
