1  52.600000000000001  3965
2  51.5  4175
3  41.5  3946
4  42.899999999999999  4128
5  44.5  4201
6  44.5  4142
7  33.600000000000001  4299
1  41.0  3900
2  48.700000000000003  3758
3  45.899999999999999  4070
4  41.0  3635
5  42.899999999999999  3808
6  43.600000000000001  3715
7  44.0  3772
1  53.5  4191
2  53.200000000000003  3959
3  39.700000000000003  4053
4  43.899999999999999  3758
5  44.0  4175
6  28.600000000000001  3389
7  37.200000000000003  3861
1  54.0  4052
2  47.299999999999997  4022
3  41.600000000000001  3823
4  49.700000000000003  4130
5  33.600000000000001  3188
6  34.5  4158
7  45.200000000000003  4334
1  43.799999999999997  3859
2  42.399999999999999  3888
3  37.600000000000001  3471
4  45.100000000000001  4027
5  37.899999999999999  3335
6  50.299999999999997  4060
7  35.899999999999999  4189
1  49.200000000000003  4081
2  53.399999999999999  4183
3  48.100000000000001  4064
4  43.5  4144
5  40.0  4109
6  41.0  4047
7  36.899999999999999  4081
1  46.200000000000003  3943
2  36.299999999999997  3670
3  39.700000000000003  3734
4  41.600000000000001  3945
5  44.5  3818
6  31.699999999999999  3382
7  42.600000000000001  4146
1  42.899999999999999  4071
2  40.700000000000003  3869
3  27.300000000000001  3256
4  34.100000000000001  3571
5  41.299999999999997  3917
6  39.0  4035
7  34.5  4141
1  44.399999999999999  3733
2  37.899999999999999  3270
3  43.100000000000001  3953
4  36.299999999999997  3811
5  44.899999999999999  4476
6  44.399999999999999  3788
7  39.799999999999997  4138
1  34.0  3546
2  46.700000000000003  3309
3  38.899999999999999  3625
4  45.200000000000003  4235
5  37.200000000000003  3964
6  42.200000000000003  3711
7  37.200000000000003  4138
1  50.399999999999999  3978
2  43.5  3755
3  35.899999999999999  3923
4  49.100000000000001  4024
5  46.0  3985
6  39.799999999999997  3750
7  43.600000000000001  4137
1  38.299999999999997  4206
2  43.200000000000003  3956
3  41.700000000000003  3608
4  58.799999999999997  4575
5  52.5  4073
6  38.100000000000001  3724
7  46.700000000000003  3822
1  48.700000000000003  3898
2  36.5  3870
3  52.799999999999997  4309
4  41.899999999999999  4052
5  37.200000000000003  3794
6  31.100000000000001  3847
7  35.600000000000001  3848
1  49.5  4027
2  51.799999999999997  4022
3  42.200000000000003  3748
4  49.200000000000003  4310
5  47.200000000000003  4023
6  44.799999999999997  4229
7  34.600000000000001  3845
1  36.5  3715
2  33.600000000000001  3401
3  44.399999999999999  4024
4  37.5  3670
5  44.0  4000
6  39.899999999999999  3699
7  38.600000000000001  4284
1  37.299999999999997  3237
2  43.700000000000003  3735
3  40.100000000000001  3789
4  37.700000000000003  3669
5  39.600000000000001  4167
6  40.200000000000003  3785
7  43.0  4426
1  38.0  3627
2  38.200000000000003  3440
3  43.0  3658
4  33.799999999999997  3875
5  38.600000000000001  3804
6  47.799999999999997  4457
7  38.700000000000003  4212
1  50.200000000000003  3873
2  40.5  3863
3  36.299999999999997  3749
4  36.799999999999997  3369
5  34.5  3946
6  41.100000000000001  3638
7  43.5  3854
1  41.299999999999997  3846
2  36.200000000000003  3786
3  49.0  3962
4  27.199999999999999  3745
5  42.100000000000001  3810
6  41.399999999999999  3990
7  41.100000000000001  4214
1  39.100000000000001  3418
2  29.899999999999999  3281
3  40.200000000000003  3385
4  48.200000000000003  4216
5  40.799999999999997  4046
6  41.600000000000001  4158
7  35.299999999999997  3990
1  49.600000000000001  3891
2  36.5  3606
3  42.799999999999997  3681
4  40.399999999999999  3803
5  24.199999999999999  3545
6  44.100000000000001  4163
7  40.100000000000001  4186
1  47.399999999999999  3891
2  43.899999999999999  3921
3  28.0  3196
4  45.100000000000001  4259
5  49.200000000000003  4141
6  38.799999999999997  3850
7  33.399999999999999  3799
1  49.5  3638
2  54.399999999999999  4173
3  42.299999999999997  4089
4  47.0  4035
5  35.399999999999999  3999
6  38.799999999999997  4122
7  36.799999999999997  3774
1  50.799999999999997  4166
2  43.200000000000003  3542
3  39.0  4074
4  38.100000000000001  3953
5  51.899999999999999  4112
6  40.100000000000001  3939
7  36.700000000000003  3551
1  28.300000000000001  3305
2  35.299999999999997  3680
3  43.299999999999997  3909
4  45.5  3895
5  30.0  3375
6  29.300000000000001  3903
7  34.5  4072
1  39.0  3867
2  45.5  4170
3  42.100000000000001  3848
4  41.899999999999999  3848
5  39.299999999999997  3835
6  46.600000000000001  3813
7  36.299999999999997  3936
1  47.799999999999997  3853
2  50.100000000000001  4262
3  42.0  3736
4  47.0  4137
5  37.0  3835
6  38.0  3410
7  49.5  4267
1  43.299999999999997  4041
2  40.899999999999999  3822
3  48.5  3846
4  41.299999999999997  3657
5  41.899999999999999  3999
6  39.799999999999997  3761
7  36.799999999999997  3708
1  59.0  3906
2  42.200000000000003  3717
3  37.0  3532
4  46.100000000000001  3615
5  42.700000000000003  3805
6  33.299999999999997  3777
7  34.200000000000003  3945
1  49.799999999999997  4053
2  31.300000000000001  3198
3  48.5  3800
4  44.200000000000003  3907
5  35.5  3737
6  39.0  3778
7  37.299999999999997  3814
1  50.899999999999999  3958
2  53.399999999999999  3866
3  36.5  3648
4  43.200000000000003  3978
5  36.600000000000001  3485
6  36.5  3678
7  34.899999999999999  4296
1  43.100000000000001  3640
2  42.5  3813
3  39.700000000000003  3586
4  45.100000000000001  4076
5  48.700000000000003  4141
6  43.100000000000001  4131
7  30.199999999999999  3316
1  40.200000000000003  3832
2  52.200000000000003  4186
3  35.600000000000001  3847
4  42.299999999999997  3849
5  48.100000000000001  4004
6  29.800000000000001  3641
7  37.5  3946
1  59.799999999999997  4229
2  39.200000000000003  3902
3  52.200000000000003  4193
4  44.899999999999999  4053
5  33.799999999999997  3542
6  47.200000000000003  4286
7  36.399999999999999  3613
1  42.299999999999997  3530
2  40.100000000000001  3887
3  26.5  3519
4  36.0  3646
5  44.700000000000003  3941
6  31.5  3367
7  36.600000000000001  3918
1  46.700000000000003  3832
2  38.299999999999997  3603
3  35.100000000000001  3695
4  50.899999999999999  4046
5  37.100000000000001  4149
6  46.700000000000003  4358
7  34.899999999999999  3790
1  51.700000000000003  4131
2  44.299999999999997  4146
3  50.700000000000003  4342
4  45.399999999999999  4278
5  39.299999999999997  4051
6  51.799999999999997  4223
7  38.600000000000001  4193
1  32.899999999999999  3262
2  40.799999999999997  3804
3  52.5  4093
4  42.899999999999999  3724
5  40.0  3899
6  45.700000000000003  4134
7  38.200000000000003  3772
1  42.200000000000003  3869
2  41.799999999999997  3833
3  43.799999999999997  3988
4  41.899999999999999  3592
5  48.600000000000001  3862
6  47.200000000000003  3889
7  35.100000000000001  3505
1  40.0  4080
2  32.600000000000001  3879
3  56.200000000000003  4217
4  38.299999999999997  4103
5  41.399999999999999  3723
6  45.100000000000001  4109
7  38.299999999999997  4118
1  51.399999999999999  4015
2  50.799999999999997  3909
3  56.600000000000001  4136
4  50.700000000000003  4270
5  30.800000000000001  3736
6  39.399999999999999  4072
7  37.200000000000003  3912
1  48.0  4097
2  38.100000000000001  3341
3  52.299999999999997  3867
4  43.700000000000003  3988
5  43.399999999999999  4000
6  46.600000000000001  4168
7  40.600000000000001  3989
1  45.600000000000001  3671
2  39.899999999999999  3853
3  38.200000000000003  3783
4  40.200000000000003  3749
5  43.299999999999997  3882
6  38.600000000000001  4166
7  38.600000000000001  4189
1  39.0  3531
2  38.0  3678
3  40.5  3993
4  51.0  4158
5  36.5  3772
6  39.700000000000003  4254
7  40.600000000000001  4462
1  36.0  3661
2  40.600000000000001  3866
3  51.700000000000003  3822
4  34.0  3560
5  31.300000000000001  3774
6  40.200000000000003  3870
7  33.600000000000001  4025
1  42.899999999999999  3348
2  46.799999999999997  4063
3  50.899999999999999  4389
4  42.700000000000003  3644
5  45.200000000000003  4167
6  53.299999999999997  4399
7  36.0  3964
1  38.899999999999999  3436
2  45.600000000000001  3843
3  41.600000000000001  3988
4  45.200000000000003  3606
5  36.899999999999999  3588
6  42.5  4079
7  37.899999999999999  4066
1  44.399999999999999  3872
2  40.200000000000003  3660
3  47.799999999999997  4054
4  37.100000000000001  3947
5  40.299999999999997  3801
6  46.0  3865
7  35.5  4167
1  42.299999999999997  3540
2  41.200000000000003  3731
3  45.299999999999997  4062
4  33.399999999999999  3644
5  35.600000000000001  3838
6  46.5  4142
7  42.100000000000001  4055
1  46.0  3954
2  42.399999999999999  3825
3  37.399999999999999  4093
4  42.5  4165
5  45.600000000000001  3807
6  45.5  3778
7  31.199999999999999  3645
1  58.5  4266
2  46.700000000000003  4027
3  26.300000000000001  3288
4  38.399999999999999  3731
5  39.600000000000001  3758
6  42.799999999999997  4335
7  39.799999999999997  3779
1  35.700000000000003  3873
2  38.0  3633
3  44.200000000000003  3778
4  41.399999999999999  3776
5  34.700000000000003  3713
6  43.600000000000001  3790
7  38.0  4067
1  52.200000000000003  3838
2  43.5  3682
3  41.899999999999999  3772
4  34.5  3678
5  42.0  3821
6  36.399999999999999  3791
7  40.799999999999997  3956
1  51.799999999999997  3851
2  40.700000000000003  4066
3  38.799999999999997  3580
4  36.899999999999999  3468
5  39.299999999999997  3893
6  40.899999999999999  3942
7  38.200000000000003  4119
1  37.700000000000003  3670
2  40.299999999999997  3651
3  41.100000000000001  3874
4  47.399999999999999  4178
5  40.600000000000001  3785
6  36.899999999999999  3762
7  33.200000000000003  3834
1  51.799999999999997  3974
2  31.5  3561
3  45.0  4245
4  41.0  3969
5  36.799999999999997  4034
6  34.299999999999997  3794
7  40.0  3997
1  43.100000000000001  4097
2  38.899999999999999  3675
3  27.399999999999999  3682
4  39.700000000000003  3602
5  37.899999999999999  3904
6  39.0  3912
7  44.0  4187
1  39.899999999999999  3784
2  46.5  4035
3  42.299999999999997  3794
4  40.5  3871
5  33.0  3407
6  38.799999999999997  3938
7  37.5  3829
1  44.799999999999997  3907
2  42.399999999999999  3990
3  46.100000000000001  3716
4  37.899999999999999  3868
5  29.199999999999999  3393
6  40.0  4252
7  52.799999999999997  4324
1  51.600000000000001  4247
2  45.200000000000003  3884
3  45.899999999999999  3848
4  42.700000000000003  4034
5  38.100000000000001  3835
6  35.399999999999999  3804
7  39.5  3816
1  54.200000000000003  3688
2  44.5  3944
3  40.100000000000001  3897
4  47.700000000000003  4140
5  40.799999999999997  4053
6  40.299999999999997  4010
7  46.5  4088
1  48.200000000000003  3648
2  46.299999999999997  3900
3  42.200000000000003  3897
4  53.799999999999997  4162
5  36.700000000000003  3582
6  40.200000000000003  3464
7  40.799999999999997  3864
1  47.0  4122
2  47.100000000000001  4077
3  44.399999999999999  4051
4  42.700000000000003  3733
5  35.700000000000003  3516
6  47.399999999999999  4384
7  37.799999999999997  3672
1  43.399999999999999  3796
2  39.299999999999997  3809
3  35.899999999999999  3947
4  46.899999999999999  4086
5  42.0  3956
6  39.5  3987
7  37.799999999999997  3897
1  48.299999999999997  3802
2  43.5  3861
3  47.700000000000003  4043
4  43.200000000000003  3926
5  42.600000000000001  4011
6  44.799999999999997  4138
7  44.600000000000001  4117
1  52.799999999999997  4204
2  44.299999999999997  3793
3  45.100000000000001  4003
4  44.5  4107
5  42.899999999999999  4259
6  32.799999999999997  3788
7  32.899999999999999  3742
1  38.600000000000001  3618
2  53.299999999999997  4154
3  33.700000000000003  3447
4  47.0  4005
5  46.399999999999999  4067
6  36.700000000000003  4145
7  40.799999999999997  4169
1  47.299999999999997  3955
2  37.100000000000001  3650
3  48.100000000000001  3687
4  33.600000000000001  3886
5  38.5  3870
6  48.399999999999999  3913
7  40.100000000000001  4042
1  48.299999999999997  3880
2  44.700000000000003  3816
3  43.100000000000001  3689
4  38.200000000000003  3622
5  43.600000000000001  3947
6  42.100000000000001  4134
7  35.899999999999999  3813
1  39.899999999999999  3786
2  37.100000000000001  3493
3  38.899999999999999  3485
4  35.299999999999997  3912
5  49.299999999999997  4245
6  35.700000000000003  3608
7  41.899999999999999  4323
1  38.700000000000003  3904
2  42.299999999999997  3679
3  33.700000000000003  3599
4  37.799999999999997  3734
5  40.899999999999999  3848
6  43.799999999999997  4164
7  36.200000000000003  4026
1  38.700000000000003  3588
2  46.100000000000001  4227
3  39.5  3730
4  53.600000000000001  4501
5  47.100000000000001  3839
6  36.899999999999999  4001
7  43.799999999999997  4396
1  43.600000000000001  4022
2  41.700000000000003  3575
3  40.200000000000003  3682
4  45.299999999999997  3936
5  33.600000000000001  3567
6  36.899999999999999  3625
7  40.899999999999999  4149
1  40.799999999999997  3776
2  45.5  3752
3  41.100000000000001  3276
4  30.100000000000001  3576
5  37.899999999999999  3464
6  40.0  4027
7  35.600000000000001  3586
1  37.200000000000003  3877
2  37.899999999999999  3983
3  44.299999999999997  3839
4  42.799999999999997  3665
5  41.600000000000001  3992
6  35.700000000000003  3550
7  42.0  3945
1  36.700000000000003  3425
2  34.299999999999997  3447
3  37.899999999999999  3713
4  40.200000000000003  4103
5  36.700000000000003  3892
6  37.600000000000001  3809
7  33.700000000000003  4101
1  28.600000000000001  3360
2  48.899999999999999  4475
3  37.200000000000003  3546
4  33.700000000000003  3641
5  38.100000000000001  3573
6  35.700000000000003  4031
7  43.899999999999999  4172
1  14.4  2428
2  43.5  3889
3  43.799999999999997  3811
4  37.0  3178
5  44.700000000000003  4014
6  36.100000000000001  3944
7  41.899999999999999  4006
1  45.5  3840
2  46.100000000000001  3909
3  44.600000000000001  4058
4  50.399999999999999  4046
5  43.799999999999997  4030
6  28.399999999999999  3205
7  32.200000000000003  3844
1  45.799999999999997  3997
2  41.5  3783
3  49.0  4054
4  39.600000000000001  3851
5  40.899999999999999  3729
6  38.299999999999997  4031
7  41.600000000000001  4259
1  50.100000000000001  4153
2  30.600000000000001  3384
3  44.0  4015
4  37.700000000000003  3836
5  33.299999999999997  3353
6  37.600000000000001  3648
7  35.799999999999997  3904
1  51.299999999999997  4201
2  48.100000000000001  4052
3  42.799999999999997  3758
4  38.399999999999999  3404
5  43.799999999999997  3921
6  45.799999999999997  4204
7  41.5  4053
1  61.5  4365
2  45.899999999999999  3773
3  32.600000000000001  3280
4  40.100000000000001  3810
5  43.299999999999997  3724
6  31.100000000000001  3558
7  35.0  3669
1  46.0  3740
2  47.700000000000003  3979
3  42.899999999999999  3804
4  46.600000000000001  4006
5  39.399999999999999  3951
6  40.700000000000003  3595
7  49.799999999999997  4139
1  42.200000000000003  3967
2  48.100000000000001  3877
3  38.5  3542
4  37.5  3591
5  36.600000000000001  3767
6  30.899999999999999  3372
7  34.600000000000001  3942
1  37.5  3813
2  51.0  4034
3  46.100000000000001  3987
4  44.600000000000001  3498
5  45.700000000000003  4036
6  36.399999999999999  3838
7  27.5  3455
1  54.200000000000003  4191
2  38.600000000000001  3576
3  47.399999999999999  3791
4  41.799999999999997  3879
5  35.100000000000001  3750
6  40.100000000000001  4008
7  41.399999999999999  3731
1  47.5  3996
2  45.5  3721
3  46.5  4006
4  48.100000000000001  4216
5  40.899999999999999  4183
6  42.100000000000001  4333
7  39.700000000000003  3877
1  54.799999999999997  4154
2  45.399999999999999  3676
3  41.700000000000003  3888
4  43.5  3943
5  40.5  4122
6  41.200000000000003  3926
7  46.600000000000001  4080
1  40.100000000000001  3619
2  44.700000000000003  4176
3  53.299999999999997  4148
4  54.600000000000001  4211
5  35.799999999999997  4094
6  40.5  3570
7  38.899999999999999  4090
1  39.5  3735
2  45.899999999999999  3980
3  39.200000000000003  3483
4  40.0  3872
5  40.600000000000001  4040
6  44.799999999999997  3847
7  38.299999999999997  4097
1  42.700000000000003  3864
2  33.299999999999997  3900
3  36.700000000000003  3540
4  39.700000000000003  4019
5  34.399999999999999  3564
6  44.5  4223
7  40.200000000000003  4021
1  53.399999999999999  4149
2  39.0  3550
3  36.700000000000003  3531
4  35.200000000000003  3814
5  35.700000000000003  3833
6  42.399999999999999  4213
7  45.899999999999999  4151
1  45.5  4095
2  47.399999999999999  3847
3  35.5  3469
4  43.399999999999999  3791
5  36.399999999999999  3970
6  44.600000000000001  4228
7  32.399999999999999  3806
1  53.399999999999999  4172
2  46.799999999999997  3864
3  45.799999999999997  4090
4  40.899999999999999  3574
5  47.0  4190
6  46.899999999999999  3991
7  46.399999999999999  4384
1  50.200000000000003  4075
2  49.100000000000001  4027
3  45.0  3898
4  50.700000000000003  3621
5  23.300000000000001  3048
6  27.199999999999999  3438
7  42.899999999999999  4115
1  39.600000000000001  3560
2  45.899999999999999  3778
3  46.200000000000003  4105
4  48.600000000000001  4102
5  40.100000000000001  3859
6  33.600000000000001  3822
7  44.700000000000003  4088
1  58.5  4261
2  50.399999999999999  4105
3  32.399999999999999  3335
4  46.299999999999997  3752
5  38.799999999999997  3865
6  32.0  3728
7  35.899999999999999  4054
1  37.600000000000001  3254
2  37.600000000000001  3533
3  36.799999999999997  3745
4  42.399999999999999  3883
5  50.200000000000003  4044
6  40.600000000000001  4013
7  46.700000000000003  4262
1  50.899999999999999  3907
2  36.700000000000003  3515
3  34.5  3494
4  35.600000000000001  3557
5  38.0  4017
6  36.0  4061
7  40.600000000000001  3906
