1  25.0  479.0
1  43.0  193.0
1  27.0  407.0
1  44.0  469.0
1  32.0  368.0
1  54.0  412.0
1  26.0  505.0
1  62.0  339.0
1  50.0  212.0
1  46.0  410.0
1  44.0  549.0
1  65.0  227.0
1  71.0  317.0
1  76.0  345.0
1  42.0  400.0
1  73.0  330.0
1  43.0  396.0
1  78.0  284.0
1  52.0  418.0
1  61.0  438.0
1  77.0  308.0
1  28.0  442.0
1  44.0  367.0
1  38.0  480.0
1  52.0  402.0
1  59.0  469.0
1  57.0  437.0
1  48.0  364.0
1  57.0  399.0
1  61.0  347.0
1  48.0  333.0
1  89.0  261.0
1  79.0  288.0
1  28.0  481.0
1  59.0  317.0
1  54.0  466.0
1  49.0  578.0
1  75.0  331.0
1  76.0  304.0
1  68.0  342.0
1  50.0  539.0
1  56.0  250.0
1  60.0  379.0
1  52.0  193.0
1  38.0  366.0
1  48.0  403.0
1  52.0  362.0
1  57.0  371.0
1  6.0  224.0
1  64.0  333.0
1  43.0  524.0
1  71.0  308.0
1  52.0  412.0
1  33.0  250.0
1  31.0  483.0
1  43.0  395.0
1  52.0  375.0
1  59.0  360.0
1  49.0  525.0
1  46.0  398.0
1  78.0  310.0
1  57.0  360.0
1  36.0  447.0
1  42.0  421.0
1  46.0  457.0
1  59.0  348.0
1  83.0  175.0
1  58.0  338.0
1  79.0  312.0
1  43.0  486.0
1  84.0  214.0
1  37.0  474.0
1  78.0  345.0
1  49.0  181.0
1  77.0  324.0
1  46.0  423.0
1  63.0  357.0
1  75.0  234.0
1  50.0  378.0
1  68.0  424.0
1  35.0  574.0
1  54.0  337.0
1  57.0  373.0
1  54.0  302.0
1  51.0  385.0
1  56.0  351.0
1  45.0  397.0
1  45.0  449.0
1  50.0  295.0
1  64.0  219.0
1  50.0  431.0
1  66.0  372.0
1  64.0  406.0
1  65.0  382.0
1  32.0  410.0
1  61.0  366.0
1  52.0  346.0
1  50.0  450.0
1  47.0  432.0
1  37.0  294.0
2  46.0  375.0
2  65.0  335.0
2  48.0  358.0
2  51.0  334.0
2  58.0  346.0
2  68.0  219.0
2  68.0  348.0
2  53.0  350.0
2  30.0  343.0
2  54.0  329.0
2  58.0  330.0
2  38.0  471.0
2  86.0  308.0
2  34.0  331.0
2  35.0  332.0
2  61.0  306.0
2  65.0  372.0
2  58.0  373.0
2  30.0  371.0
2  52.0  379.0
2  19.0  285.0
2  41.0  499.0
2  61.0  323.0
2  57.0  241.0
2  24.0  233.0
2  43.0  317.0
2  40.0  455.0
2  63.0  333.0
2  57.0  182.0
2  59.0  400.0
2  70.0  386.0
2  40.0  219.0
2  58.0  314.0
2  28.0  558.0
2  76.0  390.0
2  40.0  524.0
2  52.0  506.0
2  44.0  461.0
2  37.0  307.0
2  63.0  368.0
2  50.0  296.0
2  25.0  371.0
2  71.0  380.0
2  40.0  346.0
2  49.0  371.0
2  72.0  388.0
2  40.0  396.0
2  41.0  510.0
2  35.0  492.0
2  53.0  368.0
2  48.0  478.0
2  64.0  342.0
2  56.0  401.0
2  57.0  399.0
2  56.0  300.0
2  60.0  409.0
2  61.0  339.0
2  64.0  296.0
2  40.0  431.0
2  66.0  316.0
2  53.0  203.0
2  46.0  428.0
2  40.0  260.0
2  58.0  483.0
2  23.0  438.0
2  31.0  541.0
2  38.0  428.0
2  53.0  377.0
2  79.0  368.0
2  54.0  403.0
2  57.0  263.0
2  57.0  299.0
2  50.0  331.0
2  65.0  456.0
2  60.0  286.0
2  54.0  454.0
2  41.0  410.0
2  60.0  441.0
2  69.0  332.0
2  78.0  308.0
2  73.0  293.0
2  61.0  291.0
2  46.0  369.0
2  63.0  363.0
2  64.0  414.0
2  70.0  377.0
2  47.0  625.0
2  61.0  345.0
2  36.0  389.0
2  63.0  393.0
2  80.0  295.0
2  61.0  389.0
2  24.0  313.0
2  19.0  354.0
2  29.0  396.0
2  26.0  95.0
2  80.0  363.0
2  21.0  578.0
2  74.0  282.0
2  47.0  315.0
3  72.0  336.0
3  24.0  382.0
3  45.0  447.0
3  28.0  205.0
3  58.0  223.0
3  23.0  81.0
3  18.0  519.0
3  43.0  305.0
3  38.0  365.0
3  79.0  241.0
3  4.0  389.0
3  37.0  281.0
3  32.0  203.0
3  40.0  397.0
3  33.0  378.0
3  61.0  379.0
3  43.0  388.0
3  38.0  204.0
3  68.0  435.0
3  59.0  330.0
3  39.0  256.0
3  27.0  204.0
3  19.0  449.0
3  54.0  502.0
3  17.0  177.0
3  33.0  470.0
3  26.0  200.0
3  68.0  297.0
3  37.0  320.0
3  44.0  347.0
3  31.0  254.0
3  40.0  334.0
3  60.0  286.0
3  60.0  437.0
3  30.0  414.0
3  67.0  373.0
3  39.0  351.0
3  61.0  362.0
3  34.0  389.0
3  64.0  308.0
3  53.0  223.0
3  68.0  334.0
3  32.0  593.0
3  63.0  306.0
3  58.0  306.0
3  46.0  295.0
3  43.0  179.0
3  47.0  268.0
3  55.0  392.0
3  65.0  446.0
3  49.0  368.0
3  87.0  333.0
3  50.0  372.0
3  26.0  213.0
3  55.0  429.0
3  51.0  333.0
3  57.0  411.0
3  41.0  271.0
3  51.0  316.0
3  51.0  471.0
3  26.0  613.0
3  60.0  365.0
3  44.0  288.0
3  37.0  288.0
3  51.0  720.0
3  40.0  498.0
3  53.0  347.0
3  19.0  361.0
3  18.0  247.0
3  22.0  270.0
3  80.0  370.0
3  83.0  236.0
3  44.0  309.0
3  35.0  605.0
3  40.0  302.0
3  69.0  359.0
3  52.0  221.0
3  57.0  258.0
3  60.0  354.0
3  36.0  230.0
3  41.0  407.0
3  7.0  594.0
3  63.0  375.0
3  44.0  232.0
3  29.0  150.0
3  60.0  348.0
3  31.0  377.0
3  15.0  442.0
3  54.0  451.0
3  61.0  322.0
3  61.0  355.0
3  76.0  305.0
3  63.0  396.0
3  41.0  283.0
3  46.0  325.0
3  40.0  161.0
3  41.0  357.0
3  39.0  229.0
3  66.0  340.0
3  53.0  386.0
4  57.0  252.0
4  34.0  469.0
4  48.0  380.0
4  61.0  432.0
4  43.0  249.0
4  58.0  416.0
4  36.0  352.0
4  86.0  282.0
4  54.0  341.0
4  49.0  295.0
4  55.0  354.0
4  35.0  430.0
4  53.0  369.0
4  27.0  283.0
4  35.0  488.0
4  31.0  406.0
4  70.0  343.0
4  43.0  211.0
4  61.0  352.0
4  56.0  300.0
4  74.0  319.0
4  41.0  363.0
4  54.0  349.0
4  39.0  272.0
4  62.0  259.0
4  43.0  342.0
4  48.0  408.0
4  38.0  387.0
4  57.0  272.0
4  63.0  304.0
4  68.0  287.0
4  35.0  393.0
4  51.0  343.0
4  44.0  356.0
4  35.0  364.0
4  6.0  466.0
4  62.0  345.0
4  64.0  357.0
4  53.0  422.0
4  50.0  367.0
4  65.0  339.0
4  12.0  166.0
4  29.0  387.0
4  53.0  248.0
4  60.0  230.0
4  34.0  314.0
4  27.0  395.0
4  32.0  271.0
4  59.0  255.0
4  38.0  316.0
4  50.0  252.0
4  15.0  279.0
4  71.0  350.0
4  40.0  222.0
4  10.0  374.0
4  25.0  261.0
4  60.0  205.0
4  36.0  262.0
4  30.0  329.0
4  45.0  304.0
4  59.0  487.0
4  39.0  332.0
4  76.0  415.0
4  61.0  358.0
4  62.0  275.0
4  37.0  288.0
4  57.0  498.0
4  26.0  286.0
4  65.0  264.0
4  40.0  420.0
4  53.0  425.0
4  19.0  335.0
4  49.0  225.0
4  49.0  452.0
4  53.0  322.0
4  5.0  307.0
4  69.0  249.0
4  38.0  296.0
4  34.0  383.0
4  49.0  296.0
4  31.0  560.0
4  64.0  259.0
4  50.0  349.0
4  59.0  358.0
4  59.0  312.0
4  45.0  284.0
4  59.0  307.0
4  44.0  168.0
4  96.0  231.0
4  54.0  429.0
4  59.0  377.0
4  23.0  243.0
4  46.0  427.0
4  55.0  350.0
4  66.0  291.0
4  52.0  320.0
4  10.0  231.0
4  42.0  440.0
4  57.0  385.0
4  40.0  490.0
5  24.0  428.0
5  40.0  272.0
5  46.0  388.0
5  41.0  365.0
5  28.0  239.0
5  61.0  405.0
5  50.0  394.0
5  31.0  292.0
5  73.0  317.0
5  43.0  254.0
5  62.0  302.0
5  71.0  277.0
5  21.0  541.0
5  56.0  322.0
5  56.0  530.0
5  47.0  268.0
5  25.0  304.0
5  45.0  355.0
5  68.0  172.0
5  31.0  192.0
5  26.0  324.0
5  74.0  230.0
5  51.0  331.0
5  67.0  381.0
5  47.0  400.0
5  55.0  243.0
5  45.0  368.0
5  64.0  324.0
5  26.0  219.0
5  16.0  332.0
5  44.0  591.0
5  56.0  376.0
5  31.0  316.0
5  45.0  226.0
5  52.0  413.0
5  28.0  259.0
5  56.0  464.0
5  65.0  241.0
5  44.0  355.0
5  28.0  238.0
5  35.0  321.0
5  32.0  347.0
5  58.0  334.0
5  52.0  258.0
5  27.0  336.0
5  47.0  289.0
5  40.0  406.0
5  53.0  282.0
5  30.0  388.0
5  58.0  354.0
5  42.0  510.0
5  73.0  345.0
5  57.0  342.0
5  60.0  216.0
5  46.0  445.0
5  53.0  382.0
5  47.0  269.0
5  44.0  343.0
5  48.0  433.0
5  53.0  359.0
5  20.0  485.0
5  36.0  256.0
5  38.0  458.0
5  23.0  459.0
5  62.0  397.0
5  61.0  231.0
5  40.0  404.0
5  61.0  262.0
5  39.0  240.0
5  18.0  202.0
5  34.0  301.0
5  48.0  412.0
5  21.0  412.0
5  59.0  322.0
5  79.0  296.0
5  67.0  461.0
5  59.0  324.0
5  84.0  293.0
5  58.0  323.0
5  53.0  293.0
5  42.0  314.0
5  33.0  284.0
5  89.0  254.0
5  31.0  404.0
5  32.0  269.0
5  52.0  352.0
5  64.0  218.0
5  53.0  404.0
5  23.0  323.0
5  85.0  307.0
5  55.0  313.0
5  34.0  415.0
5  29.0  468.0
5  45.0  476.0
5  44.0  321.0
5  12.0  321.0
5  34.0  359.0
5  41.0  345.0
5  50.0  275.0
5  40.0  218.0
