1  60.0  377
2  74.5  219
3  62.0  405
4  85.75  346
5  88.799999999999997  405
6  70.833333333333329  772
7  80.714285714285708  620
8  79.875  557
9  84.111111111111114  679
10  83.900000000000006  662
1  68.0  212
2  60.5  359
3  87.666666666666671  217
4  84.0  461
5  86.200000000000003  372
6  95.0  207
7  85.142857142857139  565
8  83.625  581
9  88.777777777777771  733
10  91.200000000000003  673
1  72.0  160
2  64.5  421
3  68.0  407
4  87.0  376
5  96.200000000000003  199
6  92.666666666666671  305
7  82.571428571428569  630
8  88.375  754
9  94.222222222222229  674
10  88.900000000000006  443
1  30.0  444
2  88.5  105
3  79.0  485
4  74.75  440
5  88.0  511
6  81.5  473
7  88.0  498
8  90.375  428
9  87.555555555555557  449
10  87.0  660
1  43.0  315
2  80.0  247
3  71.333333333333329  267
4  77.0  306
5  82.799999999999997  428
6  91.833333333333329  159
7  81.857142857142861  591
8  81.875  755
9  90.444444444444443  722
10  92.799999999999997  573
1  35.0  449
2  52.0  526
3  86.333333333333329  148
4  92.75  235
5  76.400000000000006  561
6  94.666666666666671  204
7  89.142857142857139  238
8  77.25  615
9  80.888888888888886  898
10  85.700000000000003  684
1  66.0  246
2  71.5  138
3  74.666666666666671  390
4  79.0  609
5  95.799999999999997  235
6  90.333333333333329  375
7  80.428571428571431  482
8  80.875  644
9  85.222222222222229  677
10  91.099999999999994  656
1  84.0  228
2  60.0  360
4  87.0  405
5  77.599999999999994  522
6  87.166666666666671  449
7  77.714285714285708  532
8  83.375  645
9  89.222222222222229  557
10  84.700000000000003  556
1  64.0  274
2  67.0  306
3  78.333333333333329  405
4  56.0  901
5  84.799999999999997  377
6  88.166666666666671  479
7  79.142857142857139  719
8  83.0  697
9  87.111111111111114  475
10  85.0  563
1  35.0  374
2  61.0  449
3  84.0  437
4  79.25  298
5  83.0  364
6  84.5  678
7  84.0  538
8  91.25  710
9  87.444444444444443  556
10  84.200000000000003  686
1  67.0  208
2  82.0  351
3  74.0  505
4  77.75  378
5  74.799999999999997  571
6  79.5  434
7  85.142857142857139  578
8  80.5  642
9  86.333333333333329  594
10  89.099999999999994  789
1  70.0  294
2  71.5  405
3  82.333333333333329  292
4  86.25  425
5  86.799999999999997  377
6  87.666666666666671  532
7  89.0  442
8  89.25  460
9  80.777777777777771  519
10  85.599999999999994  684
1  35.0  290
2  62.5  372
3  73.666666666666671  365
4  81.0  467
5  79.599999999999994  312
6  92.5  355
7  75.571428571428569  658
8  83.125  707
9  81.888888888888886  764
10  86.099999999999994  782
1  26.0  346
2  70.0  445
3  98.0  33
4  67.0  539
5  80.799999999999997  470
6  80.666666666666671  499
7  89.142857142857139  460
8  85.375  713
9  83.333333333333329  695
10  87.599999999999994  545
1  55.0  379
2  62.5  389
3  84.333333333333329  489
4  79.5  443
5  88.200000000000003  302
6  90.833333333333329  294
7  82.285714285714292  566
8  89.25  470
9  82.777777777777771  582
10  80.200000000000003  779
1  74.0  172
2  64.5  447
3  88.666666666666671  268
4  85.25  416
5  74.599999999999994  627
6  78.0  637
7  82.428571428571431  542
8  92.375  378
9  80.888888888888886  523
10  88.5  477
1  41.0  409
2  87.5  187
3  67.333333333333329  539
4  90.25  105
5  77.0  569
6  77.5  542
7  95.571428571428569  303
8  89.25  484
9  79.333333333333329  655
10  87.599999999999994  574
1  64.0  166
2  88.0  291
3  81.666666666666671  355
4  84.0  243
5  86.200000000000003  513
6  90.333333333333329  262
7  89.0  608
8  89.375  405
9  83.777777777777771  781
10  88.599999999999994  627
1  45.0  220
2  66.5  382
3  81.666666666666671  383
4  70.75  436
5  77.200000000000003  379
6  91.166666666666671  415
7  85.714285714285708  533
8  83.125  709
9  82.111111111111114  724
10  78.5  657
1  67.0  246
2  93.5  87
3  75.333333333333329  415
4  80.0  273
5  81.799999999999997  562
6  88.0  493
7  94.571428571428569  230
8  92.375  514
9  88.333333333333329  716
10  80.799999999999997  562
1  45.0  492
2  81.5  188
3  86.666666666666671  219
4  90.25  252
5  83.200000000000003  549
6  82.833333333333329  539
7  88.571428571428569  603
8  86.875  562
9  85.111111111111114  554
10  88.299999999999997  585
1  56.0  312
2  86.5  245
3  68.333333333333329  404
4  79.75  515
5  82.599999999999994  380
6  89.666666666666671  395
7  78.142857142857139  666
8  85.375  502
9  86.666666666666671  638
10  88.0  826
1  41.0  372
2  70.5  303
3  82.333333333333329  365
4  77.5  367
5  82.200000000000003  514
6  86.5  346
7  84.571428571428569  540
8  90.5  382
9  86.888888888888886  767
10  84.700000000000003  866
1  75.0  128
2  73.5  364
3  67.0  461
4  87.75  199
5  78.599999999999994  507
6  69.333333333333329  527
7  92.571428571428569  504
8  84.25  696
9  84.111111111111114  766
10  87.5  606
1  41.0  302
2  65.5  324
3  92.666666666666671  164
4  73.5  532
5  84.200000000000003  425
6  68.166666666666671  597
7  91.571428571428569  488
8  91.875  521
9  87.777777777777771  628
10  87.200000000000003  570
1  90.0  78
2  63.5  306
3  82.0  274
4  89.25  206
5  89.799999999999997  477
6  83.833333333333329  551
7  81.285714285714292  666
8  75.75  841
9  91.333333333333329  464
10  90.400000000000006  845
1  74.0  271
2  65.0  309
3  86.0  159
4  82.5  494
5  78.799999999999997  634
6  85.833333333333329  507
7  89.857142857142861  543
8  88.5  559
9  81.888888888888886  728
10  84.5  702
1  59.0  380
2  64.5  318
3  91.666666666666671  145
4  86.25  417
5  84.0  370
6  89.666666666666671  267
7  90.857142857142861  560
8  90.375  386
9  93.111111111111114  434
10  83.900000000000006  764
1  76.0  67
2  75.5  220
3  65.0  630
4  96.0  101
5  91.599999999999994  306
6  88.333333333333329  378
7  78.142857142857139  774
8  84.25  694
9  85.555555555555557  810
10  86.5  406
1  53.0  334
2  85.0  190
3  66.666666666666671  335
4  82.0  405
5  83.0  378
6  85.5  438
7  91.0  678
8  89.0  548
9  89.444444444444443  369
10  88.599999999999994  542
1  42.0  421
2  64.0  339
3  84.333333333333329  489
4  96.25  72
5  95.400000000000006  210
6  76.666666666666671  478
7  89.285714285714292  253
8  91.625  500
9  86.333333333333329  742
10  92.099999999999994  690
1  85.0  219
2  77.5  233
3  61.666666666666664  501
4  91.25  343
5  94.200000000000003  384
6  81.166666666666671  467
7  89.571428571428569  599
8  89.625  540
9  79.888888888888886  615
10  88.299999999999997  664
1  83.0  189
2  72.0  352
3  84.333333333333329  256
4  89.5  314
5  88.200000000000003  479
6  93.666666666666671  297
7  77.428571428571431  807
8  82.625  857
9  88.0  573
10  80.099999999999994  736
1  77.0  187
2  86.0  200
3  91.333333333333329  172
4  82.0  424
5  83.599999999999994  595
6  94.333333333333329  326
7  86.571428571428569  487
8  81.625  413
9  82.666666666666671  654
10  92.0  621
1  64.0  282
2  72.0  445
3  75.0  345
4  86.0  333
5  79.200000000000003  372
6  80.166666666666671  546
7  88.571428571428569  448
8  90.875  450
9  86.666666666666671  521
10  85.700000000000003  725
1  61.0  233
2  54.0  404
3  62.0  433
4  79.25  436
5  91.200000000000003  438
6  76.0  772
7  68.142857142857139  874
8  83.5  656
9  82.777777777777771  773
10  81.799999999999997  345
1  26.0  231
2  60.5  575
3  76.666666666666671  274
4  75.0  422
5  77.0  502
6  86.833333333333329  618
7  85.142857142857139  493
8  92.25  351
9  89.555555555555557  674
10  91.799999999999997  890
1  37.0  408
2  65.0  376
3  83.0  237
4  77.5  119
5  83.200000000000003  481
6  84.333333333333329  330
7  77.142857142857139  878
8  85.25  665
9  89.888888888888886  533
10  82.5  690
1  50.0  274
2  70.0  383
3  64.666666666666671  432
4  62.5  725
5  78.599999999999994  504
6  87.166666666666671  503
7  80.857142857142861  659
8  92.0  421
9  94.0  451
10  92.599999999999994  602
1  78.0  232
2  62.0  304
3  79.666666666666671  292
4  72.0  524
5  94.400000000000006  192
6  82.333333333333329  447
7  86.714285714285708  381
8  91.125  505
9  81.111111111111114  853
10  83.299999999999997  678
1  13.0  287
2  82.0  233
3  77.333333333333329  447
4  69.0  381
5  90.400000000000006  263
6  85.833333333333329  456
7  80.857142857142861  474
8  87.625  496
9  87.666666666666671  525
10  75.599999999999994  626
1  58.0  245
2  58.5  415
3  84.333333333333329  315
4  94.75  189
5  91.799999999999997  196
6  87.0  529
7  96.142857142857139  328
8  81.625  515
9  91.555555555555557  431
10  82.099999999999994  749
1  91.0  90
2  62.5  450
3  61.333333333333336  378
4  76.25  491
5  86.0  427
6  85.833333333333329  491
7  93.0  214
8  88.375  474
9  90.666666666666671  509
10  80.799999999999997  686
1  51.0  326
2  67.0  375
3  71.333333333333329  286
4  91.25  313
5  77.599999999999994  404
6  83.833333333333329  609
7  85.714285714285708  534
8  91.0  332
9  86.111111111111114  684
10  88.900000000000006  736
1  28.0  419
2  55.5  332
3  81.333333333333329  334
4  81.0  408
5  79.400000000000006  505
6  77.333333333333329  557
7  78.714285714285708  610
8  96.25  296
9  85.444444444444443  484
10  87.099999999999994  827
1  72.0  312
2  78.0  243
3  87.333333333333329  208
4  82.5  421
5  91.0  311
6  91.5  427
7  84.142857142857139  694
8  95.875  401
9  97.555555555555557  304
10  88.599999999999994  665
1  36.0  404
2  81.5  204
3  73.666666666666671  326
4  71.5  415
5  77.400000000000006  381
6  82.0  455
7  79.857142857142861  521
8  90.625  586
9  82.444444444444443  509
10  86.5  662
1  52.0  297
2  57.5  336
3  97.333333333333329  145
4  79.75  319
5  93.599999999999994  118
6  83.666666666666671  627
7  79.428571428571431  699
8  80.5  523
9  88.666666666666671  648
10  87.700000000000003  569
1  26.0  324
2  75.5  241
3  69.666666666666671  515
4  96.75  58
5  84.400000000000006  500
6  87.833333333333329  376
7  86.285714285714292  545
8  94.0  357
9  84.777777777777771  683
10  91.0  601
1  66.0  289
2  78.0  313
3  62.0  404
4  75.75  413
5  91.599999999999994  182
6  84.833333333333329  449
7  82.714285714285708  405
8  88.5  471
9  78.0  1004
10  85.200000000000003  616
