1  46.0  374.0
2  26.0  329.0
3  12.0  264.0
4  50.0  529.0
5  42.0  541.0
6  49.0  476.0
7  24.0  440.0
1  49.0  452.0
2  26.0  456.0
3  68.0  431.0
4  24.0  455.0
5  18.0  313.0
6  37.0  355.0
7  43.0  444.0
1  37.0  508.0
2  74.0  489.0
3  29.0  294.0
4  41.0  459.0
5  32.0  446.0
6  44.0  427.0
7  55.0  443.0
1  30.0  321.0
2  13.0  255.0
3  39.0  387.0
4  44.0  455.0
5  24.0  327.0
6  20.0  365.0
7  47.0  386.0
1  33.0  458.0
2  49.0  310.0
3  81.0  346.0
4  37.0  504.0
5  37.0  534.0
6  57.0  498.0
7  24.0  371.0
1  56.0  432.0
2  41.0  495.0
3  72.0  459.0
4  47.0  482.0
5  57.0  450.0
6  32.0  469.0
7  51.0  502.0
1  49.0  509.0
2  6.0  355.0
3  39.0  491.0
4  18.0  240.0
5  52.0  441.0
6  50.0  384.0
7  19.0  419.0
1  54.0  381.0
2  40.0  508.0
3  45.0  451.0
4  44.0  576.0
5  59.0  450.0
6  45.0  526.0
7  36.0  546.0
1  38.0  378.0
2  61.0  379.0
3  48.0  482.0
4  51.0  479.0
5  33.0  476.0
6  34.0  669.0
7  29.0  525.0
1  44.0  453.0
2  42.0  385.0
3  52.0  340.0
4  18.0  478.0
5  48.0  375.0
6  55.0  556.0
7  47.0  516.0
1  35.0  381.0
2  64.0  352.0
3  21.0  409.0
4  55.0  496.0
5  33.0  417.0
6  26.0  499.0
7  25.0  375.0
1  44.0  392.0
2  34.0  702.0
3  17.0  289.0
4  36.0  398.0
5  25.0  567.0
6  62.0  481.0
7  13.0  284.0
1  72.0  384.0
2  44.0  532.0
3  48.0  448.0
4  32.0  432.0
5  49.0  558.0
6  25.0  366.0
7  54.0  512.0
1  80.0  378.0
2  32.0  328.0
3  49.0  548.0
4  62.0  317.0
5  39.0  296.0
6  92.0  287.0
7  33.0  573.0
1  21.0  679.0
2  46.0  448.0
3  43.0  486.0
4  39.0  325.0
5  19.0  300.0
6  35.0  553.0
7  51.0  460.0
1  25.0  531.0
2  62.0  324.0
3  47.0  355.0
4  36.0  398.0
5  34.0  540.0
6  33.0  370.0
7  65.0  445.0
1  16.0  226.0
2  30.0  489.0
3  35.0  408.0
4  63.0  512.0
5  47.0  452.0
6  48.0  434.0
7  34.0  535.0
1  3.0  346.0
2  55.0  425.0
3  23.0  462.0
4  50.0  545.0
5  44.0  497.0
6  26.0  405.0
7  20.0  310.0
1  78.0  402.0
2  68.0  381.0
3  42.0  585.0
4  35.0  513.0
5  54.0  514.0
6  43.0  333.0
7  41.0  534.0
1  85.0  291.0
2  12.0  462.0
3  30.0  455.0
4  32.0  448.0
5  58.0  415.0
6  58.0  420.0
7  49.0  564.0
1  63.0  408.0
2  77.0  407.0
3  58.0  484.0
4  46.0  531.0
5  22.0  442.0
6  21.0  567.0
7  37.0  510.0
1  45.0  500.0
2  21.0  468.0
3  65.0  432.0
4  34.0  484.0
5  41.0  506.0
6  36.0  574.0
7  46.0  432.0
1  59.0  379.0
2  17.0  255.0
3  58.0  462.0
4  26.0  521.0
5  44.0  430.0
6  58.0  470.0
7  54.0  458.0
1  63.0  388.0
2  55.0  398.0
3  43.0  361.0
4  51.0  419.0
5  68.0  417.0
6  47.0  331.0
7  48.0  487.0
1  70.0  320.0
2  54.0  521.0
3  30.0  449.0
4  43.0  528.0
5  48.0  397.0
6  51.0  457.0
7  54.0  483.0
1  62.0  292.0
2  50.0  375.0
3  40.0  498.0
4  31.0  571.0
5  45.0  490.0
6  24.0  356.0
7  35.0  354.0
1  49.0  412.0
2  48.0  390.0
3  53.0  430.0
4  57.0  428.0
5  57.0  523.0
6  34.0  582.0
7  58.0  476.0
1  30.0  601.0
2  32.0  435.0
3  14.0  214.0
4  49.0  475.0
5  60.0  476.0
6  36.0  496.0
7  44.0  488.0
1  49.0  309.0
2  74.0  501.0
3  4.0  241.0
4  42.0  580.0
5  42.0  448.0
6  37.0  493.0
7  48.0  440.0
1  40.0  400.0
2  65.0  502.0
3  17.0  281.0
4  41.0  602.0
5  36.0  315.0
6  43.0  422.0
7  32.0  531.0
1  50.0  422.0
2  25.0  392.0
3  32.0  315.0
4  43.0  523.0
5  40.0  554.0
6  42.0  513.0
7  66.0  442.0
1  39.0  646.0
2  24.0  567.0
3  36.0  494.0
4  29.0  438.0
5  45.0  411.0
6  40.0  602.0
7  24.0  554.0
1  49.0  395.0
2  41.0  466.0
3  56.0  361.0
4  46.0  551.0
5  39.0  496.0
6  31.0  397.0
7  44.0  502.0
1  59.0  284.0
2  42.0  536.0
3  38.0  311.0
4  12.0  241.0
5  6.0  208.0
6  28.0  506.0
7  44.0  475.0
1  58.0  307.0
2  61.0  469.0
3  44.0  454.0
4  61.0  457.0
5  59.0  503.0
6  22.0  321.0
7  29.0  514.0
1  45.0  369.0
2  79.0  402.0
3  41.0  532.0
4  47.0  470.0
5  19.0  602.0
6  37.0  471.0
7  47.0  554.0
1  53.0  527.0
2  62.0  352.0
3  39.0  523.0
4  78.0  428.0
5  18.0  432.0
6  36.0  411.0
7  28.0  491.0
1  4.0  273.0
2  57.0  359.0
3  12.0  315.0
4  47.0  383.0
5  58.0  463.0
6  27.0  525.0
7  23.0  440.0
1  42.0  603.0
2  32.0  580.0
3  53.0  433.0
4  44.0  576.0
5  41.0  523.0
6  34.0  574.0
7  37.0  515.0
1  36.0  407.0
2  46.0  434.0
3  42.0  490.0
4  46.0  591.0
5  41.0  469.0
6  39.0  460.0
7  34.0  540.0
1  46.0  546.0
2  46.0  392.0
3  27.0  425.0
4  33.0  367.0
5  55.0  366.0
6  47.0  515.0
7  50.0  418.0
1  33.0  409.0
2  54.0  477.0
3  49.0  520.0
4  30.0  321.0
5  75.0  312.0
6  55.0  369.0
7  44.0  519.0
1  25.0  265.0
2  63.0  404.0
3  49.0  491.0
4  48.0  425.0
5  30.0  482.0
6  29.0  337.0
7  37.0  573.0
1  57.0  345.0
2  27.0  402.0
3  57.0  577.0
4  22.0  336.0
5  55.0  501.0
6  47.0  474.0
7  48.0  504.0
1  15.0  115.0
2  60.0  376.0
3  39.0  464.0
4  30.0  484.0
5  59.0  432.0
6  38.0  574.0
7  40.0  622.0
1  23.0  490.0
2  48.0  267.0
3  32.0  373.0
4  47.0  503.0
5  60.0  287.0
6  47.0  468.0
7  56.0  605.0
1  9.0  392.0
2  29.0  475.0
3  24.0  441.0
4  28.0  509.0
5  43.0  369.0
6  39.0  317.0
7  29.0  465.0
1  40.0  474.0
2  50.0  582.0
3  55.0  451.0
4  51.0  474.0
5  46.0  503.0
6  27.0  531.0
7  45.0  441.0
1  26.0  286.0
2  58.0  388.0
3  55.0  527.0
4  69.0  422.0
5  29.0  358.0
6  42.0  500.0
7  32.0  570.0
1  43.0  437.0
2  38.0  529.0
3  55.0  621.0
4  41.0  400.0
5  37.0  381.0
6  12.0  533.0
7  29.0  542.0
1  39.0  457.0
2  33.0  343.0
3  17.0  396.0
4  13.0  512.0
5  39.0  410.0
6  43.0  564.0
7  49.0  529.0
1  28.0  443.0
2  35.0  631.0
3  46.0  546.0
4  13.0  305.0
5  31.0  534.0
6  31.0  373.0
7  24.0  426.0
1  35.0  479.0
2  49.0  517.0
3  23.0  222.0
4  46.0  429.0
5  50.0  497.0
6  15.0  382.0
7  43.0  358.0
1  53.0  439.0
2  52.0  478.0
3  70.0  405.0
4  41.0  366.0
5  42.0  478.0
6  57.0  395.0
7  29.0  527.0
1  66.0  446.0
2  23.0  363.0
3  56.0  454.0
4  28.0  495.0
5  32.0  373.0
6  31.0  438.0
7  46.0  543.0
1  51.0  410.0
2  46.0  456.0
3  13.0  279.0
4  57.0  438.0
5  33.0  454.0
6  33.0  355.0
7  29.0  382.0
1  14.0  557.0
2  26.0  352.0
3  57.0  524.0
4  44.0  533.0
5  54.0  419.0
6  36.0  459.0
7  38.0  526.0
1  41.0  380.0
2  61.0  534.0
3  40.0  438.0
4  36.0  509.0
5  45.0  415.0
6  30.0  530.0
7  60.0  439.0
1  49.0  358.0
2  59.0  435.0
3  18.0  276.0
4  40.0  255.0
5  47.0  491.0
6  50.0  443.0
7  55.0  550.0
1  36.0  346.0
2  76.0  386.0
3  64.0  498.0
4  42.0  488.0
5  46.0  419.0
6  57.0  441.0
7  22.0  644.0
1  72.0  346.0
2  54.0  290.0
3  28.0  275.0
4  52.0  249.0
5  34.0  276.0
6  60.0  349.0
7  25.0  303.0
1  64.0  506.0
2  33.0  530.0
3  24.0  420.0
4  59.0  481.0
5  53.0  448.0
6  24.0  449.0
7  21.0  312.0
1  18.0  252.0
2  55.0  452.0
3  44.0  504.0
4  52.0  555.0
5  38.0  495.0
6  33.0  416.0
7  31.0  608.0
1  64.0  496.0
2  48.0  437.0
3  16.0  462.0
4  34.0  363.0
5  72.0  398.0
6  16.0  521.0
7  39.0  453.0
1  49.0  644.0
2  57.0  473.0
3  25.0  553.0
4  58.0  367.0
5  35.0  468.0
6  38.0  431.0
7  26.0  451.0
1  47.0  398.0
2  69.0  385.0
3  9.0  361.0
4  32.0  480.0
5  30.0  464.0
6  27.0  380.0
7  31.0  285.0
1  50.0  514.0
2  66.0  388.0
3  44.0  452.0
4  80.0  402.0
5  52.0  325.0
6  39.0  578.0
7  21.0  397.0
1  68.0  338.0
2  51.0  398.0
3  46.0  387.0
4  61.0  438.0
5  47.0  429.0
6  32.0  636.0
7  34.0  547.0
1  82.0  328.0
2  70.0  398.0
3  34.0  461.0
4  58.0  450.0
5  58.0  393.0
6  35.0  496.0
7  57.0  408.0
1  32.0  590.0
2  4.0  250.0
3  21.0  480.0
4  44.0  527.0
5  29.0  551.0
6  36.0  573.0
7  47.0  470.0
1  41.0  535.0
2  50.0  464.0
3  69.0  374.0
4  15.0  346.0
5  35.0  567.0
6  44.0  432.0
7  40.0  564.0
1  44.0  450.0
2  3.0  501.0
3  37.0  348.0
4  71.0  417.0
5  54.0  470.0
6  59.0  444.0
7  42.0  558.0
1  32.0  506.0
2  27.0  320.0
3  61.0  483.0
4  40.0  433.0
5  29.0  459.0
6  37.0  575.0
7  34.0  470.0
1  65.0  507.0
2  72.0  373.0
3  41.0  383.0
4  43.0  432.0
5  48.0  462.0
6  14.0  415.0
7  28.0  540.0
1  20.0  407.0
2  61.0  370.0
3  51.0  502.0
4  55.0  352.0
5  49.0  404.0
6  3.0  339.0
7  73.0  391.0
1  80.0  393.0
2  25.0  425.0
3  27.0  318.0
4  18.0  307.0
5  43.0  418.0
6  26.0  534.0
7  24.0  451.0
1  27.0  340.0
2  25.0  550.0
3  52.0  396.0
4  38.0  450.0
5  18.0  347.0
6  53.0  440.0
7  38.0  504.0
1  39.0  393.0
2  21.0  488.0
3  30.0  463.0
4  54.0  529.0
5  27.0  517.0
6  41.0  505.0
7  44.0  509.0
1  50.0  506.0
2  39.0  518.0
3  51.0  483.0
4  27.0  467.0
5  50.0  622.0
6  46.0  637.0
7  15.0  469.0
1  35.0  471.0
2  21.0  462.0
3  57.0  382.0
4  42.0  415.0
5  31.0  525.0
6  26.0  402.0
7  71.0  389.0
1  72.0  296.0
2  41.0  399.0
3  47.0  514.0
4  19.0  401.0
5  64.0  397.0
6  41.0  446.0
7  47.0  444.0
1  76.0  412.0
2  59.0  548.0
3  59.0  404.0
4  24.0  468.0
5  28.0  376.0
6  33.0  554.0
7  38.0  607.0
1  32.0  495.0
2  19.0  369.0
3  39.0  561.0
4  59.0  419.0
5  37.0  527.0
6  40.0  446.0
7  14.0  376.0
1  55.0  563.0
2  35.0  296.0
3  24.0  403.0
4  18.0  344.0
5  42.0  500.0
6  30.0  577.0
7  43.0  446.0
1  63.0  434.0
2  26.0  517.0
3  33.0  275.0
4  37.0  448.0
5  53.0  431.0
6  16.0  390.0
7  26.0  400.0
1  28.0  307.0
2  20.0  492.0
3  53.0  476.0
4  21.0  336.0
5  42.0  478.0
6  25.0  344.0
7  21.0  408.0
1  32.0  431.0
2  29.0  339.0
3  41.0  338.0
4  19.0  438.0
5  30.0  306.0
6  23.0  554.0
7  19.0  318.0
1  36.0  428.0
2  55.0  438.0
3  14.0  413.0
4  38.0  513.0
5  29.0  512.0
6  29.0  401.0
7  18.0  322.0
1  39.0  360.0
2  63.0  473.0
3  36.0  424.0
4  61.0  468.0
5  9.0  313.0
6  31.0  437.0
7  26.0  372.0
1  42.0  602.0
2  46.0  361.0
3  33.0  356.0
4  37.0  531.0
5  33.0  476.0
6  67.0  466.0
7  26.0  464.0
1  51.0  276.0
2  19.0  287.0
3  41.0  325.0
4  49.0  458.0
5  34.0  494.0
6  27.0  588.0
7  38.0  638.0
1  40.0  694.0
2  47.0  399.0
3  23.0  353.0
4  13.0  305.0
5  64.0  431.0
6  41.0  481.0
7  52.0  493.0
1  21.0  786.0
2  45.0  402.0
3  48.0  441.0
4  37.0  499.0
5  32.0  336.0
6  14.0  521.0
7  15.0  431.0
1  43.0  383.0
2  23.0  272.0
3  55.0  460.0
4  62.0  389.0
5  57.0  451.0
6  13.0  353.0
7  27.0  375.0
1  38.0  386.0
2  72.0  365.0
3  29.0  498.0
4  45.0  520.0
5  16.0  376.0
6  22.0  397.0
7  22.0  502.0
1  56.0  422.0
2  21.0  395.0
3  38.0  398.0
4  45.0  474.0
5  35.0  526.0
6  20.0  456.0
7  30.0  452.0
1  28.0  334.0
2  46.0  395.0
3  70.0  375.0
4  51.0  418.0
5  70.0  456.0
6  39.0  539.0
7  35.0  700.0
1  26.0  600.0
2  51.0  582.0
3  25.0  308.0
4  50.0  507.0
5  15.0  415.0
6  20.0  479.0
7  19.0  482.0
1  92.0  281.0
2  30.0  485.0
3  44.0  422.0
4  27.0  564.0
5  44.0  510.0
6  61.0  494.0
7  37.0  465.0
1  47.0  510.0
2  57.0  508.0
3  79.0  368.0
4  49.0  499.0
5  61.0  503.0
6  24.0  500.0
7  50.0  395.0
