  0   23.650000   0     7707.150000
  1   44.850000   1     5647.350000
  2   41.500000   2     5953.900000
  3   54.000000   3     4736.450000
  4   43.800000   4     5720.900000
  5   48.900000   5     5209.100000
  6   61.750000   6     3945.200000
  7   64.850000   7     3613.100000
  8   70.250000   8     3071.950000
  9   71.650000   9     2931.050000
 10   68.800000  10     3216.550000
 11   71.550000  11     2933.700000
 12   77.350000  12     2342.700000
 13   80.700000  13     1998.700000
 14   70.450000  14     3024.450000
 15   75.700000  15     2508.750000
 16   75.750000  16     2489.750000
 17   79.700000  17     2088.050000
 18   87.100000  18     1315.300000
 19   79.900000  19     2066.500000
 20   79.900000  20     2057.800000
