0  2  16.0  8450.0
0  2  35.0  6605.0
0  2  10.0  9030.0
0  2  11.0  8935.0
0  2  0.0  10000.0
0  2  20.0  8060.0
0  2  51.0  5058.0
0  2  46.0  5540.0
0  2  17.0  8351.0
0  2  54.0  4766.0
0  2  45.0  5636.0
0  2  5.0  9515.0
0  2  0.0  10000.0
0  2  0.0  10000.0
0  2  6.0  9418.0
0  2  33.0  6799.0
0  2  13.0  8739.0
0  2  58.0  4376.0
0  2  30.0  7090.0
0  2  23.0  7775.0
1  2  57.0  4456.0
1  2  62.0  4018.0
1  2  41.0  6029.0
1  2  65.0  3712.0
1  2  86.0  1659.0
1  2  47.0  5441.0
1  2  18.0  8254.0
1  2  42.0  5929.0
1  2  47.0  5442.0
1  2  32.0  6898.0
1  2  39.0  6197.0
1  2  19.0  8163.0
1  2  24.0  7677.0
1  2  68.0  3336.0
1  2  53.0  4859.0
1  2  69.0  3311.0
1  2  56.0  4548.0
1  2  31.0  6993.0
1  2  0.0  10000.0
1  2  41.0  6025.0
2  2  42.0  5926.0
2  2  16.0  8451.0
2  2  17.0  8351.0
2  2  26.0  7465.0
2  2  56.0  4489.0
2  2  48.0  5322.0
2  2  74.0  2760.0
2  2  71.0  3064.0
2  2  13.0  8741.0
2  2  23.0  7769.0
2  2  18.0  8245.0
2  2  86.0  1604.0
2  2  32.0  6897.0
2  2  57.0  4419.0
2  2  40.0  6122.0
2  2  47.0  5445.0
2  2  60.0  4122.0
2  2  52.0  4957.0
2  2  0.0  10000.0
2  2  52.0  4929.0
3  2  28.0  7256.0
3  2  56.0  4573.0
3  2  0.0  10000.0
3  2  66.0  3580.0
3  2  20.0  8059.0
3  2  100.0  300.0
3  2  63.0  3892.0
3  2  60.0  4131.0
3  2  60.0  4120.0
3  2  95.0  787.0
3  2  58.0  4374.0
3  2  87.0  1418.0
3  2  51.0  5054.0
3  2  61.0  4083.0
3  2  49.0  5224.0
3  2  51.0  5041.0
3  2  92.0  897.0
3  2  14.0  8636.0
3  2  41.0  6024.0
3  2  28.0  7280.0
4  2  11.0  8936.0
4  2  43.0  5814.0
4  2  18.0  8269.0
4  2  75.0  2708.0
4  2  94.0  794.0
4  2  95.0  595.0
4  2  0.0  10000.0
4  2  38.0  6315.0
4  2  13.0  8739.0
4  2  74.0  2722.0
4  2  0.0  10000.0
4  2  3.0  9709.0
4  2  76.0  2572.0
4  2  49.0  5221.0
4  2  63.0  3888.0
4  2  39.0  6206.0
4  2  28.0  7256.0
4  2  47.0  5394.0
4  2  53.0  4807.0
4  2  57.0  4473.0
5  2  37.0  6372.0
5  2  22.0  7866.0
5  2  54.0  4663.0
5  2  35.0  6568.0
5  2  42.0  5913.0
5  2  73.0  2891.0
5  2  41.0  5993.0
5  2  76.0  2505.0
5  2  8.0  9224.0
5  2  32.0  6861.0
5  2  81.0  2024.0
5  2  0.0  10000.0
5  2  53.0  4757.0
5  2  40.0  6099.0
5  2  72.0  2957.0
5  2  58.0  4341.0
5  2  68.0  3346.0
5  2  49.0  5250.0
5  2  65.0  3645.0
5  2  72.0  2907.0
6  2  73.0  2773.0
6  2  68.0  3383.0
6  2  59.0  4278.0
6  2  47.0  5419.0
6  2  66.0  3578.0
6  2  67.0  3385.0
6  2  92.0  985.0
6  2  48.0  5334.0
6  2  63.0  3868.0
6  2  71.0  3016.0
6  2  44.0  5685.0
6  2  64.0  3798.0
6  2  45.0  5636.0
6  2  58.0  4285.0
6  2  79.0  2294.0
6  2  53.0  4714.0
6  2  94.0  698.0
6  2  49.0  5151.0
6  2  71.0  2973.0
6  2  24.0  7651.0
7  2  61.0  4081.0
7  2  73.0  2804.0
7  2  59.0  4198.0
7  2  83.0  1831.0
7  2  100.0  82.0
7  2  55.0  4605.0
7  2  37.0  6412.0
7  2  91.0  956.0
7  2  26.0  7481.0
7  2  39.0  6218.0
7  2  28.0  7256.0
7  2  100.0  24.0
7  2  100.0  137.0
7  2  86.0  1544.0
7  2  94.0  708.0
7  2  75.0  2614.0
7  2  58.0  4344.0
7  2  15.0  8540.0
7  2  78.0  2287.0
7  2  39.0  6140.0
8  2  75.0  2634.0
8  2  60.0  4088.0
8  2  30.0  7075.0
8  2  100.0  150.0
8  2  86.0  1414.0
8  2  95.0  574.0
8  2  100.0  92.0
8  2  86.0  1515.0
8  2  51.0  4986.0
8  2  93.0  794.0
8  2  44.0  5725.0
8  2  72.0  2892.0
8  2  87.0  1342.0
8  2  19.0  8128.0
8  2  57.0  4423.0
8  2  44.0  5675.0
8  2  86.0  1481.0
8  2  82.0  2002.0
8  2  63.0  3840.0
8  2  75.0  2609.0
9  2  71.0  2949.0
9  2  53.0  4859.0
9  2  93.0  702.0
9  2  33.0  6782.0
9  2  67.0  3316.0
9  2  83.0  1730.0
9  2  82.0  1936.0
9  2  98.0  216.0
9  2  81.0  1995.0
9  2  80.0  2043.0
9  2  100.0  300.0
9  2  89.0  1278.0
9  2  92.0  825.0
9  2  71.0  3074.0
9  2  44.0  5666.0
9  2  65.0  3666.0
9  2  97.0  403.0
9  2  79.0  2248.0
9  2  32.0  6864.0
9  2  23.0  7769.0
10  2  68.0  3386.0
10  2  62.0  3868.0
10  2  69.0  3309.0
10  2  75.0  2540.0
10  2  91.0  929.0
10  2  63.0  3836.0
10  2  76.0  2546.0
10  2  100.0  26.0
10  2  71.0  2985.0
10  2  51.0  4963.0
10  2  100.0  27.0
10  2  89.0  1242.0
10  2  77.0  2414.0
10  2  40.0  6098.0
10  2  67.0  3437.0
10  2  68.0  3342.0
10  2  69.0  3184.0
10  2  29.0  7150.0
10  2  41.0  5920.0
10  2  70.0  3129.0
11  2  100.0  113.0
11  2  88.0  1230.0
11  2  100.0  117.0
11  2  71.0  2933.0
11  2  91.0  961.0
11  2  50.0  5078.0
11  2  98.0  416.0
11  2  47.0  5396.0
11  2  28.0  7263.0
11  2  87.0  1338.0
11  2  84.0  1616.0
11  2  58.0  4262.0
11  2  78.0  2321.0
11  2  17.0  8348.0
11  2  85.0  1554.0
11  2  72.0  2851.0
11  2  40.0  6048.0
11  2  100.0  203.0
11  2  66.0  3602.0
11  2  71.0  3024.0
12  2  65.0  3640.0
12  2  92.0  866.0
12  2  83.0  1736.0
12  2  65.0  3695.0
12  2  94.0  601.0
12  2  97.0  334.0
12  2  32.0  6814.0
12  2  74.0  2617.0
12  2  95.0  534.0
12  2  100.0  300.0
12  2  66.0  3454.0
12  2  90.0  1060.0
12  2  81.0  1929.0
12  2  82.0  1889.0
12  2  58.0  4266.0
12  2  72.0  2815.0
12  2  78.0  2228.0
12  2  69.0  3116.0
12  2  58.0  4374.0
12  2  96.0  586.0
13  2  85.0  1563.0
13  2  74.0  2645.0
13  2  92.0  891.0
13  2  91.0  966.0
13  2  100.0  30.0
13  2  85.0  1560.0
13  2  24.0  7648.0
13  2  91.0  951.0
13  2  52.0  4853.0
13  2  79.0  2163.0
13  2  54.0  4658.0
13  2  91.0  997.0
13  2  96.0  454.0
13  2  100.0  210.0
13  2  100.0  31.0
13  2  64.0  3627.0
13  2  73.0  2786.0
13  2  89.0  1196.0
13  2  96.0  457.0
13  2  78.0  2288.0
14  2  35.0  6543.0
14  2  62.0  3845.0
14  2  62.0  3934.0
14  2  72.0  2853.0
14  2  75.0  2653.0
14  2  92.0  842.0
14  2  80.0  2094.0
14  2  35.0  6570.0
14  2  94.0  733.0
14  2  100.0  44.0
14  2  78.0  2214.0
14  2  50.0  5077.0
14  2  0.0  10000.0
14  2  89.0  1200.0
14  2  54.0  4720.0
14  2  78.0  2264.0
14  2  87.0  1328.0
14  2  80.0  2072.0
14  2  87.0  1370.0
14  2  99.0  133.0
15  2  77.0  2410.0
15  2  42.0  5842.0
15  2  91.0  1016.0
15  2  88.0  1386.0
15  2  100.0  74.0
15  2  15.0  8545.0
15  2  85.0  1670.0
15  2  61.0  3986.0
15  2  82.0  1907.0
15  2  96.0  427.0
15  2  94.0  636.0
15  2  99.0  155.0
15  2  93.0  729.0
15  2  93.0  704.0
15  2  79.0  2181.0
15  2  79.0  2171.0
15  2  90.0  1176.0
15  2  15.0  8527.0
15  2  59.0  4178.0
15  2  76.0  2455.0
16  2  90.0  1209.0
16  2  85.0  1560.0
16  2  64.0  3642.0
16  2  69.0  3175.0
16  2  100.0  109.0
16  2  88.0  1277.0
16  2  100.0  7.0
16  2  73.0  2724.0
16  2  91.0  909.0
16  2  67.0  3335.0
16  2  76.0  2554.0
16  2  82.0  1810.0
16  2  98.0  285.0
16  2  38.0  6289.0
16  2  95.0  547.0
16  2  99.0  240.0
16  2  0.0  10000.0
16  2  51.0  4942.0
16  2  90.0  1024.0
16  2  59.0  4157.0
17  2  83.0  1739.0
17  2  86.0  1400.0
17  2  66.0  3419.0
17  2  59.0  4138.0
17  2  96.0  461.0
17  2  87.0  1373.0
17  2  98.0  229.0
17  2  100.0  332.0
17  2  83.0  1707.0
17  2  97.0  329.0
17  2  63.0  3757.0
17  2  83.0  1739.0
17  2  58.0  4271.0
17  2  100.0  34.0
17  2  75.0  2571.0
17  2  80.0  2049.0
17  2  96.0  427.0
17  2  94.0  767.0
17  2  0.0  10000.0
17  2  90.0  1019.0
18  2  97.0  309.0
18  2  94.0  602.0
18  2  99.0  109.0
18  2  100.0  37.0
18  2  92.0  827.0
18  2  97.0  305.0
18  2  100.0  9.0
18  2  80.0  2059.0
18  2  96.0  439.0
18  2  98.0  228.0
18  2  65.0  3531.0
18  2  82.0  1820.0
18  2  99.0  121.0
18  2  96.0  400.0
18  2  50.0  5045.0
18  2  99.0  113.0
18  2  74.0  2678.0
18  2  76.0  2450.0
18  2  68.0  3202.0
18  2  80.0  2022.0
19  2  100.0  40.0
19  2  71.0  2953.0
19  2  96.0  421.0
19  2  100.0  17.0
19  2  0.0  10000.0
19  2  100.0  29.0
19  2  49.0  5251.0
19  2  76.0  2503.0
19  2  83.0  1820.0
19  2  74.0  2640.0
19  2  78.0  2266.0
19  2  92.0  823.0
19  2  66.0  3446.0
19  2  93.0  767.0
19  2  100.0  89.0
19  2  96.0  516.0
19  2  52.0  4843.0
19  2  100.0  42.0
19  2  100.0  60.0
19  2  72.0  2804.0
20  2  94.0  637.0
20  2  100.0  31.0
20  2  82.0  1846.0
20  2  68.0  3243.0
20  2  32.0  6896.0
20  2  94.0  641.0
20  2  89.0  1120.0
20  2  100.0  76.0
20  2  62.0  3823.0
20  2  45.0  5528.0
20  2  100.0  22.0
20  2  91.0  952.0
20  2  90.0  1049.0
20  2  85.0  1557.0
20  2  27.0  7382.0
20  2  100.0  26.0
20  2  82.0  1897.0
20  2  98.0  218.0
20  2  82.0  1842.0
20  2  77.0  2370.0
