1  39.0  496
2  36.0  551
3  47.0  402
4  48.0  407
5  17.0  328
6  42.0  486
7  32.0  516
1  67.0  412
2  53.0  374
3  70.0  376
4  30.0  492
5  49.0  406
6  42.0  489
7  53.0  434
1  57.0  292
2  50.0  379
3  70.0  316
4  26.0  278
5  34.0  473
6  44.0  512
7  23.0  343
1  13.0  412
2  66.0  349
3  43.0  342
4  34.0  350
5  46.0  401
6  35.0  557
7  25.0  441
1  3.0  629
2  49.0  385
3  58.0  337
4  70.0  360
5  20.0  399
6  41.0  410
7  30.0  492
1  67.0  432
2  17.0  130
3  50.0  420
4  33.0  466
5  30.0  352
6  21.0  466
7  33.0  407
1  40.0  519
2  36.0  275
3  49.0  399
4  65.0  310
5  65.0  414
6  50.0  372
7  18.0  538
1  9.0  288
2  22.0  515
3  33.0  337
4  34.0  293
5  55.0  524
6  46.0  397
7  49.0  343
1  30.0  321
2  20.0  483
3  38.0  389
4  25.0  389
5  52.0  221
6  55.0  417
7  38.0  483
1  57.0  538
2  21.0  472
3  74.0  350
4  50.0  546
5  58.0  299
6  32.0  466
7  9.0  246
1  21.0  270
2  25.0  447
3  41.0  434
4  60.0  318
5  74.0  314
6  20.0  482
7  26.0  407
1  24.0  307
2  28.0  352
3  35.0  397
4  39.0  434
5  41.0  295
6  18.0  420
7  31.0  501
1  57.0  414
2  82.0  303
3  54.0  448
4  48.0  387
5  56.0  486
6  46.0  430
7  64.0  454
1  44.0  585
2  80.0  324
3  48.0  503
4  36.0  419
5  40.0  443
6  28.0  364
7  37.0  465
1  82.0  275
2  9.0  458
3  62.0  337
4  22.0  361
5  58.0  397
6  27.0  283
7  51.0  402
1  73.0  318
2  62.0  263
3  47.0  383
4  81.0  367
5  52.0  399
6  71.0  315
7  36.0  472
1  79.0  354
2  52.0  348
3  76.0  309
4  68.0  393
5  45.0  374
6  36.0  432
7  37.0  275
1  62.0  399
2  64.0  384
3  16.0  405
4  3.0  598
5  15.0  469
6  28.0  410
7  55.0  329
1  17.0  306
2  51.0  379
3  56.0  426
4  53.0  466
5  33.0  254
6  46.0  334
7  51.0  316
1  39.0  377
2  50.0  378
3  80.0  346
4  48.0  341
5  56.0  320
6  34.0  522
7  41.0  357
1  79.0  333
2  83.0  299
3  51.0  504
4  46.0  503
5  32.0  353
6  39.0  448
7  55.0  462
1  38.0  305
2  38.0  432
3  59.0  377
4  44.0  272
5  31.0  265
6  74.0  383
7  22.0  345
1  59.0  413
2  68.0  369
3  62.0  356
4  54.0  426
5  46.0  396
6  74.0  374
7  30.0  476
1  81.0  301
2  49.0  338
3  21.0  371
4  71.0  407
5  52.0  253
6  43.0  316
7  30.0  443
1  31.0  608
2  62.0  369
3  41.0  404
4  66.0  344
5  51.0  335
6  29.0  295
7  49.0  370
1  52.0  398
2  33.0  438
3  43.0  439
4  61.0  362
5  65.0  376
6  35.0  454
7  34.0  550
1  83.0  350
2  35.0  480
3  51.0  497
4  66.0  373
5  50.0  478
6  43.0  390
7  38.0  411
1  59.0  492
2  62.0  409
3  72.0  300
4  66.0  345
5  25.0  264
6  25.0  304
7  44.0  521
1  67.0  290
2  31.0  300
3  29.0  347
4  9.0  471
5  62.0  243
6  56.0  420
7  41.0  452
1  13.0  279
2  49.0  385
3  41.0  528
4  77.0  375
5  66.0  395
6  48.0  402
7  30.0  350
1  46.0  415
2  30.0  294
3  44.0  380
4  67.0  357
5  39.0  397
6  38.0  480
7  25.0  456
1  48.0  499
2  36.0  475
3  46.0  390
4  37.0  328
5  74.0  371
6  70.0  391
7  41.0  500
1  61.0  385
2  65.0  337
3  18.0  345
4  67.0  313
5  56.0  398
6  50.0  450
7  22.0  473
1  34.0  508
2  54.0  377
3  20.0  263
4  59.0  332
5  42.0  477
6  35.0  540
7  20.0  403
1  48.0  431
2  75.0  250
3  72.0  334
4  44.0  397
5  43.0  446
6  32.0  333
7  39.0  478
1  40.0  556
2  8.0  249
3  50.0  512
4  9.0  407
5  54.0  427
6  38.0  533
7  47.0  450
1  67.0  337
2  44.0  385
3  80.0  357
4  56.0  444
5  79.0  331
6  58.0  340
7  44.0  514
1  27.0  380
2  56.0  291
3  26.0  238
4  14.0  466
5  45.0  516
6  37.0  556
7  47.0  412
1  48.0  415
2  43.0  434
3  60.0  271
4  27.0  278
5  31.0  410
6  54.0  362
7  29.0  451
1  50.0  455
2  64.0  259
3  71.0  375
4  46.0  331
5  50.0  438
6  38.0  459
7  32.0  455
1  51.0  378
2  53.0  305
3  29.0  330
4  43.0  445
5  48.0  504
6  24.0  458
7  30.0  557
1  48.0  361
2  46.0  275
3  62.0  430
4  49.0  364
5  14.0  211
6  29.0  335
7  40.0  568
1  34.0  401
2  47.0  342
3  16.0  457
4  58.0  439
5  43.0  466
6  40.0  493
7  45.0  366
1  77.0  255
2  65.0  363
3  21.0  456
4  68.0  360
5  57.0  365
6  19.0  419
7  33.0  516
1  80.0  313
2  39.0  412
3  64.0  377
4  42.0  363
5  44.0  485
6  70.0  424
7  45.0  346
1  29.0  600
2  72.0  348
3  51.0  492
4  64.0  431
5  47.0  511
6  61.0  401
7  28.0  596
1  25.0  430
2  50.0  513
3  29.0  458
4  41.0  326
5  27.0  441
6  17.0  374
7  15.0  495
1  47.0  508
2  65.0  413
3  51.0  406
4  55.0  410
5  35.0  433
6  46.0  464
7  29.0  453
1  26.0  280
2  46.0  285
3  27.0  469
4  38.0  358
5  13.0  390
6  28.0  540
7  16.0  346
1  18.0  391
2  27.0  415
3  47.0  375
4  66.0  392
5  25.0  378
6  37.0  357
7  27.0  276
1  65.0  345
2  54.0  457
3  55.0  360
4  49.0  465
5  60.0  427
6  56.0  449
7  49.0  485
1  48.0  332
2  58.0  433
3  55.0  337
4  46.0  356
5  63.0  349
6  76.0  446
7  35.0  342
1  44.0  612
2  37.0  486
3  23.0  322
4  31.0  478
5  54.0  413
6  61.0  393
7  21.0  464
1  42.0  509
2  35.0  485
3  73.0  336
4  26.0  254
5  54.0  452
6  46.0  500
7  53.0  462
1  44.0  336
2  30.0  429
3  56.0  187
4  52.0  346
5  47.0  402
6  45.0  304
7  36.0  386
1  32.0  432
2  20.0  334
3  30.0  343
4  44.0  405
5  41.0  349
6  48.0  390
7  29.0  432
1  49.0  456
2  49.0  432
3  62.0  310
4  66.0  410
5  60.0  368
6  43.0  319
7  38.0  477
1  26.0  684
2  41.0  429
3  18.0  406
4  30.0  453
5  19.0  450
6  40.0  479
7  42.0  433
1  52.0  308
2  40.0  353
3  65.0  321
4  50.0  279
5  61.0  358
6  40.0  434
7  65.0  416
1  48.0  442
2  75.0  328
3  46.0  476
4  21.0  623
5  31.0  429
6  45.0  405
7  24.0  450
1  61.0  443
2  77.0  290
3  60.0  530
4  58.0  342
5  46.0  419
6  14.0  447
7  44.0  395
1  19.0  257
2  44.0  448
3  28.0  232
4  35.0  413
5  17.0  457
6  14.0  332
7  49.0  363
1  34.0  532
2  82.0  304
3  76.0  395
4  35.0  398
5  40.0  423
6  39.0  282
7  26.0  389
1  32.0  417
2  10.0  391
3  87.0  254
4  55.0  443
5  46.0  253
6  51.0  518
7  53.0  338
1  66.0  360
2  34.0  436
3  49.0  353
4  42.0  333
5  55.0  473
6  43.0  425
7  36.0  483
1  35.0  308
2  60.0  445
3  40.0  302
4  41.0  307
5  76.0  389
6  57.0  400
7  42.0  416
1  54.0  448
2  62.0  426
3  43.0  470
4  46.0  363
5  12.0  386
6  33.0  450
7  28.0  236
1  47.0  369
2  62.0  425
3  45.0  340
4  52.0  375
5  53.0  445
6  57.0  333
7  23.0  180
1  19.0  446
2  63.0  310
3  37.0  275
4  44.0  345
5  53.0  464
6  55.0  380
7  51.0  363
1  81.0  406
2  45.0  520
3  21.0  356
4  61.0  337
5  14.0  360
6  60.0  514
7  21.0  506
1  19.0  475
2  65.0  488
3  49.0  541
4  44.0  356
5  60.0  460
6  58.0  423
7  38.0  405
1  53.0  420
2  56.0  403
3  17.0  447
4  23.0  398
5  37.0  480
6  45.0  425
7  67.0  327
1  51.0  438
2  58.0  280
3  52.0  408
4  19.0  380
5  44.0  459
6  0.0  374
7  40.0  553
1  69.0  431
2  37.0  473
3  18.0  312
4  65.0  392
5  38.0  398
6  23.0  378
7  39.0  456
1  9.0  267
2  33.0  530
3  37.0  383
4  21.0  244
5  45.0  304
6  54.0  376
7  32.0  391
1  40.0  574
2  70.0  412
3  80.0  278
4  55.0  316
5  48.0  336
6  50.0  536
7  25.0  402
1  66.0  469
2  34.0  380
3  15.0  358
4  55.0  384
5  49.0  427
6  25.0  447
7  16.0  435
1  48.0  459
2  40.0  284
3  64.0  430
4  74.0  284
5  27.0  443
6  36.0  328
7  64.0  274
1  29.0  576
2  27.0  632
3  44.0  583
4  57.0  408
5  65.0  384
6  26.0  520
7  24.0  411
1  33.0  290
2  55.0  310
3  13.0  262
4  53.0  545
5  84.0  330
6  49.0  419
7  51.0  406
1  68.0  405
2  22.0  360
3  57.0  471
4  58.0  421
5  35.0  526
6  25.0  345
7  54.0  437
1  31.0  529
2  26.0  232
3  86.0  300
4  40.0  245
5  65.0  343
6  57.0  367
7  39.0  481
1  48.0  676
2  43.0  371
3  49.0  413
4  55.0  481
5  49.0  359
6  78.0  333
7  31.0  278
1  7.0  301
2  7.0  249
3  56.0  446
4  66.0  354
5  41.0  467
6  39.0  541
7  35.0  506
1  76.0  305
2  37.0  583
3  74.0  455
4  43.0  383
5  48.0  519
6  23.0  489
7  76.0  345
1  59.0  368
2  71.0  371
3  69.0  309
4  49.0  488
5  62.0  331
6  59.0  275
7  41.0  465
1  12.0  334
2  51.0  352
3  51.0  389
4  58.0  433
5  62.0  388
6  33.0  502
7  35.0  318
1  97.0  221
2  50.0  539
3  6.0  278
4  45.0  394
5  56.0  327
6  38.0  568
7  50.0  414
1  32.0  397
2  49.0  415
3  49.0  434
4  64.0  423
5  34.0  486
6  32.0  387
7  51.0  368
1  45.0  501
2  38.0  288
3  65.0  307
4  70.0  397
5  31.0  457
6  43.0  542
7  32.0  397
1  77.0  248
2  55.0  367
3  45.0  443
4  43.0  373
5  23.0  450
6  13.0  510
7  33.0  426
1  48.0  423
2  20.0  339
3  75.0  307
4  73.0  317
5  36.0  565
6  62.0  378
7  42.0  424
1  17.0  261
2  74.0  345
3  58.0  470
4  38.0  342
5  40.0  399
6  71.0  375
7  34.0  382
1  24.0  314
2  75.0  382
3  34.0  568
4  49.0  343
5  16.0  321
6  51.0  377
7  20.0  420
1  81.0  346
2  60.0  412
3  44.0  477
4  32.0  392
5  55.0  444
6  47.0  458
7  47.0  479
1  60.0  387
2  85.0  286
3  52.0  395
4  51.0  473
5  33.0  318
6  33.0  399
7  47.0  464
1  38.0  459
2  41.0  385
3  34.0  288
4  39.0  322
5  23.0  376
6  66.0  276
7  45.0  400
1  50.0  573
2  22.0  414
3  66.0  381
4  63.0  443
5  48.0  434
6  39.0  486
7  41.0  405
1  23.0  425
2  62.0  418
3  58.0  444
4  44.0  389
5  47.0  467
6  56.0  247
7  44.0  420
1  56.0  464
2  49.0  477
3  29.0  409
4  27.0  583
5  20.0  421
6  67.0  360
7  45.0  326
