1  64.0  476
2  54.0  514
3  32.0  450
4  84.0  493
5  11.0  422
6  54.0  537
7  34.0  544
1  45.0  442
2  51.0  418
3  71.0  541
4  66.0  466
5  38.0  524
6  41.0  643
7  25.0  389
1  16.0  423
2  86.0  508
3  35.0  556
4  39.0  416
5  26.0  345
6  53.0  581
7  37.0  571
1  68.0  510
2  48.0  543
3  40.0  457
4  53.0  519
5  33.0  581
6  77.0  558
7  38.0  557
1  19.0  445
2  34.0  238
3  42.0  491
4  44.0  552
5  44.0  487
6  53.0  551
7  40.0  501
1  87.0  509
2  40.0  437
3  51.0  460
4  40.0  438
5  57.0  494
6  34.0  491
7  47.0  668
1  6.0  352
2  30.0  439
3  42.0  501
4  55.0  503
5  64.0  521
6  54.0  541
7  25.0  436
1  85.0  509
2  76.0  522
3  45.0  380
4  51.0  491
5  64.0  503
6  61.0  506
7  23.0  456
1  82.0  514
2  47.0  498
3  36.0  483
4  62.0  545
5  48.0  517
6  67.0  607
7  47.0  568
1  41.0  457
2  60.0  500
3  52.0  523
4  49.0  523
5  27.0  481
6  33.0  564
7  34.0  678
1  67.0  509
2  63.0  417
3  46.0  513
4  34.0  545
5  40.0  619
6  63.0  528
7  16.0  379
1  24.0  296
2  26.0  481
3  36.0  449
4  55.0  556
5  56.0  622
6  35.0  438
7  51.0  530
1  64.0  514
2  52.0  425
3  26.0  488
4  26.0  352
5  24.0  468
6  39.0  536
7  52.0  541
1  36.0  423
2  75.0  482
3  26.0  344
4  42.0  410
5  56.0  567
6  46.0  403
7  18.0  358
1  58.0  495
2  56.0  508
3  16.0  353
4  37.0  465
5  19.0  419
6  35.0  431
7  45.0  532
1  43.0  412
2  28.0  443
3  44.0  508
4  48.0  436
5  26.0  499
6  53.0  592
7  37.0  570
1  45.0  413
2  45.0  488
3  40.0  493
4  47.0  547
5  43.0  508
6  50.0  539
7  25.0  460
1  25.0  426
2  26.0  284
3  51.0  463
4  40.0  377
5  52.0  511
6  28.0  537
7  2.0  172
1  44.0  423
2  64.0  532
3  82.0  542
4  54.0  445
5  47.0  585
6  39.0  578
7  35.0  407
1  86.0  507
2  43.0  311
3  33.0  410
4  25.0  337
5  65.0  510
6  39.0  501
7  35.0  456
1  26.0  401
2  49.0  460
3  43.0  502
4  41.0  529
5  40.0  476
6  31.0  490
7  28.0  552
1  20.0  310
2  78.0  542
3  60.0  454
4  34.0  361
5  32.0  418
6  49.0  525
7  20.0  486
1  79.0  515
2  53.0  491
3  21.0  374
4  42.0  513
5  23.0  410
6  36.0  613
7  56.0  507
1  28.0  391
2  36.0  404
3  31.0  428
4  50.0  428
5  49.0  557
6  48.0  500
7  45.0  493
1  60.0  493
2  59.0  519
3  20.0  383
4  72.0  551
5  41.0  553
6  37.0  573
7  24.0  523
1  21.0  267
2  82.0  538
3  60.0  516
4  44.0  476
5  53.0  545
6  49.0  576
7  74.0  560
1  73.0  490
2  14.0  191
3  45.0  476
4  89.0  570
5  38.0  462
6  37.0  565
7  29.0  599
1  62.0  517
2  64.0  520
3  61.0  521
4  52.0  540
5  16.0  355
6  39.0  552
7  40.0  540
1  45.0  428
2  35.0  546
3  47.0  490
4  47.0  436
5  30.0  477
6  33.0  525
7  0.0  339
1  21.0  278
2  76.0  520
3  31.0  418
4  31.0  535
5  28.0  482
6  47.0  511
7  22.0  339
1  50.0  512
2  45.0  435
3  69.0  503
4  55.0  455
5  55.0  489
6  32.0  561
7  34.0  442
1  63.0  518
2  42.0  430
3  47.0  496
4  26.0  476
5  54.0  491
6  17.0  554
7  41.0  506
1  68.0  510
2  58.0  516
3  11.0  510
4  60.0  534
5  34.0  471
6  43.0  596
7  27.0  578
1  10.0  232
2  30.0  476
3  39.0  345
4  76.0  537
5  29.0  579
6  55.0  547
7  48.0  540
1  45.0  519
2  55.0  530
3  22.0  508
4  89.0  575
5  40.0  501
6  54.0  566
7  11.0  369
1  17.0  448
2  39.0  468
3  61.0  433
4  56.0  537
5  40.0  530
6  33.0  551
7  35.0  491
1  52.0  431
2  55.0  494
3  18.0  433
4  35.0  489
5  29.0  466
6  26.0  548
7  32.0  435
1  70.0  512
2  78.0  532
3  68.0  526
4  41.0  467
5  72.0  562
6  36.0  564
7  31.0  472
1  35.0  479
2  34.0  444
3  42.0  475
4  52.0  471
5  41.0  464
6  55.0  498
7  35.0  530
1  84.0  519
2  46.0  518
3  41.0  544
4  35.0  436
5  43.0  563
6  61.0  534
7  30.0  470
1  66.0  516
2  6.0  217
3  64.0  579
4  40.0  308
5  39.0  492
6  40.0  598
7  40.0  470
1  21.0  478
2  53.0  514
3  28.0  416
4  57.0  514
5  47.0  541
6  58.0  561
7  66.0  584
1  42.0  479
2  55.0  486
3  53.0  500
4  31.0  448
5  89.0  521
6  32.0  591
7  55.0  564
1  52.0  444
2  47.0  452
3  5.0  93
4  56.0  478
5  47.0  541
6  40.0  511
7  53.0  557
1  30.0  322
2  29.0  320
3  72.0  531
4  61.0  570
5  70.0  557
6  36.0  538
7  62.0  483
1  70.0  494
2  42.0  370
3  42.0  357
4  46.0  490
5  37.0  294
6  50.0  501
7  14.0  332
1  53.0  486
2  26.0  350
3  29.0  383
4  43.0  417
5  64.0  510
6  62.0  469
7  40.0  531
1  55.0  472
2  55.0  510
3  34.0  347
4  50.0  557
5  59.0  512
6  69.0  513
7  73.0  521
1  75.0  503
2  38.0  513
3  57.0  490
4  44.0  501
5  43.0  544
6  42.0  447
7  46.0  651
1  26.0  512
2  49.0  507
3  69.0  518
4  61.0  517
5  52.0  495
6  39.0  573
7  48.0  569
1  87.0  507
2  58.0  508
3  68.0  504
4  66.0  585
5  43.0  451
6  59.0  630
7  42.0  568
1  44.0  460
2  75.0  509
3  68.0  480
4  66.0  533
5  52.0  553
6  54.0  547
7  43.0  581
1  8.0  242
2  72.0  498
3  11.0  330
4  54.0  445
5  43.0  524
6  47.0  558
7  34.0  465
1  32.0  479
2  63.0  521
3  51.0  473
4  10.0  372
5  61.0  583
6  42.0  561
7  15.0  492
1  54.0  514
2  40.0  415
3  48.0  484
4  71.0  527
5  54.0  533
6  33.0  404
7  36.0  463
1  32.0  502
2  54.0  512
3  52.0  467
4  17.0  354
5  40.0  585
6  42.0  495
7  63.0  534
1  34.0  489
2  40.0  440
3  45.0  470
4  62.0  443
5  50.0  413
6  56.0  580
7  25.0  472
1  42.0  459
2  69.0  536
3  27.0  444
4  72.0  533
5  37.0  603
6  29.0  564
7  67.0  582
1  40.0  497
2  60.0  541
3  47.0  422
4  64.0  487
5  59.0  488
6  33.0  607
7  19.0  343
1  44.0  504
2  77.0  520
3  44.0  424
4  49.0  590
5  44.0  560
6  36.0  476
7  46.0  451
1  69.0  525
2  42.0  413
3  28.0  357
4  54.0  463
5  61.0  508
6  21.0  456
7  46.0  502
1  77.0  513
2  61.0  559
3  24.0  256
4  61.0  501
5  63.0  587
6  44.0  577
7  67.0  492
1  47.0  313
2  0.0  239
3  38.0  524
4  38.0  552
5  60.0  570
6  51.0  493
7  39.0  488
1  24.0  481
2  58.0  506
3  48.0  467
4  44.0  329
5  86.0  527
6  52.0  543
7  16.0  462
1  74.0  505
2  54.0  562
3  12.0  246
4  36.0  483
5  57.0  579
6  52.0  531
7  43.0  419
1  60.0  458
2  38.0  514
3  59.0  516
4  53.0  530
5  46.0  460
6  52.0  511
7  37.0  596
1  21.0  306
2  20.0  373
3  56.0  536
4  46.0  534
5  52.0  547
6  22.0  495
7  34.0  548
1  47.0  516
2  65.0  479
3  58.0  533
4  55.0  550
5  39.0  514
6  51.0  541
7  17.0  504
1  21.0  318
2  61.0  510
3  27.0  503
4  37.0  521
5  3.0  326
6  28.0  396
7  33.0  496
1  64.0  475
2  43.0  441
3  51.0  587
4  41.0  454
5  25.0  508
6  64.0  484
7  54.0  636
1  27.0  448
2  45.0  451
3  45.0  527
4  46.0  454
5  16.0  418
6  44.0  596
7  32.0  538
1  65.0  506
2  36.0  339
3  69.0  558
4  35.0  456
5  37.0  543
6  22.0  414
7  55.0  482
1  42.0  413
2  13.0  449
3  76.0  544
4  19.0  528
5  31.0  505
6  43.0  459
7  57.0  486
1  28.0  525
2  51.0  382
3  61.0  522
4  47.0  513
5  65.0  559
6  28.0  513
7  35.0  529
1  48.0  513
2  62.0  530
3  60.0  522
4  53.0  552
5  35.0  426
6  44.0  485
7  34.0  732
1  73.0  526
2  64.0  529
3  62.0  529
4  47.0  520
5  32.0  366
6  36.0  582
7  53.0  539
1  65.0  513
2  65.0  515
3  55.0  468
4  53.0  585
5  50.0  476
6  43.0  621
7  56.0  575
1  21.0  489
2  46.0  508
3  30.0  463
4  45.0  576
5  61.0  562
6  43.0  567
7  45.0  681
1  34.0  318
2  58.0  503
3  43.0  494
4  63.0  620
5  54.0  570
6  45.0  463
7  32.0  412
1  52.0  406
2  63.0  503
3  44.0  482
4  82.0  533
5  55.0  565
6  43.0  505
7  49.0  599
1  56.0  500
2  42.0  424
3  47.0  521
4  58.0  571
5  25.0  472
6  64.0  467
7  33.0  609
1  48.0  501
2  49.0  494
3  25.0  390
4  57.0  545
5  62.0  614
6  27.0  490
7  33.0  482
1  20.0  287
2  56.0  481
3  45.0  528
4  26.0  413
5  39.0  439
6  24.0  456
7  64.0  582
1  22.0  409
2  39.0  400
3  25.0  266
4  45.0  432
5  40.0  486
6  27.0  406
7  37.0  567
1  0.0  238
2  52.0  460
3  73.0  568
4  40.0  460
5  54.0  505
6  62.0  483
7  46.0  527
1  36.0  481
2  68.0  517
3  11.0  436
4  36.0  509
5  40.0  438
6  58.0  522
7  75.0  561
1  26.0  501
2  61.0  538
3  72.0  524
4  20.0  427
5  74.0  474
6  30.0  473
7  38.0  520
1  71.0  497
2  78.0  512
3  46.0  544
4  28.0  425
5  78.0  531
6  61.0  600
7  39.0  633
1  69.0  516
2  51.0  510
3  21.0  333
4  9.0  430
5  12.0  297
6  32.0  408
7  36.0  518
1  70.0  492
2  29.0  488
3  59.0  494
4  49.0  516
5  15.0  400
6  14.0  343
7  36.0  511
1  34.0  332
2  39.0  494
3  54.0  516
4  32.0  562
5  25.0  357
6  53.0  527
7  11.0  323
1  88.0  515
2  39.0  500
3  60.0  530
4  37.0  404
5  41.0  606
6  28.0  405
7  26.0  437
1  56.0  512
2  36.0  403
3  42.0  468
4  16.0  378
5  15.0  294
6  37.0  584
7  61.0  433
1  28.0  478
2  63.0  447
3  74.0  513
4  41.0  458
5  35.0  426
6  40.0  536
7  21.0  628
1  87.0  515
2  45.0  530
3  38.0  487
4  59.0  566
5  42.0  569
6  41.0  638
7  29.0  431
1  51.0  508
2  87.0  511
3  59.0  535
4  32.0  463
5  33.0  321
6  41.0  471
7  25.0  574
1  50.0  488
2  59.0  536
3  50.0  394
4  36.0  473
5  46.0  540
6  21.0  446
7  34.0  604
1  54.0  520
2  43.0  531
3  46.0  476
4  39.0  405
5  41.0  533
6  20.0  571
7  43.0  557
1  45.0  506
2  18.0  440
3  69.0  526
4  33.0  450
5  18.0  247
6  41.0  654
7  55.0  560
1  27.0  347
2  55.0  503
3  36.0  527
4  40.0  553
5  32.0  585
6  48.0  467
7  34.0  661
