1  37.0  482.0
1  48.0  722.0
1  48.0  638.0
1  48.0  625.0
1  37.0  723.0
1  73.0  766.0
1  85.0  888.0
1  42.0  677.0
1  56.0  856.0
1  11.0  474.0
1  38.0  335.0
1  23.0  463.0
1  66.0  772.0
1  61.0  663.0
1  27.0  608.0
1  21.0  569.0
1  72.0  882.0
1  47.0  807.0
1  57.0  767.0
1  76.0  796.0
1  80.0  783.0
1  43.0  827.0
1  28.0  590.0
1  48.0  720.0
1  30.0  642.0
1  32.0  493.0
1  83.0  818.0
1  52.0  865.0
1  31.0  600.0
1  42.0  503.0
1  55.0  791.0
1  47.0  823.0
1  77.0  1005.0
1  52.0  749.0
1  55.0  661.0
1  57.0  765.0
1  25.0  513.0
1  44.0  711.0
1  45.0  675.0
1  44.0  655.0
1  47.0  571.0
1  61.0  799.0
1  64.0  826.0
1  28.0  600.0
1  38.0  621.0
1  41.0  632.0
1  53.0  720.0
1  70.0  819.0
1  55.0  682.0
1  55.0  680.0
2  46.0  528.0
2  66.0  874.0
2  34.0  714.0
2  28.0  587.0
2  27.0  583.0
2  54.0  604.0
2  89.0  888.0
2  50.0  619.0
2  50.0  830.0
2  17.0  626.0
2  59.0  601.0
2  60.0  864.0
2  47.0  685.0
2  33.0  605.0
2  19.0  393.0
2  50.0  830.0
2  69.0  863.0
2  70.0  997.0
2  30.0  407.0
2  59.0  912.0
2  28.0  722.0
2  55.0  799.0
2  31.0  614.0
2  47.0  670.0
2  25.0  388.0
2  71.0  844.0
2  36.0  586.0
2  70.0  767.0
2  9.0  362.0
2  47.0  687.0
2  30.0  521.0
2  4.0  305.0
2  47.0  496.0
2  39.0  613.0
2  45.0  726.0
2  27.0  541.0
2  58.0  740.0
2  36.0  579.0
2  60.0  811.0
2  47.0  622.0
2  39.0  543.0
2  70.0  1067.0
2  12.0  288.0
2  34.0  630.0
2  45.0  781.0
2  64.0  792.0
2  23.0  562.0
2  44.0  840.0
2  32.0  503.0
2  29.0  594.0
3  41.0  635.0
3  17.0  317.0
3  58.0  801.0
3  33.0  636.0
3  7.0  185.0
3  50.0  634.0
3  18.0  529.0
3  47.0  758.0
3  36.0  505.0
3  37.0  648.0
3  27.0  459.0
3  60.0  634.0
3  55.0  947.0
3  20.0  270.0
3  76.0  788.0
3  25.0  453.0
3  16.0  423.0
3  72.0  675.0
3  30.0  804.0
3  35.0  683.0
3  10.0  398.0
3  33.0  466.0
3  45.0  804.0
3  51.0  722.0
3  5.0  369.0
3  30.0  323.0
3  46.0  631.0
3  51.0  847.0
3  46.0  789.0
3  43.0  777.0
3  66.0  646.0
3  84.0  714.0
3  63.0  791.0
3  39.0  558.0
3  45.0  737.0
3  42.0  629.0
3  8.0  359.0
3  50.0  628.0
3  46.0  605.0
3  68.0  788.0
3  31.0  712.0
3  12.0  356.0
3  64.0  919.0
3  69.0  844.0
3  47.0  731.0
3  34.0  598.0
3  55.0  759.0
3  38.0  680.0
3  38.0  476.0
3  52.0  760.0
4  39.0  617.0
4  50.0  755.0
4  69.0  904.0
4  29.0  776.0
4  28.0  500.0
4  11.0  421.0
4  31.0  635.0
4  84.0  697.0
4  39.0  598.0
4  16.0  296.0
4  71.0  923.0
4  59.0  907.0
4  40.0  693.0
4  49.0  564.0
4  54.0  570.0
4  22.0  641.0
4  33.0  746.0
4  48.0  767.0
4  39.0  518.0
4  27.0  440.0
4  39.0  651.0
4  49.0  781.0
4  42.0  575.0
4  16.0  318.0
4  36.0  509.0
4  40.0  663.0
4  47.0  723.0
4  46.0  494.0
4  34.0  729.0
4  33.0  568.0
4  41.0  620.0
4  20.0  365.0
4  28.0  513.0
4  31.0  366.0
4  39.0  679.0
4  24.0  504.0
4  53.0  628.0
4  64.0  482.0
4  11.0  362.0
4  29.0  659.0
4  43.0  709.0
4  61.0  787.0
4  44.0  627.0
4  33.0  444.0
4  49.0  652.0
4  34.0  467.0
4  69.0  1061.0
4  54.0  682.0
4  55.0  685.0
4  23.0  444.0
5  37.0  689.0
5  22.0  305.0
5  36.0  590.0
5  48.0  756.0
5  76.0  1102.0
5  42.0  659.0
5  38.0  694.0
5  34.0  670.0
5  62.0  777.0
5  35.0  693.0
5  14.0  659.0
5  31.0  529.0
5  12.0  419.0
5  45.0  614.0
5  47.0  789.0
5  29.0  525.0
5  52.0  648.0
5  65.0  829.0
5  26.0  524.0
5  61.0  904.0
5  22.0  522.0
5  41.0  645.0
5  22.0  395.0
5  53.0  755.0
5  43.0  519.0
5  21.0  489.0
5  55.0  821.0
5  30.0  523.0
5  30.0  468.0
5  32.0  498.0
5  46.0  563.0
5  25.0  479.0
5  39.0  476.0
5  81.0  831.0
5  44.0  714.0
5  81.0  874.0
5  21.0  446.0
5  31.0  547.0
5  54.0  789.0
5  19.0  380.0
5  29.0  731.0
5  85.0  878.0
5  37.0  463.0
5  58.0  860.0
5  89.0  979.0
5  56.0  672.0
5  82.0  868.0
5  42.0  553.0
5  65.0  898.0
5  32.0  464.0
