1  49.0  416.0
2  71.0  210.0
3  90.0  157.0
4  41.0  355.0
5  25.0  277.0
6  54.0  189.0
7  77.0  412.0
1  98.0  17.0
2  76.0  157.0
3  50.0  418.0
4  41.0  373.0
5  38.0  191.0
6  46.0  399.0
7  69.0  361.0
1  32.0  541.0
2  57.0  274.0
3  98.0  12.0
4  72.0  277.0
5  65.0  263.0
6  65.0  300.0
7  68.0  294.0
1  55.0  462.0
2  28.0  294.0
3  85.0  162.0
4  21.0  395.0
5  70.0  318.0
6  42.0  348.0
7  24.0  502.0
1  98.0  34.0
2  80.0  183.0
3  63.0  360.0
4  27.0  323.0
5  56.0  414.0
6  67.0  382.0
7  74.0  151.0
1  73.0  355.0
2  42.0  296.0
3  47.0  328.0
4  95.0  40.0
5  46.0  348.0
6  25.0  402.0
7  21.0  458.0
1  89.0  145.0
2  61.0  291.0
3  38.0  409.0
4  63.0  380.0
5  47.0  370.0
6  37.0  463.0
7  47.0  382.0
1  98.0  16.0
2  61.0  423.0
3  98.0  19.0
4  87.0  149.0
5  28.0  411.0
6  74.0  293.0
7  54.0  419.0
1  98.0  61.0
2  23.0  636.0
3  57.0  452.0
4  44.0  382.0
5  83.0  107.0
6  70.0  387.0
7  44.0  447.0
1  98.0  18.0
2  86.0  159.0
3  39.0  472.0
4  33.0  267.0
5  62.0  425.0
6  56.0  425.0
7  17.0  426.0
1  1.0  307.0
2  70.0  370.0
3  80.0  128.0
4  41.0  341.0
5  40.0  531.0
6  32.0  416.0
7  85.0  152.0
1  28.0  187.0
2  84.0  193.0
3  86.0  197.0
4  75.0  232.0
5  90.0  58.0
6  45.0  418.0
7  68.0  334.0
1  75.0  196.0
2  55.0  290.0
3  38.0  292.0
4  84.0  216.0
5  64.0  175.0
6  46.0  345.0
7  51.0  463.0
1  45.0  202.0
2  36.0  528.0
3  98.0  27.0
4  65.0  370.0
5  69.0  392.0
6  41.0  439.0
7  37.0  510.0
1  70.0  24.0
2  59.0  425.0
3  55.0  254.0
4  72.0  186.0
5  59.0  427.0
6  57.0  366.0
7  34.0  550.0
1  84.0  83.0
2  90.0  89.0
3  92.0  138.0
4  40.0  379.0
5  30.0  469.0
6  65.0  246.0
7  33.0  361.0
1  67.0  221.0
2  98.0  19.0
3  25.0  298.0
4  34.0  279.0
5  32.0  299.0
6  45.0  371.0
7  33.0  517.0
1  98.0  55.0
2  76.0  311.0
3  93.0  38.0
4  83.0  183.0
5  37.0  412.0
6  36.0  408.0
7  47.0  464.0
1  95.0  30.0
2  78.0  219.0
3  68.0  289.0
4  36.0  391.0
5  61.0  375.0
6  83.0  288.0
7  47.0  405.0
1  78.0  177.0
2  68.0  205.0
3  28.0  187.0
4  51.0  329.0
5  39.0  246.0
6  41.0  344.0
7  64.0  301.0
1  56.0  337.0
2  61.0  245.0
3  29.0  344.0
4  62.0  333.0
5  42.0  422.0
6  46.0  441.0
7  37.0  429.0
1  95.0  123.0
2  89.0  79.0
3  66.0  218.0
4  75.0  233.0
5  58.0  442.0
6  47.0  363.0
7  83.0  173.0
1  80.0  182.0
2  75.0  199.0
3  61.0  315.0
4  25.0  398.0
5  60.0  378.0
6  65.0  309.0
7  38.0  414.0
1  94.0  36.0
2  78.0  254.0
3  60.0  353.0
4  65.0  224.0
5  68.0  231.0
6  45.0  613.0
7  44.0  411.0
1  66.0  148.0
2  71.0  283.0
3  85.0  253.0
4  76.0  260.0
5  97.0  62.0
6  41.0  401.0
7  45.0  296.0
1  32.0  195.0
2  55.0  295.0
3  52.0  312.0
4  41.0  411.0
5  25.0  289.0
6  39.0  354.0
7  25.0  346.0
1  65.0  170.0
2  44.0  455.0
3  26.0  386.0
4  64.0  323.0
5  44.0  234.0
6  66.0  363.0
7  57.0  411.0
1  55.0  415.0
2  76.0  193.0
3  48.0  400.0
4  43.0  476.0
5  22.0  354.0
6  97.0  43.0
7  47.0  276.0
1  30.0  267.0
2  46.0  306.0
3  76.0  247.0
4  80.0  188.0
5  46.0  311.0
6  48.0  323.0
7  25.0  213.0
1  98.0  28.0
2  88.0  108.0
3  91.0  165.0
4  47.0  340.0
5  43.0  463.0
6  22.0  514.0
7  50.0  291.0
1  70.0  238.0
2  37.0  482.0
3  53.0  350.0
4  37.0  397.0
5  30.0  281.0
6  29.0  561.0
7  47.0  436.0
1  90.0  186.0
2  31.0  164.0
3  63.0  306.0
4  44.0  307.0
5  32.0  413.0
6  67.0  392.0
7  53.0  145.0
1  98.0  31.0
2  62.0  252.0
3  68.0  197.0
4  67.0  430.0
5  54.0  511.0
6  45.0  488.0
7  47.0  442.0
1  18.0  560.0
2  82.0  144.0
3  54.0  403.0
4  77.0  309.0
5  41.0  259.0
6  65.0  284.0
7  41.0  443.0
1  35.0  133.0
2  98.0  37.0
3  53.0  434.0
4  54.0  332.0
5  57.0  470.0
6  18.0  321.0
7  23.0  404.0
1  98.0  10.0
2  50.0  349.0
3  66.0  330.0
4  73.0  291.0
5  43.0  311.0
6  76.0  306.0
7  28.0  316.0
1  80.0  52.0
2  62.0  294.0
3  71.0  343.0
4  67.0  366.0
5  36.0  477.0
6  64.0  400.0
7  47.0  438.0
1  98.0  34.0
2  61.0  349.0
3  40.0  181.0
4  69.0  272.0
5  25.0  480.0
6  39.0  388.0
7  42.0  409.0
1  96.0  60.0
2  66.0  208.0
3  41.0  342.0
4  46.0  372.0
5  60.0  331.0
6  42.0  358.0
7  37.0  525.0
1  74.0  135.0
2  97.0  27.0
3  71.0  321.0
4  28.0  281.0
5  36.0  314.0
6  54.0  363.0
7  34.0  550.0
1  53.0  115.0
2  59.0  411.0
3  55.0  465.0
4  75.0  228.0
5  34.0  461.0
6  40.0  507.0
7  27.0  450.0
1  81.0  225.0
2  79.0  222.0
3  63.0  236.0
4  47.0  483.0
5  24.0  399.0
6  45.0  444.0
7  38.0  422.0
1  58.0  109.0
2  40.0  218.0
3  88.0  160.0
4  78.0  156.0
5  50.0  490.0
6  63.0  272.0
7  83.0  144.0
1  91.0  69.0
2  71.0  190.0
3  98.0  14.0
4  50.0  271.0
5  69.0  234.0
6  77.0  161.0
7  53.0  368.0
1  92.0  191.0
2  57.0  351.0
3  63.0  272.0
4  61.0  184.0
5  31.0  447.0
6  58.0  276.0
7  66.0  337.0
1  86.0  155.0
2  95.0  77.0
3  71.0  290.0
4  84.0  76.0
5  46.0  398.0
6  53.0  420.0
7  55.0  416.0
1  59.0  302.0
2  68.0  288.0
3  43.0  456.0
4  43.0  462.0
5  51.0  415.0
6  49.0  414.0
7  41.0  299.0
1  91.0  173.0
2  89.0  127.0
3  26.0  192.0
4  76.0  177.0
5  43.0  289.0
6  88.0  74.0
7  27.0  422.0
1  71.0  244.0
2  39.0  339.0
3  53.0  425.0
4  85.0  138.0
5  9.0  172.0
6  48.0  486.0
7  50.0  469.0
1  88.0  86.0
2  74.0  129.0
3  78.0  197.0
4  75.0  267.0
5  60.0  435.0
6  73.0  196.0
7  20.0  429.0
1  34.0  382.0
2  55.0  345.0
3  59.0  285.0
4  39.0  224.0
5  74.0  219.0
6  57.0  420.0
7  47.0  410.0
1  72.0  263.0
2  77.0  256.0
3  49.0  210.0
4  65.0  256.0
5  60.0  346.0
6  50.0  390.0
7  48.0  231.0
1  96.0  42.0
2  73.0  215.0
3  42.0  402.0
4  51.0  461.0
5  65.0  251.0
6  60.0  376.0
7  40.0  417.0
1  98.0  26.0
2  77.0  350.0
3  92.0  102.0
4  33.0  365.0
5  60.0  460.0
6  32.0  293.0
7  47.0  313.0
1  12.0  349.0
2  85.0  200.0
3  51.0  516.0
4  91.0  90.0
5  62.0  275.0
6  30.0  346.0
7  55.0  300.0
1  51.0  221.0
2  95.0  70.0
3  58.0  237.0
4  68.0  352.0
5  74.0  255.0
6  43.0  181.0
7  44.0  400.0
1  49.0  141.0
2  18.0  431.0
3  66.0  97.0
4  53.0  388.0
5  71.0  373.0
6  48.0  532.0
7  80.0  188.0
1  69.0  233.0
2  60.0  364.0
3  48.0  80.0
4  52.0  397.0
5  46.0  391.0
6  37.0  238.0
7  21.0  396.0
1  18.0  94.0
2  47.0  323.0
3  78.0  218.0
4  33.0  337.0
5  61.0  466.0
6  52.0  415.0
7  16.0  360.0
1  25.0  314.0
2  79.0  230.0
3  70.0  368.0
4  51.0  350.0
5  43.0  258.0
6  60.0  188.0
7  38.0  472.0
1  80.0  141.0
2  71.0  265.0
3  61.0  273.0
4  72.0  147.0
5  68.0  167.0
6  32.0  560.0
7  37.0  478.0
1  74.0  52.0
2  35.0  262.0
3  41.0  317.0
4  54.0  367.0
5  64.0  397.0
6  47.0  241.0
7  40.0  350.0
1  98.0  30.0
2  53.0  392.0
3  85.0  132.0
4  59.0  369.0
5  55.0  482.0
6  72.0  305.0
7  57.0  397.0
1  98.0  14.0
2  77.0  186.0
3  50.0  68.0
4  69.0  252.0
5  83.0  274.0
6  47.0  450.0
7  48.0  473.0
1  92.0  183.0
2  75.0  254.0
3  56.0  237.0
4  35.0  475.0
5  27.0  362.0
6  43.0  264.0
7  18.0  318.0
1  74.0  306.0
2  56.0  200.0
3  43.0  293.0
4  40.0  425.0
5  23.0  444.0
6  38.0  383.0
7  54.0  215.0
1  98.0  8.0
2  71.0  182.0
3  41.0  253.0
4  45.0  396.0
5  35.0  285.0
6  37.0  545.0
7  34.0  459.0
1  89.0  125.0
2  29.0  235.0
3  56.0  416.0
4  58.0  389.0
5  52.0  425.0
6  63.0  286.0
7  56.0  425.0
1  98.0  18.0
2  78.0  372.0
3  42.0  305.0
4  51.0  384.0
5  81.0  255.0
6  69.0  391.0
7  31.0  431.0
1  91.0  38.0
2  73.0  110.0
3  44.0  350.0
4  83.0  188.0
5  62.0  215.0
6  55.0  369.0
7  53.0  471.0
1  78.0  41.0
2  98.0  19.0
3  93.0  146.0
4  30.0  218.0
5  38.0  429.0
6  39.0  573.0
7  28.0  327.0
1  69.0  195.0
2  84.0  200.0
3  48.0  426.0
4  65.0  383.0
5  61.0  470.0
6  58.0  365.0
7  71.0  266.0
1  97.0  37.0
2  61.0  438.0
3  94.0  36.0
4  42.0  431.0
5  49.0  388.0
6  47.0  327.0
7  33.0  317.0
1  32.0  216.0
2  44.0  261.0
3  66.0  364.0
4  36.0  360.0
5  75.0  299.0
6  54.0  532.0
7  62.0  319.0
1  46.0  162.0
2  59.0  410.0
3  83.0  187.0
4  95.0  26.0
5  38.0  404.0
6  44.0  444.0
7  42.0  421.0
1  60.0  328.0
2  86.0  210.0
3  84.0  171.0
4  29.0  252.0
5  56.0  323.0
6  56.0  389.0
7  19.0  375.0
1  93.0  75.0
2  43.0  295.0
3  30.0  413.0
4  75.0  276.0
5  49.0  474.0
6  45.0  361.0
7  62.0  223.0
1  86.0  25.0
2  72.0  249.0
3  57.0  284.0
4  85.0  106.0
5  58.0  391.0
6  21.0  525.0
7  50.0  400.0
1  67.0  368.0
2  70.0  220.0
3  79.0  281.0
4  51.0  288.0
5  55.0  417.0
6  60.0  381.0
7  53.0  499.0
1  91.0  49.0
2  60.0  309.0
3  68.0  201.0
4  52.0  368.0
5  58.0  322.0
6  48.0  435.0
7  35.0  404.0
1  10.0  397.0
2  72.0  333.0
3  11.0  116.0
4  71.0  267.0
5  19.0  279.0
6  49.0  260.0
7  60.0  320.0
1  91.0  145.0
2  94.0  48.0
3  46.0  244.0
4  41.0  381.0
5  79.0  216.0
6  63.0  398.0
7  52.0  529.0
1  78.0  179.0
2  80.0  207.0
3  46.0  198.0
4  17.0  346.0
5  37.0  413.0
6  58.0  470.0
7  50.0  258.0
1  97.0  25.0
2  98.0  28.0
3  63.0  220.0
4  42.0  339.0
5  47.0  466.0
6  81.0  192.0
7  64.0  263.0
1  40.0  384.0
2  88.0  115.0
3  68.0  241.0
4  60.0  386.0
5  79.0  111.0
6  49.0  481.0
7  42.0  461.0
1  88.0  188.0
2  89.0  120.0
3  46.0  252.0
4  51.0  365.0
5  53.0  348.0
6  22.0  349.0
7  39.0  326.0
1  98.0  10.0
2  96.0  84.0
3  51.0  351.0
4  58.0  408.0
5  64.0  415.0
6  52.0  352.0
7  66.0  319.0
1  91.0  32.0
2  52.0  282.0
3  94.0  94.0
4  54.0  370.0
5  46.0  469.0
6  57.0  386.0
7  55.0  385.0
1  94.0  68.0
2  39.0  287.0
3  54.0  197.0
4  60.0  440.0
5  56.0  224.0
6  51.0  419.0
7  42.0  420.0
1  79.0  113.0
2  29.0  333.0
3  66.0  299.0
4  41.0  376.0
5  23.0  275.0
6  86.0  193.0
7  40.0  430.0
1  33.0  179.0
2  53.0  295.0
3  60.0  324.0
4  24.0  291.0
5  32.0  335.0
6  95.0  84.0
7  39.0  496.0
1  86.0  130.0
2  84.0  155.0
3  82.0  188.0
4  74.0  301.0
5  27.0  494.0
6  19.0  444.0
7  24.0  564.0
1  16.0  445.0
2  91.0  68.0
3  37.0  479.0
4  65.0  270.0
5  58.0  276.0
6  35.0  378.0
7  61.0  444.0
1  67.0  176.0
2  29.0  232.0
3  86.0  216.0
4  68.0  354.0
5  28.0  325.0
6  54.0  263.0
7  29.0  497.0
1  98.0  8.0
2  98.0  15.0
3  46.0  377.0
4  66.0  278.0
5  44.0  376.0
6  44.0  496.0
7  36.0  544.0
1  52.0  343.0
2  68.0  391.0
3  58.0  444.0
4  63.0  320.0
5  56.0  459.0
6  13.0  352.0
7  82.0  227.0
1  92.0  70.0
2  29.0  245.0
3  30.0  389.0
4  35.0  372.0
5  65.0  369.0
6  72.0  261.0
7  39.0  386.0
1  51.0  301.0
2  87.0  111.0
3  30.0  390.0
4  68.0  367.0
5  46.0  237.0
6  58.0  227.0
7  17.0  371.0
1  97.0  70.0
2  66.0  354.0
3  32.0  288.0
4  68.0  313.0
5  20.0  417.0
6  60.0  336.0
7  34.0  387.0
1  98.0  21.0
2  92.0  56.0
3  76.0  261.0
4  29.0  373.0
5  81.0  94.0
6  67.0  370.0
7  29.0  279.0
