0  57.333333333333336  889
1  45.333333333333336  942
2  39.0  803
3  63.0  799
4  91.0  388
5  81.0  568
6  72.666666666666671  637
7  68.0  474
8  56.333333333333336  606
9  57.0  702
10  54.333333333333336  681
11  72.333333333333329  467
12  60.333333333333336  513
13  82.0  403
14  77.666666666666671  297
15  60.0  564
16  82.0  389
17  95.666666666666671  88
18  86.333333333333329  342
19  56.0  500
20  71.0  489
0  46.0  843
1  64.0  716
2  63.666666666666664  711
3  59.333333333333336  862
4  58.333333333333336  784
5  61.666666666666664  674
6  64.666666666666671  538
7  39.0  658
8  83.333333333333329  298
9  71.666666666666671  573
10  66.0  542
11  85.666666666666671  405
12  81.333333333333329  353
13  75.666666666666671  296
14  60.0  527
15  64.333333333333329  491
16  70.0  434
17  94.0  156
18  66.333333333333329  513
19  79.0  376
20  68.666666666666671  573
