40  20.0  264.0
60  47.0  291.0
80  52.0  337.0
100  44.0  488.0
120  64.0  380.0
140  40.0  376.0
160  94.0  245.0
180  40.0  381.0
200  93.0  298.0
40  25.0  309.0
60  44.0  345.0
80  23.0  215.0
100  53.0  392.0
120  69.0  371.0
140  70.0  373.0
160  49.0  634.0
180  70.0  468.0
200  79.0  278.0
40  6.0  290.0
60  43.0  240.0
80  61.0  308.0
100  54.0  342.0
120  36.0  299.0
140  92.0  269.0
160  68.0  323.0
180  74.0  479.0
200  78.0  332.0
40  29.0  203.0
60  26.0  181.0
80  25.0  304.0
100  59.0  285.0
120  42.0  187.0
140  47.0  221.0
160  91.0  265.0
180  79.0  352.0
200  74.0  345.0
40  24.0  410.0
60  45.0  268.0
80  52.0  281.0
100  38.0  389.0
120  67.0  458.0
140  51.0  432.0
160  82.0  378.0
180  87.0  244.0
200  96.0  252.0
40  40.0  309.0
60  13.0  265.0
80  44.0  394.0
100  34.0  457.0
120  63.0  456.0
140  95.0  242.0
160  57.0  377.0
180  71.0  468.0
200  98.0  224.0
40  31.0  232.0
60  19.0  340.0
80  27.0  390.0
100  45.0  513.0
120  62.0  477.0
140  83.0  133.0
160  86.0  302.0
180  64.0  269.0
200  77.0  337.0
40  16.0  178.0
60  51.0  175.0
80  64.0  360.0
100  32.0  395.0
120  56.0  558.0
140  69.0  434.0
160  85.0  363.0
180  84.0  294.0
200  89.0  324.0
40  6.0  291.0
60  36.0  288.0
80  67.0  361.0
100  49.0  268.0
120  45.0  487.0
140  81.0  321.0
160  77.0  402.0
180  78.0  266.0
200  91.0  249.0
40  7.0  147.0
60  10.0  161.0
80  30.0  269.0
100  68.0  391.0
120  41.0  558.0
140  65.0  511.0
160  72.0  449.0
180  73.0  373.0
200  89.0  289.0
40  18.0  225.0
60  25.0  252.0
80  47.0  317.0
100  50.0  438.0
120  77.0  324.0
140  60.0  413.0
160  80.0  333.0
180  68.0  312.0
200  84.0  319.0
40  8.0  77.0
60  18.0  293.0
80  63.0  347.0
100  30.0  360.0
120  52.0  392.0
140  38.0  286.0
160  48.0  506.0
180  64.0  233.0
200  61.0  271.0
40  10.0  276.0
60  49.0  381.0
80  29.0  360.0
100  61.0  361.0
120  61.0  343.0
140  68.0  484.0
160  63.0  452.0
180  70.0  457.0
200  80.0  384.0
40  6.0  263.0
60  20.0  347.0
80  19.0  493.0
100  25.0  397.0
120  63.0  483.0
140  85.0  337.0
160  84.0  177.0
180  94.0  236.0
200  95.0  277.0
40  17.0  56.0
60  55.0  203.0
80  26.0  398.0
100  77.0  241.0
120  70.0  452.0
140  70.0  352.0
160  74.0  370.0
180  86.0  328.0
200  83.0  329.0
40  18.0  265.0
60  19.0  352.0
80  42.0  394.0
100  33.0  501.0
120  52.0  419.0
140  43.0  589.0
160  75.0  298.0
180  86.0  283.0
200  96.0  250.0
40  33.0  299.0
60  16.0  220.0
80  45.0  481.0
100  26.0  233.0
120  49.0  305.0
140  68.0  488.0
160  70.0  385.0
180  74.0  214.0
200  75.0  635.0
40  11.0  154.0
60  26.0  216.0
80  59.0  418.0
100  35.0  365.0
120  63.0  353.0
140  91.0  291.0
160  45.0  183.0
180  91.0  269.0
200  86.0  187.0
40  11.0  180.0
60  22.0  368.0
80  50.0  262.0
100  72.0  318.0
120  28.0  528.0
140  74.0  420.0
160  90.0  310.0
180  54.0  377.0
200  95.0  263.0
40  23.0  215.0
60  2.0  480.0
80  38.0  330.0
100  35.0  274.0
120  85.0  217.0
140  56.0  366.0
160  73.0  340.0
180  87.0  312.0
200  71.0  338.0
40  29.0  165.0
60  22.0  327.0
80  35.0  372.0
100  71.0  376.0
120  71.0  206.0
140  58.0  339.0
160  96.0  237.0
180  60.0  396.0
200  95.0  255.0
40  19.0  215.0
60  45.0  321.0
80  29.0  121.0
100  57.0  400.0
120  70.0  261.0
140  80.0  396.0
160  88.0  307.0
180  57.0  272.0
200  88.0  323.0
40  17.0  323.0
60  31.0  360.0
80  27.0  445.0
100  52.0  342.0
120  41.0  344.0
140  65.0  459.0
160  94.0  268.0
180  96.0  238.0
200  66.0  436.0
40  15.0  273.0
60  21.0  343.0
80  28.0  460.0
100  40.0  415.0
120  76.0  326.0
140  71.0  414.0
160  75.0  351.0
180  80.0  390.0
200  95.0  247.0
40  10.0  234.0
60  31.0  458.0
80  57.0  336.0
100  48.0  382.0
120  79.0  187.0
140  91.0  281.0
160  95.0  278.0
180  80.0  382.0
200  100.0  200.0
40  36.0  237.0
60  12.0  146.0
80  55.0  382.0
100  50.0  487.0
120  89.0  260.0
140  61.0  406.0
160  87.0  302.0
180  91.0  387.0
200  90.0  202.0
40  0.0  155.0
60  29.0  303.0
80  30.0  341.0
100  30.0  509.0
120  66.0  310.0
140  85.0  229.0
160  70.0  607.0
180  98.0  217.0
200  100.0  200.0
40  21.0  102.0
60  22.0  244.0
80  38.0  449.0
100  37.0  504.0
120  58.0  421.0
140  52.0  228.0
160  81.0  404.0
180  89.0  308.0
200  89.0  298.0
40  3.0  196.0
60  22.0  428.0
80  28.0  332.0
100  66.0  440.0
120  49.0  350.0
140  77.0  377.0
160  58.0  488.0
180  98.0  212.0
200  85.0  367.0
40  41.0  270.0
60  19.0  256.0
80  61.0  382.0
100  53.0  427.0
120  59.0  410.0
140  63.0  484.0
160  72.0  406.0
180  22.0  328.0
200  65.0  363.0
40  35.0  189.0
60  4.0  280.0
80  54.0  339.0
100  29.0  383.0
120  75.0  364.0
140  71.0  450.0
160  80.0  419.0
180  64.0  339.0
200  96.0  196.0
40  27.0  289.0
60  50.0  266.0
80  19.0  383.0
100  57.0  324.0
120  43.0  379.0
140  47.0  378.0
160  81.0  358.0
180  89.0  370.0
200  88.0  258.0
40  12.0  247.0
60  23.0  276.0
80  45.0  327.0
100  29.0  378.0
120  60.0  297.0
140  55.0  274.0
160  58.0  531.0
180  83.0  526.0
200  91.0  306.0
40  9.0  124.0
60  7.0  213.0
80  54.0  219.0
100  41.0  375.0
120  58.0  307.0
140  69.0  294.0
160  81.0  346.0
180  53.0  436.0
200  83.0  317.0
40  36.0  326.0
60  25.0  436.0
80  35.0  234.0
100  49.0  281.0
120  30.0  470.0
140  60.0  281.0
160  65.0  374.0
180  94.0  286.0
200  90.0  323.0
40  1.0  192.0
60  20.0  362.0
80  77.0  317.0
100  46.0  442.0
120  55.0  394.0
140  64.0  502.0
160  91.0  263.0
180  87.0  278.0
200  92.0  236.0
40  33.0  196.0
60  56.0  281.0
80  63.0  364.0
100  14.0  161.0
120  32.0  523.0
140  41.0  530.0
160  49.0  321.0
180  76.0  293.0
200  68.0  288.0
40  15.0  270.0
60  11.0  211.0
80  16.0  269.0
100  63.0  346.0
120  60.0  443.0
140  93.0  264.0
160  79.0  392.0
180  71.0  274.0
200  72.0  315.0
40  15.0  203.0
60  26.0  318.0
80  38.0  461.0
100  46.0  325.0
120  66.0  503.0
140  82.0  289.0
160  75.0  278.0
180  76.0  256.0
200  100.0  200.0
40  9.0  215.0
60  19.0  384.0
80  48.0  517.0
100  36.0  284.0
120  81.0  289.0
140  53.0  522.0
160  79.0  361.0
180  95.0  265.0
200  72.0  383.0
40  39.0  305.0
60  20.0  334.0
80  27.0  364.0
100  57.0  310.0
120  1.0  276.0
140  74.0  441.0
160  70.0  272.0
180  55.0  325.0
200  100.0  200.0
40  43.0  193.0
60  20.0  365.0
80  53.0  247.0
100  56.0  410.0
120  82.0  297.0
140  76.0  368.0
160  48.0  381.0
180  93.0  294.0
200  79.0  255.0
40  5.0  202.0
60  46.0  348.0
80  34.0  457.0
100  49.0  516.0
120  40.0  601.0
140  86.0  290.0
160  57.0  353.0
180  97.0  219.0
200  92.0  235.0
40  15.0  276.0
60  18.0  346.0
80  51.0  298.0
100  66.0  293.0
120  35.0  402.0
140  69.0  500.0
160  78.0  406.0
180  79.0  184.0
200  78.0  593.0
40  8.0  292.0
60  41.0  342.0
80  14.0  386.0
100  68.0  285.0
120  84.0  280.0
140  97.0  231.0
160  84.0  358.0
180  74.0  201.0
200  57.0  187.0
40  10.0  336.0
60  39.0  355.0
80  16.0  440.0
100  38.0  466.0
120  58.0  361.0
140  70.0  304.0
160  80.0  433.0
180  98.0  227.0
200  75.0  366.0
40  27.0  261.0
60  16.0  375.0
80  41.0  421.0
100  44.0  528.0
120  87.0  308.0
140  87.0  327.0
160  52.0  180.0
180  74.0  378.0
200  92.0  294.0
40  46.0  221.0
60  22.0  205.0
80  58.0  358.0
100  89.0  253.0
120  73.0  386.0
140  83.0  347.0
160  64.0  471.0
180  68.0  214.0
200  96.0  233.0
40  11.0  199.0
60  54.0  297.0
80  61.0  284.0
100  50.0  365.0
120  57.0  427.0
140  79.0  287.0
160  89.0  247.0
180  78.0  223.0
200  81.0  442.0
40  0.0  298.0
60  24.0  221.0
80  46.0  264.0
100  29.0  555.0
120  49.0  500.0
140  100.0  200.0
160  70.0  405.0
180  88.0  267.0
200  65.0  286.0
40  19.0  234.0
60  27.0  301.0
80  23.0  526.0
100  43.0  547.0
120  68.0  403.0
140  66.0  299.0
160  71.0  433.0
180  88.0  347.0
200  100.0  200.0
40  44.0  172.0
60  28.0  316.0
80  60.0  430.0
100  57.0  399.0
120  56.0  291.0
140  36.0  396.0
160  79.0  187.0
180  52.0  268.0
200  91.0  305.0
40  32.0  305.0
60  0.0  278.0
80  47.0  287.0
100  59.0  401.0
120  94.0  260.0
140  75.0  360.0
160  69.0  213.0
180  62.0  640.0
200  90.0  253.0
40  16.0  227.0
60  42.0  183.0
80  23.0  392.0
100  37.0  291.0
120  48.0  458.0
140  64.0  501.0
160  86.0  290.0
180  66.0  361.0
200  92.0  231.0
40  9.0  11.0
60  33.0  407.0
80  53.0  349.0
100  73.0  376.0
120  67.0  445.0
140  96.0  243.0
160  79.0  245.0
180  92.0  269.0
200  100.0  200.0
40  3.0  118.0
60  25.0  360.0
80  43.0  341.0
100  52.0  351.0
120  55.0  443.0
140  69.0  436.0
160  64.0  378.0
180  89.0  300.0
200  89.0  279.0
40  6.0  215.0
60  50.0  327.0
80  66.0  290.0
100  76.0  371.0
120  80.0  340.0
140  84.0  151.0
160  78.0  430.0
180  87.0  318.0
200  68.0  242.0
40  14.0  283.0
60  39.0  399.0
80  46.0  567.0
100  55.0  348.0
120  73.0  279.0
140  56.0  285.0
160  88.0  298.0
180  91.0  295.0
200  91.0  306.0
40  25.0  305.0
60  47.0  375.0
80  23.0  363.0
100  42.0  285.0
120  86.0  294.0
140  73.0  446.0
160  79.0  378.0
180  75.0  424.0
200  100.0  200.0
40  26.0  165.0
60  16.0  230.0
80  41.0  261.0
100  49.0  383.0
120  40.0  498.0
140  66.0  318.0
160  69.0  411.0
180  89.0  345.0
200  100.0  200.0
40  35.0  269.0
60  13.0  554.0
80  17.0  314.0
100  39.0  375.0
120  83.0  260.0
140  84.0  225.0
160  87.0  324.0
180  82.0  370.0
200  66.0  263.0
40  12.0  290.0
60  11.0  253.0
80  100.0  120.0
100  45.0  256.0
120  56.0  375.0
140  76.0  367.0
160  81.0  332.0
180  91.0  224.0
200  95.0  254.0
40  10.0  170.0
60  23.0  292.0
80  37.0  275.0
100  38.0  218.0
120  45.0  437.0
140  81.0  331.0
160  76.0  410.0
180  80.0  422.0
200  62.0  301.0
40  38.0  161.0
60  20.0  237.0
80  31.0  304.0
100  50.0  467.0
120  51.0  480.0
140  97.0  224.0
160  85.0  319.0
180  53.0  382.0
200  87.0  236.0
40  18.0  300.0
60  17.0  347.0
80  51.0  302.0
100  51.0  286.0
120  31.0  128.0
140  65.0  419.0
160  93.0  277.0
180  60.0  392.0
200  84.0  339.0
40  29.0  231.0
60  35.0  408.0
80  44.0  450.0
100  41.0  409.0
120  40.0  453.0
140  61.0  461.0
160  76.0  376.0
180  57.0  366.0
200  86.0  407.0
40  36.0  359.0
60  35.0  352.0
80  50.0  454.0
100  36.0  237.0
120  79.0  358.0
140  72.0  446.0
160  96.0  235.0
180  94.0  240.0
200  98.0  226.0
40  41.0  231.0
60  19.0  301.0
80  43.0  408.0
100  55.0  417.0
120  63.0  287.0
140  92.0  245.0
160  71.0  344.0
180  39.0  183.0
200  79.0  391.0
40  39.0  272.0
60  38.0  386.0
80  26.0  354.0
100  79.0  271.0
120  32.0  605.0
140  48.0  434.0
160  90.0  302.0
180  97.0  228.0
200  98.0  235.0
40  51.0  266.0
60  26.0  145.0
80  38.0  428.0
100  32.0  246.0
120  36.0  323.0
140  82.0  305.0
160  91.0  291.0
180  65.0  255.0
200  68.0  292.0
40  5.0  223.0
60  25.0  294.0
80  51.0  434.0
100  89.0  253.0
120  56.0  191.0
140  71.0  331.0
160  69.0  266.0
180  97.0  251.0
200  87.0  320.0
40  35.0  294.0
60  29.0  429.0
80  58.0  379.0
100  63.0  425.0
120  43.0  538.0
140  44.0  358.0
160  41.0  574.0
180  83.0  316.0
200  54.0  286.0
40  16.0  196.0
60  30.0  339.0
80  47.0  248.0
100  71.0  358.0
120  77.0  322.0
140  57.0  478.0
160  86.0  326.0
180  80.0  333.0
200  85.0  347.0
40  23.0  277.0
60  22.0  302.0
80  36.0  229.0
100  56.0  470.0
120  58.0  403.0
140  73.0  375.0
160  70.0  399.0
180  92.0  312.0
200  87.0  215.0
40  6.0  232.0
60  50.0  274.0
80  34.0  440.0
100  57.0  281.0
120  60.0  358.0
140  61.0  325.0
160  93.0  250.0
180  71.0  357.0
200  96.0  215.0
40  16.0  244.0
60  7.0  397.0
80  45.0  403.0
100  76.0  342.0
120  67.0  239.0
140  84.0  351.0
160  71.0  301.0
180  75.0  379.0
200  100.0  200.0
40  20.0  220.0
60  22.0  162.0
80  50.0  410.0
100  51.0  523.0
120  53.0  296.0
140  71.0  299.0
160  96.0  265.0
180  75.0  299.0
200  88.0  266.0
40  13.0  184.0
60  37.0  181.0
80  80.0  302.0
100  70.0  188.0
120  40.0  304.0
140  58.0  320.0
160  58.0  378.0
180  89.0  173.0
200  66.0  445.0
40  43.0  324.0
60  43.0  313.0
80  41.0  454.0
100  48.0  349.0
120  46.0  443.0
140  60.0  291.0
160  89.0  243.0
180  76.0  387.0
200  80.0  416.0
40  13.0  278.0
60  12.0  179.0
80  48.0  274.0
100  69.0  329.0
120  65.0  369.0
140  42.0  350.0
160  88.0  312.0
180  48.0  351.0
200  77.0  466.0
40  39.0  239.0
60  23.0  200.0
80  42.0  347.0
100  46.0  242.0
120  64.0  499.0
140  59.0  193.0
160  92.0  296.0
180  83.0  331.0
200  96.0  237.0
40  33.0  250.0
60  44.0  381.0
80  29.0  269.0
100  62.0  270.0
120  71.0  372.0
140  72.0  230.0
160  65.0  387.0
180  63.0  274.0
200  96.0  247.0
40  21.0  165.0
60  20.0  435.0
80  42.0  272.0
100  33.0  354.0
120  66.0  469.0
140  64.0  396.0
160  82.0  374.0
180  77.0  398.0
200  91.0  343.0
40  1.0  218.0
60  56.0  294.0
80  78.0  323.0
100  47.0  357.0
120  49.0  446.0
140  34.0  296.0
160  74.0  324.0
180  75.0  266.0
200  83.0  285.0
40  7.0  174.0
60  27.0  376.0
80  33.0  267.0
100  55.0  374.0
120  83.0  355.0
140  53.0  364.0
160  79.0  344.0
180  99.0  222.0
200  83.0  362.0
40  25.0  161.0
60  23.0  248.0
80  78.0  323.0
100  40.0  521.0
120  29.0  460.0
140  64.0  239.0
160  81.0  323.0
180  89.0  375.0
200  77.0  353.0
40  44.0  361.0
60  29.0  372.0
80  53.0  353.0
100  59.0  398.0
120  50.0  316.0
140  31.0  206.0
160  70.0  332.0
180  63.0  183.0
200  85.0  200.0
40  13.0  287.0
60  52.0  346.0
80  23.0  293.0
100  52.0  398.0
120  75.0  363.0
140  60.0  212.0
160  89.0  317.0
180  87.0  335.0
200  98.0  224.0
40  20.0  239.0
60  12.0  395.0
80  36.0  326.0
100  37.0  173.0
120  82.0  188.0
140  73.0  475.0
160  80.0  343.0
180  93.0  194.0
200  95.0  258.0
40  15.0  302.0
60  54.0  356.0
80  32.0  323.0
100  41.0  278.0
120  50.0  463.0
140  81.0  329.0
160  62.0  271.0
180  77.0  303.0
200  36.0  406.0
40  24.0  323.0
60  64.0  309.0
80  53.0  259.0
100  21.0  643.0
120  21.0  212.0
140  77.0  385.0
160  79.0  297.0
180  96.0  253.0
200  77.0  253.0
40  30.0  201.0
60  44.0  265.0
80  21.0  510.0
100  62.0  466.0
120  82.0  344.0
140  92.0  225.0
160  71.0  506.0
180  88.0  341.0
200  90.0  275.0
40  8.0  250.0
60  49.0  264.0
80  9.0  372.0
100  75.0  353.0
120  77.0  316.0
140  66.0  355.0
160  87.0  301.0
180  70.0  216.0
200  72.0  289.0
40  41.0  247.0
60  26.0  363.0
80  41.0  431.0
100  63.0  333.0
120  34.0  209.0
140  67.0  382.0
160  63.0  637.0
180  66.0  301.0
200  94.0  215.0
40  17.0  104.0
60  13.0  371.0
80  32.0  351.0
100  65.0  402.0
120  77.0  312.0
140  52.0  341.0
160  73.0  420.0
180  99.0  217.0
200  82.0  333.0
40  23.0  241.0
60  44.0  337.0
80  59.0  394.0
100  65.0  283.0
120  70.0  409.0
140  48.0  313.0
160  83.0  339.0
180  84.0  236.0
200  85.0  333.0
40  20.0  305.0
60  44.0  283.0
80  22.0  208.0
100  34.0  499.0
120  47.0  547.0
140  81.0  324.0
160  77.0  429.0
180  89.0  287.0
200  71.0  368.0
40  33.0  365.0
60  5.0  160.0
80  42.0  217.0
100  64.0  328.0
120  74.0  266.0
140  72.0  345.0
160  53.0  392.0
180  75.0  268.0
200  93.0  263.0
40  34.0  361.0
60  24.0  319.0
80  39.0  410.0
100  61.0  386.0
120  73.0  336.0
140  65.0  313.0
160  89.0  288.0
180  66.0  298.0
200  89.0  182.0
40  25.0  105.0
60  8.0  446.0
80  35.0  434.0
100  53.0  314.0
120  44.0  426.0
140  84.0  279.0
160  62.0  479.0
180  84.0  332.0
200  76.0  299.0
