1  960.0  812.0
1  897.0  4235.0
1  1000.0  124.0
1  908.0  2452.0
1  999.0  1324.0
1  978.0  1284.0
1  983.0  989.0
1  877.0  1353.0
1  950.0  1881.0
1  990.0  961.0
1  984.0  1408.0
1  1000.0  213.0
1  903.0  623.0
1  1000.0  8.0
1  981.0  1245.0
1  938.0  1286.0
1  973.0  1093.0
1  989.0  1759.0
1  920.0  1874.0
1  958.0  1783.0
1  982.0  1377.0
1  975.0  1597.0
1  971.0  2204.0
1  1000.0  309.0
1  996.0  343.0
1  862.0  2389.0
1  994.0  509.0
1  910.0  2108.0
1  999.0  757.0
1  860.0  4041.0
1  917.0  2232.0
1  988.0  322.0
1  860.0  2483.0
1  896.0  2504.0
1  1000.0  296.0
1  1000.0  1544.0
1  1000.0  221.0
1  987.0  1423.0
1  973.0  761.0
1  968.0  1846.0
1  968.0  1660.0
1  889.0  3498.0
1  964.0  422.0
1  995.0  124.0
1  994.0  140.0
1  987.0  1575.0
1  996.0  253.0
1  943.0  1885.0
1  999.0  372.0
1  997.0  717.0
2  1000.0  541.0
2  917.0  1585.0
2  1000.0  600.0
2  999.0  164.0
2  997.0  1516.0
2  907.0  2104.0
2  894.0  2074.0
2  935.0  1935.0
2  982.0  683.0
2  988.0  623.0
2  926.0  1825.0
2  988.0  1510.0
2  996.0  476.0
2  992.0  209.0
2  949.0  1613.0
2  931.0  1889.0
2  979.0  1560.0
2  932.0  2150.0
2  993.0  248.0
2  1000.0  537.0
2  951.0  1867.0
2  994.0  627.0
2  971.0  1084.0
2  949.0  1347.0
2  990.0  515.0
2  995.0  501.0
2  1000.0  106.0
2  1000.0  354.0
2  885.0  2476.0
2  962.0  877.0
2  991.0  1019.0
2  996.0  245.0
2  935.0  2175.0
2  981.0  543.0
2  915.0  2155.0
2  992.0  1126.0
2  975.0  603.0
2  998.0  370.0
2  787.0  3559.0
2  985.0  311.0
2  973.0  1664.0
2  921.0  1495.0
2  978.0  2115.0
2  957.0  1231.0
2  915.0  2331.0
2  955.0  1901.0
2  844.0  3019.0
2  904.0  1713.0
2  953.0  3140.0
2  966.0  1231.0
3  604.0  5556.0
3  1000.0  329.0
3  721.0  5855.0
3  870.0  3082.0
3  871.0  2247.0
3  965.0  361.0
3  902.0  2177.0
3  988.0  899.0
3  986.0  749.0
3  971.0  2536.0
3  948.0  1185.0
3  881.0  1938.0
3  993.0  235.0
3  971.0  1536.0
3  947.0  1143.0
3  892.0  2387.0
3  977.0  1611.0
3  784.0  4880.0
3  958.0  897.0
3  936.0  1863.0
3  891.0  3328.0
3  974.0  911.0
3  930.0  2321.0
3  959.0  1529.0
3  797.0  2821.0
3  900.0  2266.0
3  757.0  2052.0
3  804.0  3096.0
3  855.0  3196.0
3  1000.0  88.0
3  857.0  3562.0
3  788.0  5298.0
3  911.0  1900.0
3  998.0  220.0
3  978.0  499.0
3  971.0  715.0
3  871.0  3688.0
3  701.0  7053.0
3  791.0  4349.0
3  956.0  1166.0
3  1000.0  252.0
3  946.0  1593.0
3  856.0  3641.0
3  912.0  3214.0
3  984.0  529.0
3  996.0  145.0
3  967.0  1448.0
3  989.0  418.0
3  925.0  1669.0
3  928.0  1639.0
4  982.0  1170.0
4  997.0  402.0
4  950.0  1438.0
4  999.0  220.0
4  920.0  2273.0
4  958.0  1625.0
4  964.0  607.0
4  741.0  4488.0
4  869.0  3723.0
