0  50.0  289.0
0  42.0  451.0
0  38.0  268.0
0  80.0  350.0
0  51.0  407.0
0  70.0  335.0
0  26.0  363.0
0  45.0  266.0
0  61.0  381.0
0  42.0  651.0
0  47.0  400.0
0  38.0  499.0
0  47.0  413.0
0  72.0  311.0
0  85.0  237.0
0  73.0  287.0
0  16.0  400.0
0  53.0  428.0
0  83.0  318.0
0  57.0  422.0
0  34.0  495.0
0  7.0  204.0
0  16.0  294.0
0  45.0  314.0
0  77.0  305.0
0  40.0  456.0
0  68.0  311.0
0  93.0  259.0
0  50.0  472.0
0  28.0  292.0
0  21.0  194.0
0  36.0  338.0
0  48.0  441.0
0  56.0  537.0
0  46.0  310.0
0  28.0  189.0
0  56.0  350.0
0  38.0  360.0
0  53.0  436.0
0  29.0  351.0
0  37.0  253.0
0  44.0  407.0
0  39.0  338.0
0  51.0  515.0
0  45.0  392.0
0  34.0  476.0
0  85.0  297.0
0  17.0  417.0
0  54.0  423.0
0  44.0  400.0
0  43.0  505.0
0  57.0  546.0
0  37.0  425.0
0  50.0  333.0
0  33.0  454.0
0  41.0  519.0
0  40.0  440.0
0  65.0  409.0
0  59.0  453.0
0  23.0  519.0
0  36.0  292.0
0  14.0  431.0
0  61.0  248.0
0  15.0  237.0
0  49.0  387.0
0  41.0  265.0
0  73.0  344.0
0  65.0  238.0
0  42.0  460.0
0  34.0  332.0
0  32.0  353.0
0  45.0  333.0
0  80.0  321.0
0  41.0  306.0
0  50.0  332.0
0  45.0  526.0
0  36.0  511.0
0  32.0  468.0
0  71.0  359.0
0  48.0  255.0
0  52.0  415.0
0  50.0  333.0
0  70.0  425.0
0  84.0  298.0
0  47.0  424.0
0  18.0  340.0
0  36.0  385.0
0  30.0  442.0
0  63.0  410.0
0  59.0  267.0
0  51.0  413.0
0  20.0  404.0
0  65.0  310.0
0  55.0  505.0
0  56.0  397.0
0  54.0  404.0
0  51.0  304.0
0  21.0  488.0
0  25.0  324.0
0  18.0  391.0
1  52.0  497.0
1  56.0  393.0
1  67.0  470.0
1  52.0  510.0
1  75.0  269.0
1  53.0  417.0
1  64.0  321.0
1  64.0  362.0
1  34.0  384.0
1  61.0  319.0
1  78.0  236.0
1  27.0  336.0
1  45.0  390.0
1  62.0  359.0
1  88.0  263.0
1  39.0  618.0
1  42.0  280.0
1  31.0  247.0
1  26.0  353.0
1  49.0  408.0
1  57.0  437.0
1  63.0  204.0
1  51.0  619.0
1  87.0  188.0
1  59.0  380.0
1  61.0  377.0
1  26.0  571.0
1  43.0  286.0
1  55.0  523.0
1  75.0  364.0
1  29.0  298.0
1  42.0  374.0
1  51.0  354.0
1  40.0  272.0
1  55.0  299.0
1  71.0  416.0
1  34.0  395.0
1  70.0  214.0
1  51.0  177.0
1  47.0  467.0
1  63.0  419.0
1  75.0  309.0
1  51.0  380.0
1  59.0  322.0
1  13.0  293.0
1  49.0  195.0
1  36.0  342.0
1  49.0  513.0
1  66.0  396.0
1  45.0  501.0
1  43.0  263.0
1  50.0  415.0
1  51.0  445.0
1  52.0  411.0
1  43.0  310.0
1  41.0  543.0
1  76.0  331.0
1  68.0  145.0
1  79.0  308.0
1  32.0  322.0
1  82.0  305.0
1  71.0  453.0
1  30.0  400.0
1  41.0  378.0
1  77.0  307.0
1  43.0  362.0
1  80.0  299.0
1  66.0  301.0
1  32.0  201.0
1  46.0  317.0
1  47.0  361.0
1  67.0  328.0
1  54.0  514.0
1  36.0  357.0
1  67.0  288.0
1  36.0  348.0
1  60.0  384.0
1  39.0  445.0
1  40.0  361.0
1  66.0  246.0
1  31.0  463.0
1  39.0  591.0
1  20.0  210.0
1  73.0  349.0
1  59.0  395.0
1  38.0  346.0
1  73.0  312.0
1  59.0  333.0
1  44.0  398.0
1  52.0  280.0
1  86.0  268.0
1  61.0  285.0
1  58.0  409.0
1  52.0  365.0
1  65.0  411.0
1  31.0  205.0
1  79.0  327.0
1  48.0  408.0
1  63.0  237.0
1  58.0  347.0
2  70.0  272.0
2  73.0  361.0
2  61.0  379.0
2  24.0  329.0
2  48.0  347.0
2  41.0  470.0
2  50.0  356.0
2  58.0  293.0
2  48.0  447.0
2  79.0  267.0
2  19.0  303.0
2  23.0  174.0
2  65.0  301.0
2  41.0  424.0
2  93.0  209.0
2  72.0  246.0
2  26.0  114.0
2  47.0  314.0
2  85.0  243.0
2  52.0  260.0
2  63.0  375.0
2  32.0  361.0
2  38.0  347.0
2  29.0  426.0
2  37.0  307.0
2  61.0  383.0
2  60.0  338.0
2  49.0  342.0
2  62.0  351.0
2  28.0  472.0
2  30.0  326.0
2  67.0  259.0
2  58.0  339.0
2  69.0  320.0
2  46.0  499.0
2  57.0  369.0
2  53.0  284.0
2  82.0  324.0
2  68.0  389.0
2  77.0  306.0
2  37.0  335.0
2  73.0  357.0
2  68.0  277.0
2  12.0  488.0
2  67.0  217.0
2  69.0  307.0
2  65.0  248.0
2  90.0  228.0
2  31.0  415.0
2  65.0  366.0
2  60.0  296.0
2  29.0  194.0
2  38.0  414.0
2  38.0  250.0
2  59.0  404.0
2  54.0  378.0
2  72.0  296.0
2  59.0  396.0
2  74.0  316.0
2  78.0  227.0
2  31.0  566.0
2  35.0  362.0
2  85.0  187.0
2  78.0  327.0
2  53.0  281.0
2  40.0  518.0
2  77.0  385.0
2  88.0  289.0
2  61.0  286.0
2  80.0  216.0
2  65.0  411.0
2  56.0  411.0
2  43.0  370.0
2  37.0  381.0
2  36.0  487.0
2  60.0  337.0
2  11.0  374.0
2  24.0  353.0
2  52.0  245.0
2  33.0  380.0
2  87.0  220.0
2  78.0  284.0
2  60.0  281.0
2  31.0  397.0
2  42.0  356.0
2  68.0  299.0
2  63.0  459.0
2  56.0  313.0
2  80.0  248.0
2  40.0  211.0
2  29.0  288.0
2  67.0  433.0
2  47.0  416.0
2  65.0  341.0
2  78.0  239.0
2  45.0  255.0
2  60.0  343.0
2  76.0  251.0
2  55.0  393.0
2  45.0  414.0
3  31.0  238.0
3  39.0  336.0
3  99.0  48.0
3  34.0  332.0
3  39.0  309.0
3  53.0  345.0
3  73.0  247.0
3  68.0  364.0
3  37.0  602.0
3  91.0  213.0
3  83.0  225.0
3  76.0  216.0
3  41.0  301.0
3  65.0  215.0
3  45.0  367.0
3  69.0  430.0
3  70.0  224.0
3  63.0  350.0
3  28.0  579.0
3  4.0  241.0
3  77.0  343.0
3  40.0  563.0
3  47.0  454.0
3  58.0  369.0
3  52.0  313.0
3  66.0  291.0
3  85.0  264.0
3  63.0  254.0
3  74.0  349.0
3  40.0  419.0
3  55.0  604.0
3  47.0  429.0
3  93.0  185.0
3  79.0  311.0
3  63.0  237.0
3  57.0  437.0
3  54.0  432.0
3  16.0  438.0
3  58.0  237.0
3  34.0  452.0
3  51.0  267.0
3  59.0  416.0
3  74.0  175.0
3  94.0  146.0
3  29.0  205.0
3  69.0  378.0
3  42.0  398.0
3  63.0  320.0
3  30.0  265.0
3  25.0  297.0
3  44.0  400.0
3  54.0  168.0
3  29.0  530.0
3  79.0  327.0
3  50.0  414.0
3  55.0  347.0
3  47.0  242.0
3  72.0  294.0
3  81.0  302.0
3  67.0  465.0
3  90.0  196.0
3  72.0  346.0
3  84.0  210.0
3  38.0  484.0
3  66.0  336.0
3  53.0  288.0
3  74.0  298.0
3  41.0  320.0
3  59.0  384.0
3  16.0  220.0
3  20.0  261.0
3  48.0  326.0
3  86.0  187.0
3  62.0  393.0
3  65.0  259.0
3  74.0  309.0
3  67.0  352.0
3  31.0  262.0
3  50.0  341.0
3  43.0  326.0
3  81.0  260.0
3  16.0  188.0
3  39.0  390.0
3  68.0  377.0
3  41.0  361.0
3  38.0  550.0
3  48.0  410.0
3  66.0  316.0
3  50.0  247.0
3  65.0  291.0
3  64.0  415.0
3  82.0  338.0
3  95.0  195.0
3  85.0  143.0
3  41.0  332.0
3  33.0  307.0
3  60.0  266.0
3  39.0  469.0
3  59.0  344.0
3  81.0  305.0
4  45.0  361.0
4  57.0  348.0
4  60.0  299.0
4  50.0  411.0
4  78.0  368.0
4  49.0  405.0
4  63.0  346.0
4  12.0  313.0
4  48.0  248.0
4  62.0  400.0
4  75.0  280.0
4  72.0  314.0
4  65.0  221.0
4  90.0  74.0
4  43.0  346.0
4  53.0  396.0
4  49.0  370.0
4  50.0  411.0
4  74.0  262.0
4  71.0  298.0
4  87.0  279.0
4  36.0  269.0
4  64.0  341.0
4  63.0  449.0
4  43.0  361.0
4  87.0  186.0
4  1.0  530.0
4  65.0  395.0
4  21.0  282.0
4  31.0  251.0
4  21.0  365.0
4  44.0  278.0
4  62.0  351.0
4  71.0  353.0
4  94.0  168.0
4  18.0  301.0
4  73.0  286.0
4  58.0  295.0
4  73.0  290.0
4  43.0  334.0
4  48.0  379.0
4  49.0  302.0
4  49.0  324.0
4  58.0  434.0
4  55.0  311.0
4  72.0  328.0
4  62.0  295.0
4  76.0  242.0
4  56.0  235.0
4  55.0  386.0
4  69.0  190.0
4  76.0  242.0
4  76.0  108.0
4  82.0  233.0
4  58.0  214.0
4  24.0  466.0
4  30.0  346.0
4  56.0  236.0
4  64.0  395.0
4  65.0  293.0
4  84.0  262.0
4  61.0  198.0
4  50.0  223.0
4  60.0  415.0
4  68.0  141.0
4  55.0  234.0
4  29.0  568.0
4  46.0  300.0
4  32.0  368.0
4  44.0  216.0
4  76.0  285.0
4  59.0  337.0
4  51.0  313.0
4  66.0  325.0
4  63.0  362.0
4  30.0  257.0
4  34.0  486.0
4  51.0  349.0
4  90.0  153.0
4  15.0  330.0
4  73.0  198.0
4  52.0  441.0
4  65.0  382.0
4  85.0  228.0
4  65.0  288.0
4  74.0  249.0
4  53.0  374.0
4  88.0  206.0
4  42.0  323.0
4  36.0  431.0
4  66.0  383.0
4  71.0  225.0
4  28.0  342.0
4  81.0  167.0
4  79.0  178.0
4  60.0  420.0
4  72.0  268.0
4  35.0  344.0
4  50.0  328.0
4  40.0  238.0
5  15.0  304.0
5  27.0  303.0
5  55.0  371.0
5  18.0  303.0
5  58.0  340.0
5  80.0  287.0
5  53.0  148.0
5  29.0  410.0
5  48.0  257.0
5  26.0  236.0
5  48.0  470.0
5  50.0  212.0
5  58.0  194.0
5  100.0  33.0
5  93.0  158.0
5  15.0  337.0
5  67.0  351.0
5  100.0  74.0
5  88.0  151.0
5  73.0  360.0
5  68.0  325.0
5  48.0  221.0
5  56.0  349.0
5  22.0  391.0
5  79.0  303.0
5  30.0  303.0
5  72.0  332.0
5  39.0  230.0
5  52.0  361.0
5  54.0  221.0
5  52.0  225.0
5  32.0  460.0
5  55.0  384.0
5  84.0  151.0
5  42.0  397.0
5  92.0  83.0
5  75.0  171.0
5  23.0  269.0
5  97.0  56.0
5  41.0  431.0
5  45.0  272.0
5  95.0  71.0
5  50.0  350.0
5  65.0  325.0
5  49.0  97.0
5  31.0  330.0
5  79.0  99.0
5  74.0  335.0
5  60.0  216.0
5  79.0  216.0
5  66.0  376.0
5  54.0  200.0
5  91.0  210.0
5  83.0  133.0
5  93.0  76.0
5  62.0  372.0
5  53.0  369.0
5  62.0  341.0
5  85.0  119.0
5  72.0  251.0
5  58.0  313.0
5  21.0  258.0
5  77.0  293.0
5  81.0  189.0
5  93.0  54.0
5  63.0  334.0
5  45.0  453.0
5  46.0  328.0
5  56.0  360.0
5  81.0  264.0
5  27.0  169.0
5  47.0  314.0
5  51.0  326.0
5  68.0  266.0
5  82.0  272.0
5  25.0  226.0
5  69.0  439.0
5  56.0  244.0
5  66.0  316.0
5  70.0  284.0
5  39.0  315.0
5  62.0  213.0
5  42.0  582.0
5  72.0  311.0
5  41.0  206.0
5  69.0  200.0
5  58.0  347.0
5  68.0  305.0
5  47.0  265.0
5  98.0  118.0
5  83.0  248.0
5  19.0  188.0
5  94.0  28.0
5  43.0  341.0
5  63.0  336.0
5  67.0  368.0
5  74.0  310.0
5  58.0  249.0
5  68.0  371.0
5  46.0  232.0
6  38.0  383.0
6  90.0  173.0
6  62.0  331.0
6  54.0  280.0
6  53.0  313.0
6  73.0  144.0
6  95.0  72.0
6  66.0  416.0
6  100.0  51.0
6  57.0  326.0
6  56.0  310.0
6  65.0  269.0
6  28.0  237.0
6  74.0  103.0
6  86.0  263.0
6  86.0  210.0
6  62.0  186.0
6  46.0  333.0
6  33.0  186.0
6  79.0  188.0
6  81.0  85.0
6  77.0  169.0
6  88.0  115.0
6  78.0  185.0
6  84.0  316.0
6  43.0  205.0
6  68.0  347.0
6  55.0  382.0
6  81.0  227.0
6  70.0  278.0
6  49.0  466.0
6  57.0  299.0
6  74.0  222.0
6  48.0  288.0
6  59.0  335.0
6  76.0  324.0
6  66.0  312.0
6  67.0  259.0
6  22.0  302.0
6  73.0  318.0
6  42.0  263.0
6  32.0  486.0
6  100.0  15.0
6  87.0  148.0
6  75.0  299.0
6  68.0  317.0
6  65.0  245.0
6  47.0  401.0
6  58.0  361.0
6  79.0  186.0
6  98.0  59.0
6  78.0  202.0
6  50.0  436.0
6  50.0  374.0
6  76.0  241.0
6  58.0  188.0
6  55.0  308.0
6  84.0  197.0
6  56.0  234.0
6  80.0  232.0
6  73.0  338.0
6  61.0  249.0
6  42.0  278.0
6  36.0  180.0
6  98.0  55.0
6  65.0  175.0
6  75.0  115.0
6  65.0  267.0
6  46.0  249.0
6  81.0  360.0
6  50.0  339.0
6  74.0  198.0
6  83.0  177.0
6  57.0  344.0
6  66.0  254.0
6  52.0  397.0
6  72.0  255.0
6  82.0  231.0
6  85.0  134.0
6  80.0  251.0
6  71.0  272.0
6  56.0  216.0
6  71.0  255.0
6  62.0  422.0
6  64.0  207.0
6  9.0  258.0
6  57.0  270.0
6  32.0  478.0
6  89.0  107.0
6  75.0  265.0
6  63.0  220.0
6  83.0  208.0
6  59.0  312.0
6  67.0  433.0
6  33.0  229.0
6  34.0  366.0
6  100.0  59.0
6  59.0  256.0
6  36.0  425.0
6  67.0  282.0
7  42.0  387.0
7  91.0  156.0
7  87.0  60.0
7  47.0  352.0
7  55.0  257.0
7  41.0  260.0
7  88.0  140.0
7  87.0  167.0
7  78.0  150.0
7  87.0  193.0
7  94.0  132.0
7  63.0  320.0
7  64.0  280.0
7  94.0  194.0
7  43.0  224.0
7  50.0  359.0
7  65.0  164.0
7  69.0  253.0
7  70.0  242.0
7  57.0  126.0
7  71.0  383.0
7  47.0  189.0
7  70.0  262.0
7  76.0  279.0
7  42.0  317.0
7  80.0  274.0
7  59.0  317.0
7  74.0  311.0
7  95.0  66.0
7  20.0  227.0
7  94.0  197.0
7  40.0  311.0
7  46.0  328.0
7  75.0  287.0
7  54.0  453.0
7  74.0  103.0
7  82.0  179.0
7  35.0  211.0
7  77.0  161.0
7  49.0  328.0
7  99.0  57.0
7  95.0  81.0
7  25.0  219.0
7  78.0  294.0
7  48.0  244.0
7  77.0  235.0
7  81.0  190.0
7  74.0  161.0
7  54.0  276.0
7  100.0  56.0
7  37.0  451.0
7  58.0  359.0
7  66.0  236.0
7  57.0  161.0
7  100.0  54.0
7  14.0  287.0
7  35.0  232.0
7  70.0  174.0
7  35.0  310.0
7  49.0  246.0
7  95.0  140.0
7  58.0  324.0
7  77.0  236.0
7  57.0  399.0
7  65.0  316.0
7  72.0  190.0
7  78.0  342.0
7  49.0  153.0
7  47.0  253.0
7  61.0  307.0
7  75.0  315.0
7  71.0  285.0
7  50.0  332.0
7  58.0  294.0
7  86.0  123.0
7  48.0  501.0
7  26.0  330.0
7  96.0  45.0
7  55.0  85.0
7  67.0  317.0
7  60.0  179.0
7  89.0  160.0
7  78.0  234.0
7  45.0  225.0
7  30.0  437.0
7  77.0  274.0
7  57.0  343.0
7  76.0  145.0
7  62.0  390.0
7  81.0  145.0
7  54.0  331.0
7  86.0  258.0
7  25.0  401.0
7  91.0  208.0
7  82.0  276.0
7  23.0  343.0
7  59.0  270.0
7  41.0  343.0
7  61.0  343.0
7  70.0  179.0
8  52.0  328.0
8  69.0  313.0
8  71.0  283.0
8  77.0  252.0
8  94.0  117.0
8  87.0  196.0
8  50.0  489.0
8  38.0  463.0
8  82.0  183.0
8  63.0  359.0
8  63.0  267.0
8  70.0  172.0
8  99.0  129.0
8  48.0  385.0
8  69.0  394.0
8  89.0  119.0
8  48.0  224.0
8  55.0  258.0
8  65.0  226.0
8  73.0  280.0
8  46.0  141.0
8  89.0  147.0
8  90.0  150.0
8  46.0  122.0
8  73.0  293.0
8  57.0  242.0
8  44.0  269.0
8  73.0  251.0
8  62.0  408.0
8  51.0  432.0
8  64.0  367.0
8  65.0  232.0
8  88.0  91.0
8  74.0  119.0
8  53.0  180.0
8  65.0  217.0
8  66.0  403.0
8  100.0  100.0
8  84.0  100.0
8  51.0  384.0
8  46.0  260.0
8  88.0  236.0
8  53.0  277.0
8  86.0  159.0
8  33.0  310.0
8  58.0  279.0
8  59.0  304.0
8  70.0  304.0
8  89.0  77.0
8  77.0  291.0
8  94.0  43.0
8  86.0  168.0
8  71.0  218.0
8  41.0  294.0
8  85.0  160.0
8  84.0  174.0
8  34.0  349.0
8  64.0  247.0
8  48.0  245.0
8  93.0  55.0
8  73.0  228.0
8  90.0  211.0
8  76.0  227.0
8  94.0  94.0
8  60.0  211.0
8  85.0  107.0
8  56.0  292.0
8  69.0  282.0
8  27.0  280.0
8  66.0  162.0
8  71.0  306.0
8  43.0  347.0
8  52.0  211.0
8  64.0  280.0
8  30.0  322.0
8  47.0  426.0
8  3.0  215.0
8  26.0  146.0
8  70.0  270.0
8  35.0  280.0
8  90.0  153.0
8  59.0  336.0
8  79.0  100.0
8  56.0  333.0
8  59.0  236.0
8  35.0  343.0
8  73.0  203.0
8  57.0  217.0
8  78.0  171.0
8  92.0  96.0
8  78.0  314.0
8  36.0  224.0
8  64.0  95.0
8  80.0  43.0
8  67.0  260.0
8  96.0  97.0
8  56.0  336.0
8  93.0  43.0
8  63.0  383.0
8  68.0  223.0
9  65.0  309.0
9  42.0  445.0
9  62.0  215.0
9  81.0  138.0
9  64.0  252.0
9  98.0  50.0
9  73.0  301.0
9  52.0  226.0
9  72.0  232.0
9  83.0  301.0
9  69.0  389.0
9  31.0  367.0
9  65.0  180.0
9  87.0  264.0
9  68.0  306.0
9  100.0  41.0
9  92.0  124.0
9  63.0  328.0
9  75.0  200.0
9  70.0  265.0
9  69.0  248.0
9  88.0  123.0
9  70.0  366.0
9  65.0  283.0
9  72.0  192.0
9  60.0  185.0
9  67.0  269.0
9  29.0  290.0
9  75.0  152.0
9  42.0  359.0
9  60.0  283.0
9  80.0  245.0
9  79.0  225.0
9  49.0  351.0
9  78.0  214.0
9  74.0  242.0
9  38.0  283.0
9  94.0  165.0
9  50.0  296.0
9  78.0  199.0
9  77.0  241.0
9  34.0  422.0
9  83.0  247.0
9  40.0  346.0
9  84.0  194.0
9  89.0  241.0
9  5.0  500.0
9  84.0  156.0
9  62.0  266.0
9  59.0  233.0
9  28.0  336.0
9  80.0  260.0
9  76.0  209.0
9  78.0  198.0
9  81.0  254.0
9  27.0  223.0
9  51.0  264.0
9  88.0  73.0
9  86.0  212.0
9  81.0  283.0
9  88.0  72.0
9  66.0  306.0
9  86.0  125.0
9  50.0  241.0
9  54.0  350.0
9  72.0  151.0
9  81.0  220.0
9  85.0  144.0
9  89.0  104.0
9  60.0  294.0
9  51.0  358.0
9  80.0  187.0
9  78.0  284.0
9  89.0  99.0
9  90.0  97.0
9  67.0  281.0
9  82.0  168.0
9  83.0  169.0
9  79.0  144.0
9  100.0  26.0
9  41.0  235.0
9  75.0  159.0
9  79.0  254.0
9  81.0  148.0
9  67.0  289.0
9  66.0  378.0
9  56.0  227.0
9  63.0  81.0
9  18.0  445.0
9  71.0  283.0
9  75.0  266.0
9  25.0  420.0
9  61.0  77.0
9  80.0  240.0
9  31.0  168.0
9  98.0  43.0
9  78.0  267.0
9  56.0  367.0
9  28.0  305.0
9  48.0  331.0
10  71.0  236.0
10  96.0  100.0
10  67.0  275.0
10  68.0  260.0
10  52.0  347.0
10  83.0  279.0
10  69.0  274.0
10  68.0  183.0
10  100.0  41.0
10  72.0  216.0
10  71.0  113.0
10  68.0  358.0
10  77.0  185.0
10  76.0  243.0
10  11.0  258.0
10  63.0  224.0
10  83.0  192.0
10  69.0  155.0
10  98.0  46.0
10  60.0  268.0
10  100.0  54.0
10  89.0  216.0
10  49.0  291.0
10  80.0  75.0
10  72.0  260.0
10  85.0  222.0
10  91.0  132.0
10  59.0  547.0
10  86.0  155.0
10  83.0  199.0
10  77.0  240.0
10  76.0  272.0
10  54.0  151.0
10  76.0  324.0
10  83.0  135.0
10  86.0  120.0
10  100.0  47.0
10  83.0  142.0
10  69.0  296.0
10  80.0  183.0
10  65.0  180.0
10  64.0  411.0
10  100.0  11.0
10  83.0  219.0
10  55.0  244.0
10  66.0  367.0
10  70.0  188.0
10  79.0  228.0
10  91.0  145.0
10  44.0  329.0
10  97.0  34.0
10  70.0  316.0
10  98.0  23.0
10  51.0  149.0
10  81.0  232.0
10  31.0  497.0
10  54.0  222.0
10  75.0  326.0
10  76.0  69.0
10  38.0  296.0
10  30.0  429.0
10  70.0  220.0
10  83.0  173.0
10  70.0  225.0
10  61.0  280.0
10  49.0  217.0
10  84.0  168.0
10  55.0  146.0
10  89.0  168.0
10  37.0  320.0
10  62.0  225.0
10  62.0  243.0
10  46.0  455.0
10  61.0  261.0
10  79.0  143.0
10  52.0  294.0
10  50.0  176.0
10  72.0  196.0
10  65.0  202.0
10  61.0  232.0
10  95.0  48.0
10  85.0  161.0
10  96.0  91.0
10  74.0  269.0
10  75.0  263.0
10  86.0  139.0
10  90.0  115.0
10  56.0  239.0
10  66.0  119.0
10  62.0  388.0
10  61.0  286.0
10  77.0  362.0
10  93.0  75.0
10  72.0  311.0
10  56.0  312.0
10  88.0  194.0
10  66.0  239.0
10  26.0  281.0
10  49.0  266.0
10  43.0  231.0
11  81.0  183.0
11  79.0  176.0
11  72.0  287.0
11  100.0  54.0
11  88.0  151.0
11  33.0  414.0
11  14.0  343.0
11  73.0  324.0
11  88.0  169.0
11  82.0  41.0
11  41.0  396.0
11  92.0  91.0
11  36.0  422.0
11  58.0  337.0
11  73.0  109.0
11  39.0  141.0
11  76.0  49.0
11  86.0  81.0
11  72.0  301.0
11  58.0  269.0
11  78.0  219.0
11  89.0  162.0
11  64.0  157.0
11  63.0  424.0
11  88.0  203.0
11  79.0  211.0
11  12.0  321.0
11  62.0  202.0
11  66.0  188.0
11  30.0  253.0
11  76.0  162.0
11  30.0  269.0
11  65.0  230.0
11  74.0  327.0
11  48.0  205.0
11  45.0  189.0
11  98.0  26.0
11  23.0  252.0
11  97.0  112.0
11  45.0  437.0
11  19.0  337.0
11  22.0  277.0
11  67.0  204.0
11  60.0  195.0
11  74.0  231.0
11  81.0  305.0
11  48.0  134.0
11  80.0  145.0
11  43.0  278.0
11  71.0  149.0
11  56.0  329.0
11  55.0  176.0
11  81.0  82.0
11  100.0  37.0
11  78.0  193.0
11  83.0  191.0
11  48.0  323.0
11  26.0  319.0
11  79.0  137.0
11  85.0  68.0
11  67.0  158.0
11  65.0  154.0
11  78.0  296.0
11  63.0  79.0
11  51.0  315.0
11  67.0  225.0
11  78.0  20.0
11  54.0  206.0
11  63.0  319.0
11  89.0  142.0
11  65.0  248.0
11  33.0  268.0
11  84.0  56.0
11  85.0  105.0
11  86.0  213.0
11  49.0  193.0
11  63.0  241.0
11  65.0  304.0
11  68.0  99.0
11  93.0  48.0
11  71.0  98.0
11  99.0  78.0
11  31.0  417.0
11  56.0  208.0
11  72.0  263.0
11  80.0  222.0
11  86.0  83.0
11  93.0  59.0
11  56.0  236.0
11  79.0  217.0
11  96.0  39.0
11  65.0  328.0
11  57.0  291.0
11  90.0  98.0
11  70.0  238.0
11  81.0  182.0
11  60.0  288.0
11  73.0  142.0
11  19.0  234.0
11  12.0  277.0
12  76.0  173.0
12  77.0  224.0
12  84.0  162.0
12  86.0  141.0
12  43.0  185.0
12  45.0  201.0
12  21.0  110.0
12  71.0  240.0
12  56.0  247.0
12  100.0  30.0
12  100.0  2.0
12  75.0  234.0
12  70.0  115.0
12  90.0  195.0
12  86.0  142.0
12  64.0  119.0
12  82.0  86.0
12  71.0  270.0
12  49.0  221.0
12  46.0  222.0
12  82.0  209.0
12  83.0  157.0
12  60.0  165.0
12  59.0  199.0
12  86.0  224.0
12  74.0  210.0
12  79.0  180.0
12  87.0  167.0
12  81.0  278.0
12  67.0  259.0
12  78.0  166.0
12  81.0  266.0
12  63.0  224.0
12  79.0  124.0
12  50.0  327.0
12  48.0  284.0
12  96.0  70.0
12  96.0  95.0
12  79.0  158.0
12  86.0  131.0
12  61.0  196.0
12  78.0  196.0
12  80.0  213.0
12  83.0  116.0
12  98.0  121.0
12  74.0  198.0
12  69.0  181.0
12  85.0  172.0
12  66.0  125.0
12  71.0  222.0
12  100.0  24.0
12  56.0  346.0
12  92.0  114.0
12  69.0  213.0
12  68.0  241.0
12  72.0  369.0
12  66.0  187.0
12  86.0  101.0
12  74.0  206.0
12  49.0  305.0
12  93.0  146.0
12  75.0  263.0
12  62.0  270.0
12  86.0  112.0
12  63.0  188.0
12  92.0  114.0
12  64.0  345.0
12  100.0  57.0
12  63.0  260.0
12  98.0  79.0
12  88.0  45.0
12  47.0  271.0
12  73.0  58.0
12  61.0  212.0
12  75.0  202.0
12  62.0  285.0
12  89.0  127.0
12  72.0  235.0
12  53.0  260.0
12  65.0  415.0
12  89.0  12.0
12  60.0  205.0
12  83.0  199.0
12  28.0  370.0
12  60.0  351.0
12  88.0  153.0
12  39.0  217.0
12  37.0  240.0
12  59.0  233.0
12  64.0  220.0
12  56.0  252.0
12  31.0  161.0
12  72.0  268.0
12  39.0  295.0
12  76.0  177.0
12  86.0  134.0
12  95.0  57.0
12  92.0  96.0
12  39.0  317.0
12  88.0  146.0
13  62.0  181.0
13  59.0  139.0
13  41.0  531.0
13  51.0  315.0
13  75.0  277.0
13  68.0  254.0
13  96.0  89.0
13  30.0  168.0
13  76.0  145.0
13  67.0  188.0
13  12.0  277.0
13  52.0  130.0
13  60.0  259.0
13  79.0  163.0
13  48.0  239.0
13  92.0  101.0
13  78.0  157.0
13  88.0  140.0
13  69.0  223.0
13  57.0  169.0
13  36.0  233.0
13  59.0  299.0
13  62.0  318.0
13  63.0  261.0
13  40.0  280.0
13  79.0  137.0
13  68.0  309.0
13  94.0  78.0
13  64.0  316.0
13  83.0  166.0
13  97.0  73.0
13  77.0  186.0
13  79.0  76.0
13  61.0  186.0
13  51.0  363.0
13  40.0  318.0
13  83.0  161.0
13  63.0  233.0
13  80.0  98.0
13  66.0  256.0
13  100.0  42.0
13  100.0  13.0
13  75.0  119.0
13  88.0  131.0
13  97.0  22.0
13  63.0  354.0
13  82.0  229.0
13  68.0  232.0
13  73.0  273.0
13  73.0  206.0
13  52.0  309.0
13  54.0  240.0
13  100.0  39.0
13  88.0  124.0
13  71.0  164.0
13  85.0  232.0
13  89.0  105.0
13  35.0  288.0
13  43.0  222.0
13  85.0  131.0
13  41.0  229.0
13  82.0  223.0
13  71.0  252.0
13  8.0  186.0
13  78.0  82.0
13  96.0  61.0
13  64.0  269.0
13  64.0  215.0
13  14.0  254.0
13  85.0  194.0
13  69.0  209.0
13  83.0  116.0
13  71.0  252.0
13  99.0  38.0
13  77.0  160.0
13  73.0  190.0
13  79.0  244.0
13  41.0  75.0
13  88.0  166.0
13  84.0  124.0
13  81.0  92.0
13  85.0  162.0
13  59.0  281.0
13  96.0  9.0
13  97.0  78.0
13  77.0  222.0
13  85.0  133.0
13  100.0  21.0
13  82.0  130.0
13  82.0  205.0
13  93.0  124.0
13  84.0  129.0
13  99.0  86.0
13  49.0  126.0
13  78.0  195.0
13  34.0  199.0
13  30.0  213.0
13  74.0  212.0
13  87.0  131.0
13  83.0  59.0
14  68.0  125.0
14  100.0  41.0
14  89.0  129.0
14  97.0  79.0
14  81.0  108.0
14  56.0  293.0
14  74.0  142.0
14  58.0  157.0
14  36.0  350.0
14  37.0  314.0
14  78.0  112.0
14  66.0  348.0
14  98.0  17.0
14  89.0  142.0
14  79.0  140.0
14  57.0  320.0
14  52.0  276.0
14  69.0  309.0
14  59.0  198.0
14  56.0  198.0
14  27.0  206.0
14  50.0  208.0
14  83.0  169.0
14  86.0  145.0
14  91.0  166.0
14  78.0  117.0
14  66.0  108.0
14  82.0  235.0
14  52.0  164.0
14  32.0  223.0
14  71.0  156.0
14  56.0  74.0
14  90.0  107.0
14  68.0  233.0
14  74.0  256.0
14  45.0  171.0
14  85.0  212.0
14  63.0  320.0
14  81.0  237.0
14  66.0  372.0
14  73.0  124.0
14  71.0  307.0
14  56.0  256.0
14  67.0  188.0
14  77.0  333.0
14  47.0  227.0
14  82.0  240.0
14  31.0  188.0
14  60.0  381.0
14  54.0  204.0
14  73.0  232.0
14  62.0  182.0
14  93.0  120.0
14  56.0  64.0
14  60.0  257.0
14  76.0  143.0
14  46.0  228.0
14  32.0  231.0
14  72.0  81.0
14  92.0  72.0
14  92.0  150.0
14  72.0  258.0
14  85.0  150.0
14  98.0  49.0
14  86.0  185.0
14  62.0  182.0
14  58.0  199.0
14  100.0  86.0
14  71.0  280.0
14  67.0  141.0
14  28.0  295.0
14  48.0  257.0
14  94.0  50.0
14  100.0  8.0
14  83.0  201.0
14  96.0  50.0
14  53.0  309.0
14  78.0  229.0
14  93.0  166.0
14  29.0  327.0
14  74.0  241.0
14  99.0  55.0
14  78.0  307.0
14  93.0  109.0
14  86.0  153.0
14  54.0  213.0
14  64.0  333.0
14  55.0  159.0
14  81.0  165.0
14  63.0  210.0
14  76.0  198.0
14  38.0  66.0
14  74.0  243.0
14  96.0  122.0
14  86.0  140.0
14  46.0  338.0
14  55.0  287.0
14  65.0  364.0
14  97.0  76.0
14  69.0  258.0
15  72.0  34.0
15  78.0  126.0
15  68.0  318.0
15  98.0  57.0
15  75.0  187.0
15  66.0  269.0
15  95.0  147.0
15  30.0  278.0
15  45.0  154.0
15  86.0  120.0
15  53.0  226.0
15  93.0  127.0
15  81.0  283.0
15  94.0  79.0
15  64.0  254.0
15  80.0  99.0
15  83.0  189.0
15  88.0  72.0
15  95.0  66.0
15  31.0  386.0
15  80.0  161.0
15  81.0  176.0
15  77.0  109.0
15  91.0  79.0
15  56.0  346.0
15  73.0  147.0
15  74.0  144.0
15  85.0  138.0
15  87.0  171.0
15  58.0  294.0
15  51.0  341.0
15  70.0  195.0
15  49.0  164.0
15  82.0  136.0
15  93.0  116.0
15  77.0  157.0
15  68.0  232.0
15  48.0  254.0
15  88.0  74.0
15  100.0  20.0
15  100.0  54.0
15  94.0  101.0
15  62.0  129.0
15  82.0  177.0
15  59.0  304.0
15  63.0  388.0
15  66.0  253.0
15  71.0  177.0
15  65.0  278.0
15  42.0  225.0
15  88.0  96.0
15  64.0  200.0
15  98.0  87.0
15  73.0  277.0
15  90.0  56.0
15  93.0  105.0
15  63.0  319.0
15  68.0  142.0
15  84.0  98.0
15  100.0  0.0
15  86.0  115.0
15  73.0  67.0
15  50.0  251.0
15  90.0  153.0
15  88.0  129.0
15  77.0  248.0
15  90.0  192.0
15  89.0  110.0
15  68.0  315.0
15  80.0  219.0
15  39.0  219.0
15  49.0  367.0
15  64.0  392.0
15  50.0  231.0
15  54.0  141.0
15  62.0  342.0
15  67.0  189.0
15  67.0  66.0
15  86.0  157.0
15  56.0  307.0
15  64.0  302.0
15  74.0  144.0
15  97.0  56.0
15  42.0  212.0
15  89.0  196.0
15  65.0  172.0
15  81.0  298.0
15  52.0  300.0
15  52.0  241.0
15  86.0  28.0
15  72.0  283.0
15  55.0  279.0
15  59.0  347.0
15  98.0  37.0
15  76.0  236.0
15  84.0  156.0
15  100.0  51.0
15  69.0  122.0
15  64.0  198.0
15  85.0  162.0
16  86.0  201.0
16  77.0  230.0
16  87.0  140.0
16  74.0  253.0
16  66.0  254.0
16  100.0  9.0
16  53.0  185.0
16  76.0  272.0
16  70.0  278.0
16  72.0  281.0
16  65.0  138.0
16  91.0  93.0
16  82.0  137.0
16  51.0  237.0
16  51.0  157.0
16  87.0  77.0
16  53.0  325.0
16  84.0  231.0
16  84.0  128.0
16  57.0  278.0
16  91.0  128.0
16  72.0  241.0
16  76.0  196.0
16  89.0  119.0
16  94.0  71.0
16  92.0  90.0
16  95.0  87.0
16  80.0  241.0
16  76.0  213.0
16  54.0  174.0
16  88.0  191.0
16  90.0  157.0
16  50.0  263.0
16  51.0  265.0
16  74.0  191.0
16  83.0  240.0
16  79.0  71.0
16  94.0  84.0
16  80.0  254.0
16  58.0  200.0
16  74.0  250.0
16  83.0  171.0
16  58.0  284.0
16  57.0  190.0
16  96.0  71.0
16  73.0  214.0
16  79.0  134.0
16  88.0  234.0
16  76.0  164.0
16  53.0  274.0
16  85.0  214.0
16  69.0  203.0
16  48.0  329.0
16  91.0  151.0
16  56.0  247.0
16  91.0  129.0
16  83.0  221.0
16  91.0  94.0
16  39.0  454.0
16  68.0  236.0
16  91.0  92.0
16  62.0  252.0
16  86.0  167.0
16  44.0  303.0
16  64.0  191.0
16  67.0  226.0
16  84.0  90.0
16  76.0  312.0
16  74.0  215.0
16  60.0  217.0
16  68.0  273.0
16  43.0  195.0
16  59.0  253.0
16  70.0  298.0
16  98.0  38.0
16  55.0  261.0
16  82.0  153.0
16  87.0  101.0
16  72.0  237.0
16  77.0  209.0
16  94.0  119.0
16  81.0  244.0
16  77.0  227.0
16  93.0  80.0
16  79.0  238.0
16  73.0  238.0
16  100.0  7.0
16  76.0  197.0
16  96.0  159.0
16  38.0  250.0
16  47.0  237.0
16  60.0  159.0
16  54.0  267.0
16  85.0  195.0
16  81.0  105.0
16  99.0  17.0
16  90.0  133.0
16  83.0  175.0
16  90.0  161.0
16  64.0  265.0
17  70.0  171.0
17  90.0  75.0
17  89.0  75.0
17  94.0  104.0
17  94.0  89.0
17  69.0  189.0
17  85.0  181.0
17  85.0  181.0
17  100.0  0.0
17  91.0  49.0
17  60.0  189.0
17  86.0  127.0
17  58.0  117.0
17  94.0  109.0
17  73.0  250.0
17  58.0  180.0
17  97.0  90.0
17  75.0  202.0
17  87.0  67.0
17  93.0  50.0
17  80.0  80.0
17  50.0  269.0
17  91.0  112.0
17  41.0  189.0
17  75.0  173.0
17  62.0  267.0
17  63.0  164.0
17  79.0  289.0
17  83.0  13.0
17  100.0  104.0
17  88.0  147.0
17  99.0  12.0
17  73.0  214.0
17  90.0  104.0
17  50.0  139.0
17  61.0  153.0
17  91.0  158.0
17  76.0  269.0
17  80.0  182.0
17  99.0  42.0
17  98.0  108.0
17  100.0  35.0
17  94.0  113.0
17  90.0  119.0
17  75.0  172.0
17  60.0  213.0
17  69.0  80.0
17  70.0  207.0
17  99.0  5.0
17  60.0  197.0
17  99.0  66.0
17  98.0  73.0
17  51.0  305.0
17  67.0  114.0
17  71.0  144.0
17  87.0  182.0
17  69.0  230.0
17  74.0  221.0
17  49.0  227.0
17  77.0  190.0
17  58.0  171.0
17  80.0  129.0
17  91.0  111.0
17  84.0  217.0
17  89.0  75.0
17  83.0  163.0
17  42.0  219.0
17  98.0  99.0
17  93.0  79.0
17  62.0  194.0
17  70.0  175.0
17  80.0  90.0
17  57.0  181.0
17  71.0  294.0
17  73.0  162.0
17  90.0  230.0
17  84.0  165.0
17  69.0  235.0
17  76.0  212.0
17  96.0  83.0
17  95.0  119.0
17  97.0  45.0
17  85.0  239.0
17  91.0  69.0
17  73.0  223.0
17  82.0  181.0
17  68.0  127.0
17  96.0  30.0
17  88.0  114.0
17  35.0  194.0
17  37.0  345.0
17  9.0  206.0
17  71.0  204.0
17  87.0  117.0
17  55.0  223.0
17  83.0  140.0
17  68.0  226.0
17  38.0  78.0
17  86.0  208.0
17  71.0  185.0
18  39.0  289.0
18  56.0  436.0
18  98.0  64.0
18  93.0  46.0
18  86.0  159.0
18  91.0  72.0
18  77.0  203.0
18  71.0  175.0
18  66.0  258.0
18  67.0  265.0
18  91.0  136.0
18  100.0  14.0
18  62.0  299.0
18  73.0  102.0
18  86.0  102.0
18  100.0  25.0
18  48.0  236.0
18  99.0  47.0
18  57.0  181.0
18  53.0  191.0
18  83.0  126.0
18  93.0  53.0
18  77.0  204.0
18  79.0  135.0
18  59.0  97.0
18  95.0  72.0
18  100.0  7.0
18  62.0  203.0
18  84.0  160.0
18  98.0  55.0
18  84.0  112.0
18  72.0  99.0
18  91.0  159.0
18  70.0  252.0
18  58.0  349.0
18  76.0  144.0
18  89.0  94.0
18  48.0  212.0
18  84.0  183.0
18  17.0  83.0
18  86.0  138.0
18  60.0  310.0
18  84.0  155.0
18  83.0  209.0
18  100.0  21.0
18  83.0  182.0
18  92.0  68.0
18  100.0  43.0
18  74.0  162.0
18  72.0  203.0
18  97.0  29.0
18  78.0  249.0
18  67.0  120.0
18  87.0  87.0
18  74.0  174.0
18  31.0  249.0
18  73.0  277.0
18  84.0  133.0
18  68.0  291.0
18  55.0  361.0
18  64.0  146.0
18  54.0  288.0
18  89.0  175.0
18  97.0  46.0
18  62.0  164.0
18  91.0  121.0
18  97.0  87.0
18  88.0  100.0
18  58.0  275.0
18  79.0  193.0
18  99.0  23.0
18  59.0  188.0
18  85.0  158.0
18  51.0  268.0
18  82.0  217.0
18  89.0  104.0
18  87.0  153.0
18  91.0  78.0
18  65.0  136.0
18  83.0  180.0
18  76.0  116.0
18  82.0  159.0
18  68.0  271.0
18  63.0  127.0
18  88.0  112.0
18  94.0  46.0
18  79.0  158.0
18  76.0  236.0
18  96.0  37.0
18  55.0  243.0
18  80.0  149.0
18  88.0  68.0
18  65.0  178.0
18  81.0  165.0
18  82.0  79.0
18  51.0  148.0
18  64.0  193.0
18  78.0  56.0
18  58.0  191.0
18  100.0  15.0
19  60.0  43.0
19  94.0  71.0
19  59.0  167.0
19  76.0  151.0
19  39.0  539.0
19  100.0  24.0
19  55.0  348.0
19  28.0  153.0
19  60.0  256.0
19  74.0  176.0
19  76.0  143.0
19  80.0  208.0
19  90.0  45.0
19  93.0  80.0
19  62.0  123.0
19  81.0  237.0
19  55.0  213.0
19  82.0  187.0
19  92.0  102.0
19  98.0  14.0
19  73.0  233.0
19  65.0  182.0
19  34.0  301.0
19  65.0  238.0
19  56.0  349.0
19  83.0  242.0
19  53.0  255.0
19  66.0  294.0
19  92.0  143.0
19  72.0  211.0
19  68.0  269.0
19  60.0  179.0
19  100.0  18.0
19  86.0  142.0
19  77.0  132.0
19  89.0  109.0
19  95.0  96.0
19  57.0  175.0
19  95.0  51.0
19  70.0  174.0
19  58.0  166.0
19  98.0  57.0
19  66.0  270.0
19  79.0  163.0
19  79.0  301.0
19  69.0  259.0
19  86.0  224.0
19  37.0  229.0
19  92.0  65.0
19  58.0  304.0
19  95.0  88.0
19  100.0  34.0
19  96.0  80.0
19  78.0  152.0
19  86.0  171.0
19  37.0  286.0
19  78.0  61.0
19  98.0  80.0
19  96.0  49.0
19  90.0  155.0
19  98.0  79.0
19  72.0  164.0
19  57.0  155.0
19  66.0  283.0
19  77.0  235.0
19  79.0  73.0
19  77.0  89.0
19  37.0  141.0
19  96.0  76.0
19  68.0  147.0
19  88.0  66.0
19  69.0  148.0
19  82.0  158.0
19  97.0  76.0
19  87.0  172.0
19  69.0  291.0
19  98.0  22.0
19  49.0  229.0
19  77.0  172.0
19  80.0  222.0
19  87.0  110.0
19  74.0  241.0
19  76.0  192.0
19  67.0  262.0
19  95.0  71.0
19  93.0  15.0
19  94.0  88.0
19  81.0  143.0
19  75.0  121.0
19  90.0  133.0
19  77.0  152.0
19  53.0  170.0
19  88.0  204.0
19  65.0  169.0
19  88.0  47.0
19  93.0  117.0
19  43.0  135.0
19  46.0  213.0
19  89.0  70.0
19  87.0  101.0
20  89.0  65.0
20  86.0  136.0
20  58.0  259.0
20  75.0  186.0
20  61.0  203.0
20  54.0  158.0
20  79.0  118.0
20  87.0  166.0
20  86.0  69.0
20  95.0  84.0
20  74.0  59.0
20  64.0  181.0
20  100.0  15.0
20  91.0  66.0
20  57.0  351.0
20  96.0  57.0
20  63.0  225.0
20  98.0  15.0
20  94.0  94.0
20  86.0  202.0
20  35.0  273.0
20  56.0  345.0
20  81.0  86.0
20  79.0  103.0
20  80.0  68.0
20  86.0  126.0
20  91.0  152.0
20  90.0  119.0
20  94.0  185.0
20  66.0  120.0
20  93.0  136.0
20  58.0  234.0
20  61.0  191.0
20  88.0  104.0
20  76.0  156.0
20  64.0  169.0
20  49.0  249.0
20  44.0  197.0
20  90.0  135.0
20  83.0  163.0
20  100.0  7.0
20  91.0  110.0
20  85.0  103.0
20  70.0  167.0
20  83.0  117.0
20  89.0  130.0
20  86.0  116.0
20  81.0  163.0
20  91.0  158.0
20  67.0  159.0
20  84.0  60.0
20  48.0  104.0
20  74.0  167.0
20  82.0  156.0
20  100.0  8.0
20  98.0  58.0
20  60.0  288.0
20  63.0  212.0
20  76.0  179.0
20  70.0  87.0
20  89.0  90.0
20  78.0  177.0
20  83.0  118.0
20  80.0  192.0
20  61.0  340.0
20  75.0  178.0
20  96.0  21.0
20  62.0  200.0
20  65.0  272.0
20  88.0  154.0
20  68.0  86.0
20  82.0  214.0
20  61.0  121.0
20  96.0  54.0
20  85.0  91.0
20  71.0  202.0
20  70.0  86.0
20  100.0  18.0
20  64.0  224.0
20  79.0  203.0
20  92.0  75.0
20  52.0  335.0
20  70.0  103.0
20  82.0  151.0
20  58.0  131.0
20  51.0  266.0
20  83.0  122.0
20  78.0  182.0
20  73.0  168.0
20  77.0  221.0
20  78.0  196.0
20  69.0  209.0
20  80.0  231.0
20  60.0  152.0
20  61.0  192.0
20  90.0  226.0
20  97.0  113.0
20  96.0  54.0
20  78.0  197.0
20  65.0  150.0
