0  42.0  523
0  41.0  555
0  66.0  517
0  83.0  517
0  41.0  532
0  75.0  539
0  42.0  462
0  30.0  474
0  71.0  528
0  51.0  547
0  44.0  569
0  32.0  490
0  71.0  516
0  65.0  441
0  47.0  440
0  41.0  506
0  18.0  423
0  48.0  416
0  44.0  535
0  29.0  393
0  81.0  540
0  59.0  451
0  12.0  327
0  19.0  467
0  41.0  581
0  39.0  542
0  77.0  522
0  13.0  296
0  51.0  514
0  49.0  548
0  74.0  536
0  41.0  435
0  52.0  520
0  69.0  496
0  52.0  551
0  27.0  478
0  23.0  499
0  52.0  514
0  50.0  444
0  44.0  559
0  9.0  342
0  23.0  510
0  42.0  459
0  41.0  507
0  40.0  427
0  21.0  398
0  36.0  379
0  26.0  407
0  29.0  507
0  33.0  532
0  32.0  434
0  62.0  479
0  33.0  358
0  81.0  547
0  72.0  514
0  86.0  565
0  33.0  461
0  62.0  476
0  61.0  514
0  43.0  503
0  59.0  462
0  28.0  518
0  81.0  512
0  16.0  521
0  57.0  571
0  61.0  473
0  38.0  354
0  42.0  511
0  56.0  538
0  24.0  397
0  57.0  529
0  54.0  492
0  31.0  509
0  82.0  571
0  70.0  526
0  9.0  423
0  63.0  535
0  47.0  485
0  31.0  478
0  31.0  483
0  40.0  531
0  31.0  311
0  78.0  557
0  63.0  523
0  22.0  504
0  44.0  410
0  53.0  557
0  53.0  542
0  62.0  514
0  26.0  504
0  41.0  459
0  42.0  505
0  66.0  503
0  43.0  510
0  36.0  383
0  16.0  507
0  21.0  404
0  82.0  496
0  53.0  551
0  55.0  529
