1  64.0  385
2  48.0  493
3  28.0  318
4  14.0  530
5  66.0  426
6  51.0  365
7  29.0  283
1  49.0  438
2  37.0  431
3  36.0  356
4  37.0  445
5  66.0  383
6  34.0  427
7  19.0  488
1  19.0  317
2  34.0  652
3  66.0  411
4  67.0  295
5  67.0  391
6  49.0  484
7  43.0  456
1  61.0  460
2  75.0  336
3  76.0  366
4  54.0  325
5  26.0  301
6  42.0  257
7  52.0  331
1  15.0  243
2  49.0  416
3  17.0  201
4  34.0  485
5  35.0  519
6  35.0  597
7  39.0  506
1  27.0  373
2  17.0  352
3  56.0  342
4  3.0  447
5  53.0  481
6  15.0  415
7  17.0  426
1  52.0  334
2  94.0  245
3  41.0  532
4  34.0  370
5  30.0  437
6  45.0  419
7  34.0  503
1  26.0  334
2  31.0  301
3  27.0  342
4  21.0  307
5  43.0  342
6  28.0  367
7  45.0  527
1  32.0  505
2  18.0  300
3  44.0  284
4  60.0  392
5  39.0  334
6  17.0  400
7  33.0  353
1  50.0  299
2  16.0  421
3  65.0  478
4  31.0  457
5  25.0  469
6  46.0  492
7  47.0  430
1  50.0  451
2  61.0  401
3  84.0  305
4  57.0  494
5  50.0  445
6  51.0  429
7  50.0  339
1  32.0  204
2  13.0  545
3  41.0  444
4  37.0  388
5  52.0  456
6  29.0  476
7  69.0  450
1  30.0  294
2  38.0  392
3  13.0  248
4  57.0  459
5  23.0  506
6  18.0  491
7  40.0  540
1  50.0  482
2  50.0  505
3  61.0  403
4  34.0  499
5  61.0  425
6  20.0  386
7  37.0  427
1  41.0  400
2  24.0  480
3  29.0  413
4  19.0  336
5  70.0  393
6  47.0  453
7  42.0  449
1  59.0  496
2  30.0  284
3  50.0  315
4  49.0  397
5  54.0  440
6  41.0  383
7  14.0  401
1  82.0  342
2  38.0  364
3  68.0  437
4  52.0  397
5  28.0  373
6  33.0  443
7  32.0  298
1  78.0  319
2  52.0  394
3  67.0  173
4  62.0  348
5  37.0  378
6  30.0  363
7  57.0  396
1  46.0  453
2  20.0  481
3  29.0  464
4  39.0  333
5  17.0  521
6  43.0  512
7  31.0  452
1  23.0  309
2  73.0  443
3  60.0  494
4  28.0  247
5  56.0  410
6  34.0  320
7  23.0  419
1  54.0  205
2  94.0  267
3  43.0  461
4  64.0  426
5  22.0  427
6  34.0  246
7  14.0  416
1  59.0  396
2  65.0  473
3  47.0  512
4  57.0  396
5  42.0  394
6  50.0  456
7  42.0  304
1  62.0  437
2  19.0  502
3  62.0  438
4  39.0  386
5  37.0  450
6  68.0  428
7  58.0  277
1  66.0  516
2  5.0  182
3  63.0  331
4  48.0  385
5  32.0  457
6  65.0  388
7  51.0  416
1  65.0  391
2  57.0  501
3  16.0  270
4  48.0  376
5  21.0  436
6  57.0  364
7  24.0  342
1  40.0  406
2  44.0  507
3  60.0  306
4  34.0  448
5  27.0  444
6  54.0  455
7  53.0  344
1  63.0  315
2  16.0  371
3  30.0  431
4  30.0  463
5  51.0  448
6  26.0  354
7  39.0  546
1  60.0  439
2  32.0  399
3  49.0  362
4  67.0  385
5  26.0  416
6  65.0  407
7  11.0  369
1  57.0  368
2  68.0  367
3  64.0  484
4  40.0  357
5  59.0  286
6  79.0  276
7  4.0  561
1  31.0  467
2  45.0  544
3  38.0  341
4  41.0  373
5  48.0  500
6  48.0  352
7  35.0  383
1  71.0  395
2  55.0  504
3  35.0  290
4  34.0  305
5  74.0  392
6  32.0  499
7  31.0  338
1  57.0  410
2  38.0  432
3  44.0  456
4  53.0  323
5  25.0  213
6  36.0  369
7  33.0  565
1  46.0  443
2  39.0  375
3  50.0  507
4  28.0  578
5  72.0  469
6  69.0  380
7  59.0  417
1  62.0  384
2  43.0  331
3  39.0  370
4  58.0  462
5  14.0  430
6  49.0  374
7  34.0  334
1  50.0  298
2  95.0  231
3  37.0  284
4  56.0  323
5  53.0  364
6  23.0  601
7  16.0  503
1  15.0  302
2  31.0  340
3  75.0  345
4  44.0  405
5  21.0  589
6  56.0  428
7  54.0  432
1  24.0  508
2  35.0  249
3  41.0  374
4  61.0  270
5  57.0  500
6  28.0  324
7  20.0  477
1  36.0  427
2  51.0  431
3  28.0  383
4  65.0  360
5  48.0  391
6  57.0  394
7  25.0  318
1  34.0  179
2  66.0  441
3  36.0  398
4  35.0  428
5  13.0  517
6  40.0  533
7  32.0  467
1  35.0  530
2  72.0  393
3  39.0  248
4  19.0  405
5  37.0  426
6  52.0  455
7  33.0  298
1  40.0  271
2  56.0  447
3  38.0  286
4  32.0  381
5  62.0  279
6  24.0  368
7  58.0  392
1  71.0  395
2  38.0  329
3  61.0  435
4  49.0  358
5  62.0  472
6  46.0  466
7  57.0  446
1  55.0  479
2  50.0  380
3  33.0  336
4  55.0  296
5  33.0  453
6  49.0  306
7  24.0  376
1  29.0  688
2  61.0  350
3  54.0  612
4  25.0  517
5  28.0  307
6  15.0  527
7  12.0  458
1  0.0  240
2  40.0  287
3  71.0  387
4  73.0  358
5  27.0  397
6  27.0  445
7  23.0  420
1  37.0  542
2  52.0  329
3  11.0  385
4  32.0  439
5  32.0  371
6  44.0  464
7  69.0  379
1  53.0  388
2  56.0  438
3  30.0  459
4  53.0  417
5  45.0  351
6  48.0  495
7  51.0  396
1  42.0  536
2  64.0  347
3  54.0  435
4  58.0  344
5  10.0  442
6  21.0  371
7  42.0  499
1  73.0  309
2  64.0  420
3  78.0  374
4  54.0  405
5  26.0  318
6  61.0  390
7  64.0  389
1  42.0  382
2  38.0  379
3  66.0  381
4  67.0  409
5  34.0  194
6  31.0  285
7  51.0  352
1  68.0  314
2  32.0  418
3  44.0  258
4  47.0  412
5  58.0  443
6  50.0  430
7  32.0  490
1  47.0  294
2  17.0  386
3  32.0  568
4  71.0  357
5  34.0  418
6  25.0  537
7  28.0  352
1  74.0  500
2  27.0  319
3  51.0  398
4  50.0  388
5  31.0  419
6  33.0  290
7  62.0  401
1  76.0  288
2  18.0  444
3  59.0  471
4  52.0  333
5  30.0  327
6  36.0  493
7  34.0  432
1  41.0  368
2  40.0  453
3  53.0  583
4  62.0  324
5  48.0  504
6  15.0  324
7  23.0  318
1  0.0  294
2  48.0  504
3  66.0  356
4  46.0  459
5  40.0  374
6  28.0  524
7  35.0  443
1  61.0  418
2  18.0  326
3  79.0  369
4  41.0  404
5  18.0  598
6  48.0  415
7  26.0  373
1  34.0  587
2  67.0  375
3  52.0  406
4  28.0  398
5  0.0  541
6  41.0  398
7  37.0  569
1  21.0  281
2  22.0  363
3  67.0  390
4  64.0  420
5  23.0  451
6  55.0  428
7  40.0  387
1  45.0  466
2  91.0  283
3  26.0  389
4  35.0  450
5  1.0  203
6  42.0  402
7  56.0  378
1  70.0  340
2  84.0  306
3  36.0  455
4  68.0  391
5  25.0  357
6  65.0  397
7  44.0  450
1  28.0  216
2  41.0  219
3  55.0  504
4  53.0  387
5  47.0  489
6  35.0  534
7  52.0  503
1  65.0  310
2  83.0  308
3  12.0  433
4  10.0  373
5  19.0  280
6  32.0  470
7  28.0  386
1  55.0  449
2  19.0  605
3  17.0  279
4  38.0  588
5  43.0  345
6  52.0  499
7  55.0  508
1  59.0  474
2  42.0  366
3  65.0  425
4  34.0  258
5  23.0  273
6  24.0  450
7  14.0  330
1  70.0  481
2  77.0  318
3  43.0  408
4  37.0  393
5  28.0  427
6  47.0  435
7  45.0  435
1  26.0  586
2  16.0  380
3  32.0  436
4  26.0  311
5  38.0  454
6  48.0  479
7  12.0  528
1  14.0  508
2  59.0  420
3  49.0  244
4  74.0  377
5  18.0  420
6  30.0  480
7  84.0  305
1  42.0  241
2  49.0  336
3  56.0  357
4  56.0  457
5  47.0  387
6  76.0  314
7  87.0  257
1  44.0  488
2  38.0  260
3  46.0  318
4  27.0  362
5  25.0  352
6  31.0  319
7  29.0  515
1  29.0  533
2  57.0  415
3  59.0  408
4  32.0  501
5  36.0  410
6  54.0  376
7  41.0  453
1  59.0  471
2  66.0  449
3  56.0  445
4  45.0  445
5  50.0  241
6  33.0  521
7  32.0  373
1  53.0  488
2  22.0  404
3  56.0  430
4  66.0  450
5  33.0  335
6  46.0  488
7  36.0  527
1  31.0  563
2  74.0  358
3  61.0  323
4  30.0  446
5  31.0  311
6  26.0  339
7  39.0  399
1  44.0  447
2  62.0  413
3  45.0  509
4  32.0  444
5  40.0  443
6  27.0  490
7  56.0  426
1  71.0  367
2  31.0  314
3  43.0  334
4  52.0  383
5  26.0  303
6  28.0  353
7  17.0  346
1  56.0  517
2  28.0  394
3  88.0  238
4  47.0  342
5  56.0  508
6  44.0  291
7  0.0  584
1  52.0  416
2  49.0  417
3  56.0  422
4  29.0  507
5  29.0  424
6  29.0  492
7  28.0  378
1  37.0  277
2  52.0  420
3  74.0  364
4  66.0  265
5  40.0  444
6  70.0  326
7  54.0  470
1  17.0  282
2  75.0  299
3  71.0  315
4  44.0  377
5  22.0  341
6  19.0  277
7  48.0  329
1  34.0  447
2  10.0  327
3  40.0  572
4  21.0  532
5  28.0  384
6  56.0  383
7  32.0  453
1  51.0  498
2  32.0  273
3  63.0  425
4  23.0  448
5  80.0  364
6  46.0  377
7  36.0  491
1  65.0  426
2  69.0  365
3  19.0  244
4  61.0  383
5  96.0  235
6  17.0  420
7  39.0  371
1  43.0  255
2  17.0  515
3  31.0  413
4  26.0  458
5  55.0  403
6  48.0  354
7  22.0  374
1  33.0  308
2  41.0  452
3  51.0  259
4  30.0  558
5  49.0  595
6  23.0  468
7  52.0  449
1  76.0  312
2  1.0  471
3  92.0  262
4  72.0  325
5  53.0  396
6  60.0  340
7  33.0  535
1  67.0  431
2  55.0  518
3  49.0  381
4  36.0  590
5  80.0  278
6  40.0  387
7  36.0  378
1  33.0  426
2  60.0  359
3  32.0  509
4  43.0  381
5  26.0  583
6  21.0  436
7  29.0  432
1  67.0  359
2  55.0  517
3  44.0  230
4  53.0  381
5  70.0  360
6  81.0  354
7  12.0  369
1  50.0  333
2  57.0  303
3  53.0  523
4  65.0  221
5  49.0  469
6  29.0  509
7  44.0  433
1  0.0  170
2  18.0  291
3  37.0  406
4  40.0  515
5  60.0  521
6  42.0  503
7  33.0  436
1  40.0  565
2  49.0  518
3  24.0  454
4  51.0  322
5  39.0  511
6  59.0  402
7  27.0  450
1  41.0  353
2  53.0  349
3  45.0  260
4  38.0  522
5  45.0  427
6  23.0  319
7  47.0  434
1  67.0  388
2  29.0  384
3  31.0  402
4  36.0  262
5  76.0  353
6  52.0  428
7  40.0  413
1  50.0  197
2  54.0  257
3  18.0  462
4  54.0  464
5  22.0  396
6  38.0  391
7  27.0  259
1  31.0  523
2  57.0  449
3  54.0  519
4  59.0  314
5  27.0  355
6  34.0  470
7  30.0  528
1  69.0  285
2  38.0  448
3  31.0  232
4  63.0  380
5  27.0  458
6  41.0  366
7  52.0  551
1  77.0  332
2  30.0  537
3  52.0  403
4  57.0  460
5  44.0  478
6  46.0  427
7  44.0  596
1  84.0  307
2  72.0  269
3  33.0  380
4  68.0  284
5  29.0  205
6  46.0  362
7  43.0  418
1  62.0  276
2  29.0  276
3  25.0  327
4  24.0  315
5  84.0  294
6  41.0  320
7  23.0  471
