0  31.0  604.0
0  25.0  520.0
0  56.0  794.0
0  58.0  1012.0
0  34.0  712.0
0  56.0  767.0
0  69.0  1218.0
0  53.0  791.0
0  30.0  541.0
0  31.0  403.0
0  76.0  766.0
0  47.0  728.0
0  75.0  948.0
0  41.0  818.0
0  55.0  702.0
0  47.0  880.0
0  67.0  969.0
0  28.0  616.0
0  41.0  597.0
0  66.0  953.0
0  35.0  848.0
0  20.0  445.0
0  40.0  565.0
0  24.0  429.0
0  34.0  713.0
0  43.0  681.0
0  31.0  513.0
0  18.0  732.0
0  36.0  450.0
0  88.0  944.0
0  47.0  859.0
0  47.0  587.0
0  42.0  676.0
0  61.0  928.0
0  58.0  682.0
0  44.0  770.0
0  67.0  851.0
0  19.0  334.0
0  25.0  651.0
0  51.0  874.0
0  66.0  859.0
0  62.0  709.0
0  58.0  764.0
0  35.0  613.0
0  45.0  796.0
0  65.0  754.0
0  41.0  818.0
0  49.0  737.0
0  37.0  595.0
0  32.0  479.0
0  52.0  740.0
0  66.0  793.0
0  54.0  819.0
0  67.0  869.0
0  33.0  521.0
0  45.0  752.0
0  80.0  925.0
0  32.0  459.0
0  56.0  740.0
0  49.0  773.0
0  35.0  716.0
0  21.0  799.0
0  47.0  601.0
0  64.0  709.0
0  63.0  932.0
0  49.0  833.0
0  64.0  854.0
0  45.0  971.0
0  40.0  485.0
0  55.0  923.0
0  19.0  783.0
0  38.0  715.0
0  44.0  836.0
0  14.0  288.0
0  33.0  599.0
0  72.0  951.0
0  47.0  616.0
0  54.0  756.0
0  71.0  805.0
0  73.0  784.0
0  31.0  492.0
0  40.0  486.0
0  60.0  826.0
0  46.0  758.0
0  51.0  843.0
0  35.0  802.0
0  32.0  717.0
0  72.0  797.0
0  57.0  726.0
0  29.0  636.0
0  46.0  627.0
0  42.0  746.0
0  36.0  477.0
0  61.0  810.0
0  64.0  1065.0
0  37.0  701.0
0  37.0  286.0
0  20.0  364.0
0  33.0  716.0
0  40.0  693.0
