1  36.0  410
2  91.0  267
3  57.0  325
4  63.0  320
5  19.0  299
1  58.0  365
2  31.0  475
3  41.0  414
4  55.0  385
5  50.0  278
1  81.0  269
2  36.0  377
3  34.0  279
4  60.0  291
5  16.0  207
1  28.0  368
2  24.0  452
3  65.0  365
4  35.0  316
5  45.0  314
1  65.0  351
2  66.0  304
3  33.0  216
4  46.0  288
5  41.0  323
1  30.0  531
2  84.0  302
3  50.0  284
4  61.0  361
5  4.0  339
1  65.0  350
2  44.0  362
3  30.0  267
4  55.0  319
5  45.0  273
1  50.0  395
2  34.0  403
3  20.0  232
4  18.0  336
5  36.0  322
1  56.0  338
2  36.0  332
3  58.0  361
4  47.0  295
5  34.0  332
1  61.0  278
2  27.0  602
3  57.0  385
4  71.0  276
5  62.0  409
1  55.0  373
2  54.0  394
3  42.0  340
4  21.0  383
5  56.0  227
1  60.0  424
2  50.0  365
3  59.0  266
4  43.0  342
5  56.0  339
1  65.0  325
2  54.0  475
3  29.0  320
4  29.0  151
5  58.0  270
1  27.0  534
2  45.0  332
3  37.0  295
4  31.0  246
5  46.0  444
1  29.0  494
2  60.0  551
3  41.0  397
4  45.0  314
5  22.0  282
1  49.0  461
2  50.0  387
3  20.0  396
4  71.0  344
5  15.0  204
1  56.0  402
2  53.0  383
3  54.0  394
4  72.0  422
5  91.0  269
1  25.0  338
2  80.0  330
3  74.0  412
4  59.0  200
5  54.0  301
1  56.0  474
2  68.0  443
3  24.0  476
4  83.0  212
5  26.0  430
1  62.0  396
2  70.0  388
3  57.0  306
4  24.0  204
5  59.0  398
1  46.0  337
2  50.0  364
3  65.0  255
4  40.0  285
5  33.0  331
1  66.0  303
2  37.0  499
3  55.0  353
4  66.0  382
5  34.0  432
1  55.0  406
2  68.0  388
3  42.0  514
4  35.0  323
5  67.0  273
1  79.0  342
2  86.0  355
3  37.0  360
4  57.0  353
5  52.0  306
1  70.0  301
2  43.0  377
3  57.0  341
4  25.0  469
5  45.0  295
1  58.0  396
2  36.0  233
3  27.0  430
4  55.0  213
5  24.0  321
1  55.0  277
2  21.0  247
3  30.0  565
4  54.0  410
5  65.0  384
1  77.0  308
2  30.0  561
3  85.0  328
4  48.0  326
5  57.0  494
1  32.0  461
2  58.0  392
3  61.0  351
4  69.0  314
5  46.0  368
1  52.0  434
2  49.0  219
3  29.0  278
4  73.0  325
5  54.0  318
1  74.0  467
2  53.0  188
3  29.0  543
4  64.0  389
5  55.0  264
1  55.0  312
2  64.0  277
3  65.0  339
4  37.0  454
5  12.0  529
1  31.0  307
2  67.0  363
3  77.0  299
4  59.0  246
5  45.0  478
1  73.0  390
2  53.0  397
3  54.0  311
4  36.0  287
5  24.0  315
1  36.0  473
2  40.0  433
3  45.0  348
4  31.0  398
5  36.0  350
1  39.0  358
2  38.0  464
3  30.0  288
4  65.0  479
5  44.0  283
1  45.0  298
2  81.0  335
3  48.0  228
4  40.0  365
5  36.0  286
1  59.0  254
2  39.0  374
3  31.0  250
4  79.0  244
5  34.0  290
1  12.0  267
2  63.0  249
3  39.0  470
4  43.0  341
5  21.0  474
1  53.0  259
2  66.0  441
3  56.0  427
4  52.0  368
5  70.0  302
1  41.0  295
2  49.0  425
3  12.0  326
4  23.0  337
5  91.0  248
1  35.0  487
2  12.0  336
3  24.0  235
4  46.0  178
5  67.0  299
1  78.0  279
2  61.0  444
3  48.0  473
4  75.0  252
5  51.0  287
1  57.0  354
2  85.0  309
3  40.0  281
4  23.0  452
5  77.0  316
1  61.0  280
2  61.0  371
3  35.0  320
4  59.0  204
5  49.0  446
1  49.0  463
2  51.0  347
3  20.0  375
4  64.0  280
5  32.0  403
1  52.0  310
2  58.0  319
3  56.0  366
4  61.0  297
5  37.0  375
1  72.0  333
2  72.0  392
3  20.0  314
4  38.0  395
5  21.0  201
1  48.0  277
2  33.0  413
3  18.0  265
4  53.0  404
5  40.0  482
1  70.0  348
2  54.0  322
3  70.0  329
4  7.0  256
5  80.0  286
1  43.0  358
2  56.0  454
3  37.0  419
4  65.0  253
5  56.0  326
1  57.0  410
2  59.0  447
3  46.0  430
4  40.0  335
5  55.0  397
1  45.0  307
2  9.0  509
3  44.0  386
4  57.0  444
5  43.0  261
1  50.0  441
2  47.0  398
3  48.0  480
4  28.0  459
5  40.0  239
1  60.0  289
2  49.0  520
3  66.0  346
4  43.0  372
5  49.0  246
1  68.0  360
2  66.0  323
3  48.0  292
4  7.0  310
5  36.0  338
1  42.0  359
2  38.0  264
3  24.0  324
4  20.0  346
5  60.0  310
1  57.0  450
2  68.0  375
3  33.0  316
4  25.0  470
5  38.0  243
1  27.0  554
2  42.0  403
3  55.0  305
4  30.0  592
5  50.0  496
1  40.0  224
2  21.0  392
3  31.0  328
4  72.0  335
5  32.0  423
1  60.0  450
2  66.0  334
3  45.0  263
4  63.0  271
5  26.0  243
1  34.0  383
2  33.0  344
3  57.0  306
4  44.0  354
5  64.0  333
1  57.0  346
2  52.0  233
3  44.0  371
4  66.0  341
5  62.0  397
1  48.0  277
2  54.0  308
3  41.0  552
4  21.0  287
5  63.0  267
1  47.0  431
2  85.0  295
3  57.0  224
4  13.0  215
5  32.0  284
1  61.0  381
2  39.0  285
3  53.0  335
4  58.0  311
5  41.0  388
1  62.0  343
2  63.0  395
3  60.0  275
4  22.0  229
5  72.0  321
1  45.0  362
2  20.0  413
3  47.0  273
4  27.0  278
5  67.0  379
1  49.0  518
2  60.0  310
3  29.0  308
4  40.0  405
5  53.0  245
1  61.0  378
2  50.0  205
3  15.0  216
4  42.0  189
5  55.0  231
1  34.0  364
2  29.0  225
3  65.0  228
4  32.0  319
5  23.0  400
1  43.0  400
2  36.0  444
3  43.0  322
4  37.0  388
5  64.0  280
1  50.0  432
2  58.0  330
3  66.0  293
4  21.0  315
5  40.0  469
1  22.0  174
2  43.0  294
3  47.0  401
4  26.0  401
5  49.0  329
1  58.0  419
2  63.0  262
3  19.0  324
4  54.0  379
5  51.0  413
1  59.0  280
2  36.0  382
3  28.0  362
4  23.0  450
5  64.0  312
1  72.0  320
2  34.0  371
3  18.0  317
4  42.0  403
5  38.0  375
1  85.0  192
2  58.0  437
3  35.0  140
4  44.0  354
5  82.0  342
1  62.0  268
2  42.0  438
3  24.0  254
4  42.0  342
5  41.0  507
1  47.0  359
2  54.0  400
3  37.0  335
4  61.0  325
5  66.0  348
1  38.0  387
2  60.0  303
3  13.0  179
4  46.0  228
5  51.0  295
1  55.0  369
2  81.0  327
3  40.0  469
4  35.0  438
5  27.0  344
1  45.0  374
2  56.0  322
3  55.0  427
4  39.0  416
5  26.0  280
1  48.0  390
2  47.0  501
3  50.0  451
4  66.0  381
5  70.0  272
1  60.0  344
2  39.0  201
3  53.0  400
4  59.0  463
5  57.0  273
1  64.0  370
2  42.0  421
3  24.0  516
4  43.0  284
5  68.0  257
1  60.0  372
2  88.0  299
3  30.0  295
4  65.0  296
5  50.0  313
1  57.0  333
2  76.0  342
3  56.0  428
4  51.0  375
5  61.0  185
1  19.0  423
2  40.0  404
3  28.0  298
4  34.0  277
5  26.0  415
1  69.0  334
2  62.0  382
3  25.0  434
4  36.0  432
5  88.0  272
1  61.0  331
2  67.0  399
3  84.0  288
4  73.0  298
5  43.0  230
1  57.0  399
2  47.0  462
3  37.0  303
4  39.0  379
5  29.0  351
1  64.0  389
2  56.0  450
3  69.0  374
4  33.0  422
5  65.0  353
1  49.0  305
2  28.0  243
3  42.0  433
4  53.0  306
5  53.0  337
1  60.0  394
2  57.0  251
3  56.0  329
4  75.0  251
5  48.0  338
1  29.0  540
2  41.0  373
3  54.0  241
4  42.0  300
5  54.0  435
1  38.0  417
2  70.0  390
3  23.0  318
4  28.0  349
5  70.0  208
1  40.0  473
2  54.0  281
3  53.0  246
4  47.0  394
5  30.0  419
1  52.0  397
2  82.0  302
3  50.0  261
4  39.0  303
5  23.0  497
1  28.0  566
2  38.0  327
3  43.0  333
4  61.0  345
5  59.0  350
