1  49.0  344
2  79.0  355
3  51.0  433
4  58.0  287
5  32.0  225
1  80.0  373
2  10.0  255
3  46.0  450
4  39.0  194
5  51.0  441
1  24.0  408
2  44.0  475
3  80.0  346
4  14.0  245
5  35.0  331
1  70.0  340
2  26.0  366
3  26.0  404
4  17.0  241
5  42.0  207
1  58.0  368
2  25.0  388
3  60.0  349
4  59.0  298
5  24.0  187
1  43.0  335
2  20.0  260
3  35.0  330
4  59.0  331
5  68.0  382
1  41.0  388
2  60.0  353
3  36.0  435
4  35.0  308
5  38.0  493
1  9.0  71
2  45.0  281
3  45.0  374
4  22.0  298
5  75.0  327
1  30.0  517
2  69.0  259
3  39.0  340
4  34.0  391
5  25.0  418
1  36.0  286
2  28.0  482
3  45.0  216
4  30.0  261
5  35.0  421
1  42.0  420
2  81.0  318
3  29.0  314
4  41.0  284
5  35.0  361
1  3.0  537
2  24.0  380
3  26.0  379
4  38.0  391
5  44.0  324
1  52.0  446
2  79.0  330
3  34.0  357
4  47.0  260
5  21.0  356
1  48.0  452
2  46.0  396
3  28.0  290
4  52.0  291
5  46.0  337
1  36.0  579
2  54.0  289
3  57.0  239
4  24.0  203
5  35.0  336
1  43.0  329
2  84.0  294
3  42.0  428
4  38.0  310
5  50.0  374
1  28.0  266
2  34.0  316
3  36.0  254
4  25.0  276
5  27.0  324
1  26.0  420
2  68.0  383
3  8.0  369
4  54.0  367
5  38.0  448
1  48.0  339
2  52.0  396
3  41.0  299
4  35.0  319
5  63.0  233
1  71.0  331
2  71.0  378
3  39.0  387
4  35.0  406
5  52.0  434
1  14.0  303
2  63.0  416
3  80.0  309
4  25.0  346
5  50.0  288
1  61.0  415
2  47.0  351
3  41.0  467
4  40.0  352
5  24.0  390
1  41.0  392
2  38.0  336
3  47.0  346
4  68.0  323
5  34.0  345
1  66.0  295
2  76.0  331
3  74.0  284
4  58.0  311
5  42.0  465
1  66.0  267
2  57.0  461
3  32.0  285
4  31.0  378
5  13.0  375
1  40.0  488
2  36.0  300
3  31.0  292
4  49.0  289
5  11.0  256
1  25.0  415
2  37.0  556
3  65.0  416
4  58.0  312
5  59.0  319
1  63.0  327
2  37.0  487
3  49.0  374
4  59.0  365
5  36.0  403
1  45.0  387
2  51.0  519
3  9.0  439
4  59.0  349
5  61.0  373
1  67.0  347
2  65.0  434
3  51.0  442
4  18.0  283
5  24.0  354
1  43.0  263
2  40.0  314
3  31.0  330
4  38.0  454
5  59.0  318
1  76.0  300
2  25.0  276
3  33.0  337
4  76.0  343
5  97.0  231
1  75.0  305
2  39.0  368
3  31.0  488
4  27.0  386
5  61.0  357
1  50.0  346
2  21.0  425
3  27.0  305
4  50.0  292
5  59.0  359
1  67.0  372
2  45.0  488
3  38.0  355
4  49.0  327
5  26.0  443
1  3.0  283
2  46.0  316
3  39.0  459
4  26.0  358
5  50.0  387
1  36.0  384
2  48.0  356
3  34.0  353
4  44.0  295
5  21.0  338
1  51.0  432
2  66.0  389
3  41.0  297
4  81.0  294
5  38.0  396
1  49.0  411
2  30.0  421
3  52.0  390
4  54.0  336
5  58.0  377
1  69.0  359
2  25.0  483
3  50.0  414
4  31.0  457
5  59.0  376
1  46.0  323
2  53.0  425
3  31.0  330
4  28.0  571
5  35.0  243
1  47.0  408
2  70.0  370
3  52.0  249
4  38.0  276
5  40.0  481
1  59.0  451
2  59.0  376
3  61.0  334
4  28.0  214
5  54.0  389
1  60.0  340
2  46.0  423
3  20.0  478
4  21.0  297
5  50.0  292
1  75.0  337
2  49.0  502
3  4.0  290
4  41.0  424
5  48.0  384
1  52.0  284
2  63.0  300
3  40.0  482
4  23.0  315
5  27.0  457
1  50.0  474
2  33.0  352
3  48.0  525
4  32.0  340
5  66.0  265
1  41.0  327
2  68.0  288
3  57.0  321
4  58.0  428
5  45.0  435
1  33.0  298
2  47.0  439
3  66.0  428
4  30.0  292
5  24.0  285
1  18.0  310
2  67.0  451
3  56.0  322
4  47.0  325
5  27.0  390
1  52.0  517
2  43.0  420
3  57.0  349
4  28.0  589
5  39.0  388
1  34.0  616
2  35.0  354
3  41.0  409
4  54.0  349
5  70.0  304
1  70.0  464
2  45.0  440
3  41.0  299
4  35.0  276
5  62.0  346
1  69.0  344
2  4.0  439
3  53.0  378
4  0.0  294
5  12.0  354
1  44.0  478
2  39.0  422
3  14.0  312
4  72.0  289
5  70.0  373
1  33.0  446
2  37.0  379
3  18.0  528
4  19.0  395
5  40.0  261
1  70.0  311
2  80.0  305
3  38.0  472
4  45.0  368
5  50.0  355
1  41.0  387
2  46.0  366
3  31.0  298
4  58.0  342
5  59.0  399
1  44.0  643
2  83.0  360
3  69.0  367
4  23.0  512
5  14.0  408
1  48.0  395
2  72.0  342
3  48.0  436
4  20.0  324
5  39.0  423
1  32.0  318
2  18.0  310
3  51.0  332
4  20.0  374
5  56.0  371
1  38.0  357
2  32.0  520
3  39.0  314
4  30.0  245
5  49.0  350
1  50.0  449
2  46.0  429
3  90.0  247
4  69.0  303
5  45.0  279
1  64.0  460
2  32.0  422
3  59.0  371
4  21.0  293
5  37.0  368
1  26.0  368
2  32.0  433
3  54.0  312
4  64.0  294
5  47.0  346
1  68.0  315
2  63.0  348
3  51.0  518
4  35.0  313
5  44.0  245
1  63.0  355
2  63.0  445
3  62.0  341
4  44.0  383
5  34.0  337
1  29.0  479
2  27.0  340
3  55.0  404
4  70.0  294
5  54.0  372
1  44.0  317
2  39.0  487
3  46.0  420
4  67.0  265
5  68.0  327
1  39.0  474
2  32.0  475
3  39.0  339
4  36.0  298
5  45.0  432
1  45.0  546
2  74.0  421
3  19.0  323
4  43.0  444
5  19.0  384
1  15.0  397
2  60.0  458
3  26.0  295
4  39.0  283
5  39.0  358
1  33.0  272
2  25.0  443
3  25.0  464
4  53.0  514
5  53.0  496
1  43.0  264
2  49.0  382
3  16.0  304
4  45.0  409
5  32.0  249
1  95.0  205
2  26.0  612
3  58.0  375
4  33.0  414
5  65.0  410
1  30.0  362
2  41.0  359
3  49.0  401
4  54.0  384
5  63.0  283
1  51.0  408
2  41.0  372
3  52.0  423
4  21.0  345
5  59.0  373
1  30.0  439
2  51.0  409
3  57.0  373
4  34.0  406
5  46.0  182
1  27.0  352
2  41.0  425
3  34.0  361
4  35.0  394
5  79.0  321
1  31.0  321
2  23.0  690
3  54.0  390
4  75.0  291
5  58.0  270
1  56.0  412
2  52.0  462
3  44.0  377
4  26.0  500
5  23.0  323
1  80.0  346
2  57.0  457
3  39.0  244
4  81.0  319
5  58.0  342
1  28.0  475
2  46.0  482
3  58.0  333
4  78.0  290
5  33.0  360
1  51.0  448
2  43.0  519
3  46.0  356
4  18.0  521
5  63.0  321
1  48.0  418
2  53.0  417
3  58.0  347
4  51.0  305
5  62.0  346
1  78.0  262
2  14.0  432
3  44.0  338
4  51.0  283
5  21.0  325
1  72.0  229
2  47.0  433
3  44.0  345
4  0.0  272
5  42.0  386
1  36.0  440
2  62.0  315
3  32.0  296
4  34.0  342
5  52.0  433
1  25.0  335
2  35.0  294
3  40.0  295
4  71.0  277
5  39.0  241
1  28.0  469
2  69.0  399
3  74.0  392
4  48.0  348
5  40.0  253
1  33.0  453
2  31.0  252
3  40.0  337
4  28.0  546
5  10.0  525
1  88.0  296
2  91.0  267
3  39.0  470
4  50.0  450
5  22.0  319
1  68.0  374
2  42.0  540
3  30.0  222
4  43.0  235
5  31.0  387
1  65.0  300
2  27.0  350
3  53.0  374
4  58.0  379
5  55.0  343
1  43.0  339
2  43.0  379
3  65.0  276
4  57.0  450
5  46.0  326
1  47.0  407
2  44.0  418
3  41.0  459
4  41.0  430
5  20.0  357
1  36.0  520
2  52.0  510
3  38.0  302
4  32.0  378
5  79.0  332
1  66.0  331
2  57.0  308
3  25.0  460
4  29.0  318
5  34.0  477
1  54.0  456
2  62.0  478
3  33.0  551
4  82.0  264
5  2.0  384
1  61.0  452
2  15.0  511
3  66.0  304
4  24.0  334
5  60.0  290
