1  100.0  1855.0
1  72.0  1756.0
1  78.0  2175.0
1  100.0  1807.0
1  90.0  2194.0
1  100.0  2499.0
1  83.0  1900.0
1  83.0  2346.0
1  54.0  1588.0
1  100.0  2257.0
1  100.0  2150.0
1  98.0  2135.0
1  100.0  2233.0
1  99.0  2703.0
1  75.0  1544.0
1  89.0  1186.0
1  86.0  1733.0
1  100.0  2009.0
1  78.0  1650.0
1  100.0  2070.0
1  99.0  2444.0
1  89.0  2046.0
1  98.0  1843.0
1  79.0  1683.0
1  100.0  2318.0
1  59.0  1515.0
1  97.0  2012.0
1  100.0  2005.0
1  100.0  2439.0
1  38.0  922.0
1  72.0  1316.0
1  100.0  1875.0
1  100.0  2715.0
1  91.0  2075.0
1  100.0  2318.0
1  99.0  1458.0
1  84.0  2163.0
1  100.0  2343.0
1  77.0  1434.0
1  99.0  1982.0
1  100.0  2339.0
1  100.0  2205.0
1  97.0  2926.0
1  28.0  946.0
1  67.0  1270.0
1  82.0  1829.0
1  100.0  2384.0
1  82.0  1578.0
1  99.0  2359.0
1  100.0  2494.0
2  98.0  2704.0
2  56.0  1906.0
2  71.0  1964.0
2  61.0  1332.0
2  90.0  2195.0
2  100.0  2313.0
2  100.0  2605.0
2  88.0  2522.0
2  100.0  2325.0
2  100.0  1932.0
2  91.0  2200.0
2  100.0  2506.0
2  73.0  1718.0
2  100.0  2370.0
2  100.0  2027.0
2  54.0  1257.0
2  65.0  1610.0
2  94.0  2444.0
2  94.0  2203.0
2  100.0  2171.0
2  85.0  2181.0
2  74.0  1764.0
2  57.0  1442.0
2  68.0  1641.0
2  36.0  1199.0
2  100.0  2734.0
2  100.0  2956.0
2  76.0  1293.0
2  80.0  1703.0
2  100.0  2474.0
2  100.0  2612.0
2  100.0  2386.0
2  84.0  2275.0
2  76.0  2207.0
2  82.0  1884.0
2  99.0  2933.0
2  100.0  2337.0
2  66.0  1686.0
2  100.0  2433.0
2  91.0  1931.0
2  64.0  1608.0
2  60.0  1131.0
2  100.0  2512.0
2  99.0  2359.0
2  100.0  2351.0
2  100.0  2297.0
2  92.0  1646.0
2  60.0  1421.0
2  32.0  571.0
2  88.0  2624.0
3  67.0  1745.0
3  100.0  2176.0
3  89.0  2795.0
3  68.0  1798.0
3  65.0  1825.0
3  100.0  3485.0
3  64.0  1658.0
3  67.0  1689.0
3  71.0  1808.0
3  96.0  2279.0
3  61.0  1761.0
3  75.0  1489.0
3  72.0  1526.0
3  100.0  3305.0
3  73.0  1642.0
3  26.0  823.0
3  52.0  1361.0
3  100.0  1802.0
3  61.0  1364.0
3  0.0  946.0
3  26.0  1397.0
3  86.0  2288.0
3  58.0  1551.0
3  94.0  2521.0
3  52.0  1674.0
3  86.0  1943.0
3  83.0  2039.0
3  81.0  2096.0
3  73.0  1552.0
3  87.0  1397.0
3  97.0  2117.0
3  46.0  1401.0
3  51.0  1068.0
3  100.0  2821.0
3  73.0  1771.0
3  100.0  2340.0
3  47.0  1333.0
3  74.0  1781.0
3  58.0  1092.0
3  95.0  3396.0
3  66.0  1545.0
3  99.0  2315.0
3  75.0  1983.0
3  96.0  1953.0
3  100.0  3724.0
3  90.0  2332.0
3  88.0  1915.0
3  55.0  1328.0
3  100.0  3245.0
3  100.0  1982.0
4  78.0  1922.0
4  81.0  1734.0
4  75.0  1560.0
4  100.0  2578.0
4  75.0  1675.0
4  91.0  2536.0
4  82.0  1544.0
4  70.0  1825.0
4  76.0  1541.0
4  83.0  2601.0
4  35.0  916.0
4  89.0  1981.0
4  71.0  2070.0
4  80.0  2081.0
4  87.0  2263.0
4  96.0  2226.0
4  79.0  2106.0
4  90.0  2357.0
4  85.0  1883.0
4  47.0  1455.0
4  84.0  2118.0
4  100.0  2625.0
4  79.0  2489.0
4  86.0  2138.0
4  57.0  1737.0
4  68.0  1799.0
4  100.0  2563.0
4  44.0  1307.0
4  53.0  1330.0
4  39.0  1220.0
4  89.0  2445.0
4  53.0  1285.0
4  49.0  1626.0
4  66.0  1728.0
4  74.0  1404.0
4  85.0  2607.0
4  100.0  1766.0
4  100.0  3856.0
4  83.0  1744.0
4  66.0  2184.0
4  99.0  2351.0
4  100.0  2620.0
4  100.0  1699.0
4  72.0  2403.0
4  54.0  1541.0
4  75.0  1725.0
4  99.0  2252.0
4  57.0  1510.0
4  88.0  2076.0
4  0.0  56.0
5  100.0  2585.0
5  33.0  1487.0
5  76.0  2326.0
5  94.0  2321.0
5  96.0  2763.0
5  74.0  2371.0
5  76.0  1690.0
5  100.0  2841.0
5  100.0  3547.0
5  96.0  2526.0
5  17.0  1299.0
5  55.0  2071.0
5  96.0  3276.0
5  45.0  1271.0
5  70.0  2214.0
5  52.0  1751.0
5  84.0  2633.0
5  43.0  1754.0
5  91.0  1772.0
5  34.0  1210.0
5  66.0  1537.0
5  100.0  3812.0
5  65.0  1615.0
5  49.0  1224.0
5  67.0  1532.0
5  66.0  1801.0
5  58.0  2136.0
5  89.0  1566.0
5  0.0  1248.0
5  28.0  944.0
5  88.0  1936.0
5  57.0  1470.0
5  79.0  2282.0
5  39.0  1522.0
5  93.0  2688.0
5  97.0  1734.0
5  97.0  3323.0
5  100.0  2641.0
5  60.0  1505.0
5  63.0  1076.0
5  100.0  3135.0
5  81.0  2025.0
5  30.0  1012.0
5  54.0  963.0
5  61.0  1968.0
5  11.0  967.0
5  80.0  2163.0
5  80.0  2309.0
5  29.0  1366.0
5  82.0  2320.0
