1  67.0  512
2  47.0  492
3  30.0  460
4  26.0  413
5  33.0  434
6  31.0  558
7  24.0  450
1  62.0  504
2  71.0  514
3  48.0  491
4  53.0  556
5  36.0  327
6  51.0  509
7  44.0  584
1  78.0  508
2  64.0  542
3  67.0  508
4  49.0  377
5  48.0  547
6  41.0  390
7  34.0  597
1  70.0  529
2  83.0  504
3  47.0  493
4  64.0  494
5  58.0  485
6  48.0  639
7  67.0  474
1  32.0  520
2  67.0  521
3  28.0  362
4  50.0  505
5  38.0  322
6  52.0  473
7  66.0  504
1  50.0  487
2  62.0  484
3  79.0  538
4  34.0  440
5  44.0  587
6  32.0  598
7  46.0  543
1  25.0  352
2  29.0  355
3  59.0  444
4  27.0  499
5  58.0  574
6  46.0  439
7  55.0  536
1  62.0  505
2  48.0  531
3  62.0  452
4  64.0  459
5  55.0  552
6  39.0  479
7  48.0  582
1  23.0  476
2  55.0  506
3  15.0  357
4  32.0  517
5  52.0  550
6  37.0  425
7  41.0  505
1  33.0  520
2  59.0  519
3  24.0  365
4  45.0  524
5  60.0  565
6  25.0  510
7  42.0  564
1  55.0  417
2  46.0  444
3  45.0  512
4  62.0  457
5  29.0  492
6  40.0  436
7  14.0  453
1  39.0  485
2  37.0  371
3  27.0  403
4  36.0  412
5  28.0  525
6  52.0  466
7  65.0  549
1  29.0  471
2  18.0  279
3  31.0  376
4  52.0  538
5  48.0  571
6  42.0  664
7  28.0  457
1  71.0  494
2  20.0  397
3  45.0  505
4  4.0  374
5  68.0  624
6  41.0  490
7  44.0  460
1  44.0  490
2  4.0  275
3  56.0  417
4  31.0  396
5  40.0  540
6  57.0  528
7  33.0  633
1  65.0  519
2  34.0  423
3  13.0  428
4  27.0  307
5  54.0  470
6  48.0  439
7  12.0  350
1  39.0  321
2  50.0  432
3  36.0  406
4  44.0  522
5  60.0  518
6  34.0  611
7  34.0  509
1  69.0  501
2  93.0  496
3  62.0  511
4  28.0  485
5  57.0  546
6  24.0  478
7  40.0  523
1  54.0  344
2  23.0  377
3  43.0  529
4  51.0  526
5  49.0  557
6  36.0  511
7  45.0  571
1  69.0  518
2  35.0  545
3  17.0  404
4  61.0  516
5  51.0  455
6  29.0  530
7  19.0  569
1  48.0  506
2  75.0  502
3  11.0  156
4  40.0  469
5  52.0  559
6  36.0  579
7  27.0  611
1  23.0  200
2  76.0  532
3  36.0  523
4  59.0  516
5  38.0  586
6  75.0  554
7  25.0  455
1  8.0  371
2  11.0  363
3  59.0  388
4  25.0  505
5  44.0  434
6  15.0  426
7  32.0  583
1  82.0  507
2  27.0  432
3  28.0  490
4  46.0  532
5  59.0  602
6  46.0  404
7  32.0  477
1  66.0  487
2  26.0  275
3  49.0  535
4  45.0  507
5  47.0  460
6  32.0  495
7  55.0  523
1  59.0  517
2  29.0  514
3  45.0  512
4  13.0  269
5  59.0  571
6  35.0  584
7  19.0  480
1  39.0  475
2  86.0  486
3  43.0  453
4  44.0  487
5  51.0  544
6  57.0  554
7  53.0  625
1  55.0  460
2  40.0  526
3  59.0  521
4  44.0  507
5  15.0  407
6  21.0  408
7  26.0  533
1  63.0  516
2  73.0  453
3  74.0  526
4  41.0  613
5  34.0  461
6  51.0  613
7  44.0  679
1  45.0  396
2  71.0  508
3  35.0  459
4  48.0  483
5  39.0  561
6  63.0  544
7  60.0  524
1  26.0  489
2  45.0  556
3  68.0  513
4  75.0  549
5  66.0  610
6  59.0  542
7  20.0  393
1  30.0  495
2  53.0  508
3  47.0  522
4  67.0  429
5  34.0  485
6  33.0  557
7  19.0  453
1  50.0  459
2  42.0  495
3  60.0  473
4  46.0  487
5  59.0  570
6  49.0  493
7  33.0  551
1  59.0  517
2  28.0  358
3  54.0  542
4  24.0  388
5  67.0  503
6  28.0  451
7  27.0  357
1  40.0  357
2  26.0  505
3  27.0  387
4  46.0  510
5  66.0  529
6  54.0  571
7  36.0  572
1  51.0  500
2  27.0  365
3  20.0  329
4  51.0  536
5  38.0  593
6  34.0  479
7  54.0  484
1  62.0  463
2  52.0  415
3  49.0  424
4  17.0  315
5  78.0  513
6  36.0  540
7  45.0  560
1  29.0  445
2  47.0  430
3  52.0  366
4  80.0  538
5  31.0  472
6  28.0  486
7  36.0  558
1  41.0  490
2  73.0  519
3  53.0  409
4  18.0  390
5  37.0  537
6  24.0  381
7  51.0  662
1  93.0  515
2  39.0  514
3  26.0  398
4  38.0  508
5  66.0  514
6  36.0  573
7  50.0  604
1  56.0  504
2  13.0  335
3  72.0  510
4  32.0  553
5  51.0  352
6  78.0  551
7  35.0  541
1  65.0  516
2  47.0  451
3  29.0  483
4  50.0  500
5  58.0  474
6  36.0  550
7  56.0  571
1  21.0  322
2  35.0  430
3  31.0  460
4  49.0  520
5  49.0  524
6  42.0  510
7  42.0  630
1  31.0  410
2  55.0  534
3  64.0  493
4  47.0  576
5  58.0  560
6  49.0  552
7  39.0  547
1  22.0  424
2  58.0  489
3  65.0  542
4  64.0  553
5  33.0  454
6  44.0  600
7  25.0  389
1  55.0  502
2  45.0  520
3  51.0  473
4  59.0  564
5  58.0  590
6  75.0  535
7  40.0  529
1  13.0  249
2  87.0  511
3  75.0  510
4  54.0  576
5  63.0  600
6  52.0  484
7  26.0  538
1  58.0  515
2  62.0  495
3  82.0  518
4  65.0  540
5  57.0  535
6  20.0  427
7  51.0  533
1  42.0  405
2  13.0  322
3  53.0  530
4  7.0  379
5  34.0  489
6  59.0  635
7  46.0  480
1  62.0  355
2  59.0  535
3  80.0  520
4  40.0  422
5  13.0  261
6  36.0  521
7  43.0  520
1  37.0  408
2  43.0  392
3  61.0  510
4  57.0  482
5  28.0  371
6  44.0  593
7  22.0  328
1  73.0  509
2  42.0  539
3  41.0  475
4  63.0  576
5  27.0  455
6  28.0  508
7  38.0  628
1  46.0  516
2  49.0  492
3  44.0  490
4  19.0  389
5  44.0  509
6  30.0  424
7  12.0  147
1  23.0  367
2  38.0  530
3  73.0  521
4  55.0  674
5  34.0  526
6  36.0  478
7  30.0  582
1  42.0  319
2  33.0  419
3  66.0  463
4  70.0  599
5  67.0  531
6  30.0  455
7  51.0  588
1  24.0  288
2  37.0  416
3  38.0  470
4  32.0  379
5  29.0  545
6  58.0  548
7  35.0  630
1  66.0  525
2  82.0  523
3  52.0  461
4  26.0  382
5  50.0  606
6  42.0  529
7  24.0  497
1  58.0  505
2  13.0  353
3  25.0  531
4  30.0  508
5  45.0  591
6  52.0  531
7  51.0  540
1  18.0  330
2  81.0  517
3  78.0  553
4  42.0  483
5  33.0  474
6  52.0  571
7  21.0  333
1  22.0  309
2  36.0  438
3  74.0  539
4  19.0  224
5  42.0  514
6  9.0  308
7  26.0  608
1  53.0  499
2  34.0  409
3  12.0  360
4  45.0  557
5  65.0  502
6  28.0  523
7  87.0  572
1  87.0  507
2  75.0  517
3  67.0  501
4  66.0  541
5  21.0  432
6  40.0  584
7  53.0  458
1  73.0  508
2  72.0  518
3  53.0  507
4  48.0  600
5  29.0  331
6  46.0  582
7  80.0  506
1  36.0  482
2  55.0  521
3  50.0  454
4  47.0  466
5  40.0  456
6  44.0  656
7  69.0  500
1  17.0  252
2  66.0  511
3  5.0  431
4  24.0  455
5  68.0  524
6  48.0  615
7  53.0  497
1  70.0  500
2  21.0  428
3  50.0  370
4  43.0  510
5  43.0  416
6  42.0  513
7  36.0  566
1  40.0  486
2  48.0  481
3  37.0  460
4  33.0  381
5  54.0  566
6  54.0  654
7  21.0  572
1  39.0  503
2  45.0  542
3  75.0  546
4  64.0  534
5  52.0  626
6  40.0  453
7  15.0  496
1  35.0  519
2  35.0  473
3  84.0  535
4  56.0  509
5  41.0  486
6  18.0  404
7  32.0  547
1  39.0  473
2  68.0  529
3  48.0  435
4  35.0  458
5  10.0  269
6  31.0  479
7  52.0  603
1  92.0  515
2  69.0  485
3  57.0  492
4  48.0  544
5  59.0  584
6  71.0  440
7  39.0  520
1  26.0  271
2  58.0  524
3  57.0  516
4  14.0  331
5  25.0  473
6  40.0  450
7  43.0  506
1  84.0  506
2  22.0  474
3  30.0  495
4  10.0  411
5  50.0  431
6  38.0  416
7  31.0  480
1  57.0  520
2  43.0  447
3  43.0  486
4  64.0  513
5  50.0  528
6  45.0  530
7  25.0  578
1  46.0  360
2  45.0  474
3  50.0  476
4  37.0  372
5  65.0  508
6  38.0  621
7  30.0  311
1  26.0  518
2  56.0  500
3  62.0  511
4  44.0  509
5  51.0  545
6  54.0  470
7  50.0  494
1  81.0  500
2  44.0  453
3  51.0  510
4  33.0  478
5  26.0  434
6  35.0  565
7  15.0  488
1  46.0  393
2  53.0  399
3  31.0  443
4  26.0  359
5  31.0  438
6  46.0  477
7  23.0  577
1  72.0  502
2  53.0  490
3  23.0  529
4  50.0  520
5  34.0  493
6  62.0  557
7  55.0  554
1  51.0  440
2  50.0  449
3  41.0  526
4  27.0  395
5  33.0  443
6  55.0  519
7  30.0  524
1  24.0  275
2  24.0  308
3  38.0  407
4  66.0  555
5  17.0  493
6  41.0  560
7  56.0  528
1  23.0  391
2  64.0  502
3  60.0  529
4  61.0  552
5  49.0  490
6  9.0  398
7  30.0  501
1  85.0  511
2  55.0  522
3  30.0  428
4  22.0  398
5  46.0  453
6  50.0  549
7  33.0  645
1  52.0  500
2  28.0  225
3  53.0  515
4  74.0  574
5  21.0  513
6  72.0  522
7  43.0  491
1  64.0  513
2  67.0  541
3  27.0  535
4  34.0  449
5  39.0  519
6  49.0  530
7  60.0  490
1  6.0  207
2  50.0  533
3  25.0  404
4  44.0  484
5  86.0  538
6  59.0  513
7  43.0  590
1  56.0  513
2  39.0  427
3  71.0  519
4  84.0  528
5  19.0  546
6  64.0  509
7  67.0  623
1  40.0  317
2  49.0  496
3  46.0  481
4  35.0  474
5  57.0  513
6  51.0  468
7  50.0  558
1  1.0  280
2  56.0  518
3  75.0  519
4  47.0  616
5  39.0  300
6  38.0  552
7  61.0  447
1  40.0  388
2  55.0  495
3  34.0  461
4  81.0  602
5  27.0  448
6  32.0  533
7  19.0  434
1  38.0  507
2  66.0  516
3  45.0  485
4  18.0  508
5  34.0  476
6  41.0  501
7  34.0  530
1  72.0  516
2  47.0  501
3  32.0  435
4  26.0  379
5  12.0  288
6  33.0  476
7  27.0  600
1  59.0  478
2  29.0  512
3  46.0  454
4  30.0  561
5  22.0  465
6  50.0  582
7  27.0  492
1  72.0  508
2  42.0  518
3  37.0  468
4  66.0  477
5  31.0  556
6  55.0  567
7  49.0  596
1  10.0  486
2  45.0  508
3  21.0  213
4  24.0  310
5  56.0  500
6  57.0  549
7  40.0  598
1  49.0  528
2  37.0  491
3  51.0  493
4  52.0  552
5  30.0  597
6  62.0  568
7  42.0  453
1  14.0  331
2  53.0  518
3  46.0  448
4  42.0  610
5  47.0  536
6  48.0  532
7  27.0  514
1  83.0  504
2  47.0  527
3  81.0  537
4  49.0  475
5  41.0  514
6  13.0  397
7  26.0  459
1  48.0  479
2  57.0  493
3  32.0  277
4  23.0  222
5  52.0  519
6  57.0  497
7  49.0  440
1  44.0  402
2  70.0  526
3  75.0  529
4  75.0  510
5  36.0  469
6  27.0  409
7  54.0  545
