1  82.0  326.0
2  48.0  451.0
3  50.0  455.0
4  18.0  280.0
5  52.0  595.0
6  43.0  572.0
7  40.0  552.0
1  55.0  483.0
2  32.0  322.0
3  68.0  323.0
4  17.0  299.0
5  42.0  483.0
6  56.0  446.0
7  21.0  576.0
1  36.0  234.0
2  68.0  358.0
3  63.0  445.0
4  30.0  387.0
5  35.0  436.0
6  46.0  479.0
7  41.0  474.0
1  31.0  665.0
2  59.0  393.0
3  33.0  328.0
4  52.0  405.0
5  26.0  474.0
6  40.0  453.0
7  28.0  545.0
1  48.0  445.0
2  53.0  501.0
3  70.0  441.0
4  58.0  451.0
5  41.0  375.0
6  47.0  433.0
7  34.0  350.0
1  26.0  468.0
2  49.0  527.0
3  59.0  518.0
4  28.0  404.0
5  45.0  532.0
6  52.0  398.0
7  34.0  402.0
1  25.0  545.0
2  25.0  246.0
3  29.0  365.0
4  38.0  301.0
5  41.0  167.0
6  53.0  518.0
7  50.0  293.0
1  42.0  510.0
2  40.0  450.0
3  58.0  497.0
4  31.0  445.0
5  38.0  498.0
6  65.0  465.0
7  33.0  425.0
1  7.0  461.0
2  36.0  348.0
3  34.0  471.0
4  39.0  439.0
5  44.0  575.0
6  34.0  447.0
7  43.0  503.0
1  51.0  430.0
2  56.0  514.0
3  26.0  316.0
4  14.0  290.0
5  42.0  484.0
6  45.0  454.0
7  62.0  466.0
1  14.0  413.0
2  59.0  413.0
3  35.0  445.0
4  44.0  529.0
5  54.0  430.0
6  37.0  587.0
7  47.0  523.0
1  72.0  424.0
2  25.0  552.0
3  34.0  404.0
4  48.0  474.0
5  28.0  499.0
6  41.0  531.0
7  35.0  502.0
1  21.0  443.0
2  49.0  345.0
3  28.0  276.0
4  52.0  540.0
5  34.0  370.0
6  22.0  259.0
7  41.0  414.0
1  77.0  339.0
2  57.0  459.0
3  18.0  628.0
4  60.0  371.0
5  31.0  405.0
6  30.0  360.0
7  60.0  474.0
1  61.0  471.0
2  48.0  509.0
3  89.0  293.0
4  32.0  578.0
5  32.0  504.0
6  38.0  445.0
7  48.0  496.0
1  72.0  343.0
2  48.0  389.0
3  9.0  320.0
4  28.0  404.0
5  29.0  489.0
6  44.0  374.0
7  24.0  600.0
1  33.0  728.0
2  7.0  312.0
3  57.0  315.0
4  38.0  472.0
5  44.0  531.0
6  34.0  440.0
7  63.0  440.0
1  42.0  272.0
2  66.0  359.0
3  31.0  416.0
4  59.0  528.0
5  57.0  417.0
6  64.0  512.0
7  27.0  334.0
1  45.0  477.0
2  61.0  432.0
3  25.0  552.0
4  28.0  268.0
5  58.0  420.0
6  35.0  410.0
7  17.0  325.0
1  64.0  477.0
2  22.0  564.0
3  32.0  508.0
4  18.0  500.0
5  62.0  502.0
6  36.0  431.0
7  40.0  392.0
1  31.0  421.0
2  33.0  322.0
3  32.0  550.0
4  31.0  319.0
5  21.0  589.0
6  33.0  638.0
7  23.0  463.0
1  71.0  383.0
2  27.0  305.0
3  38.0  650.0
4  62.0  412.0
5  53.0  498.0
6  60.0  380.0
7  16.0  359.0
1  19.0  548.0
2  54.0  435.0
3  45.0  533.0
4  48.0  447.0
5  54.0  419.0
6  47.0  514.0
7  39.0  505.0
1  79.0  360.0
2  50.0  307.0
3  68.0  418.0
4  7.0  341.0
5  32.0  457.0
6  45.0  557.0
7  68.0  369.0
1  59.0  436.0
2  59.0  359.0
3  51.0  380.0
4  48.0  606.0
5  42.0  452.0
6  29.0  412.0
7  34.0  608.0
1  25.0  562.0
2  42.0  345.0
3  36.0  321.0
4  39.0  355.0
5  23.0  554.0
6  42.0  465.0
7  17.0  354.0
1  12.0  390.0
2  52.0  543.0
3  35.0  449.0
4  0.0  341.0
5  36.0  484.0
6  39.0  436.0
7  24.0  311.0
1  52.0  329.0
2  41.0  461.0
3  74.0  397.0
4  27.0  283.0
5  29.0  371.0
6  55.0  283.0
7  38.0  455.0
1  27.0  465.0
2  34.0  418.0
3  39.0  333.0
4  50.0  564.0
5  60.0  453.0
6  81.0  329.0
7  23.0  462.0
1  28.0  456.0
2  37.0  418.0
3  51.0  368.0
4  72.0  422.0
5  49.0  451.0
6  21.0  415.0
7  48.0  468.0
1  50.0  507.0
2  39.0  484.0
3  36.0  451.0
4  32.0  516.0
5  27.0  520.0
6  24.0  412.0
7  69.0  330.0
1  53.0  630.0
2  55.0  472.0
3  31.0  486.0
4  57.0  407.0
5  33.0  552.0
6  34.0  457.0
7  24.0  510.0
1  25.0  456.0
2  78.0  345.0
3  61.0  376.0
4  56.0  416.0
5  30.0  384.0
6  23.0  543.0
7  33.0  403.0
1  58.0  407.0
2  45.0  426.0
3  19.0  498.0
4  57.0  304.0
5  45.0  417.0
6  32.0  543.0
7  44.0  480.0
1  23.0  287.0
2  27.0  368.0
3  17.0  447.0
4  23.0  516.0
5  36.0  507.0
6  61.0  568.0
7  39.0  401.0
1  32.0  386.0
2  32.0  225.0
3  33.0  601.0
4  39.0  502.0
5  25.0  334.0
6  26.0  535.0
7  56.0  486.0
1  50.0  712.0
2  72.0  425.0
3  47.0  509.0
4  52.0  420.0
5  43.0  479.0
6  39.0  450.0
7  32.0  435.0
1  20.0  569.0
2  50.0  445.0
3  25.0  639.0
4  28.0  245.0
5  35.0  452.0
6  48.0  504.0
7  32.0  443.0
1  28.0  178.0
2  36.0  564.0
3  31.0  501.0
4  48.0  426.0
5  33.0  531.0
6  42.0  436.0
7  34.0  516.0
1  67.0  413.0
2  3.0  347.0
3  75.0  434.0
4  12.0  492.0
5  29.0  476.0
6  31.0  389.0
7  50.0  493.0
1  1.0  270.0
2  37.0  341.0
3  48.0  403.0
4  38.0  444.0
5  5.0  476.0
6  23.0  431.0
7  38.0  481.0
1  40.0  545.0
2  12.0  251.0
3  21.0  186.0
4  34.0  424.0
5  17.0  410.0
6  31.0  494.0
7  26.0  361.0
1  48.0  482.0
2  35.0  504.0
3  26.0  347.0
4  29.0  348.0
5  26.0  418.0
6  35.0  441.0
7  35.0  559.0
1  59.0  391.0
2  45.0  312.0
3  43.0  497.0
4  45.0  444.0
5  33.0  457.0
6  30.0  515.0
7  18.0  418.0
1  29.0  513.0
2  43.0  349.0
3  35.0  467.0
4  38.0  459.0
5  19.0  483.0
6  46.0  475.0
7  50.0  461.0
1  73.0  318.0
2  79.0  353.0
3  48.0  478.0
4  31.0  292.0
5  68.0  247.0
6  54.0  447.0
7  38.0  399.0
1  30.0  364.0
2  73.0  358.0
3  43.0  405.0
4  50.0  473.0
5  18.0  498.0
6  59.0  591.0
7  26.0  481.0
1  54.0  491.0
2  38.0  411.0
3  61.0  509.0
4  52.0  494.0
5  45.0  468.0
6  53.0  460.0
7  51.0  431.0
1  39.0  354.0
2  36.0  428.0
3  43.0  307.0
4  36.0  483.0
5  32.0  426.0
6  34.0  489.0
7  29.0  446.0
1  35.0  401.0
2  65.0  426.0
3  39.0  410.0
4  10.0  313.0
5  41.0  490.0
6  48.0  475.0
7  36.0  487.0
1  45.0  519.0
2  27.0  404.0
3  51.0  400.0
4  0.0  483.0
5  38.0  333.0
6  24.0  636.0
7  38.0  387.0
1  50.0  345.0
2  62.0  471.0
3  70.0  393.0
4  29.0  357.0
5  50.0  524.0
6  26.0  561.0
7  38.0  506.0
1  81.0  332.0
2  30.0  315.0
3  40.0  588.0
4  52.0  449.0
5  32.0  439.0
6  38.0  604.0
7  43.0  443.0
1  26.0  387.0
2  44.0  435.0
3  36.0  518.0
4  26.0  522.0
5  27.0  454.0
6  54.0  469.0
7  52.0  530.0
1  72.0  482.0
2  49.0  467.0
3  45.0  366.0
4  28.0  293.0
5  33.0  529.0
6  20.0  350.0
7  39.0  515.0
1  51.0  493.0
2  46.0  476.0
3  40.0  370.0
4  44.0  494.0
5  37.0  417.0
6  51.0  382.0
7  36.0  327.0
1  15.0  192.0
2  56.0  343.0
3  40.0  510.0
4  25.0  572.0
5  33.0  446.0
6  59.0  441.0
7  49.0  417.0
1  50.0  328.0
2  41.0  386.0
3  21.0  362.0
4  56.0  488.0
5  20.0  306.0
6  36.0  527.0
7  44.0  544.0
1  26.0  506.0
2  48.0  513.0
3  14.0  382.0
4  19.0  531.0
5  37.0  409.0
6  13.0  511.0
7  32.0  541.0
1  64.0  451.0
2  41.0  540.0
3  34.0  399.0
4  41.0  491.0
5  26.0  408.0
6  21.0  365.0
7  51.0  480.0
1  33.0  202.0
2  45.0  402.0
3  43.0  329.0
4  45.0  510.0
5  33.0  607.0
6  32.0  536.0
7  32.0  610.0
1  55.0  489.0
2  41.0  466.0
3  57.0  526.0
4  38.0  435.0
5  36.0  524.0
6  33.0  433.0
7  27.0  477.0
1  29.0  385.0
2  22.0  533.0
3  37.0  414.0
4  10.0  334.0
5  40.0  488.0
6  23.0  527.0
7  35.0  435.0
1  80.0  385.0
2  29.0  438.0
3  21.0  377.0
4  16.0  560.0
5  42.0  494.0
6  59.0  429.0
7  42.0  326.0
1  60.0  279.0
2  34.0  603.0
3  30.0  474.0
4  23.0  548.0
5  51.0  501.0
6  48.0  511.0
7  39.0  472.0
1  38.0  343.0
2  46.0  382.0
3  57.0  406.0
4  67.0  431.0
5  25.0  510.0
6  33.0  571.0
7  25.0  485.0
1  60.0  380.0
2  30.0  397.0
3  57.0  421.0
4  29.0  538.0
5  42.0  363.0
6  32.0  524.0
7  52.0  422.0
1  2.0  535.0
2  22.0  521.0
3  46.0  327.0
4  55.0  428.0
5  41.0  572.0
6  49.0  284.0
7  31.0  542.0
1  52.0  379.0
2  42.0  503.0
3  11.0  388.0
4  65.0  460.0
5  34.0  576.0
6  48.0  472.0
7  43.0  429.0
1  0.0  448.0
2  49.0  453.0
3  53.0  447.0
4  34.0  540.0
5  26.0  554.0
6  40.0  504.0
7  57.0  444.0
1  48.0  458.0
2  43.0  476.0
3  38.0  484.0
4  16.0  257.0
5  31.0  558.0
6  13.0  568.0
7  36.0  610.0
1  57.0  417.0
2  41.0  471.0
3  30.0  496.0
4  48.0  450.0
5  51.0  454.0
6  19.0  477.0
7  28.0  480.0
1  48.0  412.0
2  48.0  543.0
3  64.0  396.0
4  35.0  532.0
5  34.0  580.0
6  38.0  439.0
7  20.0  458.0
1  64.0  445.0
2  20.0  327.0
3  28.0  516.0
4  56.0  427.0
5  65.0  487.0
6  51.0  412.0
7  21.0  569.0
1  7.0  250.0
2  24.0  348.0
3  46.0  435.0
4  56.0  535.0
5  24.0  506.0
6  53.0  394.0
7  71.0  421.0
1  29.0  356.0
2  37.0  421.0
3  35.0  491.0
4  51.0  534.0
5  48.0  427.0
6  45.0  453.0
7  36.0  567.0
1  46.0  477.0
2  40.0  353.0
3  28.0  491.0
4  40.0  403.0
5  42.0  631.0
6  42.0  456.0
7  42.0  515.0
1  74.0  350.0
2  36.0  438.0
3  42.0  447.0
4  27.0  390.0
5  51.0  357.0
6  31.0  535.0
7  41.0  512.0
1  46.0  332.0
2  34.0  394.0
3  38.0  528.0
4  66.0  483.0
5  33.0  513.0
6  28.0  277.0
7  36.0  340.0
1  57.0  319.0
2  76.0  421.0
3  19.0  342.0
4  58.0  480.0
5  48.0  434.0
6  35.0  389.0
7  44.0  485.0
1  16.0  360.0
2  62.0  372.0
3  37.0  450.0
4  34.0  504.0
5  61.0  406.0
6  32.0  452.0
7  37.0  456.0
1  25.0  502.0
2  27.0  608.0
3  46.0  375.0
4  41.0  475.0
5  44.0  454.0
6  21.0  317.0
7  9.0  502.0
1  21.0  474.0
2  50.0  467.0
3  41.0  304.0
4  28.0  436.0
5  37.0  526.0
6  25.0  621.0
7  44.0  521.0
1  31.0  453.0
2  48.0  376.0
3  44.0  344.0
4  56.0  464.0
5  42.0  525.0
6  32.0  511.0
7  46.0  380.0
1  52.0  366.0
2  40.0  335.0
3  14.0  469.0
4  33.0  609.0
5  34.0  400.0
6  30.0  488.0
7  54.0  407.0
1  33.0  345.0
2  29.0  482.0
3  63.0  374.0
4  33.0  572.0
5  32.0  496.0
6  29.0  511.0
7  34.0  472.0
1  22.0  280.0
2  47.0  480.0
3  42.0  520.0
4  19.0  429.0
5  44.0  439.0
6  22.0  467.0
7  30.0  627.0
1  37.0  377.0
2  80.0  440.0
3  47.0  480.0
4  28.0  524.0
5  15.0  571.0
6  40.0  488.0
7  41.0  458.0
1  48.0  450.0
2  51.0  384.0
3  38.0  465.0
4  19.0  373.0
5  24.0  380.0
6  41.0  433.0
7  70.0  405.0
1  61.0  484.0
2  45.0  489.0
3  43.0  354.0
4  46.0  348.0
5  53.0  515.0
6  22.0  427.0
7  48.0  420.0
1  40.0  358.0
2  49.0  479.0
3  60.0  451.0
4  35.0  472.0
5  30.0  487.0
6  34.0  538.0
7  22.0  509.0
1  69.0  320.0
2  58.0  511.0
3  45.0  366.0
4  55.0  364.0
5  21.0  431.0
6  36.0  368.0
7  29.0  489.0
1  26.0  417.0
2  27.0  591.0
3  63.0  396.0
4  72.0  383.0
5  44.0  465.0
6  25.0  590.0
7  38.0  305.0
1  58.0  440.0
2  51.0  542.0
3  61.0  431.0
4  54.0  419.0
5  14.0  318.0
6  51.0  379.0
7  52.0  312.0
1  55.0  406.0
2  19.0  324.0
3  59.0  555.0
4  77.0  449.0
5  36.0  462.0
6  7.0  350.0
7  46.0  520.0
1  52.0  506.0
2  65.0  436.0
3  54.0  556.0
4  32.0  572.0
5  13.0  460.0
6  27.0  554.0
7  18.0  419.0
1  45.0  397.0
2  29.0  459.0
3  82.0  389.0
4  35.0  276.0
5  13.0  321.0
6  15.0  197.0
7  56.0  436.0
1  78.0  388.0
2  26.0  438.0
3  19.0  333.0
4  35.0  557.0
5  50.0  544.0
6  28.0  402.0
7  27.0  515.0
1  81.0  367.0
2  58.0  410.0
3  18.0  428.0
4  56.0  411.0
5  50.0  398.0
6  48.0  403.0
7  37.0  381.0
1  54.0  480.0
2  42.0  411.0
3  49.0  417.0
4  41.0  494.0
5  36.0  655.0
6  60.0  420.0
7  30.0  453.0
