20  1  92.0  802.0
20  1  100.0  16.0
20  1  90.0  1011.0
20  1  47.0  5395.0
20  1  90.0  1015.0
20  1  72.0  2862.0
20  1  86.0  1585.0
20  1  89.0  1106.0
20  1  66.0  3407.0
20  1  91.0  900.0
20  1  91.0  901.0
20  1  8.0  9216.0
20  1  66.0  3400.0
20  1  92.0  810.0
20  1  0.0  10000.0
20  1  61.0  4040.0
20  1  90.0  1000.0
20  1  0.0  10000.0
20  1  94.0  602.0
20  1  73.0  2780.0
20  1  62.0  3800.0
20  1  37.0  6349.0
20  1  97.0  308.0
20  1  97.0  324.0
20  1  0.0  10000.0
20  1  0.0  10000.0
20  1  77.0  2324.0
20  1  91.0  916.0
20  1  72.0  2834.0
20  1  55.0  4541.0
20  1  98.0  214.0
20  1  90.0  1011.0
20  1  88.0  1205.0
20  1  93.0  716.0
20  1  82.0  1964.0
20  1  0.0  10000.0
20  1  27.0  7328.0
20  1  85.0  1502.0
20  1  0.0  10000.0
20  1  0.0  10000.0
20  1  93.0  703.0
20  1  55.0  4500.0
20  1  94.0  625.0
20  1  87.0  1305.0
20  1  62.0  3862.0
20  1  88.0  1231.0
20  1  87.0  1300.0
20  1  100.0  14.0
20  1  74.0  2622.0
20  1  53.0  4700.0
20  1  92.0  818.0
20  1  94.0  600.0
20  1  88.0  1200.0
20  1  86.0  1408.0
20  1  27.0  7326.0
20  1  54.0  4645.0
20  1  75.0  2534.0
20  1  91.0  901.0
20  1  85.0  1560.0
20  1  93.0  793.0
20  1  98.0  202.0
20  1  84.0  1638.0
20  1  83.0  1765.0
20  1  81.0  1911.0
20  1  16.0  8432.0
20  1  100.0  23.0
20  1  88.0  1200.0
20  1  58.0  4232.0
20  1  86.0  1428.0
20  1  90.0  1017.0
20  1  100.0  20.0
20  1  62.0  3803.0
20  1  95.0  512.0
20  1  97.0  302.0
20  1  87.0  1301.0
20  1  93.0  701.0
20  1  93.0  701.0
20  1  78.0  2239.0
20  1  95.0  505.0
20  1  82.0  1820.0
20  1  75.0  2501.0
20  1  48.0  5243.0
20  1  74.0  2611.0
20  1  93.0  738.0
20  1  97.0  312.0
20  1  0.0  10000.0
20  1  0.0  10000.0
20  1  67.0  3393.0
20  1  37.0  6389.0
20  1  48.0  5310.0
20  1  71.0  2915.0
20  1  64.0  3639.0
20  1  98.0  203.0
20  1  72.0  2812.0
20  1  0.0  10000.0
20  1  97.0  416.0
20  1  31.0  6900.0
20  1  24.0  7649.0
20  1  26.0  7430.0
20  1  60.0  4023.0
20  2  66.0  3427.0
20  2  32.0  6822.0
20  2  76.0  2404.0
20  2  79.0  2100.0
20  2  90.0  1004.0
20  2  60.0  4000.0
20  2  97.0  317.0
20  2  69.0  3187.0
20  2  14.0  8621.0
20  2  43.0  5727.0
20  2  23.0  7738.0
20  2  52.0  4818.0
20  2  95.0  500.0
20  2  66.0  3411.0
20  2  45.0  5527.0
20  2  85.0  1519.0
20  2  84.0  1618.0
20  2  89.0  1113.0
20  2  99.0  102.0
20  2  0.0  10000.0
20  2  87.0  1317.0
20  2  89.0  1119.0
20  2  71.0  2910.0
20  2  92.0  800.0
20  2  33.0  6711.0
20  2  77.0  2405.0
20  2  76.0  2434.0
20  2  88.0  1288.0
20  2  35.0  6540.0
20  2  93.0  793.0
20  2  83.0  1708.0
20  2  94.0  625.0
20  2  38.0  6238.0
20  2  65.0  3506.0
20  2  84.0  1603.0
20  2  81.0  1915.0
20  2  78.0  2343.0
20  2  58.0  4257.0
20  2  0.0  10000.0
20  2  85.0  1521.0
20  2  75.0  2548.0
20  2  76.0  2411.0
20  2  67.0  3367.0
20  2  74.0  2600.0
20  2  84.0  1623.0
20  2  89.0  1113.0
20  2  63.0  3788.0
20  2  96.0  405.0
20  2  43.0  5755.0
20  2  60.0  4060.0
20  2  83.0  1742.0
20  2  97.0  309.0
20  2  100.0  7.0
20  2  30.0  7006.0
20  2  0.0  10000.0
20  2  70.0  3061.0
20  2  85.0  1507.0
20  2  55.0  4508.0
20  2  67.0  3329.0
20  2  22.0  7814.0
20  2  66.0  3404.0
20  2  57.0  4357.0
20  2  66.0  3422.0
20  2  78.0  2208.0
20  2  84.0  1605.0
20  2  31.0  6930.0
20  2  69.0  3175.0
20  2  100.0  16.0
20  2  65.0  3528.0
20  2  89.0  1101.0
20  2  79.0  2100.0
20  2  50.0  5047.0
20  2  91.0  904.0
20  2  83.0  1765.0
20  2  11.0  8922.0
20  2  96.0  434.0
20  2  82.0  1839.0
20  2  0.0  10000.0
20  2  59.0  4122.0
20  2  43.0  5730.0
20  2  89.0  1100.0
20  2  93.0  710.0
20  2  55.0  4603.0
20  2  84.0  1616.0
20  2  85.0  1526.0
20  2  0.0  10000.0
20  2  82.0  1839.0
20  2  83.0  1742.0
20  2  43.0  5724.0
20  2  77.0  2361.0
20  2  53.0  4741.0
20  2  84.0  1608.0
20  2  65.0  3557.0
20  2  0.0  10000.0
20  2  28.0  7274.0
20  2  57.0  4320.0
20  2  96.0  400.0
20  2  88.0  1254.0
20  2  59.0  4114.0
20  2  29.0  7109.0
20  3  79.0  2142.0
20  3  65.0  3509.0
20  3  56.0  4454.0
20  3  42.0  5852.0
20  3  15.0  8531.0
20  3  49.0  5117.0
20  3  63.0  3708.0
20  3  70.0  3026.0
20  3  59.0  4186.0
20  3  51.0  4935.0
20  3  64.0  3609.0
20  3  20.0  8012.0
20  3  73.0  2716.0
20  3  83.0  1755.0
20  3  92.0  816.0
20  3  0.0  10000.0
20  3  17.0  8322.0
20  3  95.0  533.0
20  3  80.0  2015.0
20  3  27.0  7343.0
20  3  70.0  3042.0
20  3  99.0  137.0
20  3  44.0  5629.0
20  3  94.0  601.0
20  3  59.0  4143.0
20  3  68.0  3216.0
20  3  0.0  10000.0
20  3  100.0  12.0
20  3  39.0  6116.0
20  3  27.0  7345.0
20  3  67.0  3349.0
20  3  46.0  5456.0
20  3  60.0  4016.0
20  3  80.0  2010.0
20  3  27.0  7349.0
20  3  56.0  4498.0
20  3  57.0  4325.0
20  3  38.0  6212.0
20  3  48.0  5268.0
20  3  24.0  7652.0
20  3  70.0  3014.0
20  3  32.0  6828.0
20  3  91.0  900.0
20  3  17.0  8301.0
20  3  50.0  5045.0
20  3  44.0  5655.0
20  3  38.0  6237.0
20  3  66.0  3415.0
20  3  76.0  2467.0
20  3  30.0  7023.0
20  3  79.0  2134.0
20  3  48.0  5241.0
20  3  50.0  5011.0
20  3  56.0  4422.0
20  3  86.0  1402.0
20  3  87.0  1300.0
20  3  32.0  6830.0
20  3  100.0  17.0
20  3  51.0  4956.0
20  3  36.0  6416.0
20  3  82.0  1800.0
20  3  56.0  4466.0
20  3  68.0  3256.0
20  3  79.0  2103.0
20  3  58.0  4216.0
20  3  73.0  2711.0
20  3  86.0  1428.0
20  3  21.0  7912.0
20  3  71.0  2938.0
20  3  28.0  7224.0
20  3  26.0  7438.0
20  3  74.0  2620.0
20  3  81.0  1920.0
20  3  94.0  628.0
20  3  34.0  6621.0
20  3  58.0  4221.0
20  3  100.0  32.0
20  3  50.0  5032.0
20  3  0.0  10000.0
20  3  46.0  5411.0
20  3  67.0  3322.0
20  3  92.0  841.0
20  3  0.0  10000.0
20  3  85.0  1529.0
20  3  50.0  5020.0
20  3  79.0  2101.0
20  3  70.0  3041.0
20  3  98.0  261.0
20  3  35.0  6526.0
20  3  61.0  3910.0
20  3  74.0  2600.0
20  3  70.0  3052.0
20  3  95.0  527.0
20  3  96.0  403.0
20  3  50.0  5042.0
20  3  65.0  3500.0
20  3  82.0  1832.0
20  3  15.0  8540.0
20  3  70.0  3129.0
20  3  50.0  5061.0
20  4  79.0  2151.0
20  4  33.0  6727.0
20  4  25.0  7550.0
20  4  96.0  426.0
20  4  41.0  5921.0
20  4  95.0  500.0
20  4  85.0  1509.0
20  4  74.0  2600.0
20  4  27.0  7330.0
20  4  37.0  6340.0
20  4  32.0  6864.0
20  4  98.0  227.0
20  4  29.0  7114.0
20  4  21.0  7908.0
20  4  11.0  8910.0
20  4  55.0  4529.0
20  4  59.0  4104.0
20  4  87.0  1317.0
20  4  43.0  5735.0
20  4  41.0  5938.0
20  4  22.0  7821.0
20  4  20.0  8030.0
20  4  16.0  8444.0
20  4  46.0  5426.0
20  4  48.0  5247.0
20  4  40.0  6056.0
20  4  58.0  4248.0
20  4  87.0  1339.0
20  4  77.0  2316.0
20  4  30.0  7049.0
20  4  33.0  6725.0
20  4  82.0  1817.0
20  4  93.0  819.0
20  4  21.0  7929.0
20  4  83.0  1704.0
20  4  89.0  1126.0
20  4  88.0  1236.0
20  4  12.0  8819.0
20  4  74.0  2641.0
20  4  42.0  5843.0
20  4  55.0  4515.0
20  4  47.0  5338.0
20  4  60.0  4015.0
20  4  79.0  2117.0
20  4  28.0  7242.0
20  4  48.0  5200.0
20  4  42.0  5862.0
20  4  22.0  7818.0
20  4  46.0  5436.0
20  4  27.0  7339.0
20  4  28.0  7226.0
20  4  87.0  1303.0
20  4  81.0  1964.0
20  4  80.0  2011.0
20  4  75.0  2506.0
20  4  67.0  3322.0
20  4  84.0  1600.0
20  4  26.0  7436.0
20  4  12.0  8811.0
20  4  31.0  6929.0
20  4  54.0  4641.0
20  4  20.0  8016.0
20  4  24.0  7628.0
20  4  79.0  2110.0
20  4  62.0  3834.0
20  4  82.0  1809.0
20  4  58.0  4220.0
20  4  66.0  3449.0
20  4  67.0  3312.0
20  4  73.0  2703.0
20  4  68.0  3221.0
20  4  37.0  6323.0
20  4  60.0  4010.0
20  4  47.0  5310.0
20  4  100.0  5.0
20  4  65.0  3570.0
20  4  28.0  7254.0
20  4  63.0  3739.0
20  4  78.0  2204.0
20  4  10.0  9006.0
20  4  64.0  3614.0
20  4  54.0  4633.0
20  4  40.0  6012.0
20  4  44.0  5681.0
20  4  46.0  5442.0
20  4  4.0  9611.0
20  4  66.0  3425.0
20  4  80.0  2000.0
20  4  42.0  5849.0
20  4  34.0  6636.0
20  4  57.0  4300.0
20  4  51.0  4904.0
20  4  50.0  5015.0
20  4  28.0  7233.0
20  4  23.0  7733.0
20  4  68.0  3226.0
20  4  88.0  1212.0
20  4  50.0  5028.0
20  4  3.0  9707.0
20  4  10.0  9018.0
20  5  11.0  8902.0
20  5  74.0  2604.0
20  5  47.0  5303.0
20  5  83.0  1706.0
20  5  30.0  7026.0
20  5  42.0  5849.0
20  5  26.0  7448.0
20  5  35.0  6536.0
20  5  36.0  6425.0
20  5  40.0  6015.0
20  5  47.0  5324.0
20  5  58.0  4251.0
20  5  71.0  2904.0
20  5  54.0  4629.0
20  5  46.0  5436.0
20  5  97.0  308.0
20  5  70.0  3003.0
20  5  62.0  3856.0
20  5  60.0  4076.0
20  5  99.0  121.0
20  5  68.0  3236.0
20  5  36.0  6408.0
20  5  70.0  3005.0
20  5  64.0  3613.0
20  5  68.0  3268.0
20  5  33.0  6758.0
20  5  45.0  5552.0
20  5  81.0  1900.0
20  5  32.0  6824.0
20  5  35.0  6526.0
20  5  47.0  5363.0
20  5  10.0  9019.0
20  5  22.0  7830.0
20  5  26.0  7446.0
20  5  8.0  9218.0
20  5  14.0  8627.0
20  5  21.0  7929.0
20  5  90.0  1002.0
20  5  25.0  7540.0
20  5  11.0  8923.0
20  5  35.0  6538.0
20  5  20.0  8032.0
20  5  26.0  7422.0
20  5  41.0  5902.0
20  5  29.0  7125.0
20  5  59.0  4139.0
20  5  52.0  4811.0
20  5  82.0  1808.0
20  5  77.0  2313.0
20  5  36.0  6448.0
20  5  87.0  1300.0
20  5  28.0  7208.0
20  5  47.0  5335.0
20  5  31.0  6929.0
20  5  45.0  5525.0
20  5  96.0  415.0
20  5  34.0  6669.0
20  5  36.0  6462.0
20  5  49.0  5110.0
20  5  89.0  1142.0
20  5  40.0  6019.0
20  5  73.0  2843.0
20  5  33.0  6712.0
20  5  60.0  4007.0
20  5  32.0  6848.0
20  5  70.0  3012.0
20  5  61.0  3923.0
20  5  43.0  5772.0
20  5  15.0  8500.0
20  5  74.0  2637.0
20  5  28.0  7242.0
20  5  100.0  19.0
20  5  97.0  365.0
20  5  73.0  2791.0
20  5  81.0  1950.0
20  5  80.0  2020.0
20  5  31.0  6920.0
20  5  78.0  2274.0
20  5  43.0  5756.0
20  5  41.0  5927.0
20  5  69.0  3113.0
20  5  79.0  2100.0
20  5  39.0  6135.0
20  5  29.0  7156.0
20  5  27.0  7356.0
20  5  32.0  6853.0
20  5  80.0  2025.0
20  5  63.0  3723.0
20  5  32.0  6825.0
20  5  41.0  5910.0
20  5  39.0  6136.0
20  5  58.0  4227.0
20  5  50.0  5018.0
20  5  29.0  7119.0
20  5  21.0  7915.0
20  5  51.0  4926.0
20  5  7.0  9308.0
20  5  12.0  8815.0
20  5  56.0  4419.0
20  5  32.0  6839.0
20  6  52.0  4842.0
20  6  63.0  3737.0
20  6  39.0  6121.0
20  6  82.0  1820.0
20  6  53.0  4742.0
20  6  37.0  6317.0
20  6  43.0  5717.0
20  6  17.0  8334.0
20  6  29.0  7125.0
20  6  74.0  2605.0
20  6  73.0  2700.0
20  6  21.0  7928.0
20  6  45.0  5590.0
20  6  99.0  108.0
20  6  47.0  5350.0
20  6  58.0  4230.0
20  6  58.0  4215.0
20  6  27.0  7359.0
20  6  45.0  5546.0
20  6  33.0  6764.0
20  6  97.0  305.0
20  6  98.0  203.0
20  6  92.0  822.0
20  6  81.0  1910.0
20  6  40.0  6010.0
20  6  75.0  2516.0
20  6  85.0  1520.0
20  6  80.0  2059.0
20  6  38.0  6230.0
20  6  32.0  6852.0
20  6  100.0  7.0
20  6  17.0  8341.0
20  6  66.0  3409.0
20  6  41.0  5927.0
20  6  33.0  6757.0
20  6  31.0  6928.0
20  6  100.0  105.0
20  6  6.0  9405.0
20  6  16.0  8427.0
20  6  63.0  3720.0
20  6  89.0  1118.0
20  6  44.0  5656.0
20  6  55.0  4554.0
20  6  93.0  898.0
20  6  9.0  9125.0
20  6  23.0  7730.0
20  6  87.0  1317.0
20  6  82.0  1861.0
20  6  93.0  709.0
20  6  36.0  6460.0
20  6  44.0  5618.0
20  6  31.0  6964.0
20  6  44.0  5659.0
20  6  20.0  8034.0
20  6  46.0  5418.0
20  6  59.0  4123.0
20  6  20.0  8012.0
20  6  16.0  8424.0
20  6  29.0  7151.0
20  6  47.0  5320.0
20  6  64.0  3611.0
20  6  40.0  6051.0
20  6  86.0  1407.0
20  6  80.0  2001.0
20  6  91.0  1091.0
20  6  17.0  8326.0
20  6  85.0  1500.0
20  6  60.0  4060.0
20  6  62.0  3835.0
20  6  58.0  4228.0
20  6  46.0  5436.0
20  6  86.0  1405.0
20  6  46.0  5455.0
20  6  32.0  6834.0
20  6  33.0  6748.0
20  6  86.0  1424.0
20  6  54.0  4626.0
20  6  52.0  4806.0
20  6  40.0  6067.0
20  6  71.0  2928.0
20  6  89.0  1100.0
20  6  44.0  5624.0
20  6  68.0  3216.0
20  6  40.0  6049.0
20  6  63.0  3723.0
20  6  38.0  6240.0
20  6  36.0  6424.0
20  6  61.0  3904.0
20  6  46.0  5492.0
20  6  54.0  4603.0
20  6  12.0  8812.0
20  6  36.0  6466.0
20  6  58.0  4207.0
20  6  77.0  2420.0
20  6  21.0  7908.0
20  6  0.0  10000.0
20  6  56.0  4414.0
20  6  63.0  3700.0
20  6  55.0  4544.0
20  6  9.0  9123.0
20  7  78.0  2266.0
20  7  21.0  7946.0
20  7  17.0  8331.0
20  7  89.0  1114.0
20  7  65.0  3530.0
20  7  35.0  6528.0
20  7  25.0  7508.0
20  7  91.0  900.0
20  7  57.0  4336.0
20  7  13.0  8728.0
20  7  51.0  4906.0
20  7  89.0  1100.0
20  7  26.0  7432.0
20  7  28.0  7247.0
20  7  81.0  1950.0
20  7  35.0  6535.0
20  7  24.0  7647.0
20  7  38.0  6254.0
20  7  28.0  7240.0
20  7  18.0  8228.0
20  7  10.0  9022.0
20  7  33.0  6744.0
20  7  55.0  4566.0
20  7  42.0  5822.0
20  7  78.0  2200.0
20  7  8.0  9218.0
20  7  88.0  1201.0
20  7  43.0  5727.0
20  7  12.0  8820.0
20  7  19.0  8120.0
20  7  83.0  1715.0
20  7  61.0  3945.0
20  7  28.0  7235.0
20  7  72.0  2814.0
20  7  19.0  8134.0
20  7  54.0  4613.0
20  7  23.0  7743.0
20  7  20.0  8030.0
20  7  17.0  8342.0
20  7  25.0  7560.0
20  7  12.0  8822.0
20  7  34.0  6643.0
20  7  46.0  5444.0
20  7  11.0  8915.0
20  7  15.0  8532.0
20  7  49.0  5106.0
20  7  49.0  5110.0
20  7  50.0  5013.0
20  7  56.0  4445.0
20  7  38.0  6223.0
20  7  24.0  7623.0
20  7  81.0  1903.0
20  7  40.0  6038.0
20  7  37.0  6323.0
20  7  58.0  4210.0
20  7  66.0  3417.0
20  7  20.0  8022.0
20  7  69.0  3142.0
20  7  87.0  1310.0
20  7  19.0  8140.0
20  7  40.0  6013.0
20  7  13.0  8706.0
20  7  69.0  3124.0
20  7  11.0  8924.0
20  7  100.0  25.0
20  7  50.0  5000.0
20  7  95.0  506.0
20  7  44.0  5635.0
20  7  37.0  6327.0
20  7  44.0  5612.0
20  7  52.0  4830.0
20  7  53.0  4752.0
20  7  78.0  2203.0
20  7  58.0  4246.0
20  7  55.0  4521.0
20  7  98.0  218.0
20  7  33.0  6762.0
20  7  27.0  7428.0
20  7  13.0  8720.0
20  7  100.0  9.0
20  7  11.0  8920.0
20  7  14.0  8610.0
20  7  49.0  5109.0
20  7  55.0  4533.0
20  7  82.0  1800.0
20  7  26.0  7448.0
20  7  39.0  6120.0
20  7  26.0  7431.0
20  7  38.0  6254.0
20  7  10.0  9008.0
20  7  21.0  7956.0
20  7  94.0  617.0
20  7  21.0  7922.0
20  7  27.0  7315.0
20  7  21.0  7938.0
20  7  88.0  1201.0
20  7  36.0  6441.0
20  7  37.0  6309.0
20  7  92.0  801.0
20  7  13.0  8719.0
20  8  92.0  817.0
20  8  88.0  1217.0
20  8  71.0  2901.0
20  8  64.0  3612.0
20  8  28.0  7221.0
20  8  40.0  6013.0
20  8  64.0  3628.0
20  8  21.0  7935.0
20  8  23.0  7733.0
20  8  38.0  6277.0
20  8  43.0  5784.0
20  8  46.0  5436.0
20  8  43.0  5752.0
20  8  90.0  1000.0
20  8  86.0  1410.0
20  8  19.0  8113.0
20  8  87.0  1302.0
20  8  91.0  914.0
20  8  45.0  5549.0
20  8  32.0  6837.0
20  8  29.0  7149.0
20  8  20.0  8033.0
20  8  41.0  5918.0
20  8  23.0  7712.0
20  8  21.0  7942.0
20  8  60.0  4015.0
20  8  32.0  6811.0
20  8  36.0  6423.0
20  8  38.0  6228.0
20  8  53.0  4812.0
20  8  69.0  3100.0
20  8  83.0  1701.0
20  8  80.0  2002.0
20  8  86.0  1408.0
20  8  50.0  5039.0
20  8  45.0  5552.0
20  8  79.0  2114.0
20  8  61.0  3924.0
20  8  30.0  7032.0
20  8  6.0  9417.0
20  8  18.0  8211.0
20  8  79.0  2124.0
20  8  96.0  410.0
20  8  23.0  7752.0
20  8  57.0  4315.0
20  8  37.0  6355.0
20  8  27.0  7334.0
20  8  89.0  1235.0
20  8  14.0  8629.0
20  8  42.0  5860.0
20  8  22.0  7854.0
20  8  21.0  7950.0
20  8  85.0  1518.0
20  8  86.0  1419.0
20  8  25.0  7538.0
20  8  42.0  5845.0
20  8  16.0  8433.0
20  8  53.0  4708.0
20  8  47.0  5385.0
20  8  74.0  2605.0
20  8  67.0  3307.0
20  8  70.0  3004.0
20  8  19.0  8141.0
20  8  82.0  1843.0
20  8  29.0  7145.0
20  8  44.0  5638.0
20  8  18.0  8225.0
20  8  79.0  2107.0
20  8  92.0  805.0
20  8  11.0  8920.0
20  8  62.0  3842.0
20  8  68.0  3217.0
20  8  64.0  3612.0
20  8  88.0  1221.0
20  8  7.0  9317.0
20  8  27.0  7334.0
20  8  95.0  514.0
20  8  33.0  6747.0
20  8  32.0  6828.0
20  8  53.0  4732.0
20  8  70.0  3000.0
20  8  74.0  2600.0
20  8  41.0  5916.0
20  8  36.0  6439.0
20  8  17.0  8338.0
20  8  8.0  9219.0
20  8  40.0  6008.0
20  8  47.0  5355.0
20  8  27.0  7354.0
20  8  29.0  7116.0
20  8  28.0  7253.0
20  8  34.0  6617.0
20  8  15.0  8530.0
20  8  58.0  4246.0
20  8  25.0  7549.0
20  8  45.0  5507.0
20  8  52.0  4876.0
20  8  17.0  8344.0
20  8  25.0  7543.0
20  8  91.0  944.0
20  9  25.0  7523.0
20  9  17.0  8332.0
20  9  29.0  7147.0
20  9  78.0  2273.0
20  9  32.0  6870.0
20  9  36.0  6414.0
20  9  68.0  3215.0
20  9  70.0  3140.0
20  9  79.0  2100.0
20  9  7.0  9314.0
20  9  22.0  7842.0
20  9  35.0  6545.0
20  9  94.0  623.0
20  9  24.0  7653.0
20  9  53.0  4732.0
20  9  31.0  6939.0
20  9  43.0  5718.0
20  9  17.0  8335.0
20  9  15.0  8534.0
20  9  70.0  3019.0
20  9  80.0  2072.0
20  9  14.0  8631.0
20  9  97.0  311.0
20  9  33.0  6745.0
20  9  31.0  6924.0
20  9  8.0  9216.0
20  9  16.0  8432.0
20  9  100.0  184.0
20  9  32.0  6830.0
20  9  74.0  2610.0
20  9  30.0  7014.0
20  9  45.0  5527.0
20  9  96.0  406.0
20  9  84.0  1660.0
20  9  71.0  2910.0
20  9  50.0  5018.0
20  9  39.0  6125.0
20  9  30.0  7066.0
20  9  68.0  3227.0
20  9  27.0  7325.0
20  9  24.0  7603.0
20  9  30.0  7060.0
20  9  16.0  8426.0
20  9  12.0  8827.0
20  9  15.0  8530.0
20  9  24.0  7632.0
20  9  51.0  4946.0
20  9  49.0  5106.0
20  9  61.0  3905.0
20  9  23.0  7749.0
20  9  52.0  4907.0
20  9  27.0  7351.0
20  9  13.0  8718.0
20  9  74.0  2608.0
20  9  84.0  1669.0
20  9  83.0  1725.0
20  9  19.0  8152.0
20  9  65.0  3539.0
20  9  22.0  7852.0
20  9  24.0  7627.0
20  9  22.0  7832.0
20  9  49.0  5137.0
20  9  81.0  2063.0
20  9  84.0  1639.0
20  9  27.0  7351.0
20  9  23.0  7732.0
20  9  37.0  6322.0
20  9  11.0  8921.0
20  9  18.0  8234.0
20  9  100.0  12.0
20  9  24.0  7619.0
20  9  39.0  6166.0
20  9  28.0  7282.0
20  9  29.0  7141.0
20  9  56.0  4416.0
20  9  90.0  1014.0
20  9  23.0  7723.0
20  9  74.0  2605.0
20  9  9.0  9116.0
20  9  76.0  2444.0
20  9  89.0  1111.0
20  9  86.0  1406.0
20  9  30.0  7043.0
20  9  5.0  9511.0
20  9  22.0  7822.0
20  9  25.0  7544.0
20  9  84.0  1603.0
20  9  26.0  7447.0
20  9  23.0  7723.0
20  9  18.0  8234.0
20  9  39.0  6113.0
20  9  17.0  8339.0
20  9  76.0  2402.0
20  9  44.0  5640.0
20  9  51.0  4914.0
20  9  13.0  8722.0
20  9  21.0  7930.0
20  9  32.0  6832.0
20  9  37.0  6371.0
20  9  85.0  1500.0
20  10  76.0  2469.0
20  10  22.0  7812.0
20  10  65.0  3527.0
20  10  40.0  6009.0
20  10  44.0  5607.0
20  10  23.0  7717.0
20  10  31.0  6933.0
20  10  44.0  5662.0
20  10  75.0  2512.0
20  10  15.0  8531.0
20  10  82.0  1811.0
20  10  3.0  9709.0
20  10  16.0  8439.0
20  10  27.0  7321.0
20  10  33.0  6712.0
20  10  13.0  8722.0
20  10  26.0  7454.0
20  10  15.0  8527.0
20  10  48.0  5230.0
20  10  16.0  8439.0
20  10  38.0  6273.0
20  10  40.0  6059.0
20  10  49.0  5177.0
20  10  94.0  613.0
20  10  72.0  2825.0
20  10  30.0  7041.0
20  10  23.0  7721.0
20  10  50.0  5013.0
20  10  44.0  5649.0
20  10  63.0  3726.0
20  10  90.0  1015.0
20  10  25.0  7531.0
20  10  59.0  4181.0
20  10  70.0  3069.0
20  10  21.0  7941.0
20  10  26.0  7438.0
20  10  49.0  5149.0
20  10  39.0  6115.0
20  10  60.0  4002.0
20  10  42.0  5845.0
20  10  37.0  6322.0
20  10  60.0  4049.0
20  10  68.0  3207.0
20  10  16.0  8422.0
20  10  19.0  8161.0
20  10  30.0  7022.0
20  10  52.0  4867.0
20  10  75.0  2521.0
20  10  91.0  900.0
20  10  12.0  8824.0
20  10  40.0  6015.0
20  10  64.0  3600.0
20  10  87.0  1306.0
20  10  99.0  103.0
20  10  65.0  3542.0
20  10  73.0  2720.0
20  10  90.0  1020.0
20  10  26.0  7433.0
20  10  16.0  8421.0
20  10  17.0  8322.0
20  10  19.0  8125.0
20  10  31.0  6929.0
20  10  9.0  9115.0
20  10  34.0  6672.0
20  10  33.0  6754.0
20  10  65.0  3522.0
20  10  21.0  7927.0
20  10  87.0  1305.0
20  10  11.0  8914.0
20  10  27.0  7331.0
20  10  23.0  7755.0
20  10  31.0  6930.0
20  10  71.0  2916.0
20  10  71.0  2936.0
20  10  36.0  6446.0
20  10  90.0  1028.0
20  10  22.0  7845.0
20  10  38.0  6267.0
20  10  92.0  830.0
20  10  44.0  5681.0
20  10  85.0  1535.0
20  10  32.0  6821.0
20  10  23.0  7756.0
20  10  51.0  4919.0
20  10  55.0  4570.0
20  10  37.0  6345.0
20  10  62.0  3886.0
20  10  26.0  7443.0
20  10  96.0  405.0
20  10  71.0  2909.0
20  10  12.0  8830.0
20  10  56.0  4454.0
20  10  49.0  5145.0
20  10  31.0  6911.0
20  10  64.0  3621.0
20  10  67.0  3327.0
20  10  49.0  5153.0
20  10  52.0  4840.0
20  10  9.0  9118.0
20  10  92.0  807.0
