1  56.799999999999997  1882
2  61.799999999999997  1701
3  55.899999999999999  2289
4  65.099999999999994  2156
5  59.700000000000003  2038
6  46.399999999999999  2384
7  48.799999999999997  2817
1  67.099999999999994  1989
2  53.100000000000001  2031
3  49.399999999999999  2445
4  53.200000000000003  2116
5  55.399999999999999  2359
6  42.799999999999997  2553
7  48.200000000000003  2590
1  65.5  1999
2  48.899999999999999  2420
3  57.399999999999999  2467
4  57.299999999999997  2510
5  51.799999999999997  2478
6  51.200000000000003  2305
7  46.399999999999999  2578
1  50.600000000000001  2000
2  53.600000000000001  2100
3  62.399999999999999  2220
4  57.200000000000003  2284
5  47.399999999999999  2160
6  49.799999999999997  2564
7  54.100000000000001  2630
1  50.0  1597
2  52.299999999999997  1665
3  54.799999999999997  2056
4  68.900000000000006  2047
5  48.299999999999997  2718
6  59.0  2390
7  48.299999999999997  2408
1  61.100000000000001  2557
2  44.299999999999997  2304
3  64.099999999999994  2083
4  45.0  2418
5  60.899999999999999  2284
6  46.0  2689
7  46.600000000000001  2435
1  62.5  2097
2  60.200000000000003  2194
3  53.299999999999997  2388
4  59.399999999999999  2398
5  50.399999999999999  2475
6  51.600000000000001  2535
7  43.899999999999999  2801
1  61.299999999999997  2199
2  55.5  1956
3  59.200000000000003  2194
4  48.200000000000003  2095
5  42.0  2203
6  57.299999999999997  2044
7  46.200000000000003  2598
1  59.0  2142
2  54.0  2324
3  54.799999999999997  1911
4  57.200000000000003  2065
5  52.299999999999997  2107
6  56.0  2271
7  38.799999999999997  2141
1  59.200000000000003  2098
2  58.899999999999999  2095
3  62.0  2091
4  55.200000000000003  2263
5  58.5  2152
6  44.899999999999999  2558
7  49.299999999999997  2712
1  61.399999999999999  2377
2  57.600000000000001  2086
3  50.299999999999997  1954
4  50.100000000000001  2652
5  58.0  2134
6  50.600000000000001  2687
7  42.299999999999997  2530
1  58.5  1994
2  60.200000000000003  2100
3  54.100000000000001  1964
4  54.600000000000001  2547
5  52.200000000000003  2173
6  51.5  2325
7  44.200000000000003  2557
1  59.700000000000003  1675
2  64.599999999999994  1850
3  61.0  2364
4  61.600000000000001  2457
5  52.799999999999997  2160
6  49.399999999999999  2675
7  46.0  2753
1  71.900000000000006  2017
2  74.299999999999997  1626
3  60.399999999999999  1966
4  62.100000000000001  2135
5  52.399999999999999  2589
6  44.799999999999997  2457
7  40.5  2276
1  70.400000000000006  1940
2  60.0  1953
3  51.0  2517
4  52.200000000000003  2008
5  45.799999999999997  2669
6  47.299999999999997  2414
7  52.200000000000003  2892
1  51.5  1922
2  47.100000000000001  1928
3  60.200000000000003  2306
4  52.700000000000003  1982
5  59.100000000000001  2073
6  54.799999999999997  2396
7  55.399999999999999  2217
1  56.899999999999999  2295
2  68.400000000000006  2295
3  52.899999999999999  2190
4  55.899999999999999  2388
5  59.700000000000003  2221
6  43.100000000000001  2418
7  55.5  2589
1  60.200000000000003  1913
2  62.200000000000003  2278
3  56.0  1908
4  55.799999999999997  2228
5  54.399999999999999  1879
6  55.5  2219
7  57.799999999999997  2551
1  70.5  2211
2  59.899999999999999  2020
3  47.200000000000003  2132
4  51.399999999999999  2366
5  50.299999999999997  2237
6  53.0  2443
7  49.200000000000003  2682
1  57.100000000000001  1626
2  59.899999999999999  2059
3  48.799999999999997  2108
4  59.200000000000003  2307
5  52.399999999999999  2056
6  51.799999999999997  2517
7  43.899999999999999  2491
1  55.299999999999997  2254
2  62.399999999999999  1594
3  52.899999999999999  2319
4  49.899999999999999  2620
5  59.0  2197
6  51.5  2377
7  44.200000000000003  2263
1  54.700000000000003  1796
2  61.200000000000003  2050
3  58.5  1781
4  58.100000000000001  2312
5  53.399999999999999  2412
6  48.0  2470
7  44.299999999999997  2594
1  57.399999999999999  2091
2  56.200000000000003  2377
3  58.399999999999999  2312
4  52.399999999999999  2610
5  57.399999999999999  2316
6  51.700000000000003  2690
7  52.200000000000003  2622
1  68.299999999999997  1988
2  64.0  1997
3  57.899999999999999  2329
4  51.700000000000003  2296
5  55.100000000000001  2209
6  49.399999999999999  2417
7  55.100000000000001  2356
1  58.399999999999999  1975
2  59.299999999999997  2101
3  54.399999999999999  2434
4  49.0  2572
5  48.200000000000003  2592
6  58.5  2484
7  54.299999999999997  2354
1  67.700000000000003  1748
2  62.799999999999997  2471
3  53.700000000000003  1951
4  51.700000000000003  2212
5  54.200000000000003  2468
6  56.799999999999997  2380
7  47.399999999999999  2343
1  53.200000000000003  1912
2  47.799999999999997  2161
3  60.700000000000003  2265
4  55.899999999999999  2397
5  40.5  2090
6  51.100000000000001  2176
7  50.0  2668
1  62.0  1528
2  66.099999999999994  2402
3  62.100000000000001  2356
4  47.0  2113
5  52.600000000000001  2485
6  52.899999999999999  2513
7  42.200000000000003  2656
1  55.600000000000001  1729
2  61.100000000000001  2176
3  59.399999999999999  2127
4  49.5  2471
5  48.200000000000003  2694
6  58.600000000000001  2145
7  44.899999999999999  2836
1  63.100000000000001  1437
2  58.200000000000003  1983
3  51.799999999999997  2065
4  60.5  2149
5  45.299999999999997  2190
6  51.700000000000003  2185
7  51.200000000000003  2327
1  75.200000000000003  1741
2  64.599999999999994  1989
3  54.100000000000001  2388
4  49.399999999999999  2446
5  40.899999999999999  2315
6  52.399999999999999  2419
7  46.899999999999999  2489
1  69.400000000000006  1796
2  53.600000000000001  2223
3  62.200000000000003  2158
4  54.200000000000003  2287
5  42.399999999999999  2279
6  53.399999999999999  2723
7  43.399999999999999  2821
1  56.700000000000003  1950
2  67.099999999999994  2130
3  53.899999999999999  2277
4  58.299999999999997  2189
5  51.5  2528
6  48.799999999999997  2073
7  50.700000000000003  2661
1  56.299999999999997  2013
2  49.399999999999999  2072
3  77.700000000000003  1312
4  50.700000000000003  2426
5  58.0  2341
6  59.5  2198
7  44.799999999999997  2440
1  64.299999999999997  1592
2  63.899999999999999  2423
3  56.600000000000001  2014
4  51.700000000000003  2702
5  47.700000000000003  2212
6  52.100000000000001  2620
7  46.200000000000003  2682
1  56.899999999999999  1935
2  68.900000000000006  1937
3  53.799999999999997  2397
4  47.700000000000003  2400
5  64.0  2466
6  51.799999999999997  2612
7  43.100000000000001  2705
1  58.0  1944
2  60.600000000000001  2289
3  53.399999999999999  2107
4  52.799999999999997  2671
5  58.5  2005
6  50.200000000000003  2369
7  45.700000000000003  2455
1  64.200000000000003  1552
2  44.899999999999999  2211
3  45.600000000000001  2120
4  51.5  2055
5  46.799999999999997  2330
6  47.100000000000001  2597
7  47.5  2661
1  62.5  1750
2  54.700000000000003  2406
3  55.399999999999999  2472
4  57.299999999999997  2397
5  50.799999999999997  2338
6  45.799999999999997  2402
7  59.600000000000001  2433
1  67.299999999999997  1759
2  63.0  1815
3  50.899999999999999  2156
4  56.299999999999997  2163
5  56.799999999999997  2179
6  52.600000000000001  2576
7  46.200000000000003  2931
1  51.5  2096
2  51.399999999999999  1976
3  62.799999999999997  2381
4  48.899999999999999  2174
5  50.0  2288
6  50.399999999999999  2611
7  47.700000000000003  2481
1  52.700000000000003  2297
2  61.399999999999999  2248
3  63.399999999999999  2048
4  55.5  2235
5  50.0  2491
6  52.799999999999997  2282
7  43.600000000000001  2439
1  59.600000000000001  2361
2  49.399999999999999  2023
3  47.399999999999999  2723
4  50.899999999999999  2308
5  53.799999999999997  2262
6  45.100000000000001  2205
7  51.299999999999997  2473
1  63.399999999999999  1689
2  46.700000000000003  2425
3  48.700000000000003  2253
4  51.5  2419
5  53.799999999999997  2151
6  41.399999999999999  2831
7  56.0  2285
1  62.200000000000003  1910
2  62.299999999999997  2168
3  54.5  2009
4  65.900000000000006  2166
5  44.200000000000003  2433
6  49.700000000000003  2699
7  46.5  2758
1  62.100000000000001  2360
2  61.600000000000001  2154
3  56.899999999999999  1926
4  56.200000000000003  2373
5  49.200000000000003  2543
6  53.299999999999997  2315
7  49.0  2298
1  65.700000000000003  2172
2  46.600000000000001  2609
3  49.5  2546
4  53.100000000000001  2081
5  42.100000000000001  2525
6  51.399999999999999  2487
7  47.700000000000003  2606
1  61.200000000000003  1909
2  54.0  2312
3  56.100000000000001  2113
4  49.0  2267
5  46.0  2293
6  48.799999999999997  2530
7  49.0  2576
1  62.5  1758
2  55.299999999999997  2378
3  51.700000000000003  2253
4  48.799999999999997  1961
5  44.5  2327
6  57.299999999999997  2571
7  55.899999999999999  2266
1  55.700000000000003  2205
2  66.099999999999994  2043
3  51.100000000000001  2381
4  53.100000000000001  2431
5  43.600000000000001  2440
6  60.600000000000001  2122
7  55.100000000000001  2586
1  51.799999999999997  2064
2  54.899999999999999  2530
3  68.200000000000003  1748
4  57.299999999999997  1834
5  55.5  2533
6  55.5  2442
7  47.0  2642
1  53.299999999999997  1898
2  53.5  2046
3  51.200000000000003  2240
4  54.700000000000003  2475
5  60.399999999999999  2220
6  57.200000000000003  2663
7  42.100000000000001  2273
1  61.0  1991
2  61.399999999999999  1853
3  54.0  2155
4  44.5  2039
5  55.0  2237
6  55.799999999999997  2334
7  55.399999999999999  2293
1  66.099999999999994  1679
2  58.899999999999999  1980
3  59.0  1780
4  57.100000000000001  2465
5  49.600000000000001  2339
6  49.600000000000001  2610
7  54.0  2621
1  64.200000000000003  1804
2  66.900000000000006  2494
3  52.100000000000001  2231
4  51.399999999999999  2485
5  51.299999999999997  2444
6  63.0  2257
7  54.600000000000001  2526
1  54.5  2258
2  52.899999999999999  2020
3  47.399999999999999  2152
4  51.899999999999999  2386
5  37.600000000000001  2525
6  48.399999999999999  2956
7  57.299999999999997  2466
1  53.899999999999999  1684
2  55.799999999999997  1951
3  53.700000000000003  2406
4  51.700000000000003  2707
5  45.799999999999997  2527
6  46.799999999999997  2513
7  45.299999999999997  2662
1  75.5  1650
2  65.799999999999997  2173
3  58.799999999999997  1915
4  59.5  2107
5  55.799999999999997  2465
6  49.100000000000001  2512
7  52.399999999999999  2538
1  55.200000000000003  1913
2  62.399999999999999  2299
3  57.600000000000001  1789
4  45.600000000000001  2422
5  51.399999999999999  2002
6  57.899999999999999  2572
7  43.700000000000003  2711
1  68.0  1820
2  52.399999999999999  2166
3  64.400000000000006  1739
4  45.399999999999999  2513
5  57.700000000000003  2301
6  51.600000000000001  2641
7  49.0  2584
1  61.899999999999999  1842
2  66.400000000000006  2127
3  46.799999999999997  2191
4  60.700000000000003  2143
5  45.100000000000001  2301
6  50.600000000000001  2593
7  38.299999999999997  2413
1  64.700000000000003  2117
2  56.299999999999997  2063
3  65.799999999999997  2015
4  40.399999999999999  2626
5  59.799999999999997  2414
6  57.100000000000001  1966
7  43.399999999999999  2666
1  54.899999999999999  2192
2  63.399999999999999  1993
3  59.700000000000003  2066
4  46.600000000000001  2563
5  51.5  2402
6  37.799999999999997  2546
7  42.399999999999999  2564
1  58.5  2237
2  50.200000000000003  2142
3  60.700000000000003  2411
4  40.399999999999999  2187
5  50.0  2437
6  45.600000000000001  2742
7  54.0  2487
1  65.700000000000003  1500
2  70.0  2041
3  56.600000000000001  2293
4  54.299999999999997  2198
5  55.600000000000001  2137
6  54.100000000000001  2784
7  50.100000000000001  2489
1  56.700000000000003  2140
2  56.600000000000001  2113
3  51.100000000000001  2327
4  48.100000000000001  2289
5  42.899999999999999  2597
6  50.5  2576
7  49.0  2460
1  62.100000000000001  1941
2  59.100000000000001  2079
3  57.399999999999999  2139
4  60.100000000000001  2528
5  45.700000000000003  2757
6  58.100000000000001  2259
7  50.200000000000003  2727
1  67.5  1993
2  53.299999999999997  2212
3  52.0  2590
4  53.5  2464
5  51.5  2091
6  50.799999999999997  2323
7  49.0  2003
1  68.900000000000006  1694
2  52.399999999999999  2316
3  56.100000000000001  1962
4  62.399999999999999  2236
5  56.600000000000001  2501
6  54.5  2468
7  52.200000000000003  2682
1  71.200000000000003  2056
2  63.700000000000003  1993
3  46.299999999999997  2437
4  61.600000000000001  2236
5  50.5  1905
6  53.5  2571
7  52.700000000000003  2396
1  66.599999999999994  1661
2  54.0  2276
3  59.0  2619
4  47.5  2738
5  52.299999999999997  2233
6  50.799999999999997  2610
7  44.200000000000003  2697
1  63.299999999999997  1626
2  61.399999999999999  1776
3  56.200000000000003  2151
4  52.399999999999999  2192
5  46.799999999999997  2813
6  56.299999999999997  2242
7  59.600000000000001  2537
1  58.0  2128
2  56.700000000000003  2149
3  52.100000000000001  2607
4  56.5  2411
5  52.600000000000001  2438
6  53.799999999999997  2673
7  57.899999999999999  2622
1  68.5  2213
2  57.799999999999997  2182
3  56.600000000000001  2245
4  47.5  2044
5  51.700000000000003  2261
6  50.299999999999997  2418
7  46.299999999999997  2477
1  68.299999999999997  1786
2  68.900000000000006  2131
3  53.5  2401
4  60.600000000000001  2394
5  49.700000000000003  2517
6  54.200000000000003  2579
7  49.100000000000001  2491
1  63.200000000000003  2375
2  55.100000000000001  2157
3  53.0  1784
4  42.100000000000001  2235
5  47.700000000000003  2330
6  61.100000000000001  2428
7  51.100000000000001  2259
1  67.099999999999994  2325
2  57.799999999999997  2265
3  61.600000000000001  2042
4  61.799999999999997  2084
5  46.200000000000003  2334
6  58.200000000000003  2463
7  52.399999999999999  2438
1  59.899999999999999  1818
2  64.700000000000003  1993
3  50.299999999999997  2159
4  41.700000000000003  2261
5  42.200000000000003  2283
6  45.200000000000003  2913
7  45.899999999999999  2589
1  50.299999999999997  2163
2  56.799999999999997  2310
3  60.299999999999997  2285
4  53.5  2377
5  44.899999999999999  2195
6  48.200000000000003  2711
7  54.5  2564
1  59.399999999999999  1904
2  56.799999999999997  1944
3  57.299999999999997  2220
4  59.600000000000001  1896
5  52.100000000000001  2544
6  50.5  2323
7  47.600000000000001  2426
1  62.200000000000003  2095
2  56.799999999999997  2208
3  43.799999999999997  2315
4  51.899999999999999  2397
5  56.700000000000003  2541
6  51.5  2744
7  48.200000000000003  2571
1  59.299999999999997  1764
2  51.600000000000001  2077
3  55.399999999999999  2314
4  60.200000000000003  2363
5  52.5  2062
6  52.200000000000003  2695
7  46.0  2876
1  55.0  2245
2  60.899999999999999  2322
3  48.299999999999997  1975
4  51.100000000000001  2585
5  45.0  2458
6  62.299999999999997  2416
7  53.700000000000003  2402
1  67.900000000000006  2147
2  65.099999999999994  2008
3  48.5  2087
4  51.399999999999999  2148
5  50.899999999999999  2432
6  49.399999999999999  2557
7  54.5  2571
1  53.100000000000001  2221
2  54.100000000000001  1952
3  58.0  2383
4  55.399999999999999  2179
5  37.299999999999997  2725
6  53.100000000000001  2608
7  42.799999999999997  2566
1  60.200000000000003  2192
2  59.100000000000001  1853
3  64.400000000000006  2360
4  64.0  1928
5  57.799999999999997  2462
6  36.299999999999997  2446
7  40.399999999999999  2434
1  52.0  1495
2  48.899999999999999  2567
3  53.799999999999997  1990
4  56.299999999999997  1903
5  51.0  2392
6  49.299999999999997  2565
7  44.5  2768
1  70.299999999999997  1828
2  59.399999999999999  2244
3  54.700000000000003  2100
4  49.100000000000001  2692
5  48.399999999999999  2369
6  50.299999999999997  2368
7  46.299999999999997  2348
1  49.299999999999997  2229
2  55.700000000000003  2181
3  56.600000000000001  2299
4  55.799999999999997  2148
5  55.799999999999997  2342
6  46.100000000000001  2478
7  47.200000000000003  2856
1  40.299999999999997  2208
2  52.5  2641
3  51.299999999999997  2152
4  48.799999999999997  2275
5  61.100000000000001  2309
6  57.600000000000001  2078
7  49.399999999999999  2665
1  62.600000000000001  1746
2  57.5  2088
3  53.200000000000003  2024
4  56.299999999999997  2243
5  41.700000000000003  2450
6  46.700000000000003  2727
7  53.299999999999997  2499
1  56.0  2250
2  57.399999999999999  2217
3  58.0  2258
4  54.0  1976
5  49.700000000000003  2579
6  53.200000000000003  2492
7  51.899999999999999  2617
1  42.799999999999997  2204
2  44.600000000000001  1939
3  51.299999999999997  2225
4  54.0  2311
5  56.899999999999999  2420
6  47.799999999999997  2419
7  52.399999999999999  2377
1  64.5  2177
2  52.5  2452
3  59.5  1923
4  60.100000000000001  2373
5  55.600000000000001  2504
6  49.600000000000001  2291
7  52.299999999999997  2624
1  39.299999999999997  2048
2  56.399999999999999  2057
3  55.100000000000001  2230
4  36.200000000000003  2356
5  59.0  2223
6  43.0  2361
7  52.100000000000001  2463
1  64.299999999999997  2018
2  52.700000000000003  2415
3  57.899999999999999  2356
4  48.200000000000003  2220
5  52.100000000000001  2388
6  53.5  2123
7  40.5  2463
1  60.700000000000003  1915
2  54.0  2183
3  48.0  2130
4  46.700000000000003  2423
5  46.200000000000003  2661
6  51.899999999999999  2216
7  51.600000000000001  2456
1  57.600000000000001  2399
2  62.899999999999999  2356
3  56.0  2121
4  55.799999999999997  2400
5  61.700000000000003  2567
6  45.799999999999997  2434
7  49.700000000000003  2142
1  69.599999999999994  2153
2  57.0  2118
3  55.200000000000003  2194
4  59.299999999999997  2267
5  43.600000000000001  2701
6  46.299999999999997  2739
7  46.600000000000001  2768
1  63.299999999999997  2069
2  50.700000000000003  2251
3  46.299999999999997  2675
4  57.700000000000003  2364
5  48.700000000000003  2194
6  45.299999999999997  2349
7  44.600000000000001  2373
