0  38.299999999999997  3795
0  42.399999999999999  3755
0  37.299999999999997  3260
0  39.799999999999997  3664
0  34.200000000000003  3348
0  43.600000000000001  4027
0  39.799999999999997  3309
0  40.100000000000001  3945
0  41.899999999999999  3846
0  44.700000000000003  3964
0  31.5  3144
0  37.399999999999999  3466
0  32.700000000000003  3624
0  33.399999999999999  3696
0  42.5  4136
0  49.0  4079
0  41.5  3714
0  43.299999999999997  3762
0  37.0  3828
0  53.899999999999999  3974
0  46.5  3896
0  33.100000000000001  3505
0  48.799999999999997  4029
0  37.600000000000001  3716
0  46.899999999999999  3892
0  43.399999999999999  3953
0  46.700000000000003  3887
0  44.399999999999999  3746
0  36.0  3773
0  51.799999999999997  4115
0  33.799999999999997  3196
0  39.0  3873
0  41.799999999999997  3829
0  44.0  3823
0  39.100000000000001  3834
0  28.800000000000001  3244
0  36.5  3813
0  38.200000000000003  3392
0  54.799999999999997  3982
0  48.200000000000003  4193
0  39.799999999999997  3438
0  50.5  3537
0  36.600000000000001  3576
0  47.600000000000001  3971
0  43.700000000000003  3888
0  48.399999999999999  3993
0  44.600000000000001  4128
0  38.200000000000003  3932
0  53.399999999999999  4289
0  50.200000000000003  4034
0  52.299999999999997  4103
0  42.200000000000003  3816
0  41.799999999999997  3645
0  41.799999999999997  4081
0  50.399999999999999  3599
0  34.0  3597
0  32.799999999999997  3267
0  37.899999999999999  3745
0  43.299999999999997  3637
0  31.600000000000001  3500
0  45.5  4076
0  40.600000000000001  3886
0  38.600000000000001  3447
0  40.5  3730
0  40.700000000000003  3602
0  45.0  3854
0  39.700000000000003  3791
0  29.699999999999999  2824
0  51.899999999999999  4180
0  40.899999999999999  3731
0  51.5  3950
0  48.100000000000001  4000
0  35.700000000000003  3764
0  40.200000000000003  3533
0  33.700000000000003  3289
0  44.399999999999999  3923
0  41.899999999999999  3806
0  41.299999999999997  3299
0  40.399999999999999  3739
0  48.899999999999999  4205
0  39.100000000000001  3733
0  50.0  4041
0  45.799999999999997  3726
0  49.399999999999999  4257
0  38.100000000000001  3710
0  56.5  4236
0  33.899999999999999  3574
0  45.5  3906
0  51.100000000000001  4002
0  46.200000000000003  3965
0  53.200000000000003  4008
0  52.5  4144
0  31.100000000000001  3172
0  45.899999999999999  3770
0  47.200000000000003  3797
0  44.600000000000001  3658
0  31.100000000000001  3450
0  39.299999999999997  3500
0  42.399999999999999  3721
0  45.399999999999999  4069
