0  60.0  950
1  50.333333333333336  983
2  65.333333333333329  706
3  62.666666666666664  709
4  52.333333333333336  728
5  68.0  627
6  42.666666666666664  842
7  68.0  616
8  87.0  378
9  58.0  537
10  47.0  588
11  78.0  431
12  84.333333333333329  460
13  48.0  620
14  85.333333333333329  315
15  57.666666666666664  532
16  77.0  236
17  80.666666666666671  380
18  86.666666666666671  409
20  68.666666666666671  207
0  52.0  898
1  51.666666666666664  828
2  62.333333333333336  542
3  81.666666666666671  487
4  52.0  796
5  53.0  844
6  61.666666666666664  801
7  73.0  596
8  73.333333333333329  601
9  78.333333333333329  612
10  87.0  373
11  77.0  480
12  72.666666666666671  281
13  69.0  533
14  64.0  426
15  82.666666666666671  332
16  43.0  709
17  93.0  183
18  74.666666666666671  353
19  73.0  462
20  75.0  521
