10  89.900000000000006  837
11  86.63636363636364  718
12  80.916666666666671  825
13  87.230769230769226  855
14  85.071428571428569  1045
15  90.86666666666666  937
16  83.875  786
17  88.82352941176471  1188
18  88.222222222222229  1373
19  81.684210526315795  1304
20  84.0  1338
21  89.19047619047619  1415
22  88.590909090909093  1526
23  87.347826086956516  1744
24  86.666666666666671  1673
25  89.319999999999993  1716
26  84.5  1654
27  79.296296296296291  1711
28  86.5  2023
29  83.241379310344826  1829
30  84.066666666666663  1891
