1  53.0  436.0
1  39.0  441.0
1  32.0  416.0
1  41.0  442.0
1  51.0  474.0
1  47.0  469.0
1  35.0  492.0
1  49.0  419.0
1  30.0  415.0
1  52.0  443.0
1  33.0  387.0
1  41.0  488.0
1  37.0  485.0
1  37.0  360.0
1  24.0  457.0
1  62.0  487.0
1  51.0  488.0
1  67.0  481.0
1  36.0  447.0
1  30.0  381.0
1  49.0  468.0
1  48.0  484.0
1  40.0  401.0
1  44.0  455.0
1  39.0  414.0
1  70.0  492.0
1  33.0  431.0
1  14.0  287.0
1  48.0  485.0
1  45.0  434.0
1  27.0  411.0
1  30.0  475.0
1  42.0  423.0
1  4.0  238.0
1  64.0  468.0
1  47.0  500.0
1  58.0  486.0
1  61.0  475.0
1  28.0  491.0
1  63.0  464.0
1  66.0  500.0
1  54.0  364.0
1  14.0  414.0
1  72.0  479.0
1  48.0  489.0
1  40.0  464.0
1  38.0  488.0
1  70.0  471.0
1  19.0  486.0
1  45.0  451.0
1  24.0  481.0
1  67.0  471.0
1  45.0  460.0
1  54.0  458.0
1  23.0  358.0
1  56.0  479.0
1  67.0  462.0
1  48.0  492.0
1  49.0  499.0
1  59.0  470.0
1  30.0  386.0
1  46.0  438.0
1  46.0  405.0
1  38.0  459.0
1  52.0  473.0
1  40.0  468.0
1  25.0  394.0
1  28.0  342.0
1  51.0  456.0
1  61.0  478.0
1  39.0  422.0
1  59.0  499.0
1  47.0  465.0
1  64.0  493.0
1  58.0  404.0
1  49.0  455.0
1  15.0  255.0
1  40.0  426.0
1  24.0  467.0
1  23.0  481.0
1  52.0  443.0
1  41.0  487.0
1  56.0  412.0
1  39.0  454.0
1  40.0  411.0
1  46.0  451.0
1  39.0  468.0
1  35.0  456.0
1  49.0  480.0
1  32.0  460.0
1  47.0  448.0
1  68.0  496.0
1  44.0  481.0
1  37.0  324.0
1  24.0  329.0
1  46.0  440.0
1  43.0  374.0
1  44.0  484.0
1  53.0  484.0
1  73.0  500.0
2  13.0  452.0
2  31.0  339.0
2  63.0  471.0
2  38.0  350.0
2  33.0  433.0
2  73.0  464.0
2  33.0  411.0
2  34.0  432.0
2  64.0  479.0
2  69.0  455.0
2  47.0  488.0
2  41.0  353.0
2  47.0  486.0
2  29.0  293.0
2  32.0  217.0
2  19.0  418.0
2  53.0  476.0
2  32.0  388.0
2  71.0  489.0
2  65.0  475.0
2  45.0  423.0
2  42.0  259.0
2  49.0  450.0
2  9.0  286.0
2  39.0  411.0
2  45.0  485.0
2  53.0  488.0
2  55.0  441.0
2  54.0  492.0
2  32.0  376.0
2  31.0  367.0
2  55.0  403.0
2  56.0  490.0
2  44.0  394.0
2  58.0  456.0
2  41.0  399.0
2  56.0  490.0
2  28.0  356.0
2  43.0  465.0
2  31.0  289.0
2  54.0  500.0
2  26.0  370.0
2  37.0  332.0
2  56.0  499.0
2  43.0  453.0
2  41.0  272.0
2  21.0  399.0
2  37.0  378.0
2  43.0  477.0
2  45.0  420.0
2  31.0  446.0
2  49.0  365.0
2  38.0  353.0
2  34.0  439.0
2  65.0  494.0
2  63.0  476.0
2  29.0  398.0
2  24.0  413.0
2  44.0  445.0
2  54.0  485.0
2  52.0  478.0
2  48.0  473.0
2  41.0  492.0
2  14.0  367.0
2  46.0  403.0
2  49.0  461.0
2  29.0  381.0
2  13.0  250.0
2  35.0  393.0
2  33.0  329.0
2  41.0  327.0
2  13.0  460.0
2  31.0  500.0
2  51.0  496.0
2  26.0  414.0
2  29.0  455.0
2  44.0  436.0
2  49.0  451.0
2  42.0  432.0
2  49.0  462.0
2  43.0  415.0
2  19.0  298.0
2  37.0  450.0
2  38.0  498.0
2  18.0  283.0
2  31.0  447.0
2  65.0  494.0
2  49.0  396.0
2  33.0  288.0
2  26.0  336.0
2  64.0  476.0
2  41.0  408.0
2  34.0  337.0
2  45.0  392.0
2  33.0  461.0
2  37.0  399.0
2  27.0  416.0
2  21.0  395.0
2  37.0  373.0
2  9.0  377.0
3  6.0  160.0
3  32.0  352.0
3  37.0  395.0
3  21.0  359.0
3  7.0  182.0
3  41.0  431.0
3  14.0  281.0
3  51.0  308.0
3  32.0  484.0
3  18.0  247.0
3  12.0  387.0
3  49.0  449.0
3  42.0  467.0
3  36.0  423.0
3  41.0  431.0
3  22.0  345.0
3  17.0  313.0
3  24.0  260.0
3  42.0  445.0
3  31.0  340.0
3  4.0  284.0
3  39.0  366.0
3  42.0  430.0
3  15.0  333.0
3  21.0  318.0
3  46.0  404.0
3  28.0  436.0
3  21.0  315.0
3  54.0  449.0
3  37.0  307.0
3  43.0  413.0
3  30.0  413.0
3  32.0  402.0
3  12.0  274.0
3  13.0  256.0
3  17.0  312.0
3  11.0  340.0
3  15.0  294.0
3  40.0  393.0
3  17.0  442.0
3  42.0  466.0
3  22.0  260.0
3  50.0  413.0
3  37.0  408.0
3  33.0  286.0
3  8.0  178.0
3  18.0  188.0
3  15.0  281.0
3  17.0  301.0
3  33.0  330.0
3  26.0  322.0
3  19.0  377.0
3  26.0  368.0
3  36.0  437.0
3  24.0  380.0
3  67.0  474.0
3  26.0  321.0
3  36.0  371.0
3  40.0  394.0
3  25.0  378.0
3  23.0  446.0
3  38.0  365.0
3  59.0  419.0
3  15.0  305.0
3  38.0  368.0
3  40.0  465.0
3  24.0  181.0
3  26.0  436.0
3  37.0  367.0
3  24.0  278.0
3  19.0  257.0
3  26.0  370.0
3  47.0  491.0
3  36.0  391.0
3  36.0  361.0
3  29.0  394.0
3  35.0  294.0
3  29.0  329.0
3  17.0  251.0
3  35.0  444.0
3  23.0  326.0
3  41.0  465.0
3  8.0  227.0
3  41.0  452.0
3  24.0  464.0
3  17.0  402.0
3  28.0  414.0
3  25.0  405.0
3  21.0  231.0
3  57.0  443.0
3  28.0  338.0
3  30.0  349.0
3  13.0  285.0
3  27.0  428.0
3  18.0  332.0
3  39.0  427.0
3  30.0  442.0
3  20.0  302.0
3  31.0  281.0
3  25.0  429.0
4  20.0  389.0
4  7.0  317.0
4  9.0  359.0
4  16.0  381.0
4  22.0  231.0
4  56.0  466.0
4  10.0  337.0
4  48.0  400.0
4  3.0  290.0
4  35.0  328.0
4  29.0  273.0
4  18.0  316.0
4  59.0  397.0
4  33.0  328.0
4  34.0  441.0
4  25.0  250.0
4  33.0  343.0
4  8.0  248.0
4  33.0  357.0
4  19.0  188.0
4  16.0  262.0
4  14.0  370.0
4  22.0  298.0
4  37.0  382.0
4  35.0  298.0
4  63.0  493.0
4  31.0  344.0
4  48.0  451.0
4  20.0  360.0
4  9.0  193.0
4  56.0  438.0
4  20.0  439.0
4  29.0  447.0
4  19.0  182.0
4  29.0  369.0
4  26.0  390.0
4  2.0  223.0
4  40.0  361.0
4  44.0  346.0
4  56.0  477.0
4  40.0  392.0
4  22.0  369.0
4  8.0  356.0
4  56.0  426.0
4  21.0  338.0
4  21.0  296.0
4  28.0  371.0
4  14.0  251.0
4  34.0  382.0
4  29.0  318.0
4  14.0  371.0
4  28.0  488.0
4  22.0  221.0
4  33.0  367.0
4  24.0  379.0
4  41.0  310.0
4  44.0  363.0
4  41.0  313.0
4  43.0  491.0
4  28.0  297.0
4  25.0  340.0
4  18.0  196.0
4  22.0  353.0
4  22.0  452.0
4  13.0  237.0
4  25.0  366.0
4  19.0  351.0
4  14.0  325.0
4  9.0  331.0
4  52.0  444.0
4  24.0  335.0
4  11.0  225.0
4  22.0  345.0
4  20.0  232.0
4  20.0  340.0
4  46.0  402.0
4  29.0  459.0
4  22.0  305.0
4  2.0  377.0
4  25.0  383.0
4  33.0  288.0
4  15.0  353.0
4  24.0  389.0
4  39.0  471.0
4  28.0  346.0
4  32.0  423.0
4  34.0  365.0
4  10.0  279.0
4  32.0  337.0
4  16.0  277.0
4  22.0  334.0
4  19.0  363.0
4  47.0  420.0
4  2.0  235.0
4  19.0  366.0
4  8.0  310.0
4  5.0  221.0
4  36.0  300.0
4  11.0  275.0
4  11.0  279.0
5  26.0  294.0
5  10.0  264.0
5  33.0  324.0
5  7.0  258.0
5  12.0  370.0
5  11.0  313.0
5  19.0  259.0
5  51.0  432.0
5  39.0  340.0
5  42.0  371.0
5  9.0  327.0
5  24.0  281.0
5  24.0  280.0
5  18.0  291.0
5  37.0  436.0
5  38.0  302.0
5  40.0  361.0
5  0.0  177.0
5  8.0  242.0
5  17.0  350.0
5  0.0  177.0
5  0.0  183.0
5  11.0  172.0
5  1.0  188.0
5  32.0  418.0
5  19.0  318.0
5  48.0  449.0
5  0.0  284.0
5  24.0  294.0
5  17.0  324.0
5  39.0  425.0
5  0.0  186.0
5  52.0  392.0
5  28.0  339.0
5  18.0  252.0
5  50.0  493.0
5  8.0  158.0
5  13.0  303.0
5  27.0  406.0
5  39.0  341.0
5  0.0  128.0
5  14.0  389.0
5  19.0  339.0
5  34.0  356.0
5  9.0  254.0
5  22.0  392.0
5  39.0  434.0
5  30.0  317.0
5  40.0  369.0
5  23.0  244.0
5  26.0  300.0
5  19.0  345.0
5  15.0  321.0
5  23.0  368.0
5  42.0  325.0
5  6.0  272.0
5  11.0  182.0
5  8.0  246.0
5  28.0  387.0
5  1.0  289.0
5  13.0  251.0
5  49.0  400.0
5  14.0  296.0
5  58.0  375.0
5  39.0  322.0
5  5.0  219.0
5  46.0  414.0
5  28.0  321.0
5  27.0  337.0
5  15.0  292.0
5  65.0  468.0
5  30.0  330.0
5  3.0  199.0
5  32.0  439.0
5  13.0  293.0
5  21.0  253.0
5  20.0  299.0
5  19.0  347.0
5  1.0  167.0
5  44.0  425.0
5  0.0  174.0
5  42.0  367.0
5  32.0  313.0
5  31.0  370.0
5  33.0  340.0
5  27.0  405.0
5  56.0  388.0
5  29.0  282.0
5  14.0  231.0
5  44.0  335.0
5  44.0  447.0
5  17.0  222.0
5  1.0  140.0
5  15.0  242.0
5  17.0  193.0
5  47.0  384.0
5  58.0  418.0
5  40.0  376.0
5  20.0  295.0
5  19.0  278.0
