40  74.0  80.0
60  66.0  193.0
80  41.0  208.0
100  71.0  335.0
120  45.0  383.0
140  84.0  292.0
160  44.0  499.0
180  86.0  186.0
200  100.0  93.0
40  38.0  249.0
60  78.0  51.0
80  57.0  298.0
100  69.0  322.0
120  89.0  269.0
140  72.0  237.0
160  76.0  165.0
180  78.0  304.0
200  89.0  265.0
40  35.0  155.0
60  57.0  193.0
80  52.0  171.0
100  49.0  231.0
120  87.0  141.0
140  88.0  220.0
160  90.0  198.0
180  79.0  265.0
200  83.0  113.0
40  29.0  136.0
60  32.0  144.0
80  38.0  325.0
100  90.0  136.0
120  30.0  245.0
140  76.0  319.0
160  51.0  179.0
180  85.0  297.0
200  98.0  133.0
40  23.0  223.0
60  46.0  284.0
80  51.0  255.0
100  94.0  71.0
120  73.0  330.0
140  69.0  229.0
160  68.0  276.0
180  91.0  217.0
200  88.0  243.0
40  50.0  106.0
60  67.0  203.0
80  37.0  239.0
100  71.0  317.0
120  84.0  180.0
140  82.0  131.0
160  100.0  114.0
180  100.0  14.0
200  90.0  101.0
40  11.0  72.0
60  51.0  190.0
80  59.0  263.0
100  87.0  149.0
120  73.0  303.0
140  50.0  333.0
160  90.0  189.0
180  100.0  148.0
200  89.0  177.0
40  29.0  152.0
60  49.0  328.0
80  78.0  188.0
100  73.0  206.0
120  29.0  232.0
140  72.0  126.0
160  98.0  144.0
180  71.0  159.0
200  95.0  275.0
40  6.0  187.0
60  29.0  191.0
80  54.0  353.0
100  83.0  89.0
120  89.0  132.0
140  94.0  119.0
160  76.0  246.0
180  85.0  315.0
200  79.0  295.0
40  4.0  126.0
60  56.0  199.0
80  80.0  288.0
100  57.0  335.0
120  37.0  164.0
140  61.0  237.0
160  86.0  247.0
180  80.0  243.0
200  98.0  63.0
40  16.0  207.0
60  39.0  306.0
80  72.0  181.0
100  43.0  364.0
120  67.0  290.0
140  40.0  282.0
160  83.0  238.0
180  93.0  229.0
200  91.0  198.0
40  9.0  184.0
60  55.0  260.0
80  64.0  233.0
100  32.0  226.0
120  91.0  116.0
140  58.0  413.0
160  94.0  33.0
180  50.0  371.0
200  95.0  132.0
40  6.0  180.0
60  12.0  168.0
80  40.0  253.0
100  86.0  257.0
120  87.0  148.0
140  81.0  342.0
160  90.0  104.0
180  93.0  137.0
200  93.0  173.0
40  64.0  148.0
60  42.0  256.0
80  96.0  6.0
100  85.0  130.0
120  99.0  148.0
140  98.0  64.0
160  100.0  15.0
180  97.0  84.0
200  82.0  205.0
40  28.0  281.0
60  71.0  222.0
80  54.0  383.0
100  73.0  163.0
120  96.0  161.0
140  100.0  4.0
160  17.0  242.0
180  100.0  29.0
200  89.0  171.0
40  91.0  38.0
60  73.0  53.0
80  35.0  243.0
100  44.0  408.0
120  73.0  239.0
140  84.0  249.0
160  46.0  233.0
180  61.0  278.0
200  85.0  259.0
40  68.0  166.0
60  0.0  285.0
80  69.0  208.0
100  54.0  191.0
120  71.0  306.0
140  51.0  350.0
160  56.0  197.0
180  66.0  246.0
200  47.0  270.0
40  35.0  156.0
60  71.0  190.0
80  29.0  306.0
100  100.0  23.0
120  97.0  100.0
140  82.0  231.0
160  71.0  208.0
180  90.0  248.0
200  90.0  244.0
40  36.0  88.0
60  69.0  146.0
80  77.0  165.0
100  87.0  169.0
120  96.0  112.0
140  95.0  79.0
160  73.0  355.0
180  96.0  110.0
200  99.0  75.0
40  24.0  127.0
60  62.0  144.0
80  89.0  207.0
100  90.0  113.0
120  85.0  218.0
140  72.0  408.0
160  100.0  23.0
180  97.0  116.0
200  89.0  205.0
40  59.0  149.0
60  95.0  45.0
80  65.0  184.0
100  78.0  172.0
120  52.0  190.0
140  74.0  307.0
160  92.0  198.0
180  55.0  242.0
200  77.0  226.0
40  30.0  239.0
60  20.0  259.0
80  72.0  187.0
100  47.0  313.0
120  51.0  303.0
140  93.0  175.0
160  100.0  37.0
180  72.0  281.0
200  96.0  185.0
40  65.0  180.0
60  65.0  234.0
80  61.0  229.0
100  63.0  324.0
120  47.0  226.0
140  76.0  243.0
160  89.0  235.0
180  71.0  301.0
200  35.0  227.0
40  12.0  241.0
60  59.0  188.0
80  82.0  132.0
100  58.0  141.0
120  15.0  458.0
140  96.0  104.0
160  87.0  143.0
180  64.0  446.0
200  99.0  47.0
40  12.0  118.0
60  86.0  118.0
80  93.0  75.0
100  44.0  221.0
120  58.0  223.0
140  89.0  148.0
160  47.0  198.0
180  91.0  154.0
200  100.0  137.0
40  31.0  91.0
60  21.0  307.0
80  1.0  205.0
100  95.0  229.0
120  54.0  253.0
140  95.0  131.0
160  50.0  339.0
180  99.0  138.0
200  89.0  63.0
40  30.0  159.0
60  91.0  93.0
80  61.0  134.0
100  52.0  463.0
120  42.0  316.0
140  82.0  172.0
160  100.0  40.0
180  47.0  260.0
200  84.0  217.0
40  27.0  171.0
60  77.0  207.0
80  70.0  142.0
100  89.0  194.0
120  98.0  55.0
140  90.0  287.0
160  91.0  163.0
180  81.0  321.0
200  100.0  77.0
40  61.0  181.0
60  69.0  144.0
80  80.0  159.0
100  61.0  180.0
120  79.0  307.0
140  88.0  241.0
160  88.0  282.0
180  100.0  101.0
200  68.0  369.0
40  0.0  82.0
60  10.0  395.0
80  63.0  301.0
100  27.0  210.0
120  65.0  268.0
140  78.0  275.0
160  90.0  210.0
180  96.0  130.0
200  92.0  164.0
40  64.0  114.0
60  63.0  203.0
80  90.0  184.0
100  66.0  93.0
120  77.0  229.0
140  72.0  236.0
160  98.0  126.0
180  96.0  181.0
200  66.0  161.0
40  76.0  42.0
60  33.0  285.0
80  39.0  296.0
100  98.0  79.0
120  71.0  477.0
140  81.0  139.0
160  92.0  132.0
180  89.0  229.0
200  55.0  256.0
40  27.0  237.0
60  56.0  304.0
80  33.0  206.0
100  78.0  251.0
120  91.0  216.0
140  54.0  386.0
160  59.0  210.0
180  69.0  163.0
200  85.0  191.0
40  39.0  213.0
60  87.0  186.0
80  21.0  306.0
100  47.0  300.0
120  43.0  177.0
140  77.0  244.0
160  66.0  382.0
180  39.0  528.0
200  87.0  190.0
40  40.0  228.0
60  80.0  116.0
80  38.0  287.0
100  79.0  147.0
120  87.0  145.0
140  77.0  218.0
160  79.0  206.0
180  90.0  184.0
200  100.0  31.0
40  69.0  138.0
60  45.0  362.0
80  81.0  85.0
100  83.0  111.0
120  91.0  77.0
140  83.0  249.0
160  53.0  262.0
180  96.0  76.0
200  43.0  437.0
40  11.0  179.0
60  71.0  205.0
80  89.0  88.0
100  95.0  67.0
120  95.0  55.0
140  56.0  209.0
160  42.0  324.0
180  61.0  239.0
200  85.0  205.0
40  68.0  123.0
60  17.0  193.0
80  71.0  213.0
100  40.0  259.0
120  56.0  258.0
140  70.0  336.0
160  92.0  210.0
180  93.0  171.0
200  97.0  51.0
40  48.0  170.0
60  57.0  172.0
80  66.0  213.0
100  73.0  278.0
120  100.0  29.0
140  41.0  267.0
160  83.0  306.0
180  99.0  66.0
200  77.0  428.0
40  41.0  155.0
60  72.0  95.0
80  61.0  319.0
100  59.0  306.0
120  79.0  108.0
140  91.0  203.0
160  68.0  241.0
180  72.0  317.0
200  84.0  368.0
40  67.0  143.0
60  53.0  162.0
80  49.0  224.0
100  100.0  5.0
120  4.0  93.0
140  78.0  244.0
160  89.0  213.0
180  88.0  152.0
200  97.0  101.0
40  22.0  68.0
60  85.0  106.0
80  33.0  269.0
100  81.0  176.0
120  81.0  297.0
140  84.0  192.0
160  98.0  141.0
180  79.0  379.0
200  97.0  79.0
40  21.0  167.0
60  47.0  249.0
80  77.0  226.0
100  92.0  102.0
120  91.0  204.0
140  54.0  327.0
160  72.0  248.0
180  97.0  61.0
200  92.0  222.0
40  26.0  164.0
60  70.0  146.0
80  59.0  158.0
100  25.0  385.0
120  93.0  69.0
140  96.0  91.0
160  53.0  304.0
180  86.0  195.0
200  98.0  142.0
40  47.0  232.0
60  38.0  165.0
80  69.0  291.0
100  93.0  75.0
120  74.0  265.0
140  60.0  475.0
160  80.0  139.0
180  71.0  106.0
200  46.0  292.0
40  17.0  109.0
60  39.0  231.0
80  40.0  352.0
100  51.0  304.0
120  67.0  396.0
140  75.0  245.0
160  52.0  190.0
180  100.0  100.0
200  100.0  134.0
40  72.0  75.0
60  68.0  126.0
80  72.0  224.0
100  100.0  0.0
120  51.0  350.0
140  97.0  78.0
160  85.0  277.0
180  96.0  137.0
200  94.0  160.0
40  3.0  255.0
60  40.0  249.0
80  51.0  234.0
100  43.0  255.0
120  84.0  264.0
140  83.0  225.0
160  100.0  49.0
180  90.0  174.0
200  71.0  339.0
40  39.0  170.0
60  76.0  103.0
80  94.0  36.0
100  59.0  228.0
120  98.0  120.0
140  55.0  225.0
160  94.0  151.0
180  98.0  183.0
200  99.0  176.0
40  33.0  215.0
60  48.0  215.0
80  45.0  307.0
100  69.0  175.0
120  89.0  112.0
140  73.0  174.0
160  85.0  217.0
180  100.0  31.0
200  100.0  42.0
40  41.0  223.0
60  41.0  189.0
80  94.0  25.0
100  57.0  258.0
120  70.0  308.0
140  67.0  452.0
160  63.0  276.0
180  96.0  188.0
200  84.0  308.0
40  58.0  185.0
60  51.0  208.0
80  98.0  106.0
100  68.0  127.0
120  80.0  216.0
140  72.0  286.0
160  53.0  339.0
180  75.0  282.0
200  96.0  134.0
40  44.0  262.0
60  63.0  124.0
80  52.0  225.0
100  98.0  100.0
120  42.0  269.0
140  100.0  121.0
160  64.0  170.0
180  100.0  6.0
200  95.0  191.0
40  80.0  129.0
60  59.0  342.0
80  94.0  42.0
100  59.0  314.0
120  88.0  133.0
140  99.0  130.0
160  91.0  177.0
180  96.0  226.0
200  67.0  332.0
40  58.0  105.0
60  77.0  167.0
80  31.0  444.0
100  64.0  227.0
120  96.0  110.0
140  71.0  136.0
160  98.0  141.0
180  86.0  169.0
200  84.0  384.0
40  84.0  102.0
60  51.0  219.0
80  61.0  264.0
100  79.0  235.0
120  89.0  175.0
140  86.0  305.0
160  95.0  107.0
180  98.0  130.0
200  89.0  243.0
40  52.0  160.0
60  27.0  289.0
80  71.0  217.0
100  35.0  330.0
120  66.0  315.0
140  86.0  237.0
160  89.0  31.0
180  90.0  94.0
200  94.0  159.0
40  21.0  148.0
60  51.0  295.0
80  100.0  20.0
100  85.0  117.0
120  53.0  318.0
140  93.0  151.0
160  93.0  174.0
180  70.0  217.0
200  100.0  114.0
40  7.0  209.0
60  32.0  198.0
80  71.0  182.0
100  43.0  289.0
120  78.0  292.0
140  95.0  287.0
160  96.0  89.0
180  66.0  313.0
200  70.0  386.0
40  22.0  224.0
60  76.0  194.0
80  27.0  256.0
100  76.0  87.0
120  65.0  193.0
140  49.0  226.0
160  98.0  40.0
180  66.0  223.0
200  99.0  55.0
40  79.0  77.0
60  93.0  47.0
80  77.0  174.0
100  89.0  171.0
120  91.0  205.0
140  96.0  55.0
160  80.0  258.0
180  82.0  245.0
200  74.0  332.0
40  37.0  225.0
60  100.0  7.0
80  10.0  195.0
100  24.0  281.0
120  77.0  280.0
140  68.0  174.0
160  100.0  7.0
180  91.0  95.0
200  98.0  113.0
40  70.0  41.0
60  56.0  270.0
80  36.0  184.0
100  71.0  276.0
120  61.0  380.0
140  89.0  225.0
160  62.0  301.0
180  88.0  233.0
200  80.0  342.0
40  27.0  122.0
60  38.0  241.0
80  62.0  300.0
100  19.0  382.0
120  76.0  212.0
140  100.0  34.0
160  74.0  211.0
180  92.0  86.0
200  97.0  73.0
40  49.0  221.0
60  58.0  175.0
80  41.0  376.0
100  77.0  265.0
120  42.0  308.0
140  74.0  178.0
160  89.0  89.0
180  81.0  295.0
200  38.0  529.0
40  4.0  126.0
60  55.0  316.0
80  68.0  291.0
100  35.0  347.0
120  51.0  404.0
140  84.0  173.0
160  81.0  231.0
180  89.0  244.0
200  90.0  270.0
40  40.0  167.0
60  46.0  243.0
80  100.0  36.0
100  35.0  301.0
120  90.0  147.0
140  96.0  60.0
160  96.0  128.0
180  72.0  201.0
200  71.0  186.0
40  47.0  187.0
60  31.0  258.0
80  93.0  82.0
100  71.0  221.0
120  37.0  253.0
140  100.0  72.0
160  97.0  54.0
180  98.0  160.0
200  97.0  173.0
40  41.0  288.0
60  36.0  218.0
80  79.0  239.0
100  22.0  164.0
120  87.0  129.0
140  76.0  204.0
160  86.0  315.0
180  94.0  185.0
200  61.0  263.0
40  34.0  92.0
60  26.0  175.0
80  50.0  369.0
100  85.0  153.0
120  92.0  187.0
140  50.0  230.0
160  91.0  169.0
180  93.0  270.0
200  92.0  170.0
40  67.0  167.0
60  74.0  154.0
80  64.0  306.0
100  32.0  334.0
120  100.0  61.0
140  53.0  314.0
160  95.0  169.0
180  99.0  61.0
200  72.0  189.0
40  47.0  165.0
60  45.0  197.0
80  77.0  83.0
100  49.0  432.0
120  76.0  360.0
140  98.0  55.0
160  89.0  204.0
180  91.0  139.0
200  81.0  371.0
40  17.0  135.0
60  17.0  216.0
80  94.0  78.0
100  64.0  448.0
120  42.0  157.0
140  80.0  152.0
160  68.0  233.0
180  67.0  226.0
200  75.0  178.0
40  0.0  166.0
60  91.0  75.0
80  68.0  212.0
100  93.0  149.0
120  48.0  333.0
140  73.0  160.0
160  94.0  144.0
180  71.0  198.0
200  74.0  265.0
40  12.0  227.0
60  62.0  154.0
80  54.0  241.0
100  71.0  257.0
120  69.0  142.0
140  84.0  245.0
160  97.0  52.0
180  90.0  133.0
200  79.0  198.0
40  19.0  180.0
60  21.0  386.0
80  71.0  255.0
100  86.0  206.0
120  92.0  32.0
140  70.0  292.0
160  58.0  231.0
180  87.0  176.0
200  85.0  221.0
40  48.0  186.0
60  70.0  207.0
80  48.0  350.0
100  19.0  249.0
120  97.0  148.0
140  65.0  316.0
160  90.0  169.0
180  78.0  296.0
200  100.0  117.0
40  31.0  109.0
60  50.0  180.0
80  56.0  389.0
100  56.0  400.0
120  81.0  238.0
140  44.0  432.0
160  94.0  181.0
180  80.0  428.0
200  76.0  207.0
40  29.0  236.0
60  44.0  296.0
80  22.0  267.0
100  40.0  349.0
120  35.0  382.0
140  93.0  204.0
160  94.0  131.0
180  82.0  347.0
200  91.0  240.0
40  59.0  98.0
60  58.0  77.0
80  78.0  121.0
100  52.0  425.0
120  90.0  192.0
140  57.0  310.0
160  39.0  248.0
180  83.0  209.0
200  98.0  87.0
40  45.0  160.0
60  47.0  127.0
80  93.0  77.0
100  51.0  278.0
120  62.0  180.0
140  89.0  257.0
160  92.0  218.0
180  38.0  329.0
200  100.0  154.0
40  39.0  219.0
60  11.0  271.0
80  60.0  200.0
100  77.0  262.0
120  91.0  247.0
140  100.0  59.0
160  92.0  119.0
180  59.0  219.0
200  92.0  233.0
40  27.0  250.0
60  85.0  117.0
80  55.0  154.0
100  57.0  206.0
120  83.0  223.0
140  81.0  165.0
160  80.0  247.0
180  84.0  224.0
200  76.0  280.0
40  37.0  82.0
60  49.0  119.0
80  41.0  368.0
100  57.0  203.0
120  53.0  217.0
140  71.0  224.0
160  95.0  165.0
180  82.0  323.0
200  76.0  186.0
40  68.0  162.0
60  76.0  125.0
80  52.0  206.0
100  71.0  220.0
120  81.0  220.0
140  51.0  362.0
160  98.0  107.0
180  89.0  309.0
200  88.0  209.0
40  49.0  77.0
60  40.0  100.0
80  80.0  133.0
100  97.0  83.0
120  68.0  327.0
140  90.0  259.0
160  97.0  145.0
180  83.0  217.0
200  82.0  183.0
40  64.0  189.0
60  63.0  143.0
80  48.0  198.0
100  62.0  181.0
120  93.0  188.0
140  85.0  248.0
160  97.0  117.0
180  92.0  225.0
200  99.0  107.0
40  24.0  283.0
60  66.0  72.0
80  82.0  193.0
100  53.0  328.0
120  99.0  58.0
140  97.0  103.0
160  79.0  235.0
180  98.0  164.0
200  75.0  276.0
40  59.0  123.0
60  92.0  46.0
80  74.0  250.0
100  77.0  132.0
120  97.0  169.0
140  54.0  389.0
160  76.0  208.0
180  76.0  344.0
200  98.0  127.0
40  38.0  144.0
60  23.0  166.0
80  75.0  113.0
100  63.0  252.0
120  77.0  320.0
140  52.0  221.0
160  79.0  218.0
180  72.0  263.0
200  73.0  255.0
40  19.0  110.0
60  47.0  222.0
80  45.0  422.0
100  57.0  211.0
120  70.0  254.0
140  48.0  249.0
160  70.0  341.0
180  64.0  373.0
200  72.0  233.0
40  12.0  249.0
60  30.0  360.0
80  50.0  289.0
100  43.0  332.0
120  51.0  269.0
140  87.0  196.0
160  81.0  153.0
180  76.0  185.0
200  90.0  228.0
40  69.0  124.0
60  30.0  284.0
80  30.0  340.0
100  80.0  153.0
120  67.0  138.0
140  55.0  328.0
160  56.0  287.0
180  78.0  192.0
200  52.0  188.0
40  16.0  112.0
60  73.0  123.0
80  100.0  45.0
100  89.0  89.0
120  90.0  162.0
140  82.0  221.0
160  41.0  507.0
180  84.0  100.0
200  75.0  308.0
40  29.0  121.0
60  91.0  30.0
80  26.0  260.0
100  78.0  155.0
120  76.0  207.0
140  66.0  237.0
160  96.0  171.0
180  76.0  279.0
200  100.0  7.0
40  27.0  135.0
60  62.0  177.0
80  84.0  132.0
100  86.0  180.0
120  98.0  59.0
140  100.0  19.0
160  93.0  99.0
180  100.0  58.0
200  100.0  31.0
40  93.0  13.0
60  41.0  381.0
80  27.0  153.0
100  94.0  140.0
120  99.0  44.0
140  42.0  224.0
160  83.0  131.0
180  97.0  147.0
200  35.0  379.0
40  10.0  61.0
60  75.0  100.0
80  81.0  156.0
100  46.0  232.0
120  69.0  335.0
140  81.0  321.0
160  79.0  200.0
180  73.0  255.0
200  92.0  192.0
40  91.0  50.0
60  20.0  310.0
80  52.0  255.0
100  79.0  291.0
120  100.0  40.0
140  83.0  145.0
160  55.0  456.0
180  81.0  244.0
200  100.0  67.0
40  46.0  173.0
60  90.0  57.0
80  48.0  257.0
100  67.0  192.0
120  64.0  229.0
140  95.0  113.0
160  100.0  54.0
180  76.0  361.0
200  83.0  185.0
