1  968.0  10744.0
1  962.0  12291.0
1  867.0  41255.0
1  853.0  44792.0
1  955.0  14554.0
1  951.0  15610.0
1  996.0  1558.0
1  729.0  82787.0
1  931.0  21931.0
1  863.0  42602.0
1  920.0  24661.0
1  379.0  187438.0
1  994.0  3472.0
1  964.0  12317.0
1  923.0  24387.0
1  898.0  31290.0
1  966.0  11059.0
1  889.0  34054.0
1  992.0  2604.0
1  984.0  6270.0
2  1000.0  2274.0
2  941.0  18298.0
2  919.0  26129.0
2  743.0  78186.0
2  936.0  19998.0
2  889.0  35217.0
2  910.0  28098.0
2  814.0  57451.0
2  985.0  5546.0
2  766.0  71151.0
2  960.0  12863.0
2  945.0  17798.0
2  911.0  27616.0
2  996.0  3263.0
2  892.0  33404.0
2  902.0  31071.0
2  782.0  67017.0
2  909.0  28980.0
2  980.0  7976.0
2  954.0  14873.0
3  689.0  94718.0
3  885.0  35525.0
3  935.0  20768.0
3  723.0  84308.0
3  900.0  31731.0
3  857.0  43862.0
3  697.0  92309.0
3  959.0  13796.0
3  955.0  13709.0
3  769.0  70387.0
3  565.0  130912.0
3  944.0  17257.0
3  767.0  71946.0
3  691.0  94098.0
3  920.0  25238.0
3  927.0  22185.0
3  936.0  19309.0
3  1000.0  219.0
3  723.0  84622.0
3  467.0  161243.0
4  925.0  22897.0
4  750.0  75431.0
4  762.0  72186.0
4  914.0  26270.0
4  796.0  62297.0
4  929.0  23013.0
4  924.0  23323.0
4  1000.0  73.0
4  952.0  14444.0
4  954.0  14078.0
4  773.0  69014.0
4  771.0  69601.0
4  851.0  45291.0
4  606.0  119360.0
4  740.0  78877.0
4  774.0  69129.0
4  858.0  44355.0
4  643.0  108244.0
4  865.0  41561.0
4  961.0  11846.0
5  900.0  30754.0
5  946.0  17582.0
5  601.0  120358.0
5  711.0  87429.0
5  725.0  84022.0
5  834.0  50601.0
5  811.0  57485.0
5  778.0  67462.0
5  1000.0  106.0
5  660.0  102602.0
5  908.0  27736.0
5  751.0  75456.0
5  528.0  142533.0
5  678.0  97274.0
5  882.0  36699.0
5  863.0  41527.0
5  897.0  31615.0
5  798.0  61737.0
5  787.0  64752.0
5  810.0  57899.0
