1  911.0  3301.0
1  932.0  3533.0
1  1000.0  2000.0
1  897.0  3887.0
1  758.0  5149.0
1  859.0  4323.0
1  679.0  5109.0
1  948.0  2449.0
1  988.0  2359.0
1  984.0  2185.0
1  931.0  3192.0
1  865.0  5548.0
1  936.0  3398.0
1  969.0  2753.0
1  920.0  2742.0
1  869.0  4537.0
1  992.0  2183.0
1  988.0  2407.0
1  860.0  4727.0
1  983.0  2680.0
1  979.0  2593.0
1  954.0  3191.0
1  783.0  7946.0
1  951.0  3023.0
1  922.0  3683.0
1  927.0  3230.0
1  663.0  4970.0
1  992.0  2246.0
1  914.0  3449.0
1  762.0  2922.0
1  910.0  3467.0
1  920.0  3474.0
1  963.0  3057.0
1  947.0  2333.0
1  895.0  3283.0
1  913.0  4006.0
1  1000.0  2000.0
1  866.0  4248.0
1  925.0  2936.0
1  743.0  3686.0
1  864.0  4340.0
1  966.0  3270.0
1  931.0  3319.0
1  809.0  4688.0
1  905.0  3484.0
1  859.0  5366.0
1  774.0  8646.0
1  747.0  9393.0
1  933.0  3312.0
1  721.0  10626.0
2  840.0  4296.0
2  889.0  4535.0
2  844.0  3524.0
2  616.0  7390.0
2  749.0  5183.0
2  945.0  2709.0
2  997.0  2064.0
2  945.0  2998.0
2  966.0  2393.0
2  973.0  2557.0
2  883.0  4151.0
2  1000.0  2000.0
2  122.0  11278.0
2  918.0  4289.0
2  800.0  5231.0
2  985.0  2224.0
2  960.0  3021.0
2  828.0  7012.0
2  831.0  4143.0
2  914.0  2628.0
2  630.0  4190.0
2  848.0  4039.0
2  639.0  7877.0
2  823.0  4279.0
2  917.0  3216.0
2  854.0  4587.0
2  885.0  3055.0
2  845.0  4815.0
2  358.0  4236.0
2  937.0  2595.0
2  846.0  3912.0
2  840.0  4975.0
2  887.0  3089.0
2  953.0  2842.0
2  949.0  2650.0
2  674.0  4954.0
2  963.0  2773.0
2  741.0  4407.0
2  842.0  3769.0
2  1000.0  2003.0
2  897.0  3654.0
2  944.0  2956.0
2  955.0  3256.0
2  916.0  3153.0
2  819.0  4341.0
2  1000.0  2000.0
2  722.0  4167.0
2  771.0  5341.0
2  677.0  6226.0
2  904.0  3029.0
3  893.0  4402.0
3  896.0  3536.0
3  1000.0  2000.0
3  943.0  3302.0
3  920.0  3638.0
3  504.0  9254.0
3  976.0  2439.0
3  690.0  6735.0
3  758.0  4952.0
3  801.0  5311.0
3  797.0  5089.0
3  917.0  3126.0
3  688.0  6955.0
3  841.0  4669.0
3  697.0  5463.0
3  864.0  4847.0
3  448.0  5209.0
3  877.0  4711.0
3  961.0  2873.0
3  331.0  13154.0
3  606.0  10303.0
3  573.0  9635.0
3  667.0  7007.0
3  788.0  6072.0
3  824.0  5244.0
3  853.0  4278.0
3  619.0  5678.0
3  953.0  3120.0
3  640.0  6917.0
3  760.0  6365.0
3  851.0  5125.0
3  968.0  2351.0
3  720.0  7573.0
3  799.0  6102.0
3  623.0  8058.0
3  799.0  6013.0
3  819.0  5978.0
3  788.0  5114.0
3  679.0  4892.0
3  844.0  4569.0
3  845.0  4701.0
3  1000.0  2000.0
3  685.0  6741.0
3  605.0  7299.0
3  715.0  7348.0
3  692.0  8089.0
3  67.0  7799.0
3  449.0  11695.0
3  571.0  8317.0
3  850.0  4380.0
4  777.0  6693.0
4  539.0  11076.0
4  917.0  3609.0
4  671.0  6419.0
4  398.0  15429.0
4  454.0  12011.0
4  843.0  5496.0
4  520.0  11207.0
4  649.0  6464.0
4  853.0  5923.0
4  790.0  5274.0
4  691.0  9946.0
4  698.0  7599.0
4  758.0  7010.0
4  856.0  4429.0
4  582.0  7084.0
4  969.0  2237.0
4  459.0  12373.0
4  550.0  13671.0
4  749.0  6857.0
4  755.0  5559.0
4  523.0  10688.0
4  939.0  3271.0
4  738.0  6022.0
4  732.0  7219.0
4  817.0  5660.0
4  876.0  4523.0
4  486.0  11888.0
4  574.0  8468.0
4  657.0  7876.0
