0  43.399999999999999  2640
1  51.700000000000003  2503
2  41.399999999999999  2301
3  53.299999999999997  2446
4  49.299999999999997  2405
5  50.299999999999997  2201
6  44.600000000000001  2419
7  58.799999999999997  1923
8  55.899999999999999  1835
9  57.899999999999999  1913
10  47.5  1971
11  52.0  1942
12  56.399999999999999  1772
13  52.600000000000001  2103
14  62.799999999999997  1993
15  53.899999999999999  2020
16  57.5  1422
17  61.899999999999999  1590
18  51.600000000000001  1900
19  57.700000000000003  1567
20  65.700000000000003  1471
0  44.0  2473
1  50.5  2514
2  39.5  2665
3  48.0  2433
4  53.299999999999997  2360
5  57.0  2326
6  53.700000000000003  1829
7  49.299999999999997  2096
8  45.899999999999999  2506
9  42.100000000000001  2073
10  50.5  2256
11  47.0  1694
12  56.200000000000003  1803
13  55.299999999999997  1957
14  60.600000000000001  1896
15  62.399999999999999  1787
16  58.899999999999999  1873
17  61.200000000000003  2036
18  55.399999999999999  1670
19  67.0  1851
20  63.600000000000001  1514
0  35.899999999999999  2811
1  37.200000000000003  2235
2  45.0  2446
3  42.200000000000003  2469
4  46.899999999999999  2147
5  51.299999999999997  2233
6  53.799999999999997  2091
7  53.799999999999997  2485
8  60.100000000000001  1871
9  52.700000000000003  1866
10  66.700000000000003  1784
11  62.700000000000003  1778
12  62.700000000000003  1724
13  60.799999999999997  1652
14  65.099999999999994  1763
15  61.600000000000001  1604
16  57.700000000000003  1799
17  55.5  1803
18  55.5  1733
19  66.900000000000006  1570
20  54.100000000000001  1965
0  37.799999999999997  2803
1  51.899999999999999  2958
2  43.299999999999997  2158
3  55.899999999999999  2049
4  56.100000000000001  2297
5  47.899999999999999  1981
6  45.799999999999997  2680
7  50.100000000000001  2289
8  53.399999999999999  2115
9  56.700000000000003  2082
10  53.5  1755
11  66.200000000000003  1544
12  53.899999999999999  2152
13  60.200000000000003  1578
14  54.700000000000003  1822
15  55.700000000000003  1749
16  69.5  1788
17  67.900000000000006  1682
18  53.799999999999997  1917
19  60.799999999999997  1597
20  54.299999999999997  1831
0  46.200000000000003  2466
1  47.799999999999997  2664
2  48.100000000000001  2278
3  55.899999999999999  2470
4  52.100000000000001  2533
5  44.0  2019
6  50.100000000000001  2183
7  48.299999999999997  1667
8  52.5  2053
9  52.299999999999997  1771
10  61.299999999999997  1718
11  52.700000000000003  2297
12  51.100000000000001  2010
13  61.0  1668
14  51.0  1637
15  58.100000000000001  1804
16  55.299999999999997  1557
17  59.799999999999997  1756
18  54.399999999999999  1536
19  58.299999999999997  1867
20  59.5  1863
0  44.799999999999997  2455
1  39.299999999999997  2480
2  34.100000000000001  2684
3  52.600000000000001  2513
4  52.399999999999999  2450
5  39.899999999999999  2241
6  46.5  2225
7  55.899999999999999  1908
8  43.799999999999997  1766
9  48.299999999999997  1728
10  61.899999999999999  1806
11  56.600000000000001  1864
12  64.299999999999997  1888
13  48.299999999999997  2097
14  50.399999999999999  1906
15  57.0  1974
16  67.799999999999997  1574
17  57.899999999999999  1689
18  68.900000000000006  1410
19  71.799999999999997  1478
20  65.200000000000003  1313
0  44.299999999999997  2480
1  40.600000000000001  2554
2  36.399999999999999  2429
3  48.0  2366
4  56.200000000000003  2313
5  49.299999999999997  2457
6  57.200000000000003  2069
7  62.100000000000001  2338
8  53.799999999999997  2210
9  57.600000000000001  2329
10  63.200000000000003  1742
11  65.099999999999994  1938
12  59.899999999999999  2023
13  51.899999999999999  1987
14  50.0  1894
15  59.0  1929
16  68.299999999999997  1467
17  61.399999999999999  1544
18  69.700000000000003  1714
19  59.700000000000003  1972
20  70.0  1339
0  41.799999999999997  3026
1  46.299999999999997  2565
2  48.0  2587
3  45.5  2396
4  38.0  2322
5  50.700000000000003  2108
6  64.299999999999997  2373
7  59.5  2373
8  49.200000000000003  2201
9  63.799999999999997  1782
10  57.399999999999999  1959
11  55.700000000000003  2046
12  45.299999999999997  2146
13  58.399999999999999  1969
14  58.200000000000003  1689
15  56.700000000000003  1963
16  60.799999999999997  1647
17  58.200000000000003  1970
18  66.700000000000003  1313
19  58.200000000000003  1602
20  54.899999999999999  1740
0  52.299999999999997  2483
1  36.600000000000001  2602
2  48.799999999999997  2175
3  48.899999999999999  2525
4  44.399999999999999  2047
5  46.5  1984
6  42.299999999999997  2369
7  52.799999999999997  1955
8  54.5  2285
9  52.600000000000001  2111
10  57.200000000000003  2007
11  62.600000000000001  1860
12  53.5  1784
13  57.299999999999997  1927
14  56.200000000000003  1853
15  59.799999999999997  1799
16  43.299999999999997  1899
17  69.700000000000003  1376
18  62.100000000000001  1789
19  57.200000000000003  1555
20  67.200000000000003  1707
0  41.200000000000003  2365
1  44.100000000000001  2499
2  48.200000000000003  2301
3  55.600000000000001  2512
4  49.200000000000003  2437
5  60.5  2369
6  49.5  2196
7  43.299999999999997  1975
8  55.700000000000003  2133
9  61.299999999999997  1946
10  59.200000000000003  2169
11  50.0  2032
12  52.399999999999999  1869
13  50.5  1981
14  59.600000000000001  1645
15  61.100000000000001  1682
16  55.600000000000001  1728
17  56.399999999999999  1916
18  58.600000000000001  1614
19  63.100000000000001  1579
20  65.599999999999994  1716
0  51.700000000000003  2467
1  48.799999999999997  2817
2  48.700000000000003  2367
3  53.600000000000001  2305
4  56.100000000000001  2039
5  56.600000000000001  2025
6  45.399999999999999  2228
7  50.200000000000003  2222
8  54.0  2284
9  50.299999999999997  2276
10  55.5  1838
11  60.799999999999997  1850
12  57.200000000000003  1935
13  61.899999999999999  1546
14  49.100000000000001  2087
15  59.600000000000001  1677
16  68.700000000000003  1599
17  65.0  1719
18  51.399999999999999  1497
19  68.5  1186
20  67.400000000000006  1559
0  39.399999999999999  2646
1  43.700000000000003  2731
2  45.799999999999997  2535
3  37.799999999999997  2535
4  46.600000000000001  2519
5  49.700000000000003  2433
6  52.5  2204
7  48.100000000000001  2001
8  49.899999999999999  1986
9  49.200000000000003  2033
10  48.700000000000003  1899
11  60.299999999999997  1876
12  54.0  2071
13  53.299999999999997  1796
14  50.799999999999997  1450
15  61.299999999999997  2102
16  64.599999999999994  1319
17  62.600000000000001  1734
18  68.599999999999994  1665
19  59.5  1747
20  65.0  1619
0  35.0  2415
1  51.200000000000003  2425
2  47.700000000000003  2388
3  36.100000000000001  2700
4  40.600000000000001  2262
5  45.100000000000001  2418
6  56.299999999999997  2217
7  55.399999999999999  1715
8  40.5  2249
9  50.0  2214
10  53.0  1992
11  56.299999999999997  1755
12  42.299999999999997  2061
13  60.799999999999997  1980
14  49.799999999999997  2320
15  60.899999999999999  1743
16  48.299999999999997  1693
17  47.700000000000003  1837
18  66.200000000000003  1482
19  69.799999999999997  1399
20  63.0  1589
0  53.100000000000001  2594
1  54.899999999999999  2544
2  50.5  2371
3  49.5  2166
4  46.899999999999999  2154
5  55.799999999999997  2226
6  44.200000000000003  1949
7  51.799999999999997  2017
8  53.299999999999997  2091
9  45.299999999999997  2205
10  59.600000000000001  2178
11  51.299999999999997  1927
12  57.100000000000001  1700
13  47.299999999999997  1915
14  56.200000000000003  1908
15  55.5  1796
16  49.5  1700
17  69.400000000000006  1584
18  62.0  1385
19  71.099999999999994  1719
20  52.399999999999999  1794
0  42.5  2924
1  40.0  2236
2  44.5  2259
3  58.200000000000003  2012
4  47.700000000000003  2276
5  42.799999999999997  2000
6  55.700000000000003  2170
7  57.799999999999997  2084
8  52.5  2221
9  51.299999999999997  1882
10  52.899999999999999  2075
11  59.700000000000003  1719
12  67.900000000000006  1829
13  60.299999999999997  1947
14  57.899999999999999  1649
15  58.0  1954
16  61.399999999999999  1723
17  65.099999999999994  1847
18  55.299999999999997  1841
19  66.799999999999997  1565
20  65.700000000000003  1550
0  39.399999999999999  2655
1  37.600000000000001  2994
2  42.299999999999997  2769
3  48.399999999999999  2560
4  44.399999999999999  2528
5  48.799999999999997  2241
6  54.299999999999997  2271
7  47.200000000000003  2084
8  40.299999999999997  1934
9  54.100000000000001  2156
10  55.5  1829
11  61.5  1856
12  51.700000000000003  2095
13  59.5  1956
14  57.600000000000001  1899
15  58.700000000000003  1758
16  56.299999999999997  1518
17  65.900000000000006  1769
18  60.5  1539
19  64.700000000000003  1643
20  62.700000000000003  1621
0  34.600000000000001  2445
1  34.5  2402
2  38.899999999999999  2592
3  55.5  2468
4  47.5  2296
5  47.600000000000001  2312
6  48.0  1917
7  50.799999999999997  2116
8  59.399999999999999  2069
9  54.600000000000001  2383
10  49.700000000000003  2168
11  52.0  1853
12  57.899999999999999  1958
13  54.700000000000003  1834
14  61.799999999999997  1664
15  61.5  1972
16  68.599999999999994  1728
17  54.600000000000001  1895
18  72.400000000000006  1835
19  67.799999999999997  1486
20  60.299999999999997  1575
0  43.700000000000003  2542
1  54.0  2417
2  45.899999999999999  2513
3  51.100000000000001  2326
4  40.5  2484
5  41.100000000000001  2314
6  40.0  1817
7  48.399999999999999  2173
8  58.100000000000001  1861
9  57.899999999999999  1869
10  46.700000000000003  2352
11  52.700000000000003  2190
12  51.299999999999997  1878
13  68.5  1983
14  54.600000000000001  1657
15  57.200000000000003  1652
16  69.099999999999994  1512
17  48.5  1722
18  58.600000000000001  1571
19  57.600000000000001  1507
20  60.899999999999999  1354
0  41.799999999999997  2700
1  46.0  2344
2  54.899999999999999  2407
3  39.700000000000003  2823
4  53.399999999999999  2355
5  50.700000000000003  2373
6  40.200000000000003  2339
7  51.0  2365
8  60.299999999999997  1849
9  61.600000000000001  1895
10  50.299999999999997  2041
11  60.299999999999997  1831
12  52.299999999999997  1778
13  60.200000000000003  2121
14  66.099999999999994  1789
15  57.399999999999999  2008
16  61.600000000000001  1587
17  64.599999999999994  1468
18  52.299999999999997  1707
19  63.5  1445
20  66.900000000000006  1399
0  48.799999999999997  2461
1  40.899999999999999  2393
2  52.600000000000001  2442
3  52.299999999999997  2596
4  47.399999999999999  2551
5  44.600000000000001  1907
6  50.100000000000001  2289
7  58.399999999999999  2100
8  53.100000000000001  1957
9  54.399999999999999  2163
10  45.0  1824
11  51.299999999999997  1947
12  53.899999999999999  1989
13  65.0  1720
14  52.200000000000003  1600
15  52.700000000000003  1741
16  55.600000000000001  1914
17  59.399999999999999  1620
18  66.700000000000003  1665
19  68.299999999999997  1427
20  57.299999999999997  1863
0  36.0  3053
1  45.899999999999999  2775
2  46.299999999999997  2815
3  37.0  2161
4  48.100000000000001  2154
5  42.5  2333
6  54.600000000000001  2204
7  53.899999999999999  2093
8  49.899999999999999  1745
9  52.600000000000001  2123
10  48.399999999999999  2218
11  52.600000000000001  2200
12  37.0  1930
13  59.0  1644
14  45.399999999999999  1630
15  46.600000000000001  2447
16  61.299999999999997  1833
17  60.0  1806
18  58.200000000000003  1881
19  63.299999999999997  1577
20  67.599999999999994  1569
0  44.0  2648
1  46.600000000000001  2450
2  58.5  2309
3  39.899999999999999  2096
4  49.0  2305
5  53.799999999999997  2490
6  50.700000000000003  2130
7  47.0  2396
8  53.0  2097
9  53.5  1731
10  43.5  2004
11  53.899999999999999  2141
12  58.299999999999997  2096
13  44.100000000000001  1556
14  56.5  2394
15  58.799999999999997  1325
16  59.399999999999999  1847
17  51.5  1790
18  49.399999999999999  1721
19  65.0  1542
20  61.299999999999997  1218
0  49.200000000000003  2766
1  35.0  2106
2  42.899999999999999  2592
3  46.899999999999999  2378
4  49.600000000000001  1935
5  40.200000000000003  2210
6  51.600000000000001  2554
7  54.5  1989
8  58.399999999999999  2138
9  48.200000000000003  2007
10  59.299999999999997  2225
11  60.600000000000001  2107
12  58.299999999999997  1629
13  61.100000000000001  2190
14  69.099999999999994  1647
15  46.799999999999997  1691
16  55.100000000000001  1878
17  54.799999999999997  1820
18  62.100000000000001  1552
19  50.0  2296
20  63.0  1612
0  50.5  2570
1  37.700000000000003  2426
2  53.799999999999997  2433
3  40.600000000000001  1984
4  43.299999999999997  2426
5  45.799999999999997  2228
6  45.600000000000001  2515
7  54.299999999999997  2324
8  49.299999999999997  2134
9  57.100000000000001  1994
10  56.399999999999999  2185
11  52.600000000000001  1936
12  50.700000000000003  2213
13  60.100000000000001  1696
14  54.899999999999999  1647
15  62.0  1842
16  60.100000000000001  1661
17  55.5  2054
18  68.599999999999994  1609
19  57.299999999999997  1519
20  57.200000000000003  1911
0  40.200000000000003  2661
1  41.799999999999997  2795
2  55.600000000000001  2717
3  37.0  2615
4  53.700000000000003  2046
5  44.0  2251
6  51.5  2001
7  53.799999999999997  2024
8  52.5  1867
9  54.799999999999997  2005
10  55.0  2015
11  61.200000000000003  1969
12  52.899999999999999  2031
13  61.5  1971
14  52.399999999999999  1805
15  54.399999999999999  1614
16  52.200000000000003  2125
17  69.400000000000006  1928
18  65.799999999999997  1495
19  67.5  1462
20  57.600000000000001  1426
0  38.399999999999999  2645
1  43.700000000000003  2534
2  48.799999999999997  2746
3  47.0  2752
4  42.899999999999999  2395
5  50.0  2385
6  52.100000000000001  2050
7  49.100000000000001  2136
8  45.299999999999997  2291
9  51.600000000000001  2325
10  50.799999999999997  1914
11  46.5  1992
12  64.0  1816
13  54.0  1730
14  57.399999999999999  1696
15  56.5  1975
16  63.600000000000001  1759
17  59.700000000000003  1645
18  61.200000000000003  1913
19  79.5  1491
20  69.0  1656
0  44.200000000000003  2927
1  38.700000000000003  2626
2  44.399999999999999  2619
3  49.200000000000003  2460
4  52.5  2347
5  54.700000000000003  2419
6  56.899999999999999  1923
7  52.200000000000003  2186
8  50.200000000000003  2209
9  54.799999999999997  1981
10  53.200000000000003  1974
11  51.0  1734
12  61.399999999999999  1972
13  58.399999999999999  2033
14  65.900000000000006  1837
15  62.700000000000003  1615
16  55.899999999999999  1596
17  55.799999999999997  1867
18  55.0  1894
19  67.400000000000006  1241
20  64.799999999999997  1687
0  35.5  2594
1  41.100000000000001  2473
2  46.0  2359
3  49.200000000000003  2246
4  44.0  1929
5  50.100000000000001  2382
6  49.700000000000003  2017
7  58.700000000000003  2121
8  56.200000000000003  2011
9  55.899999999999999  1975
10  61.0  1998
11  64.0  1918
12  56.0  2068
13  55.600000000000001  1676
14  61.700000000000003  1835
15  59.5  1883
16  62.100000000000001  1559
17  58.200000000000003  1612
18  58.5  1520
19  54.399999999999999  1625
20  68.799999999999997  1668
0  29.899999999999999  2846
1  56.399999999999999  2630
2  41.799999999999997  2479
3  46.600000000000001  3014
4  40.399999999999999  2281
5  52.299999999999997  2349
6  52.299999999999997  1974
7  57.0  2121
8  50.0  1674
9  45.5  2374
10  50.200000000000003  2265
11  45.899999999999999  1999
12  56.100000000000001  1762
13  61.700000000000003  1692
14  67.0  1712
15  50.899999999999999  1596
16  55.399999999999999  1885
17  59.200000000000003  1714
18  62.299999999999997  1674
19  62.5  1755
20  64.400000000000006  1549
0  41.0  2711
1  42.200000000000003  2433
2  51.200000000000003  2482
3  55.600000000000001  2355
4  47.700000000000003  2316
5  54.100000000000001  2483
6  65.5  2035
7  58.100000000000001  2290
8  56.399999999999999  2271
9  60.799999999999997  1945
10  56.899999999999999  1796
11  43.799999999999997  1485
12  57.899999999999999  1921
13  63.600000000000001  1679
14  62.799999999999997  1698
15  59.700000000000003  1943
16  54.100000000000001  1955
17  47.299999999999997  1389
18  55.100000000000001  1812
19  58.5  1895
20  64.799999999999997  1564
0  42.5  2609
1  42.799999999999997  2483
2  45.799999999999997  2428
3  47.799999999999997  2381
4  52.299999999999997  2168
5  62.399999999999999  2170
6  55.700000000000003  1881
7  48.100000000000001  1885
8  46.299999999999997  2100
9  52.600000000000001  1814
10  61.700000000000003  2137
11  56.700000000000003  1936
12  51.0  2062
13  53.0  2102
14  55.299999999999997  1941
15  66.5  1591
16  58.600000000000001  1401
17  69.299999999999997  1655
18  53.899999999999999  1933
19  62.399999999999999  1901
20  65.099999999999994  1461
0  41.100000000000001  2320
1  40.299999999999997  2385
2  46.799999999999997  2562
3  56.700000000000003  2259
4  53.0  2247
5  45.5  2498
6  48.799999999999997  1957
7  57.0  1759
8  46.0  2139
9  49.799999999999997  2461
10  53.399999999999999  1883
11  57.399999999999999  1960
12  32.899999999999999  2032
13  60.5  1638
14  65.400000000000006  2047
15  57.299999999999997  1801
16  59.700000000000003  1837
17  61.100000000000001  1776
18  63.0  1765
19  70.099999999999994  1505
20  65.799999999999997  1469
0  41.299999999999997  2864
1  46.5  2741
2  51.799999999999997  2249
3  50.200000000000003  2137
4  48.399999999999999  2313
5  47.600000000000001  2330
6  53.799999999999997  2145
7  47.600000000000001  2219
8  37.799999999999997  2000
9  55.700000000000003  1689
10  60.299999999999997  1753
11  52.0  1782
12  63.899999999999999  1795
13  58.0  1922
14  53.799999999999997  2000
15  55.200000000000003  1950
16  58.399999999999999  1939
17  63.700000000000003  1881
18  62.0  1488
19  58.399999999999999  1833
20  61.299999999999997  1536
0  45.600000000000001  2459
1  38.5  2516
2  53.5  2621
3  41.899999999999999  2408
4  45.200000000000003  2441
5  41.200000000000003  2651
6  50.200000000000003  2470
7  54.0  1964
8  59.799999999999997  1986
9  67.099999999999994  1930
10  58.0  1943
11  58.700000000000003  1886
12  61.100000000000001  1688
13  53.5  1820
14  49.200000000000003  1683
15  58.799999999999997  1685
16  63.5  1860
17  58.399999999999999  1580
18  42.700000000000003  1575
19  56.600000000000001  1933
20  65.599999999999994  1659
0  42.200000000000003  2466
1  51.899999999999999  2405
2  38.799999999999997  2842
3  47.0  2499
4  52.899999999999999  2593
5  46.100000000000001  2302
6  59.299999999999997  2141
7  55.799999999999997  2388
8  50.0  2014
9  62.5  2028
10  51.700000000000003  1751
11  52.5  2160
12  62.100000000000001  1854
13  44.299999999999997  2241
14  55.700000000000003  2089
15  67.200000000000003  2088
16  57.200000000000003  1722
17  60.200000000000003  1816
18  53.899999999999999  1831
19  54.600000000000001  1754
20  61.700000000000003  1685
0  40.600000000000001  2794
1  48.5  2493
2  44.399999999999999  2606
3  37.100000000000001  2476
4  51.100000000000001  2394
5  48.299999999999997  2454
6  52.299999999999997  1942
7  56.399999999999999  2442
8  63.700000000000003  2005
9  53.799999999999997  2357
10  54.200000000000003  2334
11  49.799999999999997  2126
12  61.799999999999997  1392
13  59.100000000000001  1965
14  56.899999999999999  1951
15  59.0  1768
16  59.299999999999997  1622
17  69.700000000000003  1643
18  62.899999999999999  1764
19  63.200000000000003  1409
20  56.799999999999997  1781
0  32.700000000000003  2139
1  38.899999999999999  2935
2  46.5  2303
3  51.299999999999997  2261
4  39.399999999999999  2648
5  53.799999999999997  2126
6  43.600000000000001  2243
7  41.799999999999997  2466
8  59.5  2054
9  56.399999999999999  1801
10  44.600000000000001  1959
11  43.299999999999997  1806
12  62.100000000000001  1942
13  59.799999999999997  2006
14  60.899999999999999  1956
15  57.0  1920
16  53.200000000000003  1953
17  56.5  1925
18  61.0  1756
19  59.799999999999997  1802
20  47.0  1999
0  44.799999999999997  2686
1  44.700000000000003  2774
2  54.399999999999999  2405
3  46.399999999999999  2421
4  37.0  2314
5  40.399999999999999  2191
6  54.600000000000001  2429
7  48.0  1935
8  46.600000000000001  2066
9  41.899999999999999  1741
10  46.0  2277
11  53.799999999999997  2015
12  56.5  2037
13  46.700000000000003  1767
14  69.200000000000003  1358
15  62.100000000000001  1798
16  58.899999999999999  1838
17  61.200000000000003  2125
18  51.899999999999999  1593
19  56.399999999999999  1648
20  57.700000000000003  1355
0  42.200000000000003  2638
1  40.600000000000001  2591
2  55.899999999999999  2326
3  37.299999999999997  2723
4  54.600000000000001  2103
5  55.899999999999999  2151
6  41.399999999999999  2134
7  47.299999999999997  2103
8  60.600000000000001  1822
9  53.600000000000001  1860
10  59.700000000000003  1781
11  50.600000000000001  1955
12  52.0  1638
13  58.600000000000001  1642
14  58.600000000000001  1765
15  66.700000000000003  1460
16  62.600000000000001  1666
17  54.100000000000001  1235
18  57.299999999999997  1834
19  64.900000000000006  1486
20  50.799999999999997  1353
0  38.5  2627
1  52.299999999999997  2686
2  41.100000000000001  2690
3  49.0  2623
4  49.899999999999999  2191
5  46.200000000000003  2345
6  61.600000000000001  2208
7  53.600000000000001  2108
8  50.600000000000001  1798
9  57.700000000000003  2222
10  54.600000000000001  1776
11  61.100000000000001  1848
12  58.299999999999997  2031
13  59.100000000000001  2184
14  56.100000000000001  2004
15  60.100000000000001  1990
16  63.100000000000001  1490
17  66.400000000000006  1594
18  47.0  1782
19  68.299999999999997  1524
20  72.0  1440
0  39.799999999999997  2396
1  45.600000000000001  2282
2  46.899999999999999  2274
3  51.700000000000003  2278
4  41.200000000000003  2359
5  58.299999999999997  1983
6  51.200000000000003  1958
7  57.0  1996
8  55.600000000000001  2209
9  53.600000000000001  1537
10  57.799999999999997  2139
11  63.399999999999999  1808
12  53.100000000000001  2042
13  57.0  1988
14  64.900000000000006  1812
15  56.799999999999997  1955
16  58.799999999999997  1746
17  56.0  1647
18  62.5  1592
19  60.399999999999999  1836
20  62.399999999999999  1412
0  40.299999999999997  2573
1  42.799999999999997  2771
2  41.399999999999999  2861
3  49.600000000000001  2109
4  43.100000000000001  2467
5  54.899999999999999  2275
6  59.299999999999997  2361
7  55.700000000000003  2018
8  62.799999999999997  2141
9  68.099999999999994  1847
10  50.100000000000001  2108
11  59.600000000000001  2132
12  63.0  1883
13  61.100000000000001  1832
14  56.299999999999997  2196
15  64.900000000000006  1826
16  58.299999999999997  2095
17  60.700000000000003  1852
18  64.400000000000006  1530
19  51.899999999999999  2073
20  65.0  1748
0  41.700000000000003  2584
1  43.700000000000003  2696
2  47.700000000000003  2598
3  48.799999999999997  2557
4  51.200000000000003  2100
5  46.799999999999997  2092
6  44.299999999999997  1964
7  64.0  2100
8  48.899999999999999  2168
9  50.200000000000003  1971
10  52.600000000000001  2125
11  53.200000000000003  2139
12  60.700000000000003  1823
13  57.100000000000001  2010
14  59.200000000000003  1678
15  63.399999999999999  1767
16  61.600000000000001  1925
17  51.100000000000001  1704
18  52.5  2062
19  60.299999999999997  1889
20  61.5  1819
0  32.899999999999999  2657
1  48.5  2489
2  42.100000000000001  2501
3  40.200000000000003  2471
4  39.600000000000001  2223
5  49.0  2259
6  56.0  2296
7  61.100000000000001  1769
8  49.5  2143
9  54.299999999999997  2513
10  50.5  1978
11  56.100000000000001  1716
12  57.100000000000001  2023
13  56.100000000000001  1877
14  54.100000000000001  1875
15  57.0  1801
16  60.100000000000001  1570
17  46.700000000000003  1834
18  73.200000000000003  1617
19  57.100000000000001  1615
20  53.700000000000003  1415
0  48.399999999999999  2673
1  44.100000000000001  2481
2  53.5  2665
3  52.399999999999999  2241
4  58.899999999999999  1990
5  43.600000000000001  2221
6  55.899999999999999  2247
7  52.600000000000001  2198
8  50.200000000000003  2236
9  51.600000000000001  1653
10  53.100000000000001  1911
11  53.5  1820
12  47.899999999999999  1875
13  59.399999999999999  2081
14  56.299999999999997  1827
15  43.5  1806
16  49.600000000000001  1986
17  66.700000000000003  1788
18  65.700000000000003  1661
19  56.5  1479
20  66.5  1525
0  45.700000000000003  2672
1  30.899999999999999  2343
2  36.899999999999999  3000
3  58.600000000000001  2485
4  45.0  2282
5  61.600000000000001  1895
6  40.399999999999999  2155
7  49.100000000000001  2101
8  52.100000000000001  2016
9  61.299999999999997  1802
10  53.5  2100
11  51.899999999999999  1879
12  55.5  1714
13  57.100000000000001  1995
14  46.5  1413
15  67.599999999999994  1596
16  65.5  1746
17  76.200000000000003  1695
18  62.100000000000001  1878
19  69.400000000000006  1663
20  70.299999999999997  1544
0  53.0  2763
1  42.0  2526
2  46.899999999999999  2137
3  47.399999999999999  2335
4  54.799999999999997  2179
5  49.899999999999999  2107
6  50.200000000000003  2043
7  52.299999999999997  1971
8  57.399999999999999  2120
9  60.799999999999997  2364
10  64.599999999999994  1996
11  55.5  1856
12  58.799999999999997  1869
13  59.0  1823
14  60.600000000000001  1663
15  59.600000000000001  1535
16  60.0  1808
17  61.899999999999999  1606
18  61.100000000000001  1695
19  57.799999999999997  1760
20  61.200000000000003  1486
0  39.0  2638
1  49.600000000000001  2727
2  36.600000000000001  2584
3  43.0  2468
4  53.5  2361
5  47.799999999999997  2155
6  49.899999999999999  2013
7  53.899999999999999  1743
8  60.399999999999999  1923
9  59.5  1775
10  53.600000000000001  2049
11  54.600000000000001  1848
12  59.600000000000001  1947
13  54.899999999999999  2039
14  64.099999999999994  1848
15  53.0  1970
16  67.599999999999994  1505
17  57.399999999999999  1880
18  60.399999999999999  1645
19  63.100000000000001  1305
20  56.200000000000003  1780
0  43.299999999999997  2554
1  51.700000000000003  2365
2  48.799999999999997  2700
3  38.700000000000003  2242
4  51.600000000000001  2363
5  56.200000000000003  2083
6  52.5  2073
7  41.299999999999997  2067
8  45.600000000000001  1826
9  61.100000000000001  2032
10  51.299999999999997  2287
11  53.700000000000003  1840
12  56.700000000000003  1740
13  63.600000000000001  1831
14  55.399999999999999  1460
15  57.0  1660
16  55.700000000000003  2088
17  48.5  1725
18  60.600000000000001  1651
19  69.5  1502
20  56.899999999999999  1499
0  39.700000000000003  2559
1  51.899999999999999  2883
2  45.600000000000001  2545
3  41.899999999999999  2315
4  42.5  1848
5  51.799999999999997  2284
6  48.100000000000001  2130
7  51.299999999999997  1992
8  56.399999999999999  2169
9  60.700000000000003  1999
10  58.5  1999
11  64.299999999999997  1837
12  61.399999999999999  1638
13  57.200000000000003  1927
14  63.200000000000003  1509
15  53.799999999999997  2149
16  59.700000000000003  1670
17  66.200000000000003  1882
18  69.0  1607
19  61.100000000000001  1860
20  58.600000000000001  1810
0  41.399999999999999  2886
1  48.0  2419
2  56.399999999999999  2524
3  47.0  2141
4  55.200000000000003  2365
5  51.700000000000003  2528
6  39.899999999999999  2689
7  55.0  2018
8  57.700000000000003  1876
9  61.700000000000003  1870
10  48.899999999999999  1800
11  52.799999999999997  1999
12  61.299999999999997  2081
13  71.700000000000003  1526
14  58.799999999999997  1639
15  57.100000000000001  1853
16  58.799999999999997  1726
17  64.5  1425
18  56.399999999999999  1875
19  60.5  1919
20  61.100000000000001  1912
0  52.399999999999999  2650
1  38.299999999999997  2969
2  42.399999999999999  1994
3  47.399999999999999  2668
4  49.899999999999999  2292
5  49.899999999999999  2551
6  48.600000000000001  2049
7  57.0  1846
8  50.799999999999997  1965
9  48.5  1776
10  59.600000000000001  1705
11  64.900000000000006  1837
12  60.5  1703
13  48.600000000000001  1825
14  51.600000000000001  2235
15  51.299999999999997  1931
16  57.299999999999997  2227
17  60.5  1786
18  66.599999999999994  1786
19  62.5  1779
20  59.700000000000003  1569
0  49.600000000000001  2574
1  43.0  2869
2  41.299999999999997  2198
3  54.600000000000001  2268
4  53.700000000000003  2568
5  43.899999999999999  2281
6  41.600000000000001  2273
7  46.700000000000003  2119
8  56.899999999999999  2202
9  59.799999999999997  1809
10  63.700000000000003  2048
11  54.100000000000001  1814
12  49.799999999999997  1835
13  58.899999999999999  2296
14  60.399999999999999  1749
15  67.900000000000006  1774
16  58.0  1657
17  57.799999999999997  1779
18  68.900000000000006  1641
19  62.200000000000003  1656
20  63.299999999999997  1414
0  41.700000000000003  2626
1  47.399999999999999  2384
2  56.200000000000003  2687
3  46.899999999999999  2055
4  42.0  2039
5  51.399999999999999  2095
6  51.799999999999997  2216
7  59.100000000000001  2198
8  52.899999999999999  1854
9  59.299999999999997  2036
10  50.399999999999999  1933
11  58.899999999999999  2108
12  58.399999999999999  1764
13  58.0  1813
14  61.700000000000003  1711
15  51.799999999999997  2230
16  67.799999999999997  1969
17  62.899999999999999  1448
18  60.799999999999997  1498
19  62.200000000000003  1790
20  63.399999999999999  1676
0  41.600000000000001  2691
1  40.799999999999997  2874
2  50.799999999999997  2639
3  49.200000000000003  2358
4  49.399999999999999  2480
5  49.399999999999999  2299
6  56.600000000000001  2241
7  49.299999999999997  2603
8  53.200000000000003  2092
9  46.200000000000003  1833
10  47.299999999999997  1793
11  56.200000000000003  2192
12  54.0  1761
13  53.299999999999997  2003
14  55.299999999999997  1601
15  48.5  2118
16  64.400000000000006  1267
17  57.600000000000001  1710
18  61.200000000000003  1626
19  69.900000000000006  1678
20  60.100000000000001  1464
0  45.0  2734
1  45.0  2482
2  51.600000000000001  2747
3  37.899999999999999  2528
4  51.399999999999999  2619
5  52.0  2198
6  44.0  1922
7  55.299999999999997  1913
8  54.100000000000001  2117
9  55.5  2082
10  52.799999999999997  2537
11  44.200000000000003  2119
12  51.799999999999997  1904
13  63.299999999999997  1786
14  64.5  2074
15  54.899999999999999  1997
16  63.5  1607
17  61.200000000000003  1845
18  64.200000000000003  1595
19  56.899999999999999  1473
20  59.299999999999997  1823
0  44.399999999999999  2609
1  33.5  2330
2  52.399999999999999  2427
3  45.600000000000001  2636
4  52.5  2454
5  48.5  2222
6  59.799999999999997  2427
7  46.5  1987
8  52.5  2398
9  51.0  2125
10  44.399999999999999  2157
11  50.200000000000003  2360
12  49.0  1810
13  58.399999999999999  1987
14  61.200000000000003  1727
15  57.399999999999999  1316
16  59.600000000000001  1389
17  67.799999999999997  1451
18  65.599999999999994  1678
19  63.700000000000003  1374
20  62.100000000000001  1577
0  42.600000000000001  2480
1  44.399999999999999  2614
2  36.5  2502
3  57.799999999999997  2132
4  55.5  2252
5  51.799999999999997  2414
6  53.299999999999997  2204
7  57.0  2163
8  63.100000000000001  1832
9  54.399999999999999  2055
10  58.200000000000003  1818
11  65.299999999999997  2132
12  69.0  1908
13  60.299999999999997  1871
14  64.099999999999994  1924
15  48.600000000000001  1915
16  61.399999999999999  2028
17  63.600000000000001  1571
18  53.899999999999999  2061
19  53.899999999999999  1880
20  59.100000000000001  1863
0  49.700000000000003  2548
1  39.100000000000001  2443
2  44.0  2374
3  42.799999999999997  2119
4  47.100000000000001  2433
5  50.899999999999999  2490
6  53.799999999999997  2178
7  61.899999999999999  2222
8  53.100000000000001  1987
9  61.700000000000003  2088
10  59.0  1920
11  53.100000000000001  2009
12  51.5  2300
13  55.899999999999999  1882
14  57.700000000000003  1797
15  48.799999999999997  1628
16  54.899999999999999  1724
17  62.799999999999997  1715
18  65.299999999999997  1208
19  65.200000000000003  1283
20  70.599999999999994  1532
0  45.899999999999999  2754
1  36.200000000000003  2507
2  36.600000000000001  2471
3  45.299999999999997  2307
4  42.899999999999999  2075
5  47.0  2298
6  46.399999999999999  2282
7  51.0  1970
8  58.0  1987
9  50.200000000000003  2192
10  59.299999999999997  2164
11  46.700000000000003  1749
12  58.5  1939
13  61.100000000000001  2035
14  56.5  1808
15  59.600000000000001  1536
16  57.700000000000003  1605
17  60.700000000000003  1887
18  57.799999999999997  1651
19  70.5  1665
20  65.0  1598
0  46.799999999999997  2882
1  50.5  2332
2  43.600000000000001  2400
3  47.399999999999999  2527
4  46.899999999999999  2539
5  55.100000000000001  1957
6  42.600000000000001  2362
7  56.700000000000003  2593
8  42.600000000000001  2085
9  55.5  1819
10  51.799999999999997  1852
11  51.5  1990
12  56.899999999999999  1850
13  54.100000000000001  2127
14  64.400000000000006  1802
15  55.600000000000001  1751
16  57.0  1847
17  59.100000000000001  1687
18  65.400000000000006  1494
19  65.299999999999997  1431
20  59.799999999999997  1376
0  46.899999999999999  2335
1  44.299999999999997  2265
2  53.5  2091
3  45.200000000000003  2320
4  46.200000000000003  2196
5  47.600000000000001  2301
6  51.5  2365
7  55.399999999999999  2164
8  57.899999999999999  2144
9  55.100000000000001  2193
10  59.299999999999997  1875
11  48.5  2378
12  50.200000000000003  2382
13  44.0  2057
14  60.600000000000001  1888
15  66.799999999999997  1696
16  64.5  1555
17  57.799999999999997  1766
18  66.099999999999994  1563
19  61.600000000000001  1603
20  60.700000000000003  1626
0  38.399999999999999  2860
1  53.799999999999997  2702
2  34.600000000000001  2282
3  51.399999999999999  2297
4  47.0  2461
5  48.700000000000003  2314
6  50.899999999999999  2379
7  51.299999999999997  1774
8  56.700000000000003  2062
9  59.0  2035
10  57.399999999999999  1867
11  62.100000000000001  1831
12  56.799999999999997  1739
13  64.799999999999997  1777
14  59.299999999999997  1563
15  61.399999999999999  1743
16  53.100000000000001  1759
17  56.200000000000003  1948
18  64.400000000000006  1533
19  54.299999999999997  1230
20  61.399999999999999  1842
0  36.700000000000003  2621
1  51.100000000000001  2551
2  41.899999999999999  2636
3  50.700000000000003  2457
4  51.5  1890
5  47.399999999999999  2212
6  50.100000000000001  2406
7  50.200000000000003  2392
8  56.200000000000003  2154
9  54.700000000000003  1939
10  50.0  2014
11  54.899999999999999  2154
12  66.0  2061
13  62.200000000000003  1870
14  64.599999999999994  1670
15  66.799999999999997  1838
16  47.5  1974
17  57.799999999999997  1789
18  59.799999999999997  1833
19  68.599999999999994  1516
20  66.099999999999994  1448
0  39.799999999999997  2728
1  42.100000000000001  2396
2  42.100000000000001  2199
3  55.100000000000001  2555
4  50.600000000000001  2209
5  47.600000000000001  2325
6  51.399999999999999  2444
7  52.299999999999997  1817
8  47.299999999999997  1889
9  45.899999999999999  1948
10  50.5  1784
11  53.100000000000001  1814
12  45.399999999999999  1958
13  58.899999999999999  2197
14  66.599999999999994  1413
15  59.0  1716
16  69.900000000000006  1582
17  60.0  1887
18  57.100000000000001  1686
19  57.299999999999997  1634
20  57.5  1653
0  43.5  2864
1  41.899999999999999  2648
2  46.0  2562
3  36.600000000000001  2396
4  41.5  2375
5  49.899999999999999  2266
6  56.200000000000003  2244
7  52.200000000000003  1926
8  60.899999999999999  2175
9  51.399999999999999  1903
10  43.5  2374
11  60.200000000000003  1861
12  59.399999999999999  1613
13  56.899999999999999  1866
14  47.5  2257
15  64.400000000000006  1820
16  57.399999999999999  1687
17  66.700000000000003  1626
18  64.599999999999994  1883
19  49.5  1760
20  64.400000000000006  1441
0  39.0  2652
1  38.299999999999997  2792
2  50.600000000000001  2660
3  54.399999999999999  2287
4  50.799999999999997  2451
5  48.799999999999997  2699
6  53.100000000000001  1936
7  50.600000000000001  1913
8  65.599999999999994  2199
9  50.399999999999999  2315
10  44.600000000000001  2175
11  52.100000000000001  1923
12  66.5  1657
13  57.600000000000001  1492
14  51.399999999999999  1775
15  57.5  1577
16  68.900000000000006  1561
17  48.899999999999999  1778
18  64.400000000000006  1662
19  61.399999999999999  1319
20  55.299999999999997  1690
0  39.899999999999999  2499
1  59.399999999999999  2527
2  47.399999999999999  2431
3  47.5  2426
4  50.700000000000003  2499
5  56.0  2335
6  60.600000000000001  2176
7  54.5  1848
8  55.5  2023
9  53.100000000000001  2223
10  57.0  1825
11  53.200000000000003  2031
12  57.0  1788
13  64.700000000000003  1877
14  63.600000000000001  1675
15  63.100000000000001  1895
16  68.400000000000006  1957
17  51.5  2136
18  54.700000000000003  1748
19  77.200000000000003  1448
20  59.5  1789
0  36.200000000000003  2378
1  51.100000000000001  2631
2  48.700000000000003  2529
3  51.0  2327
4  52.5  2287
5  52.200000000000003  2044
6  54.799999999999997  1841
7  47.799999999999997  2384
8  59.600000000000001  2044
9  51.100000000000001  2124
10  52.600000000000001  1967
11  78.900000000000006  1107
12  53.5  2002
13  63.0  1578
14  63.100000000000001  1612
15  59.399999999999999  1721
16  56.0  1744
17  64.299999999999997  1802
18  53.299999999999997  1932
19  50.600000000000001  1561
20  66.700000000000003  1397
0  45.200000000000003  2575
1  34.299999999999997  2575
2  42.0  2481
3  50.0  2340
4  42.600000000000001  2528
5  40.899999999999999  2382
6  52.600000000000001  2263
7  51.399999999999999  2350
8  58.399999999999999  2088
9  59.899999999999999  2079
10  59.0  1782
11  42.799999999999997  1585
12  49.899999999999999  2357
13  44.899999999999999  2403
14  57.700000000000003  1716
15  64.599999999999994  1884
16  63.799999999999997  1523
17  55.899999999999999  1663
18  54.0  1710
19  52.100000000000001  1517
20  59.200000000000003  1476
0  48.700000000000003  2647
1  49.399999999999999  2585
2  47.0  2792
3  39.200000000000003  2466
4  50.299999999999997  2390
5  36.600000000000001  2501
6  48.399999999999999  2116
7  52.899999999999999  2056
8  56.5  2212
9  57.299999999999997  2077
10  54.5  2104
11  63.200000000000003  1609
12  61.0  1694
13  57.799999999999997  2103
14  62.700000000000003  1621
15  63.5  1874
16  62.600000000000001  1653
17  64.200000000000003  1717
18  58.799999999999997  1440
19  61.200000000000003  1574
20  63.600000000000001  1498
0  38.299999999999997  2778
1  48.0  2193
2  44.600000000000001  2892
3  44.399999999999999  2449
4  52.399999999999999  2422
5  42.600000000000001  2113
6  58.100000000000001  2069
7  51.0  2205
8  50.600000000000001  1975
9  56.299999999999997  2251
10  63.100000000000001  1867
11  60.799999999999997  1713
12  42.899999999999999  1709
13  60.399999999999999  2140
14  49.200000000000003  1617
15  63.600000000000001  1730
16  56.299999999999997  1936
17  64.099999999999994  1814
18  52.299999999999997  2034
19  61.5  1549
20  72.400000000000006  1391
0  42.200000000000003  2545
1  46.600000000000001  2392
2  46.700000000000003  2724
3  45.799999999999997  2328
4  40.299999999999997  2205
5  51.5  2218
6  59.200000000000003  2042
7  49.799999999999997  2163
8  52.5  1891
9  60.5  2105
10  56.200000000000003  2415
11  56.799999999999997  2285
12  57.0  1709
13  55.899999999999999  1796
14  56.5  1660
15  52.200000000000003  1466
16  69.5  1728
17  65.200000000000003  1658
18  67.299999999999997  1673
19  60.600000000000001  1608
20  61.100000000000001  1471
0  32.0  2434
1  53.799999999999997  2541
2  48.100000000000001  2193
3  42.700000000000003  2620
4  48.299999999999997  2467
5  47.5  2054
6  55.299999999999997  2242
7  57.5  2133
8  52.399999999999999  2114
9  41.5  2187
10  60.5  2250
11  60.5  1924
12  58.700000000000003  1803
13  56.700000000000003  2066
14  51.0  1658
15  59.5  1847
16  49.600000000000001  2018
17  59.799999999999997  1781
18  57.799999999999997  1869
19  66.599999999999994  1593
20  58.700000000000003  1373
0  44.0  2400
1  35.200000000000003  2649
2  51.399999999999999  2606
3  38.100000000000001  2312
4  53.600000000000001  2556
5  49.0  2289
6  55.399999999999999  2249
7  47.200000000000003  2293
8  56.899999999999999  2067
9  44.399999999999999  2116
10  47.200000000000003  2133
11  60.299999999999997  2197
12  51.399999999999999  1696
13  59.399999999999999  1353
14  55.5  1811
15  56.299999999999997  1766
16  56.0  2097
17  63.899999999999999  1619
18  66.400000000000006  1644
19  67.200000000000003  1617
20  72.200000000000003  1279
0  37.299999999999997  2655
1  39.5  2452
2  52.799999999999997  2172
3  52.100000000000001  2056
4  48.200000000000003  2404
5  53.200000000000003  2407
6  50.799999999999997  2185
7  65.900000000000006  2175
8  50.899999999999999  2258
9  52.100000000000001  2304
10  54.0  2156
11  58.299999999999997  2046
12  61.799999999999997  2053
13  67.900000000000006  1504
14  63.299999999999997  1598
15  50.600000000000001  1707
16  65.599999999999994  1516
17  61.399999999999999  1597
18  57.700000000000003  1694
19  63.700000000000003  1716
20  65.400000000000006  1506
0  40.200000000000003  2951
1  57.799999999999997  2710
2  48.299999999999997  2689
3  45.5  2606
4  57.299999999999997  2208
5  48.799999999999997  2370
6  53.899999999999999  2346
7  61.200000000000003  2101
8  52.899999999999999  1927
9  44.5  2292
10  57.600000000000001  2055
11  50.200000000000003  1894
12  58.100000000000001  1883
13  59.399999999999999  1802
14  62.200000000000003  1869
15  60.899999999999999  1694
16  66.0  1562
17  58.0  1900
18  55.899999999999999  1767
19  63.600000000000001  1537
20  67.900000000000006  1374
0  39.200000000000003  2756
1  40.399999999999999  2545
2  52.200000000000003  2526
3  48.399999999999999  2551
4  51.600000000000001  2444
5  35.299999999999997  2354
6  51.700000000000003  2406
7  46.299999999999997  2150
8  48.100000000000001  2253
9  58.399999999999999  1868
10  51.899999999999999  2129
11  62.700000000000003  2073
12  59.700000000000003  1688
13  62.299999999999997  1829
14  54.399999999999999  1448
15  58.899999999999999  1784
16  68.900000000000006  1286
17  66.700000000000003  1861
18  63.799999999999997  1773
19  62.0  1463
20  65.200000000000003  1600
0  43.899999999999999  2839
1  43.399999999999999  2450
2  41.700000000000003  2470
3  56.700000000000003  2181
4  43.100000000000001  2211
5  52.200000000000003  2103
6  48.299999999999997  2142
7  58.799999999999997  2313
8  52.299999999999997  2280
9  54.299999999999997  1987
10  58.600000000000001  2017
11  46.600000000000001  1538
12  58.0  1663
13  55.600000000000001  1644
14  60.0  1911
15  53.700000000000003  1561
16  56.700000000000003  2036
17  55.399999999999999  2019
18  62.799999999999997  1859
19  62.899999999999999  1538
20  62.600000000000001  1475
0  47.5  2454
1  39.399999999999999  2686
2  36.399999999999999  2424
3  46.0  2359
4  56.899999999999999  2680
5  40.899999999999999  2204
6  53.600000000000001  2122
7  61.700000000000003  1963
8  49.200000000000003  2038
9  57.600000000000001  2006
10  43.100000000000001  2090
11  56.100000000000001  2119
12  53.899999999999999  1771
13  61.600000000000001  1657
14  67.299999999999997  1647
15  64.900000000000006  1595
16  51.700000000000003  1987
17  49.799999999999997  1814
18  52.799999999999997  1863
19  63.200000000000003  1728
20  61.700000000000003  1750
0  46.100000000000001  2573
1  40.799999999999997  2418
2  54.600000000000001  2532
3  51.600000000000001  2496
4  49.0  2617
5  51.0  2443
6  51.899999999999999  2472
7  57.399999999999999  2051
8  50.399999999999999  2048
9  43.399999999999999  2333
10  57.399999999999999  1837
11  53.200000000000003  2166
12  60.600000000000001  1578
13  64.599999999999994  1748
14  57.700000000000003  1360
15  52.899999999999999  1866
16  50.600000000000001  1902
17  59.799999999999997  1722
18  66.599999999999994  1733
19  66.299999999999997  1540
20  62.799999999999997  1810
0  53.5  2654
1  43.100000000000001  2716
2  55.600000000000001  2591
3  42.799999999999997  2371
4  46.100000000000001  2557
5  44.399999999999999  2418
6  45.200000000000003  2326
7  51.700000000000003  2048
8  51.299999999999997  2057
9  55.799999999999997  1986
10  46.299999999999997  2179
11  53.200000000000003  1970
12  53.200000000000003  1650
13  64.400000000000006  1895
14  61.200000000000003  1571
15  51.100000000000001  2053
16  70.299999999999997  1718
17  64.799999999999997  1862
18  70.700000000000003  1913
19  59.0  1525
20  56.899999999999999  1776
0  43.200000000000003  2279
1  45.0  2550
2  41.200000000000003  2354
3  41.5  2574
4  49.0  2628
5  49.899999999999999  2101
6  43.5  2634
7  60.0  2181
8  54.5  1772
9  55.299999999999997  2055
10  43.0  2140
11  57.700000000000003  1948
12  54.899999999999999  2106
13  59.0  1752
14  62.5  1764
15  60.0  1913
16  61.899999999999999  1831
17  57.0  1668
18  59.0  1777
19  59.299999999999997  1775
20  61.299999999999997  1710
0  47.100000000000001  2435
1  38.700000000000003  2650
2  48.700000000000003  2495
3  47.399999999999999  2057
4  49.799999999999997  2408
5  40.600000000000001  2627
6  47.200000000000003  2223
7  51.200000000000003  2115
8  57.899999999999999  2157
9  50.600000000000001  2029
10  50.799999999999997  2195
11  63.700000000000003  2006
12  48.5  2099
13  51.700000000000003  1750
14  56.799999999999997  1713
15  62.5  1656
16  59.5  1558
17  58.5  1501
18  54.799999999999997  1931
19  61.899999999999999  1730
20  65.299999999999997  1687
0  46.299999999999997  2424
1  25.0  2644
2  47.299999999999997  2558
3  45.299999999999997  2251
4  51.799999999999997  2237
5  49.600000000000001  2446
6  50.799999999999997  2112
7  40.0  2339
8  50.600000000000001  2141
9  44.700000000000003  2054
10  55.200000000000003  1917
11  51.5  1598
12  60.100000000000001  1951
13  60.600000000000001  1683
14  59.600000000000001  1965
15  71.400000000000006  1681
16  69.299999999999997  2046
17  64.700000000000003  1676
18  60.700000000000003  1818
19  58.5  1508
20  63.799999999999997  1682
0  50.299999999999997  2733
1  42.100000000000001  2443
2  45.799999999999997  2412
3  43.200000000000003  2573
4  47.100000000000001  2148
5  47.200000000000003  2070
6  35.200000000000003  1926
7  53.700000000000003  2354
8  39.399999999999999  2137
9  60.5  2004
10  54.100000000000001  2103
11  60.200000000000003  1739
12  66.0  1675
13  68.200000000000003  1971
14  65.599999999999994  1720
15  62.700000000000003  1819
16  53.899999999999999  1839
17  55.700000000000003  1568
18  60.200000000000003  1947
19  63.200000000000003  1670
20  63.600000000000001  1932
0  30.5  2678
1  45.799999999999997  2401
2  53.700000000000003  2270
3  55.200000000000003  2227
4  45.299999999999997  2545
5  32.399999999999999  2079
6  57.299999999999997  1907
7  57.200000000000003  2021
8  43.399999999999999  2152
9  61.799999999999997  1825
10  64.400000000000006  2259
11  57.399999999999999  2157
12  59.799999999999997  2011
13  59.299999999999997  1899
14  52.0  1931
15  59.0  1842
16  59.399999999999999  1768
17  63.100000000000001  1627
18  65.0  1381
19  66.900000000000006  1292
20  58.600000000000001  1484
0  45.899999999999999  2339
1  50.200000000000003  2668
2  41.700000000000003  2402
3  33.799999999999997  2418
4  34.799999999999997  2221
5  48.200000000000003  2495
6  48.600000000000001  2209
7  46.700000000000003  2017
8  54.200000000000003  1876
9  55.0  1689
10  51.299999999999997  2266
11  54.899999999999999  1817
12  54.299999999999997  1961
13  57.299999999999997  2001
14  59.299999999999997  1847
15  53.700000000000003  1807
16  65.599999999999994  1468
17  59.600000000000001  1709
18  67.299999999999997  1593
19  60.299999999999997  1552
20  62.399999999999999  1506
0  50.5  2709
1  52.899999999999999  2677
2  55.700000000000003  2267
3  51.5  2627
4  54.600000000000001  2346
5  49.899999999999999  2634
6  49.899999999999999  2186
7  54.899999999999999  2315
8  44.899999999999999  1919
9  52.299999999999997  2159
10  52.5  2217
11  53.5  1808
12  62.899999999999999  1921
13  60.899999999999999  2018
14  55.200000000000003  1919
15  63.299999999999997  1708
16  58.5  1885
17  63.5  1883
18  59.899999999999999  1552
19  61.200000000000003  1547
20  58.700000000000003  1776
0  44.700000000000003  2569
1  49.799999999999997  2597
2  47.399999999999999  2393
3  46.0  2675
4  48.200000000000003  2427
5  50.600000000000001  2459
6  54.700000000000003  2009
7  61.399999999999999  2232
8  43.700000000000003  2208
9  48.799999999999997  2148
10  53.399999999999999  2052
11  57.399999999999999  2220
12  59.700000000000003  1653
13  60.399999999999999  1492
14  56.5  1697
15  59.799999999999997  1586
16  69.099999999999994  1635
17  66.700000000000003  1681
18  66.400000000000006  1096
19  60.0  1951
20  56.700000000000003  1768
0  39.299999999999997  2817
1  50.299999999999997  2777
2  49.399999999999999  2483
3  43.899999999999999  2302
4  49.5  2233
5  54.700000000000003  2301
6  57.5  2177
7  61.200000000000003  2049
8  57.399999999999999  1814
9  52.600000000000001  2226
10  46.399999999999999  2109
11  55.200000000000003  2057
12  54.700000000000003  1981
13  67.400000000000006  1974
14  59.899999999999999  1892
15  59.0  1781
16  58.899999999999999  1796
17  55.5  1632
18  63.100000000000001  1631
19  62.600000000000001  1443
20  67.0  1864
0  45.299999999999997  2429
1  48.0  2518
2  52.200000000000003  2532
3  53.399999999999999  2103
4  37.700000000000003  2213
5  52.200000000000003  2137
6  50.299999999999997  1784
7  61.200000000000003  2265
8  44.899999999999999  2223
9  48.899999999999999  2259
10  65.599999999999994  1710
11  61.5  2094
12  56.299999999999997  1779
13  65.200000000000003  1606
14  54.399999999999999  1954
15  62.399999999999999  1712
16  58.899999999999999  1332
17  62.200000000000003  1702
18  53.700000000000003  1736
19  55.0  1805
20  63.5  1772
0  48.700000000000003  2882
1  50.299999999999997  2665
2  47.5  2566
3  49.399999999999999  2491
4  48.799999999999997  2280
5  48.299999999999997  2471
6  45.899999999999999  2369
7  47.700000000000003  2154
8  51.399999999999999  2111
9  60.799999999999997  1946
10  56.5  2025
11  54.299999999999997  2024
12  61.200000000000003  2105
13  54.0  1836
14  65.299999999999997  1902
15  64.099999999999994  1583
16  62.100000000000001  1802
17  71.799999999999997  1486
18  65.900000000000006  1570
19  71.200000000000003  1471
20  59.5  1569
0  49.0  2592
1  51.700000000000003  2280
2  37.200000000000003  2817
3  51.399999999999999  2741
4  47.5  2328
5  52.700000000000003  2395
6  51.0  2176
7  47.5  2417
8  65.099999999999994  2053
9  62.899999999999999  1751
10  59.5  1632
11  63.600000000000001  2023
12  46.399999999999999  2164
13  55.100000000000001  2045
14  59.200000000000003  1626
15  55.600000000000001  1849
16  55.600000000000001  1611
17  54.200000000000003  1668
18  72.599999999999994  1501
19  62.299999999999997  1329
20  65.5  1384
0  42.0  2754
1  49.600000000000001  2555
2  46.0  2458
3  45.700000000000003  2201
4  45.899999999999999  2098
5  46.200000000000003  2290
6  52.299999999999997  1896
7  52.899999999999999  1965
8  46.0  2046
9  53.799999999999997  2223
10  58.600000000000001  1859
11  49.0  1947
12  57.600000000000001  1938
13  69.0  1688
14  71.700000000000003  1539
15  44.0  1997
16  56.0  1639
17  53.700000000000003  1679
18  68.900000000000006  1480
19  60.799999999999997  1646
20  54.200000000000003  1444
0  50.899999999999999  2610
1  47.299999999999997  2594
2  42.899999999999999  2662
3  49.5  2507
4  48.799999999999997  2180
5  44.799999999999997  2270
6  57.600000000000001  1941
7  58.100000000000001  2059
8  57.600000000000001  2057
9  60.0  2019
10  44.399999999999999  2005
11  45.899999999999999  2247
12  47.899999999999999  2251
13  59.700000000000003  1771
14  51.0  1962
15  59.700000000000003  1706
16  61.899999999999999  1721
17  63.100000000000001  1641
18  62.799999999999997  1908
19  63.0  1997
20  61.399999999999999  1785
0  47.799999999999997  2549
1  41.399999999999999  2305
2  39.399999999999999  2325
3  50.5  2255
4  49.700000000000003  2443
5  45.799999999999997  2209
6  46.100000000000001  1931
7  40.899999999999999  1769
8  47.700000000000003  2150
9  43.899999999999999  1925
10  56.700000000000003  2112
11  45.899999999999999  1864
12  51.600000000000001  1522
13  58.600000000000001  2113
14  69.700000000000003  1582
15  71.400000000000006  1618
16  57.5  1729
17  62.200000000000003  1686
18  56.700000000000003  1826
19  65.0  1624
20  59.5  1547
0  35.600000000000001  2354
1  38.0  2504
2  38.0  2732
3  46.600000000000001  2090
4  55.700000000000003  2375
5  54.5  2233
6  55.5  2273
7  57.700000000000003  2196
8  54.899999999999999  2045
9  59.0  2128
10  60.100000000000001  2126
11  65.299999999999997  1878
12  60.0  2096
13  62.799999999999997  1929
14  50.700000000000003  1893
15  63.399999999999999  1548
16  59.0  1755
17  68.900000000000006  1597
18  66.400000000000006  2086
19  59.799999999999997  1762
20  63.899999999999999  1294
0  50.0  2901
1  35.799999999999997  2343
2  48.600000000000001  2610
3  48.0  2149
4  49.0  2260
5  51.700000000000003  2393
6  49.0  2229
7  56.0  1975
8  50.600000000000001  2015
9  54.200000000000003  1849
10  44.5  1978
11  48.200000000000003  2100
12  49.899999999999999  1792
13  59.399999999999999  1731
14  59.100000000000001  1756
15  60.5  1726
16  61.299999999999997  1833
17  59.600000000000001  2028
18  62.200000000000003  1802
19  68.900000000000006  1681
20  59.399999999999999  1650
0  37.5  2640
1  31.199999999999999  2412
2  43.100000000000001  2574
3  49.0  2812
4  50.0  2321
5  53.399999999999999  2377
6  52.299999999999997  2254
7  52.299999999999997  2198
8  59.600000000000001  1709
9  49.700000000000003  2201
10  62.600000000000001  1821
11  52.100000000000001  2099
12  60.0  2237
13  54.799999999999997  2122
14  70.900000000000006  1628
15  64.099999999999994  1842
16  59.200000000000003  1938
17  60.700000000000003  1657
18  54.299999999999997  1774
19  64.099999999999994  1705
20  61.100000000000001  1634
