1  82.0  238.0
1  84.0  154.0
1  84.0  64.0
1  17.0  167.0
1  91.0  133.0
1  58.0  384.0
1  97.0  74.0
1  98.0  32.0
1  100.0  169.0
1  60.0  310.0
1  83.0  200.0
1  36.0  451.0
1  66.0  142.0
1  51.0  356.0
1  100.0  35.0
1  79.0  206.0
1  44.0  185.0
1  55.0  395.0
1  64.0  252.0
1  54.0  396.0
1  99.0  58.0
1  85.0  308.0
1  83.0  205.0
1  100.0  108.0
1  85.0  249.0
1  94.0  67.0
1  86.0  99.0
1  91.0  87.0
1  74.0  260.0
1  96.0  152.0
1  69.0  294.0
1  48.0  396.0
1  69.0  280.0
1  61.0  372.0
1  98.0  97.0
1  76.0  306.0
1  94.0  104.0
1  80.0  192.0
1  34.0  179.0
1  75.0  236.0
1  100.0  100.0
1  96.0  63.0
1  81.0  188.0
1  75.0  260.0
1  37.0  256.0
1  86.0  134.0
1  100.0  29.0
1  100.0  111.0
1  84.0  110.0
1  58.0  233.0
1  90.0  232.0
1  67.0  242.0
1  65.0  280.0
1  90.0  130.0
1  16.0  540.0
1  100.0  16.0
1  87.0  170.0
1  53.0  231.0
1  39.0  464.0
1  97.0  58.0
1  57.0  316.0
1  67.0  273.0
1  11.0  251.0
1  7.0  333.0
1  53.0  298.0
1  85.0  107.0
1  79.0  287.0
1  89.0  151.0
1  86.0  34.0
1  69.0  203.0
1  42.0  185.0
1  54.0  371.0
1  94.0  39.0
1  96.0  108.0
1  100.0  0.0
1  66.0  190.0
1  91.0  207.0
1  30.0  191.0
1  71.0  132.0
1  49.0  215.0
1  94.0  83.0
1  92.0  64.0
1  41.0  173.0
1  22.0  199.0
1  81.0  233.0
1  80.0  205.0
1  90.0  142.0
1  18.0  629.0
1  100.0  37.0
1  66.0  370.0
1  69.0  191.0
1  59.0  439.0
1  83.0  134.0
1  95.0  43.0
1  76.0  169.0
1  89.0  114.0
1  58.0  215.0
1  16.0  243.0
1  93.0  85.0
1  37.0  265.0
2  77.0  180.0
2  82.0  160.0
2  60.0  208.0
2  76.0  161.0
2  49.0  172.0
2  87.0  138.0
2  46.0  174.0
2  18.0  168.0
2  97.0  64.0
2  82.0  185.0
2  74.0  156.0
2  32.0  489.0
2  61.0  304.0
2  49.0  334.0
2  100.0  0.0
2  65.0  457.0
2  69.0  242.0
2  53.0  472.0
2  68.0  310.0
2  71.0  400.0
2  72.0  335.0
2  90.0  69.0
2  100.0  200.0
2  72.0  217.0
2  82.0  264.0
2  0.0  300.0
2  68.0  308.0
2  80.0  128.0
2  36.0  290.0
2  68.0  301.0
2  98.0  46.0
2  100.0  22.0
2  76.0  236.0
2  60.0  356.0
2  53.0  320.0
2  68.0  251.0
2  95.0  42.0
2  76.0  162.0
2  92.0  115.0
2  90.0  79.0
2  63.0  308.0
2  86.0  64.0
2  82.0  266.0
2  24.0  242.0
2  93.0  98.0
2  92.0  134.0
2  61.0  234.0
2  100.0  14.0
2  91.0  61.0
2  43.0  221.0
2  100.0  11.0
2  80.0  134.0
2  80.0  181.0
2  38.0  209.0
2  47.0  179.0
2  86.0  74.0
2  70.0  251.0
2  91.0  180.0
2  68.0  274.0
2  46.0  136.0
2  93.0  143.0
2  76.0  169.0
2  0.0  19.0
2  74.0  127.0
2  30.0  150.0
2  77.0  346.0
2  36.0  243.0
2  51.0  370.0
2  43.0  622.0
2  91.0  103.0
2  31.0  499.0
2  52.0  276.0
2  96.0  170.0
2  89.0  151.0
2  62.0  324.0
2  56.0  297.0
2  68.0  130.0
2  29.0  540.0
2  83.0  12.0
2  47.0  296.0
2  89.0  163.0
2  34.0  429.0
2  100.0  103.0
2  14.0  390.0
2  68.0  282.0
2  94.0  92.0
2  94.0  118.0
2  51.0  423.0
2  95.0  181.0
2  100.0  1.0
2  0.0  98.0
2  83.0  173.0
2  85.0  22.0
2  45.0  261.0
2  91.0  75.0
2  26.0  387.0
2  97.0  57.0
2  38.0  188.0
2  57.0  351.0
2  43.0  277.0
3  19.0  201.0
3  100.0  100.0
3  100.0  14.0
3  6.0  241.0
3  80.0  257.0
3  75.0  152.0
3  5.0  445.0
3  51.0  235.0
3  36.0  506.0
3  100.0  3.0
3  80.0  165.0
3  62.0  221.0
3  83.0  301.0
3  82.0  60.0
3  86.0  110.0
3  79.0  231.0
3  87.0  165.0
3  99.0  82.0
3  70.0  310.0
3  0.0  198.0
3  69.0  154.0
3  82.0  101.0
3  59.0  280.0
3  58.0  95.0
3  62.0  139.0
3  69.0  216.0
3  87.0  159.0
3  22.0  348.0
3  35.0  246.0
3  80.0  215.0
3  100.0  77.0
3  100.0  102.0
3  28.0  427.0
3  62.0  271.0
3  88.0  103.0
3  91.0  96.0
3  71.0  192.0
3  81.0  174.0
3  49.0  310.0
3  55.0  433.0
3  0.0  91.0
3  0.0  298.0
3  61.0  228.0
3  97.0  53.0
3  89.0  183.0
3  70.0  260.0
3  83.0  108.0
3  74.0  213.0
3  85.0  191.0
3  0.0  54.0
3  72.0  279.0
3  66.0  240.0
3  39.0  357.0
3  38.0  234.0
3  0.0  596.0
3  78.0  218.0
3  100.0  1.0
3  7.0  154.0
3  36.0  324.0
3  90.0  209.0
3  100.0  8.0
3  51.0  289.0
3  84.0  149.0
3  100.0  148.0
3  64.0  169.0
3  92.0  101.0
3  81.0  129.0
3  71.0  235.0
3  96.0  14.0
3  53.0  297.0
3  68.0  246.0
3  100.0  86.0
3  98.0  31.0
3  89.0  123.0
3  95.0  5.0
3  94.0  85.0
3  55.0  182.0
3  36.0  203.0
3  80.0  130.0
3  100.0  2.0
3  0.0  180.0
3  37.0  204.0
3  53.0  153.0
3  75.0  438.0
3  57.0  233.0
3  39.0  334.0
3  0.0  98.0
3  72.0  208.0
3  77.0  152.0
3  79.0  208.0
3  90.0  137.0
3  52.0  153.0
3  43.0  290.0
3  68.0  185.0
3  32.0  335.0
3  56.0  220.0
3  49.0  226.0
3  76.0  153.0
3  42.0  277.0
3  87.0  126.0
4  59.0  279.0
4  60.0  202.0
4  90.0  58.0
4  43.0  284.0
4  91.0  82.0
4  100.0  29.0
4  74.0  150.0
4  90.0  113.0
4  95.0  61.0
4  90.0  88.0
4  89.0  275.0
4  34.0  184.0
4  76.0  78.0
4  75.0  181.0
4  51.0  200.0
4  25.0  253.0
4  60.0  241.0
4  72.0  233.0
4  54.0  265.0
4  37.0  319.0
4  70.0  162.0
4  100.0  14.0
4  88.0  105.0
4  100.0  0.0
4  32.0  118.0
4  40.0  258.0
4  65.0  178.0
4  100.0  103.0
4  100.0  114.0
4  12.0  376.0
4  49.0  318.0
4  42.0  251.0
4  54.0  225.0
4  66.0  126.0
4  75.0  309.0
4  68.0  184.0
4  98.0  43.0
4  60.0  520.0
4  72.0  260.0
4  55.0  292.0
4  76.0  192.0
4  58.0  200.0
4  42.0  217.0
4  64.0  184.0
4  66.0  206.0
4  52.0  275.0
4  68.0  311.0
4  19.0  118.0
4  47.0  208.0
4  0.0  0.0
4  46.0  258.0
4  86.0  111.0
4  81.0  213.0
4  27.0  353.0
4  20.0  446.0
4  100.0  11.0
4  0.0  100.0
4  19.0  236.0
4  53.0  354.0
4  88.0  132.0
4  76.0  231.0
4  83.0  28.0
4  0.0  269.0
4  60.0  239.0
4  37.0  260.0
4  98.0  39.0
4  67.0  307.0
4  74.0  227.0
4  76.0  160.0
4  33.0  183.0
4  96.0  163.0
4  88.0  64.0
4  82.0  162.0
4  0.0  239.0
4  51.0  199.0
4  100.0  200.0
4  32.0  435.0
4  79.0  79.0
4  76.0  149.0
4  15.0  465.0
4  55.0  215.0
4  97.0  70.0
4  69.0  153.0
4  53.0  394.0
4  67.0  205.0
4  90.0  142.0
4  72.0  189.0
4  63.0  146.0
4  0.0  0.0
4  61.0  168.0
4  93.0  125.0
4  100.0  8.0
4  15.0  227.0
4  78.0  129.0
4  91.0  70.0
4  52.0  252.0
4  81.0  192.0
4  56.0  184.0
4  83.0  133.0
4  73.0  148.0
5  100.0  42.0
5  84.0  90.0
5  5.0  191.0
5  96.0  62.0
5  47.0  272.0
5  88.0  124.0
5  100.0  0.0
5  54.0  170.0
5  87.0  133.0
5  84.0  107.0
5  98.0  22.0
5  97.0  120.0
5  56.0  218.0
5  47.0  202.0
5  68.0  232.0
5  79.0  137.0
5  92.0  116.0
5  36.0  233.0
5  52.0  260.0
5  28.0  260.0
5  62.0  241.0
5  83.0  126.0
5  67.0  38.0
5  64.0  196.0
5  61.0  300.0
5  39.0  121.0
5  80.0  11.0
5  53.0  180.0
5  47.0  402.0
5  74.0  116.0
5  89.0  168.0
5  72.0  230.0
5  85.0  115.0
5  51.0  220.0
5  64.0  276.0
5  45.0  141.0
5  44.0  433.0
5  69.0  479.0
5  74.0  308.0
5  69.0  346.0
5  92.0  7.0
5  80.0  126.0
5  41.0  392.0
5  74.0  194.0
5  41.0  342.0
5  17.0  233.0
5  37.0  285.0
5  67.0  181.0
5  64.0  351.0
5  28.0  536.0
5  85.0  214.0
5  100.0  28.0
5  45.0  238.0
5  80.0  204.0
5  53.0  204.0
5  100.0  179.0
5  66.0  195.0
5  79.0  74.0
5  74.0  153.0
5  50.0  182.0
5  0.0  0.0
5  88.0  87.0
5  30.0  493.0
5  100.0  7.0
5  30.0  205.0
5  41.0  303.0
5  78.0  205.0
5  85.0  142.0
5  62.0  265.0
5  14.0  118.0
5  65.0  173.0
5  58.0  273.0
5  42.0  238.0
5  88.0  62.0
5  38.0  243.0
5  100.0  200.0
5  92.0  65.0
5  70.0  177.0
5  39.0  348.0
5  100.0  29.0
5  76.0  378.0
5  30.0  339.0
5  100.0  0.0
5  78.0  201.0
5  35.0  438.0
5  64.0  278.0
5  43.0  353.0
5  52.0  224.0
5  66.0  414.0
5  71.0  153.0
5  22.0  290.0
5  56.0  199.0
5  42.0  461.0
5  95.0  20.0
5  87.0  138.0
5  35.0  205.0
5  51.0  242.0
5  96.0  72.0
5  55.0  150.0
5  66.0  249.0
