1  74.0  389
2  44.0  453
3  31.0  436
4  45.0  401
5  37.0  330
6  32.0  481
7  46.0  471
1  70.0  355
2  29.0  375
3  38.0  413
4  62.0  407
5  27.0  583
6  36.0  417
7  40.0  447
1  19.0  475
2  42.0  411
3  43.0  463
4  74.0  358
5  0.0  434
6  56.0  349
7  27.0  519
1  69.0  409
2  60.0  448
3  30.0  552
4  39.0  327
5  37.0  287
6  58.0  392
7  65.0  421
1  34.0  366
2  39.0  389
3  74.0  361
4  31.0  296
5  60.0  337
6  18.0  423
7  43.0  522
1  40.0  423
2  32.0  299
3  49.0  443
4  38.0  425
5  57.0  359
6  33.0  381
7  38.0  433
1  67.0  389
2  64.0  437
3  64.0  400
4  70.0  365
5  33.0  277
6  39.0  227
7  34.0  373
1  93.0  265
2  21.0  515
3  46.0  433
4  29.0  228
5  79.0  333
6  32.0  423
7  20.0  525
1  27.0  754
2  13.0  183
3  24.0  232
4  49.0  482
5  24.0  653
6  35.0  458
7  20.0  254
1  59.0  365
2  75.0  324
3  28.0  371
4  15.0  403
5  77.0  399
6  63.0  387
7  48.0  423
1  23.0  351
2  55.0  426
3  42.0  220
4  48.0  437
5  34.0  324
6  55.0  503
7  35.0  425
1  27.0  414
2  43.0  454
3  59.0  427
4  81.0  286
5  27.0  581
6  45.0  467
7  42.0  532
1  82.0  312
2  67.0  382
3  73.0  351
4  52.0  218
5  29.0  316
6  23.0  370
7  16.0  281
1  18.0  350
2  72.0  311
3  19.0  353
4  69.0  340
5  29.0  461
6  31.0  388
7  47.0  380
1  32.0  289
2  79.0  316
3  42.0  252
4  62.0  353
5  54.0  411
6  18.0  224
7  13.0  533
1  27.0  260
2  37.0  439
3  84.0  284
4  42.0  515
5  45.0  518
6  54.0  384
7  24.0  500
1  85.0  302
2  42.0  465
3  43.0  580
4  38.0  331
5  59.0  331
6  41.0  338
7  39.0  484
1  38.0  224
2  56.0  435
3  72.0  295
4  58.0  403
5  52.0  289
6  36.0  413
7  51.0  513
1  46.0  560
2  14.0  381
3  46.0  329
4  27.0  392
5  58.0  320
6  63.0  344
7  40.0  484
1  29.0  556
2  55.0  255
3  15.0  418
4  58.0  424
5  73.0  303
6  43.0  450
7  15.0  368
1  48.0  311
2  22.0  353
3  50.0  454
4  38.0  384
5  47.0  312
6  53.0  235
7  54.0  503
1  92.0  253
2  36.0  303
3  45.0  429
4  55.0  413
5  39.0  304
6  20.0  481
7  31.0  530
1  63.0  419
2  65.0  434
3  30.0  467
4  27.0  488
5  45.0  345
6  32.0  483
7  38.0  468
1  32.0  359
2  18.0  268
3  61.0  456
4  37.0  399
5  40.0  562
6  48.0  379
7  30.0  375
1  39.0  549
2  30.0  315
3  27.0  594
4  37.0  386
5  42.0  494
6  18.0  313
7  60.0  423
1  75.0  367
2  85.0  308
3  83.0  280
4  54.0  473
5  43.0  503
6  37.0  346
7  80.0  346
1  15.0  535
2  33.0  334
3  57.0  442
4  5.0  340
5  51.0  371
6  34.0  575
7  23.0  343
1  52.0  408
2  52.0  507
3  58.0  400
4  53.0  335
5  44.0  392
6  33.0  456
7  44.0  370
1  54.0  200
2  17.0  209
3  66.0  373
4  39.0  415
5  46.0  345
6  42.0  515
7  69.0  376
1  55.0  404
2  49.0  600
3  53.0  412
4  51.0  412
5  50.0  296
6  54.0  376
7  14.0  607
1  61.0  454
2  42.0  413
3  22.0  355
4  46.0  283
5  40.0  314
6  45.0  470
7  44.0  532
1  86.0  277
2  54.0  372
3  77.0  343
4  19.0  368
5  43.0  404
6  19.0  640
7  41.0  375
1  53.0  426
2  68.0  332
3  62.0  354
4  54.0  504
5  34.0  289
6  43.0  405
7  35.0  497
1  11.0  320
2  49.0  419
3  42.0  433
4  43.0  323
5  16.0  696
6  35.0  326
7  66.0  413
1  53.0  389
2  43.0  417
3  39.0  483
4  56.0  330
5  41.0  405
6  35.0  405
7  24.0  430
1  50.0  265
2  20.0  512
3  51.0  445
4  44.0  537
5  61.0  365
6  48.0  494
7  28.0  357
1  16.0  566
2  59.0  300
3  50.0  494
4  82.0  306
5  36.0  325
6  37.0  409
7  31.0  430
1  59.0  341
2  34.0  459
3  60.0  415
4  63.0  280
5  62.0  315
6  44.0  429
7  7.0  286
1  30.0  388
2  37.0  290
3  44.0  393
4  61.0  431
5  42.0  366
6  50.0  394
7  36.0  409
1  32.0  179
2  60.0  278
3  34.0  484
4  50.0  451
5  23.0  534
6  48.0  475
7  31.0  586
1  55.0  413
2  59.0  376
3  28.0  358
4  39.0  515
5  34.0  503
6  26.0  353
7  33.0  361
1  45.0  502
2  58.0  377
3  32.0  382
4  64.0  398
5  45.0  325
6  26.0  422
7  55.0  386
1  66.0  328
2  48.0  391
3  45.0  370
4  34.0  359
5  33.0  397
6  48.0  605
7  56.0  405
1  16.0  345
2  63.0  390
3  39.0  505
4  28.0  273
5  51.0  437
6  23.0  419
7  46.0  434
1  91.0  288
2  56.0  454
3  41.0  458
4  44.0  396
5  22.0  444
6  46.0  299
7  42.0  484
1  68.0  393
2  27.0  446
3  21.0  448
4  10.0  232
5  17.0  486
6  35.0  443
7  51.0  414
1  77.0  350
2  58.0  289
3  31.0  402
4  29.0  497
5  26.0  431
6  54.0  479
7  12.0  586
1  24.0  388
2  63.0  381
3  19.0  260
4  56.0  462
5  31.0  371
6  46.0  452
7  30.0  579
1  55.0  465
2  8.0  156
3  67.0  363
4  42.0  262
5  58.0  446
6  29.0  533
7  17.0  407
1  71.0  307
2  53.0  346
3  47.0  390
4  39.0  392
5  50.0  450
6  28.0  572
7  38.0  396
1  42.0  505
2  42.0  465
3  75.0  308
4  42.0  344
5  37.0  390
6  63.0  399
7  43.0  481
1  52.0  549
2  41.0  408
3  48.0  462
4  41.0  280
5  30.0  388
6  58.0  403
7  54.0  444
1  53.0  390
2  19.0  565
3  36.0  512
4  64.0  344
5  67.0  360
6  26.0  477
7  41.0  541
1  29.0  562
2  47.0  329
3  33.0  338
4  32.0  391
5  18.0  283
6  27.0  527
7  57.0  454
1  63.0  386
2  34.0  371
3  48.0  345
4  27.0  252
5  61.0  395
6  51.0  457
7  65.0  410
1  51.0  402
2  25.0  254
3  54.0  365
4  26.0  328
5  73.0  379
6  46.0  347
7  50.0  440
1  26.0  582
2  80.0  258
3  58.0  376
4  8.0  407
5  67.0  292
6  32.0  410
7  60.0  425
1  60.0  399
2  16.0  264
3  62.0  426
4  57.0  327
5  59.0  388
6  63.0  438
7  51.0  351
1  42.0  528
2  23.0  285
3  54.0  336
4  38.0  419
5  69.0  401
6  13.0  491
7  46.0  346
1  43.0  528
2  17.0  333
3  64.0  429
4  53.0  340
5  47.0  395
6  71.0  390
7  50.0  504
1  66.0  457
2  74.0  385
3  41.0  448
4  41.0  291
5  37.0  487
6  33.0  461
7  42.0  332
1  37.0  323
2  49.0  459
3  42.0  477
4  74.0  331
5  30.0  376
6  38.0  426
7  42.0  600
1  78.0  308
2  10.0  210
3  43.0  483
4  50.0  409
5  46.0  486
6  29.0  543
7  38.0  480
1  54.0  302
2  60.0  371
3  55.0  343
4  17.0  344
5  32.0  389
6  76.0  363
7  36.0  522
1  29.0  233
2  36.0  427
3  52.0  371
4  42.0  303
5  49.0  375
6  52.0  438
7  38.0  289
1  57.0  388
2  9.0  469
3  28.0  320
4  58.0  358
5  44.0  407
6  38.0  429
7  17.0  764
1  31.0  263
2  39.0  310
3  29.0  338
4  39.0  472
5  40.0  397
6  42.0  572
7  37.0  559
1  65.0  410
2  26.0  301
3  42.0  359
4  47.0  370
5  37.0  453
6  25.0  459
7  30.0  392
1  23.0  302
2  26.0  356
3  54.0  402
4  72.0  387
5  35.0  346
6  37.0  589
7  39.0  477
1  42.0  613
2  75.0  334
3  34.0  472
4  53.0  492
5  58.0  415
6  28.0  433
7  66.0  373
1  25.0  341
2  34.0  268
3  40.0  449
4  42.0  363
5  52.0  517
6  54.0  416
7  38.0  544
1  92.0  248
2  27.0  375
3  12.0  263
4  28.0  278
5  41.0  388
6  51.0  506
7  60.0  288
1  34.0  456
2  76.0  312
3  59.0  438
4  36.0  568
5  46.0  434
6  65.0  419
7  45.0  487
1  60.0  388
2  24.0  349
3  63.0  344
4  43.0  441
5  34.0  485
6  40.0  465
7  31.0  531
1  51.0  318
2  34.0  373
3  67.0  360
4  38.0  543
5  45.0  522
6  34.0  355
7  42.0  514
1  80.0  341
2  36.0  462
3  29.0  586
4  44.0  390
5  61.0  415
6  33.0  245
7  29.0  517
1  80.0  331
2  41.0  578
3  40.0  294
4  28.0  352
5  62.0  306
6  64.0  402
7  22.0  161
1  62.0  381
2  56.0  395
3  26.0  369
4  42.0  526
5  54.0  494
6  43.0  419
7  25.0  493
1  19.0  420
2  43.0  285
3  82.0  293
4  5.0  434
5  57.0  455
6  51.0  253
7  34.0  506
1  36.0  435
2  70.0  330
3  66.0  346
4  32.0  518
5  16.0  338
6  54.0  425
7  45.0  491
1  17.0  275
2  54.0  412
3  35.0  547
4  53.0  395
5  50.0  414
6  25.0  499
7  58.0  430
1  37.0  446
2  38.0  472
3  63.0  288
4  40.0  630
5  51.0  433
6  28.0  373
7  53.0  453
1  54.0  343
2  43.0  194
3  52.0  532
4  22.0  182
5  34.0  380
6  75.0  371
7  27.0  349
1  57.0  396
2  66.0  278
3  47.0  615
4  49.0  458
5  73.0  308
6  33.0  449
7  30.0  474
1  50.0  378
2  41.0  461
3  51.0  443
4  66.0  300
5  33.0  429
6  21.0  396
7  47.0  423
1  86.0  349
2  58.0  379
3  79.0  304
4  72.0  406
5  57.0  469
6  20.0  484
7  48.0  478
1  43.0  409
2  36.0  596
3  69.0  382
4  32.0  335
5  60.0  452
6  72.0  288
7  32.0  377
1  53.0  519
2  66.0  267
3  45.0  475
4  35.0  361
5  55.0  460
6  35.0  437
7  33.0  232
1  26.0  322
2  63.0  263
3  76.0  291
4  54.0  329
5  39.0  418
6  42.0  533
7  29.0  370
1  24.0  781
2  19.0  344
3  37.0  500
4  66.0  362
5  58.0  414
6  29.0  454
7  63.0  346
1  47.0  425
2  16.0  200
3  60.0  338
4  25.0  263
5  28.0  463
6  49.0  412
7  23.0  520
1  44.0  478
2  29.0  226
3  56.0  467
4  44.0  432
5  41.0  440
6  52.0  395
7  47.0  452
1  34.0  500
2  23.0  339
3  29.0  322
4  23.0  456
5  83.0  352
6  25.0  448
7  29.0  494
1  32.0  518
2  49.0  420
3  22.0  353
4  51.0  342
5  43.0  325
6  36.0  485
7  32.0  590
1  41.0  338
2  53.0  419
3  28.0  410
4  50.0  321
5  55.0  378
6  73.0  443
7  44.0  516
1  35.0  433
2  20.0  392
3  49.0  382
4  51.0  386
5  20.0  467
6  43.0  440
7  46.0  431
1  39.0  535
2  64.0  314
3  57.0  467
4  52.0  404
5  31.0  491
6  38.0  356
7  13.0  438
1  54.0  287
2  63.0  315
3  60.0  433
4  37.0  568
5  27.0  389
6  45.0  443
7  30.0  300
1  72.0  386
2  28.0  294
3  27.0  365
4  78.0  325
5  65.0  383
6  32.0  350
7  15.0  483
1  43.0  302
2  25.0  283
3  59.0  372
4  17.0  371
5  12.0  423
6  61.0  444
7  51.0  431
