1  19.0  328
2  24.0  217
3  38.0  470
4  82.0  313
5  29.0  237
6  70.0  341
7  27.0  435
1  24.0  522
2  67.0  320
3  23.0  361
4  66.0  307
5  53.0  295
6  75.0  369
7  78.0  367
1  60.0  396
2  60.0  279
3  51.0  382
4  40.0  485
5  48.0  444
6  45.0  478
7  36.0  461
1  79.0  360
2  69.0  232
3  66.0  340
4  62.0  285
5  59.0  404
6  61.0  276
7  47.0  456
1  38.0  257
2  58.0  408
3  37.0  508
4  55.0  332
5  30.0  292
6  28.0  346
7  49.0  466
1  82.0  206
2  36.0  325
3  75.0  321
4  70.0  418
5  44.0  567
6  56.0  273
7  40.0  543
1  49.0  469
2  77.0  266
3  46.0  493
4  67.0  415
5  33.0  378
6  38.0  485
7  73.0  388
1  77.0  340
2  29.0  597
3  45.0  394
4  4.0  562
5  45.0  459
6  51.0  330
7  54.0  392
1  30.0  520
2  54.0  418
3  57.0  354
4  75.0  365
5  51.0  368
6  49.0  355
7  32.0  262
1  53.0  429
2  21.0  405
3  58.0  271
4  34.0  597
5  49.0  399
6  82.0  296
7  55.0  456
1  27.0  566
2  42.0  410
3  56.0  338
4  58.0  468
5  36.0  348
6  41.0  513
7  43.0  576
1  19.0  206
2  39.0  448
3  74.0  324
4  64.0  325
5  40.0  324
6  32.0  456
7  41.0  387
1  21.0  413
2  22.0  306
3  20.0  516
4  42.0  451
5  35.0  371
6  52.0  546
7  39.0  312
1  49.0  364
2  53.0  315
3  75.0  334
4  22.0  488
5  60.0  369
6  69.0  392
7  40.0  328
1  64.0  390
2  58.0  331
3  43.0  279
4  25.0  497
5  32.0  347
6  51.0  528
7  26.0  350
1  71.0  389
2  26.0  195
3  50.0  346
4  47.0  433
5  64.0  258
6  72.0  328
7  44.0  430
1  68.0  377
2  50.0  426
3  41.0  424
4  51.0  441
5  95.0  231
6  58.0  292
7  64.0  320
1  63.0  348
2  57.0  526
3  30.0  391
4  18.0  265
5  53.0  331
6  44.0  466
7  64.0  406
1  57.0  251
2  85.0  228
3  53.0  383
4  66.0  342
5  49.0  313
6  51.0  277
7  36.0  419
1  80.0  290
2  45.0  490
3  73.0  373
4  75.0  406
5  45.0  452
6  34.0  279
7  52.0  550
1  78.0  240
2  39.0  402
3  61.0  321
4  61.0  377
5  26.0  522
6  59.0  343
7  72.0  352
1  30.0  752
2  68.0  244
3  38.0  522
4  32.0  412
5  44.0  372
6  44.0  502
7  49.0  398
1  52.0  452
2  31.0  499
3  56.0  438
4  52.0  359
5  63.0  389
6  26.0  279
7  29.0  362
1  53.0  263
2  40.0  453
3  87.0  310
4  44.0  437
5  29.0  251
6  53.0  488
7  43.0  368
1  39.0  624
2  60.0  395
3  49.0  336
4  54.0  429
5  36.0  522
6  48.0  400
7  60.0  359
1  23.0  336
2  27.0  370
3  39.0  265
4  48.0  312
5  59.0  342
6  44.0  378
7  52.0  286
1  70.0  337
2  28.0  638
3  50.0  394
4  40.0  335
5  67.0  389
6  51.0  351
7  33.0  403
1  52.0  307
2  51.0  426
3  72.0  385
4  43.0  348
5  46.0  346
6  41.0  466
7  49.0  397
1  8.0  472
2  44.0  468
3  51.0  464
4  66.0  271
5  42.0  273
6  44.0  306
7  80.0  285
1  32.0  440
2  36.0  537
3  65.0  361
4  28.0  302
5  49.0  204
6  33.0  756
7  74.0  335
1  79.0  317
2  87.0  311
3  63.0  407
4  35.0  378
5  62.0  324
6  53.0  436
7  32.0  483
1  58.0  401
2  27.0  307
3  30.0  443
4  39.0  522
5  62.0  298
6  38.0  359
7  60.0  409
1  76.0  287
2  35.0  451
3  47.0  461
4  38.0  381
5  64.0  437
6  47.0  190
7  54.0  297
1  81.0  215
2  44.0  308
3  53.0  340
4  67.0  393
5  18.0  518
6  41.0  545
7  72.0  231
1  72.0  333
2  63.0  312
3  65.0  326
4  53.0  486
5  62.0  389
6  53.0  374
7  79.0  355
1  86.0  209
2  58.0  373
3  77.0  349
4  43.0  318
5  59.0  380
6  66.0  340
7  56.0  379
1  67.0  479
2  48.0  393
3  85.0  263
4  59.0  348
5  56.0  414
6  56.0  449
7  27.0  496
1  44.0  354
2  50.0  427
3  30.0  274
4  69.0  159
5  54.0  348
6  31.0  461
7  27.0  407
1  38.0  371
2  52.0  400
3  61.0  412
4  32.0  399
5  86.0  342
6  32.0  311
7  35.0  412
1  56.0  388
2  24.0  160
3  65.0  354
4  82.0  300
5  58.0  276
6  62.0  377
7  28.0  369
1  46.0  434
2  26.0  451
3  42.0  455
4  71.0  306
5  98.0  260
6  56.0  360
7  11.0  352
1  62.0  357
2  51.0  427
3  32.0  238
4  53.0  375
5  54.0  369
6  49.0  463
7  59.0  364
1  50.0  423
2  62.0  251
3  34.0  304
4  48.0  393
5  40.0  437
6  56.0  430
7  34.0  433
1  63.0  487
2  49.0  324
3  67.0  333
4  42.0  382
5  63.0  372
6  39.0  543
7  42.0  372
1  54.0  219
2  38.0  385
3  86.0  322
4  35.0  348
5  54.0  411
6  37.0  472
7  31.0  375
1  35.0  455
2  37.0  283
3  48.0  384
4  59.0  281
5  56.0  408
6  61.0  372
7  22.0  446
1  72.0  331
2  46.0  388
3  35.0  440
4  40.0  413
5  29.0  515
6  59.0  407
7  53.0  382
1  64.0  382
2  37.0  331
3  83.0  326
4  48.0  376
5  30.0  383
6  47.0  446
7  46.0  433
1  69.0  458
2  53.0  395
3  50.0  411
4  59.0  323
5  51.0  432
6  61.0  452
7  83.0  311
1  18.0  260
2  47.0  301
3  59.0  285
4  41.0  434
5  54.0  379
6  71.0  354
7  38.0  252
1  23.0  264
2  78.0  358
3  50.0  520
4  66.0  235
5  53.0  481
6  21.0  272
7  30.0  342
1  46.0  345
2  48.0  503
3  72.0  374
4  42.0  388
5  24.0  449
6  54.0  363
7  44.0  459
1  80.0  345
2  78.0  352
3  73.0  370
4  15.0  523
5  71.0  408
6  51.0  394
7  67.0  302
1  59.0  280
2  39.0  476
3  50.0  265
4  73.0  365
5  36.0  379
6  31.0  579
7  59.0  224
1  25.0  259
2  27.0  170
3  55.0  361
4  80.0  308
5  64.0  310
6  22.0  374
7  45.0  310
1  39.0  531
2  40.0  440
3  68.0  321
4  47.0  329
5  66.0  375
6  54.0  405
7  52.0  427
1  64.0  421
2  62.0  305
3  33.0  424
4  38.0  325
5  64.0  400
6  46.0  326
7  61.0  342
1  78.0  326
2  51.0  502
3  29.0  341
4  35.0  417
5  77.0  372
6  45.0  235
7  57.0  369
1  96.0  239
2  48.0  390
3  55.0  367
4  65.0  283
5  33.0  392
6  54.0  425
7  55.0  451
1  44.0  412
2  10.0  351
3  45.0  420
4  57.0  365
5  58.0  270
6  45.0  463
7  35.0  477
1  47.0  292
2  75.0  340
3  46.0  570
4  36.0  420
5  51.0  282
6  26.0  243
7  54.0  391
1  53.0  335
2  38.0  506
3  45.0  437
4  38.0  253
5  54.0  289
6  63.0  398
7  43.0  345
1  23.0  273
2  43.0  350
3  54.0  469
4  54.0  357
5  56.0  320
6  59.0  350
7  55.0  419
1  46.0  535
2  71.0  313
3  63.0  332
4  61.0  316
5  28.0  222
6  53.0  380
7  39.0  386
1  54.0  629
2  59.0  382
3  72.0  328
4  43.0  414
5  69.0  350
6  55.0  502
7  51.0  334
1  96.0  235
2  49.0  463
3  73.0  381
4  55.0  455
5  61.0  373
6  34.0  130
7  51.0  339
1  57.0  98
2  87.0  287
3  55.0  250
4  43.0  563
5  26.0  363
6  43.0  247
7  41.0  422
1  24.0  389
2  23.0  341
3  38.0  316
4  47.0  387
5  35.0  522
6  54.0  381
7  63.0  368
1  52.0  431
2  69.0  356
3  84.0  279
4  56.0  369
5  28.0  463
6  63.0  361
7  40.0  417
1  51.0  379
2  64.0  378
3  60.0  172
4  65.0  364
5  49.0  581
6  75.0  285
7  51.0  380
1  17.0  585
2  61.0  349
3  34.0  229
4  29.0  254
5  37.0  405
6  43.0  313
7  65.0  305
1  77.0  337
2  61.0  433
3  55.0  293
4  57.0  434
5  48.0  357
6  78.0  328
7  58.0  389
1  62.0  385
2  37.0  295
3  59.0  442
4  36.0  268
5  29.0  389
6  62.0  457
7  32.0  367
1  0.0  462
2  62.0  294
3  15.0  495
4  49.0  310
5  42.0  230
6  59.0  315
7  57.0  328
1  55.0  331
2  59.0  307
3  29.0  334
4  66.0  309
5  53.0  407
6  82.0  235
7  58.0  373
1  58.0  222
2  53.0  465
3  32.0  411
4  38.0  471
5  48.0  387
6  70.0  319
7  34.0  391
1  73.0  385
2  34.0  475
3  71.0  355
4  50.0  401
5  27.0  396
6  45.0  366
7  66.0  344
1  70.0  365
2  78.0  330
3  40.0  369
4  31.0  401
5  56.0  360
6  45.0  213
7  31.0  404
1  82.0  254
2  78.0  352
3  52.0  287
4  61.0  508
5  54.0  364
6  20.0  512
7  49.0  376
1  75.0  319
2  33.0  477
3  63.0  355
4  61.0  347
5  38.0  341
6  54.0  420
7  55.0  372
1  26.0  534
2  52.0  393
3  62.0  309
4  64.0  254
5  30.0  479
6  26.0  553
7  11.0  481
1  40.0  364
2  36.0  346
3  24.0  356
4  48.0  365
5  48.0  428
6  64.0  363
7  67.0  248
1  19.0  537
2  36.0  375
3  34.0  444
4  44.0  279
5  61.0  336
6  55.0  434
7  78.0  328
1  45.0  524
2  73.0  380
3  50.0  383
4  41.0  306
5  6.0  675
6  69.0  226
7  46.0  414
1  36.0  266
2  38.0  454
3  71.0  384
4  52.0  368
5  60.0  432
6  28.0  560
7  35.0  348
1  71.0  289
2  39.0  357
3  48.0  468
4  60.0  410
5  29.0  239
6  53.0  284
7  34.0  409
1  50.0  404
2  52.0  286
3  80.0  300
4  52.0  375
5  70.0  389
6  64.0  340
7  56.0  392
1  47.0  443
2  74.0  267
3  11.0  270
4  70.0  339
5  69.0  249
6  42.0  413
7  58.0  377
1  67.0  413
2  34.0  403
3  68.0  388
4  47.0  317
5  49.0  358
6  17.0  484
7  39.0  424
1  90.0  271
2  29.0  465
3  43.0  245
4  54.0  392
5  15.0  545
6  28.0  335
7  42.0  341
1  64.0  420
2  46.0  538
3  63.0  402
4  41.0  175
5  35.0  372
6  55.0  487
7  36.0  333
1  58.0  469
2  64.0  340
3  53.0  499
4  31.0  420
5  33.0  425
6  39.0  241
7  24.0  428
1  47.0  457
2  47.0  350
3  42.0  352
4  77.0  353
5  52.0  223
6  70.0  332
7  11.0  412
1  80.0  332
2  31.0  481
3  44.0  373
4  42.0  397
5  49.0  417
6  56.0  449
7  52.0  427
1  20.0  406
2  68.0  368
3  35.0  225
4  44.0  458
5  22.0  436
6  43.0  352
7  35.0  400
1  33.0  519
2  82.0  275
3  49.0  296
4  62.0  252
5  54.0  381
6  45.0  315
7  83.0  187
1  71.0  401
2  61.0  247
3  48.0  387
4  81.0  292
5  30.0  353
6  25.0  320
7  54.0  409
1  61.0  369
2  74.0  450
3  51.0  476
4  36.0  404
5  56.0  443
6  61.0  323
7  58.0  366
1  27.0  198
2  32.0  393
3  56.0  451
4  52.0  311
5  71.0  355
6  58.0  419
7  52.0  358
1  60.0  397
2  47.0  521
3  66.0  345
4  37.0  348
5  39.0  187
6  68.0  443
7  61.0  358
