1  49.200000000000003  4096
2  51.600000000000001  3833
3  46.700000000000003  3489
4  43.799999999999997  3926
5  44.100000000000001  4022
6  39.200000000000003  3850
7  39.100000000000001  3815
1  45.600000000000001  3522
2  47.100000000000001  3913
3  38.799999999999997  4131
4  35.700000000000003  3797
5  39.600000000000001  3680
6  34.799999999999997  3616
7  36.399999999999999  4192
1  45.100000000000001  3534
2  42.600000000000001  3575
3  49.100000000000001  4256
4  48.700000000000003  3962
5  36.899999999999999  3742
6  43.700000000000003  3995
7  42.299999999999997  4075
1  35.700000000000003  3951
2  45.5  4029
3  42.100000000000001  3661
4  37.600000000000001  3647
5  39.5  3799
