40  66.0  114.0
60  78.0  202.0
80  25.0  245.0
100  78.0  180.0
120  85.0  193.0
140  84.0  208.0
160  57.0  533.0
180  92.0  112.0
200  93.0  229.0
40  90.0  53.0
60  68.0  186.0
80  68.0  203.0
100  29.0  371.0
120  81.0  239.0
140  68.0  153.0
160  49.0  258.0
180  88.0  233.0
200  94.0  219.0
40  56.0  213.0
60  55.0  239.0
80  77.0  200.0
100  75.0  281.0
120  59.0  182.0
140  81.0  222.0
160  94.0  156.0
180  97.0  106.0
200  86.0  218.0
40  42.0  214.0
60  82.0  150.0
80  38.0  255.0
100  18.0  270.0
120  83.0  189.0
140  80.0  315.0
160  73.0  262.0
180  99.0  137.0
200  97.0  163.0
40  91.0  18.0
60  60.0  177.0
80  54.0  209.0
100  41.0  118.0
120  94.0  90.0
140  42.0  473.0
160  100.0  42.0
180  93.0  156.0
200  97.0  186.0
40  71.0  165.0
60  38.0  111.0
80  76.0  217.0
100  66.0  115.0
120  53.0  220.0
140  60.0  321.0
160  64.0  207.0
180  99.0  110.0
200  97.0  76.0
40  22.0  261.0
60  52.0  274.0
80  80.0  103.0
100  72.0  142.0
120  41.0  309.0
140  57.0  187.0
160  96.0  163.0
180  90.0  159.0
200  85.0  233.0
40  30.0  137.0
60  30.0  224.0
80  49.0  385.0
100  89.0  167.0
120  78.0  358.0
140  83.0  145.0
160  75.0  224.0
180  85.0  114.0
200  100.0  31.0
40  25.0  181.0
60  27.0  215.0
80  56.0  131.0
100  51.0  286.0
120  85.0  189.0
140  80.0  149.0
160  82.0  283.0
180  83.0  176.0
200  74.0  238.0
40  50.0  184.0
60  17.0  232.0
80  34.0  202.0
100  75.0  277.0
120  86.0  255.0
140  94.0  161.0
160  99.0  72.0
180  75.0  284.0
200  100.0  46.0
40  31.0  122.0
60  41.0  217.0
80  48.0  241.0
100  52.0  250.0
120  92.0  172.0
140  80.0  90.0
160  65.0  257.0
180  82.0  300.0
200  76.0  116.0
40  71.0  108.0
60  57.0  245.0
80  22.0  152.0
100  74.0  254.0
120  37.0  205.0
140  88.0  214.0
160  85.0  202.0
180  100.0  12.0
200  84.0  371.0
40  0.0  210.0
60  67.0  203.0
80  80.0  146.0
100  74.0  203.0
120  94.0  43.0
140  75.0  114.0
160  79.0  343.0
180  76.0  225.0
200  92.0  197.0
40  15.0  115.0
60  52.0  299.0
80  49.0  264.0
100  85.0  166.0
120  63.0  499.0
140  91.0  72.0
160  89.0  271.0
180  87.0  87.0
200  88.0  252.0
40  43.0  108.0
60  61.0  95.0
80  25.0  178.0
100  99.0  8.0
120  74.0  285.0
140  43.0  250.0
160  73.0  232.0
180  76.0  184.0
200  43.0  232.0
40  43.0  166.0
60  39.0  318.0
80  56.0  263.0
100  46.0  485.0
120  54.0  138.0
140  38.0  331.0
160  69.0  542.0
180  100.0  55.0
200  75.0  322.0
40  38.0  92.0
60  54.0  182.0
80  75.0  231.0
100  82.0  248.0
120  78.0  409.0
140  76.0  421.0
160  100.0  3.0
180  70.0  182.0
200  92.0  133.0
40  72.0  85.0
60  64.0  202.0
80  20.0  166.0
100  73.0  92.0
120  53.0  328.0
140  99.0  79.0
160  91.0  169.0
180  86.0  333.0
200  82.0  131.0
40  34.0  233.0
60  64.0  124.0
80  84.0  156.0
100  60.0  292.0
120  77.0  238.0
140  87.0  234.0
160  57.0  354.0
180  91.0  205.0
200  100.0  77.0
40  85.0  50.0
60  57.0  181.0
80  59.0  123.0
100  79.0  178.0
120  57.0  480.0
140  100.0  85.0
160  59.0  405.0
180  98.0  46.0
200  99.0  52.0
40  14.0  142.0
60  33.0  324.0
80  30.0  340.0
100  54.0  208.0
120  68.0  339.0
140  100.0  11.0
160  67.0  201.0
180  86.0  329.0
200  100.0  64.0
40  100.0  16.0
60  95.0  14.0
80  65.0  267.0
100  96.0  97.0
120  95.0  96.0
140  55.0  436.0
160  44.0  571.0
180  99.0  51.0
200  100.0  94.0
40  66.0  76.0
60  41.0  188.0
80  69.0  322.0
100  78.0  210.0
120  78.0  76.0
140  52.0  192.0
160  48.0  206.0
180  67.0  391.0
200  93.0  211.0
40  10.0  125.0
60  17.0  155.0
80  78.0  153.0
100  50.0  397.0
120  95.0  41.0
140  86.0  177.0
160  100.0  4.0
180  68.0  253.0
200  64.0  372.0
40  18.0  76.0
60  78.0  46.0
80  86.0  42.0
100  95.0  146.0
120  87.0  236.0
140  49.0  201.0
160  75.0  254.0
180  94.0  278.0
200  98.0  195.0
40  75.0  82.0
60  45.0  298.0
80  96.0  87.0
100  84.0  207.0
120  85.0  178.0
140  100.0  15.0
160  95.0  164.0
180  74.0  224.0
200  74.0  286.0
40  26.0  257.0
60  91.0  76.0
80  42.0  298.0
100  60.0  231.0
120  79.0  339.0
140  98.0  72.0
160  82.0  223.0
180  75.0  310.0
200  87.0  241.0
40  16.0  146.0
60  42.0  191.0
80  29.0  368.0
100  29.0  331.0
120  64.0  346.0
140  95.0  133.0
160  92.0  165.0
180  73.0  293.0
200  73.0  244.0
40  17.0  152.0
60  56.0  216.0
80  81.0  166.0
100  83.0  194.0
120  53.0  253.0
140  64.0  207.0
160  74.0  224.0
180  89.0  143.0
200  60.0  318.0
40  42.0  265.0
60  45.0  370.0
80  70.0  132.0
100  83.0  66.0
120  97.0  71.0
140  83.0  266.0
160  59.0  280.0
180  96.0  214.0
200  75.0  446.0
40  47.0  98.0
60  39.0  137.0
80  82.0  145.0
100  88.0  90.0
120  74.0  218.0
140  89.0  206.0
160  93.0  221.0
180  82.0  319.0
200  100.0  24.0
40  49.0  244.0
60  82.0  177.0
80  50.0  300.0
100  43.0  288.0
120  96.0  53.0
140  92.0  152.0
160  85.0  238.0
180  82.0  131.0
200  55.0  307.0
40  22.0  118.0
60  21.0  277.0
80  52.0  214.0
100  100.0  10.0
120  78.0  308.0
140  92.0  168.0
160  45.0  240.0
180  37.0  223.0
200  98.0  221.0
40  57.0  63.0
60  85.0  78.0
80  85.0  71.0
100  19.0  209.0
120  88.0  247.0
140  91.0  171.0
160  55.0  395.0
180  73.0  284.0
200  86.0  360.0
40  31.0  180.0
60  93.0  77.0
80  51.0  412.0
100  90.0  150.0
120  66.0  282.0
140  83.0  158.0
160  88.0  157.0
180  98.0  184.0
200  93.0  227.0
40  39.0  157.0
60  65.0  195.0
80  55.0  243.0
100  69.0  218.0
120  93.0  141.0
140  94.0  178.0
160  74.0  238.0
180  93.0  189.0
200  64.0  357.0
40  36.0  249.0
60  50.0  209.0
80  48.0  190.0
100  43.0  334.0
120  66.0  319.0
140  91.0  120.0
160  84.0  161.0
180  99.0  194.0
200  56.0  223.0
40  63.0  58.0
60  31.0  132.0
80  62.0  194.0
100  91.0  167.0
120  53.0  181.0
140  91.0  209.0
160  83.0  255.0
180  78.0  257.0
200  80.0  343.0
40  82.0  54.0
60  35.0  138.0
80  100.0  53.0
100  98.0  115.0
120  96.0  186.0
140  56.0  235.0
160  74.0  264.0
180  84.0  286.0
200  94.0  220.0
40  34.0  114.0
60  78.0  154.0
80  55.0  184.0
100  83.0  209.0
120  20.0  225.0
140  99.0  26.0
160  55.0  426.0
180  95.0  180.0
200  72.0  267.0
40  20.0  181.0
60  90.0  50.0
80  61.0  237.0
100  79.0  232.0
120  81.0  306.0
140  100.0  4.0
160  83.0  302.0
180  99.0  104.0
200  88.0  116.0
40  55.0  106.0
60  35.0  260.0
80  69.0  230.0
100  77.0  249.0
120  56.0  333.0
140  89.0  181.0
160  83.0  266.0
180  88.0  206.0
200  100.0  137.0
40  41.0  271.0
60  46.0  246.0
80  78.0  88.0
100  72.0  200.0
120  91.0  88.0
140  90.0  260.0
160  64.0  286.0
180  90.0  188.0
200  92.0  127.0
40  57.0  145.0
60  52.0  282.0
80  59.0  227.0
100  71.0  55.0
120  69.0  203.0
140  74.0  220.0
160  60.0  292.0
180  91.0  214.0
200  87.0  258.0
40  62.0  225.0
60  72.0  61.0
80  62.0  284.0
100  84.0  199.0
120  75.0  345.0
140  73.0  266.0
160  100.0  35.0
180  78.0  264.0
200  48.0  210.0
40  16.0  185.0
60  53.0  203.0
80  80.0  137.0
100  48.0  326.0
120  59.0  387.0
140  80.0  289.0
160  98.0  152.0
180  94.0  201.0
200  100.0  47.0
40  96.0  9.0
60  77.0  54.0
80  89.0  103.0
100  58.0  180.0
120  86.0  251.0
140  37.0  384.0
160  87.0  278.0
180  97.0  141.0
200  65.0  202.0
40  72.0  118.0
60  51.0  95.0
80  68.0  187.0
100  33.0  375.0
120  87.0  196.0
140  100.0  4.0
160  100.0  144.0
180  78.0  401.0
200  98.0  71.0
40  31.0  308.0
60  35.0  227.0
80  64.0  205.0
100  48.0  404.0
120  59.0  304.0
140  99.0  84.0
160  87.0  325.0
180  95.0  99.0
200  95.0  112.0
40  65.0  59.0
60  17.0  130.0
80  15.0  267.0
100  58.0  283.0
120  73.0  334.0
140  69.0  306.0
160  100.0  40.0
180  61.0  126.0
200  61.0  194.0
40  3.0  213.0
60  24.0  346.0
80  67.0  302.0
100  70.0  289.0
120  83.0  236.0
140  38.0  275.0
160  67.0  131.0
180  84.0  150.0
200  91.0  197.0
40  5.0  55.0
60  71.0  92.0
80  66.0  224.0
100  84.0  101.0
120  60.0  305.0
140  80.0  201.0
160  97.0  84.0
180  89.0  242.0
200  87.0  144.0
40  44.0  118.0
60  78.0  47.0
80  73.0  232.0
100  99.0  17.0
120  79.0  129.0
140  76.0  449.0
160  73.0  235.0
180  49.0  254.0
200  98.0  136.0
40  62.0  79.0
60  93.0  34.0
80  55.0  172.0
100  71.0  117.0
120  94.0  88.0
140  81.0  213.0
160  64.0  339.0
180  86.0  225.0
200  100.0  39.0
40  68.0  174.0
60  86.0  55.0
80  23.0  246.0
100  69.0  237.0
120  99.0  82.0
140  87.0  239.0
160  89.0  158.0
180  63.0  160.0
200  96.0  159.0
40  15.0  226.0
60  37.0  207.0
80  47.0  306.0
100  69.0  272.0
120  85.0  230.0
140  90.0  168.0
160  74.0  283.0
180  42.0  272.0
200  99.0  114.0
40  56.0  90.0
60  57.0  224.0
80  43.0  360.0
100  55.0  388.0
120  86.0  272.0
140  77.0  223.0
160  71.0  186.0
180  81.0  308.0
200  81.0  118.0
40  86.0  26.0
60  50.0  118.0
80  70.0  254.0
100  74.0  297.0
120  73.0  175.0
140  89.0  126.0
160  76.0  361.0
180  91.0  217.0
200  100.0  200.0
40  22.0  128.0
60  47.0  193.0
80  62.0  223.0
100  100.0  2.0
120  80.0  315.0
140  68.0  284.0
160  93.0  193.0
180  95.0  257.0
200  96.0  237.0
40  55.0  63.0
60  49.0  146.0
80  67.0  314.0
100  35.0  195.0
120  82.0  228.0
140  83.0  141.0
160  50.0  356.0
180  58.0  236.0
200  71.0  298.0
40  51.0  142.0
60  28.0  207.0
80  63.0  338.0
100  59.0  247.0
120  98.0  100.0
140  90.0  120.0
160  92.0  241.0
180  97.0  86.0
200  96.0  159.0
40  4.0  165.0
60  37.0  271.0
80  38.0  360.0
100  46.0  407.0
120  87.0  167.0
140  40.0  247.0
160  47.0  232.0
180  75.0  108.0
200  98.0  93.0
40  53.0  102.0
60  33.0  276.0
80  100.0  6.0
100  97.0  137.0
120  85.0  150.0
140  91.0  204.0
160  63.0  357.0
180  86.0  256.0
200  89.0  257.0
40  66.0  172.0
60  83.0  26.0
80  46.0  328.0
100  58.0  253.0
120  91.0  103.0
140  90.0  128.0
160  65.0  212.0
180  93.0  213.0
200  80.0  310.0
40  28.0  252.0
60  45.0  199.0
80  63.0  303.0
100  81.0  280.0
120  96.0  66.0
140  100.0  161.0
160  63.0  284.0
180  82.0  346.0
200  80.0  275.0
40  67.0  185.0
60  48.0  223.0
80  34.0  291.0
100  78.0  240.0
120  68.0  237.0
140  98.0  100.0
160  90.0  160.0
180  71.0  207.0
200  99.0  53.0
40  21.0  116.0
60  16.0  166.0
80  60.0  204.0
100  63.0  222.0
120  62.0  186.0
140  97.0  139.0
160  76.0  133.0
180  81.0  81.0
200  88.0  147.0
40  73.0  61.0
60  62.0  159.0
80  53.0  168.0
100  99.0  61.0
120  74.0  278.0
140  87.0  188.0
160  83.0  249.0
180  76.0  257.0
200  99.0  41.0
40  87.0  21.0
60  45.0  180.0
80  100.0  4.0
100  71.0  326.0
120  76.0  221.0
140  93.0  137.0
160  93.0  200.0
180  94.0  234.0
200  95.0  134.0
40  55.0  155.0
60  65.0  307.0
80  85.0  154.0
100  54.0  59.0
120  57.0  339.0
140  87.0  173.0
160  74.0  188.0
180  87.0  149.0
200  87.0  138.0
40  71.0  70.0
60  23.0  166.0
80  77.0  255.0
100  84.0  96.0
120  89.0  47.0
140  53.0  266.0
160  95.0  154.0
180  62.0  429.0
200  69.0  278.0
40  92.0  10.0
60  89.0  145.0
80  56.0  167.0
100  68.0  171.0
120  46.0  242.0
140  88.0  242.0
160  67.0  326.0
180  84.0  338.0
200  77.0  440.0
40  73.0  82.0
60  66.0  227.0
80  75.0  129.0
100  71.0  177.0
120  81.0  270.0
140  84.0  265.0
160  79.0  224.0
180  99.0  91.0
200  92.0  139.0
40  18.0  260.0
60  63.0  192.0
80  87.0  226.0
100  94.0  63.0
120  80.0  333.0
140  89.0  219.0
160  62.0  186.0
180  74.0  286.0
200  69.0  351.0
40  52.0  123.0
60  85.0  92.0
80  47.0  194.0
100  56.0  387.0
120  59.0  287.0
140  65.0  367.0
160  83.0  215.0
180  65.0  239.0
200  90.0  160.0
40  37.0  237.0
60  48.0  238.0
80  54.0  277.0
100  84.0  264.0
120  77.0  315.0
140  93.0  118.0
160  49.0  323.0
180  95.0  130.0
200  96.0  100.0
40  34.0  214.0
60  48.0  153.0
80  49.0  290.0
100  89.0  115.0
120  73.0  131.0
140  77.0  275.0
160  93.0  181.0
180  47.0  243.0
200  53.0  373.0
40  72.0  215.0
60  52.0  216.0
80  50.0  314.0
100  54.0  344.0
120  79.0  268.0
140  77.0  230.0
160  78.0  185.0
180  66.0  205.0
200  100.0  24.0
40  39.0  258.0
60  23.0  321.0
80  73.0  244.0
100  62.0  319.0
120  84.0  241.0
140  69.0  93.0
160  92.0  317.0
180  78.0  348.0
200  51.0  352.0
40  14.0  232.0
60  43.0  250.0
80  61.0  187.0
100  61.0  322.0
120  39.0  249.0
140  86.0  12.0
160  62.0  366.0
180  70.0  117.0
200  93.0  202.0
40  17.0  200.0
60  65.0  264.0
80  16.0  312.0
100  28.0  381.0
120  99.0  50.0
140  51.0  291.0
160  100.0  62.0
180  93.0  189.0
200  67.0  174.0
40  33.0  93.0
60  86.0  104.0
80  67.0  120.0
100  46.0  334.0
120  97.0  87.0
140  94.0  174.0
160  79.0  369.0
180  66.0  433.0
200  98.0  74.0
40  61.0  78.0
60  64.0  259.0
80  79.0  188.0
100  75.0  239.0
120  83.0  263.0
140  81.0  268.0
160  70.0  256.0
180  96.0  108.0
200  100.0  111.0
40  25.0  218.0
60  18.0  186.0
80  45.0  207.0
100  62.0  234.0
120  76.0  307.0
140  89.0  226.0
160  75.0  114.0
180  100.0  132.0
200  99.0  151.0
40  30.0  228.0
60  52.0  316.0
80  58.0  166.0
100  53.0  306.0
120  95.0  78.0
140  91.0  253.0
160  70.0  370.0
180  83.0  229.0
200  100.0  38.0
40  22.0  224.0
60  100.0  12.0
80  47.0  294.0
100  70.0  263.0
120  87.0  164.0
140  98.0  64.0
160  98.0  79.0
180  52.0  336.0
200  99.0  161.0
40  46.0  183.0
60  57.0  225.0
80  76.0  225.0
100  78.0  244.0
120  25.0  328.0
140  87.0  222.0
160  79.0  192.0
180  80.0  219.0
200  81.0  95.0
40  52.0  144.0
60  69.0  205.0
80  69.0  311.0
100  39.0  439.0
120  92.0  140.0
140  84.0  42.0
160  77.0  287.0
180  87.0  206.0
200  61.0  295.0
40  37.0  211.0
60  39.0  288.0
80  68.0  176.0
100  91.0  162.0
120  82.0  177.0
140  79.0  229.0
160  35.0  255.0
180  86.0  255.0
200  90.0  179.0
40  39.0  106.0
60  21.0  269.0
80  96.0  33.0
100  57.0  288.0
120  71.0  301.0
140  77.0  269.0
160  68.0  267.0
180  88.0  139.0
200  95.0  149.0
40  86.0  19.0
60  48.0  321.0
80  81.0  105.0
100  95.0  86.0
120  63.0  316.0
140  76.0  318.0
160  82.0  191.0
180  88.0  203.0
200  95.0  98.0
40  51.0  74.0
60  90.0  41.0
80  90.0  34.0
100  67.0  237.0
120  62.0  279.0
140  79.0  370.0
160  80.0  291.0
180  86.0  212.0
200  98.0  205.0
40  62.0  146.0
60  81.0  63.0
80  79.0  133.0
100  80.0  182.0
120  54.0  219.0
140  92.0  76.0
160  94.0  122.0
180  93.0  199.0
200  75.0  175.0
40  47.0  170.0
60  24.0  298.0
80  38.0  318.0
100  64.0  223.0
120  79.0  235.0
140  81.0  231.0
160  93.0  169.0
180  99.0  208.0
200  64.0  222.0
40  43.0  123.0
60  58.0  179.0
80  58.0  150.0
100  18.0  285.0
120  88.0  144.0
140  92.0  183.0
160  72.0  215.0
180  91.0  203.0
200  97.0  209.0
40  50.0  58.0
60  92.0  61.0
80  80.0  202.0
100  17.0  461.0
120  92.0  162.0
140  32.0  270.0
160  86.0  110.0
180  61.0  227.0
200  61.0  354.0
40  86.0  49.0
60  65.0  257.0
80  77.0  191.0
100  28.0  290.0
120  91.0  179.0
140  71.0  318.0
160  64.0  291.0
180  100.0  3.0
200  100.0  11.0
40  80.0  115.0
60  60.0  211.0
80  80.0  139.0
100  51.0  240.0
120  51.0  335.0
140  88.0  102.0
160  89.0  257.0
180  84.0  272.0
200  99.0  60.0
40  71.0  95.0
60  58.0  181.0
80  38.0  249.0
100  91.0  179.0
120  47.0  201.0
140  57.0  248.0
160  85.0  273.0
180  59.0  375.0
200  94.0  218.0
40  48.0  55.0
60  83.0  70.0
80  34.0  205.0
100  68.0  204.0
120  68.0  226.0
140  47.0  217.0
160  87.0  254.0
180  48.0  374.0
200  43.0  243.0
