1  42.0  531
2  25.0  319
3  55.0  495
4  41.0  502
5  45.0  529
6  31.0  572
7  30.0  454
1  0.0  188
2  95.0  523
3  64.0  529
4  47.0  604
5  31.0  472
6  51.0  528
7  59.0  585
1  63.0  437
2  63.0  517
3  61.0  559
4  54.0  520
5  43.0  585
6  26.0  493
7  45.0  647
1  42.0  501
2  71.0  541
3  42.0  513
4  52.0  560
5  49.0  478
6  48.0  497
7  59.0  557
1  27.0  342
2  49.0  515
3  65.0  531
4  36.0  596
5  59.0  572
6  35.0  561
7  60.0  588
1  55.0  524
2  36.0  482
3  47.0  502
4  27.0  458
5  32.0  556
6  28.0  539
7  30.0  515
1  43.0  526
2  53.0  512
3  47.0  487
4  46.0  452
5  52.0  524
6  28.0  560
7  43.0  609
1  38.0  407
2  84.0  508
3  41.0  493
4  85.0  540
5  50.0  567
6  71.0  564
7  25.0  518
1  39.0  522
2  75.0  533
3  54.0  524
4  82.0  575
5  31.0  584
6  40.0  494
7  41.0  536
1  71.0  501
2  30.0  360
3  36.0  458
4  54.0  507
5  79.0  522
6  21.0  311
7  37.0  564
1  86.0  511
2  67.0  517
3  25.0  471
4  48.0  453
5  43.0  544
6  56.0  454
7  22.0  511
1  64.0  467
2  59.0  498
3  33.0  356
4  18.0  378
5  56.0  468
6  20.0  461
7  18.0  394
1  65.0  513
2  60.0  456
3  21.0  420
4  31.0  459
5  31.0  543
6  36.0  462
7  55.0  555
1  57.0  463
2  57.0  440
3  48.0  468
4  46.0  423
5  46.0  527
6  18.0  458
7  21.0  508
1  10.0  521
2  43.0  516
3  42.0  387
4  5.0  390
5  56.0  558
6  41.0  479
7  41.0  475
1  68.0  489
2  13.0  331
3  40.0  358
4  70.0  498
5  54.0  512
6  26.0  639
7  51.0  697
1  58.0  519
2  50.0  364
3  59.0  562
4  26.0  544
5  26.0  472
6  58.0  601
7  52.0  581
1  46.0  516
2  71.0  519
3  55.0  534
4  66.0  607
5  39.0  404
6  63.0  595
7  36.0  456
1  34.0  397
2  39.0  432
3  89.0  541
4  41.0  447
5  37.0  505
6  25.0  515
7  33.0  454
1  56.0  517
2  32.0  354
3  85.0  521
4  59.0  490
5  52.0  500
6  31.0  434
7  41.0  616
1  22.0  418
2  66.0  514
3  39.0  367
4  32.0  390
5  65.0  492
6  53.0  729
7  42.0  499
1  72.0  502
2  15.0  341
3  32.0  447
4  46.0  489
5  66.0  598
6  26.0  549
7  65.0  456
1  49.0  521
2  13.0  397
3  35.0  491
4  55.0  563
5  48.0  565
6  30.0  526
7  44.0  562
1  79.0  507
2  40.0  336
3  42.0  382
4  34.0  651
5  25.0  486
6  29.0  451
7  54.0  509
1  69.0  459
2  51.0  392
3  41.0  528
4  40.0  440
5  46.0  566
6  47.0  503
7  35.0  535
1  46.0  481
2  82.0  516
3  34.0  416
4  62.0  522
5  22.0  307
6  29.0  490
7  25.0  582
1  82.0  472
2  38.0  529
3  79.0  483
4  9.0  285
5  65.0  493
6  42.0  552
7  13.0  479
1  49.0  497
2  53.0  457
3  26.0  344
4  37.0  363
5  56.0  487
6  34.0  469
7  35.0  450
1  44.0  528
2  60.0  552
3  71.0  523
4  47.0  538
5  47.0  522
6  19.0  585
7  35.0  640
1  22.0  515
2  55.0  448
3  33.0  561
4  49.0  437
5  13.0  447
6  62.0  596
7  42.0  677
1  74.0  503
2  48.0  435
3  6.0  233
4  55.0  479
5  27.0  344
6  34.0  499
7  35.0  513
1  54.0  419
2  12.0  359
3  25.0  417
4  31.0  459
5  58.0  445
6  43.0  437
7  53.0  582
1  51.0  511
2  37.0  486
3  57.0  517
4  48.0  513
5  56.0  572
6  61.0  470
7  32.0  656
1  63.0  523
2  93.0  500
3  80.0  560
4  35.0  496
5  53.0  448
6  30.0  482
7  29.0  467
1  46.0  504
2  46.0  487
3  37.0  543
4  39.0  379
5  27.0  497
6  46.0  482
7  68.0  581
1  34.0  521
2  61.0  509
3  58.0  552
4  38.0  360
5  28.0  508
6  34.0  464
7  43.0  613
1  66.0  505
2  68.0  539
3  69.0  498
4  73.0  526
5  54.0  592
6  47.0  574
7  35.0  599
1  47.0  479
2  8.0  369
3  68.0  497
4  32.0  509
5  41.0  509
6  97.0  626
7  55.0  493
1  91.0  514
2  41.0  486
3  19.0  241
4  42.0  486
5  19.0  414
6  33.0  526
7  33.0  550
1  8.0  351
2  29.0  491
3  35.0  417
4  28.0  474
5  38.0  538
6  53.0  541
7  57.0  543
1  23.0  487
2  64.0  483
3  29.0  400
4  32.0  506
5  51.0  546
6  46.0  582
7  41.0  601
1  58.0  508
2  48.0  477
3  58.0  485
4  27.0  304
5  52.0  511
6  25.0  432
7  28.0  408
1  92.0  506
2  19.0  268
3  38.0  551
4  55.0  480
5  60.0  612
6  32.0  553
7  48.0  587
1  50.0  497
2  37.0  464
3  63.0  515
4  25.0  364
5  23.0  443
6  34.0  493
7  50.0  536
1  95.0  532
2  27.0  331
3  41.0  488
4  38.0  480
5  29.0  505
6  82.0  642
7  47.0  515
1  66.0  496
2  62.0  504
3  43.0  492
4  56.0  540
5  44.0  580
6  45.0  538
7  26.0  370
1  25.0  265
2  34.0  430
3  63.0  552
4  56.0  614
5  34.0  492
6  32.0  547
7  30.0  501
1  47.0  421
2  26.0  458
3  55.0  509
4  45.0  446
5  52.0  543
6  42.0  524
7  31.0  516
1  69.0  496
2  54.0  523
3  78.0  509
4  31.0  423
5  65.0  584
6  35.0  594
7  83.0  486
1  27.0  506
2  56.0  413
3  13.0  352
4  64.0  562
5  52.0  525
6  43.0  466
7  30.0  415
1  41.0  470
2  52.0  453
3  39.0  491
4  45.0  556
5  40.0  459
6  43.0  622
7  46.0  458
1  55.0  514
2  46.0  449
3  40.0  364
4  49.0  537
5  30.0  566
6  71.0  536
7  47.0  511
1  29.0  508
2  19.0  380
3  54.0  521
4  24.0  296
5  33.0  354
6  41.0  485
7  34.0  450
1  0.0  345
2  26.0  272
3  48.0  467
4  49.0  349
5  45.0  478
6  57.0  564
7  68.0  593
1  30.0  367
2  38.0  394
3  18.0  278
4  68.0  521
5  48.0  461
6  35.0  578
7  48.0  550
1  36.0  501
2  45.0  403
3  31.0  352
4  59.0  519
5  48.0  477
6  22.0  358
7  30.0  526
1  68.0  508
2  40.0  525
3  32.0  538
4  41.0  508
5  32.0  607
6  27.0  478
7  28.0  488
1  37.0  430
2  28.0  475
3  69.0  502
4  51.0  519
5  37.0  550
6  55.0  588
7  37.0  582
1  91.0  501
2  49.0  428
3  20.0  516
4  55.0  488
5  27.0  555
6  50.0  502
7  25.0  546
1  47.0  463
2  59.0  538
3  63.0  499
4  55.0  574
5  52.0  560
6  32.0  575
7  25.0  521
1  51.0  352
2  49.0  495
3  28.0  361
4  66.0  551
5  51.0  557
6  26.0  611
7  42.0  535
1  65.0  484
2  35.0  524
3  60.0  494
4  41.0  455
5  33.0  489
6  60.0  553
7  51.0  554
1  44.0  433
2  50.0  437
3  35.0  522
4  61.0  500
5  28.0  395
6  51.0  596
7  60.0  632
1  46.0  510
2  44.0  517
3  62.0  536
4  40.0  456
5  45.0  510
6  41.0  561
7  54.0  629
1  38.0  497
2  31.0  365
3  32.0  396
4  10.0  387
5  67.0  623
6  34.0  536
7  54.0  624
1  95.0  494
2  19.0  358
3  57.0  510
4  53.0  629
5  75.0  467
6  35.0  509
7  30.0  479
1  51.0  483
2  49.0  383
3  45.0  475
4  74.0  572
5  52.0  518
6  46.0  552
7  54.0  506
1  42.0  519
2  31.0  357
3  60.0  541
4  58.0  486
5  35.0  470
6  40.0  417
7  19.0  486
1  49.0  432
2  70.0  520
3  55.0  515
4  43.0  470
5  39.0  538
6  56.0  604
7  64.0  467
1  72.0  512
2  86.0  502
3  61.0  559
4  51.0  512
5  41.0  502
6  61.0  573
7  46.0  703
1  50.0  486
2  45.0  485
3  64.0  543
4  62.0  515
5  64.0  611
6  38.0  496
7  42.0  536
1  22.0  340
2  28.0  401
3  46.0  516
4  60.0  527
5  11.0  383
6  17.0  435
7  12.0  456
1  67.0  487
2  56.0  474
3  86.0  533
4  46.0  490
5  37.0  479
6  28.0  533
7  27.0  469
1  30.0  441
2  43.0  467
3  47.0  533
4  71.0  505
5  51.0  530
6  74.0  457
7  36.0  432
1  24.0  346
2  51.0  507
3  24.0  497
4  39.0  498
5  59.0  575
6  56.0  561
7  47.0  589
1  5.0  319
2  63.0  523
3  82.0  523
4  50.0  571
5  42.0  485
6  41.0  625
7  40.0  532
1  31.0  510
2  33.0  361
3  52.0  505
4  48.0  486
5  79.0  523
6  34.0  501
7  39.0  550
1  42.0  410
2  38.0  316
3  21.0  468
4  25.0  344
5  43.0  557
6  56.0  537
7  32.0  501
1  34.0  374
2  31.0  338
3  44.0  463
4  47.0  532
5  27.0  475
6  22.0  252
7  31.0  546
1  9.0  389
2  60.0  526
3  20.0  354
4  45.0  431
5  52.0  515
6  12.0  241
7  38.0  639
1  51.0  503
2  30.0  490
3  31.0  458
4  32.0  439
5  56.0  631
6  42.0  513
7  60.0  554
1  25.0  330
2  57.0  491
3  26.0  496
4  70.0  536
5  46.0  509
6  26.0  460
7  25.0  555
1  44.0  514
2  42.0  515
3  40.0  542
4  64.0  559
5  58.0  545
6  31.0  601
7  23.0  549
1  31.0  505
2  58.0  506
3  14.0  370
4  12.0  274
5  69.0  601
6  44.0  492
7  25.0  369
1  38.0  494
2  71.0  472
3  73.0  533
4  54.0  522
5  42.0  529
6  43.0  543
7  21.0  405
1  24.0  440
2  77.0  544
3  10.0  389
4  53.0  504
5  29.0  483
6  16.0  278
7  45.0  563
1  66.0  498
2  32.0  303
3  32.0  416
4  27.0  409
5  61.0  507
6  20.0  350
7  26.0  573
1  68.0  494
2  67.0  531
3  21.0  413
4  41.0  442
5  32.0  520
6  81.0  507
7  43.0  514
1  51.0  493
2  36.0  516
3  68.0  527
4  29.0  427
5  30.0  387
6  25.0  435
7  44.0  639
1  41.0  507
2  51.0  464
3  39.0  376
4  24.0  378
5  58.0  529
6  38.0  674
7  64.0  559
1  66.0  502
2  60.0  442
3  46.0  405
4  31.0  528
5  38.0  474
6  61.0  639
7  50.0  525
1  24.0  306
2  60.0  514
3  15.0  338
4  36.0  463
5  49.0  542
6  36.0  481
7  45.0  509
1  84.0  522
2  74.0  530
3  43.0  519
4  69.0  537
5  40.0  458
6  28.0  497
7  22.0  415
1  39.0  368
2  45.0  542
3  71.0  506
4  25.0  382
5  30.0  479
6  33.0  553
7  49.0  538
1  28.0  517
2  39.0  374
3  46.0  422
4  57.0  555
5  86.0  521
6  66.0  496
7  65.0  555
1  80.0  508
2  36.0  385
3  65.0  550
4  81.0  455
5  60.0  499
6  33.0  463
7  35.0  499
1  4.0  307
2  78.0  524
3  23.0  433
4  86.0  543
5  31.0  503
6  43.0  554
7  11.0  398
1  66.0  512
2  75.0  509
3  80.0  547
4  42.0  488
5  50.0  581
6  28.0  535
7  33.0  467
1  46.0  494
2  38.0  423
3  33.0  440
4  40.0  559
5  51.0  568
6  35.0  544
7  36.0  422
1  81.0  510
2  91.0  534
3  40.0  473
4  27.0  457
5  58.0  534
6  23.0  578
7  40.0  528
