1  36.0  3695
2  31.600000000000001  3278
3  27.100000000000001  2757
4  17.100000000000001  2387
5  25.300000000000001  2656
1  34.700000000000003  3639
2  34.399999999999999  3556
3  30.800000000000001  3030
4  26.5  2971
5  13.199999999999999  1914
1  28.699999999999999  3102
2  37.700000000000003  3582
3  29.0  3052
4  32.100000000000001  3099
5  13.9  2101
1  34.5  3381
2  36.5  3362
3  24.899999999999999  2953
4  18.800000000000001  2408
5  18.0  2551
1  35.600000000000001  3475
2  33.299999999999997  3358
3  29.399999999999999  3243
4  28.800000000000001  2775
5  15.800000000000001  2091
1  38.799999999999997  3710
2  27.100000000000001  3400
3  25.600000000000001  3214
4  16.199999999999999  2413
5  21.699999999999999  2036
1  37.0  3821
2  29.5  3373
3  31.800000000000001  3271
4  27.5  2562
5  28.300000000000001  2775
1  28.800000000000001  3363
2  28.100000000000001  3056
3  36.100000000000001  3384
4  32.899999999999999  3024
5  21.300000000000001  2630
1  35.200000000000003  3520
2  30.300000000000001  3208
3  23.5  2619
4  20.5  2759
5  19.600000000000001  2418
1  41.799999999999997  3508
2  25.300000000000001  3026
3  23.5  2780
4  30.5  2788
5  27.399999999999999  2820
1  31.100000000000001  3385
2  36.700000000000003  3276
3  26.0  2837
4  22.300000000000001  2677
5  23.399999999999999  2649
1  37.399999999999999  3862
2  36.200000000000003  3279
3  18.300000000000001  2565
4  27.600000000000001  2601
5  16.5  2260
1  27.600000000000001  3329
2  32.700000000000003  3344
3  21.699999999999999  2446
4  31.600000000000001  3082
5  23.600000000000001  2628
1  36.200000000000003  3393
2  37.299999999999997  3709
3  28.899999999999999  2942
4  25.5  2868
5  20.300000000000001  2495
1  44.299999999999997  3801
2  32.700000000000003  3001
3  19.699999999999999  2663
4  29.800000000000001  2703
5  15.0  2256
1  39.200000000000003  3797
2  26.0  2865
3  19.800000000000001  2484
4  33.399999999999999  2798
5  21.300000000000001  2461
1  38.200000000000003  3500
2  38.899999999999999  3654
3  19.300000000000001  2502
4  21.399999999999999  2273
5  24.199999999999999  2639
1  31.699999999999999  3054
2  35.899999999999999  3413
3  28.899999999999999  2969
4  19.399999999999999  2720
5  20.800000000000001  2268
1  35.399999999999999  3367
2  26.600000000000001  3666
3  28.300000000000001  2851
4  34.299999999999997  3023
5  17.199999999999999  2558
1  40.100000000000001  3855
2  38.100000000000001  3558
3  34.700000000000003  3275
4  23.199999999999999  2610
5  19.699999999999999  2299
1  33.100000000000001  3804
2  31.5  3313
3  25.699999999999999  2903
4  20.300000000000001  2563
5  18.0  2387
1  40.700000000000003  3751
2  41.5  3292
3  23.899999999999999  2619
4  28.5  2861
5  24.0  2572
1  39.0  3637
2  24.600000000000001  3064
3  29.399999999999999  2719
4  24.399999999999999  2648
5  20.399999999999999  2454
1  42.100000000000001  3731
2  38.299999999999997  3649
3  30.699999999999999  3058
4  16.800000000000001  2259
5  18.0  2098
1  41.700000000000003  3921
2  37.600000000000001  3534
3  27.199999999999999  2819
4  23.300000000000001  2608
5  10.4  2163
1  39.299999999999997  3983
2  25.100000000000001  3118
3  27.600000000000001  3063
4  17.5  2412
5  22.100000000000001  2288
1  39.700000000000003  3769
2  29.5  2933
3  28.5  3331
4  27.199999999999999  2600
5  21.600000000000001  2391
1  42.100000000000001  3910
2  28.5  3215
3  26.100000000000001  2837
4  28.800000000000001  2672
5  20.0  1974
1  28.800000000000001  3020
2  38.200000000000003  3214
3  23.800000000000001  3013
4  21.800000000000001  2675
5  19.300000000000001  2403
1  42.299999999999997  3725
2  34.5  3174
3  31.699999999999999  2970
4  30.100000000000001  2413
5  9.9000000000000004  1913
1  36.899999999999999  3547
2  37.0  3699
3  42.299999999999997  3504
4  24.800000000000001  3141
5  13.300000000000001  2268
1  32.5  3291
2  44.5  3708
3  35.700000000000003  3114
4  24.699999999999999  2623
5  18.600000000000001  2371
1  37.299999999999997  3872
2  39.600000000000001  3333
3  28.399999999999999  3225
4  19.199999999999999  2706
5  14.4  2289
1  45.200000000000003  3679
2  29.800000000000001  3067
3  32.5  2803
4  29.699999999999999  2883
5  20.699999999999999  2157
1  43.399999999999999  3662
2  42.899999999999999  3632
3  29.899999999999999  2894
4  19.399999999999999  2392
5  22.0  2590
1  33.299999999999997  3205
2  37.299999999999997  3562
3  19.100000000000001  2238
4  19.300000000000001  2528
5  20.199999999999999  2276
1  34.100000000000001  3829
2  36.100000000000001  3501
3  24.199999999999999  2439
4  20.100000000000001  2461
5  21.600000000000001  2454
1  32.5  3297
2  43.100000000000001  3805
3  19.899999999999999  2554
4  21.899999999999999  2669
5  22.899999999999999  2390
1  41.100000000000001  3587
2  34.799999999999997  3430
3  27.699999999999999  3048
4  13.699999999999999  2040
5  19.800000000000001  2629
1  30.800000000000001  3417
2  34.700000000000003  3189
3  30.300000000000001  2788
4  17.399999999999999  2706
5  20.699999999999999  2692
1  51.799999999999997  4168
2  37.5  3497
3  22.699999999999999  2417
4  18.100000000000001  2304
5  22.300000000000001  2381
1  38.200000000000003  3806
2  28.5  2830
3  28.699999999999999  3220
4  25.199999999999999  2591
5  16.899999999999999  2359
1  41.899999999999999  3757
2  36.299999999999997  3544
3  26.699999999999999  2592
4  28.199999999999999  2930
5  17.199999999999999  2377
1  34.899999999999999  3488
2  33.100000000000001  3354
3  28.800000000000001  3145
4  23.600000000000001  2629
5  21.0  2400
1  35.100000000000001  3330
2  36.100000000000001  3718
3  28.300000000000001  2829
4  14.800000000000001  2289
5  26.100000000000001  2538
1  35.0  3270
2  40.899999999999999  3338
3  34.200000000000003  2993
4  17.800000000000001  2884
5  26.199999999999999  2560
1  39.200000000000003  3595
2  41.600000000000001  3512
3  32.299999999999997  2950
4  27.5  2801
5  21.600000000000001  2186
1  36.100000000000001  3143
2  40.299999999999997  3137
3  40.100000000000001  3256
4  19.0  2322
5  16.100000000000001  2282
1  36.5  3555
2  34.299999999999997  3211
3  25.0  2701
4  32.700000000000003  2985
5  14.699999999999999  1893
1  38.600000000000001  3634
2  39.600000000000001  3666
3  29.399999999999999  3113
4  27.0  2639
5  17.899999999999999  2165
1  43.299999999999997  4001
2  40.799999999999997  3616
3  21.899999999999999  2619
4  22.100000000000001  2839
5  28.0  2542
1  30.199999999999999  3225
2  26.899999999999999  3564
3  28.300000000000001  2985
4  22.399999999999999  2265
5  20.0  2175
1  44.700000000000003  3845
2  38.200000000000003  3669
3  30.100000000000001  2995
4  29.5  3049
5  16.5  2216
1  41.5  3927
2  36.100000000000001  3665
3  27.699999999999999  3098
4  15.9  2414
5  23.899999999999999  2482
1  42.200000000000003  3643
2  41.0  3301
3  22.0  2522
4  20.800000000000001  2523
5  18.199999999999999  2435
1  45.100000000000001  3726
2  24.5  2660
3  23.399999999999999  2520
4  22.600000000000001  2693
5  20.300000000000001  2572
1  39.0  3789
2  44.399999999999999  3258
3  28.199999999999999  2880
4  26.5  2440
5  20.800000000000001  2444
1  38.100000000000001  3851
2  40.5  3567
3  15.199999999999999  2182
4  24.100000000000001  2472
5  20.300000000000001  2495
1  42.200000000000003  3682
2  22.899999999999999  2798
3  19.699999999999999  2580
4  30.199999999999999  3078
5  26.600000000000001  2476
1  31.100000000000001  3480
2  43.200000000000003  3776
3  24.100000000000001  2967
4  27.800000000000001  2573
5  26.300000000000001  2237
1  38.799999999999997  3852
2  34.200000000000003  3305
3  39.899999999999999  3583
4  18.399999999999999  2440
5  23.800000000000001  2366
1  45.200000000000003  3856
2  28.300000000000001  3313
3  28.0  2991
4  27.100000000000001  2875
5  21.5  2206
1  26.800000000000001  3449
2  28.199999999999999  3346
3  20.699999999999999  2751
4  29.399999999999999  2562
5  17.899999999999999  2323
1  39.600000000000001  3811
2  37.600000000000001  3780
3  16.399999999999999  2618
4  26.899999999999999  2840
5  25.5  2437
1  41.399999999999999  4053
2  30.399999999999999  3134
3  31.800000000000001  2993
4  21.0  2732
5  18.300000000000001  2283
1  40.299999999999997  3971
2  30.699999999999999  3036
3  22.5  2867
4  25.600000000000001  2740
5  23.100000000000001  2408
1  37.0  3908
2  47.5  3418
3  23.0  2502
4  18.5  2504
5  28.300000000000001  2521
1  32.5  3433
2  33.600000000000001  3098
3  22.800000000000001  3170
4  23.399999999999999  2547
5  23.300000000000001  2536
1  34.200000000000003  3480
2  38.600000000000001  3460
3  23.699999999999999  2797
4  25.899999999999999  2804
5  20.5  2346
1  36.399999999999999  3944
2  32.700000000000003  3367
3  26.699999999999999  2735
4  24.399999999999999  2629
5  26.600000000000001  2735
1  37.399999999999999  3787
2  37.299999999999997  3464
3  31.600000000000001  3160
4  13.300000000000001  2215
5  23.100000000000001  2670
1  33.899999999999999  3358
2  37.100000000000001  3070
3  22.399999999999999  2441
4  27.0  2462
5  16.100000000000001  2044
1  37.600000000000001  3858
2  33.600000000000001  3477
3  23.699999999999999  2833
4  26.0  2830
5  10.300000000000001  2140
1  34.899999999999999  3736
2  33.5  3427
3  26.699999999999999  2796
4  26.300000000000001  2611
5  11.699999999999999  1980
1  39.600000000000001  3763
2  30.0  3086
3  22.699999999999999  2936
4  26.199999999999999  2749
5  20.699999999999999  2308
1  21.800000000000001  3225
2  38.5  3535
3  24.800000000000001  2873
4  23.0  2633
5  31.5  2723
1  29.100000000000001  3219
2  36.5  3290
3  23.899999999999999  2451
4  25.800000000000001  2338
5  19.5  2201
1  42.700000000000003  3959
2  30.199999999999999  3468
3  20.0  2915
4  27.899999999999999  2748
5  20.699999999999999  2502
1  32.600000000000001  3344
2  28.600000000000001  3326
3  19.300000000000001  2580
4  26.0  2972
5  17.899999999999999  2200
1  29.399999999999999  3374
2  34.0  3441
3  25.899999999999999  3011
4  23.600000000000001  2222
5  23.699999999999999  2604
1  27.399999999999999  3255
2  42.0  3764
3  33.200000000000003  3014
4  23.600000000000001  2748
5  17.100000000000001  2369
1  32.700000000000003  3569
2  27.199999999999999  2825
3  22.600000000000001  2293
4  24.399999999999999  2699
5  26.399999999999999  2823
1  36.299999999999997  3446
2  38.399999999999999  3389
3  27.100000000000001  3182
4  25.399999999999999  2674
5  22.5  2307
1  41.899999999999999  3441
2  31.699999999999999  3675
3  21.699999999999999  2749
4  32.100000000000001  2966
5  19.600000000000001  2399
1  44.899999999999999  4073
2  35.600000000000001  3382
3  29.199999999999999  2753
4  29.800000000000001  2749
5  14.300000000000001  2062
1  38.200000000000003  4080
2  44.799999999999997  3858
3  24.5  2772
4  21.899999999999999  2261
5  23.899999999999999  2870
1  41.100000000000001  3643
2  28.600000000000001  3315
3  38.700000000000003  3137
4  20.800000000000001  2563
5  20.699999999999999  2215
1  33.5  3314
2  34.600000000000001  3626
3  38.5  3302
4  14.6  2150
5  19.699999999999999  2253
1  45.200000000000003  3845
2  41.5  3766
3  28.399999999999999  2949
4  32.399999999999999  2628
5  18.199999999999999  2234
1  47.200000000000003  3842
2  43.700000000000003  3751
3  20.899999999999999  2847
4  21.399999999999999  2389
5  22.600000000000001  2783
1  41.100000000000001  3977
2  31.399999999999999  3209
3  20.199999999999999  2709
4  24.199999999999999  2652
5  20.899999999999999  2561
1  40.0  3259
2  42.799999999999997  3700
3  36.600000000000001  3387
4  25.5  2826
5  24.899999999999999  2795
1  32.200000000000003  3503
2  32.5  3148
3  35.5  3383
4  28.199999999999999  2993
5  25.399999999999999  2332
1  47.399999999999999  4047
2  32.600000000000001  3363
3  21.600000000000001  2682
4  26.5  3076
5  25.399999999999999  2503
1  49.700000000000003  3956
2  38.799999999999997  3710
3  25.399999999999999  2756
4  21.199999999999999  2616
5  21.5  2281
1  42.100000000000001  3935
2  36.100000000000001  3327
3  28.899999999999999  3125
4  14.699999999999999  2316
5  14.4  2367
1  40.600000000000001  3592
2  37.100000000000001  3252
3  19.800000000000001  2847
4  26.0  2506
5  25.600000000000001  2384
1  39.100000000000001  3445
2  38.0  3459
3  32.100000000000001  3243
4  20.399999999999999  2709
5  23.300000000000001  2648
1  34.5  3428
2  33.299999999999997  3525
3  27.199999999999999  3020
4  22.199999999999999  2635
5  23.300000000000001  2154
1  39.399999999999999  3850
2  40.200000000000003  3459
3  27.300000000000001  3013
4  21.800000000000001  2499
5  19.800000000000001  2519
