1  39.0  493
2  37.0  262
3  87.0  238
4  68.0  378
5  61.0  436
6  48.0  325
7  32.0  322
1  51.0  529
2  71.0  376
3  33.0  436
4  51.0  322
5  46.0  509
6  30.0  244
7  37.0  431
1  74.0  304
2  64.0  363
3  16.0  337
4  32.0  501
5  37.0  498
6  66.0  445
7  18.0  434
1  69.0  382
2  92.0  254
3  76.0  335
4  59.0  462
5  38.0  493
6  57.0  313
7  46.0  429
1  47.0  476
2  75.0  319
3  65.0  352
4  46.0  455
5  30.0  395
6  29.0  482
7  50.0  450
1  23.0  317
2  46.0  599
3  35.0  447
4  41.0  324
5  27.0  521
6  56.0  463
7  40.0  331
1  47.0  628
2  47.0  476
3  8.0  240
4  21.0  320
5  21.0  533
6  47.0  314
7  39.0  474
1  70.0  352
2  31.0  213
3  47.0  372
4  43.0  349
5  23.0  389
6  75.0  329
7  14.0  423
1  59.0  456
2  22.0  287
3  67.0  279
4  59.0  416
5  30.0  438
6  48.0  489
7  23.0  475
1  72.0  359
2  45.0  276
3  60.0  387
4  59.0  308
5  37.0  442
6  53.0  405
7  40.0  346
1  45.0  477
2  77.0  376
3  45.0  506
4  70.0  345
5  45.0  506
6  40.0  371
7  22.0  486
1  45.0  280
2  24.0  412
3  59.0  353
4  29.0  456
5  57.0  446
6  39.0  423
7  23.0  482
1  9.0  408
2  14.0  254
3  43.0  319
4  36.0  494
5  19.0  320
6  65.0  421
7  38.0  541
1  51.0  414
2  30.0  342
3  47.0  468
4  33.0  457
5  71.0  368
6  15.0  317
7  43.0  416
1  36.0  412
2  59.0  413
3  51.0  435
4  36.0  552
5  22.0  457
6  62.0  442
7  51.0  382
1  54.0  382
2  76.0  385
3  68.0  349
4  35.0  430
5  28.0  382
6  37.0  393
7  35.0  402
1  31.0  245
2  47.0  394
3  49.0  312
4  30.0  354
5  79.0  322
6  26.0  315
7  77.0  289
1  40.0  321
2  28.0  345
3  32.0  462
4  54.0  410
5  19.0  288
6  47.0  335
7  30.0  536
1  64.0  407
2  60.0  263
3  79.0  342
4  41.0  299
5  30.0  431
6  55.0  439
7  44.0  397
1  18.0  712
2  59.0  361
3  55.0  372
4  22.0  212
5  32.0  456
6  51.0  378
7  24.0  347
1  5.0  438
2  44.0  282
3  42.0  431
4  44.0  436
5  32.0  470
6  46.0  373
7  55.0  340
1  62.0  418
2  69.0  394
3  39.0  164
4  50.0  467
5  52.0  458
6  31.0  323
7  35.0  483
1  33.0  453
2  42.0  542
3  41.0  396
4  47.0  329
5  53.0  363
6  30.0  466
7  25.0  361
1  25.0  486
2  46.0  273
3  77.0  359
4  60.0  384
5  71.0  353
6  60.0  413
7  60.0  392
1  72.0  366
2  63.0  387
3  71.0  296
4  80.0  329
5  42.0  433
6  23.0  582
7  60.0  328
1  46.0  406
2  70.0  433
3  61.0  381
4  31.0  356
5  31.0  326
6  36.0  513
7  29.0  377
1  66.0  331
2  39.0  300
3  34.0  429
4  37.0  441
5  60.0  459
6  31.0  426
7  58.0  437
1  15.0  456
2  29.0  504
3  43.0  384
4  33.0  200
5  24.0  459
6  26.0  500
7  61.0  377
1  56.0  493
2  76.0  331
3  28.0  426
4  84.0  295
5  39.0  466
6  20.0  364
7  29.0  630
1  60.0  333
2  72.0  276
3  41.0  369
4  88.0  293
5  37.0  472
6  50.0  418
7  34.0  523
1  70.0  361
2  35.0  406
3  36.0  251
4  29.0  242
5  40.0  430
6  51.0  329
7  42.0  344
1  37.0  513
2  31.0  337
3  60.0  329
4  18.0  314
5  29.0  433
6  63.0  434
7  40.0  542
1  75.0  365
2  19.0  340
3  51.0  317
4  21.0  343
5  37.0  535
6  55.0  358
7  35.0  590
1  28.0  273
2  33.0  441
3  52.0  486
4  50.0  310
5  61.0  476
6  66.0  488
7  19.0  427
1  52.0  415
2  48.0  368
3  83.0  336
4  55.0  314
5  44.0  259
6  31.0  453
7  72.0  290
1  54.0  223
2  34.0  320
3  53.0  364
4  36.0  451
5  53.0  266
6  23.0  310
7  49.0  506
1  77.0  289
2  49.0  404
3  20.0  207
4  57.0  358
5  38.0  487
6  27.0  483
7  67.0  370
1  20.0  288
2  50.0  325
3  94.0  244
4  32.0  470
5  38.0  219
6  75.0  344
7  27.0  439
1  58.0  485
2  65.0  393
3  52.0  298
4  49.0  360
5  32.0  496
6  14.0  381
7  42.0  405
1  78.0  278
2  88.0  267
3  73.0  346
4  55.0  427
5  60.0  461
6  32.0  525
7  30.0  410
1  12.0  511
2  43.0  348
3  36.0  208
4  83.0  288
5  56.0  336
6  52.0  392
7  46.0  436
1  46.0  349
2  11.0  402
3  26.0  191
4  43.0  439
5  26.0  424
6  62.0  446
7  59.0  495
1  4.0  430
2  35.0  340
3  91.0  263
4  68.0  415
5  61.0  439
6  61.0  417
7  40.0  328
1  52.0  444
2  44.0  385
3  32.0  502
4  63.0  397
5  50.0  358
6  40.0  437
7  36.0  514
1  42.0  437
2  35.0  355
3  57.0  416
4  33.0  355
5  51.0  447
6  41.0  416
7  49.0  417
1  72.0  331
2  45.0  408
3  33.0  473
4  46.0  406
5  22.0  464
6  28.0  486
7  33.0  496
1  38.0  544
2  33.0  413
3  59.0  319
4  52.0  352
5  43.0  379
6  54.0  487
7  92.0  254
1  70.0  394
2  13.0  272
3  48.0  356
4  28.0  347
5  46.0  443
6  40.0  347
7  16.0  497
1  69.0  367
2  46.0  453
3  39.0  620
4  51.0  252
5  39.0  388
6  20.0  441
7  31.0  522
1  73.0  369
2  48.0  517
3  40.0  416
4  68.0  368
5  45.0  406
6  57.0  357
7  35.0  435
1  75.0  353
2  24.0  270
3  39.0  269
4  49.0  379
5  26.0  470
6  24.0  307
7  38.0  420
1  23.0  283
2  30.0  428
3  35.0  573
4  43.0  412
5  66.0  407
6  23.0  456
7  49.0  431
1  85.0  289
2  57.0  417
3  73.0  438
4  56.0  365
5  41.0  469
6  59.0  350
7  22.0  291
1  32.0  335
2  42.0  417
3  16.0  354
4  38.0  505
5  45.0  353
6  52.0  422
7  37.0  457
1  32.0  626
2  15.0  260
3  83.0  292
4  60.0  335
5  52.0  447
6  17.0  392
7  67.0  411
1  14.0  166
2  31.0  379
3  45.0  244
4  45.0  336
5  43.0  430
6  70.0  373
7  43.0  576
1  26.0  417
2  77.0  297
3  70.0  416
4  44.0  325
5  48.0  453
6  54.0  515
7  79.0  276
1  35.0  309
2  50.0  376
3  47.0  360
4  27.0  276
5  66.0  389
6  68.0  388
7  54.0  470
1  36.0  423
2  56.0  337
3  47.0  287
4  52.0  270
5  14.0  301
6  49.0  439
7  47.0  372
1  42.0  373
2  23.0  166
3  30.0  531
4  47.0  377
5  58.0  302
6  26.0  403
7  50.0  466
1  29.0  271
2  65.0  409
3  49.0  311
4  42.0  431
5  17.0  319
6  67.0  416
7  57.0  401
1  47.0  427
2  68.0  402
3  36.0  649
4  51.0  540
5  51.0  495
6  47.0  451
7  61.0  526
1  46.0  426
2  79.0  355
3  51.0  344
4  47.0  423
5  64.0  370
6  36.0  508
7  27.0  559
1  53.0  311
2  18.0  273
3  39.0  458
4  30.0  661
5  49.0  434
6  29.0  380
7  15.0  338
1  16.0  495
2  29.0  444
3  65.0  394
4  59.0  329
5  44.0  271
6  48.0  322
7  56.0  410
1  55.0  407
2  24.0  486
3  46.0  328
4  51.0  418
5  15.0  351
6  47.0  415
7  49.0  482
1  64.0  393
2  45.0  517
3  45.0  460
4  59.0  389
5  66.0  538
6  33.0  405
7  46.0  498
1  8.0  412
2  48.0  483
3  29.0  376
4  45.0  291
5  64.0  268
6  65.0  348
7  52.0  413
1  35.0  317
2  44.0  418
3  37.0  411
4  7.0  168
5  34.0  472
6  26.0  378
7  42.0  344
1  60.0  347
2  57.0  316
3  53.0  382
4  39.0  441
5  60.0  394
6  47.0  437
7  37.0  387
1  15.0  442
2  71.0  381
3  54.0  379
4  34.0  216
5  42.0  503
6  41.0  403
7  31.0  338
1  58.0  418
2  43.0  469
3  30.0  433
4  41.0  389
5  46.0  533
6  41.0  356
7  30.0  365
1  26.0  510
2  86.0  352
3  73.0  381
4  64.0  317
5  22.0  449
6  40.0  233
7  49.0  484
1  46.0  550
2  51.0  332
3  46.0  375
4  48.0  392
5  28.0  435
6  40.0  465
7  36.0  325
1  48.0  347
2  69.0  270
3  45.0  223
4  25.0  517
5  50.0  483
6  26.0  291
7  28.0  543
1  15.0  168
2  36.0  468
3  50.0  466
4  33.0  379
5  81.0  336
6  31.0  533
7  46.0  408
1  72.0  384
2  35.0  421
3  47.0  451
4  23.0  345
5  27.0  391
6  5.0  618
7  47.0  527
1  63.0  328
2  44.0  497
3  59.0  313
4  63.0  384
5  72.0  376
6  14.0  286
7  12.0  335
1  57.0  427
2  70.0  337
3  67.0  427
4  54.0  396
5  63.0  430
6  34.0  523
7  43.0  649
1  56.0  383
2  17.0  377
3  53.0  384
4  32.0  283
5  9.0  281
6  47.0  313
7  20.0  430
1  51.0  350
2  41.0  593
3  50.0  408
4  45.0  480
5  53.0  508
6  35.0  592
7  39.0  520
1  13.0  332
2  40.0  402
3  42.0  507
4  57.0  472
5  60.0  341
6  30.0  295
7  67.0  392
1  53.0  372
2  33.0  497
3  38.0  422
4  42.0  400
5  34.0  444
6  45.0  431
7  55.0  462
1  21.0  256
2  42.0  362
3  51.0  445
4  32.0  430
5  43.0  353
6  38.0  325
7  47.0  494
1  71.0  380
2  23.0  324
3  54.0  478
4  32.0  323
5  55.0  479
6  62.0  415
7  13.0  539
1  51.0  489
2  3.0  213
3  23.0  337
4  66.0  453
5  54.0  274
6  23.0  314
7  32.0  436
1  8.0  298
2  20.0  390
3  68.0  302
4  35.0  297
5  34.0  521
6  17.0  440
7  47.0  469
1  69.0  368
2  70.0  380
3  44.0  562
4  63.0  419
5  53.0  494
6  65.0  410
7  59.0  412
1  45.0  257
2  85.0  273
3  35.0  468
4  32.0  426
5  67.0  383
6  50.0  430
7  15.0  524
1  93.0  267
2  32.0  355
3  64.0  292
4  50.0  364
5  69.0  302
6  44.0  262
7  48.0  360
1  33.0  457
2  44.0  614
3  52.0  508
4  60.0  317
5  17.0  440
6  40.0  454
7  21.0  537
1  34.0  240
2  61.0  453
3  45.0  395
4  56.0  517
5  62.0  387
6  32.0  326
7  53.0  481
1  47.0  468
2  19.0  254
3  82.0  329
4  45.0  444
5  68.0  384
6  40.0  424
7  50.0  516
1  79.0  318
2  60.0  366
3  30.0  477
4  57.0  398
5  6.0  168
6  40.0  389
7  33.0  447
1  25.0  278
2  55.0  406
3  41.0  479
4  39.0  476
5  31.0  360
6  35.0  375
7  29.0  414
1  82.0  326
2  52.0  436
3  39.0  426
4  54.0  501
5  34.0  326
6  34.0  542
7  66.0  345
1  55.0  453
2  55.0  274
3  55.0  320
4  57.0  320
5  41.0  398
6  40.0  359
7  19.0  585
1  49.0  545
2  91.0  244
3  0.0  240
4  41.0  399
5  43.0  316
6  52.0  394
7  54.0  375
1  70.0  405
2  24.0  263
3  48.0  346
4  32.0  405
5  55.0  472
6  31.0  280
7  30.0  463
1  42.0  358
2  43.0  346
3  76.0  404
4  41.0  534
5  10.0  374
6  33.0  517
7  44.0  479
