1  27.0  744.0
1  58.0  799.0
1  56.0  750.0
1  44.0  622.0
1  41.0  549.0
1  64.0  770.0
1  46.0  664.0
1  36.0  880.0
1  23.0  543.0
1  34.0  603.0
1  9.0  796.0
1  63.0  608.0
1  37.0  730.0
1  45.0  509.0
1  30.0  543.0
1  45.0  681.0
1  57.0  620.0
1  84.0  853.0
1  40.0  696.0
1  92.0  945.0
2  27.0  426.0
2  36.0  582.0
2  46.0  722.0
2  23.0  553.0
2  6.0  227.0
2  61.0  701.0
2  51.0  766.0
2  51.0  649.0
2  55.0  761.0
2  61.0  769.0
2  41.0  656.0
2  70.0  925.0
2  41.0  979.0
2  35.0  938.0
2  43.0  659.0
2  41.0  609.0
2  54.0  770.0
2  45.0  682.0
2  10.0  289.0
2  48.0  808.0
3  25.0  459.0
3  16.0  423.0
3  38.0  756.0
3  72.0  716.0
3  70.0  922.0
3  47.0  755.0
3  41.0  555.0
3  25.0  433.0
3  74.0  1207.0
3  58.0  658.0
3  35.0  638.0
3  58.0  894.0
3  4.0  392.0
3  31.0  386.0
3  65.0  666.0
3  63.0  705.0
3  65.0  658.0
3  25.0  410.0
3  17.0  659.0
3  0.0  0.0
4  17.0  406.0
4  60.0  721.0
4  100.0  600.0
4  0.0  204.0
4  32.0  300.0
4  55.0  616.0
4  12.0  592.0
4  59.0  989.0
4  12.0  369.0
4  27.0  517.0
4  80.0  813.0
4  19.0  668.0
4  20.0  469.0
4  33.0  410.0
4  66.0  772.0
4  0.0  379.0
4  21.0  416.0
4  48.0  888.0
4  45.0  845.0
4  48.0  905.0
5  49.0  748.0
5  20.0  459.0
5  60.0  651.0
5  32.0  570.0
5  44.0  800.0
5  52.0  615.0
5  51.0  688.0
5  69.0  974.0
5  16.0  617.0
5  55.0  1200.0
5  45.0  671.0
5  41.0  721.0
5  51.0  601.0
5  55.0  882.0
5  35.0  679.0
5  33.0  550.0
5  12.0  313.0
5  50.0  781.0
5  36.0  669.0
5  74.0  668.0
