1  90.0  170.0
1  84.0  241.0
1  49.0  224.0
1  58.0  217.0
1  70.0  270.0
1  83.0  171.0
1  74.0  314.0
1  100.0  32.0
1  100.0  78.0
1  69.0  202.0
1  74.0  229.0
1  100.0  33.0
1  20.0  152.0
1  71.0  158.0
1  100.0  18.0
1  76.0  347.0
1  14.0  186.0
1  0.0  300.0
1  74.0  212.0
1  8.0  869.0
2  89.0  107.0
2  93.0  52.0
2  68.0  258.0
2  79.0  178.0
2  71.0  311.0
2  49.0  143.0
2  77.0  243.0
2  11.0  218.0
2  71.0  245.0
2  97.0  81.0
2  90.0  120.0
2  66.0  408.0
2  71.0  357.0
2  64.0  142.0
2  84.0  111.0
2  69.0  320.0
2  63.0  147.0
2  95.0  54.0
2  100.0  0.0
2  67.0  66.0
3  88.0  309.0
3  41.0  367.0
3  100.0  35.0
3  64.0  279.0
3  65.0  250.0
3  96.0  145.0
3  59.0  274.0
3  2.0  261.0
3  45.0  272.0
3  31.0  387.0
3  52.0  386.0
3  100.0  28.0
3  94.0  65.0
3  100.0  5.0
3  78.0  50.0
3  38.0  321.0
3  0.0  0.0
3  83.0  179.0
3  91.0  151.0
3  96.0  40.0
4  95.0  15.0
4  9.0  895.0
4  94.0  98.0
4  68.0  146.0
4  86.0  135.0
4  100.0  88.0
4  79.0  72.0
4  90.0  95.0
4  50.0  20.0
4  68.0  105.0
4  59.0  359.0
4  98.0  40.0
4  72.0  227.0
4  50.0  179.0
4  46.0  312.0
4  79.0  266.0
4  86.0  158.0
4  67.0  169.0
4  0.0  113.0
4  78.0  23.0
5  78.0  279.0
5  53.0  226.0
5  92.0  145.0
5  73.0  252.0
5  64.0  202.0
5  65.0  171.0
5  56.0  372.0
5  64.0  122.0
5  82.0  105.0
5  78.0  115.0
5  79.0  58.0
5  60.0  65.0
5  93.0  79.0
5  30.0  276.0
5  92.0  114.0
5  64.0  270.0
5  52.0  211.0
5  51.0  218.0
5  29.0  284.0
5  39.0  324.0
