1  59.0  366.0
1  72.0  194.0
1  62.0  154.0
1  55.0  240.0
1  57.0  383.0
1  50.0  276.0
1  82.0  222.0
1  67.0  195.0
1  83.0  212.0
1  60.0  257.0
1  87.0  169.0
1  56.0  188.0
1  26.0  304.0
1  59.0  351.0
1  60.0  291.0
1  50.0  312.0
1  34.0  268.0
1  63.0  300.0
1  46.0  388.0
1  32.0  353.0
1  62.0  312.0
1  48.0  414.0
1  57.0  278.0
1  19.0  367.0
1  41.0  361.0
1  73.0  192.0
1  100.0  4.0
1  86.0  114.0
1  41.0  179.0
1  69.0  276.0
1  59.0  349.0
1  66.0  95.0
1  72.0  157.0
1  67.0  241.0
1  40.0  360.0
1  69.0  384.0
1  91.0  78.0
1  54.0  284.0
1  97.0  54.0
1  72.0  298.0
1  26.0  454.0
1  66.0  237.0
1  79.0  185.0
1  79.0  197.0
1  43.0  411.0
1  58.0  145.0
1  63.0  160.0
1  89.0  53.0
1  100.0  25.0
1  58.0  241.0
1  50.0  331.0
1  44.0  337.0
1  62.0  337.0
1  81.0  97.0
1  62.0  230.0
1  100.0  0.0
1  57.0  380.0
1  95.0  168.0
1  54.0  337.0
1  100.0  22.0
1  87.0  76.0
1  47.0  235.0
1  80.0  233.0
1  80.0  163.0
1  61.0  292.0
1  79.0  128.0
1  39.0  331.0
1  98.0  43.0
1  72.0  236.0
1  79.0  145.0
1  44.0  339.0
1  86.0  184.0
1  82.0  44.0
1  61.0  252.0
1  83.0  164.0
1  62.0  301.0
1  53.0  312.0
1  69.0  256.0
1  72.0  201.0
1  86.0  64.0
1  66.0  339.0
1  78.0  260.0
1  77.0  229.0
1  58.0  238.0
1  100.0  18.0
1  44.0  362.0
1  94.0  122.0
1  96.0  78.0
1  75.0  211.0
1  44.0  359.0
1  63.0  211.0
1  37.0  242.0
1  76.0  184.0
1  72.0  183.0
1  71.0  203.0
1  71.0  196.0
1  69.0  167.0
1  100.0  0.0
1  64.0  144.0
1  72.0  293.0
2  70.0  263.0
2  89.0  106.0
2  33.0  328.0
2  62.0  328.0
2  79.0  150.0
2  100.0  0.0
2  57.0  262.0
2  44.0  383.0
2  56.0  277.0
2  88.0  198.0
2  83.0  219.0
2  68.0  141.0
2  32.0  276.0
2  17.0  220.0
2  69.0  339.0
2  71.0  282.0
2  35.0  264.0
2  75.0  178.0
2  63.0  245.0
2  56.0  251.0
2  46.0  296.0
2  73.0  113.0
2  43.0  353.0
2  63.0  223.0
2  54.0  188.0
2  98.0  43.0
2  63.0  305.0
2  43.0  161.0
2  73.0  196.0
2  46.0  334.0
2  49.0  220.0
2  97.0  27.0
2  57.0  256.0
2  86.0  161.0
2  45.0  205.0
2  41.0  312.0
2  70.0  68.0
2  72.0  260.0
2  56.0  253.0
2  66.0  299.0
2  82.0  122.0
2  36.0  210.0
2  13.0  280.0
2  35.0  250.0
2  92.0  116.0
2  48.0  238.0
2  56.0  259.0
2  50.0  265.0
2  24.0  219.0
2  69.0  255.0
2  44.0  371.0
2  90.0  108.0
2  69.0  190.0
2  31.0  258.0
2  47.0  334.0
2  32.0  300.0
2  65.0  170.0
2  79.0  280.0
2  95.0  50.0
2  61.0  265.0
2  37.0  183.0
2  48.0  212.0
2  79.0  211.0
2  86.0  205.0
2  51.0  295.0
2  62.0  296.0
2  33.0  290.0
2  86.0  160.0
2  42.0  390.0
2  74.0  206.0
2  86.0  164.0
2  62.0  194.0
2  76.0  71.0
2  56.0  217.0
2  100.0  27.0
2  51.0  244.0
2  62.0  318.0
2  63.0  327.0
2  63.0  166.0
2  30.0  235.0
2  57.0  188.0
2  75.0  171.0
2  70.0  267.0
2  45.0  258.0
2  72.0  238.0
2  77.0  298.0
2  40.0  271.0
2  40.0  397.0
2  53.0  404.0
2  38.0  328.0
2  18.0  305.0
2  55.0  279.0
2  51.0  141.0
2  56.0  232.0
2  63.0  177.0
2  49.0  348.0
2  75.0  129.0
2  85.0  125.0
2  73.0  263.0
2  49.0  323.0
3  65.0  263.0
3  81.0  193.0
3  75.0  166.0
3  96.0  67.0
3  51.0  240.0
3  32.0  216.0
3  45.0  392.0
3  91.0  111.0
3  65.0  195.0
3  79.0  119.0
3  34.0  237.0
3  80.0  224.0
3  100.0  14.0
3  73.0  62.0
3  92.0  58.0
3  69.0  237.0
3  54.0  262.0
3  56.0  292.0
3  65.0  42.0
3  28.0  233.0
3  47.0  181.0
3  37.0  174.0
3  92.0  63.0
3  45.0  175.0
3  52.0  214.0
3  24.0  197.0
3  35.0  200.0
3  70.0  147.0
3  42.0  327.0
3  37.0  174.0
3  44.0  225.0
3  48.0  265.0
3  56.0  115.0
3  61.0  163.0
3  32.0  364.0
3  58.0  40.0
3  39.0  225.0
3  25.0  236.0
3  36.0  381.0
3  84.0  52.0
3  87.0  42.0
3  71.0  169.0
3  89.0  160.0
3  73.0  76.0
3  74.0  105.0
3  78.0  195.0
3  57.0  298.0
3  40.0  163.0
3  78.0  74.0
3  74.0  157.0
3  50.0  215.0
3  38.0  246.0
3  20.0  128.0
3  62.0  163.0
3  82.0  85.0
3  37.0  283.0
3  55.0  194.0
3  91.0  38.0
3  20.0  201.0
3  46.0  307.0
3  77.0  120.0
3  67.0  264.0
3  35.0  144.0
3  46.0  287.0
3  96.0  50.0
3  79.0  58.0
3  67.0  46.0
3  70.0  285.0
3  78.0  122.0
3  42.0  292.0
3  79.0  200.0
3  26.0  232.0
3  39.0  195.0
3  15.0  394.0
3  70.0  208.0
3  49.0  167.0
3  26.0  278.0
3  70.0  169.0
3  58.0  235.0
3  48.0  225.0
3  32.0  344.0
3  70.0  167.0
3  41.0  275.0
3  30.0  134.0
3  60.0  257.0
3  38.0  216.0
3  40.0  104.0
3  30.0  293.0
3  100.0  7.0
3  41.0  161.0
3  98.0  13.0
3  38.0  190.0
3  8.0  531.0
3  64.0  324.0
3  79.0  78.0
3  30.0  229.0
3  49.0  142.0
3  64.0  208.0
3  55.0  199.0
3  48.0  223.0
4  94.0  142.0
4  51.0  171.0
4  46.0  293.0
4  68.0  141.0
4  34.0  261.0
4  49.0  264.0
4  57.0  177.0
4  34.0  297.0
4  66.0  261.0
4  59.0  170.0
4  50.0  190.0
4  64.0  150.0
4  23.0  316.0
4  55.0  219.0
4  96.0  61.0
4  53.0  320.0
4  39.0  193.0
4  68.0  194.0
4  66.0  138.0
4  75.0  64.0
4  60.0  237.0
4  43.0  128.0
4  27.0  339.0
4  29.0  288.0
4  33.0  262.0
4  65.0  218.0
4  45.0  202.0
4  59.0  147.0
4  52.0  173.0
4  43.0  308.0
4  85.0  117.0
4  100.0  15.0
4  54.0  230.0
4  89.0  27.0
4  59.0  137.0
4  10.0  384.0
4  70.0  245.0
4  40.0  142.0
4  79.0  73.0
4  50.0  220.0
4  58.0  114.0
4  69.0  87.0
4  21.0  303.0
4  23.0  234.0
4  58.0  203.0
4  69.0  214.0
4  91.0  122.0
4  36.0  241.0
4  39.0  230.0
4  86.0  58.0
4  77.0  177.0
4  51.0  269.0
4  52.0  93.0
4  57.0  105.0
4  26.0  228.0
4  26.0  142.0
4  45.0  218.0
4  34.0  221.0
4  47.0  147.0
4  65.0  285.0
4  85.0  106.0
4  49.0  166.0
4  19.0  209.0
4  48.0  228.0
4  59.0  250.0
4  32.0  232.0
4  31.0  241.0
4  18.0  230.0
4  28.0  159.0
4  47.0  436.0
4  33.0  124.0
4  49.0  163.0
4  36.0  297.0
4  40.0  174.0
4  71.0  119.0
4  59.0  238.0
4  29.0  325.0
4  28.0  230.0
4  45.0  111.0
4  36.0  160.0
4  32.0  148.0
4  18.0  134.0
4  58.0  158.0
4  54.0  243.0
4  37.0  202.0
4  76.0  143.0
4  90.0  146.0
4  76.0  158.0
4  47.0  274.0
4  34.0  196.0
4  67.0  226.0
4  58.0  258.0
4  30.0  235.0
4  58.0  195.0
4  36.0  140.0
4  32.0  274.0
4  71.0  142.0
4  61.0  171.0
4  92.0  3.0
4  55.0  157.0
5  85.0  71.0
5  36.0  220.0
5  40.0  119.0
5  58.0  104.0
5  44.0  256.0
5  45.0  223.0
5  37.0  221.0
5  42.0  159.0
5  18.0  150.0
5  44.0  100.0
5  80.0  86.0
5  20.0  260.0
5  47.0  193.0
5  27.0  297.0
5  74.0  0.0
5  86.0  54.0
5  25.0  253.0
5  88.0  82.0
5  19.0  183.0
5  39.0  190.0
5  41.0  164.0
5  33.0  205.0
5  58.0  62.0
5  37.0  165.0
5  73.0  168.0
5  82.0  109.0
5  86.0  55.0
5  21.0  274.0
5  72.0  199.0
5  98.0  6.0
5  68.0  119.0
5  47.0  112.0
5  53.0  272.0
5  49.0  206.0
5  7.0  214.0
5  27.0  284.0
5  24.0  132.0
5  24.0  167.0
5  65.0  122.0
5  47.0  147.0
5  64.0  231.0
5  58.0  98.0
5  38.0  152.0
5  38.0  271.0
5  17.0  102.0
5  55.0  189.0
5  49.0  130.0
5  88.0  59.0
5  54.0  114.0
5  11.0  302.0
5  16.0  280.0
5  41.0  107.0
5  20.0  142.0
5  65.0  140.0
5  30.0  198.0
5  59.0  196.0
5  91.0  91.0
5  27.0  151.0
5  94.0  27.0
5  40.0  160.0
5  94.0  154.0
5  25.0  187.0
5  25.0  266.0
5  65.0  165.0
5  45.0  222.0
5  24.0  100.0
5  68.0  91.0
5  47.0  212.0
5  57.0  228.0
5  43.0  226.0
5  51.0  175.0
5  34.0  200.0
5  92.0  20.0
5  33.0  150.0
5  46.0  189.0
5  47.0  140.0
5  84.0  48.0
5  47.0  165.0
5  15.0  182.0
5  43.0  180.0
5  14.0  293.0
5  21.0  121.0
5  87.0  34.0
5  14.0  180.0
5  30.0  152.0
5  34.0  212.0
5  54.0  223.0
5  84.0  105.0
5  61.0  232.0
5  63.0  200.0
5  44.0  183.0
5  47.0  253.0
5  38.0  281.0
5  21.0  140.0
5  50.0  302.0
5  43.0  172.0
5  79.0  129.0
5  72.0  94.0
5  21.0  242.0
5  75.0  101.0
