0  50.0  4195
0  49.600000000000001  4111
0  46.399999999999999  3908
0  46.200000000000003  3974
0  35.100000000000001  3658
0  36.799999999999997  3648
0  56.0  4118
0  45.0  3961
0  42.299999999999997  3783
0  35.799999999999997  3538
0  46.399999999999999  4111
0  36.0  3466
0  41.200000000000003  3732
0  51.700000000000003  3982
0  51.899999999999999  4051
0  35.899999999999999  3823
0  38.0  3892
0  35.899999999999999  3849
0  36.200000000000003  3590
0  58.100000000000001  4372
0  41.0  3555
0  41.899999999999999  4024
0  40.899999999999999  3867
0  37.899999999999999  4038
0  35.600000000000001  3184
0  38.799999999999997  3691
0  51.899999999999999  4114
0  49.0  3723
0  43.700000000000003  3893
0  46.100000000000001  4132
0  45.0  3832
0  39.399999999999999  3976
0  37.600000000000001  3509
0  42.700000000000003  3735
0  47.200000000000003  3891
0  43.5  3936
0  41.700000000000003  3617
0  45.200000000000003  3783
0  44.799999999999997  4362
0  33.100000000000001  3493
0  38.200000000000003  3842
0  45.0  3890
0  39.299999999999997  3997
0  39.5  3993
0  36.100000000000001  3831
0  38.899999999999999  3658
0  44.299999999999997  4015
0  41.600000000000001  3420
0  45.100000000000001  4073
0  41.100000000000001  3877
0  45.399999999999999  3917
0  40.100000000000001  3621
0  44.399999999999999  4052
0  40.899999999999999  4114
0  38.700000000000003  3953
0  41.399999999999999  3848
0  36.799999999999997  3688
0  48.0  3681
0  38.399999999999999  3710
0  34.899999999999999  3584
0  32.0  3472
0  40.299999999999997  3952
0  42.100000000000001  3785
0  38.0  3888
0  43.899999999999999  3905
0  34.0  3454
0  40.299999999999997  3736
0  44.0  3871
0  32.899999999999999  3815
0  36.5  3601
0  55.899999999999999  4362
0  47.5  4037
0  36.700000000000003  3475
0  41.200000000000003  3663
0  43.299999999999997  4011
0  45.299999999999997  3860
0  46.799999999999997  4421
0  42.899999999999999  3787
0  40.100000000000001  3600
0  41.700000000000003  3936
0  41.700000000000003  3933
0  42.799999999999997  3504
0  35.700000000000003  3440
0  46.5  4013
0  27.0  3182
0  36.700000000000003  3779
0  35.100000000000001  3720
0  47.399999999999999  4067
0  40.600000000000001  4023
0  36.100000000000001  3563
0  41.799999999999997  3766
0  37.600000000000001  3752
0  41.899999999999999  4146
0  50.600000000000001  3886
0  43.299999999999997  3462
0  30.5  3542
0  39.700000000000003  4016
0  46.899999999999999  3812
0  48.100000000000001  4066
0  37.299999999999997  3785
