1  61.0  288.0
2  42.0  307.0
3  63.0  159.0
4  76.0  242.0
5  55.0  298.0
6  47.0  391.0
7  33.0  375.0
1  98.0  22.0
2  81.0  125.0
3  79.0  146.0
4  44.0  253.0
5  76.0  189.0
6  79.0  136.0
7  59.0  338.0
1  98.0  22.0
2  56.0  373.0
3  82.0  179.0
4  56.0  272.0
5  63.0  162.0
6  69.0  281.0
7  69.0  272.0
1  86.0  56.0
2  98.0  32.0
3  77.0  216.0
4  43.0  369.0
5  57.0  372.0
6  76.0  331.0
7  90.0  161.0
1  98.0  17.0
2  66.0  232.0
3  45.0  317.0
4  55.0  159.0
5  57.0  336.0
6  70.0  325.0
7  72.0  234.0
1  97.0  34.0
2  79.0  220.0
3  70.0  257.0
4  73.0  295.0
5  60.0  332.0
6  70.0  202.0
7  79.0  171.0
1  98.0  61.0
2  67.0  208.0
3  74.0  271.0
4  53.0  389.0
5  56.0  228.0
6  62.0  255.0
7  66.0  344.0
1  85.0  53.0
2  98.0  15.0
3  77.0  180.0
4  44.0  318.0
5  66.0  279.0
6  45.0  357.0
7  67.0  375.0
1  53.0  77.0
2  49.0  319.0
3  96.0  70.0
4  86.0  106.0
5  89.0  51.0
6  33.0  441.0
7  57.0  349.0
1  93.0  40.0
2  26.0  133.0
3  88.0  140.0
4  56.0  375.0
5  68.0  180.0
6  40.0  483.0
7  77.0  275.0
1  76.0  87.0
2  28.0  284.0
3  71.0  279.0
4  73.0  291.0
5  45.0  367.0
6  83.0  180.0
7  52.0  377.0
1  71.0  64.0
2  90.0  121.0
3  90.0  81.0
4  70.0  266.0
5  65.0  305.0
6  53.0  279.0
7  64.0  281.0
1  63.0  102.0
2  80.0  135.0
3  53.0  386.0
4  32.0  177.0
5  74.0  336.0
6  61.0  245.0
7  38.0  373.0
1  96.0  8.0
2  83.0  132.0
3  67.0  244.0
4  55.0  370.0
5  39.0  477.0
6  59.0  433.0
7  46.0  286.0
1  97.0  55.0
2  56.0  358.0
3  72.0  220.0
4  77.0  238.0
5  66.0  279.0
6  55.0  355.0
7  62.0  318.0
1  96.0  25.0
2  50.0  262.0
3  38.0  222.0
4  55.0  322.0
5  47.0  375.0
6  34.0  341.0
7  43.0  488.0
1  98.0  27.0
2  89.0  67.0
3  70.0  261.0
4  68.0  243.0
5  75.0  171.0
6  53.0  311.0
7  55.0  266.0
1  98.0  46.0
2  96.0  37.0
3  82.0  171.0
4  67.0  246.0
5  52.0  318.0
6  66.0  352.0
7  76.0  190.0
1  98.0  6.0
2  77.0  227.0
3  70.0  227.0
4  66.0  371.0
5  47.0  271.0
6  71.0  291.0
7  40.0  239.0
1  98.0  20.0
2  98.0  34.0
3  53.0  348.0
4  43.0  186.0
5  51.0  280.0
6  63.0  197.0
7  64.0  272.0
1  81.0  51.0
2  97.0  13.0
3  68.0  204.0
4  74.0  298.0
5  60.0  344.0
6  41.0  348.0
7  89.0  71.0
1  98.0  18.0
2  94.0  62.0
3  58.0  163.0
4  59.0  338.0
5  55.0  250.0
6  67.0  383.0
7  32.0  316.0
1  98.0  32.0
2  60.0  189.0
3  61.0  233.0
4  68.0  174.0
5  85.0  156.0
6  52.0  163.0
7  55.0  208.0
1  98.0  12.0
2  82.0  250.0
3  52.0  189.0
4  53.0  209.0
5  39.0  435.0
6  50.0  298.0
7  55.0  298.0
1  93.0  18.0
2  84.0  205.0
3  73.0  99.0
4  70.0  321.0
5  76.0  141.0
6  64.0  289.0
7  70.0  66.0
1  88.0  57.0
2  68.0  211.0
3  78.0  165.0
4  54.0  318.0
5  93.0  85.0
6  80.0  190.0
7  40.0  360.0
1  90.0  142.0
2  78.0  233.0
3  52.0  398.0
4  81.0  64.0
5  28.0  507.0
6  69.0  270.0
7  66.0  207.0
1  98.0  12.0
2  95.0  67.0
3  61.0  369.0
4  55.0  347.0
5  38.0  327.0
6  48.0  395.0
7  54.0  416.0
1  74.0  66.0
2  64.0  269.0
3  78.0  226.0
4  69.0  224.0
5  38.0  307.0
6  52.0  410.0
7  63.0  294.0
1  98.0  8.0
2  73.0  135.0
3  54.0  246.0
4  85.0  86.0
5  57.0  118.0
6  35.0  350.0
7  56.0  334.0
1  94.0  47.0
2  49.0  220.0
3  53.0  197.0
4  71.0  74.0
5  98.0  2.0
6  61.0  403.0
7  53.0  257.0
1  94.0  43.0
2  83.0  145.0
3  60.0  259.0
4  72.0  243.0
5  87.0  139.0
6  83.0  205.0
7  85.0  130.0
1  98.0  18.0
2  75.0  235.0
3  81.0  124.0
4  35.0  469.0
5  88.0  130.0
6  70.0  310.0
7  69.0  370.0
1  98.0  12.0
2  73.0  162.0
3  57.0  259.0
4  69.0  89.0
5  81.0  145.0
6  46.0  357.0
7  69.0  292.0
1  15.0  195.0
2  28.0  303.0
3  85.0  113.0
4  58.0  276.0
5  56.0  141.0
6  31.0  332.0
7  37.0  433.0
1  54.0  73.0
2  62.0  308.0
3  62.0  301.0
4  65.0  270.0
5  44.0  464.0
6  28.0  379.0
7  65.0  221.0
1  15.0  244.0
2  65.0  136.0
3  89.0  167.0
4  58.0  343.0
5  75.0  295.0
6  44.0  404.0
7  68.0  334.0
1  97.0  28.0
2  98.0  20.0
3  42.0  265.0
4  64.0  344.0
5  76.0  182.0
6  39.0  310.0
7  52.0  364.0
1  92.0  80.0
2  89.0  108.0
3  62.0  320.0
4  45.0  268.0
5  61.0  358.0
6  59.0  395.0
7  30.0  475.0
1  96.0  35.0
2  69.0  54.0
3  86.0  79.0
4  96.0  40.0
5  54.0  301.0
6  62.0  284.0
7  42.0  487.0
1  80.0  190.0
2  57.0  39.0
3  98.0  20.0
4  63.0  136.0
5  85.0  92.0
6  47.0  317.0
7  44.0  412.0
1  98.0  9.0
2  87.0  186.0
3  37.0  202.0
4  67.0  264.0
5  42.0  229.0
6  66.0  342.0
7  43.0  487.0
1  84.0  177.0
2  80.0  199.0
3  96.0  44.0
4  73.0  266.0
5  22.0  456.0
6  52.0  443.0
7  40.0  323.0
1  98.0  14.0
2  73.0  163.0
3  85.0  203.0
4  46.0  360.0
5  58.0  310.0
6  49.0  322.0
7  55.0  432.0
1  94.0  32.0
2  98.0  22.0
3  78.0  229.0
4  80.0  183.0
5  39.0  283.0
6  50.0  320.0
7  41.0  476.0
1  98.0  83.0
2  24.0  353.0
3  59.0  253.0
4  62.0  384.0
5  16.0  364.0
6  75.0  219.0
7  95.0  56.0
1  70.0  129.0
2  74.0  111.0
3  85.0  119.0
4  92.0  107.0
5  59.0  406.0
6  47.0  349.0
7  59.0  362.0
1  98.0  14.0
2  98.0  15.0
3  26.0  436.0
4  70.0  238.0
5  46.0  243.0
6  40.0  351.0
7  45.0  412.0
1  93.0  55.0
2  56.0  235.0
3  59.0  359.0
4  82.0  170.0
5  62.0  364.0
6  94.0  77.0
7  71.0  307.0
1  93.0  92.0
2  98.0  4.0
3  51.0  379.0
4  76.0  226.0
5  54.0  361.0
6  96.0  26.0
7  24.0  273.0
1  98.0  19.0
2  78.0  254.0
3  84.0  179.0
4  44.0  136.0
5  63.0  313.0
6  56.0  407.0
7  52.0  445.0
1  98.0  26.0
2  79.0  173.0
3  95.0  64.0
4  44.0  270.0
5  61.0  159.0
6  54.0  493.0
7  86.0  122.0
1  98.0  21.0
2  81.0  196.0
3  66.0  160.0
4  80.0  172.0
5  69.0  331.0
6  53.0  326.0
7  39.0  342.0
1  70.0  20.0
2  68.0  235.0
3  60.0  336.0
4  52.0  346.0
5  58.0  353.0
6  69.0  221.0
7  42.0  382.0
1  94.0  38.0
2  17.0  290.0
3  81.0  122.0
4  70.0  327.0
5  42.0  368.0
6  32.0  313.0
7  34.0  323.0
1  96.0  16.0
2  80.0  90.0
3  44.0  302.0
4  58.0  322.0
5  34.0  333.0
6  55.0  431.0
7  50.0  395.0
1  81.0  146.0
2  85.0  105.0
3  97.0  49.0
4  62.0  174.0
5  45.0  270.0
6  45.0  352.0
7  56.0  422.0
1  91.0  46.0
2  77.0  212.0
3  97.0  33.0
4  50.0  257.0
5  36.0  208.0
6  69.0  277.0
7  58.0  238.0
1  86.0  90.0
2  98.0  64.0
3  77.0  251.0
4  40.0  352.0
5  52.0  364.0
6  69.0  303.0
7  48.0  322.0
1  98.0  18.0
2  76.0  239.0
3  70.0  218.0
4  86.0  104.0
5  53.0  288.0
6  72.0  258.0
7  26.0  522.0
1  76.0  271.0
2  78.0  162.0
3  82.0  210.0
4  90.0  51.0
5  39.0  235.0
6  51.0  303.0
7  67.0  225.0
1  27.0  49.0
2  47.0  304.0
3  43.0  206.0
4  97.0  33.0
5  51.0  89.0
6  82.0  196.0
7  58.0  313.0
1  73.0  59.0
2  75.0  36.0
3  88.0  149.0
4  92.0  82.0
5  85.0  98.0
6  61.0  290.0
7  48.0  416.0
1  94.0  15.0
2  77.0  279.0
3  82.0  140.0
4  81.0  202.0
5  65.0  309.0
6  86.0  133.0
7  75.0  268.0
1  97.0  84.0
2  93.0  108.0
3  70.0  328.0
4  98.0  18.0
5  62.0  305.0
6  66.0  233.0
7  58.0  347.0
1  96.0  28.0
2  34.0  208.0
3  81.0  141.0
4  48.0  371.0
5  36.0  345.0
6  54.0  338.0
7  45.0  499.0
1  66.0  236.0
3  90.0  79.0
4  38.0  260.0
5  79.0  167.0
6  72.0  73.0
7  49.0  338.0
1  86.0  119.0
2  56.0  270.0
3  72.0  221.0
4  36.0  288.0
5  98.0  17.0
6  57.0  379.0
7  45.0  329.0
1  98.0  22.0
2  98.0  35.0
3  59.0  250.0
4  38.0  377.0
5  90.0  96.0
6  57.0  369.0
7  33.0  324.0
1  98.0  23.0
2  72.0  358.0
3  67.0  244.0
4  49.0  284.0
5  39.0  181.0
6  53.0  330.0
7  64.0  259.0
1  41.0  241.0
2  74.0  339.0
3  82.0  102.0
4  67.0  365.0
5  58.0  352.0
6  59.0  251.0
7  58.0  124.0
1  96.0  27.0
2  72.0  280.0
3  98.0  33.0
4  80.0  158.0
5  31.0  309.0
6  85.0  126.0
7  34.0  279.0
1  49.0  167.0
2  68.0  336.0
3  72.0  163.0
4  19.0  145.0
5  52.0  230.0
6  83.0  192.0
7  62.0  343.0
1  83.0  103.0
2  87.0  143.0
3  50.0  251.0
4  44.0  332.0
5  63.0  205.0
6  42.0  434.0
7  78.0  229.0
1  98.0  16.0
2  93.0  98.0
3  81.0  196.0
4  80.0  208.0
5  71.0  107.0
6  50.0  383.0
7  76.0  262.0
1  94.0  94.0
2  92.0  166.0
3  53.0  346.0
4  75.0  194.0
5  27.0  262.0
6  44.0  265.0
7  51.0  309.0
1  92.0  125.0
2  89.0  93.0
3  88.0  122.0
4  70.0  262.0
5  55.0  201.0
6  71.0  211.0
7  72.0  305.0
1  98.0  62.0
2  95.0  21.0
3  67.0  108.0
4  77.0  120.0
5  80.0  169.0
6  79.0  209.0
7  63.0  253.0
1  10.0  332.0
2  65.0  260.0
3  74.0  280.0
4  53.0  546.0
5  58.0  265.0
6  50.0  250.0
7  76.0  226.0
1  98.0  10.0
2  88.0  117.0
3  94.0  23.0
4  40.0  306.0
5  98.0  38.0
6  40.0  352.0
7  45.0  464.0
1  98.0  23.0
2  71.0  120.0
3  33.0  299.0
4  56.0  357.0
5  49.0  287.0
6  85.0  243.0
7  36.0  384.0
1  95.0  22.0
2  91.0  46.0
3  66.0  302.0
4  61.0  278.0
5  40.0  284.0
6  57.0  377.0
7  82.0  110.0
1  68.0  32.0
2  71.0  251.0
3  78.0  192.0
4  74.0  77.0
5  51.0  333.0
6  87.0  119.0
7  92.0  67.0
1  87.0  46.0
2  98.0  16.0
3  62.0  309.0
4  60.0  237.0
5  67.0  160.0
6  43.0  346.0
7  51.0  296.0
1  98.0  34.0
2  74.0  208.0
3  67.0  214.0
4  48.0  538.0
5  82.0  199.0
6  76.0  308.0
7  60.0  303.0
1  98.0  14.0
2  90.0  113.0
3  98.0  27.0
4  60.0  266.0
5  77.0  157.0
6  36.0  249.0
7  75.0  181.0
1  43.0  290.0
2  68.0  244.0
3  81.0  179.0
4  81.0  164.0
5  79.0  206.0
6  83.0  123.0
7  54.0  334.0
1  75.0  229.0
2  41.0  220.0
3  16.0  244.0
4  56.0  326.0
5  75.0  245.0
6  52.0  419.0
7  64.0  281.0
1  98.0  10.0
2  71.0  366.0
3  97.0  23.0
4  96.0  64.0
5  65.0  371.0
6  48.0  368.0
7  45.0  369.0
1  83.0  177.0
2  71.0  123.0
3  83.0  197.0
4  97.0  76.0
5  84.0  183.0
6  63.0  136.0
7  48.0  283.0
1  83.0  175.0
2  83.0  186.0
3  67.0  339.0
4  69.0  335.0
5  66.0  73.0
6  35.0  369.0
7  47.0  384.0
1  93.0  46.0
2  98.0  15.0
3  72.0  190.0
4  56.0  241.0
5  59.0  278.0
6  44.0  484.0
7  39.0  319.0
1  98.0  13.0
2  45.0  164.0
3  70.0  184.0
4  58.0  255.0
5  71.0  220.0
6  55.0  391.0
7  79.0  220.0
1  95.0  137.0
2  15.0  192.0
3  73.0  245.0
4  45.0  328.0
5  42.0  508.0
6  42.0  384.0
7  91.0  105.0
1  91.0  59.0
2  98.0  10.0
3  95.0  106.0
4  94.0  270.0
5  36.0  314.0
6  34.0  396.0
7  73.0  409.0
1  98.0  13.0
2  93.0  62.0
3  78.0  101.0
4  71.0  249.0
5  47.0  381.0
6  67.0  352.0
7  31.0  297.0
1  77.0  96.0
2  98.0  17.0
3  55.0  317.0
4  88.0  134.0
5  25.0  146.0
6  53.0  341.0
7  36.0  292.0
1  84.0  110.0
2  64.0  346.0
3  55.0  188.0
4  45.0  334.0
5  60.0  266.0
6  85.0  140.0
7  39.0  421.0
1  97.0  26.0
2  84.0  139.0
3  85.0  166.0
4  30.0  305.0
5  39.0  465.0
6  36.0  396.0
7  74.0  627.0
1  66.0  383.0
2  37.0  204.0
3  47.0  213.0
4  59.0  389.0
5  63.0  277.0
6  73.0  219.0
7  74.0  327.0
