0  13.333333333333334  1451
1  21.0  1651
2  45.666666666666664  979
3  33.666666666666664  1222
4  31.0  1094
5  27.666666666666668  1595
6  37.666666666666664  1471
7  66.333333333333329  552
8  38.333333333333336  984
9  79.0  415
10  51.333333333333336  739
11  37.0  492
12  70.666666666666671  361
13  55.333333333333336  672
14  54.666666666666664  777
15  58.333333333333336  632
16  57.0  832
17  58.333333333333336  630
18  37.333333333333336  1044
19  65.333333333333329  345
20  58.666666666666664  607
0  17.0  1275
1  16.0  1418
2  18.0  1261
3  11.333333333333334  1462
4  4.666666666666667  1554
5  23.333333333333332  1514
6  56.333333333333336  890
7  38.333333333333336  1075
8  50.0  909
9  56.333333333333336  533
10  56.333333333333336  757
11  61.333333333333336  972
12  89.333333333333329  218
13  56.0  774
14  44.666666666666664  919
15  96.0  43
16  58.333333333333336  458
17  44.333333333333336  761
19  55.0  431
20  61.666666666666664  740
