0  40.5  3059
1  44.200000000000003  2615
2  43.700000000000003  2645
3  48.5  2634
4  50.0  2295
5  40.100000000000001  2818
6  60.899999999999999  2472
7  51.299999999999997  2292
8  60.100000000000001  2220
9  53.200000000000003  2379
10  47.100000000000001  2094
11  63.600000000000001  2439
12  45.899999999999999  2007
13  54.399999999999999  2409
14  53.600000000000001  2240
15  50.0  1816
16  55.399999999999999  1932
17  60.0  1982
18  58.899999999999999  2190
19  58.700000000000003  1786
20  66.599999999999994  1793
0  42.299999999999997  3243
1  41.899999999999999  2826
2  44.600000000000001  3036
3  41.299999999999997  2700
4  40.700000000000003  2425
5  50.600000000000001  2387
6  49.700000000000003  2273
7  59.100000000000001  2318
8  50.899999999999999  2080
9  59.0  2312
10  50.200000000000003  2107
11  56.799999999999997  1976
12  65.200000000000003  2134
13  58.200000000000003  1899
14  57.399999999999999  2262
15  58.700000000000003  1767
16  60.0  1501
17  54.799999999999997  2047
18  72.700000000000003  1643
19  64.900000000000006  2009
20  64.099999999999994  2199
0  38.799999999999997  3001
1  46.5  3029
2  43.0  2553
3  47.200000000000003  2252
4  50.899999999999999  2353
5  51.799999999999997  2199
6  55.100000000000001  2445
7  46.799999999999997  2483
8  49.100000000000001  2322
9  52.0  2057
10  43.0  2103
11  54.700000000000003  2370
12  61.899999999999999  2166
13  57.799999999999997  2052
14  57.399999999999999  2026
15  56.5  1979
16  54.5  2371
17  61.399999999999999  2176
18  69.900000000000006  1872
19  51.600000000000001  2082
20  63.299999999999997  1802
0  39.399999999999999  2440
1  36.5  2821
2  39.299999999999997  2732
3  45.700000000000003  2633
4  46.299999999999997  2449
5  65.400000000000006  1972
6  48.100000000000001  1955
7  59.399999999999999  2492
8  52.0  2283
9  55.0  2123
10  49.200000000000003  1906
11  54.200000000000003  2222
12  59.899999999999999  1875
13  58.5  1827
14  71.400000000000006  1868
15  60.700000000000003  1850
16  51.5  2061
17  62.100000000000001  1837
18  55.100000000000001  1756
19  62.799999999999997  1659
20  59.399999999999999  1642
0  46.799999999999997  2972
1  49.600000000000001  2928
2  53.799999999999997  2610
3  39.5  2596
4  44.299999999999997  2942
5  55.200000000000003  2613
6  52.200000000000003  2618
7  59.700000000000003  2517
8  55.200000000000003  2025
9  59.899999999999999  2253
10  53.299999999999997  2411
11  66.0  2313
12  50.0  2083
13  56.5  2093
14  55.0  2345
15  60.600000000000001  1967
16  61.0  1600
17  64.599999999999994  1713
18  58.600000000000001  2022
19  61.200000000000003  1814
20  65.400000000000006  1922
0  40.0  2783
1  41.299999999999997  2689
2  39.399999999999999  2846
3  42.5  2714
4  45.200000000000003  2584
5  55.5  2737
6  41.899999999999999  2512
7  46.200000000000003  2409
8  54.600000000000001  2293
9  53.600000000000001  1811
10  62.700000000000003  1965
11  54.600000000000001  2468
12  65.400000000000006  1858
13  51.600000000000001  2101
14  56.5  2011
15  62.399999999999999  1965
16  61.100000000000001  2101
17  52.700000000000003  1955
18  59.899999999999999  2006
19  48.100000000000001  2433
20  72.799999999999997  1659
0  46.200000000000003  2992
1  41.5  2907
2  39.200000000000003  3068
3  48.5  2874
4  44.299999999999997  2373
5  59.100000000000001  2355
6  53.0  2679
7  49.200000000000003  2630
8  57.5  2586
9  53.799999999999997  2279
10  47.5  2238
11  59.200000000000003  2482
12  58.299999999999997  2216
13  58.399999999999999  1982
14  58.100000000000001  1942
15  64.900000000000006  2008
16  61.600000000000001  1957
17  63.0  1847
18  63.200000000000003  2261
19  59.0  2017
20  55.200000000000003  2040
0  36.600000000000001  2665
1  44.600000000000001  2944
2  48.100000000000001  2452
3  41.399999999999999  2857
4  37.299999999999997  2520
5  54.700000000000003  2575
6  47.399999999999999  2300
7  59.399999999999999  2128
8  53.299999999999997  2191
9  55.700000000000003  2276
10  55.100000000000001  2586
11  57.399999999999999  2135
12  54.100000000000001  1788
13  50.0  2137
14  62.299999999999997  2019
15  52.899999999999999  2021
16  56.799999999999997  1837
17  66.599999999999994  1922
18  63.600000000000001  1563
19  59.700000000000003  1731
20  49.5  1693
0  33.600000000000001  3055
1  52.700000000000003  2699
2  35.399999999999999  2601
3  40.700000000000003  2460
4  47.899999999999999  2422
5  51.200000000000003  2648
6  46.700000000000003  2485
7  52.0  2594
8  53.0  2298
9  83.400000000000006  1369
10  52.399999999999999  2079
11  53.899999999999999  1881
12  54.0  2038
13  67.900000000000006  1596
14  64.099999999999994  1753
15  44.100000000000001  2382
16  59.700000000000003  2029
17  63.799999999999997  2086
18  61.0  1897
19  60.700000000000003  1754
20  69.799999999999997  1852
0  41.299999999999997  3069
1  54.5  2800
2  43.899999999999999  2703
3  46.5  2648
4  49.299999999999997  2901
5  49.399999999999999  2503
6  63.299999999999997  2258
7  52.200000000000003  2250
8  48.100000000000001  2038
9  59.200000000000003  2079
10  55.5  1842
11  44.600000000000001  2439
12  46.700000000000003  2307
13  54.700000000000003  1841
14  63.0  2044
15  63.200000000000003  1847
16  52.100000000000001  1684
17  56.799999999999997  1902
18  56.799999999999997  2109
19  65.900000000000006  1916
20  59.799999999999997  1827
0  43.100000000000001  3103
1  55.0  2964
2  48.100000000000001  2715
3  51.899999999999999  2712
4  52.200000000000003  2649
5  56.100000000000001  2597
6  58.200000000000003  2430
7  47.100000000000001  2794
8  63.600000000000001  2470
9  64.700000000000003  2096
10  41.899999999999999  2304
11  52.899999999999999  1884
12  64.700000000000003  2087
13  43.600000000000001  1677
14  56.799999999999997  2298
15  61.200000000000003  2110
16  64.900000000000006  2112
17  62.399999999999999  1835
18  57.0  2310
19  59.299999999999997  2208
20  56.200000000000003  2124
0  32.5  3141
1  45.600000000000001  2846
2  48.399999999999999  3103
3  50.399999999999999  2548
4  47.899999999999999  2567
5  50.5  2489
6  54.399999999999999  2234
7  57.100000000000001  2427
8  48.5  2397
9  52.200000000000003  2252
10  54.200000000000003  2153
11  55.600000000000001  2505
12  61.100000000000001  1980
13  55.200000000000003  2350
14  54.799999999999997  2268
15  57.5  2405
16  59.799999999999997  1720
17  57.299999999999997  2070
18  60.299999999999997  1645
19  64.299999999999997  1934
20  62.5  2112
0  47.0  2670
1  40.600000000000001  2734
2  42.100000000000001  2696
3  50.0  2462
4  47.899999999999999  2378
5  52.5  2502
6  57.100000000000001  2190
7  53.899999999999999  2480
8  44.100000000000001  2359
9  54.799999999999997  2443
10  57.600000000000001  2361
11  48.5  2534
12  58.799999999999997  1903
13  48.399999999999999  2133
14  59.799999999999997  1970
15  57.100000000000001  2218
16  58.600000000000001  1977
17  52.799999999999997  2146
18  69.200000000000003  1741
19  50.600000000000001  1952
20  66.5  1973
0  40.399999999999999  3177
1  37.100000000000001  2947
2  39.799999999999997  2691
3  48.700000000000003  2518
4  45.5  2354
5  52.200000000000003  2377
6  42.899999999999999  2514
7  53.299999999999997  2070
8  57.799999999999997  2226
9  55.399999999999999  2124
10  53.0  1864
11  62.399999999999999  1973
12  54.700000000000003  1894
13  52.799999999999997  2107
14  63.200000000000003  2031
15  55.0  1893
16  50.299999999999997  2401
17  54.0  1944
18  65.299999999999997  1880
19  56.100000000000001  2028
20  71.700000000000003  1583
0  40.200000000000003  2758
1  41.399999999999999  2814
2  43.799999999999997  2650
3  48.899999999999999  2493
4  42.799999999999997  3158
5  61.600000000000001  2674
6  52.100000000000001  2617
7  52.399999999999999  2482
8  49.399999999999999  2396
9  57.399999999999999  2357
10  53.0  2490
11  52.399999999999999  2212
12  61.0  2025
13  64.799999999999997  2018
14  48.100000000000001  2288
15  58.5  1898
16  56.299999999999997  1928
17  62.0  2089
18  56.5  2133
19  49.5  1954
20  68.099999999999994  1706
0  46.100000000000001  2977
1  44.200000000000003  2942
2  48.0  2553
3  57.399999999999999  2515
4  49.600000000000001  2452
5  57.0  2412
6  37.299999999999997  2739
7  48.299999999999997  2501
8  59.0  2200
9  60.399999999999999  2111
10  56.100000000000001  1789
11  57.299999999999997  2216
12  46.399999999999999  1929
13  51.799999999999997  1948
14  62.899999999999999  2172
15  61.299999999999997  2004
16  53.600000000000001  2158
17  51.799999999999997  1896
18  62.899999999999999  1794
19  53.600000000000001  1899
20  59.299999999999997  1524
0  40.799999999999997  3119
1  49.899999999999999  2718
2  49.100000000000001  2439
3  53.100000000000001  2674
4  32.899999999999999  2951
5  61.0  2395
6  57.700000000000003  2295
7  46.799999999999997  2363
8  47.600000000000001  2359
9  50.0  1978
10  57.299999999999997  2050
11  59.799999999999997  2128
12  54.700000000000003  1978
13  70.400000000000006  2099
14  44.299999999999997  2026
15  57.799999999999997  1871
16  50.899999999999999  2016
17  67.700000000000003  1860
18  55.200000000000003  2142
19  59.100000000000001  1733
20  68.5  1698
0  49.899999999999999  2834
1  40.200000000000003  2878
2  41.600000000000001  2596
3  53.5  2971
4  58.100000000000001  2435
5  47.0  2434
6  48.200000000000003  2420
7  48.600000000000001  2649
8  46.5  2213
9  55.899999999999999  2157
10  57.899999999999999  2452
11  52.0  2369
12  57.399999999999999  2346
13  56.799999999999997  2096
14  57.100000000000001  2025
15  50.799999999999997  1942
16  59.799999999999997  1543
17  58.299999999999997  1818
18  60.299999999999997  2120
19  56.799999999999997  1664
20  60.899999999999999  1735
0  47.600000000000001  2738
1  43.399999999999999  2828
2  43.799999999999997  2954
3  51.0  2306
4  50.0  2664
5  49.899999999999999  2330
6  50.899999999999999  2108
7  48.899999999999999  2505
8  43.100000000000001  2605
9  52.100000000000001  2221
10  60.299999999999997  1800
11  55.0  1943
12  55.799999999999997  2494
13  58.200000000000003  2202
14  50.5  2278
15  67.700000000000003  1728
16  74.700000000000003  1140
17  64.400000000000006  1783
18  68.299999999999997  1719
19  67.5  1830
20  59.600000000000001  1764
0  48.700000000000003  2745
1  38.700000000000003  2596
2  45.700000000000003  2649
3  45.200000000000003  2802
4  51.200000000000003  2619
5  49.5  2594
6  56.5  2261
7  56.399999999999999  2427
8  58.700000000000003  1989
9  54.0  2086
10  65.200000000000003  2181
11  57.700000000000003  2154
12  47.399999999999999  2194
13  67.200000000000003  1986
14  58.799999999999997  1992
15  60.399999999999999  1872
16  59.299999999999997  2491
17  66.700000000000003  1777
18  65.0  1931
19  59.799999999999997  1704
20  63.0  1893
0  36.899999999999999  2876
1  48.299999999999997  2858
2  49.700000000000003  2626
3  37.899999999999999  2732
4  47.200000000000003  2431
5  56.299999999999997  2325
6  55.200000000000003  2586
7  47.799999999999997  2465
8  54.100000000000001  2342
9  43.200000000000003  2231
10  50.600000000000001  2056
11  57.600000000000001  2267
12  65.799999999999997  1994
13  62.600000000000001  1999
14  55.0  1890
15  49.200000000000003  1613
16  52.200000000000003  2312
17  55.0  1810
18  65.099999999999994  1847
19  65.099999999999994  1834
20  57.100000000000001  2163
0  30.5  2933
1  33.299999999999997  2759
2  48.0  2825
3  40.5  2950
4  43.399999999999999  2171
5  45.700000000000003  1853
6  49.5  2490
7  54.100000000000001  2398
8  49.799999999999997  2729
9  53.899999999999999  2116
10  66.900000000000006  2009
11  66.900000000000006  1975
12  52.700000000000003  1976
13  55.899999999999999  1898
14  56.399999999999999  2131
15  60.399999999999999  2201
16  51.5  1750
17  61.899999999999999  1574
18  71.700000000000003  1705
19  66.299999999999997  1821
20  62.100000000000001  1687
0  41.0  2751
1  37.600000000000001  2629
2  48.399999999999999  2556
3  39.600000000000001  2355
4  49.700000000000003  2617
5  51.200000000000003  2330
6  50.200000000000003  2773
7  60.299999999999997  2604
8  43.600000000000001  2606
9  51.5  2154
10  68.900000000000006  1217
11  53.899999999999999  2439
12  55.899999999999999  2238
13  53.700000000000003  2293
14  53.700000000000003  2196
15  55.0  1991
16  65.700000000000003  2027
17  63.600000000000001  1865
18  63.600000000000001  2093
19  62.399999999999999  1858
20  62.5  2006
0  45.700000000000003  2916
1  46.5  3235
2  53.899999999999999  2878
3  38.299999999999997  2238
4  50.100000000000001  2498
5  50.700000000000003  2625
6  63.100000000000001  2478
7  53.799999999999997  2314
8  51.299999999999997  2425
9  50.5  2682
10  46.100000000000001  2279
11  59.200000000000003  1732
12  48.600000000000001  1762
13  57.399999999999999  1977
14  55.100000000000001  2106
15  49.799999999999997  1883
16  64.0  2022
17  55.399999999999999  1895
18  52.0  2022
19  62.600000000000001  1457
20  66.200000000000003  1664
0  45.600000000000001  2742
1  46.200000000000003  2591
2  45.799999999999997  2778
3  46.899999999999999  2683
4  49.799999999999997  2510
5  50.700000000000003  2453
6  46.200000000000003  2336
7  50.899999999999999  2453
8  45.299999999999997  2083
9  50.399999999999999  1925
10  58.100000000000001  2155
11  58.799999999999997  1884
12  54.0  2133
13  54.600000000000001  1737
14  57.299999999999997  2131
15  57.100000000000001  2238
16  50.100000000000001  2449
17  70.099999999999994  1845
18  62.899999999999999  1684
19  72.0  1448
20  66.599999999999994  1916
0  54.200000000000003  2896
1  46.100000000000001  2987
2  39.100000000000001  2979
3  37.600000000000001  3058
4  52.299999999999997  2289
5  48.399999999999999  2626
6  48.5  2753
7  52.100000000000001  2146
8  49.0  2341
9  56.600000000000001  2283
10  48.200000000000003  2379
11  60.600000000000001  1988
12  57.700000000000003  2365
13  49.399999999999999  2176
14  53.299999999999997  2045
15  67.099999999999994  2093
16  55.100000000000001  1980
17  47.899999999999999  1727
18  55.299999999999997  1897
19  62.200000000000003  1759
20  49.899999999999999  2253
0  40.5  2823
1  42.700000000000003  2911
2  44.600000000000001  3276
3  56.399999999999999  2705
4  37.5  2169
5  38.200000000000003  2144
6  43.200000000000003  2398
7  48.700000000000003  2048
8  50.0  2430
9  45.799999999999997  2525
10  46.299999999999997  2247
11  57.799999999999997  2273
12  43.399999999999999  2514
13  58.100000000000001  2055
14  69.5  1850
15  63.700000000000003  1989
16  52.100000000000001  2025
17  57.399999999999999  1747
18  58.100000000000001  2182
19  66.400000000000006  2098
20  69.799999999999997  1628
0  43.0  2733
1  40.799999999999997  2781
2  42.700000000000003  2876
3  51.0  2853
4  42.399999999999999  2336
5  46.600000000000001  2417
6  52.5  2382
7  57.799999999999997  2713
8  60.899999999999999  2226
9  48.100000000000001  2522
10  54.600000000000001  2279
11  53.399999999999999  2146
12  60.0  2380
13  51.0  1835
14  60.200000000000003  2132
15  58.799999999999997  2156
16  60.100000000000001  1965
17  61.700000000000003  1710
18  67.299999999999997  1787
19  52.5  1496
20  58.700000000000003  2045
0  39.600000000000001  2644
1  46.5  2618
2  54.200000000000003  2540
3  48.899999999999999  2404
4  41.700000000000003  2754
5  56.799999999999997  2633
6  41.5  2270
7  45.299999999999997  2526
8  46.600000000000001  2628
9  61.399999999999999  2168
10  46.700000000000003  2345
11  59.0  2055
12  62.5  2205
13  47.399999999999999  2033
14  63.299999999999997  2056
15  62.100000000000001  1911
16  66.299999999999997  1336
17  56.5  1806
18  63.100000000000001  1874
19  64.599999999999994  1798
20  62.899999999999999  2027
0  46.600000000000001  3054
1  46.700000000000003  3039
2  44.399999999999999  3106
3  43.799999999999997  2740
4  54.700000000000003  2619
5  39.899999999999999  2529
6  46.0  2328
7  52.200000000000003  2291
8  63.299999999999997  2523
9  60.200000000000003  2337
10  47.399999999999999  1912
11  62.100000000000001  2179
12  48.700000000000003  2094
13  51.5  2416
14  55.600000000000001  1981
15  51.899999999999999  1987
16  62.899999999999999  2019
17  52.799999999999997  2321
18  62.799999999999997  1664
19  63.0  1495
20  63.700000000000003  2030
0  40.700000000000003  2626
1  53.700000000000003  2672
2  46.600000000000001  2643
3  42.600000000000001  2788
4  43.799999999999997  2462
5  49.5  2513
6  57.600000000000001  2467
7  49.600000000000001  2240
8  53.5  2462
9  50.399999999999999  2163
10  44.899999999999999  2183
11  48.899999999999999  1947
12  61.299999999999997  1897
13  59.399999999999999  2040
14  59.600000000000001  2022
15  49.600000000000001  2220
16  54.100000000000001  1917
17  51.899999999999999  1982
18  59.200000000000003  1321
19  57.799999999999997  2479
20  62.899999999999999  2075
0  51.100000000000001  2883
1  44.0  2771
2  46.0  2549
3  45.200000000000003  2778
4  49.899999999999999  2677
5  50.600000000000001  2527
6  43.799999999999997  2369
7  61.5  2669
8  59.700000000000003  2407
9  50.899999999999999  1868
10  59.5  2234
11  55.899999999999999  1899
12  53.799999999999997  2208
13  59.200000000000003  1737
14  58.0  2101
15  57.899999999999999  1988
16  60.5  2082
17  55.100000000000001  2030
18  71.299999999999997  1721
19  53.200000000000003  1936
20  56.600000000000001  1872
0  38.799999999999997  3044
1  44.700000000000003  2895
2  51.299999999999997  2790
3  55.700000000000003  2532
4  59.0  2586
5  49.100000000000001  2378
6  50.299999999999997  1940
7  57.0  2260
8  55.299999999999997  2661
9  52.799999999999997  2356
10  64.5  2223
11  50.5  2170
12  53.600000000000001  1847
13  65.799999999999997  1159
14  61.100000000000001  1615
15  54.5  2170
16  57.5  1934
17  69.400000000000006  2066
18  60.200000000000003  1787
19  68.700000000000003  1768
20  64.599999999999994  1625
0  36.399999999999999  3106
1  47.299999999999997  2810
2  44.100000000000001  2588
3  45.299999999999997  2723
4  39.600000000000001  2875
5  56.200000000000003  2494
6  49.299999999999997  2233
7  56.299999999999997  2304
8  53.100000000000001  2350
9  52.899999999999999  2255
10  53.5  2591
11  44.399999999999999  2434
12  49.600000000000001  2330
13  49.600000000000001  1917
14  64.400000000000006  2089
15  56.600000000000001  2052
16  65.900000000000006  1664
17  58.799999999999997  1854
18  53.600000000000001  1810
19  65.0  1913
20  58.399999999999999  1741
0  38.899999999999999  2908
1  39.700000000000003  3001
2  42.700000000000003  2811
3  47.899999999999999  2601
4  54.100000000000001  2744
5  50.5  2695
6  44.600000000000001  2444
7  55.5  2324
8  55.600000000000001  2417
9  62.5  2527
10  64.799999999999997  2197
11  52.600000000000001  2084
12  60.0  2061
13  54.5  2055
14  54.5  2080
15  58.200000000000003  1864
16  59.600000000000001  1635
17  66.200000000000003  1933
18  74.299999999999997  1596
19  62.0  1574
20  56.0  2528
0  40.600000000000001  2866
1  38.299999999999997  3030
2  53.799999999999997  2888
3  46.0  2536
4  46.899999999999999  2718
5  61.100000000000001  2322
6  54.100000000000001  2565
7  39.299999999999997  2152
8  49.799999999999997  2324
9  49.5  2505
10  52.700000000000003  1973
11  60.5  2108
12  70.599999999999994  2025
13  61.399999999999999  2130
14  55.799999999999997  1622
15  57.5  1959
16  64.299999999999997  2103
17  53.299999999999997  2245
18  57.600000000000001  1961
19  57.100000000000001  1765
20  64.5  1650
0  45.0  2831
1  41.700000000000003  2845
2  52.299999999999997  2749
3  47.5  2415
4  51.200000000000003  2765
5  42.0  2246
6  52.200000000000003  2556
7  52.100000000000001  2485
8  57.299999999999997  2455
9  59.399999999999999  2168
10  58.200000000000003  2323
11  63.200000000000003  1809
12  54.899999999999999  2027
13  56.600000000000001  1899
14  61.899999999999999  1841
15  58.0  2315
16  63.399999999999999  1574
17  56.100000000000001  1545
18  52.899999999999999  1647
19  67.400000000000006  1992
20  61.399999999999999  1990
0  43.399999999999999  2881
1  46.600000000000001  2684
2  49.100000000000001  2801
3  48.399999999999999  2793
4  47.399999999999999  2698
5  51.600000000000001  2637
6  50.799999999999997  2754
7  45.100000000000001  2031
8  51.600000000000001  2349
9  60.899999999999999  1995
10  69.0  1338
11  50.299999999999997  2104
12  58.5  1859
13  56.600000000000001  1754
14  58.200000000000003  2215
15  57.100000000000001  2136
16  60.100000000000001  2107
17  53.799999999999997  2538
18  64.5  1572
19  65.099999999999994  2050
20  60.5  2017
0  43.799999999999997  2768
1  43.799999999999997  2538
2  37.100000000000001  2441
3  53.200000000000003  3065
4  44.200000000000003  2565
5  41.600000000000001  2258
6  57.299999999999997  2532
7  48.899999999999999  2294
8  54.200000000000003  2300
9  57.100000000000001  2438
10  52.5  2589
11  67.400000000000006  2194
12  50.100000000000001  2623
13  64.299999999999997  1849
14  61.700000000000003  1742
15  61.799999999999997  1965
16  67.400000000000006  1575
17  69.0  1668
18  68.900000000000006  1894
19  70.900000000000006  1761
20  51.100000000000001  1825
0  40.399999999999999  2984
1  42.100000000000001  2916
2  44.200000000000003  2935
3  47.600000000000001  2489
4  53.5  2738
5  48.100000000000001  2565
6  52.700000000000003  2356
7  48.5  2259
8  48.399999999999999  2679
9  64.900000000000006  1764
10  48.399999999999999  2483
11  55.200000000000003  2398
12  57.600000000000001  2207
13  44.0  1689
14  59.700000000000003  2012
15  65.200000000000003  1799
16  59.600000000000001  2166
17  64.400000000000006  2050
18  59.700000000000003  1802
19  70.200000000000003  1731
20  61.799999999999997  1989
0  37.399999999999999  2722
1  43.700000000000003  3031
2  60.299999999999997  2542
3  50.700000000000003  2476
4  38.799999999999997  2280
5  45.100000000000001  2842
6  46.899999999999999  2427
7  56.899999999999999  2409
8  57.399999999999999  2229
9  57.200000000000003  2111
10  63.700000000000003  2199
11  57.899999999999999  2157
12  58.100000000000001  2134
13  56.0  2201
14  59.799999999999997  1910
15  59.299999999999997  1971
16  58.5  1961
17  65.900000000000006  1858
18  53.799999999999997  2121
19  63.299999999999997  1636
20  61.600000000000001  1771
0  38.200000000000003  3068
1  38.399999999999999  3057
2  48.5  2910
3  40.5  2657
4  56.399999999999999  2481
5  51.600000000000001  2455
6  54.299999999999997  2373
7  50.399999999999999  2660
8  46.799999999999997  2265
9  58.700000000000003  2448
10  62.700000000000003  2130
11  53.700000000000003  2134
12  51.399999999999999  2389
13  56.299999999999997  1962
14  48.0  1738
15  53.0  1948
16  60.700000000000003  1962
17  66.799999999999997  1710
18  54.799999999999997  1748
19  64.299999999999997  2052
20  64.900000000000006  2159
0  50.600000000000001  2818
1  55.899999999999999  3117
2  50.0  2641
3  40.5  2909
4  45.799999999999997  2725
5  52.600000000000001  2319
6  56.200000000000003  2287
7  54.700000000000003  1944
8  52.299999999999997  2071
9  61.399999999999999  2278
10  52.299999999999997  2234
11  60.299999999999997  2079
12  56.700000000000003  1999
13  50.0  2093
14  69.299999999999997  2101
15  54.899999999999999  2244
16  66.5  1750
17  60.100000000000001  1684
18  54.799999999999997  2320
19  58.399999999999999  1807
20  62.100000000000001  1543
0  52.899999999999999  2689
1  35.799999999999997  2568
2  39.100000000000001  2681
3  43.399999999999999  2312
4  52.899999999999999  2269
5  48.399999999999999  2663
6  49.0  2603
7  52.5  1813
8  60.299999999999997  2187
9  48.600000000000001  2393
10  54.5  2102
11  57.299999999999997  2284
12  53.700000000000003  2174
13  52.600000000000001  1821
14  60.0  1851
15  49.700000000000003  2163
16  64.400000000000006  1913
17  59.600000000000001  2077
18  57.0  2029
19  63.200000000000003  1913
20  64.200000000000003  1783
0  36.299999999999997  2846
1  42.299999999999997  3021
2  44.399999999999999  2616
3  53.399999999999999  2467
4  44.700000000000003  2984
5  43.799999999999997  2730
6  40.0  2071
7  46.600000000000001  2856
8  46.299999999999997  2386
9  54.899999999999999  2580
10  60.600000000000001  2210
11  65.799999999999997  2057
12  61.299999999999997  2253
13  61.700000000000003  2224
14  60.700000000000003  1966
15  71.099999999999994  1937
16  51.700000000000003  2290
17  47.899999999999999  1685
18  64.799999999999997  1885
19  55.100000000000001  2261
20  55.5  1745
0  41.299999999999997  3182
1  37.899999999999999  2810
2  44.299999999999997  3161
3  51.799999999999997  2780
4  53.600000000000001  2353
5  49.299999999999997  2413
6  54.399999999999999  2766
7  47.700000000000003  2194
8  49.100000000000001  2324
9  51.299999999999997  1904
10  49.600000000000001  2501
11  62.899999999999999  2277
12  53.700000000000003  2124
13  60.200000000000003  2056
14  54.799999999999997  2165
15  53.299999999999997  2103
16  64.200000000000003  1752
17  56.600000000000001  2198
18  70.200000000000003  1334
19  67.799999999999997  1674
20  51.899999999999999  1992
0  48.799999999999997  2723
1  46.899999999999999  2696
2  39.700000000000003  2560
3  51.600000000000001  2268
4  41.399999999999999  2794
5  53.399999999999999  2514
6  54.399999999999999  2607
7  53.0  2871
8  55.700000000000003  2426
9  57.799999999999997  2150
10  58.299999999999997  2387
11  52.399999999999999  1933
12  57.600000000000001  2382
13  55.299999999999997  2238
14  50.399999999999999  1850
15  63.0  1801
16  61.200000000000003  2096
17  66.299999999999997  1798
18  68.700000000000003  1822
19  53.799999999999997  1874
20  57.700000000000003  1686
0  25.5  2772
1  49.799999999999997  3307
2  44.100000000000001  2889
3  51.5  2501
4  48.0  2431
5  50.299999999999997  2460
6  52.899999999999999  2367
7  57.799999999999997  2064
8  59.200000000000003  2473
9  47.899999999999999  2397
10  52.200000000000003  2079
11  65.200000000000003  2123
12  55.899999999999999  2288
13  49.700000000000003  1884
14  51.600000000000001  2133
15  54.600000000000001  2119
16  61.200000000000003  1821
17  61.899999999999999  1942
18  61.799999999999997  1885
19  64.0  1888
20  66.799999999999997  1983
0  46.5  2769
1  43.299999999999997  2452
2  51.200000000000003  2369
3  58.200000000000003  2738
4  46.899999999999999  2515
5  55.799999999999997  2356
6  57.100000000000001  2562
7  51.600000000000001  2431
8  62.5  2247
9  56.899999999999999  2743
10  51.299999999999997  2549
11  47.5  1992
12  54.299999999999997  2265
13  53.200000000000003  2169
14  58.399999999999999  2048
15  61.899999999999999  2321
16  51.700000000000003  2260
17  55.200000000000003  1870
18  55.100000000000001  2027
19  44.100000000000001  1555
20  67.099999999999994  1999
0  49.700000000000003  3056
1  45.600000000000001  2874
2  47.899999999999999  2737
3  43.799999999999997  2887
4  46.0  2644
5  51.399999999999999  2495
6  41.399999999999999  1749
7  51.299999999999997  2540
8  54.399999999999999  1983
9  52.200000000000003  2307
10  44.799999999999997  2081
11  58.100000000000001  2187
12  47.399999999999999  2103
13  60.5  2427
14  60.899999999999999  1951
15  64.299999999999997  1979
16  56.0  2231
17  50.0  1774
18  59.399999999999999  1788
19  49.600000000000001  2339
20  67.599999999999994  1557
0  48.200000000000003  2916
1  53.0  2629
2  47.399999999999999  2737
3  50.799999999999997  2734
4  45.399999999999999  2804
5  57.299999999999997  2474
6  58.899999999999999  2426
7  57.299999999999997  2372
8  51.200000000000003  2290
9  60.600000000000001  1974
10  57.5  2275
11  48.299999999999997  2453
12  61.5  2114
13  59.799999999999997  2189
14  64.200000000000003  1884
15  58.5  1928
16  59.799999999999997  1492
17  71.0  1924
18  60.200000000000003  2023
19  60.299999999999997  1803
20  67.700000000000003  1321
0  45.600000000000001  3285
1  43.299999999999997  2622
2  38.5  2555
3  46.399999999999999  2553
4  55.899999999999999  2545
5  47.799999999999997  2653
6  52.600000000000001  2523
7  45.100000000000001  2650
8  52.100000000000001  2110
9  46.299999999999997  2423
10  66.200000000000003  1993
11  60.700000000000003  2284
12  52.700000000000003  1861
13  58.399999999999999  2359
14  63.299999999999997  1822
15  62.799999999999997  2161
16  60.0  1463
17  56.0  2302
18  63.0  1844
19  67.0  1841
20  60.200000000000003  2036
0  41.0  2473
1  44.399999999999999  2607
2  47.299999999999997  2548
3  48.899999999999999  2761
4  49.600000000000001  2176
5  58.600000000000001  2201
6  47.5  2419
7  52.299999999999997  2293
8  57.0  2093
9  54.100000000000001  1984
10  51.700000000000003  2086
11  51.299999999999997  1975
12  69.700000000000003  1655
13  58.0  2232
14  52.799999999999997  2097
15  60.0  1902
16  61.299999999999997  2424
17  72.099999999999994  1825
18  64.099999999999994  1798
19  55.700000000000003  1910
20  60.600000000000001  1995
0  52.600000000000001  2976
1  36.0  2894
2  47.799999999999997  2800
3  34.600000000000001  2000
4  42.799999999999997  2779
5  52.799999999999997  2243
6  50.0  2787
7  49.600000000000001  2172
8  61.200000000000003  2219
9  55.5  2304
10  43.899999999999999  2653
11  55.799999999999997  2079
12  55.600000000000001  1924
13  63.5  2178
14  57.899999999999999  2184
15  61.600000000000001  1904
16  64.299999999999997  1998
17  56.299999999999997  1585
18  64.599999999999994  1991
19  64.900000000000006  2082
20  58.799999999999997  1882
0  54.700000000000003  2699
1  56.600000000000001  2493
2  50.299999999999997  2622
3  39.799999999999997  2394
4  48.299999999999997  2507
5  47.700000000000003  3027
6  49.799999999999997  2574
7  51.0  2280
8  49.899999999999999  2260
9  54.0  2411
10  55.200000000000003  2224
11  56.100000000000001  2123
12  57.299999999999997  1994
13  50.600000000000001  2162
14  64.200000000000003  1836
15  59.899999999999999  1986
16  60.299999999999997  1899
17  51.299999999999997  2008
18  65.599999999999994  1602
19  55.899999999999999  2159
20  57.5  1977
0  50.100000000000001  3055
1  48.200000000000003  2815
2  44.5  2783
3  48.799999999999997  2591
4  55.899999999999999  2700
5  54.399999999999999  2364
6  59.299999999999997  2081
7  61.600000000000001  2228
8  56.5  2135
9  53.0  2361
10  57.100000000000001  1974
11  55.700000000000003  2208
12  65.200000000000003  2076
13  47.700000000000003  2220
14  58.700000000000003  1894
15  46.5  1932
16  60.799999999999997  1837
17  52.100000000000001  1943
18  63.200000000000003  2193
19  65.799999999999997  1718
20  45.600000000000001  2121
0  44.5  2967
1  37.899999999999999  2696
2  45.100000000000001  2354
3  46.5  2651
4  42.899999999999999  2710
5  46.5  2413
6  40.600000000000001  2693
7  53.5  2356
8  57.100000000000001  2388
9  46.700000000000003  2072
10  48.299999999999997  2388
11  58.100000000000001  2089
12  59.299999999999997  1750
13  46.799999999999997  2355
14  47.5  2269
15  59.0  1644
16  57.299999999999997  1941
17  65.799999999999997  1992
18  59.5  1890
19  57.200000000000003  1928
20  63.0  1838
0  36.299999999999997  2921
1  36.700000000000003  2543
2  47.5  2541
3  36.799999999999997  2652
4  41.600000000000001  2786
5  39.5  2889
6  42.600000000000001  2702
7  60.899999999999999  2110
8  55.299999999999997  2574
9  50.799999999999997  2395
10  61.399999999999999  2093
11  58.100000000000001  2508
12  55.5  1894
13  52.700000000000003  2197
14  61.100000000000001  1769
15  55.200000000000003  1954
16  58.299999999999997  2138
17  51.799999999999997  1963
18  60.200000000000003  1974
19  59.799999999999997  2071
20  64.0  1863
0  42.5  2748
1  39.399999999999999  2700
2  44.700000000000003  2825
3  36.600000000000001  2540
4  53.700000000000003  2576
5  51.600000000000001  2242
6  50.700000000000003  2466
7  51.5  2332
8  54.700000000000003  2298
9  50.600000000000001  2352
10  51.5  2180
11  38.700000000000003  2415
12  57.700000000000003  2041
13  54.299999999999997  1911
14  54.399999999999999  1927
15  56.899999999999999  2091
16  58.0  1850
17  53.0  1842
18  65.099999999999994  2095
19  56.100000000000001  1989
20  57.299999999999997  2012
0  49.799999999999997  2825
1  48.700000000000003  3078
2  40.200000000000003  2262
3  47.899999999999999  2955
4  49.299999999999997  2264
5  56.399999999999999  2717
6  49.0  2239
7  54.299999999999997  2219
8  53.600000000000001  2566
9  43.899999999999999  2253
10  59.100000000000001  2319
11  56.200000000000003  2276
12  63.700000000000003  2122
13  56.899999999999999  2038
14  51.299999999999997  1667
15  61.399999999999999  2093
16  52.799999999999997  2451
17  64.900000000000006  1786
18  67.700000000000003  1915
19  64.599999999999994  1809
20  62.399999999999999  1766
0  48.299999999999997  3043
1  42.200000000000003  2541
2  46.399999999999999  3103
3  48.700000000000003  2599
4  49.299999999999997  2048
5  53.0  2518
6  52.100000000000001  2091
7  56.299999999999997  2455
8  52.899999999999999  2442
9  48.299999999999997  2199
10  42.5  2153
11  48.799999999999997  2072
12  50.100000000000001  2165
13  47.5  1849
14  65.0  2050
15  55.600000000000001  1930
16  63.700000000000003  2077
17  52.700000000000003  1727
18  52.799999999999997  1630
19  63.399999999999999  899
20  63.200000000000003  2070
0  51.600000000000001  2617
1  43.399999999999999  2846
2  42.399999999999999  2705
3  44.600000000000001  2698
4  49.700000000000003  2257
5  37.899999999999999  2172
6  51.600000000000001  2672
7  55.399999999999999  2484
8  54.5  2189
9  50.899999999999999  2472
10  50.399999999999999  2160
11  63.200000000000003  2267
12  52.600000000000001  2256
13  49.200000000000003  2046
14  45.600000000000001  1570
15  59.299999999999997  2426
16  55.100000000000001  1911
17  65.700000000000003  1699
18  70.900000000000006  1946
19  73.299999999999997  1662
20  65.400000000000006  1749
0  53.100000000000001  3021
1  50.799999999999997  2731
2  42.5  2696
3  45.600000000000001  2555
4  57.600000000000001  2201
5  48.200000000000003  2130
6  53.399999999999999  2604
7  53.899999999999999  2323
8  56.899999999999999  2206
9  38.799999999999997  1864
10  55.600000000000001  2133
11  60.600000000000001  1957
12  64.200000000000003  1929
13  60.600000000000001  2206
14  56.799999999999997  2137
15  62.200000000000003  2219
16  57.799999999999997  2107
17  58.899999999999999  1881
18  59.100000000000001  2044
19  56.399999999999999  1755
20  60.200000000000003  1751
0  42.600000000000001  2675
1  45.100000000000001  2749
2  40.5  2675
3  40.5  2408
4  59.899999999999999  2647
5  51.899999999999999  2734
6  46.5  2362
7  60.399999999999999  2439
8  63.399999999999999  2366
9  42.399999999999999  2206
10  61.100000000000001  2169
11  57.600000000000001  2097
12  57.200000000000003  2068
13  54.5  2216
14  56.5  2003
15  63.899999999999999  2047
16  52.899999999999999  2012
17  53.700000000000003  1912
18  60.0  1906
19  59.700000000000003  2348
20  62.299999999999997  1832
0  33.5  2700
1  49.600000000000001  2861
2  45.200000000000003  2792
3  48.299999999999997  3025
4  46.5  2139
5  51.200000000000003  2485
6  46.0  2738
7  53.399999999999999  2297
8  43.899999999999999  2631
9  47.100000000000001  2394
10  52.799999999999997  2274
11  53.5  2507
12  56.200000000000003  2463
13  51.600000000000001  2045
14  52.299999999999997  1817
15  64.700000000000003  2029
16  72.700000000000003  1593
17  54.299999999999997  2115
18  62.200000000000003  1923
19  56.799999999999997  1780
20  52.899999999999999  1646
0  53.600000000000001  2831
1  48.600000000000001  3091
2  42.100000000000001  2795
3  49.799999999999997  2771
4  57.799999999999997  2939
5  60.299999999999997  2454
6  49.799999999999997  2578
7  50.100000000000001  2485
8  49.100000000000001  2195
9  59.100000000000001  2159
10  63.0  2081
11  47.899999999999999  2031
12  57.299999999999997  2034
13  57.600000000000001  1799
14  65.5  1835
15  60.899999999999999  1877
16  54.200000000000003  2305
17  64.200000000000003  1790
18  61.100000000000001  1768
19  58.600000000000001  1902
20  62.5  1905
0  42.700000000000003  2991
1  44.200000000000003  2761
2  43.5  2496
3  44.399999999999999  2674
4  48.100000000000001  2718
5  44.700000000000003  2558
6  46.399999999999999  2238
7  52.700000000000003  2366
8  52.5  2166
9  65.400000000000006  2224
10  60.899999999999999  2255
11  53.0  1863
12  61.200000000000003  1902
13  55.299999999999997  1857
14  46.700000000000003  2173
15  59.299999999999997  1809
16  57.0  1874
17  60.100000000000001  1633
18  66.299999999999997  1655
19  63.200000000000003  2016
20  76.0  1665
0  38.5  2661
1  43.899999999999999  2896
2  53.399999999999999  2677
3  40.600000000000001  2478
4  60.899999999999999  2212
5  51.5  2527
6  55.100000000000001  2613
7  53.399999999999999  2359
8  63.5  2098
9  48.200000000000003  2139
10  58.299999999999997  1971
11  60.0  1858
12  48.899999999999999  1966
13  53.200000000000003  1970
14  67.299999999999997  1713
15  55.5  1975
16  65.700000000000003  1841
17  59.399999999999999  1886
18  56.799999999999997  1927
19  55.600000000000001  2316
20  66.400000000000006  1461
0  33.399999999999999  2752
1  40.5  2746
2  46.0  2894
3  51.399999999999999  2761
4  48.899999999999999  2756
5  52.700000000000003  2207
6  54.600000000000001  2465
7  50.200000000000003  1952
8  58.5  2354
9  56.100000000000001  1986
10  48.600000000000001  2316
11  59.600000000000001  2341
12  53.0  2233
13  53.0  1811
14  60.5  2179
15  56.200000000000003  2186
16  53.600000000000001  2019
17  64.400000000000006  1899
18  53.0  2172
19  74.5  1834
20  62.600000000000001  2019
0  38.5  3207
1  40.299999999999997  2654
2  49.0  2355
3  34.100000000000001  2593
4  53.700000000000003  2567
5  52.0  2671
6  50.799999999999997  2115
7  53.100000000000001  2172
8  49.299999999999997  2450
9  45.899999999999999  2145
10  52.799999999999997  2297
11  51.600000000000001  2043
12  61.799999999999997  2235
13  61.899999999999999  2168
14  53.700000000000003  1975
15  52.700000000000003  1502
16  66.5  1626
17  54.200000000000003  1894
18  59.100000000000001  1855
19  60.399999999999999  1592
20  58.5  1869
0  49.700000000000003  2883
1  44.899999999999999  2818
2  43.200000000000003  2563
3  85.299999999999997  1675
4  55.5  2120
5  44.0  2397
6  51.799999999999997  2305
7  44.299999999999997  2666
8  64.900000000000006  2336
9  54.700000000000003  2367
10  48.700000000000003  1951
11  57.799999999999997  2025
12  59.700000000000003  2150
13  55.899999999999999  2142
14  57.799999999999997  2194
15  55.0  1760
16  51.5  2079
17  67.799999999999997  1913
18  52.299999999999997  1757
19  59.700000000000003  2059
20  64.299999999999997  2080
0  41.299999999999997  2450
1  39.700000000000003  2832
2  54.200000000000003  2378
3  50.899999999999999  2742
4  45.399999999999999  2808
5  55.899999999999999  2119
6  60.5  2409
7  56.700000000000003  2667
8  47.100000000000001  2544
9  54.600000000000001  2370
10  44.5  2865
11  55.200000000000003  2674
12  61.100000000000001  1758
13  44.899999999999999  2181
14  53.899999999999999  2157
15  60.0  2119
16  69.599999999999994  2064
17  62.799999999999997  1795
18  63.600000000000001  1707
19  72.599999999999994  1792
20  67.799999999999997  1914
0  47.600000000000001  2520
1  53.799999999999997  2857
2  38.399999999999999  2663
3  44.200000000000003  2734
4  46.299999999999997  3036
5  51.700000000000003  2805
6  52.200000000000003  2646
7  57.299999999999997  2448
8  45.200000000000003  2368
9  53.200000000000003  2107
10  57.899999999999999  2372
11  44.799999999999997  2416
12  57.600000000000001  2233
13  58.200000000000003  2455
14  55.5  1876
15  54.600000000000001  2055
16  67.799999999999997  971
17  53.799999999999997  1704
18  63.600000000000001  1909
19  54.5  2015
20  60.399999999999999  1842
0  30.100000000000001  3340
1  46.700000000000003  2713
2  51.0  3194
3  49.700000000000003  2547
4  43.899999999999999  2744
5  52.200000000000003  2480
6  50.899999999999999  2259
7  52.200000000000003  2365
8  52.899999999999999  2672
9  56.899999999999999  2201
10  57.700000000000003  2016
11  52.399999999999999  2113
12  59.200000000000003  1754
13  54.100000000000001  2178
14  55.399999999999999  2001
15  67.700000000000003  2039
16  64.400000000000006  1690
17  58.799999999999997  1601
18  59.299999999999997  2037
19  44.200000000000003  2362
20  65.299999999999997  1711
0  39.799999999999997  3042
1  43.700000000000003  2873
2  56.799999999999997  2805
3  39.799999999999997  2772
4  48.5  2236
5  41.399999999999999  2330
6  42.5  2831
7  52.399999999999999  2395
8  56.5  1793
9  51.5  2279
10  58.299999999999997  2314
11  61.600000000000001  2444
12  67.5  1844
13  55.700000000000003  2207
14  55.899999999999999  2240
15  48.700000000000003  2263
16  65.400000000000006  1996
17  57.0  1991
18  67.400000000000006  2193
19  61.5  1751
20  64.700000000000003  1958
0  39.0  2859
1  53.700000000000003  2752
2  45.700000000000003  2712
3  52.700000000000003  2802
4  46.200000000000003  2699
5  44.100000000000001  2467
6  49.399999999999999  2673
7  43.600000000000001  2402
8  49.0  2373
9  51.600000000000001  2348
10  57.0  2185
11  56.5  2343
12  59.299999999999997  2279
13  48.399999999999999  2308
14  55.200000000000003  2109
15  55.899999999999999  1905
16  50.299999999999997  1626
17  63.799999999999997  1840
18  49.399999999999999  2053
19  55.700000000000003  2122
20  61.799999999999997  1470
0  43.299999999999997  2728
1  41.899999999999999  3263
2  47.799999999999997  2377
3  54.899999999999999  2707
4  47.100000000000001  2785
5  53.799999999999997  2664
6  58.200000000000003  2254
7  53.399999999999999  2853
8  45.399999999999999  2346
9  51.100000000000001  2357
10  51.899999999999999  2323
11  51.600000000000001  2176
12  57.200000000000003  2293
13  51.399999999999999  2321
14  50.5  2478
15  58.5  2127
16  66.200000000000003  1792
17  65.200000000000003  2013
18  42.799999999999997  1939
19  59.200000000000003  2111
20  71.200000000000003  1609
0  36.799999999999997  3036
1  42.700000000000003  2759
2  40.600000000000001  2893
3  40.899999999999999  2613
4  48.799999999999997  2317
5  43.399999999999999  2624
6  53.899999999999999  2599
7  45.600000000000001  2717
8  58.100000000000001  2137
9  49.600000000000001  2538
10  63.200000000000003  2285
11  55.899999999999999  2155
12  50.299999999999997  2094
13  51.200000000000003  2312
14  58.0  1655
15  56.700000000000003  2109
16  61.399999999999999  1998
17  69.900000000000006  1942
18  60.700000000000003  2280
19  63.299999999999997  2056
20  61.799999999999997  1870
0  49.899999999999999  3201
1  41.299999999999997  3352
2  53.799999999999997  2738
3  44.299999999999997  2688
4  50.200000000000003  2641
5  51.0  2906
6  43.799999999999997  2265
7  45.200000000000003  2235
8  52.100000000000001  2257
9  54.799999999999997  2366
10  49.399999999999999  2523
11  58.100000000000001  2336
12  75.400000000000006  1689
13  49.299999999999997  2103
14  60.299999999999997  2249
15  52.700000000000003  2378
16  48.899999999999999  1948
17  64.700000000000003  1924
18  58.799999999999997  1602
19  56.0  1687
20  66.799999999999997  1874
0  44.200000000000003  3063
1  44.100000000000001  2704
2  42.600000000000001  3121
3  51.799999999999997  2870
4  53.200000000000003  2467
5  52.200000000000003  2642
6  49.600000000000001  2483
7  57.700000000000003  2344
8  53.5  2241
9  44.799999999999997  2756
10  52.799999999999997  2330
11  58.899999999999999  1874
12  53.600000000000001  2130
13  65.299999999999997  2121
14  56.5  2003
15  50.799999999999997  2101
16  57.200000000000003  2332
17  61.0  1964
18  64.0  1864
19  64.099999999999994  2056
20  66.700000000000003  1940
0  50.600000000000001  2942
1  58.200000000000003  2768
2  51.0  2546
3  48.5  2732
4  40.0  2635
5  55.600000000000001  2550
6  56.799999999999997  2528
7  54.0  2233
8  49.700000000000003  2950
9  65.900000000000006  2044
10  54.5  2189
11  51.600000000000001  2825
12  63.200000000000003  1807
13  61.799999999999997  2044
14  57.899999999999999  2356
15  57.399999999999999  2264
16  77.0  1080
17  69.799999999999997  1773
18  59.700000000000003  1974
19  64.0  1841
20  51.700000000000003  1909
0  34.100000000000001  2561
1  41.100000000000001  2832
2  31.699999999999999  2695
3  44.200000000000003  2605
4  52.100000000000001  2673
5  58.100000000000001  2553
6  44.100000000000001  2538
7  57.399999999999999  2274
8  54.799999999999997  2509
9  56.899999999999999  2225
10  46.600000000000001  1999
11  45.399999999999999  2257
12  66.299999999999997  2061
13  52.0  2219
14  61.700000000000003  1834
15  66.700000000000003  1917
16  62.700000000000003  1703
17  61.799999999999997  1514
18  60.100000000000001  1784
19  56.600000000000001  2085
20  61.899999999999999  1853
0  36.700000000000003  2546
1  50.899999999999999  2517
2  42.600000000000001  2928
3  38.100000000000001  2687
4  51.100000000000001  2704
5  62.399999999999999  2486
6  50.399999999999999  2307
7  52.399999999999999  2353
8  45.799999999999997  2398
9  57.600000000000001  2320
10  61.299999999999997  2120
11  59.899999999999999  2206
12  54.600000000000001  2327
13  56.299999999999997  2113
14  58.799999999999997  1763
15  64.099999999999994  1856
16  61.799999999999997  1957
17  62.200000000000003  1585
18  56.100000000000001  1816
19  68.400000000000006  1906
20  65.099999999999994  2038
0  38.0  2746
1  47.5  2994
2  46.299999999999997  2609
3  49.5  2338
4  49.799999999999997  2743
5  42.700000000000003  2668
6  50.299999999999997  2188
7  51.299999999999997  2662
8  45.700000000000003  2320
9  47.799999999999997  2547
10  52.600000000000001  2260
11  54.700000000000003  1936
12  54.899999999999999  1956
13  65.799999999999997  2123
14  53.100000000000001  1925
15  59.100000000000001  2043
16  65.400000000000006  1552
17  64.0  2148
18  58.799999999999997  1889
19  68.799999999999997  1811
20  67.700000000000003  1565
0  46.899999999999999  2764
1  50.200000000000003  2961
2  52.5  2445
3  47.299999999999997  2586
4  60.0  2695
5  38.399999999999999  2645
6  52.5  2662
7  54.0  2155
8  45.200000000000003  2463
9  53.399999999999999  1920
10  54.100000000000001  2409
11  62.200000000000003  2044
12  49.799999999999997  2166
13  58.700000000000003  2001
14  59.399999999999999  2313
15  58.5  2191
16  55.700000000000003  1740
17  57.200000000000003  1936
18  61.399999999999999  1790
19  53.0  1601
20  63.799999999999997  2101
0  33.0  3169
1  42.600000000000001  2641
2  38.399999999999999  3324
3  40.299999999999997  2734
4  53.100000000000001  2515
5  52.899999999999999  2098
6  56.200000000000003  2215
7  52.200000000000003  2130
8  58.700000000000003  2015
9  57.200000000000003  2481
10  61.399999999999999  2823
11  54.399999999999999  2244
12  54.100000000000001  2236
13  64.200000000000003  2373
14  54.600000000000001  2121
15  62.600000000000001  2172
16  60.399999999999999  1607
17  61.700000000000003  1923
18  56.299999999999997  1792
19  65.299999999999997  1889
20  58.200000000000003  1942
0  35.600000000000001  2392
1  47.200000000000003  2523
2  43.5  2751
3  35.799999999999997  2550
4  47.100000000000001  2340
5  45.899999999999999  2663
6  63.799999999999997  2371
7  50.299999999999997  2390
8  51.799999999999997  2449
9  47.700000000000003  2550
10  60.700000000000003  2240
11  46.100000000000001  2253
12  56.799999999999997  2441
13  61.899999999999999  1721
14  61.0  2289
15  58.100000000000001  2134
16  67.799999999999997  1913
17  66.099999999999994  1800
18  59.899999999999999  2228
19  60.5  1965
20  58.200000000000003  1685
0  40.700000000000003  2555
1  37.299999999999997  2685
2  44.299999999999997  2378
3  42.5  2849
4  49.5  2352
5  36.799999999999997  2224
6  46.0  2604
7  50.0  2249
8  49.899999999999999  2400
9  48.799999999999997  2424
10  68.5  1971
11  41.100000000000001  2349
12  50.200000000000003  2420
13  62.299999999999997  1752
14  58.600000000000001  2205
15  59.700000000000003  1719
16  64.299999999999997  1917
17  65.599999999999994  1973
18  67.799999999999997  1716
19  61.0  1680
20  61.899999999999999  2121
0  38.299999999999997  3325
1  48.600000000000001  2996
2  50.299999999999997  2777
3  54.200000000000003  2649
4  44.100000000000001  2312
5  44.200000000000003  2474
6  35.600000000000001  2231
7  49.200000000000003  2120
8  52.0  2270
9  57.5  1962
10  62.200000000000003  2165
11  48.399999999999999  2376
12  61.0  1885
13  58.399999999999999  1960
14  60.899999999999999  2075
15  63.5  2228
16  62.399999999999999  2160
17  58.899999999999999  2183
18  53.200000000000003  1831
19  64.299999999999997  1764
20  56.399999999999999  2051
0  45.5  2732
1  25.699999999999999  2536
2  31.300000000000001  3164
3  41.0  2784
4  53.5  2782
5  55.100000000000001  2603
6  56.200000000000003  2252
7  49.200000000000003  2446
8  55.200000000000003  2254
9  56.600000000000001  2229
10  59.100000000000001  2189
11  51.5  2353
12  61.299999999999997  2542
13  59.700000000000003  2282
14  38.799999999999997  2234
15  62.5  2191
16  73.599999999999994  1876
17  54.799999999999997  1928
18  57.200000000000003  2119
19  60.899999999999999  2007
20  57.5  2306
0  38.700000000000003  2658
1  50.399999999999999  2878
2  45.100000000000001  2962
3  45.299999999999997  2764
4  39.299999999999997  2396
5  48.899999999999999  2523
6  45.700000000000003  2611
7  51.600000000000001  2411
8  58.700000000000003  2265
9  54.799999999999997  2385
10  56.0  1949
11  48.899999999999999  2344
12  58.799999999999997  2070
13  53.799999999999997  1952
14  56.5  2042
15  71.299999999999997  1781
16  62.700000000000003  1859
17  60.600000000000001  1883
18  69.700000000000003  2013
19  63.200000000000003  2030
20  59.5  1907
0  30.699999999999999  3072
1  48.700000000000003  2893
2  41.100000000000001  2690
3  41.799999999999997  2669
4  60.100000000000001  2419
5  38.299999999999997  2485
6  44.799999999999997  2332
7  55.399999999999999  2512
8  44.100000000000001  2176
9  57.799999999999997  2118
10  54.899999999999999  2154
11  60.299999999999997  2217
12  68.900000000000006  2032
13  42.399999999999999  1839
14  55.899999999999999  2075
15  65.700000000000003  2018
16  60.799999999999997  1838
17  60.700000000000003  1752
18  53.399999999999999  1926
19  65.200000000000003  1776
20  62.899999999999999  1823
0  44.0  2254
1  46.600000000000001  2537
2  54.200000000000003  2938
3  54.299999999999997  2547
4  45.799999999999997  2753
5  44.0  2487
6  40.600000000000001  2680
7  50.799999999999997  2482
8  48.700000000000003  2370
9  60.299999999999997  2327
10  65.200000000000003  2285
11  58.600000000000001  2322
12  54.200000000000003  2131
13  50.700000000000003  2445
14  46.0  2224
15  65.099999999999994  2168
16  69.5  1887
17  54.700000000000003  2045
18  56.899999999999999  2268
19  61.399999999999999  1861
20  63.399999999999999  1865
0  37.899999999999999  2981
1  36.0  2288
2  48.5  3063
3  41.700000000000003  2836
4  54.299999999999997  2413
5  49.799999999999997  2270
6  63.0  2479
7  56.100000000000001  2429
8  58.200000000000003  2527
9  45.100000000000001  1929
10  53.799999999999997  2197
11  56.5  2285
12  59.100000000000001  2082
13  56.100000000000001  2084
14  63.799999999999997  1937
15  59.299999999999997  1914
16  56.100000000000001  2039
17  62.899999999999999  1811
18  64.299999999999997  1822
19  52.299999999999997  2116
20  63.299999999999997  1802
0  45.899999999999999  2823
1  40.299999999999997  2709
2  53.700000000000003  2633
3  45.399999999999999  2378
4  59.299999999999997  2329
5  47.299999999999997  2531
6  52.899999999999999  2375
7  52.700000000000003  2478
8  58.399999999999999  2384
9  59.100000000000001  2313
10  45.899999999999999  2223
11  60.100000000000001  1948
12  62.200000000000003  2381
13  62.799999999999997  1923
14  66.099999999999994  1522
15  56.0  2180
16  62.299999999999997  1877
17  63.0  1610
18  59.600000000000001  2186
19  59.600000000000001  1542
20  61.200000000000003  1830
0  40.299999999999997  2995
1  49.200000000000003  2623
2  42.299999999999997  2657
3  51.200000000000003  2589
4  43.799999999999997  2669
5  52.5  2347
6  46.600000000000001  2766
7  56.899999999999999  2776
8  47.799999999999997  2516
9  54.600000000000001  2250
10  51.700000000000003  2196
11  54.100000000000001  2177
12  55.700000000000003  2221
13  55.0  2604
14  55.5  2241
15  55.299999999999997  1836
16  56.799999999999997  1722
17  64.0  1838
18  62.600000000000001  1984
19  64.900000000000006  1742
20  64.400000000000006  1783
0  50.100000000000001  2737
1  46.600000000000001  2668
2  53.700000000000003  2776
3  39.200000000000003  2343
4  47.799999999999997  2792
5  43.700000000000003  2724
6  51.200000000000003  2763
7  45.5  2331
8  54.200000000000003  2322
9  59.299999999999997  2510
10  51.700000000000003  2343
11  53.5  1961
12  59.899999999999999  2194
13  57.799999999999997  1759
14  53.100000000000001  1936
15  58.299999999999997  1994
16  59.399999999999999  2147
17  62.799999999999997  1863
18  66.099999999999994  1589
19  53.5  1723
20  64.700000000000003  1613
0  55.700000000000003  3129
1  41.799999999999997  2883
2  42.600000000000001  2747
3  51.0  2245
4  46.399999999999999  2872
5  44.100000000000001  2376
6  50.899999999999999  2174
7  50.600000000000001  2359
8  54.700000000000003  2410
9  56.899999999999999  2349
10  60.899999999999999  2188
11  53.0  2216
12  51.899999999999999  1808
13  56.600000000000001  2166
14  48.899999999999999  2469
15  64.299999999999997  2301
16  55.899999999999999  2022
17  49.200000000000003  1967
18  64.5  1658
19  57.299999999999997  1898
20  67.0  2070
0  44.700000000000003  2493
1  49.700000000000003  2801
2  41.600000000000001  2689
3  47.799999999999997  2865
4  56.899999999999999  2420
5  38.700000000000003  2398
6  51.0  2634
7  54.299999999999997  2419
8  51.299999999999997  2566
9  44.899999999999999  2062
10  57.600000000000001  2293
11  58.700000000000003  1941
12  63.299999999999997  2164
13  53.899999999999999  2265
14  56.799999999999997  1945
15  56.299999999999997  1910
16  53.5  2160
17  64.599999999999994  1925
18  63.700000000000003  1657
19  65.799999999999997  1967
20  61.100000000000001  1973
0  41.200000000000003  2828
1  47.0  2813
2  42.100000000000001  3023
3  44.799999999999997  2535
4  52.799999999999997  2598
5  46.100000000000001  2622
6  55.200000000000003  2477
7  46.5  2540
8  61.700000000000003  2212
9  48.100000000000001  2295
10  57.399999999999999  2221
11  69.299999999999997  1951
12  57.600000000000001  2422
13  64.700000000000003  2032
14  53.5  2019
15  63.600000000000001  1796
16  61.700000000000003  1996
17  61.200000000000003  1878
18  55.299999999999997  2156
19  53.799999999999997  1982
20  60.299999999999997  1916
