1  56.0  396
2  50.0  370
3  27.0  299
4  37.0  486
5  45.0  373
6  46.0  485
7  43.0  505
1  48.0  281
2  57.0  374
3  49.0  300
4  32.0  382
5  34.0  329
6  33.0  425
7  59.0  429
1  32.0  286
2  11.0  415
3  15.0  461
4  54.0  326
5  44.0  441
6  66.0  256
7  26.0  414
1  45.0  460
2  34.0  521
3  64.0  368
4  52.0  281
5  35.0  376
6  19.0  602
7  46.0  357
1  66.0  422
2  44.0  341
3  48.0  279
4  55.0  498
5  52.0  410
6  42.0  492
7  66.0  367
1  28.0  503
2  30.0  374
3  53.0  298
4  62.0  368
5  45.0  386
6  60.0  492
7  28.0  458
1  87.0  285
2  30.0  628
3  13.0  210
4  24.0  360
5  54.0  361
6  70.0  355
7  39.0  355
1  61.0  379
2  56.0  383
3  76.0  328
4  51.0  330
5  52.0  392
6  42.0  412
7  55.0  446
1  77.0  337
2  40.0  388
3  71.0  362
4  45.0  504
5  13.0  379
6  15.0  326
7  27.0  466
1  43.0  451
2  49.0  338
3  49.0  459
4  55.0  394
5  31.0  433
6  29.0  485
7  39.0  549
1  61.0  318
2  22.0  305
3  27.0  402
4  35.0  366
5  61.0  375
6  38.0  350
7  25.0  481
1  43.0  515
2  67.0  421
3  70.0  388
4  61.0  310
5  38.0  332
6  49.0  353
7  60.0  240
1  51.0  460
2  40.0  459
3  47.0  342
4  51.0  448
5  45.0  262
6  9.0  326
7  21.0  556
1  39.0  643
2  40.0  258
3  63.0  413
4  47.0  372
5  53.0  506
6  50.0  531
7  50.0  419
1  4.0  536
2  34.0  275
3  52.0  450
4  20.0  436
5  59.0  323
6  50.0  381
7  41.0  498
1  68.0  409
2  62.0  332
3  50.0  448
4  77.0  318
5  37.0  401
6  48.0  425
7  28.0  513
1  64.0  390
2  30.0  362
3  61.0  426
4  38.0  213
5  58.0  453
6  79.0  343
7  41.0  432
1  49.0  534
2  47.0  328
3  57.0  344
4  62.0  368
5  55.0  413
6  62.0  281
7  31.0  381
1  18.0  105
2  71.0  404
3  57.0  395
4  51.0  337
5  25.0  417
6  47.0  426
7  69.0  320
1  47.0  380
2  50.0  404
3  14.0  240
4  48.0  400
5  62.0  412
6  35.0  403
7  61.0  494
1  52.0  572
2  32.0  237
3  16.0  275
4  59.0  347
5  46.0  297
6  26.0  310
7  30.0  330
1  69.0  410
2  52.0  422
3  57.0  333
4  23.0  367
5  14.0  339
6  31.0  507
7  21.0  423
1  54.0  413
2  42.0  317
3  55.0  431
4  7.0  237
5  32.0  435
6  64.0  420
7  33.0  528
1  65.0  475
2  62.0  398
3  59.0  479
4  30.0  314
5  31.0  365
6  29.0  440
7  32.0  445
1  41.0  379
2  40.0  582
3  36.0  447
4  59.0  388
5  35.0  526
6  43.0  491
7  23.0  501
1  12.0  372
2  32.0  579
3  45.0  265
4  35.0  718
5  58.0  269
6  27.0  359
7  41.0  400
1  70.0  344
2  45.0  471
3  72.0  316
4  58.0  460
5  31.0  608
6  34.0  380
7  41.0  419
1  81.0  333
2  13.0  537
3  33.0  361
4  56.0  438
5  26.0  672
6  67.0  317
7  53.0  421
1  69.0  345
2  49.0  468
3  57.0  389
4  47.0  386
5  31.0  644
6  27.0  627
7  29.0  306
1  76.0  354
2  41.0  454
3  23.0  362
4  24.0  356
5  65.0  399
6  40.0  454
7  46.0  564
1  30.0  363
2  68.0  360
3  67.0  445
4  80.0  293
5  37.0  319
6  23.0  441
7  42.0  499
1  43.0  532
2  41.0  455
3  43.0  354
4  23.0  351
5  18.0  610
6  54.0  514
7  37.0  545
1  24.0  411
2  33.0  750
3  61.0  392
4  62.0  422
5  51.0  502
6  38.0  478
7  48.0  352
1  41.0  435
2  68.0  425
3  60.0  371
4  38.0  472
5  53.0  408
6  45.0  358
7  30.0  561
1  65.0  240
2  39.0  473
3  50.0  327
4  30.0  570
5  36.0  354
6  25.0  410
7  35.0  474
1  47.0  563
2  52.0  432
3  39.0  386
4  57.0  338
5  17.0  401
6  47.0  483
7  37.0  412
1  56.0  453
2  30.0  575
3  48.0  335
4  15.0  435
5  65.0  336
6  48.0  399
7  31.0  503
1  41.0  512
2  65.0  365
3  56.0  400
4  27.0  418
5  38.0  444
6  70.0  381
7  44.0  332
1  60.0  264
2  44.0  378
3  44.0  456
4  64.0  360
5  12.0  330
6  39.0  510
7  26.0  293
1  55.0  398
2  69.0  362
3  29.0  648
4  68.0  315
5  23.0  481
6  59.0  438
7  62.0  330
1  57.0  478
2  50.0  441
3  52.0  320
4  41.0  432
5  30.0  319
6  56.0  356
7  40.0  392
1  53.0  328
2  28.0  541
3  29.0  348
4  27.0  374
5  39.0  414
6  29.0  468
7  42.0  495
1  65.0  442
2  57.0  364
3  58.0  380
4  52.0  310
5  31.0  566
6  54.0  384
7  27.0  517
1  53.0  297
2  73.0  278
3  53.0  247
4  16.0  508
5  49.0  578
6  46.0  421
7  48.0  529
1  39.0  502
2  53.0  438
3  28.0  338
4  44.0  267
5  44.0  486
6  57.0  475
7  56.0  537
1  51.0  427
2  61.0  373
3  51.0  463
4  51.0  360
5  22.0  479
6  30.0  353
7  49.0  473
1  78.0  357
2  40.0  416
3  39.0  419
4  23.0  249
5  42.0  481
6  41.0  412
7  45.0  383
1  44.0  474
2  20.0  260
3  69.0  389
4  46.0  306
5  32.0  526
6  61.0  424
7  56.0  468
1  72.0  469
2  10.0  331
3  56.0  402
4  23.0  395
5  32.0  474
6  40.0  432
7  29.0  441
1  73.0  359
2  24.0  322
3  57.0  307
4  34.0  369
5  38.0  272
6  32.0  439
7  39.0  458
1  0.0  259
2  54.0  458
3  52.0  283
4  42.0  399
5  58.0  387
6  50.0  376
7  54.0  381
1  25.0  382
2  61.0  504
3  56.0  356
4  61.0  353
5  63.0  358
6  34.0  410
7  27.0  490
1  24.0  437
2  56.0  396
3  39.0  429
4  29.0  303
5  46.0  373
6  35.0  491
7  47.0  370
1  66.0  356
2  31.0  355
3  75.0  303
4  39.0  272
5  57.0  373
6  28.0  483
7  40.0  330
1  77.0  321
2  37.0  337
3  41.0  383
4  61.0  408
5  49.0  367
6  22.0  241
7  19.0  351
1  43.0  472
2  41.0  389
3  46.0  434
4  35.0  546
5  58.0  336
6  68.0  324
7  50.0  426
1  48.0  479
2  59.0  265
3  38.0  319
4  44.0  462
5  51.0  391
6  69.0  330
7  15.0  512
1  40.0  497
2  58.0  386
3  76.0  286
4  45.0  416
5  25.0  444
6  37.0  433
7  38.0  413
1  83.0  282
2  59.0  464
3  64.0  293
4  54.0  355
5  33.0  451
6  63.0  324
7  52.0  436
1  39.0  531
2  66.0  235
3  64.0  432
4  47.0  438
5  36.0  407
6  38.0  527
7  43.0  485
1  24.0  408
2  36.0  471
3  64.0  382
4  46.0  258
5  39.0  361
6  45.0  301
7  74.0  337
1  84.0  283
2  47.0  375
3  45.0  384
4  52.0  466
5  47.0  467
6  49.0  457
7  73.0  344
1  66.0  443
2  70.0  451
3  76.0  370
4  81.0  308
5  44.0  414
6  50.0  414
7  45.0  337
1  38.0  511
2  76.0  334
3  77.0  313
4  65.0  424
5  58.0  369
6  52.0  418
7  36.0  561
1  18.0  360
2  18.0  288
3  47.0  245
4  22.0  334
5  43.0  498
6  60.0  483
7  43.0  302
1  91.0  249
2  53.0  333
3  36.0  502
4  34.0  465
5  42.0  516
6  45.0  342
7  52.0  462
1  65.0  404
2  17.0  237
3  34.0  452
4  61.0  312
5  48.0  445
6  47.0  502
7  38.0  414
1  94.0  251
2  60.0  492
3  50.0  345
4  25.0  447
5  44.0  502
6  50.0  451
7  14.0  495
1  37.0  535
2  6.0  279
3  37.0  360
4  45.0  396
5  52.0  489
6  23.0  571
7  31.0  353
1  43.0  300
2  79.0  221
3  13.0  353
4  63.0  377
5  52.0  433
6  45.0  456
7  23.0  543
1  38.0  301
2  49.0  176
3  63.0  247
4  58.0  493
5  55.0  338
6  34.0  581
7  47.0  574
1  52.0  356
2  22.0  227
3  48.0  478
4  46.0  411
5  67.0  331
6  53.0  410
7  44.0  400
1  62.0  401
2  77.0  332
3  52.0  334
4  46.0  374
5  57.0  318
6  55.0  304
7  65.0  439
1  72.0  358
2  69.0  391
3  45.0  571
4  45.0  484
5  21.0  404
6  43.0  519
7  84.0  297
1  64.0  366
2  41.0  399
3  20.0  318
4  40.0  382
5  81.0  328
6  68.0  340
7  56.0  386
1  60.0  346
2  74.0  393
3  45.0  346
4  53.0  525
5  31.0  358
6  43.0  407
7  31.0  333
1  58.0  495
2  9.0  364
3  74.0  287
4  41.0  396
5  80.0  295
6  44.0  407
7  48.0  569
1  69.0  293
2  53.0  431
3  58.0  508
4  55.0  457
5  37.0  416
6  29.0  352
7  37.0  537
1  44.0  501
2  18.0  197
3  56.0  460
4  29.0  424
5  62.0  335
6  61.0  481
7  17.0  399
1  47.0  408
2  30.0  341
3  62.0  384
4  56.0  282
5  44.0  324
6  27.0  436
7  30.0  470
1  71.0  285
2  49.0  548
3  36.0  394
4  53.0  308
5  68.0  350
6  14.0  364
7  62.0  380
1  13.0  469
2  42.0  634
3  62.0  426
4  38.0  517
5  62.0  393
6  38.0  480
7  42.0  268
1  75.0  368
2  27.0  703
3  46.0  413
4  45.0  377
5  73.0  403
6  11.0  293
7  44.0  397
1  65.0  316
2  25.0  471
3  63.0  404
4  21.0  479
5  59.0  345
6  17.0  476
7  25.0  613
1  36.0  575
2  30.0  459
3  29.0  567
4  23.0  252
5  64.0  372
6  49.0  436
7  53.0  431
1  70.0  364
2  14.0  350
3  43.0  376
4  67.0  405
5  66.0  420
6  18.0  531
7  30.0  464
1  20.0  513
2  46.0  544
3  69.0  426
4  35.0  561
5  59.0  308
6  36.0  494
7  39.0  435
1  25.0  595
2  40.0  524
3  54.0  508
4  56.0  464
5  72.0  316
6  70.0  383
7  40.0  482
1  40.0  328
2  63.0  343
3  42.0  344
4  25.0  462
5  50.0  368
6  66.0  381
7  41.0  399
1  65.0  423
2  72.0  340
3  75.0  368
4  34.0  376
5  42.0  382
6  44.0  498
7  54.0  396
1  53.0  345
2  56.0  336
3  56.0  474
4  44.0  386
5  39.0  539
6  19.0  432
7  39.0  460
1  65.0  388
2  28.0  367
3  33.0  270
4  23.0  514
5  33.0  449
6  60.0  419
7  37.0  552
1  35.0  457
2  27.0  493
3  69.0  368
4  65.0  294
5  40.0  328
6  23.0  365
7  46.0  413
1  20.0  329
2  42.0  273
3  31.0  320
4  33.0  404
5  29.0  433
6  7.0  337
7  38.0  339
1  36.0  373
2  59.0  387
3  68.0  326
4  36.0  329
5  54.0  343
6  44.0  477
7  30.0  187
1  59.0  386
2  63.0  427
3  49.0  333
4  64.0  371
5  44.0  440
6  26.0  398
7  48.0  330
1  57.0  478
2  39.0  495
3  50.0  338
4  37.0  298
5  33.0  412
6  40.0  535
7  60.0  419
1  75.0  344
2  55.0  361
3  16.0  409
4  46.0  466
5  63.0  308
6  51.0  430
7  28.0  478
1  27.0  376
2  65.0  491
3  42.0  240
4  38.0  293
5  65.0  385
6  30.0  341
7  43.0  460
1  94.0  240
2  44.0  376
3  24.0  483
4  51.0  298
5  31.0  546
6  31.0  567
7  22.0  336
