40  11.0  277
60  24.0  408
80  33.0  373
100  28.0  506
120  61.0  444
140  52.0  488
160  60.0  396
180  83.0  222
200  89.0  350
40  4.0  208
60  0.0  324
80  64.0  396
100  43.0  515
120  43.0  523
140  51.0  391
160  88.0  210
180  63.0  379
200  97.0  229
40  30.0  402
60  9.0  366
80  31.0  289
100  39.0  335
120  52.0  479
140  71.0  364
160  61.0  358
180  57.0  234
200  82.0  320
40  32.0  119
60  32.0  340
80  24.0  242
100  48.0  375
120  42.0  609
140  51.0  464
160  53.0  577
180  85.0  378
200  77.0  430
40  31.0  293
60  27.0  334
80  70.0  280
100  66.0  354
120  79.0  344
140  36.0  413
160  49.0  490
180  26.0  511
200  38.0  315
40  37.0  160
60  39.0  382
80  34.0  251
100  58.0  465
120  85.0  278
140  83.0  305
160  53.0  311
180  87.0  312
200  97.0  270
40  1.0  144
60  49.0  349
80  14.0  332
100  59.0  463
120  73.0  348
140  70.0  405
160  52.0  499
180  82.0  366
200  93.0  288
40  6.0  282
60  26.0  294
80  49.0  261
100  44.0  468
120  70.0  342
140  90.0  257
160  79.0  438
180  72.0  435
200  62.0  241
40  14.0  235
60  35.0  341
80  33.0  311
100  59.0  241
120  81.0  353
140  53.0  532
160  80.0  400
180  57.0  537
200  95.0  277
40  3.0  333
60  35.0  103
80  42.0  389
100  32.0  341
120  65.0  343
140  66.0  296
160  67.0  492
180  76.0  255
200  94.0  283
40  6.0  171
60  42.0  377
80  27.0  316
100  52.0  306
120  81.0  365
140  58.0  392
160  76.0  183
180  43.0  276
200  70.0  284
40  8.0  141
60  47.0  330
80  50.0  352
100  53.0  384
120  64.0  441
140  84.0  350
160  79.0  416
180  87.0  340
200  81.0  292
40  20.0  213
60  37.0  360
80  48.0  421
100  65.0  365
120  61.0  193
140  67.0  259
160  63.0  453
180  69.0  337
200  97.0  222
40  10.0  202
60  63.0  209
80  41.0  418
100  35.0  343
120  58.0  557
140  43.0  538
160  92.0  286
180  88.0  284
200  93.0  294
40  6.0  263
60  47.0  235
80  21.0  285
100  66.0  266
120  52.0  454
140  31.0  312
160  79.0  374
180  48.0  432
200  77.0  440
40  10.0  79
60  30.0  375
80  37.0  520
100  60.0  328
120  63.0  336
140  56.0  427
160  85.0  367
180  76.0  410
200  85.0  350
40  5.0  206
60  9.0  391
80  56.0  286
100  47.0  312
120  79.0  276
140  71.0  254
160  91.0  228
180  57.0  176
200  84.0  247
40  20.0  223
60  10.0  294
80  52.0  393
100  65.0  303
120  70.0  198
140  82.0  350
160  66.0  454
180  91.0  257
200  68.0  424
40  11.0  303
60  20.0  170
80  54.0  251
100  68.0  360
120  38.0  424
140  77.0  379
160  93.0  269
180  69.0  351
200  79.0  460
40  8.0  274
60  30.0  322
80  8.0  467
100  60.0  307
120  95.0  255
140  28.0  331
160  71.0  497
180  91.0  265
200  76.0  226
40  17.0  151
60  21.0  326
80  76.0  328
100  37.0  561
120  56.0  377
140  59.0  213
160  69.0  421
180  80.0  450
200  87.0  269
40  6.0  347
60  29.0  278
80  13.0  358
100  70.0  286
120  79.0  323
140  57.0  539
160  84.0  305
180  88.0  334
200  82.0  349
40  38.0  263
60  18.0  234
80  36.0  287
100  37.0  419
120  50.0  267
140  52.0  448
160  61.0  519
180  90.0  257
200  44.0  347
40  16.0  273
60  2.0  231
80  28.0  202
100  52.0  303
120  63.0  533
140  89.0  282
160  66.0  297
180  63.0  359
200  86.0  266
40  8.0  298
60  18.0  289
80  42.0  390
100  62.0  446
120  74.0  365
140  68.0  524
160  86.0  277
180  80.0  365
200  62.0  268
40  8.0  148
60  47.0  322
80  54.0  398
100  35.0  343
120  25.0  281
140  49.0  285
160  34.0  474
180  54.0  358
200  53.0  267
40  17.0  262
60  7.0  351
80  62.0  361
100  38.0  297
120  37.0  245
140  84.0  257
160  69.0  409
180  74.0  418
200  97.0  239
40  8.0  280
60  14.0  364
80  40.0  485
100  58.0  401
120  70.0  352
140  52.0  238
160  50.0  412
180  85.0  368
200  94.0  299
40  13.0  85
60  20.0  397
80  41.0  428
100  68.0  361
120  45.0  422
140  47.0  320
160  76.0  425
180  43.0  651
200  84.0  458
40  26.0  263
60  35.0  357
80  53.0  400
100  76.0  351
120  62.0  368
140  54.0  517
160  68.0  377
180  34.0  255
200  79.0  344
40  26.0  136
60  17.0  344
80  7.0  318
100  50.0  269
120  72.0  409
140  37.0  200
160  70.0  355
180  97.0  254
200  50.0  380
40  26.0  193
60  21.0  383
80  57.0  493
100  31.0  423
120  59.0  491
140  56.0  348
160  46.0  316
180  82.0  424
200  87.0  348
40  29.0  271
60  27.0  345
80  47.0  417
100  60.0  399
120  55.0  297
140  88.0  284
160  64.0  301
180  94.0  220
200  31.0  247
40  4.0  141
60  9.0  254
80  43.0  388
100  26.0  458
120  31.0  381
140  71.0  365
160  59.0  360
180  91.0  216
200  80.0  398
40  14.0  307
60  42.0  333
80  27.0  465
100  52.0  415
120  72.0  185
140  59.0  470
160  77.0  323
180  68.0  217
200  83.0  375
40  24.0  373
60  27.0  289
80  72.0  278
100  66.0  401
120  58.0  282
140  79.0  399
160  64.0  344
180  58.0  376
200  96.0  254
40  20.0  258
60  30.0  265
80  63.0  300
100  45.0  213
120  45.0  353
140  57.0  562
160  90.0  315
180  73.0  440
200  77.0  379
40  19.0  215
60  14.0  297
80  34.0  332
100  52.0  307
120  56.0  334
140  50.0  485
160  44.0  588
180  76.0  575
200  83.0  359
40  37.0  268
60  22.0  299
80  49.0  256
100  75.0  309
120  73.0  434
140  60.0  529
160  82.0  369
180  88.0  210
200  67.0  550
40  33.0  332
60  33.0  339
80  47.0  443
100  62.0  303
120  71.0  265
140  61.0  335
160  69.0  212
180  76.0  393
200  79.0  352
40  24.0  276
60  29.0  214
80  47.0  422
100  64.0  202
120  51.0  355
140  73.0  366
160  93.0  286
180  38.0  358
200  81.0  278
40  9.0  191
60  41.0  328
80  53.0  367
100  23.0  521
120  43.0  448
140  82.0  342
160  80.0  253
180  90.0  246
200  61.0  474
40  14.0  243
60  5.0  249
80  37.0  362
100  23.0  310
120  36.0  285
140  63.0  469
160  97.0  328
180  74.0  463
200  81.0  341
40  31.0  267
60  10.0  184
80  35.0  429
100  42.0  434
120  97.0  236
140  75.0  492
160  61.0  383
180  58.0  600
200  88.0  404
40  33.0  271
60  0.0  284
80  27.0  378
100  41.0  383
120  79.0  370
140  75.0  344
160  43.0  195
180  64.0  398
200  67.0  394
40  37.0  287
60  12.0  297
80  31.0  550
100  42.0  320
120  63.0  388
140  63.0  392
160  82.0  292
180  92.0  285
200  92.0  268
40  1.0  329
60  61.0  387
80  49.0  347
100  53.0  259
120  75.0  267
140  50.0  567
160  70.0  407
180  60.0  377
200  97.0  239
40  37.0  305
60  49.0  250
80  27.0  365
100  55.0  397
120  82.0  355
140  56.0  347
160  79.0  253
180  56.0  374
200  93.0  264
40  0.0  308
60  49.0  315
80  35.0  385
100  44.0  445
120  57.0  386
140  64.0  197
160  64.0  419
180  71.0  249
200  87.0  241
40  24.0  256
60  6.0  376
80  57.0  320
100  27.0  355
120  89.0  272
140  90.0  304
160  90.0  305
180  88.0  364
200  74.0  350
40  30.0  213
60  22.0  294
80  13.0  342
100  26.0  446
120  69.0  366
140  79.0  288
160  93.0  208
180  95.0  256
200  93.0  266
40  33.0  307
60  10.0  304
80  67.0  177
100  49.0  434
120  68.0  264
140  82.0  301
160  76.0  380
180  95.0  253
200  84.0  347
40  0.0  210
60  9.0  383
80  44.0  441
100  42.0  415
120  64.0  436
140  64.0  337
160  53.0  348
180  32.0  252
200  73.0  435
40  16.0  268
60  41.0  456
80  72.0  263
100  52.0  212
120  97.0  222
140  71.0  517
160  66.0  549
180  33.0  343
200  87.0  401
40  27.0  179
60  45.0  257
80  77.0  321
100  38.0  437
120  57.0  181
140  50.0  524
160  90.0  220
180  92.0  301
200  81.0  406
40  9.0  254
60  46.0  344
80  42.0  279
100  35.0  534
120  74.0  423
140  88.0  292
160  76.0  245
180  77.0  371
200  73.0  458
40  8.0  147
60  21.0  274
80  18.0  283
100  31.0  237
120  55.0  455
140  72.0  433
160  96.0  242
180  82.0  350
200  90.0  337
40  14.0  275
60  46.0  300
80  54.0  406
100  45.0  497
120  68.0  330
140  65.0  468
160  70.0  353
180  90.0  318
200  66.0  207
40  22.0  430
60  47.0  330
80  24.0  428
100  90.0  279
120  68.0  413
140  89.0  285
160  80.0  296
180  94.0  284
200  51.0  198
40  20.0  278
60  52.0  359
80  44.0  405
100  74.0  311
120  45.0  295
140  63.0  563
160  87.0  302
180  83.0  361
200  74.0  437
40  28.0  169
60  17.0  254
80  41.0  410
100  42.0  470
120  44.0  272
140  87.0  291
160  77.0  429
180  59.0  400
200  80.0  304
40  16.0  303
60  19.0  273
80  40.0  318
100  54.0  370
120  81.0  347
140  46.0  398
160  56.0  616
180  58.0  405
200  75.0  400
40  0.0  183
60  64.0  366
80  56.0  415
100  67.0  249
120  54.0  506
140  75.0  421
160  67.0  434
180  51.0  253
200  60.0  434
40  8.0  262
60  34.0  249
80  37.0  331
100  68.0  343
120  52.0  380
140  85.0  322
160  88.0  293
180  71.0  318
200  92.0  307
40  20.0  94
60  23.0  272
80  39.0  298
100  55.0  318
120  31.0  334
140  87.0  239
160  92.0  267
180  97.0  226
200  75.0  317
40  6.0  243
60  18.0  328
80  35.0  223
100  71.0  352
120  41.0  464
140  39.0  313
160  88.0  299
180  89.0  321
200  92.0  205
40  21.0  339
60  33.0  307
80  67.0  304
100  38.0  318
120  38.0  593
140  57.0  395
160  62.0  466
180  97.0  233
200  94.0  260
40  25.0  125
60  10.0  285
80  36.0  368
100  58.0  317
120  77.0  396
140  71.0  457
160  84.0  388
180  82.0  338
200  66.0  411
40  10.0  261
60  29.0  230
80  60.0  222
100  47.0  357
120  76.0  361
140  60.0  363
160  76.0  383
180  91.0  349
200  82.0  255
40  31.0  242
60  18.0  448
80  51.0  352
100  60.0  289
120  63.0  430
140  79.0  350
160  79.0  360
180  79.0  430
200  97.0  245
40  14.0  215
60  28.0  277
80  42.0  291
100  31.0  323
120  79.0  357
140  83.0  245
160  75.0  400
180  67.0  575
200  88.0  241
40  22.0  225
60  41.0  181
80  47.0  311
100  47.0  418
120  66.0  441
140  44.0  370
160  76.0  478
180  86.0  409
200  96.0  254
40  3.0  190
60  37.0  341
80  29.0  450
100  17.0  574
120  62.0  268
140  49.0  597
160  42.0  284
180  74.0  416
200  78.0  250
40  0.0  278
60  40.0  387
80  38.0  414
100  86.0  305
120  51.0  442
140  51.0  488
160  84.0  384
180  71.0  325
200  60.0  490
40  19.0  249
60  27.0  239
80  31.0  338
100  62.0  312
120  56.0  356
140  95.0  171
160  86.0  326
180  83.0  429
200  72.0  433
40  19.0  224
60  6.0  402
80  50.0  88
100  30.0  221
120  58.0  188
140  77.0  214
160  86.0  265
180  72.0  462
200  66.0  301
40  1.0  217
60  15.0  267
80  55.0  287
100  64.0  381
120  63.0  475
140  63.0  530
160  34.0  337
180  81.0  369
200  67.0  458
40  8.0  250
60  28.0  105
80  16.0  319
100  68.0  398
120  52.0  260
140  86.0  370
160  58.0  288
180  70.0  524
200  89.0  340
40  6.0  211
60  37.0  354
80  17.0  406
100  52.0  349
120  83.0  252
140  66.0  422
160  54.0  334
180  60.0  411
200  42.0  536
40  15.0  145
60  53.0  285
80  38.0  401
100  51.0  339
120  66.0  424
140  80.0  336
160  59.0  566
180  86.0  322
200  69.0  414
40  18.0  151
60  20.0  441
80  41.0  509
100  33.0  295
120  79.0  388
140  71.0  377
160  90.0  265
180  52.0  578
200  94.0  314
40  6.0  247
60  41.0  326
80  31.0  337
100  59.0  316
120  72.0  367
140  81.0  276
160  69.0  270
180  40.0  309
200  66.0  521
40  19.0  204
60  19.0  381
80  43.0  313
100  26.0  259
120  69.0  465
140  50.0  355
160  90.0  323
180  39.0  523
200  87.0  240
40  16.0  211
60  49.0  315
80  51.0  304
100  24.0  482
120  33.0  419
140  80.0  355
160  45.0  530
180  88.0  349
200  73.0  369
40  16.0  298
60  21.0  219
80  27.0  343
100  54.0  366
120  69.0  367
140  69.0  592
160  72.0  297
180  97.0  234
200  91.0  328
40  12.0  188
60  42.0  299
80  22.0  278
100  45.0  507
120  31.0  405
140  83.0  306
160  78.0  403
180  90.0  301
200  75.0  214
40  29.0  301
60  39.0  424
80  13.0  250
100  52.0  191
120  56.0  295
140  84.0  271
160  49.0  608
180  69.0  365
200  95.0  273
40  31.0  264
60  8.0  306
80  38.0  380
100  60.0  210
120  87.0  231
140  54.0  178
160  63.0  466
180  81.0  335
200  84.0  286
40  0.0  262
60  46.0  360
80  54.0  339
100  32.0  575
120  52.0  216
140  76.0  396
160  61.0  331
180  71.0  509
200  85.0  333
40  9.0  163
60  31.0  341
80  29.0  413
100  53.0  436
120  60.0  155
140  70.0  431
160  45.0  429
180  89.0  379
200  72.0  337
40  29.0  192
60  5.0  319
80  3.0  429
100  53.0  427
120  33.0  504
140  64.0  250
160  86.0  270
180  79.0  429
200  58.0  325
40  15.0  322
60  39.0  347
80  28.0  323
100  28.0  481
120  64.0  455
140  80.0  321
160  73.0  476
180  94.0  255
200  97.0  242
40  20.0  245
60  10.0  218
80  48.0  284
100  52.0  534
120  46.0  330
140  71.0  406
160  62.0  313
180  67.0  396
200  74.0  321
40  65.0  273
60  27.0  359
80  44.0  371
100  58.0  418
120  63.0  446
140  88.0  305
160  72.0  347
180  81.0  270
200  45.0  272
40  23.0  244
60  35.0  298
80  35.0  395
100  21.0  487
120  80.0  247
140  80.0  326
160  59.0  287
180  92.0  289
200  58.0  312
40  28.0  236
60  38.0  293
80  55.0  288
100  44.0  399
120  51.0  416
140  70.0  533
160  74.0  385
180  81.0  415
200  96.0  247
40  4.0  279
60  19.0  444
80  64.0  406
100  36.0  402
120  68.0  460
140  45.0  572
160  90.0  287
180  60.0  229
200  93.0  296
40  13.0  237
60  28.0  333
80  28.0  524
100  41.0  435
120  62.0  221
140  64.0  433
160  66.0  350
180  59.0  381
200  93.0  273
40  19.0  163
60  20.0  387
80  34.0  308
100  84.0  196
120  48.0  600
140  76.0  380
160  83.0  362
180  93.0  287
200  89.0  295
40  16.0  244
60  38.0  295
80  46.0  394
100  60.0  221
120  53.0  359
140  66.0  454
160  70.0  387
180  84.0  368
200  39.0  263
