2  65.0  417
4  76.5  710
6  58.666666666666664  1336
8  74.0  1596
10  48.0  2155
12  55.916666666666664  2247
14  46.857142857142854  3028
16  44.625  2676
18  48.444444444444443  3311
20  43.850000000000001  3159
2  46.0  313
4  52.0  759
6  54.5  1004
8  52.5  1517
10  54.200000000000003  2169
12  54.25  2437
14  58.357142857142854  2313
16  51.3125  2776
18  44.277777777777779  2797
20  44.850000000000001  3356
2  83.5  174
4  61.25  1036
6  59.5  1328
8  51.0  1409
10  42.700000000000003  2279
12  62.083333333333336  2425
14  57.357142857142854  2503
16  54.5  3068
18  42.277777777777779  3532
20  50.149999999999999  3713
2  64.0  444
4  44.0  928
6  64.166666666666671  1270
8  41.625  1540
10  60.899999999999999  2128
12  52.666666666666664  2074
14  41.357142857142854  2550
16  52.8125  3177
18  48.388888888888886  3140
20  46.649999999999999  3582
2  83.0  353
4  57.0  764
6  70.166666666666671  1069
8  65.5  1433
10  60.899999999999999  2027
12  56.5  2130
14  41.642857142857146  2453
16  44.375  2861
18  42.277777777777779  3450
20  42.0  3272
2  58.5  389
4  60.0  1042
6  60.0  1267
8  66.0  1342
10  57.899999999999999  2289
12  63.75  2319
14  54.428571428571431  2525
16  60.125  2987
18  47.777777777777779  3074
20  48.75  3348
2  62.5  447
4  64.5  874
6  58.333333333333336  1248
8  51.875  1422
10  48.299999999999997  2147
12  55.416666666666664  2522
14  53.785714285714285  2796
16  51.3125  2568
18  51.277777777777779  3203
20  48.100000000000001  3157
2  54.5  371
4  64.0  938
6  69.0  1415
8  51.875  1634
10  62.0  1612
12  42.166666666666664  2591
14  51.785714285714285  2592
16  52.625  2796
18  48.611111111111114  3102
20  48.049999999999997  3729
2  83.5  239
4  64.75  801
6  69.666666666666671  1135
8  50.5  1590
10  50.0  1627
12  55.916666666666664  2272
14  50.142857142857146  2406
16  52.9375  2904
18  50.833333333333336  3513
20  47.399999999999999  3618
2  76.5  363
4  71.25  716
6  71.333333333333329  1145
8  57.125  1645
10  62.700000000000003  1729
12  47.666666666666664  2476
14  49.0  2774
16  47.375  2887
18  55.722222222222221  3254
20  54.899999999999999  3461
2  66.5  396
4  58.25  874
6  65.5  1086
8  71.625  1429
10  60.100000000000001  1897
12  48.5  2252
14  39.5  2197
16  51.0625  2852
18  48.5  3133
20  50.850000000000001  3584
2  51.0  288
4  47.25  1061
6  63.666666666666664  1050
8  58.375  1595
10  55.399999999999999  2032
12  52.416666666666664  2624
14  52.285714285714285  2989
16  50.0625  2614
18  50.166666666666664  3045
20  49.350000000000001  3432
2  68.5  424
4  66.5  928
6  58.5  1620
8  58.375  1423
10  52.200000000000003  1942
12  47.583333333333336  2503
14  58.428571428571431  2752
16  56.5625  3244
18  48.333333333333336  3588
20  52.549999999999997  3554
2  79.0  290
4  72.0  603
6  64.0  1089
8  55.625  1646
10  58.100000000000001  1976
12  45.5  2567
14  47.142857142857146  2824
16  49.0625  3194
18  49.944444444444443  3125
20  47.799999999999997  3198
2  69.0  434
4  50.0  824
6  47.166666666666664  1140
8  50.0  1594
10  49.100000000000001  1926
12  49.833333333333336  2480
14  42.142857142857146  2707
16  49.4375  2879
18  46.555555555555557  3591
20  47.5  3357
2  70.0  379
4  65.5  745
6  61.833333333333336  1247
8  47.875  1404
10  63.0  1985
12  43.833333333333336  2469
14  49.714285714285715  2667
16  45.625  2775
18  50.111111111111114  3299
20  49.149999999999999  3501
2  66.5  397
4  67.0  695
6  65.666666666666671  1229
8  61.625  1455
10  57.899999999999999  1904
12  58.833333333333336  2157
14  58.5  2393
16  51.375  2711
18  46.388888888888886  3281
20  49.049999999999997  3182
2  45.5  308
4  51.25  921
6  52.0  1167
8  66.125  1518
10  59.100000000000001  2117
12  57.666666666666664  2256
14  49.5  2866
16  51.9375  2898
18  51.333333333333336  3345
20  43.799999999999997  3269
2  58.0  496
4  48.75  1198
6  61.666666666666664  1083
8  57.125  1220
10  61.0  1703
12  44.0  2367
14  40.5  2452
16  54.25  3021
18  56.944444444444443  3461
20  49.5  3395
2  82.5  348
4  70.5  734
6  61.0  843
8  59.375  1632
10  55.200000000000003  1897
12  54.333333333333336  2643
14  57.5  2719
16  53.8125  2783
18  51.333333333333336  3286
20  47.299999999999997  3831
2  54.0  352
4  50.5  676
6  69.666666666666671  1213
8  53.125  1179
10  58.600000000000001  2293
12  53.833333333333336  2250
14  51.5  2943
16  54.875  3091
18  46.944444444444443  3624
20  46.850000000000001  3459
2  68.0  267
4  66.75  829
6  64.666666666666671  740
8  53.5  1740
10  49.399999999999999  1793
12  55.333333333333336  2275
14  48.857142857142854  2674
16  39.5625  2782
18  51.222222222222221  3568
20  39.75  3367
2  68.5  328
4  57.75  676
6  73.833333333333329  1289
8  50.75  1583
10  54.0  2058
12  59.416666666666664  2252
14  59.928571428571431  2384
16  47.0625  2903
18  45.611111111111114  3394
20  48.600000000000001  3641
2  84.0  232
4  72.5  778
6  60.0  1249
8  67.0  1418
10  52.399999999999999  1932
12  60.083333333333336  2041
14  40.928571428571431  3063
16  49.125  2872
18  45.333333333333336  3171
20  49.399999999999999  3615
2  71.5  471
4  44.5  844
6  57.833333333333336  1205
8  56.875  1517
10  51.100000000000001  2285
12  48.583333333333336  2018
14  50.5  2597
16  48.3125  2889
18  42.0  3254
20  48.200000000000003  3636
2  71.5  330
4  67.0  637
6  52.0  1412
8  60.375  1742
10  48.100000000000001  2046
12  53.666666666666664  2334
14  47.071428571428569  2748
16  52.9375  2897
18  47.888888888888886  3360
20  44.049999999999997  3275
2  84.0  279
4  52.25  1257
6  55.5  1175
8  56.0  1327
10  63.5  2046
12  46.916666666666664  2371
14  60.285714285714285  2788
16  49.3125  2990
18  47.333333333333336  2937
20  52.899999999999999  3129
2  87.0  188
4  55.0  988
6  56.0  1218
8  66.375  1571
10  52.399999999999999  1402
12  53.166666666666664  2428
14  43.928571428571431  2747
16  55.4375  2631
18  45.0  3144
20  46.649999999999999  3585
2  37.0  377
4  68.0  789
6  55.0  1155
8  54.375  1640
10  54.200000000000003  1641
12  65.0  2252
14  52.357142857142854  2432
16  57.1875  3036
18  40.666666666666664  2828
20  47.399999999999999  3614
2  70.5  410
4  46.5  863
6  54.5  954
8  66.75  1547
10  55.700000000000003  2063
12  54.416666666666664  2209
14  45.571428571428569  2563
16  48.5  3179
18  48.555555555555557  3143
20  50.75  3937
2  54.0  656
4  77.75  678
6  60.166666666666664  1438
8  65.25  1434
10  53.200000000000003  1947
12  50.583333333333336  2680
14  43.0  2790
16  50.3125  3232
18  49.0  3311
20  47.700000000000003  3253
2  49.0  376
4  69.0  712
6  72.333333333333329  1162
8  44.0  1892
10  57.5  1998
12  60.166666666666664  2495
14  50.714285714285715  2312
16  46.4375  3219
18  43.666666666666664  3302
20  45.75  3490
2  80.0  324
4  62.25  976
6  66.333333333333329  1307
8  59.375  1617
10  56.100000000000001  2157
12  43.916666666666664  2434
14  54.071428571428569  2539
16  57.4375  2922
18  52.555555555555557  3248
20  43.299999999999997  3469
2  62.0  272
4  72.5  718
6  53.833333333333336  1434
8  50.375  1528
10  56.700000000000003  2062
12  49.916666666666664  2281
14  56.142857142857146  3104
16  52.75  3128
18  43.722222222222221  3316
20  53.200000000000003  3463
2  69.5  437
4  63.25  986
6  62.333333333333336  1322
8  55.5  1645
10  51.100000000000001  2464
12  49.916666666666664  2255
14  48.214285714285715  2794
16  49.3125  2713
18  43.166666666666664  3280
20  45.600000000000001  3711
2  74.5  293
4  63.75  872
6  47.666666666666664  1219
8  54.875  1568
10  62.100000000000001  2004
12  53.833333333333336  2036
14  52.071428571428569  2475
16  49.375  3199
18  46.555555555555557  3461
20  49.299999999999997  3427
2  54.5  374
4  65.0  917
6  76.833333333333329  1109
8  59.375  1609
10  59.200000000000003  2296
12  56.75  2040
14  55.642857142857146  2772
16  50.0625  3020
18  45.5  3102
20  44.950000000000003  3783
2  60.5  358
4  68.0  858
6  59.333333333333336  1164
8  65.25  1705
10  52.5  1845
12  56.583333333333336  2399
14  50.214285714285715  2797
16  45.0  2642
18  47.0  2960
20  48.350000000000001  3166
2  49.0  354
4  64.75  756
6  60.0  1170
8  62.125  1919
10  53.399999999999999  2016
12  49.25  2379
14  53.785714285714285  2836
16  48.4375  3146
18  49.5  3153
20  44.850000000000001  3815
2  71.0  298
4  54.75  1028
6  38.833333333333336  1387
8  60.875  1786
10  48.899999999999999  1736
12  49.166666666666664  2090
14  52.285714285714285  2378
16  47.375  2685
18  57.277777777777779  3171
20  45.25  3646
2  87.0  268
4  56.5  1080
6  46.833333333333336  1357
8  54.75  1715
10  59.299999999999997  1835
12  50.083333333333336  2311
14  43.142857142857146  2828
16  45.6875  3079
18  56.277777777777779  3059
20  41.149999999999999  3551
2  60.0  428
4  49.75  833
6  69.833333333333329  1189
8  55.0  1586
10  66.700000000000003  2053
12  56.833333333333336  2359
14  53.785714285714285  2741
16  55.875  3028
18  42.722222222222221  3390
20  43.75  3327
2  42.5  589
4  75.75  751
6  59.833333333333336  1097
8  55.25  1716
10  56.700000000000003  2028
12  57.083333333333336  2375
14  54.785714285714285  2593
16  43.5625  3125
18  46.666666666666664  3178
20  46.200000000000003  3408
2  78.5  374
4  71.0  629
6  60.333333333333336  1079
8  61.375  1623
10  59.799999999999997  1769
12  50.916666666666664  1971
14  51.857142857142854  2769
16  50.0625  3115
18  44.944444444444443  3597
20  48.600000000000001  3623
2  49.5  493
4  75.5  788
6  68.5  1164
8  60.125  1257
10  51.700000000000003  2093
12  53.583333333333336  2255
14  48.571428571428569  3161
16  50.5  2950
18  51.055555555555557  2935
20  52.700000000000003  3504
2  67.0  533
4  64.25  825
6  61.5  1171
8  37.25  1846
10  58.399999999999999  1799
12  52.75  2179
14  57.428571428571431  2762
16  43.125  3291
18  51.611111111111114  3127
20  46.350000000000001  3387
2  54.0  333
4  67.0  815
6  59.833333333333336  1268
8  46.0  1804
10  45.700000000000003  1588
12  55.333333333333336  1870
14  49.642857142857146  2378
16  47.125  2881
18  46.055555555555557  2872
20  49.149999999999999  3748
2  63.5  421
4  54.25  1144
6  61.333333333333336  1119
8  46.0  2069
10  49.899999999999999  2337
12  59.666666666666664  1931
14  56.285714285714285  2695
16  52.8125  2743
18  45.666666666666664  2917
20  44.899999999999999  3614
2  50.5  551
4  48.75  853
6  49.666666666666664  1700
8  50.125  1785
10  58.200000000000003  2060
12  57.0  2361
14  51.357142857142854  3035
16  54.625  2848
18  44.444444444444443  3109
20  55.299999999999997  3452
2  74.0  475
4  75.75  624
6  74.833333333333329  1107
8  63.375  1630
10  51.899999999999999  2026
12  57.166666666666664  2132
14  50.357142857142854  2666
16  43.125  3148
18  49.222222222222221  3215
20  52.299999999999997  3633
2  61.0  372
4  60.5  602
6  64.833333333333329  1228
8  54.75  1671
10  51.799999999999997  1935
12  52.416666666666664  2048
14  57.142857142857146  2625
16  40.75  2534
18  47.777777777777779  3171
20  47.799999999999997  3535
2  55.5  522
4  60.25  849
6  52.0  1289
8  60.0  1733
10  52.899999999999999  2246
12  54.083333333333336  2238
14  48.142857142857146  2791
16  46.1875  2862
18  49.444444444444443  3161
20  44.899999999999999  3049
2  50.5  425
4  59.0  700
6  67.166666666666671  1009
8  47.75  1801
10  56.299999999999997  2032
12  49.666666666666664  2329
14  47.357142857142854  2769
16  48.1875  3127
18  51.5  3625
20  52.549999999999997  3325
2  45.5  746
4  50.0  891
6  60.833333333333336  868
8  44.25  1583
10  48.799999999999997  1537
12  57.833333333333336  2546
14  43.0  2886
16  40.25  3176
18  51.611111111111114  3142
20  47.450000000000003  3832
2  58.5  414
4  63.25  811
6  62.0  1140
8  47.25  1694
10  56.200000000000003  1600
12  53.25  2327
14  56.571428571428569  2763
16  54.9375  2809
18  54.0  3730
20  49.899999999999999  3435
2  74.0  384
4  66.25  815
6  67.5  878
8  56.875  1693
10  43.100000000000001  1979
12  51.166666666666664  1973
14  49.5  2668
16  53.0  2774
18  47.388888888888886  3414
20  55.799999999999997  3550
2  84.5  221
4  49.75  893
6  60.0  1160
8  55.125  1785
10  58.600000000000001  1812
12  43.333333333333336  2415
14  52.428571428571431  2568
16  44.875  3160
18  47.666666666666664  3604
20  47.399999999999999  3415
2  65.0  488
4  64.5  846
6  55.833333333333336  1317
8  65.375  1894
10  61.299999999999997  2250
12  54.5  2004
14  50.571428571428569  2577
16  45.6875  2928
18  48.555555555555557  2757
20  46.799999999999997  3269
2  37.0  534
4  56.25  815
6  56.0  1267
8  64.0  1704
10  55.100000000000001  2064
12  50.333333333333336  1990
14  55.857142857142854  2743
16  49.9375  3017
18  47.777777777777779  3260
20  50.5  3519
2  67.5  542
4  71.75  726
6  49.833333333333336  1477
8  51.0  1975
10  60.700000000000003  1445
12  56.083333333333336  1816
14  53.642857142857146  2868
16  49.25  2508
18  50.222222222222221  3384
20  46.600000000000001  3827
2  50.5  532
4  60.0  923
6  53.5  1250
8  43.875  1872
10  49.600000000000001  1901
12  58.5  1886
14  44.071428571428569  3078
16  56.5625  3257
18  44.277777777777779  3669
20  43.899999999999999  4080
2  61.5  374
4  78.0  474
6  52.666666666666664  1374
8  64.5  1270
10  55.5  2021
12  57.0  2074
14  46.785714285714285  2992
16  52.75  3023
18  49.833333333333336  3248
20  43.950000000000003  3576
2  42.0  613
4  62.5  881
6  64.166666666666671  1236
8  64.625  1513
10  40.700000000000003  2093
12  48.416666666666664  2337
14  45.0  2516
16  44.5625  2748
18  50.611111111111114  3421
20  51.600000000000001  3663
2  68.5  355
4  61.0  760
6  63.333333333333336  931
8  53.875  1346
10  59.200000000000003  1971
12  48.083333333333336  2326
14  54.928571428571431  2435
16  51.9375  2945
18  45.444444444444443  3045
20  43.399999999999999  3588
2  57.0  401
4  56.25  1072
6  65.666666666666671  794
8  70.5  1578
10  52.799999999999997  2036
12  44.666666666666664  2466
14  47.0  2493
16  49.5  2812
18  51.722222222222221  3247
20  39.100000000000001  3386
2  49.0  732
4  79.5  701
6  55.5  1191
8  49.25  1924
10  49.100000000000001  1848
12  50.083333333333336  2257
14  54.928571428571431  2599
16  50.0  3044
18  49.944444444444443  3321
20  45.75  3324
2  69.0  378
4  76.0  709
6  67.0  1088
8  55.875  1429
10  58.100000000000001  1693
12  52.333333333333336  2205
14  50.785714285714285  2656
16  50.5  2911
18  53.888888888888886  3200
20  55.799999999999997  3558
2  62.0  455
4  71.25  842
6  60.0  1088
8  45.875  1644
10  57.5  1962
12  48.333333333333336  2626
14  48.571428571428569  2703
16  50.1875  2919
18  52.944444444444443  2893
20  46.5  3490
2  71.0  338
4  50.5  910
6  56.5  1481
8  47.125  1795
10  46.700000000000003  1763
12  44.833333333333336  1988
14  55.428571428571431  2356
16  55.125  3140
18  47.888888888888886  3503
20  47.850000000000001  3820
2  44.0  192
4  63.5  1032
6  58.0  1246
8  66.0  1823
10  55.899999999999999  1642
12  49.416666666666664  2391
14  47.5  3095
16  47.3125  3050
18  47.055555555555557  3293
20  52.799999999999997  3387
2  74.5  229
4  65.5  701
6  59.0  1029
8  58.875  1737
10  55.5  1824
12  58.416666666666664  2079
14  46.857142857142854  3036
16  52.5  2826
18  45.055555555555557  3245
20  44.700000000000003  3582
2  59.5  202
4  53.25  793
6  47.333333333333336  1188
8  58.625  1682
10  58.799999999999997  2023
12  43.833333333333336  2439
14  59.0  2862
16  53.3125  3143
18  50.833333333333336  3071
20  55.299999999999997  3532
2  45.0  483
4  77.5  715
6  62.833333333333336  1468
8  58.75  1554
10  64.799999999999997  1968
12  55.916666666666664  2300
14  48.214285714285715  3276
16  49.8125  2705
18  48.666666666666664  3129
20  46.75  3812
2  89.0  220
4  83.0  478
6  56.833333333333336  1151
8  63.125  1579
10  62.299999999999997  2248
12  48.166666666666664  2300
14  44.642857142857146  2496
16  50.75  3379
18  46.722222222222221  3075
20  42.850000000000001  3464
2  64.5  325
4  63.75  837
6  54.5  1170
8  53.125  1765
10  46.100000000000001  1978
12  53.25  2316
14  53.5  2322
16  51.75  2872
18  52.722222222222221  2691
20  47.850000000000001  3738
2  59.0  393
4  67.75  714
6  61.5  876
8  59.625  1499
10  64.400000000000006  1839
12  63.75  2191
14  51.428571428571431  3003
16  50.0625  2958
18  49.277777777777779  3206
20  43.600000000000001  3606
2  74.0  415
4  62.75  685
6  56.5  1256
8  51.625  1494
10  51.799999999999997  1769
12  53.583333333333336  2211
14  51.285714285714285  2707
16  49.25  2785
18  54.0  3705
20  42.799999999999997  3748
2  64.0  366
4  53.75  695
6  48.333333333333336  1035
8  60.5  1444
10  57.5  1420
12  50.833333333333336  2486
14  46.428571428571431  2803
16  51.25  2925
18  56.611111111111114  3160
20  44.350000000000001  3406
2  91.5  104
4  54.5  837
6  65.0  1207
8  54.625  1815
10  61.200000000000003  1945
12  60.166666666666664  2484
14  52.5  2834
16  40.75  3180
18  49.0  3393
20  52.299999999999997  3508
2  75.5  277
4  44.0  725
6  56.666666666666664  1341
8  66.5  1377
10  54.299999999999997  2038
12  53.0  2399
14  50.714285714285715  2955
16  52.1875  2595
18  49.777777777777779  3208
20  49.450000000000003  3457
2  73.5  350
4  66.0  1012
6  72.166666666666671  1287
8  61.75  1489
10  43.399999999999999  1937
12  61.916666666666664  2459
14  59.214285714285715  2569
16  44.875  3075
18  49.611111111111114  3199
20  44.299999999999997  3256
2  71.5  426
4  49.5  1042
6  60.5  1524
8  65.25  1649
10  53.100000000000001  2349
12  61.75  2300
14  55.5  2633
16  45.75  3331
18  57.055555555555557  3279
20  43.600000000000001  3654
2  84.5  263
4  50.75  844
6  64.833333333333329  1099
8  67.125  1529
10  55.899999999999999  2214
12  54.666666666666664  2371
14  57.785714285714285  2498
16  51.6875  2648
18  52.611111111111114  3106
20  50.5  3539
2  68.5  401
4  54.75  975
6  56.666666666666664  1028
8  51.625  1814
10  53.700000000000003  1912
12  51.416666666666664  2104
14  46.5  3083
16  49.875  2529
18  53.222222222222221  3727
20  40.25  3396
2  64.0  419
4  55.75  944
6  53.833333333333336  1211
8  54.75  1685
10  46.200000000000003  1949
12  45.583333333333336  2475
14  47.357142857142854  2907
16  53.125  2816
18  54.444444444444443  3414
20  43.049999999999997  3694
2  67.5  314
4  69.0  878
6  48.666666666666664  1255
8  54.5  1524
10  51.200000000000003  1961
12  54.416666666666664  2340
14  53.357142857142854  2715
16  56.4375  3006
18  41.611111111111114  3506
20  49.049999999999997  3567
2  48.0  529
4  51.0  1019
6  46.0  1395
8  63.125  1893
10  51.200000000000003  2226
12  50.166666666666664  2374
14  50.928571428571431  2331
16  43.8125  3087
18  43.666666666666664  3056
20  53.700000000000003  3336
2  63.5  204
4  68.75  548
6  52.666666666666664  1470
8  53.75  1593
10  55.299999999999997  2075
12  59.75  2226
14  47.357142857142854  2441
16  43.3125  3166
18  47.333333333333336  3502
20  45.75  3689
2  54.0  503
4  57.25  819
6  55.666666666666664  1359
8  55.0  1609
10  47.5  2042
12  57.666666666666664  2003
14  51.571428571428569  2638
16  43.75  2791
18  50.944444444444443  3224
20  42.75  3727
2  46.5  362
4  42.0  859
6  50.666666666666664  883
8  46.75  1775
10  59.799999999999997  1845
12  59.5  2258
14  41.214285714285715  2841
16  52.0625  2955
18  46.611111111111114  3038
20  48.0  3852
2  65.5  439
4  62.25  725
6  68.0  871
8  46.0  1710
10  56.799999999999997  2042
12  52.416666666666664  2599
14  50.285714285714285  2593
16  46.6875  3201
18  39.111111111111114  3163
20  50.049999999999997  3307
2  46.0  519
4  69.75  676
6  58.0  1205
8  55.25  1344
10  54.5  1994
12  46.083333333333336  2486
14  46.071428571428569  2659
16  55.0  2564
18  45.333333333333336  3426
20  41.700000000000003  3592
2  37.5  614
4  56.5  857
6  37.5  1238
8  64.375  1581
10  56.100000000000001  2274
12  62.166666666666664  2150
14  46.214285714285715  2935
16  43.375  3128
18  53.388888888888886  3057
20  50.399999999999999  3488
2  73.5  308
4  58.75  553
6  59.833333333333336  1221
8  55.5  1934
10  50.0  1966
12  57.916666666666664  2209
14  52.5  2696
16  54.5625  3152
18  54.888888888888886  3096
20  45.600000000000001  3453
2  84.0  264
4  52.25  1087
6  66.166666666666671  1095
8  56.5  1301
10  46.5  2201
12  51.833333333333336  2281
14  56.5  2555
16  53.0  2886
18  51.166666666666664  2851
20  42.700000000000003  3549
2  81.5  371
4  65.75  530
6  73.333333333333329  979
8  61.625  1428
10  47.799999999999997  2332
12  53.5  2306
14  46.928571428571431  2573
16  48.3125  2945
18  50.611111111111114  3285
20  51.450000000000003  3159
2  82.5  363
4  62.0  720
6  47.166666666666664  1081
8  61.5  1598
10  53.700000000000003  2172
12  54.75  2199
14  51.357142857142854  2661
16  52.0  3147
18  51.777777777777779  2838
20  47.600000000000001  3331
2  79.5  302
4  51.75  943
6  64.5  1188
8  46.5  1516
10  59.399999999999999  1831
12  52.0  2529
14  45.642857142857146  2920
16  49.75  2903
18  46.833333333333336  3268
20  40.5  3441
2  87.0  292
4  75.5  657
6  53.333333333333336  1395
8  64.0  1521
10  50.5  1907
12  50.666666666666664  2368
14  51.428571428571431  2843
16  55.8125  2800
18  49.0  2986
20  47.149999999999999  3731
2  65.0  442
4  56.75  932
6  58.833333333333336  1188
8  90.625  1045
10  44.600000000000001  2108
12  47.333333333333336  2468
14  52.714285714285715  2587
16  41.5625  2814
18  53.333333333333336  3023
20  41.25  2888
