0  49.200000000000003  2494
1  37.200000000000003  2648
2  52.700000000000003  2614
3  49.799999999999997  2476
4  56.600000000000001  2351
5  56.5  2461
6  44.799999999999997  2525
7  46.700000000000003  2638
8  44.5  2391
9  58.100000000000001  1746
10  55.100000000000001  2158
11  61.399999999999999  1786
12  60.0  2000
13  59.799999999999997  1614
14  60.600000000000001  1877
15  57.399999999999999  1758
16  70.5  1445
17  62.200000000000003  1428
18  57.5  1645
19  65.799999999999997  1677
20  71.200000000000003  1348
0  42.5  2628
1  39.200000000000003  2373
2  51.600000000000001  2598
3  48.600000000000001  2390
4  45.5  2492
5  43.5  2092
6  46.600000000000001  2573
7  46.0  2074
8  45.0  1994
9  58.5  1943
10  46.600000000000001  2193
11  56.899999999999999  2168
12  61.100000000000001  1853
13  52.5  1769
14  57.700000000000003  1823
15  61.399999999999999  1940
16  59.899999999999999  1728
17  62.899999999999999  2002
18  54.600000000000001  1746
19  71.099999999999994  1641
20  72.200000000000003  1665
0  46.299999999999997  2736
1  40.799999999999997  2472
2  45.0  2276
3  43.200000000000003  2362
4  50.0  2763
5  51.100000000000001  2186
6  51.0  2097
7  58.799999999999997  1918
8  65.5  2082
9  53.299999999999997  1995
10  58.200000000000003  1662
11  52.0  2262
12  62.0  1780
13  58.700000000000003  1995
14  55.0  1312
15  62.200000000000003  1864
16  60.600000000000001  1740
17  60.200000000000003  2005
18  65.299999999999997  1614
19  57.799999999999997  1522
20  63.200000000000003  1644
0  33.399999999999999  2606
1  42.5  2184
2  47.299999999999997  2466
3  46.0  2233
4  48.700000000000003  2273
5  41.0  2227
6  50.299999999999997  2280
7  56.200000000000003  2288
8  66.400000000000006  1878
9  49.100000000000001  2148
10  48.600000000000001  2180
11  51.799999999999997  2326
12  61.200000000000003  2008
13  55.600000000000001  1667
14  70.299999999999997  1703
15  56.0  1544
16  44.200000000000003  2023
17  61.200000000000003  1478
18  57.600000000000001  1774
19  61.700000000000003  1272
20  65.900000000000006  1441
0  35.700000000000003  2815
1  48.799999999999997  2368
2  46.299999999999997  2162
3  48.700000000000003  2723
4  55.700000000000003  2218
5  47.5  2746
6  53.0  2183
7  62.399999999999999  2017
8  53.0  2309
9  47.799999999999997  2150
10  68.700000000000003  1678
11  60.399999999999999  2023
12  49.0  1565
13  53.799999999999997  1850
14  56.100000000000001  2120
15  63.100000000000001  1849
16  60.200000000000003  1586
17  64.0  1570
18  65.799999999999997  1465
19  71.099999999999994  1657
20  59.0  1539
0  58.0  2625
1  41.299999999999997  2416
2  41.5  2571
3  50.299999999999997  2609
4  51.600000000000001  2544
5  48.299999999999997  2030
6  46.100000000000001  2190
7  42.799999999999997  2295
8  49.399999999999999  2071
9  56.600000000000001  1990
10  63.799999999999997  1782
11  66.299999999999997  1507
12  61.899999999999999  1865
13  59.799999999999997  1420
14  68.200000000000003  1960
15  50.700000000000003  1818
16  63.200000000000003  1571
17  65.099999999999994  1663
18  52.799999999999997  1966
19  72.799999999999997  1422
20  62.299999999999997  1364
0  33.899999999999999  2550
1  42.200000000000003  2625
2  43.299999999999997  2494
3  50.299999999999997  2204
4  52.600000000000001  2478
5  50.0  2248
6  41.700000000000003  2346
7  54.600000000000001  2283
8  52.399999999999999  1931
9  64.799999999999997  1828
10  45.200000000000003  1854
11  48.899999999999999  1916
12  64.200000000000003  1919
13  50.0  1812
14  64.400000000000006  2031
15  65.799999999999997  1852
16  53.600000000000001  1773
17  50.5  1795
18  67.400000000000006  1568
19  52.899999999999999  1688
20  59.899999999999999  1567
0  44.799999999999997  2698
1  46.899999999999999  2556
2  39.0  2719
3  41.799999999999997  2864
4  40.200000000000003  2743
5  48.600000000000001  2000
6  43.0  2155
7  45.100000000000001  2705
8  53.899999999999999  2080
9  55.5  2211
10  47.799999999999997  1828
11  56.700000000000003  1605
12  56.100000000000001  1662
13  50.899999999999999  1781
14  56.200000000000003  1724
15  66.5  1484
16  52.100000000000001  1560
17  58.600000000000001  1884
18  66.400000000000006  1405
19  51.600000000000001  1683
20  74.5  1562
0  42.799999999999997  2879
1  46.700000000000003  2726
2  43.5  2580
3  56.600000000000001  2326
4  47.200000000000003  1887
5  49.399999999999999  2059
6  42.700000000000003  2439
7  52.799999999999997  2177
8  45.700000000000003  2086
9  55.899999999999999  1906
10  58.600000000000001  1522
11  54.799999999999997  1810
12  60.600000000000001  1765
13  68.799999999999997  1664
14  67.400000000000006  1725
15  55.700000000000003  1678
16  61.899999999999999  1739
17  60.100000000000001  1695
18  61.600000000000001  1639
19  64.799999999999997  1776
20  64.599999999999994  1662
0  42.899999999999999  2634
1  39.100000000000001  2255
2  45.0  2615
3  44.600000000000001  2657
4  48.100000000000001  2543
5  48.5  2032
6  49.399999999999999  1840
7  51.0  1818
8  57.600000000000001  1882
9  59.299999999999997  1882
10  51.5  2099
11  57.700000000000003  2351
12  71.099999999999994  1783
13  55.0  1782
14  59.899999999999999  1682
15  59.700000000000003  1466
16  61.700000000000003  1931
17  62.100000000000001  1791
18  61.600000000000001  1553
19  58.100000000000001  1797
20  69.5  1803
0  46.100000000000001  2683
1  54.299999999999997  2333
2  57.0  2292
3  41.700000000000003  2331
4  51.299999999999997  2407
5  55.600000000000001  2582
6  46.5  2011
7  33.899999999999999  1795
8  46.799999999999997  2658
9  62.5  1793
10  63.200000000000003  1863
11  60.399999999999999  1814
12  52.399999999999999  1722
13  56.399999999999999  1640
14  65.400000000000006  2008
15  56.5  1810
16  62.5  1754
17  64.400000000000006  1443
18  60.5  1361
19  59.600000000000001  1691
20  60.600000000000001  1627
0  49.200000000000003  2639
1  42.700000000000003  2367
2  54.299999999999997  2607
3  46.200000000000003  2428
4  47.700000000000003  2231
5  49.899999999999999  2285
6  52.200000000000003  2331
7  61.700000000000003  2005
8  54.299999999999997  2393
9  53.700000000000003  1875
10  73.900000000000006  1700
11  57.299999999999997  2131
12  57.0  1656
13  66.0  1780
14  73.5  1675
15  62.200000000000003  1891
16  63.700000000000003  1416
17  51.5  1205
18  67.299999999999997  1770
19  64.700000000000003  1424
20  57.899999999999999  1576
0  45.100000000000001  2607
1  48.799999999999997  2760
2  49.399999999999999  2314
3  42.200000000000003  2652
4  46.700000000000003  2146
5  56.5  1905
6  52.899999999999999  2181
7  60.5  1960
8  57.100000000000001  1916
9  61.200000000000003  1893
10  47.700000000000003  2188
11  51.700000000000003  2031
12  53.700000000000003  1906
13  52.5  1933
14  60.5  1996
15  57.100000000000001  1776
16  54.299999999999997  1870
17  64.099999999999994  1530
18  48.200000000000003  1751
19  61.5  1521
20  61.899999999999999  1581
0  39.700000000000003  2464
1  51.700000000000003  2261
2  40.899999999999999  2315
3  55.200000000000003  2480
4  42.299999999999997  2512
5  56.799999999999997  2196
6  51.899999999999999  2225
7  54.200000000000003  1858
8  57.899999999999999  1737
9  58.100000000000001  2019
10  54.100000000000001  1718
11  52.299999999999997  2139
12  69.099999999999994  1864
13  49.200000000000003  1887
14  62.700000000000003  1550
15  47.600000000000001  1711
16  57.700000000000003  1277
17  54.799999999999997  1777
18  62.299999999999997  1581
19  52.299999999999997  1445
20  61.899999999999999  1884
0  43.700000000000003  2483
1  46.5  2586
2  48.0  2447
3  53.799999999999997  2684
4  40.399999999999999  2194
5  52.700000000000003  2012
6  50.399999999999999  2115
7  52.399999999999999  2309
8  40.600000000000001  2184
9  53.5  1880
10  48.200000000000003  1892
11  55.299999999999997  1758
12  59.600000000000001  2354
13  49.700000000000003  1821
14  54.600000000000001  1794
15  67.0  1210
16  63.299999999999997  1410
17  65.700000000000003  1475
18  56.100000000000001  1658
19  73.799999999999997  1425
20  70.099999999999994  1481
0  56.0  2711
1  43.600000000000001  2441
2  46.399999999999999  2363
3  43.600000000000001  2346
4  46.600000000000001  2211
5  47.600000000000001  2536
6  44.899999999999999  2546
7  51.100000000000001  1944
8  58.899999999999999  2314
9  56.5  1647
10  51.299999999999997  1799
11  65.599999999999994  1750
12  65.599999999999994  1675
13  61.700000000000003  1564
14  48.700000000000003  1983
15  68.5  1708
16  54.200000000000003  1415
17  58.200000000000003  1397
18  58.399999999999999  1720
19  65.5  1591
20  61.0  1714
0  44.899999999999999  2799
1  38.799999999999997  2240
2  36.299999999999997  2500
3  42.0  2679
4  47.0  2755
5  47.100000000000001  2128
6  58.899999999999999  2128
7  51.399999999999999  2158
8  56.700000000000003  1876
9  64.099999999999994  1801
10  54.899999999999999  1958
11  55.600000000000001  1566
12  52.700000000000003  2101
13  59.200000000000003  1543
14  57.100000000000001  2006
15  59.200000000000003  1727
16  58.600000000000001  1764
17  59.5  1789
18  60.600000000000001  1534
19  62.0  1569
20  66.5  1534
0  45.5  2721
1  39.799999999999997  2537
2  42.700000000000003  2746
3  50.399999999999999  2360
4  43.399999999999999  2517
5  48.899999999999999  1827
6  63.899999999999999  2280
7  59.200000000000003  2000
8  54.100000000000001  2224
9  65.900000000000006  1732
10  47.200000000000003  2086
11  50.5  1943
12  60.799999999999997  1995
13  52.600000000000001  1906
14  57.200000000000003  2022
15  59.0  1449
16  63.0  1633
17  58.299999999999997  1444
18  71.5  1482
19  58.200000000000003  1286
20  58.5  1349
0  34.0  2293
1  46.899999999999999  2309
2  44.200000000000003  2568
3  56.200000000000003  2199
4  53.0  2479
5  54.399999999999999  2111
6  61.100000000000001  2420
7  53.0  1995
8  57.600000000000001  2011
9  51.100000000000001  2095
10  61.0  1862
11  45.5  1808
12  53.600000000000001  2079
13  63.600000000000001  1784
14  60.799999999999997  2075
15  60.100000000000001  1694
16  54.399999999999999  1459
17  63.899999999999999  1492
18  57.899999999999999  1949
19  66.299999999999997  1576
20  63.600000000000001  1712
0  43.200000000000003  2578
1  30.100000000000001  2396
2  45.799999999999997  2317
3  53.600000000000001  2509
4  50.700000000000003  2444
5  45.200000000000003  2351
6  53.600000000000001  2272
7  46.600000000000001  2116
8  47.5  2180
9  60.5  2253
10  58.899999999999999  1684
11  55.5  2087
12  54.299999999999997  1789
13  55.899999999999999  1831
14  59.399999999999999  1589
15  68.299999999999997  1472
16  62.100000000000001  1334
17  56.399999999999999  1206
18  55.100000000000001  1991
19  66.700000000000003  1554
20  56.600000000000001  1447
0  46.600000000000001  2688
1  45.899999999999999  2408
2  47.399999999999999  2840
3  41.700000000000003  2398
4  58.200000000000003  1935
5  36.899999999999999  2013
6  47.799999999999997  2476
7  56.600000000000001  2281
8  61.5  1991
9  55.5  2278
10  56.899999999999999  2164
11  50.600000000000001  1679
12  53.600000000000001  2219
13  68.200000000000003  1722
14  60.200000000000003  2003
15  60.200000000000003  1798
16  51.5  1516
17  63.700000000000003  1648
18  67.400000000000006  1444
19  56.100000000000001  1304
20  53.200000000000003  1802
0  43.0  2693
1  47.899999999999999  2787
2  39.600000000000001  2732
3  53.299999999999997  2369
4  46.600000000000001  2336
5  40.299999999999997  2122
6  50.200000000000003  2141
7  52.5  2205
8  58.399999999999999  2356
9  53.200000000000003  2002
10  51.399999999999999  1655
11  57.700000000000003  1793
12  46.200000000000003  2134
13  57.200000000000003  2111
14  57.200000000000003  1813
15  59.200000000000003  1923
16  60.399999999999999  1795
17  57.299999999999997  1881
18  56.700000000000003  1452
19  65.5  1802
20  66.099999999999994  1411
0  44.399999999999999  2634
1  51.399999999999999  2558
2  44.899999999999999  2592
3  45.200000000000003  2447
4  59.700000000000003  2239
5  55.0  2162
6  57.399999999999999  1877
7  58.0  2148
8  41.299999999999997  2187
9  53.399999999999999  1709
10  60.700000000000003  1989
11  59.399999999999999  2106
12  47.100000000000001  1795
13  65.799999999999997  1826
14  55.899999999999999  1933
15  55.399999999999999  2120
16  61.200000000000003  1690
17  68.299999999999997  1271
18  57.799999999999997  1236
19  67.5  1672
20  57.299999999999997  1885
0  46.700000000000003  2739
1  40.100000000000001  2718
2  46.200000000000003  2637
3  53.700000000000003  2495
4  43.200000000000003  2209
5  50.700000000000003  2221
6  51.5  2033
7  54.5  2109
8  59.799999999999997  2334
9  45.100000000000001  2108
10  44.5  1933
11  51.700000000000003  1746
12  55.200000000000003  1853
13  57.100000000000001  1653
14  66.400000000000006  1486
15  62.600000000000001  1699
16  63.799999999999997  1341
17  58.600000000000001  1713
18  69.200000000000003  1726
19  57.299999999999997  1681
20  68.5  1459
0  50.100000000000001  2475
1  43.399999999999999  2261
2  37.100000000000001  2568
3  52.299999999999997  2451
4  46.200000000000003  2379
5  40.700000000000003  2644
6  51.700000000000003  1954
7  42.899999999999999  2495
8  56.5  1903
9  48.299999999999997  1971
10  54.799999999999997  1791
11  61.700000000000003  2005
12  52.899999999999999  2406
13  52.200000000000003  1938
14  59.899999999999999  1890
15  58.0  1833
16  58.200000000000003  1711
17  58.899999999999999  1539
18  65.0  1809
19  56.700000000000003  1768
20  66.799999999999997  1602
0  35.700000000000003  2867
1  40.600000000000001  2457
2  53.399999999999999  2434
3  54.399999999999999  2397
4  40.100000000000001  2751
5  44.299999999999997  2163
6  44.700000000000003  1967
7  56.700000000000003  1834
8  56.899999999999999  1922
9  49.899999999999999  2106
10  50.600000000000001  1838
11  60.200000000000003  1800
12  59.700000000000003  1875
13  59.799999999999997  1814
14  69.5  1831
15  54.0  1972
16  62.600000000000001  1409
17  61.100000000000001  1583
18  66.099999999999994  1538
19  61.5  1498
20  65.5  1960
0  41.899999999999999  2854
1  50.200000000000003  2609
2  45.299999999999997  2613
3  51.0  2538
4  40.899999999999999  2465
5  43.899999999999999  2167
6  42.299999999999997  2155
7  44.799999999999997  2350
8  57.0  2214
9  53.5  1723
10  53.899999999999999  1852
11  62.299999999999997  1675
12  54.700000000000003  2054
13  53.700000000000003  1930
14  55.799999999999997  1763
15  51.600000000000001  1852
16  61.0  1679
17  54.200000000000003  1780
18  55.799999999999997  1253
19  61.600000000000001  1480
20  58.399999999999999  2085
0  41.200000000000003  2593
1  46.799999999999997  2425
2  46.399999999999999  2198
3  58.600000000000001  2324
4  44.399999999999999  1998
5  53.799999999999997  2544
6  49.5  2230
7  52.399999999999999  2160
8  42.700000000000003  1990
9  57.299999999999997  1913
10  63.899999999999999  1961
11  44.899999999999999  1431
12  56.700000000000003  1758
13  65.799999999999997  1421
14  58.5  1967
15  54.299999999999997  2139
16  63.600000000000001  1391
17  51.0  1938
18  60.0  1659
19  68.0  1636
20  62.0  1427
0  45.700000000000003  2355
1  52.100000000000001  2479
2  39.299999999999997  2257
3  54.100000000000001  2628
4  55.200000000000003  2192
5  47.299999999999997  2274
6  45.600000000000001  2467
7  51.200000000000003  2142
8  51.100000000000001  2114
9  53.600000000000001  2135
10  60.100000000000001  2192
11  54.600000000000001  1721
12  55.600000000000001  1947
13  42.100000000000001  1825
14  76.200000000000003  1530
15  60.200000000000003  1635
16  60.5  1886
17  61.5  1779
18  62.299999999999997  1875
19  62.399999999999999  1659
20  64.900000000000006  1540
0  39.5  2582
1  37.100000000000001  2704
2  41.299999999999997  2379
3  46.600000000000001  2593
4  52.100000000000001  1958
5  51.899999999999999  2006
6  46.700000000000003  2008
7  51.399999999999999  2066
8  51.200000000000003  2192
9  50.299999999999997  2281
10  48.799999999999997  1947
11  51.5  1874
12  46.100000000000001  1914
13  69.599999999999994  1748
14  56.299999999999997  1931
15  50.399999999999999  1814
16  58.399999999999999  1728
17  60.0  1743
18  63.299999999999997  1332
19  57.299999999999997  1992
20  65.799999999999997  1459
0  38.0  2484
1  42.200000000000003  2874
2  46.899999999999999  2674
3  56.600000000000001  2507
4  42.700000000000003  2389
5  57.899999999999999  2424
6  60.0  2107
7  50.200000000000003  2366
8  44.399999999999999  1821
9  66.200000000000003  2075
10  54.299999999999997  2090
11  52.299999999999997  1411
12  66.299999999999997  1711
13  55.0  2055
14  68.400000000000006  1594
15  62.700000000000003  1527
16  58.5  1845
17  57.5  1786
18  62.600000000000001  1408
19  63.299999999999997  1781
20  72.5  1728
0  36.100000000000001  2187
1  55.799999999999997  2594
2  28.800000000000001  2161
3  40.100000000000001  2523
4  47.600000000000001  2033
5  52.799999999999997  2129
6  59.299999999999997  2090
7  52.700000000000003  2262
8  60.600000000000001  2164
9  47.299999999999997  1951
10  66.200000000000003  1512
11  57.200000000000003  2076
12  61.100000000000001  1695
13  60.5  1735
14  52.100000000000001  1566
15  64.200000000000003  1733
16  61.700000000000003  1707
17  55.799999999999997  1745
18  49.600000000000001  1636
19  69.5  1452
20  57.100000000000001  1695
0  48.700000000000003  2308
1  42.399999999999999  2818
2  46.100000000000001  2201
3  51.200000000000003  2420
4  50.299999999999997  2399
5  53.5  2069
6  56.299999999999997  2146
7  50.899999999999999  2209
8  45.299999999999997  2169
9  56.0  2288
10  62.600000000000001  1817
11  58.899999999999999  1747
12  44.5  2208
13  59.700000000000003  1848
14  55.899999999999999  1840
15  53.0  1779
16  66.099999999999994  1409
17  64.599999999999994  1715
18  67.299999999999997  1626
19  65.5  1530
20  58.100000000000001  1504
0  42.299999999999997  2682
1  39.399999999999999  2798
2  56.100000000000001  2489
3  50.799999999999997  2491
4  42.299999999999997  2119
5  41.799999999999997  2260
6  62.899999999999999  2252
7  39.100000000000001  2238
8  64.0  1979
9  51.299999999999997  2410
10  50.0  2082
11  62.299999999999997  1940
12  59.799999999999997  1807
13  66.099999999999994  1548
14  71.799999999999997  1896
15  52.399999999999999  1796
16  67.400000000000006  1674
17  63.399999999999999  1690
18  65.0  1450
19  65.400000000000006  1256
20  61.5  1561
0  43.100000000000001  2570
1  55.899999999999999  2358
2  42.5  2496
3  37.5  2525
4  41.899999999999999  2239
5  55.0  2191
6  56.0  2184
7  63.299999999999997  1922
8  53.0  2623
9  50.799999999999997  2010
10  56.200000000000003  1729
11  58.799999999999997  1970
12  52.200000000000003  1922
13  51.299999999999997  1729
14  59.200000000000003  1786
15  57.5  1614
16  67.0  1789
17  57.0  1977
18  62.200000000000003  1640
19  55.5  1383
20  65.400000000000006  1389
0  48.200000000000003  2713
1  46.399999999999999  2850
2  43.700000000000003  2844
3  44.600000000000001  2545
4  43.299999999999997  2316
5  55.899999999999999  2401
6  44.299999999999997  2062
7  45.600000000000001  2441
8  57.600000000000001  2177
9  54.899999999999999  1730
10  58.0  2107
11  52.899999999999999  2249
12  61.700000000000003  1630
13  54.100000000000001  1847
14  58.200000000000003  1346
15  63.899999999999999  1588
16  69.700000000000003  1600
17  63.600000000000001  1572
18  72.200000000000003  1762
19  68.599999999999994  1443
20  53.799999999999997  1643
0  45.0  2668
1  43.299999999999997  2447
2  45.0  2239
3  47.399999999999999  2503
5  57.600000000000001  2197
6  50.299999999999997  2133
7  47.5  2212
8  58.0  2111
9  60.5  2262
10  52.600000000000001  1887
11  50.299999999999997  1975
12  67.900000000000006  1856
13  59.799999999999997  2006
14  47.799999999999997  1867
15  67.900000000000006  1606
16  62.299999999999997  1694
17  67.700000000000003  1475
18  50.399999999999999  1645
19  62.399999999999999  1634
20  69.599999999999994  1246
0  47.100000000000001  2537
1  36.0  2569
2  45.100000000000001  2420
3  46.799999999999997  2475
4  51.100000000000001  2250
5  51.100000000000001  2315
6  54.299999999999997  2617
7  52.5  2160
8  49.299999999999997  1905
9  61.299999999999997  1887
10  58.799999999999997  1941
11  59.100000000000001  1674
12  65.5  1920
13  56.899999999999999  2239
14  59.0  1574
15  65.700000000000003  1485
16  61.5  1603
17  67.5  1567
18  72.400000000000006  1275
19  65.5  1442
20  59.600000000000001  1558
0  39.5  2919
1  42.700000000000003  2503
2  50.799999999999997  2261
3  38.200000000000003  2288
4  51.0  2363
5  44.799999999999997  2365
6  54.700000000000003  1989
7  53.0  2151
8  53.5  2302
9  45.5  2472
10  57.100000000000001  1890
11  57.299999999999997  1984
12  61.700000000000003  2025
13  47.799999999999997  2120
14  57.5  1869
15  55.0  2156
16  67.0  1691
17  65.900000000000006  1614
18  74.400000000000006  1440
19  62.299999999999997  1665
20  65.700000000000003  1142
0  41.799999999999997  2865
1  46.700000000000003  2407
2  55.100000000000001  2635
3  43.700000000000003  2353
4  45.299999999999997  2652
5  56.299999999999997  2208
6  46.0  2023
7  49.600000000000001  1925
8  50.899999999999999  2088
9  47.700000000000003  1969
10  55.600000000000001  1995
11  54.799999999999997  1851
12  60.0  1916
13  62.799999999999997  1923
14  57.5  1781
15  66.700000000000003  1507
16  57.700000000000003  1881
17  58.600000000000001  1644
18  53.700000000000003  1878
19  61.700000000000003  1628
20  72.099999999999994  1621
0  38.799999999999997  2908
1  44.600000000000001  2429
2  47.600000000000001  2222
3  47.799999999999997  2535
4  48.600000000000001  2418
5  50.700000000000003  2398
6  47.200000000000003  2073
7  52.899999999999999  2075
8  53.700000000000003  2274
9  51.200000000000003  2243
10  58.399999999999999  1931
11  50.299999999999997  2184
12  57.0  1907
13  58.5  1981
14  58.399999999999999  1810
15  72.299999999999997  1556
16  64.799999999999997  1669
17  65.799999999999997  1728
18  62.5  1555
19  74.0  1667
20  70.700000000000003  1307
0  38.100000000000001  2451
1  44.5  2690
2  37.600000000000001  2400
3  44.700000000000003  2389
4  52.399999999999999  2118
5  51.299999999999997  2207
6  47.700000000000003  2037
7  56.399999999999999  2004
8  55.0  2091
9  60.100000000000001  1958
10  59.899999999999999  2138
11  63.399999999999999  1963
12  55.5  1809
13  59.200000000000003  1530
14  67.200000000000003  1474
15  66.5  1472
16  58.399999999999999  1849
17  65.200000000000003  1714
18  55.5  1889
19  70.200000000000003  1694
20  62.799999999999997  1601
0  48.899999999999999  2792
1  47.799999999999997  2700
2  46.799999999999997  2568
3  43.100000000000001  2601
4  43.200000000000003  2304
5  53.399999999999999  2329
6  58.299999999999997  1993
7  49.0  1903
8  56.399999999999999  1840
9  52.5  2279
10  52.5  1856
11  60.700000000000003  1976
12  52.799999999999997  1925
13  58.5  1859
14  58.700000000000003  1792
15  59.299999999999997  1703
16  60.799999999999997  1547
17  68.599999999999994  1535
18  64.0  1634
19  61.100000000000001  1648
20  52.899999999999999  1770
0  45.100000000000001  2567
1  43.799999999999997  2703
2  41.200000000000003  2996
3  54.600000000000001  2622
4  46.899999999999999  2454
5  56.600000000000001  2233
6  44.600000000000001  2349
7  54.0  2002
8  63.700000000000003  2057
9  44.0  2023
10  50.0  2107
11  63.5  1872
12  48.299999999999997  1744
13  60.700000000000003  1725
14  57.200000000000003  1544
15  63.700000000000003  1698
16  50.600000000000001  1986
17  69.5  1444
18  61.100000000000001  1634
19  59.200000000000003  1443
20  67.0  1279
0  46.700000000000003  2602
1  32.399999999999999  2672
2  53.100000000000001  2373
3  45.799999999999997  2426
4  53.100000000000001  2553
5  41.100000000000001  2064
6  50.899999999999999  2151
7  53.700000000000003  2140
8  45.5  1864
9  50.200000000000003  2317
10  63.799999999999997  2105
11  60.100000000000001  2075
12  54.799999999999997  2020
13  64.700000000000003  1787
14  55.399999999999999  1649
15  71.099999999999994  1790
16  52.299999999999997  1780
17  62.399999999999999  1529
18  61.299999999999997  1306
19  69.099999999999994  1343
20  61.700000000000003  1859
0  48.700000000000003  2543
1  49.600000000000001  2866
2  53.299999999999997  2254
3  48.200000000000003  2561
4  46.399999999999999  2771
5  49.299999999999997  2306
6  51.5  2103
7  52.200000000000003  2115
8  67.400000000000006  1858
9  56.600000000000001  2233
10  53.100000000000001  2010
11  51.5  1959
12  59.299999999999997  1951
13  61.399999999999999  2005
14  57.299999999999997  1918
15  56.600000000000001  1885
16  58.299999999999997  1702
17  69.299999999999997  1618
18  61.700000000000003  1445
19  58.5  1347
20  66.0  1928
0  39.600000000000001  2354
1  47.799999999999997  2681
2  38.100000000000001  2333
3  47.299999999999997  2538
4  44.600000000000001  2337
5  46.899999999999999  1939
6  46.399999999999999  2164
7  52.700000000000003  1802
8  66.0  2022
9  50.799999999999997  1822
10  54.100000000000001  2063
11  63.100000000000001  1713
12  63.299999999999997  1894
13  58.399999999999999  1993
14  59.5  1888
15  54.5  1645
16  60.600000000000001  1520
17  68.900000000000006  1619
18  56.399999999999999  1388
19  61.299999999999997  1609
20  65.099999999999994  1319
0  49.0  2654
1  52.0  2217
2  56.200000000000003  2354
3  43.299999999999997  1834
4  46.200000000000003  2369
5  36.399999999999999  2274
6  51.0  2303
7  53.299999999999997  2279
8  42.200000000000003  1790
9  63.100000000000001  2216
10  56.5  1816
11  61.700000000000003  1928
12  63.0  1640
13  63.299999999999997  1664
14  61.299999999999997  1517
15  59.5  1835
16  61.0  1858
17  69.400000000000006  1842
18  65.700000000000003  1417
19  55.600000000000001  1702
20  57.0  1699
0  42.5  2552
1  46.5  2326
2  39.5  2325
3  50.899999999999999  2413
4  48.200000000000003  2528
5  53.899999999999999  2115
6  56.600000000000001  2359
7  41.399999999999999  2065
8  46.200000000000003  1677
9  67.700000000000003  1739
10  59.700000000000003  2004
11  63.399999999999999  2056
12  61.5  1619
13  60.100000000000001  1499
14  61.899999999999999  1668
15  48.399999999999999  2126
16  60.200000000000003  1975
17  69.900000000000006  1256
18  55.299999999999997  1260
19  64.700000000000003  1434
20  66.200000000000003  1572
0  47.399999999999999  2882
1  41.299999999999997  2508
2  40.0  2759
3  46.5  2554
4  39.700000000000003  2598
5  41.799999999999997  2525
6  56.600000000000001  2344
7  54.700000000000003  2191
8  58.5  1976
9  54.700000000000003  1645
10  54.200000000000003  1969
11  55.600000000000001  1934
12  52.299999999999997  1809
13  58.100000000000001  1972
14  63.200000000000003  1953
15  64.599999999999994  1921
16  64.200000000000003  1846
17  63.5  1729
18  64.599999999999994  1439
19  70.099999999999994  1423
20  68.5  1793
0  23.600000000000001  2107
1  52.100000000000001  2582
2  58.0  2369
3  49.799999999999997  2463
4  50.600000000000001  2181
5  47.600000000000001  2272
6  50.700000000000003  2422
7  52.299999999999997  1948
8  48.799999999999997  2166
9  60.700000000000003  2252
10  62.399999999999999  1820
11  44.299999999999997  2058
12  54.799999999999997  2102
13  50.399999999999999  1929
14  52.200000000000003  1690
15  54.600000000000001  1774
16  61.899999999999999  1923
17  58.200000000000003  1454
18  59.899999999999999  1459
19  65.299999999999997  1452
20  63.600000000000001  1719
0  36.200000000000003  2516
1  38.799999999999997  2545
2  48.299999999999997  2761
3  45.600000000000001  2307
4  54.700000000000003  2479
5  58.299999999999997  2048
6  51.700000000000003  2094
7  56.5  2004
8  50.700000000000003  2354
9  42.399999999999999  2019
10  56.899999999999999  1878
11  61.100000000000001  1940
12  54.700000000000003  1676
13  62.899999999999999  1788
14  64.900000000000006  1826
15  54.799999999999997  1796
16  66.799999999999997  1830
17  55.0  1750
18  54.0  1503
19  52.899999999999999  1884
20  63.899999999999999  1472
0  39.899999999999999  2479
1  43.0  2443
2  48.200000000000003  2451
3  46.5  2234
4  47.5  2323
5  43.5  2330
6  55.700000000000003  2273
7  49.600000000000001  2020
8  54.299999999999997  2246
9  54.700000000000003  2438
10  40.700000000000003  2110
11  51.5  2022
12  54.700000000000003  2109
13  60.100000000000001  1597
14  59.399999999999999  1792
15  53.299999999999997  1449
16  54.100000000000001  1837
17  68.700000000000003  1579
18  60.899999999999999  1570
19  58.899999999999999  1358
20  69.599999999999994  1549
0  35.700000000000003  2508
1  58.100000000000001  2492
2  43.0  2828
3  47.299999999999997  2246
4  42.700000000000003  2109
5  46.200000000000003  1857
6  52.799999999999997  2258
7  47.299999999999997  1654
8  46.700000000000003  2180
9  54.200000000000003  2133
10  59.899999999999999  1972
11  49.5  1602
12  60.399999999999999  1911
13  50.200000000000003  1898
14  67.700000000000003  1644
15  57.0  1686
16  60.600000000000001  1741
17  43.399999999999999  1383
18  52.5  1683
19  71.799999999999997  1446
20  68.799999999999997  1602
0  36.200000000000003  2713
1  44.0  2669
2  46.799999999999997  2249
3  42.100000000000001  2245
4  47.799999999999997  2258
5  54.0  2209
6  49.200000000000003  2144
7  49.200000000000003  2045
8  52.0  2112
9  46.100000000000001  1804
10  55.899999999999999  2142
11  56.100000000000001  2007
12  61.700000000000003  1965
13  57.5  1846
14  61.299999999999997  1821
15  64.099999999999994  1657
16  52.799999999999997  1800
17  60.700000000000003  1443
18  61.299999999999997  1328
19  68.799999999999997  1440
20  68.299999999999997  1449
0  46.799999999999997  2793
1  51.200000000000003  2289
2  45.700000000000003  2789
3  51.799999999999997  2526
4  37.600000000000001  2819
5  45.799999999999997  2421
6  51.899999999999999  2451
7  46.100000000000001  2275
8  51.100000000000001  1783
9  57.200000000000003  1642
10  53.600000000000001  1972
11  59.299999999999997  1814
12  54.799999999999997  1735
13  60.200000000000003  1794
14  62.200000000000003  2192
15  58.899999999999999  1618
16  56.5  2140
17  63.600000000000001  2114
18  61.100000000000001  1567
19  65.599999999999994  1463
20  60.299999999999997  1819
0  51.600000000000001  2777
1  46.600000000000001  2412
2  57.399999999999999  2651
3  46.600000000000001  2595
4  49.200000000000003  2556
5  59.899999999999999  2083
6  52.299999999999997  2159
7  52.899999999999999  2214
8  60.200000000000003  2442
9  51.799999999999997  2242
10  48.200000000000003  1990
11  63.799999999999997  1795
12  63.200000000000003  1832
13  54.200000000000003  2007
14  58.399999999999999  1933
15  63.600000000000001  1750
16  58.799999999999997  1855
17  65.299999999999997  1594
18  59.100000000000001  1792
19  71.299999999999997  1380
20  63.200000000000003  1485
0  50.700000000000003  2663
1  53.399999999999999  2478
2  49.799999999999997  2118
3  44.5  2259
4  46.700000000000003  2643
5  54.899999999999999  2163
6  51.200000000000003  2093
7  48.399999999999999  1943
8  53.700000000000003  1814
9  52.799999999999997  2179
10  60.399999999999999  1745
11  62.5  1952
12  57.399999999999999  2016
13  55.200000000000003  2127
14  63.700000000000003  1807
15  55.399999999999999  1530
16  64.400000000000006  1917
17  64.200000000000003  1581
18  55.600000000000001  1453
19  61.5  1528
20  71.0  1560
0  46.299999999999997  2481
1  55.200000000000003  2442
2  46.700000000000003  2537
3  48.100000000000001  2399
4  47.100000000000001  2403
5  47.600000000000001  2548
6  54.799999999999997  2108
7  49.399999999999999  2171
8  49.0  2209
9  59.299999999999997  2028
10  50.100000000000001  1993
11  64.299999999999997  1940
12  56.200000000000003  1528
13  63.700000000000003  1994
14  49.100000000000001  2219
15  52.299999999999997  1854
16  63.700000000000003  1505
17  62.600000000000001  1414
18  72.900000000000006  1509
19  72.400000000000006  1480
20  77.799999999999997  1473
0  48.299999999999997  2707
1  52.200000000000003  2336
2  37.299999999999997  2303
3  37.600000000000001  2183
4  53.700000000000003  2281
5  50.899999999999999  2108
6  46.200000000000003  2110
7  42.5  2333
8  56.899999999999999  1765
9  54.700000000000003  1793
10  62.0  2115
11  58.700000000000003  2033
12  63.700000000000003  1856
13  57.5  1828
14  63.600000000000001  1940
15  55.200000000000003  1857
16  55.299999999999997  1793
17  62.399999999999999  1329
18  62.299999999999997  1505
19  63.299999999999997  1426
20  63.899999999999999  1487
0  52.899999999999999  3011
1  38.299999999999997  2715
2  41.799999999999997  2106
3  53.399999999999999  2301
4  42.700000000000003  2250
5  52.100000000000001  2203
6  51.899999999999999  1910
7  49.299999999999997  2435
8  55.0  2198
9  55.299999999999997  1995
10  62.200000000000003  1924
11  54.100000000000001  1934
12  54.100000000000001  1843
13  57.299999999999997  1535
14  59.700000000000003  1923
15  63.700000000000003  1715
16  54.399999999999999  1454
17  59.799999999999997  1617
18  55.399999999999999  1553
19  73.5  1450
20  64.700000000000003  1934
0  45.899999999999999  2291
1  54.899999999999999  2410
2  39.799999999999997  2675
3  41.200000000000003  2212
4  47.0  2248
5  45.200000000000003  2044
6  44.799999999999997  2232
7  62.100000000000001  2266
8  57.299999999999997  2126
9  55.799999999999997  2046
10  58.299999999999997  1893
11  48.700000000000003  1950
12  61.399999999999999  1715
13  64.799999999999997  1722
14  55.200000000000003  1862
15  60.200000000000003  1705
16  59.700000000000003  1769
17  65.299999999999997  1293
18  64.599999999999994  1487
19  65.299999999999997  1641
20  59.399999999999999  1473
0  51.100000000000001  2318
1  47.799999999999997  2386
2  41.899999999999999  2564
3  45.899999999999999  2296
4  41.700000000000003  2444
5  59.200000000000003  2173
6  59.0  2269
7  49.0  1962
8  49.100000000000001  1851
9  60.600000000000001  1848
10  48.0  2169
11  63.200000000000003  1996
12  62.399999999999999  1604
13  51.399999999999999  1898
14  63.0  1346
15  60.700000000000003  1724
16  65.700000000000003  1601
17  71.900000000000006  1480
18  51.0  1308
19  59.0  1533
20  56.5  1390
0  36.399999999999999  2715
1  44.600000000000001  2350
2  36.0  2652
3  53.600000000000001  2317
4  44.0  2365
5  48.600000000000001  2177
6  54.200000000000003  1952
7  44.700000000000003  2007
8  49.0  1854
9  58.100000000000001  2326
10  51.5  2047
11  40.799999999999997  1790
12  45.799999999999997  2086
13  64.099999999999994  1927
14  53.5  1357
15  60.799999999999997  1619
16  67.900000000000006  1871
17  70.5  1401
18  55.700000000000003  1556
19  55.600000000000001  1396
20  79.599999999999994  1420
0  43.299999999999997  2656
1  49.100000000000001  2464
2  45.100000000000001  2326
3  54.5  2463
4  54.299999999999997  2438
5  53.299999999999997  2440
6  51.600000000000001  2345
7  55.200000000000003  2403
8  54.299999999999997  2144
9  45.700000000000003  2175
10  45.799999999999997  2062
11  52.100000000000001  2009
12  54.0  1599
13  43.299999999999997  1711
14  55.100000000000001  1956
15  61.799999999999997  1640
16  57.899999999999999  1561
17  56.200000000000003  1861
18  64.400000000000006  1286
19  57.399999999999999  1707
20  66.0  1397
0  42.600000000000001  2434
1  36.100000000000001  2538
2  44.200000000000003  2794
3  46.5  2232
4  50.5  2457
5  49.299999999999997  2503
6  52.200000000000003  1765
7  53.799999999999997  2073
8  42.0  2214
9  55.0  2118
10  44.5  1975
11  52.5  1911
12  58.100000000000001  2061
13  53.899999999999999  1807
14  62.700000000000003  2230
15  57.299999999999997  1263
16  59.799999999999997  1549
17  59.5  1484
18  61.600000000000001  1757
19  65.400000000000006  1408
20  61.5  1740
0  49.399999999999999  2691
1  44.899999999999999  2783
2  42.100000000000001  2797
3  50.600000000000001  2255
4  58.299999999999997  2582
5  60.0  2349
6  56.299999999999997  2047
7  47.5  1945
8  47.700000000000003  2114
9  56.299999999999997  2077
10  62.899999999999999  1890
11  71.599999999999994  1806
12  64.5  1869
13  49.899999999999999  1902
14  55.100000000000001  1518
15  51.399999999999999  2107
16  49.299999999999997  1704
17  68.299999999999997  1693
18  67.400000000000006  1429
19  65.0  1466
20  69.400000000000006  1674
0  44.700000000000003  2504
1  41.299999999999997  2458
2  33.799999999999997  1977
3  43.899999999999999  2582
4  51.5  1942
5  50.0  2038
6  54.899999999999999  2379
7  54.0  2117
8  48.600000000000001  2195
9  60.299999999999997  2067
10  56.200000000000003  1817
11  49.299999999999997  1814
12  54.399999999999999  1595
13  54.200000000000003  1697
14  55.899999999999999  1958
15  56.200000000000003  2033
16  64.599999999999994  1266
17  54.899999999999999  1612
18  64.400000000000006  1656
19  61.799999999999997  1505
20  63.799999999999997  1556
0  41.200000000000003  2851
1  52.899999999999999  2639
2  43.200000000000003  2592
3  54.399999999999999  2279
4  48.600000000000001  2097
5  54.899999999999999  2199
6  51.700000000000003  2432
7  35.899999999999999  2227
8  44.0  1952
9  62.600000000000001  1622
10  48.200000000000003  2045
11  51.399999999999999  1792
12  64.299999999999997  2002
13  67.799999999999997  1646
14  65.5  1678
15  55.200000000000003  2134
16  65.099999999999994  1754
17  59.799999999999997  1637
18  60.200000000000003  1713
19  61.0  1671
20  59.100000000000001  1363
0  49.5  2633
1  37.299999999999997  2496
2  44.600000000000001  2591
3  39.5  2848
4  42.5  2011
5  53.200000000000003  2053
6  51.899999999999999  2149
7  56.399999999999999  2057
8  60.399999999999999  1896
9  58.0  2214
10  58.600000000000001  2031
11  60.200000000000003  1838
12  55.0  2037
13  57.299999999999997  1956
14  62.700000000000003  1758
15  66.700000000000003  1587
16  58.600000000000001  1548
17  59.100000000000001  1450
18  71.5  1695
19  66.200000000000003  1401
20  63.299999999999997  1451
0  42.600000000000001  2614
1  48.700000000000003  2744
2  46.0  2221
3  47.899999999999999  2441
4  48.5  2301
5  50.700000000000003  2338
6  59.600000000000001  1905
7  50.799999999999997  1991
8  56.5  2365
9  59.799999999999997  2002
10  63.200000000000003  1983
11  46.5  1773
12  60.700000000000003  1608
13  56.799999999999997  1768
14  65.200000000000003  1440
15  65.099999999999994  1516
16  63.600000000000001  1785
17  63.299999999999997  1706
18  64.599999999999994  1746
19  59.700000000000003  1229
20  60.600000000000001  1910
0  45.299999999999997  2506
1  41.600000000000001  2819
2  43.100000000000001  2439
3  45.399999999999999  2493
4  50.700000000000003  2186
5  48.600000000000001  2439
6  52.0  2585
7  51.5  1916
8  52.200000000000003  2269
9  50.200000000000003  1903
10  53.799999999999997  1903
11  61.299999999999997  1810
12  59.799999999999997  1836
13  61.700000000000003  1742
14  66.700000000000003  1641
15  54.700000000000003  1791
16  61.299999999999997  1833
17  65.900000000000006  1433
18  56.100000000000001  1582
19  62.899999999999999  1470
20  58.399999999999999  1850
0  47.600000000000001  2211
1  45.299999999999997  2430
2  37.600000000000001  2269
3  41.299999999999997  2339
4  55.399999999999999  2023
5  40.0  2186
6  49.5  2173
7  58.5  1931
8  63.399999999999999  2153
9  65.5  1614
10  66.0  1737
11  45.600000000000001  2147
12  62.899999999999999  2188
13  51.299999999999997  1910
14  64.5  1907
15  65.599999999999994  1550
16  62.0  1625
17  48.899999999999999  1714
18  50.200000000000003  1942
19  64.299999999999997  1350
20  43.700000000000003  1518
0  46.899999999999999  2890
1  42.299999999999997  2574
2  37.0  2918
3  53.5  2435
4  47.100000000000001  2231
5  54.399999999999999  2359
6  57.799999999999997  2262
7  45.0  1729
8  46.200000000000003  2399
9  52.299999999999997  2087
10  57.200000000000003  2214
11  61.700000000000003  2001
12  56.0  1744
13  55.899999999999999  1723
14  59.399999999999999  1793
15  58.200000000000003  1606
16  62.5  1682
17  51.700000000000003  1791
18  56.299999999999997  1747
19  59.299999999999997  1703
20  68.700000000000003  1702
0  41.799999999999997  2860
1  37.299999999999997  2778
2  40.600000000000001  2407
3  46.299999999999997  2345
4  52.600000000000001  2466
5  60.899999999999999  2258
6  61.100000000000001  2118
7  43.200000000000003  1989
8  52.700000000000003  2256
9  55.399999999999999  1757
10  56.299999999999997  2081
11  64.400000000000006  1662
12  56.5  1913
13  61.399999999999999  1482
14  64.400000000000006  1590
15  53.399999999999999  1935
16  67.5  1757
17  66.400000000000006  1354
18  48.100000000000001  1751
19  63.0  1477
20  58.0  1786
0  42.399999999999999  2428
1  35.899999999999999  2632
2  48.0  2235
3  50.700000000000003  2511
4  48.399999999999999  2402
5  42.299999999999997  2344
6  54.5  1977
7  59.200000000000003  2284
8  61.600000000000001  2052
9  57.200000000000003  1495
10  55.100000000000001  1969
11  59.799999999999997  2017
12  58.299999999999997  1906
13  64.299999999999997  1573
14  60.5  1454
15  56.5  1939
16  57.299999999999997  1815
17  49.5  1510
18  54.600000000000001  1917
19  63.399999999999999  1497
20  56.5  1421
0  37.600000000000001  2531
1  34.600000000000001  2453
2  48.899999999999999  2150
3  42.100000000000001  2715
4  44.299999999999997  2398
5  53.100000000000001  2234
6  54.799999999999997  2340
7  48.799999999999997  2566
8  62.100000000000001  1783
9  52.5  2093
10  61.299999999999997  1764
11  56.100000000000001  1623
12  49.200000000000003  1615
13  52.100000000000001  2003
14  57.100000000000001  1550
15  52.299999999999997  1571
16  71.299999999999997  1696
17  72.400000000000006  1679
18  59.600000000000001  1845
19  70.200000000000003  1263
20  59.0  1433
0  47.299999999999997  2779
1  47.899999999999999  2828
2  41.5  2634
3  58.899999999999999  2280
4  46.0  2458
5  49.700000000000003  2267
6  51.5  2158
7  49.0  2083
8  62.899999999999999  2250
9  60.600000000000001  1910
10  66.200000000000003  1641
11  41.600000000000001  2373
12  65.900000000000006  1754
13  67.200000000000003  1719
14  55.399999999999999  1942
15  56.899999999999999  1706
16  62.0  1741
17  74.0  1384
18  68.400000000000006  1806
19  63.0  1661
20  57.5  1971
0  20.5  2120
1  43.399999999999999  2469
2  29.899999999999999  2376
3  48.200000000000003  2584
4  45.100000000000001  2403
5  41.899999999999999  2133
6  49.899999999999999  2266
7  39.200000000000003  2360
8  59.899999999999999  2119
9  47.399999999999999  2131
10  54.200000000000003  2068
11  54.200000000000003  2009
12  58.100000000000001  1970
13  59.5  1907
14  58.5  1581
15  59.399999999999999  1903
16  67.0  1770
17  67.5  1313
18  57.5  1743
19  64.299999999999997  1510
20  60.299999999999997  1856
0  32.200000000000003  2447
1  42.0  2625
2  45.100000000000001  2239
3  36.200000000000003  2609
4  42.399999999999999  2451
5  43.5  2206
6  59.700000000000003  2297
7  50.899999999999999  2176
8  47.299999999999997  1960
9  58.899999999999999  1597
10  35.0  1830
11  67.0  1987
12  67.900000000000006  1759
13  65.900000000000006  1295
14  61.399999999999999  1701
15  63.299999999999997  1638
16  66.0  1562
17  61.299999999999997  1579
18  61.600000000000001  1463
19  70.900000000000006  1511
20  63.700000000000003  1485
0  50.100000000000001  2545
1  43.5  2586
2  56.399999999999999  2511
3  37.100000000000001  2326
4  50.399999999999999  2305
5  50.799999999999997  2259
6  59.600000000000001  2528
7  54.700000000000003  2124
8  57.600000000000001  2069
9  50.5  1813
10  47.299999999999997  1646
11  57.399999999999999  1765
12  59.700000000000003  1976
13  53.100000000000001  1828
14  60.399999999999999  1802
15  64.700000000000003  1578
16  54.0  1565
17  61.399999999999999  1628
18  57.899999999999999  1680
19  60.399999999999999  1825
20  60.299999999999997  1743
0  45.0  2651
1  35.100000000000001  2422
2  46.200000000000003  2389
3  40.899999999999999  2319
4  45.700000000000003  2056
5  54.799999999999997  2435
6  55.5  2168
7  57.200000000000003  1876
8  54.5  1907
9  47.200000000000003  2248
10  51.0  1690
11  56.799999999999997  2229
12  62.700000000000003  1693
13  60.399999999999999  1853
14  57.200000000000003  1832
15  58.600000000000001  1573
16  74.799999999999997  1259
17  66.599999999999994  1639
18  61.700000000000003  1736
19  60.5  1575
20  61.700000000000003  1521
0  43.799999999999997  2582
1  41.600000000000001  2473
2  44.0  2311
3  50.399999999999999  2575
4  55.600000000000001  2336
5  52.899999999999999  2227
6  51.700000000000003  2000
7  42.600000000000001  2170
8  61.0  2259
9  50.399999999999999  1711
10  53.700000000000003  1798
11  59.200000000000003  1679
12  59.5  1951
13  69.900000000000006  1347
14  49.5  1870
15  67.5  1501
16  54.299999999999997  1912
17  63.399999999999999  1550
18  66.099999999999994  1826
19  68.099999999999994  1566
20  62.200000000000003  1352
0  45.399999999999999  2801
1  44.799999999999997  2540
2  38.299999999999997  2552
3  45.399999999999999  2164
4  46.600000000000001  2404
5  53.799999999999997  1941
6  46.5  2107
7  47.200000000000003  2157
8  52.5  2030
9  59.600000000000001  1985
10  54.799999999999997  2188
11  58.600000000000001  1997
12  63.399999999999999  1642
13  52.299999999999997  1700
14  64.700000000000003  1687
15  60.799999999999997  1664
16  51.600000000000001  1719
17  63.399999999999999  1452
18  62.700000000000003  1716
19  58.899999999999999  1492
20  61.299999999999997  1815
0  36.299999999999997  2771
1  43.0  2550
2  54.899999999999999  2445
3  37.100000000000001  2514
4  40.700000000000003  2232
5  53.0  2210
6  48.899999999999999  2455
7  63.5  1831
8  51.700000000000003  2250
9  52.0  2254
10  47.200000000000003  1890
11  50.100000000000001  1642
12  52.799999999999997  1971
13  64.299999999999997  1517
14  67.900000000000006  1959
15  62.600000000000001  1875
16  65.900000000000006  1595
17  60.100000000000001  1697
18  62.700000000000003  1638
19  69.700000000000003  1792
20  61.299999999999997  1646
0  47.899999999999999  2416
1  55.399999999999999  2515
2  45.200000000000003  2342
3  56.0  2296
4  50.0  2468
5  56.799999999999997  2293
6  49.899999999999999  2121
7  53.0  2235
8  55.899999999999999  2092
9  69.599999999999994  1742
10  57.700000000000003  1852
11  59.899999999999999  1771
12  61.299999999999997  1991
13  59.700000000000003  1587
14  51.100000000000001  2104
15  65.099999999999994  1300
16  54.200000000000003  1874
17  71.299999999999997  1415
18  66.900000000000006  1685
19  67.799999999999997  1549
20  64.599999999999994  1506
0  48.200000000000003  2877
1  30.800000000000001  2315
2  43.100000000000001  2487
3  49.0  2216
4  48.700000000000003  2365
5  59.600000000000001  1935
6  46.0  1944
7  60.5  2267
8  47.100000000000001  1812
9  52.399999999999999  2335
10  60.700000000000003  2038
11  60.100000000000001  1906
12  46.799999999999997  2106
13  63.200000000000003  1891
14  60.200000000000003  1603
15  63.600000000000001  1841
16  60.200000000000003  1556
17  61.100000000000001  1559
18  55.799999999999997  1605
19  74.900000000000006  1625
20  69.5  1154
0  35.5  2760
1  51.399999999999999  2470
2  36.600000000000001  2703
3  49.0  2248
4  40.899999999999999  2507
5  54.899999999999999  2134
6  56.600000000000001  1997
7  55.899999999999999  2140
8  48.600000000000001  2145
9  51.0  2133
10  50.700000000000003  1917
11  54.700000000000003  2043
12  51.899999999999999  1840
13  54.299999999999997  1903
14  64.799999999999997  1952
15  58.700000000000003  2006
16  65.400000000000006  1633
17  68.0  1635
18  59.0  1401
19  64.200000000000003  1614
20  60.100000000000001  1307
0  43.799999999999997  2849
1  47.399999999999999  2408
2  51.0  2572
3  44.5  2664
4  51.0  2631
5  41.0  2104
6  50.200000000000003  2496
7  55.0  1740
8  49.399999999999999  2107
9  58.700000000000003  2045
10  59.200000000000003  1940
11  53.799999999999997  1984
12  56.899999999999999  1982
13  56.600000000000001  1593
14  62.5  1527
15  55.299999999999997  1611
16  53.299999999999997  1668
17  61.299999999999997  1655
18  56.799999999999997  1837
19  61.100000000000001  1589
20  66.400000000000006  1251
0  44.399999999999999  2693
1  32.799999999999997  2452
2  54.100000000000001  2266
3  45.0  2424
4  61.399999999999999  2382
5  49.399999999999999  2445
6  43.299999999999997  2286
7  44.700000000000003  2278
8  45.799999999999997  2364
9  48.100000000000001  2010
10  58.100000000000001  1937
11  46.700000000000003  1575
12  62.399999999999999  2152
13  55.399999999999999  1870
14  56.600000000000001  1610
15  57.5  1741
16  61.799999999999997  1651
17  58.200000000000003  1728
18  70.299999999999997  1538
19  53.200000000000003  1251
20  64.299999999999997  1350
0  36.5  2280
1  56.799999999999997  2552
2  43.100000000000001  2723
3  52.299999999999997  2184
4  37.100000000000001  2304
5  44.700000000000003  1950
6  53.5  2475
7  40.899999999999999  2181
8  36.0  2602
9  57.5  1752
10  54.700000000000003  2024
11  64.5  1738
12  59.0  1944
13  66.5  1765
14  62.100000000000001  1598
15  65.599999999999994  1646
16  60.399999999999999  1744
17  67.0  1409
18  60.200000000000003  1176
19  64.299999999999997  1437
20  62.399999999999999  1550
0  39.899999999999999  2549
1  49.5  2357
2  44.899999999999999  2368
3  40.100000000000001  2405
4  43.200000000000003  2223
5  47.799999999999997  2276
6  56.100000000000001  2331
7  58.899999999999999  2136
8  45.299999999999997  1705
9  69.400000000000006  1758
10  58.799999999999997  1754
11  57.100000000000001  2014
12  46.799999999999997  1601
13  61.700000000000003  1647
14  61.200000000000003  1851
15  61.700000000000003  1806
16  59.600000000000001  1934
17  56.799999999999997  1743
18  63.200000000000003  1518
19  68.599999999999994  1379
20  65.0  1448
0  38.0  2487
1  43.5  2881
2  48.299999999999997  2333
3  48.799999999999997  2234
4  51.700000000000003  2370
5  46.299999999999997  2496
6  59.5  2036
7  44.100000000000001  1939
8  57.5  2223
9  59.399999999999999  2306
10  47.0  1814
11  69.700000000000003  1934
12  59.399999999999999  2129
13  55.5  1790
14  63.600000000000001  1636
15  58.700000000000003  1782
16  55.0  1778
17  69.5  1703
18  59.700000000000003  1771
19  54.5  1887
20  58.600000000000001  1931
0  48.0  2438
1  36.0  2653
2  54.0  2247
3  50.299999999999997  2253
4  48.600000000000001  2278
5  42.399999999999999  2611
6  51.299999999999997  2232
7  57.0  2221
8  58.200000000000003  1988
9  49.899999999999999  2139
10  54.5  2062
11  60.5  1762
12  55.600000000000001  1887
13  58.0  1849
14  64.799999999999997  1694
15  45.5  2182
16  68.299999999999997  1626
17  56.5  1475
18  77.599999999999994  1172
19  63.899999999999999  1631
20  69.900000000000006  1509
0  45.600000000000001  2351
1  49.200000000000003  2849
2  53.600000000000001  2159
3  48.799999999999997  2356
4  55.5  2420
5  49.799999999999997  2370
6  56.700000000000003  2265
7  57.799999999999997  2268
8  49.5  2274
9  58.200000000000003  2117
10  60.0  1669
11  51.399999999999999  1799
12  55.899999999999999  1620
13  58.5  1695
14  58.899999999999999  1511
15  63.700000000000003  1820
16  52.5  1719
17  59.100000000000001  1610
18  67.0  1158
19  46.700000000000003  1564
20  70.0  1549
0  34.899999999999999  2369
1  28.899999999999999  2042
2  47.399999999999999  2335
3  44.799999999999997  2802
4  50.100000000000001  2143
5  55.799999999999997  2237
6  51.399999999999999  2109
7  48.700000000000003  2165
8  48.200000000000003  2279
9  54.100000000000001  2330
10  55.700000000000003  2089
11  51.700000000000003  1243
12  58.700000000000003  1657
13  53.5  1775
14  68.400000000000006  1763
15  63.200000000000003  1776
16  63.0  1475
17  62.899999999999999  1755
18  55.799999999999997  1646
19  73.5  1146
20  56.200000000000003  1568
0  34.200000000000003  3038
1  40.700000000000003  2739
2  46.600000000000001  2629
3  43.600000000000001  2035
4  46.5  2146
5  48.799999999999997  2344
6  49.899999999999999  2040
7  47.100000000000001  1917
8  53.700000000000003  2050
9  46.5  2010
10  57.5  1919
11  52.399999999999999  1876
12  48.799999999999997  1773
13  55.5  1812
14  49.899999999999999  1531
15  59.200000000000003  1934
16  57.700000000000003  2004
17  59.5  1730
18  58.0  1515
19  68.799999999999997  1429
20  56.600000000000001  1933
0  41.5  3099
1  41.600000000000001  2071
2  42.899999999999999  2626
3  48.200000000000003  2464
4  50.899999999999999  2138
5  56.700000000000003  2131
6  57.600000000000001  2327
7  48.200000000000003  2162
8  51.399999999999999  1792
9  57.700000000000003  2075
10  54.399999999999999  1824
11  52.799999999999997  1735
12  51.5  1851
13  66.700000000000003  1581
14  57.399999999999999  1646
15  61.799999999999997  1724
16  62.799999999999997  1409
17  65.200000000000003  1551
18  69.799999999999997  1460
19  61.399999999999999  1498
20  66.900000000000006  1503
0  35.700000000000003  2631
1  46.799999999999997  2479
2  49.100000000000001  2754
3  52.799999999999997  2628
4  50.0  2312
5  59.0  2266
6  45.299999999999997  1856
7  59.600000000000001  2138
8  51.299999999999997  1989
9  56.399999999999999  2012
10  56.799999999999997  1969
11  60.5  2035
12  54.200000000000003  2142
13  63.399999999999999  1738
14  54.100000000000001  1603
15  53.600000000000001  1914
16  62.200000000000003  1457
17  61.200000000000003  1635
18  59.399999999999999  1608
19  62.5  1888
20  63.799999999999997  1608
0  44.200000000000003  2535
1  47.899999999999999  2196
2  53.899999999999999  2276
3  47.600000000000001  2632
4  48.0  2408
5  55.100000000000001  2086
6  44.299999999999997  2242
7  60.5  2260
8  52.100000000000001  2312
9  48.799999999999997  2101
10  57.299999999999997  1864
11  62.799999999999997  1502
12  58.0  1886
13  60.299999999999997  2072
14  57.899999999999999  1954
15  57.799999999999997  1993
16  62.200000000000003  1841
17  71.5  1553
18  54.5  1466
19  61.600000000000001  1412
20  60.700000000000003  1043
