40  78.0  46
60  84.0  148
80  92.0  35
100  80.0  169
120  61.0  203
140  94.0  94
160  78.0  187
180  61.0  466
200  97.0  98
40  11.0  178
60  57.0  180
80  22.0  422
100  71.0  197
120  88.0  115
140  90.0  199
160  80.0  297
180  91.0  162
200  51.0  265
40  48.0  211
60  46.0  249
80  81.0  169
100  87.0  190
120  79.0  190
140  95.0  88
160  74.0  372
180  95.0  72
200  66.0  412
40  32.0  261
60  77.0  117
80  66.0  213
100  40.0  297
120  78.0  285
140  80.0  242
160  97.0  29
180  77.0  369
200  81.0  127
40  52.0  127
60  35.0  358
80  40.0  371
100  90.0  182
120  56.0  146
140  95.0  122
160  91.0  231
180  92.0  189
200  85.0  294
40  43.0  203
60  44.0  311
80  38.0  381
100  40.0  435
120  37.0  271
140  91.0  182
160  31.0  430
180  82.0  166
200  93.0  51
40  20.0  196
60  69.0  239
80  56.0  230
100  69.0  273
120  74.0  190
140  76.0  412
160  67.0  462
180  74.0  271
200  88.0  271
40  97.0  12
60  82.0  90
80  87.0  143
100  40.0  265
120  76.0  248
140  97.0  37
160  68.0  321
180  95.0  154
200  87.0  349
40  46.0  134
60  71.0  117
80  62.0  126
100  70.0  289
120  79.0  171
140  69.0  346
160  45.0  300
180  92.0  208
200  94.0  230
40  64.0  152
60  49.0  183
80  84.0  254
100  93.0  160
120  58.0  291
140  68.0  397
160  69.0  454
180  60.0  238
200  79.0  366
40  32.0  174
60  60.0  248
80  61.0  248
100  49.0  276
120  64.0  278
140  89.0  207
160  81.0  326
180  87.0  238
200  88.0  240
40  68.0  130
60  44.0  79
80  56.0  300
100  53.0  306
120  91.0  110
140  53.0  446
160  70.0  306
180  80.0  215
200  90.0  197
40  31.0  52
60  16.0  179
80  77.0  74
100  61.0  307
120  89.0  183
140  77.0  427
160  69.0  249
180  97.0  80
200  96.0  74
40  36.0  163
60  5.0  189
80  78.0  202
100  20.0  160
120  35.0  452
140  96.0  84
160  70.0  394
180  80.0  200
200  87.0  184
40  59.0  128
60  38.0  379
80  58.0  260
100  66.0  207
120  72.0  344
140  40.0  433
160  76.0  426
180  96.0  63
200  78.0  226
40  61.0  49
60  48.0  241
80  97.0  52
100  41.0  335
120  79.0  244
140  82.0  262
160  86.0  201
180  76.0  136
200  97.0  232
40  61.0  110
60  62.0  212
80  89.0  90
100  29.0  407
120  78.0  242
140  88.0  168
160  86.0  281
180  67.0  401
200  89.0  215
40  26.0  208
60  44.0  289
80  47.0  352
100  65.0  299
120  77.0  227
140  83.0  220
160  82.0  366
180  96.0  129
200  46.0  175
40  30.0  179
60  75.0  213
80  73.0  172
100  59.0  363
120  88.0  178
140  29.0  314
160  97.0  149
180  82.0  133
200  72.0  497
40  18.0  345
60  29.0  274
80  85.0  231
100  78.0  199
120  58.0  249
140  72.0  223
160  91.0  190
180  88.0  231
200  97.0  163
40  20.0  119
60  47.0  126
80  28.0  333
100  87.0  51
120  41.0  194
140  50.0  451
160  69.0  411
180  73.0  356
200  77.0  163
40  25.0  217
60  43.0  234
80  76.0  145
100  78.0  142
120  63.0  415
140  44.0  303
160  67.0  449
180  95.0  260
200  97.0  123
40  41.0  169
60  67.0  196
80  69.0  225
100  49.0  428
120  50.0  188
140  94.0  98
160  76.0  220
180  90.0  172
200  60.0  202
40  54.0  157
60  35.0  272
80  47.0  260
100  97.0  85
120  70.0  252
140  71.0  251
160  76.0  311
180  80.0  124
200  86.0  317
40  78.0  150
60  64.0  125
80  54.0  199
100  71.0  267
120  70.0  248
140  67.0  239
160  97.0  188
180  97.0  140
200  85.0  228
40  24.0  193
60  59.0  31
80  97.0  27
100  78.0  158
120  64.0  242
140  75.0  162
160  71.0  284
180  87.0  165
200  95.0  90
40  45.0  237
60  24.0  217
80  21.0  323
100  51.0  292
120  92.0  120
140  76.0  313
160  65.0  320
180  61.0  360
200  76.0  296
40  38.0  205
60  57.0  181
80  19.0  232
100  40.0  198
120  97.0  34
140  93.0  196
160  40.0  326
180  74.0  347
200  51.0  312
40  52.0  84
60  11.0  258
80  40.0  380
100  64.0  327
120  87.0  159
140  88.0  238
160  70.0  410
180  74.0  350
200  82.0  146
40  44.0  141
60  6.0  478
80  37.0  302
100  73.0  140
120  50.0  388
140  77.0  308
160  70.0  257
180  92.0  145
200  74.0  122
40  63.0  151
60  43.0  330
80  43.0  251
100  95.0  78
120  86.0  149
140  70.0  299
160  86.0  331
180  84.0  215
200  97.0  81
40  17.0  207
60  77.0  151
80  54.0  265
100  70.0  288
120  22.0  286
140  78.0  356
160  95.0  163
180  92.0  208
200  97.0  84
40  34.0  243
60  83.0  116
80  50.0  253
100  65.0  184
120  68.0  280
140  51.0  302
160  60.0  295
180  40.0  254
200  86.0  141
40  20.0  233
60  31.0  166
80  78.0  174
100  31.0  471
120  88.0  220
140  72.0  439
160  94.0  149
180  89.0  217
200  66.0  298
40  2.0  260
60  39.0  343
80  37.0  396
100  83.0  187
120  90.0  139
140  51.0  357
160  93.0  141
180  95.0  143
200  65.0  291
40  77.0  77
60  56.0  96
80  56.0  264
100  71.0  174
120  63.0  353
140  79.0  190
160  95.0  165
180  97.0  171
200  60.0  221
40  49.0  158
60  24.0  169
80  41.0  229
100  82.0  168
120  45.0  250
140  73.0  246
160  92.0  214
180  82.0  270
200  81.0  362
40  54.0  147
60  46.0  316
80  60.0  318
100  44.0  443
120  69.0  202
140  58.0  390
160  58.0  225
180  56.0  327
200  83.0  74
40  34.0  172
60  63.0  239
80  72.0  302
100  89.0  152
120  66.0  298
140  85.0  250
160  61.0  268
180  37.0  221
200  89.0  279
40  0.0  239
60  9.0  308
80  68.0  233
100  85.0  121
120  55.0  340
140  15.0  217
160  46.0  336
180  59.0  442
200  76.0  231
40  14.0  176
60  47.0  290
80  58.0  196
100  80.0  193
120  68.0  190
140  80.0  317
160  95.0  108
180  91.0  106
200  80.0  401
40  26.0  185
60  52.0  237
80  52.0  327
100  50.0  274
120  58.0  283
140  63.0  463
160  97.0  92
180  97.0  61
200  65.0  381
40  41.0  167
60  77.0  153
80  66.0  218
100  70.0  314
120  31.0  251
140  92.0  132
160  97.0  48
180  65.0  367
200  67.0  248
40  79.0  141
60  26.0  198
80  83.0  104
100  17.0  233
120  74.0  159
140  63.0  210
160  87.0  240
180  73.0  399
200  94.0  234
40  31.0  120
60  44.0  214
80  37.0  250
100  71.0  218
120  61.0  274
140  68.0  283
160  31.0  289
180  82.0  328
200  96.0  226
40  42.0  208
60  73.0  179
80  77.0  198
100  84.0  145
120  69.0  354
140  74.0  291
160  78.0  173
180  89.0  165
200  95.0  193
40  47.0  104
60  51.0  207
80  48.0  296
100  82.0  87
120  85.0  210
140  63.0  389
160  93.0  229
180  96.0  127
200  88.0  147
40  21.0  233
60  20.0  340
80  64.0  285
100  59.0  339
120  89.0  191
140  11.0  251
160  73.0  355
180  97.0  137
200  87.0  267
40  42.0  177
60  52.0  278
80  86.0  139
100  37.0  279
120  57.0  478
140  91.0  133
160  90.0  247
180  95.0  183
200  35.0  429
40  37.0  144
60  37.0  272
80  77.0  184
100  43.0  368
120  61.0  221
140  80.0  132
160  75.0  106
180  82.0  371
200  87.0  299
40  41.0  228
60  45.0  275
80  55.0  302
100  63.0  197
120  97.0  63
140  84.0  244
160  90.0  262
180  96.0  76
200  67.0  425
40  31.0  85
60  35.0  293
80  56.0  315
100  97.0  37
120  40.0  166
140  94.0  99
160  76.0  395
180  75.0  309
200  65.0  207
40  62.0  141
60  47.0  158
80  97.0  26
100  79.0  264
120  95.0  111
140  97.0  88
160  87.0  248
180  96.0  75
200  77.0  239
40  50.0  216
60  39.0  341
80  52.0  186
100  70.0  177
120  88.0  211
140  52.0  277
160  70.0  277
180  83.0  376
200  79.0  176
40  9.0  89
60  49.0  245
80  58.0  280
100  61.0  298
120  69.0  319
140  75.0  374
160  80.0  276
180  97.0  100
200  95.0  120
40  23.0  148
60  44.0  280
80  64.0  199
100  58.0  404
120  88.0  244
140  30.0  309
160  45.0  333
180  86.0  200
200  85.0  166
40  96.0  24
60  45.0  230
80  52.0  260
100  50.0  323
120  72.0  172
140  66.0  159
160  70.0  358
180  69.0  261
200  76.0  227
40  24.0  157
60  34.0  381
80  42.0  151
100  28.0  265
120  77.0  252
140  65.0  349
160  94.0  195
180  96.0  160
200  93.0  248
40  61.0  168
60  61.0  211
80  48.0  251
100  92.0  78
120  86.0  158
140  93.0  102
160  82.0  291
180  94.0  238
200  92.0  266
40  74.0  79
60  48.0  205
80  30.0  236
100  95.0  93
120  62.0  350
140  51.0  294
160  66.0  296
180  46.0  357
200  78.0  172
40  37.0  311
60  86.0  141
80  62.0  233
100  66.0  135
120  91.0  188
140  74.0  288
160  67.0  138
180  76.0  210
200  96.0  112
40  87.0  53
60  79.0  89
80  9.0  235
100  77.0  277
120  39.0  153
140  90.0  315
160  71.0  360
180  96.0  208
200  97.0  144
40  33.0  170
60  12.0  271
80  79.0  190
100  27.0  192
120  86.0  275
140  71.0  488
160  83.0  314
180  83.0  214
200  67.0  196
40  61.0  182
60  45.0  253
80  45.0  382
100  84.0  198
120  78.0  177
140  57.0  325
160  75.0  212
180  89.0  290
200  89.0  260
40  14.0  267
60  82.0  92
80  51.0  321
100  76.0  156
120  93.0  39
140  88.0  151
160  67.0  199
180  87.0  260
200  97.0  92
40  7.0  170
60  37.0  284
80  95.0  64
100  94.0  117
120  46.0  363
140  61.0  439
160  80.0  295
180  83.0  250
200  72.0  318
40  12.0  279
60  44.0  214
80  79.0  207
100  58.0  284
120  57.0  226
140  79.0  337
160  60.0  289
180  49.0  344
200  88.0  145
40  70.0  81
60  41.0  240
80  63.0  249
100  72.0  222
120  45.0  192
140  52.0  250
160  50.0  304
180  83.0  345
200  96.0  119
40  39.0  241
60  59.0  278
80  84.0  119
100  28.0  497
120  65.0  387
140  56.0  379
160  30.0  215
180  91.0  247
200  68.0  266
40  55.0  113
60  70.0  166
80  69.0  213
100  97.0  46
120  44.0  339
140  97.0  67
160  91.0  175
180  65.0  375
200  97.0  143
40  4.0  214
60  19.0  215
80  74.0  148
100  34.0  296
120  97.0  62
140  73.0  276
160  97.0  129
180  86.0  172
200  67.0  222
40  56.0  142
60  47.0  226
80  9.0  230
100  78.0  167
120  83.0  269
140  68.0  209
160  92.0  85
180  72.0  358
200  68.0  216
40  33.0  206
60  31.0  255
80  50.0  192
100  91.0  154
120  88.0  121
140  53.0  436
160  79.0  198
180  88.0  242
200  97.0  76
40  58.0  165
60  72.0  181
80  36.0  285
100  93.0  147
120  82.0  310
140  75.0  384
160  78.0  199
180  46.0  388
200  63.0  158
40  67.0  20
60  81.0  144
80  80.0  132
100  75.0  217
120  56.0  297
140  69.0  224
160  55.0  177
180  95.0  105
200  73.0  244
40  31.0  178
60  76.0  65
80  65.0  228
100  64.0  269
120  59.0  342
140  61.0  253
160  64.0  278
180  41.0  391
200  68.0  381
40  12.0  245
60  28.0  210
80  61.0  288
100  68.0  197
120  61.0  311
140  47.0  341
160  80.0  212
180  90.0  259
200  90.0  177
40  26.0  146
60  31.0  196
80  73.0  204
100  74.0  190
120  72.0  291
140  95.0  74
160  58.0  362
180  73.0  445
200  90.0  136
40  43.0  245
60  47.0  227
80  51.0  299
100  66.0  244
120  87.0  177
140  95.0  119
160  88.0  327
180  94.0  135
200  87.0  107
40  14.0  270
60  51.0  210
80  52.0  368
100  73.0  241
120  47.0  369
140  66.0  413
160  61.0  374
180  89.0  207
200  93.0  220
40  45.0  249
60  60.0  80
80  74.0  329
100  73.0  171
120  67.0  339
140  83.0  256
160  91.0  113
180  60.0  452
200  53.0  524
40  7.0  181
60  27.0  180
80  81.0  231
100  80.0  182
120  75.0  261
140  90.0  180
160  91.0  98
180  84.0  237
200  91.0  227
40  45.0  204
60  75.0  147
80  53.0  399
100  55.0  420
120  77.0  307
140  83.0  121
160  69.0  318
180  77.0  136
200  88.0  151
40  17.0  117
60  33.0  223
80  49.0  273
100  74.0  265
120  90.0  125
140  79.0  354
160  75.0  323
180  92.0  124
200  83.0  399
40  0.0  46
60  90.0  128
80  86.0  152
100  63.0  254
120  97.0  53
140  75.0  321
160  60.0  333
180  67.0  305
200  95.0  89
40  8.0  124
60  51.0  372
80  69.0  209
100  79.0  88
120  90.0  93
140  77.0  332
160  86.0  139
180  51.0  499
200  94.0  218
40  17.0  155
60  81.0  173
80  76.0  159
100  57.0  318
120  82.0  234
140  90.0  179
160  97.0  136
180  74.0  376
200  85.0  249
40  26.0  189
60  90.0  97
80  40.0  411
100  63.0  213
120  53.0  275
140  68.0  309
160  47.0  349
180  72.0  221
200  97.0  123
40  26.0  243
60  49.0  263
80  47.0  265
100  48.0  398
120  56.0  343
140  64.0  421
160  59.0  248
180  71.0  290
200  65.0  215
40  28.0  135
60  40.0  305
80  87.0  93
100  47.0  214
120  57.0  434
140  63.0  241
160  72.0  209
180  92.0  139
200  58.0  278
40  86.0  14
60  15.0  227
80  55.0  239
100  47.0  265
120  73.0  273
140  81.0  315
160  87.0  180
180  94.0  247
200  97.0  129
40  6.0  128
60  50.0  60
80  47.0  99
100  73.0  225
120  64.0  432
140  74.0  271
160  73.0  282
180  53.0  286
200  95.0  174
40  50.0  227
60  56.0  173
80  57.0  174
100  85.0  247
120  81.0  261
140  85.0  163
160  94.0  157
180  95.0  174
200  97.0  224
40  54.0  207
60  73.0  212
80  45.0  276
100  29.0  332
120  97.0  123
140  75.0  291
160  67.0  394
180  85.0  242
200  86.0  252
40  44.0  209
60  69.0  110
80  57.0  245
100  47.0  345
120  82.0  205
140  89.0  247
160  89.0  96
180  84.0  323
200  97.0  249
40  27.0  263
60  70.0  179
80  27.0  207
100  63.0  385
120  90.0  114
140  90.0  175
160  94.0  284
180  97.0  88
200  89.0  238
40  49.0  132
60  16.0  291
80  71.0  142
100  97.0  54
120  78.0  199
140  86.0  342
160  89.0  216
180  97.0  59
200  94.0  183
40  9.0  79
60  89.0  63
80  85.0  104
100  23.0  318
120  93.0  71
140  58.0  241
160  72.0  240
180  69.0  254
200  86.0  152
40  49.0  69
60  41.0  334
80  51.0  213
100  80.0  189
120  48.0  317
140  81.0  122
160  57.0  351
180  77.0  332
200  92.0  191
40  34.0  187
60  23.0  271
80  94.0  68
100  41.0  268
120  46.0  368
140  91.0  208
160  94.0  94
180  86.0  271
200  91.0  224
