2  60.0  671
4  43.5  1636
6  45.166666666666664  1944
8  46.125  2637
10  43.200000000000003  2813
12  39.666666666666664  3362
14  40.571428571428569  3765
16  35.0  4420
18  38.333333333333336  4606
20  49.700000000000003  4563
2  55.5  757
4  50.0  1374
6  48.666666666666664  1833
8  42.75  2352
10  35.100000000000001  3019
12  38.916666666666664  3171
14  37.214285714285715  3513
16  39.0  3979
18  36.5  4534
20  37.850000000000001  4183
2  59.5  644
4  49.75  1563
6  51.0  1962
8  37.25  2816
10  38.299999999999997  2594
12  48.666666666666664  3393
14  49.357142857142854  3372
16  38.125  3786
18  37.277777777777779  4283
