1  28.0  297
2  25.0  465
3  59.0  280
4  67.0  339
5  9.0  256
1  34.0  417
2  36.0  428
3  44.0  329
4  34.0  289
5  39.0  354
1  34.0  493
2  50.0  390
3  46.0  321
4  44.0  461
5  22.0  289
1  34.0  443
2  23.0  538
3  17.0  323
4  22.0  225
5  16.0  243
1  50.0  396
2  56.0  399
3  27.0  387
4  24.0  364
5  30.0  249
1  59.0  330
2  12.0  420
3  28.0  572
4  30.0  320
5  1.0  309
1  67.0  406
2  77.0  274
3  18.0  156
4  19.0  206
5  16.0  312
1  19.0  209
2  2.0  234
3  28.0  262
4  63.0  325
5  31.0  291
1  29.0  309
2  2.0  429
3  44.0  320
4  34.0  269
5  25.0  287
1  32.0  389
2  37.0  384
3  38.0  390
4  69.0  334
5  35.0  365
1  84.0  269
2  31.0  413
3  15.0  282
4  15.0  377
5  60.0  303
1  24.0  478
2  37.0  492
3  14.0  218
4  25.0  248
5  30.0  270
1  72.0  403
2  48.0  342
3  26.0  357
4  35.0  305
5  18.0  274
1  46.0  350
2  43.0  559
3  33.0  281
4  41.0  361
5  11.0  223
1  52.0  363
2  12.0  415
3  41.0  271
4  15.0  395
5  19.0  314
1  44.0  429
2  37.0  341
3  23.0  270
4  26.0  326
5  12.0  202
1  63.0  343
2  8.0  171
3  37.0  404
4  12.0  260
5  38.0  291
1  67.0  349
2  41.0  455
3  36.0  352
4  29.0  334
5  31.0  269
1  48.0  388
2  25.0  305
3  16.0  390
4  31.0  297
5  27.0  238
1  67.0  343
2  36.0  368
3  16.0  371
4  24.0  306
5  11.0  157
1  27.0  389
2  21.0  304
3  34.0  363
4  31.0  262
5  16.0  199
1  57.0  413
2  23.0  420
3  30.0  379
4  17.0  283
5  0.0  201
1  13.0  407
2  52.0  421
3  24.0  383
4  40.0  272
5  32.0  358
1  10.0  340
2  54.0  422
3  34.0  373
4  47.0  375
5  13.0  223
1  40.0  433
2  21.0  392
3  44.0  310
4  46.0  319
5  13.0  283
1  34.0  438
2  51.0  329
3  41.0  383
4  35.0  297
5  12.0  232
1  32.0  348
2  56.0  282
3  51.0  348
4  20.0  338
5  25.0  221
1  21.0  419
2  31.0  270
3  66.0  400
4  7.0  306
5  11.0  457
1  70.0  391
2  44.0  299
3  51.0  304
4  40.0  408
5  31.0  295
1  46.0  460
2  48.0  411
3  53.0  234
4  31.0  426
5  3.0  80
1  60.0  369
2  37.0  411
3  47.0  326
4  25.0  392
5  32.0  378
1  17.0  289
2  72.0  360
3  5.0  419
4  70.0  295
5  15.0  252
1  41.0  412
2  56.0  301
3  20.0  221
4  59.0  258
5  30.0  252
1  47.0  345
2  12.0  413
3  6.0  233
4  20.0  312
5  50.0  238
1  24.0  411
2  5.0  400
3  7.0  310
4  46.0  405
5  7.0  241
1  68.0  383
2  38.0  456
3  40.0  373
4  7.0  258
5  14.0  333
1  56.0  405
2  45.0  473
3  9.0  239
4  19.0  408
5  18.0  281
1  26.0  476
2  41.0  443
3  29.0  343
4  16.0  270
5  33.0  290
1  31.0  224
2  28.0  409
3  37.0  354
4  22.0  279
5  38.0  283
1  18.0  581
2  56.0  384
3  32.0  251
4  21.0  352
5  26.0  329
1  45.0  475
2  34.0  377
3  16.0  329
4  32.0  369
5  38.0  404
1  38.0  323
2  16.0  452
3  27.0  210
4  0.0  182
5  25.0  282
1  59.0  318
2  39.0  408
3  21.0  376
4  16.0  310
5  10.0  272
1  40.0  456
2  27.0  406
3  13.0  346
4  32.0  270
5  26.0  253
1  90.0  274
2  30.0  452
3  26.0  345
4  35.0  300
5  33.0  254
1  70.0  361
2  35.0  354
3  34.0  350
4  32.0  284
5  21.0  333
1  26.0  464
2  49.0  365
3  20.0  306
4  38.0  368
5  42.0  272
1  41.0  430
2  55.0  386
3  38.0  313
4  11.0  356
5  19.0  361
1  66.0  413
2  51.0  280
3  42.0  392
4  18.0  170
5  16.0  210
1  28.0  322
2  25.0  301
3  39.0  258
4  40.0  294
5  28.0  227
1  47.0  382
2  49.0  370
3  18.0  271
4  16.0  255
5  30.0  462
1  32.0  407
2  29.0  428
3  29.0  430
4  0.0  196
5  38.0  194
1  73.0  345
2  51.0  329
3  6.0  442
4  36.0  243
5  26.0  297
1  26.0  317
2  55.0  304
3  18.0  150
4  52.0  297
5  8.0  249
1  34.0  531
2  29.0  227
3  13.0  327
4  14.0  360
5  9.0  241
1  30.0  372
2  24.0  285
3  21.0  484
4  0.0  239
5  10.0  296
1  49.0  260
2  63.0  292
3  19.0  438
4  24.0  406
5  12.0  207
1  53.0  371
2  20.0  331
3  20.0  331
4  26.0  313
5  20.0  241
1  53.0  309
2  38.0  365
3  34.0  404
4  14.0  307
5  29.0  263
1  40.0  428
2  18.0  278
3  36.0  362
4  15.0  296
5  12.0  177
1  36.0  316
2  51.0  291
3  38.0  383
4  22.0  189
5  32.0  291
1  9.0  501
2  22.0  333
3  33.0  379
4  11.0  129
5  37.0  282
1  74.0  344
2  23.0  250
3  31.0  225
4  28.0  340
5  1.0  194
1  58.0  352
2  52.0  513
3  1.0  188
4  0.0  178
5  28.0  328
1  50.0  367
2  34.0  358
3  61.0  297
4  28.0  224
5  15.0  340
1  65.0  354
2  32.0  463
3  38.0  261
4  10.0  506
5  5.0  142
1  19.0  321
2  51.0  343
3  29.0  303
4  6.0  217
5  4.0  119
1  58.0  335
2  23.0  236
3  29.0  385
4  41.0  416
5  50.0  221
1  59.0  383
2  33.0  324
3  36.0  363
4  85.0  244
5  67.0  275
1  19.0  541
2  35.0  418
3  25.0  423
4  34.0  292
5  53.0  294
1  43.0  347
2  3.0  338
3  23.0  244
4  33.0  185
5  42.0  200
1  31.0  390
2  35.0  422
3  3.0  126
4  24.0  173
5  13.0  242
1  38.0  505
2  51.0  281
3  54.0  378
4  32.0  376
5  46.0  315
1  29.0  236
2  24.0  366
3  48.0  389
4  53.0  340
5  13.0  324
1  59.0  399
2  42.0  426
3  18.0  336
4  60.0  285
5  7.0  219
1  30.0  321
2  20.0  555
3  19.0  292
4  46.0  258
5  12.0  143
1  39.0  396
2  27.0  295
3  32.0  220
4  23.0  395
5  21.0  324
1  51.0  411
2  9.0  214
3  15.0  235
4  54.0  257
5  15.0  328
1  22.0  390
2  65.0  386
3  38.0  384
4  34.0  192
5  26.0  294
1  43.0  331
2  21.0  287
3  51.0  290
4  39.0  358
5  23.0  393
1  57.0  306
2  30.0  466
3  26.0  232
4  19.0  375
5  18.0  258
1  33.0  513
2  26.0  431
3  19.0  199
4  11.0  230
5  35.0  239
1  58.0  291
2  17.0  234
3  25.0  219
4  26.0  252
5  5.0  247
1  67.0  363
2  69.0  287
3  6.0  405
4  29.0  341
5  41.0  305
1  49.0  446
2  21.0  339
3  27.0  407
4  34.0  289
5  38.0  258
1  23.0  341
2  47.0  440
3  38.0  365
4  30.0  239
5  74.0  320
1  49.0  413
2  33.0  476
3  10.0  337
4  55.0  278
5  19.0  202
1  33.0  399
2  31.0  393
3  48.0  219
4  30.0  373
5  50.0  314
1  12.0  566
2  33.0  290
3  19.0  159
4  30.0  225
5  6.0  229
1  51.0  467
2  37.0  319
3  28.0  320
4  22.0  326
5  40.0  347
1  27.0  498
2  24.0  311
3  26.0  267
4  6.0  240
5  2.0  266
1  34.0  354
2  38.0  424
3  31.0  333
4  38.0  318
5  29.0  211
1  36.0  299
2  33.0  316
3  18.0  265
4  29.0  285
5  14.0  240
1  40.0  428
2  30.0  310
3  59.0  363
4  8.0  173
5  45.0  267
1  34.0  381
2  60.0  359
3  23.0  503
4  16.0  357
5  30.0  268
1  64.0  358
2  26.0  295
3  37.0  340
4  15.0  407
5  18.0  295
1  20.0  585
2  36.0  212
3  56.0  216
4  48.0  269
5  33.0  350
1  46.0  466
2  51.0  303
3  17.0  343
4  47.0  222
5  26.0  399
1  47.0  448
2  28.0  369
3  19.0  302
4  43.0  214
5  21.0  187
1  45.0  400
2  45.0  317
3  31.0  228
4  34.0  232
5  31.0  306
