0  51.200000000000003  3005
1  50.600000000000001  2570
2  38.299999999999997  3165
3  43.100000000000001  2567
4  37.299999999999997  2966
5  39.200000000000003  2693
6  41.399999999999999  2891
7  34.299999999999997  2459
8  40.700000000000003  3020
9  40.399999999999999  3139
10  55.600000000000001  2752
11  53.200000000000003  2790
12  54.5  3067
13  41.600000000000001  2802
14  44.100000000000001  2596
15  47.0  2961
16  46.5  3114
17  44.399999999999999  2922
18  44.299999999999997  2617
19  56.100000000000001  2844
20  60.0  2651
0  43.399999999999999  2958
1  29.199999999999999  2913
2  48.700000000000003  2768
3  50.899999999999999  3079
4  43.799999999999997  3061
5  40.600000000000001  2493
6  48.899999999999999  2573
7  50.799999999999997  2432
8  40.299999999999997  2885
9  38.399999999999999  2581
10  43.600000000000001  2978
11  34.299999999999997  2694
12  39.100000000000001  2964
13  43.799999999999997  3149
14  46.299999999999997  2557
15  42.299999999999997  2717
16  58.5  2625
17  49.200000000000003  2384
18  49.200000000000003  2806
19  47.600000000000001  2606
20  55.5  2205
0  41.399999999999999  2959
1  50.399999999999999  2338
2  35.899999999999999  2760
3  45.100000000000001  2865
4  36.700000000000003  2668
5  44.700000000000003  3017
6  43.299999999999997  2699
7  50.700000000000003  2738
8  38.799999999999997  2871
9  43.299999999999997  2909
10  53.100000000000001  2830
11  36.200000000000003  3092
12  43.700000000000003  2982
13  43.700000000000003  3181
14  44.399999999999999  2684
15  38.899999999999999  3059
16  39.0  2534
17  43.200000000000003  2820
18  49.799999999999997  2870
19  49.399999999999999  3035
20  46.899999999999999  2540
0  35.899999999999999  2774
1  44.399999999999999  3139
2  44.399999999999999  2984
3  27.699999999999999  2429
4  48.700000000000003  2897
5  43.799999999999997  2654
6  38.0  2994
7  44.399999999999999  2843
8  51.299999999999997  2691
9  51.600000000000001  2633
10  55.200000000000003  2485
11  44.700000000000003  2643
12  51.200000000000003  2702
13  41.799999999999997  3004
14  53.600000000000001  2555
15  41.399999999999999  2935
16  45.799999999999997  2517
17  44.899999999999999  2652
18  44.0  2285
19  52.600000000000001  2952
20  48.0  3030
0  43.0  2902
1  42.700000000000003  2797
2  36.200000000000003  2540
3  44.799999999999997  2594
4  39.899999999999999  2852
5  46.299999999999997  2687
6  38.600000000000001  2787
7  49.5  2871
8  51.200000000000003  2829
9  47.0  2551
10  41.600000000000001  2918
11  37.600000000000001  2612
12  39.600000000000001  2918
13  52.299999999999997  3073
14  43.5  3054
15  53.200000000000003  2907
16  62.600000000000001  2510
17  41.700000000000003  3030
18  44.5  2646
19  54.100000000000001  2629
20  54.399999999999999  2270
0  54.700000000000003  2908
1  34.299999999999997  2924
2  48.799999999999997  2731
3  38.700000000000003  2718
4  46.5  2728
5  42.5  2908
6  42.700000000000003  2826
7  51.399999999999999  2951
8  41.799999999999997  2613
9  36.700000000000003  3207
10  49.799999999999997  2741
11  55.899999999999999  2575
12  55.0  2966
13  50.700000000000003  2791
14  47.200000000000003  2621
15  54.200000000000003  2908
16  52.899999999999999  2986
17  47.200000000000003  2439
18  45.299999999999997  2700
19  43.899999999999999  2944
20  42.200000000000003  2403
0  46.5  3009
1  43.299999999999997  2572
2  39.700000000000003  2928
3  43.399999999999999  2939
4  50.700000000000003  2468
5  42.600000000000001  3093
6  45.899999999999999  2906
7  48.799999999999997  2894
8  53.899999999999999  2716
9  44.0  2824
10  35.200000000000003  2886
11  51.799999999999997  2743
12  53.399999999999999  2542
13  50.799999999999997  3032
14  43.399999999999999  3040
15  46.100000000000001  2671
16  45.200000000000003  2883
17  33.600000000000001  2847
18  48.5  2898
19  52.200000000000003  2995
20  49.5  2805
0  50.0  2837
1  41.399999999999999  2839
2  38.899999999999999  3201
3  42.600000000000001  2834
4  52.700000000000003  2894
5  36.600000000000001  2851
6  35.100000000000001  2596
7  45.899999999999999  2855
8  40.299999999999997  2812
9  56.0  2907
10  42.799999999999997  2565
11  45.700000000000003  2719
12  50.0  2964
13  46.200000000000003  2500
14  50.600000000000001  2519
15  48.299999999999997  2680
16  52.0  2960
17  50.600000000000001  2816
18  49.399999999999999  2922
19  51.100000000000001  3036
20  52.200000000000003  2784
0  35.799999999999997  2699
1  45.0  2912
2  39.100000000000001  3130
3  36.0  2977
4  46.899999999999999  2991
5  48.100000000000001  2774
6  38.600000000000001  3156
7  44.100000000000001  2766
8  49.299999999999997  2812
9  49.299999999999997  2395
10  38.799999999999997  3273
11  48.5  2723
12  41.700000000000003  2594
13  52.899999999999999  2650
14  50.5  2542
15  49.0  2817
16  49.399999999999999  3024
17  38.799999999999997  2990
18  52.799999999999997  2430
19  46.700000000000003  2890
20  46.0  2467
0  47.600000000000001  2945
1  39.700000000000003  2589
2  53.200000000000003  2455
3  40.899999999999999  2879
4  50.600000000000001  2829
5  45.0  2465
6  46.899999999999999  2828
7  44.0  2719
8  47.700000000000003  2988
9  51.5  2960
10  49.100000000000001  2757
11  41.5  2995
12  47.299999999999997  2543
13  47.299999999999997  2823
14  50.200000000000003  2490
15  47.100000000000001  2874
16  46.899999999999999  3190
17  46.0  2954
18  50.799999999999997  2531
19  44.399999999999999  2922
20  57.0  2578
0  43.0  2555
1  44.5  2662
2  46.700000000000003  2905
3  44.200000000000003  2930
4  43.200000000000003  3288
5  39.200000000000003  2844
6  43.5  2550
7  46.299999999999997  2982
8  54.5  2943
9  45.5  2757
10  38.899999999999999  2786
11  41.899999999999999  3101
12  41.0  3134
13  49.799999999999997  2644
14  49.200000000000003  2917
15  44.200000000000003  2634
16  51.0  2689
17  43.899999999999999  2534
18  47.899999999999999  2846
19  49.799999999999997  2830
20  46.5  2642
0  55.0  2703
1  35.299999999999997  2644
2  44.200000000000003  2852
3  47.799999999999997  2805
4  44.399999999999999  2444
5  48.700000000000003  2763
6  48.299999999999997  2672
7  42.700000000000003  2559
8  33.600000000000001  2881
9  47.399999999999999  2710
10  48.700000000000003  2821
11  51.100000000000001  3083
12  50.200000000000003  2869
13  49.299999999999997  2864
14  55.100000000000001  3079
15  50.100000000000001  2745
16  41.899999999999999  2754
17  52.0  2625
18  46.399999999999999  2767
19  46.399999999999999  2904
20  57.399999999999999  2853
0  42.399999999999999  2964
1  31.899999999999999  3019
2  46.0  2835
3  33.200000000000003  2630
4  43.799999999999997  3051
5  41.799999999999997  2794
6  44.0  2981
7  44.899999999999999  2889
8  53.399999999999999  2885
9  49.5  2906
10  52.799999999999997  3002
11  49.700000000000003  2838
12  51.600000000000001  2584
13  56.799999999999997  2634
14  46.700000000000003  2670
15  46.700000000000003  2842
16  50.100000000000001  2884
17  53.100000000000001  2987
18  55.100000000000001  2541
19  58.299999999999997  2467
20  51.299999999999997  2762
0  53.299999999999997  2513
1  55.100000000000001  3092
2  44.100000000000001  3138
3  51.200000000000003  2807
4  50.100000000000001  2676
5  43.700000000000003  2956
6  48.200000000000003  3063
7  47.399999999999999  2892
8  57.799999999999997  2800
9  40.0  2421
10  40.600000000000001  2770
11  56.700000000000003  2922
12  47.399999999999999  2700
13  36.700000000000003  3240
14  55.5  2872
15  45.799999999999997  2974
16  53.899999999999999  2875
17  46.700000000000003  2817
18  42.100000000000001  3113
19  53.799999999999997  2590
20  38.0  2920
0  35.600000000000001  2828
1  52.100000000000001  2710
2  46.399999999999999  2935
3  43.799999999999997  3048
4  42.899999999999999  2976
5  53.799999999999997  2563
6  52.5  3076
7  34.799999999999997  3542
8  45.0  2944
9  46.200000000000003  2652
10  54.399999999999999  2814
11  48.600000000000001  3273
12  47.0  3094
13  45.100000000000001  2800
14  51.100000000000001  2897
15  46.299999999999997  2621
16  44.399999999999999  2616
17  50.0  2924
18  48.600000000000001  3236
19  52.600000000000001  2832
20  49.399999999999999  2990
0  38.899999999999999  2938
1  36.299999999999997  3306
2  44.600000000000001  3138
3  37.899999999999999  3389
4  45.700000000000003  2629
5  35.399999999999999  2910
6  40.200000000000003  2824
7  38.100000000000001  3273
8  31.399999999999999  2740
9  38.399999999999999  2429
10  41.700000000000003  2870
11  47.0  2672
12  40.700000000000003  2805
13  39.5  3037
14  41.100000000000001  2915
15  46.0  2783
16  48.5  2505
17  42.399999999999999  2772
18  53.0  2588
19  47.200000000000003  3001
20  52.399999999999999  2764
0  40.600000000000001  2768
1  49.0  2606
2  42.799999999999997  2525
3  53.399999999999999  3001
4  38.600000000000001  2594
5  48.700000000000003  2949
6  43.399999999999999  2601
7  39.799999999999997  2780
8  54.700000000000003  2761
9  52.0  2706
10  46.700000000000003  2584
11  50.200000000000003  2747
12  39.200000000000003  3297
13  57.700000000000003  2489
14  49.399999999999999  3063
15  41.5  3076
16  46.299999999999997  2626
17  42.700000000000003  2931
18  44.399999999999999  2821
19  44.0  2738
20  58.600000000000001  2468
0  46.0  3153
1  37.399999999999999  3181
2  45.0  2964
3  41.799999999999997  2913
4  47.5  2766
5  41.100000000000001  3154
6  43.0  3147
7  36.5  3089
8  46.100000000000001  2597
9  47.399999999999999  2744
10  38.799999999999997  2851
11  44.399999999999999  2652
12  48.700000000000003  2877
13  50.200000000000003  2929
14  54.700000000000003  2625
15  46.100000000000001  2582
16  59.799999999999997  2859
17  46.299999999999997  2505
18  38.799999999999997  2707
19  56.0  2831
20  42.100000000000001  3364
0  49.100000000000001  2930
1  44.0  2903
2  37.600000000000001  2808
3  43.399999999999999  3071
4  44.799999999999997  2945
5  36.100000000000001  2590
6  54.700000000000003  3135
7  43.600000000000001  2602
8  44.299999999999997  2840
9  45.200000000000003  2906
10  51.100000000000001  3029
11  44.700000000000003  3297
12  44.100000000000001  2708
13  53.600000000000001  2909
14  37.600000000000001  2935
15  42.399999999999999  3215
16  38.100000000000001  2689
17  55.299999999999997  2637
18  38.899999999999999  2668
19  55.100000000000001  2507
20  50.799999999999997  3168
0  38.799999999999997  2950
1  44.0  2937
2  36.899999999999999  2951
3  38.799999999999997  2996
4  43.899999999999999  3027
5  42.600000000000001  2900
6  48.600000000000001  2732
7  43.0  2946
8  46.899999999999999  2660
9  41.899999999999999  2811
10  42.0  2779
11  52.0  2954
12  42.0  2919
13  46.600000000000001  2886
14  53.299999999999997  2934
15  51.399999999999999  2785
16  47.799999999999997  2833
17  55.700000000000003  2634
18  43.299999999999997  2923
19  56.0  2722
20  51.0  2394
0  35.100000000000001  2806
1  35.799999999999997  3130
2  42.799999999999997  2978
3  48.899999999999999  3090
4  45.100000000000001  2696
5  40.399999999999999  2620
6  51.700000000000003  2820
7  40.299999999999997  3335
8  51.200000000000003  2525
9  42.100000000000001  3284
10  54.299999999999997  2854
11  52.5  3100
12  54.299999999999997  2756
13  48.100000000000001  2633
14  52.200000000000003  2766
15  52.0  2867
16  39.700000000000003  2772
17  49.600000000000001  2455
18  56.600000000000001  2608
19  39.799999999999997  3109
20  48.200000000000003  2838
0  42.700000000000003  2800
1  40.100000000000001  2898
2  46.100000000000001  2719
3  44.700000000000003  3065
4  41.100000000000001  2693
5  49.5  2350
6  48.799999999999997  2928
7  45.700000000000003  2711
8  47.0  2715
9  43.299999999999997  2794
10  41.299999999999997  2951
11  44.700000000000003  2928
12  47.899999999999999  2681
13  49.299999999999997  2870
14  46.200000000000003  2693
15  37.399999999999999  2628
16  49.5  2945
17  59.200000000000003  2954
18  49.799999999999997  2781
19  50.5  2846
20  48.5  3016
0  47.299999999999997  2550
1  38.5  2223
2  51.700000000000003  2831
3  47.799999999999997  2765
4  41.399999999999999  2610
5  34.600000000000001  3128
6  41.100000000000001  2926
7  42.899999999999999  3317
8  39.700000000000003  2592
9  36.399999999999999  2659
10  51.899999999999999  2793
11  46.600000000000001  2976
12  46.0  2706
13  45.100000000000001  2935
14  47.700000000000003  2767
15  48.799999999999997  3078
16  51.700000000000003  2701
17  42.799999999999997  2727
18  49.899999999999999  3290
19  42.600000000000001  2646
20  51.299999999999997  2659
0  42.5  3177
1  39.700000000000003  3049
2  39.5  2507
3  41.399999999999999  2718
4  38.100000000000001  2394
5  44.600000000000001  3065
6  47.600000000000001  2859
7  41.299999999999997  2496
8  60.299999999999997  2927
9  41.0  2998
10  43.0  3155
11  51.100000000000001  2949
12  43.899999999999999  2914
13  50.700000000000003  3003
14  38.700000000000003  2861
15  43.299999999999997  2896
16  45.700000000000003  2862
17  47.200000000000003  2810
18  41.100000000000001  3152
19  53.399999999999999  2695
20  53.399999999999999  2601
0  37.799999999999997  2939
1  48.200000000000003  2440
2  46.399999999999999  2753
3  43.100000000000001  3121
4  51.5  2983
5  41.700000000000003  3008
6  44.600000000000001  2883
7  47.600000000000001  2523
8  41.5  2861
9  50.700000000000003  2571
10  43.0  2920
11  46.0  2910
12  48.5  3226
13  56.200000000000003  3110
14  41.100000000000001  3086
15  58.5  2719
16  48.5  3111
17  35.700000000000003  2475
18  53.799999999999997  2808
19  47.600000000000001  3084
20  52.399999999999999  2709
0  50.700000000000003  2875
1  43.799999999999997  2655
2  53.200000000000003  2875
3  33.200000000000003  2284
4  44.200000000000003  2945
5  47.200000000000003  2831
6  56.200000000000003  2670
7  47.700000000000003  2495
8  40.100000000000001  2736
9  34.5  2450
10  48.5  2249
11  46.299999999999997  3125
12  45.5  2737
13  41.399999999999999  3350
14  42.799999999999997  2584
15  50.100000000000001  2825
16  44.299999999999997  2827
17  52.399999999999999  3053
18  57.899999999999999  2884
19  52.399999999999999  2640
20  45.799999999999997  2735
0  41.899999999999999  2756
1  35.5  2796
2  38.0  2687
3  50.399999999999999  3192
4  50.200000000000003  3025
5  50.799999999999997  2993
6  46.600000000000001  3195
7  40.0  2464
8  52.899999999999999  2800
9  45.299999999999997  2839
10  44.700000000000003  2977
11  47.5  2843
12  50.0  2681
13  45.799999999999997  2926
14  53.700000000000003  2839
15  49.5  2754
16  50.600000000000001  3203
17  49.399999999999999  3046
18  55.0  2571
19  46.200000000000003  2866
20  46.299999999999997  2824
0  30.300000000000001  3092
1  47.399999999999999  3072
2  47.700000000000003  2717
3  38.600000000000001  3136
4  43.299999999999997  2722
5  47.0  2675
6  78.0  1693
7  37.899999999999999  2571
8  47.5  3095
9  43.200000000000003  3091
10  54.700000000000003  2615
11  45.799999999999997  2933
12  42.899999999999999  2626
13  57.0  2697
14  44.399999999999999  2780
15  56.299999999999997  2705
16  48.700000000000003  2535
17  46.100000000000001  2716
18  45.899999999999999  3005
19  51.399999999999999  2622
20  45.600000000000001  2682
0  41.399999999999999  2770
1  39.899999999999999  3110
2  39.299999999999997  2622
3  40.700000000000003  3084
4  48.5  2639
5  45.700000000000003  3004
6  57.399999999999999  2776
7  49.700000000000003  2314
8  38.399999999999999  2765
9  39.0  2893
10  40.899999999999999  2524
11  46.600000000000001  2759
12  45.700000000000003  2897
13  45.299999999999997  2868
14  54.399999999999999  2774
15  47.399999999999999  2900
16  57.799999999999997  2721
17  51.799999999999997  2840
18  49.299999999999997  2763
19  48.399999999999999  2784
20  49.299999999999997  2547
0  33.5  2942
1  40.100000000000001  2956
2  36.399999999999999  3245
3  52.799999999999997  3077
4  43.200000000000003  3171
5  43.799999999999997  2771
6  47.100000000000001  2962
7  51.0  2760
8  47.200000000000003  3129
9  44.700000000000003  2921
10  59.200000000000003  2607
11  33.399999999999999  2479
12  53.5  2852
13  54.299999999999997  2786
14  46.299999999999997  2702
15  44.899999999999999  2801
16  41.600000000000001  2826
17  52.600000000000001  2710
18  52.0  2699
19  51.299999999999997  2430
20  47.899999999999999  2583
0  53.600000000000001  2775
1  50.0  2929
2  47.799999999999997  3025
3  47.200000000000003  2892
4  40.899999999999999  3062
5  44.0  3023
6  38.299999999999997  2652
7  47.399999999999999  2651
8  46.5  2673
9  46.600000000000001  2693
10  45.600000000000001  2963
11  49.200000000000003  2753
12  48.799999999999997  3167
13  44.200000000000003  3051
14  48.899999999999999  2730
15  50.700000000000003  2806
16  43.200000000000003  2942
17  44.899999999999999  3125
18  43.399999999999999  2503
19  49.399999999999999  2777
20  40.700000000000003  2497
0  43.600000000000001  2869
1  46.600000000000001  2803
2  34.399999999999999  2718
3  50.799999999999997  2739
4  45.799999999999997  2663
5  50.700000000000003  2824
6  39.899999999999999  2612
7  38.600000000000001  3038
8  37.899999999999999  2510
9  45.200000000000003  2955
10  47.299999999999997  2533
11  53.899999999999999  2765
12  47.799999999999997  2949
13  50.100000000000001  2839
14  47.799999999999997  2624
15  47.399999999999999  2906
16  51.399999999999999  2833
17  51.299999999999997  3119
18  46.899999999999999  2665
19  56.600000000000001  2692
20  53.100000000000001  2508
0  41.399999999999999  3260
1  46.700000000000003  2782
2  48.0  2822
3  41.600000000000001  2710
4  39.600000000000001  3057
5  41.200000000000003  2581
6  43.799999999999997  2995
7  38.700000000000003  2676
8  35.600000000000001  3023
9  42.0  2602
10  43.899999999999999  2610
11  41.899999999999999  2541
12  37.200000000000003  2823
13  49.5  2363
14  56.100000000000001  2613
15  51.0  2219
16  41.5  2820
17  40.399999999999999  2627
18  35.700000000000003  3021
19  65.900000000000006  2707
20  58.899999999999999  2717
0  42.299999999999997  3088
1  37.399999999999999  2942
2  36.600000000000001  3202
3  41.200000000000003  2513
4  44.700000000000003  3156
5  43.200000000000003  2832
6  47.5  2711
7  35.100000000000001  3077
8  47.600000000000001  2940
9  49.0  2765
10  33.299999999999997  2645
11  45.700000000000003  2762
12  48.600000000000001  2720
13  43.600000000000001  2876
14  49.899999999999999  2605
15  52.799999999999997  2419
16  56.600000000000001  2937
17  51.200000000000003  2853
18  49.799999999999997  2854
19  53.600000000000001  2652
20  50.399999999999999  2682
0  39.5  2909
1  42.899999999999999  2915
2  36.899999999999999  3171
3  40.299999999999997  3122
4  40.899999999999999  3106
5  52.299999999999997  2891
6  38.899999999999999  2824
7  52.100000000000001  2551
8  46.399999999999999  2734
9  46.899999999999999  2524
10  41.600000000000001  2668
11  59.799999999999997  2454
12  48.700000000000003  2960
13  38.700000000000003  3170
14  41.700000000000003  3022
15  48.299999999999997  3042
16  47.899999999999999  2914
17  45.899999999999999  2683
18  41.399999999999999  2961
19  50.399999999999999  2658
20  50.799999999999997  2950
0  49.200000000000003  2897
1  38.299999999999997  2661
2  47.600000000000001  3076
3  49.100000000000001  2920
4  43.899999999999999  3109
5  52.899999999999999  2689
6  35.5  2695
7  46.299999999999997  2922
8  47.100000000000001  3087
9  43.5  2996
10  39.299999999999997  2662
11  40.700000000000003  2419
12  39.299999999999997  2944
13  39.5  2829
14  56.399999999999999  2988
15  51.899999999999999  2846
16  51.899999999999999  2736
17  49.299999999999997  2816
18  46.899999999999999  2866
19  51.100000000000001  2848
20  54.600000000000001  2867
0  41.100000000000001  2851
1  45.0  2874
2  40.299999999999997  3071
3  38.100000000000001  2584
4  44.399999999999999  2713
5  44.5  2729
6  44.299999999999997  2589
7  44.0  2617
8  41.700000000000003  2813
9  52.299999999999997  2853
10  56.799999999999997  2460
11  49.799999999999997  2471
12  40.100000000000001  3168
13  56.5  2721
14  39.5  2857
15  56.200000000000003  2684
16  54.899999999999999  2855
17  58.799999999999997  2663
18  41.5  2834
19  46.799999999999997  2974
20  50.700000000000003  2673
0  26.300000000000001  2600
1  42.799999999999997  3028
2  45.799999999999997  2776
3  33.399999999999999  2848
4  38.700000000000003  3029
5  44.299999999999997  2887
6  53.100000000000001  2812
7  38.299999999999997  2557
8  38.100000000000001  3330
9  45.399999999999999  2686
10  47.5  3034
11  44.0  2459
12  39.700000000000003  2505
13  47.100000000000001  2933
14  38.600000000000001  2431
15  46.100000000000001  2720
16  50.200000000000003  2507
17  49.399999999999999  2743
18  53.600000000000001  2879
19  47.700000000000003  3197
20  44.299999999999997  2728
0  40.399999999999999  2607
1  48.299999999999997  3355
2  36.5  2842
3  42.899999999999999  3026
4  50.700000000000003  2737
5  49.399999999999999  2659
6  48.200000000000003  2933
7  43.600000000000001  2968
8  39.100000000000001  2754
9  40.100000000000001  2348
10  52.299999999999997  2714
11  39.700000000000003  2454
12  43.799999999999997  2505
13  51.5  2610
14  46.299999999999997  2979
15  51.399999999999999  2745
16  55.399999999999999  2792
17  42.399999999999999  3131
18  44.100000000000001  2947
19  54.600000000000001  2624
20  48.600000000000001  3229
0  33.700000000000003  2993
1  30.399999999999999  3125
2  54.899999999999999  2788
3  46.200000000000003  2744
4  53.100000000000001  3055
5  50.799999999999997  3029
6  39.700000000000003  2623
7  44.799999999999997  2845
8  43.600000000000001  2698
9  48.5  2715
10  53.100000000000001  2859
11  51.600000000000001  2951
12  39.899999999999999  3371
13  49.200000000000003  2654
14  52.600000000000001  2699
15  43.899999999999999  2865
16  48.600000000000001  3209
17  53.899999999999999  2722
18  50.399999999999999  3170
19  52.700000000000003  2909
20  48.399999999999999  2978
0  33.700000000000003  2813
1  41.600000000000001  2766
2  36.200000000000003  2863
3  36.299999999999997  3094
4  49.5  3314
5  47.399999999999999  2720
6  42.299999999999997  2779
7  48.899999999999999  2784
8  41.799999999999997  3163
9  57.0  2960
10  55.100000000000001  2885
11  51.0  3032
12  42.100000000000001  2596
13  46.100000000000001  2647
14  41.399999999999999  2695
15  40.299999999999997  2515
16  47.700000000000003  2747
17  51.200000000000003  2803
18  54.700000000000003  2477
19  51.899999999999999  2824
20  39.399999999999999  2665
0  36.299999999999997  2678
1  49.899999999999999  3080
2  43.200000000000003  3486
3  42.399999999999999  2799
4  44.200000000000003  3005
5  53.799999999999997  2666
6  32.5  2580
7  41.299999999999997  3208
8  48.299999999999997  2776
9  43.100000000000001  3168
10  53.399999999999999  2758
11  48.399999999999999  2870
12  44.600000000000001  2779
13  49.600000000000001  3027
14  46.100000000000001  2479
15  51.700000000000003  2427
16  43.600000000000001  2787
17  52.200000000000003  2874
18  42.200000000000003  2245
19  42.200000000000003  2946
20  51.200000000000003  2740
0  47.0  2811
1  39.899999999999999  2785
2  49.700000000000003  2916
3  43.0  3164
4  41.5  2819
5  43.5  3197
6  40.600000000000001  2618
7  38.299999999999997  3051
8  43.200000000000003  2836
9  47.200000000000003  2695
10  44.899999999999999  3145
11  51.0  3336
12  42.299999999999997  2521
13  47.100000000000001  2717
14  44.200000000000003  2681
15  52.5  2739
16  53.600000000000001  2674
17  40.5  2681
18  44.200000000000003  2930
19  52.299999999999997  2387
20  38.5  2740
0  37.299999999999997  2806
1  46.5  2450
2  48.200000000000003  2800
3  37.700000000000003  2794
4  39.0  3034
5  46.399999999999999  2904
6  47.0  2860
7  53.799999999999997  2798
8  37.0  3041
9  49.0  2625
10  48.600000000000001  2639
11  50.799999999999997  2823
12  50.600000000000001  2710
13  51.299999999999997  2804
14  36.5  2992
15  46.799999999999997  2633
16  45.299999999999997  2337
17  48.0  2600
18  51.799999999999997  2412
19  48.100000000000001  3034
20  47.200000000000003  3104
0  50.700000000000003  2973
1  47.899999999999999  3180
2  39.299999999999997  3069
3  31.0  2577
4  41.799999999999997  2701
5  45.899999999999999  2764
6  48.0  2831
7  49.700000000000003  2852
8  42.399999999999999  2569
9  46.799999999999997  3084
10  42.100000000000001  2898
11  48.0  2880
12  40.100000000000001  2783
13  51.299999999999997  2978
14  43.299999999999997  3175
15  60.899999999999999  2521
16  50.100000000000001  2510
17  39.899999999999999  2607
18  48.5  2615
19  51.399999999999999  2500
20  47.200000000000003  3160
0  43.299999999999997  2717
1  39.100000000000001  3023
2  44.5  2761
3  32.200000000000003  2624
4  45.5  3087
5  44.299999999999997  2830
6  49.5  2953
7  41.600000000000001  2925
8  47.700000000000003  3189
9  51.299999999999997  2917
10  49.600000000000001  2956
11  47.299999999999997  2877
12  51.200000000000003  2883
13  52.799999999999997  2612
14  49.899999999999999  2927
15  43.299999999999997  2631
16  54.700000000000003  2917
17  51.0  2571
18  44.100000000000001  2798
19  60.200000000000003  2523
20  55.399999999999999  2705
0  41.100000000000001  2971
1  46.799999999999997  3033
2  33.799999999999997  3049
3  49.0  2400
4  48.399999999999999  2786
5  45.399999999999999  2730
6  43.399999999999999  2603
7  44.399999999999999  2687
8  50.100000000000001  3091
9  42.600000000000001  2986
10  48.600000000000001  2703
11  38.5  2727
12  39.399999999999999  3066
13  56.299999999999997  2863
14  43.700000000000003  2659
15  36.700000000000003  2255
16  42.899999999999999  2577
17  46.0  2772
18  47.100000000000001  2384
19  49.700000000000003  2718
20  41.700000000000003  2414
0  45.700000000000003  3094
1  43.600000000000001  2501
2  52.299999999999997  2789
3  51.399999999999999  2923
4  45.200000000000003  2990
5  52.5  2681
6  49.200000000000003  2785
7  45.799999999999997  2967
8  56.399999999999999  2802
9  48.100000000000001  2805
10  55.700000000000003  3142
11  48.399999999999999  2527
12  37.200000000000003  2221
13  54.100000000000001  2832
14  40.799999999999997  2770
15  34.200000000000003  2761
16  50.799999999999997  2945
17  44.700000000000003  2816
18  44.799999999999997  3080
19  49.899999999999999  2816
20  45.600000000000001  2491
0  47.299999999999997  3127
1  43.5  3423
2  46.700000000000003  2440
3  35.5  3191
4  47.899999999999999  2989
5  49.899999999999999  3074
6  46.200000000000003  2812
7  49.799999999999997  2540
8  52.200000000000003  2826
9  48.299999999999997  3140
10  42.399999999999999  2992
11  46.799999999999997  2495
12  45.399999999999999  2637
13  38.700000000000003  2776
14  44.0  2693
15  55.200000000000003  2855
16  43.299999999999997  2902
17  46.200000000000003  2674
18  55.299999999999997  2768
19  57.5  2632
20  51.700000000000003  2941
0  28.800000000000001  2971
1  38.299999999999997  3221
2  41.299999999999997  2994
3  40.5  2963
4  41.200000000000003  2980
5  40.5  2988
6  49.5  2635
7  45.399999999999999  2815
8  35.200000000000003  3136
9  44.700000000000003  2665
10  51.200000000000003  2754
11  49.399999999999999  2637
12  53.700000000000003  2928
13  47.0  3296
14  52.299999999999997  2555
15  50.299999999999997  2379
16  48.200000000000003  3268
17  48.299999999999997  3182
18  58.200000000000003  2923
19  51.5  2411
20  47.899999999999999  2859
