40  6.0  213
60  56.0  445
80  50.0  539
100  48.0  524
120  58.0  591
140  38.0  407
160  78.0  578
180  77.0  594
200  91.0  533
40  14.0  287
60  40.0  467
80  18.0  341
100  47.0  499
120  70.0  506
140  79.0  543
160  92.0  527
180  68.0  512
200  88.0  546
40  13.0  113
60  54.0  460
80  24.0  444
100  74.0  514
120  89.0  550
140  91.0  528
160  71.0  581
180  50.0  389
200  71.0  526
40  37.0  384
60  22.0  501
80  48.0  529
100  62.0  497
120  74.0  490
140  63.0  505
160  86.0  531
180  89.0  525
200  80.0  548
40  16.0  319
60  41.0  370
80  34.0  469
100  57.0  518
120  69.0  526
140  82.0  545
160  53.0  476
180  42.0  362
200  74.0  534
40  32.0  368
60  11.0  267
80  48.0  541
100  60.0  527
120  52.0  537
140  68.0  469
160  63.0  515
180  68.0  502
200  96.0  534
40  15.0  379
60  0.0  169
80  65.0  453
100  68.0  554
120  65.0  564
140  50.0  394
160  71.0  565
180  87.0  566
200  65.0  455
40  0.0  214
60  18.0  263
80  19.0  340
100  73.0  551
120  28.0  293
140  49.0  526
160  68.0  543
180  36.0  446
200  78.0  548
40  15.0  284
60  15.0  314
80  23.0  457
100  58.0  532
120  49.0  559
140  66.0  448
160  63.0  408
180  25.0  404
200  92.0  564
40  6.0  314
60  33.0  367
80  17.0  403
100  64.0  523
120  74.0  525
140  51.0  446
160  37.0  531
180  97.0  512
200  62.0  474
40  3.0  218
60  32.0  457
80  34.0  519
100  35.0  389
120  82.0  509
140  81.0  538
160  60.0  547
180  58.0  528
200  95.0  560
40  0.0  92
60  30.0  377
80  27.0  417
100  55.0  499
120  45.0  480
140  66.0  533
160  47.0  517
180  94.0  546
200  67.0  525
40  24.0  269
60  31.0  477
80  6.0  356
100  22.0  466
120  35.0  469
140  87.0  542
160  72.0  467
180  91.0  538
200  70.0  535
40  7.0  295
60  9.0  285
80  24.0  462
100  73.0  495
120  54.0  526
140  50.0  586
160  66.0  497
180  44.0  369
200  76.0  527
40  12.0  314
60  32.0  371
80  31.0  486
100  68.0  537
120  35.0  450
140  81.0  543
160  66.0  580
180  65.0  521
200  92.0  535
40  26.0  308
60  33.0  357
80  17.0  385
100  29.0  438
120  65.0  551
140  29.0  299
160  93.0  536
180  51.0  424
200  97.0  538
40  12.0  209
60  27.0  347
80  38.0  415
100  70.0  558
120  37.0  325
140  84.0  534
160  81.0  551
180  85.0  568
200  97.0  518
40  10.0  340
60  24.0  437
80  48.0  477
100  85.0  538
120  79.0  519
140  64.0  528
160  94.0  564
180  83.0  555
200  94.0  503
40  10.0  389
60  21.0  320
80  63.0  501
100  60.0  481
120  40.0  399
140  82.0  536
160  95.0  540
180  78.0  536
200  78.0  525
40  22.0  375
60  13.0  303
80  50.0  499
100  63.0  531
120  69.0  564
140  78.0  508
160  56.0  497
180  73.0  500
200  87.0  552
40  17.0  318
60  8.0  259
80  23.0  366
100  49.0  370
120  55.0  573
140  64.0  451
160  73.0  524
180  87.0  539
200  92.0  554
40  10.0  208
60  31.0  491
80  35.0  444
100  35.0  380
120  57.0  516
140  71.0  545
160  80.0  516
180  73.0  508
200  76.0  537
40  10.0  332
60  29.0  437
80  0.0  72
100  66.0  500
120  57.0  482
140  17.0  294
160  80.0  559
180  63.0  549
200  86.0  510
40  20.0  367
60  36.0  459
80  30.0  518
100  52.0  406
120  69.0  549
140  82.0  504
160  31.0  336
180  86.0  548
200  78.0  556
40  40.0  472
60  21.0  318
80  43.0  542
100  16.0  294
120  65.0  500
140  73.0  519
160  68.0  525
180  47.0  455
200  77.0  524
40  16.0  359
60  11.0  277
80  24.0  400
100  74.0  554
120  54.0  549
140  51.0  509
160  36.0  405
180  85.0  572
200  93.0  518
40  25.0  290
60  21.0  313
80  62.0  460
100  46.0  441
120  59.0  545
140  44.0  566
160  49.0  387
180  77.0  558
200  48.0  556
40  26.0  268
60  46.0  485
80  34.0  324
100  48.0  511
120  70.0  547
140  66.0  471
160  62.0  599
180  95.0  551
200  97.0  541
40  11.0  233
60  19.0  411
80  51.0  505
100  61.0  542
120  36.0  393
140  30.0  402
160  29.0  488
180  64.0  533
200  57.0  445
40  11.0  190
60  12.0  377
80  35.0  439
100  30.0  473
120  46.0  376
140  61.0  534
160  73.0  515
180  97.0  523
200  84.0  556
40  6.0  250
60  37.0  470
80  25.0  421
100  37.0  468
120  36.0  464
140  26.0  229
160  70.0  521
180  53.0  579
200  96.0  534
40  10.0  218
60  25.0  399
80  45.0  555
100  34.0  451
120  50.0  495
140  55.0  459
160  89.0  431
180  97.0  543
200  67.0  481
40  9.0  119
60  32.0  357
80  61.0  490
100  45.0  358
120  40.0  451
140  58.0  516
160  73.0  479
180  65.0  539
200  85.0  558
40  20.0  298
60  52.0  432
80  26.0  346
100  38.0  539
120  50.0  497
140  78.0  541
160  83.0  527
180  89.0  527
200  84.0  547
40  12.0  311
60  38.0  462
80  27.0  511
100  31.0  561
120  42.0  435
140  81.0  530
160  80.0  560
180  94.0  573
200  34.0  454
40  21.0  374
60  37.0  383
80  30.0  359
100  36.0  448
120  67.0  530
140  76.0  509
160  42.0  513
180  57.0  494
200  81.0  515
40  10.0  292
60  34.0  382
80  59.0  507
100  27.0  388
120  88.0  544
140  66.0  558
160  80.0  590
180  57.0  460
200  66.0  497
40  23.0  331
60  4.0  364
80  12.0  332
100  83.0  510
120  45.0  444
140  80.0  544
160  83.0  550
180  81.0  544
200  84.0  549
40  19.0  286
60  29.0  384
80  45.0  463
100  26.0  390
120  71.0  531
140  68.0  481
160  94.0  555
180  51.0  507
200  46.0  451
40  10.0  203
60  25.0  441
80  81.0  491
100  33.0  426
120  43.0  554
140  75.0  495
160  94.0  526
180  87.0  536
200  84.0  539
40  13.0  379
60  17.0  351
80  11.0  370
100  56.0  500
120  64.0  526
140  45.0  417
160  66.0  467
180  71.0  540
200  83.0  584
40  37.0  339
60  19.0  379
80  31.0  527
100  22.0  341
120  52.0  557
140  49.0  499
160  91.0  548
180  88.0  559
200  96.0  550
40  10.0  353
60  22.0  367
80  20.0  416
100  22.0  473
120  72.0  547
140  48.0  494
160  64.0  520
180  96.0  538
200  89.0  501
40  35.0  357
60  19.0  381
80  21.0  445
100  32.0  415
120  54.0  538
140  63.0  540
160  64.0  486
180  71.0  484
200  68.0  510
40  25.0  356
60  34.0  344
80  53.0  507
100  26.0  273
120  30.0  348
140  77.0  534
160  83.0  514
180  66.0  479
200  53.0  521
40  39.0  343
60  20.0  314
80  55.0  540
100  26.0  279
120  66.0  484
140  38.0  463
160  63.0  544
180  85.0  539
200  97.0  532
40  0.0  147
60  43.0  491
80  46.0  510
100  34.0  497
120  62.0  515
140  95.0  543
160  82.0  555
180  81.0  478
200  86.0  519
40  0.0  170
60  22.0  258
80  46.0  485
100  45.0  509
120  55.0  524
140  37.0  534
160  82.0  508
180  78.0  532
200  66.0  476
40  0.0  270
60  31.0  374
80  21.0  371
100  68.0  539
120  51.0  513
140  75.0  586
160  65.0  515
180  45.0  445
200  70.0  467
40  43.0  340
60  36.0  400
80  19.0  499
100  71.0  536
120  78.0  524
140  72.0  570
160  74.0  514
180  80.0  540
200  68.0  530
40  3.0  254
60  32.0  337
80  43.0  469
100  52.0  482
120  60.0  528
140  41.0  503
160  95.0  526
180  83.0  534
200  46.0  520
40  19.0  149
60  42.0  471
80  48.0  477
100  66.0  550
120  61.0  479
140  72.0  521
160  49.0  560
180  97.0  540
200  74.0  565
40  25.0  302
60  10.0  236
80  48.0  454
100  28.0  378
120  59.0  528
140  97.0  509
160  70.0  546
180  83.0  546
200  97.0  527
40  19.0  197
60  13.0  237
80  14.0  442
100  65.0  520
120  55.0  546
140  69.0  502
160  52.0  504
180  82.0  537
200  75.0  560
40  22.0  313
60  18.0  452
80  22.0  450
100  40.0  484
120  48.0  447
140  60.0  500
160  76.0  556
180  92.0  588
200  86.0  547
40  11.0  314
60  12.0  364
80  27.0  269
100  24.0  421
120  77.0  558
140  57.0  396
160  45.0  449
180  77.0  534
200  89.0  539
40  34.0  404
60  22.0  383
80  48.0  452
100  19.0  253
120  43.0  406
140  88.0  532
160  82.0  518
180  85.0  515
200  44.0  417
40  18.0  256
60  4.0  153
80  56.0  470
100  50.0  521
120  70.0  484
140  60.0  579
160  63.0  539
180  48.0  511
200  59.0  507
40  2.0  183
60  21.0  348
80  23.0  436
100  82.0  515
120  50.0  469
140  70.0  541
160  82.0  549
180  51.0  406
200  68.0  517
40  16.0  211
60  37.0  450
80  42.0  524
100  55.0  565
120  44.0  505
140  59.0  542
160  64.0  533
180  75.0  550
200  71.0  569
40  4.0  196
60  29.0  370
80  44.0  417
100  72.0  522
120  61.0  460
140  64.0  517
160  53.0  475
180  88.0  533
200  96.0  535
40  14.0  151
60  1.0  166
80  49.0  464
100  21.0  382
120  68.0  533
140  64.0  452
160  86.0  512
180  95.0  542
200  88.0  544
40  63.0  431
60  10.0  364
80  56.0  518
100  30.0  464
120  42.0  514
140  70.0  476
160  57.0  576
180  74.0  541
200  91.0  524
40  0.0  180
60  19.0  339
80  34.0  489
100  58.0  556
120  63.0  535
140  42.0  475
160  92.0  578
180  50.0  450
200  70.0  519
40  0.0  407
60  23.0  354
80  37.0  419
100  27.0  365
120  77.0  535
140  78.0  524
160  92.0  541
180  51.0  458
200  86.0  571
40  9.0  250
60  21.0  296
80  56.0  500
100  56.0  545
120  47.0  545
140  84.0  539
160  44.0  494
180  89.0  520
200  86.0  569
40  4.0  330
60  28.0  450
80  38.0  561
100  51.0  479
120  57.0  440
140  92.0  530
160  65.0  476
180  64.0  540
200  84.0  564
40  10.0  202
60  32.0  419
80  35.0  474
100  61.0  483
120  67.0  503
140  66.0  557
160  65.0  448
180  86.0  526
200  95.0  536
40  1.0  245
60  28.0  425
80  55.0  490
100  56.0  526
120  43.0  429
140  38.0  379
160  66.0  481
180  58.0  528
200  74.0  493
40  17.0  310
60  55.0  474
80  48.0  463
100  11.0  373
120  80.0  543
140  76.0  571
160  66.0  531
180  89.0  498
200  63.0  559
40  14.0  287
60  10.0  137
80  41.0  485
100  73.0  514
120  20.0  362
140  35.0  526
160  52.0  391
180  42.0  404
200  67.0  488
40  0.0  157
60  35.0  382
80  28.0  470
100  43.0  500
120  57.0  411
140  55.0  540
160  44.0  427
180  68.0  537
200  97.0  528
40  21.0  220
60  5.0  339
80  60.0  501
100  12.0  441
120  56.0  398
140  78.0  545
160  94.0  544
180  67.0  473
200  94.0  541
40  27.0  306
60  29.0  372
80  49.0  461
100  27.0  386
120  64.0  468
140  74.0  500
160  71.0  569
180  92.0  534
200  81.0  498
40  10.0  228
60  29.0  317
80  13.0  363
100  26.0  393
120  90.0  509
140  8.0  301
160  40.0  436
180  71.0  544
200  87.0  541
40  6.0  168
60  19.0  333
80  27.0  426
100  47.0  510
120  36.0  422
140  36.0  450
160  95.0  530
180  91.0  533
200  77.0  543
40  12.0  290
60  21.0  422
80  54.0  485
100  12.0  230
120  63.0  432
140  59.0  519
160  43.0  380
180  85.0  540
200  81.0  498
40  20.0  224
60  49.0  466
80  20.0  413
100  6.0  240
120  87.0  524
140  81.0  525
160  63.0  500
180  65.0  553
200  88.0  583
40  28.0  395
60  10.0  322
80  11.0  359
100  39.0  434
120  45.0  517
140  75.0  546
160  97.0  528
180  97.0  557
200  95.0  561
40  14.0  339
60  10.0  245
80  9.0  390
100  58.0  518
120  82.0  520
140  52.0  531
160  50.0  406
180  68.0  519
200  71.0  483
40  20.0  285
60  39.0  434
80  66.0  518
100  25.0  433
120  34.0  459
140  74.0  504
160  38.0  393
180  87.0  531
200  87.0  543
40  16.0  192
60  10.0  268
80  19.0  316
100  62.0  462
120  75.0  507
140  40.0  469
160  77.0  570
180  68.0  516
200  70.0  513
40  7.0  289
60  13.0  348
80  37.0  391
100  24.0  456
120  69.0  497
140  66.0  535
160  78.0  485
180  65.0  515
200  89.0  534
40  7.0  224
60  22.0  266
80  66.0  548
100  32.0  458
120  50.0  485
140  83.0  496
160  73.0  546
180  55.0  481
200  16.0  308
40  19.0  251
60  34.0  321
80  30.0  471
100  5.0  366
120  34.0  405
140  68.0  550
160  74.0  548
180  61.0  529
200  95.0  542
40  36.0  380
60  17.0  422
80  53.0  476
100  41.0  443
120  57.0  500
140  33.0  433
160  53.0  537
180  86.0  549
200  92.0  515
40  6.0  247
60  42.0  285
80  3.0  525
100  54.0  564
120  83.0  516
140  72.0  488
160  68.0  524
180  85.0  532
200  34.0  474
40  8.0  205
60  11.0  257
80  34.0  458
100  80.0  556
120  75.0  511
140  62.0  565
160  97.0  598
180  56.0  538
200  97.0  514
40  14.0  250
60  14.0  299
80  34.0  500
100  49.0  455
120  78.0  527
140  50.0  513
160  44.0  544
180  80.0  548
200  89.0  540
40  13.0  212
60  9.0  306
80  25.0  487
100  58.0  504
120  57.0  522
140  61.0  517
160  22.0  347
180  89.0  543
200  28.0  369
40  3.0  244
60  64.0  424
80  60.0  509
100  65.0  453
120  70.0  524
140  72.0  537
160  82.0  531
180  78.0  497
200  75.0  473
40  26.0  307
60  16.0  442
80  43.0  524
100  57.0  566
120  68.0  540
140  57.0  535
160  55.0  524
180  82.0  523
200  90.0  543
40  1.0  320
60  32.0  287
80  34.0  444
100  59.0  524
120  23.0  343
140  70.0  434
160  51.0  502
180  59.0  501
200  59.0  518
40  26.0  321
60  17.0  367
80  39.0  322
100  54.0  476
120  54.0  503
140  45.0  391
160  57.0  556
180  62.0  430
200  83.0  538
40  16.0  323
60  44.0  495
80  25.0  380
100  26.0  390
120  28.0  355
140  75.0  519
160  85.0  525
180  86.0  541
200  71.0  556
40  18.0  308
60  22.0  335
80  21.0  432
100  40.0  379
120  58.0  520
140  80.0  554
160  30.0  383
180  86.0  549
200  60.0  513
40  8.0  243
60  40.0  436
80  68.0  520
100  19.0  305
120  44.0  512
140  61.0  517
160  72.0  536
180  97.0  519
200  69.0  502
40  0.0  177
60  11.0  275
80  19.0  489
100  63.0  506
120  65.0  540
140  51.0  516
160  74.0  529
180  69.0  517
200  73.0  550
40  0.0  186
60  20.0  280
80  15.0  413
100  48.0  493
120  61.0  507
140  90.0  547
160  91.0  527
180  56.0  529
200  59.0  528
40  0.0  196
60  17.0  236
80  3.0  289
100  50.0  500
120  97.0  580
140  81.0  529
160  52.0  431
180  33.0  501
200  94.0  510
