1  36.0  435.0
2  81.0  165.0
3  82.0  206.0
4  35.0  218.0
5  28.0  382.0
6  45.0  280.0
7  92.0  57.0
1  87.0  116.0
2  58.0  282.0
3  60.0  245.0
4  58.0  452.0
5  43.0  420.0
6  23.0  306.0
7  83.0  226.0
1  96.0  21.0
2  29.0  279.0
3  78.0  178.0
4  49.0  463.0
5  95.0  98.0
6  46.0  384.0
7  77.0  261.0
1  98.0  39.0
2  60.0  245.0
3  47.0  346.0
4  44.0  219.0
5  31.0  327.0
6  68.0  279.0
7  67.0  251.0
1  21.0  258.0
2  78.0  262.0
3  71.0  111.0
4  61.0  423.0
5  84.0  134.0
6  85.0  179.0
7  49.0  524.0
1  98.0  14.0
2  71.0  272.0
3  97.0  22.0
4  58.0  342.0
5  68.0  354.0
6  53.0  301.0
7  50.0  490.0
1  72.0  85.0
2  62.0  344.0
3  52.0  367.0
4  37.0  451.0
5  37.0  475.0
6  47.0  390.0
7  98.0  35.0
1  91.0  157.0
2  69.0  330.0
3  34.0  224.0
4  34.0  261.0
5  73.0  312.0
6  60.0  451.0
7  28.0  414.0
1  58.0  402.0
2  39.0  317.0
3  62.0  233.0
4  48.0  391.0
5  41.0  477.0
6  36.0  542.0
7  41.0  309.0
1  87.0  199.0
2  51.0  302.0
3  61.0  433.0
4  41.0  350.0
5  43.0  391.0
6  43.0  505.0
7  56.0  415.0
1  88.0  208.0
2  58.0  419.0
3  70.0  336.0
4  65.0  332.0
5  33.0  327.0
6  58.0  339.0
7  23.0  447.0
1  95.0  88.0
2  82.0  221.0
3  90.0  112.0
4  40.0  303.0
5  43.0  334.0
6  46.0  459.0
7  58.0  453.0
1  86.0  128.0
2  76.0  107.0
3  71.0  377.0
4  59.0  264.0
5  84.0  138.0
6  63.0  391.0
7  62.0  415.0
1  68.0  78.0
2  67.0  354.0
3  63.0  229.0
4  54.0  402.0
5  94.0  44.0
6  51.0  384.0
7  31.0  466.0
1  98.0  33.0
2  79.0  226.0
3  38.0  341.0
4  95.0  45.0
5  32.0  260.0
6  47.0  549.0
7  61.0  340.0
1  67.0  252.0
2  90.0  114.0
3  90.0  74.0
4  36.0  411.0
5  51.0  332.0
6  41.0  300.0
7  46.0  430.0
1  29.0  450.0
2  69.0  237.0
3  36.0  273.0
4  75.0  342.0
5  34.0  301.0
6  65.0  306.0
7  38.0  230.0
1  65.0  106.0
2  42.0  301.0
3  78.0  296.0
4  57.0  423.0
5  79.0  166.0
6  65.0  386.0
7  59.0  395.0
1  91.0  77.0
2  85.0  178.0
3  63.0  196.0
4  56.0  411.0
5  37.0  287.0
6  77.0  161.0
7  45.0  459.0
1  97.0  54.0
2  47.0  238.0
3  59.0  180.0
4  29.0  278.0
5  61.0  296.0
6  44.0  359.0
7  79.0  182.0
1  46.0  486.0
2  56.0  267.0
3  35.0  321.0
4  96.0  73.0
5  84.0  156.0
6  56.0  300.0
7  74.0  224.0
1  96.0  21.0
2  96.0  156.0
3  64.0  378.0
4  32.0  446.0
5  82.0  217.0
6  82.0  324.0
7  68.0  212.0
1  92.0  68.0
2  65.0  211.0
3  53.0  387.0
4  77.0  87.0
5  58.0  330.0
6  47.0  498.0
7  55.0  417.0
1  98.0  20.0
2  74.0  338.0
3  67.0  332.0
4  62.0  360.0
5  59.0  392.0
6  68.0  227.0
7  35.0  404.0
1  33.0  201.0
2  75.0  256.0
3  46.0  416.0
4  66.0  276.0
5  36.0  538.0
6  52.0  429.0
7  75.0  247.0
1  98.0  20.0
2  41.0  227.0
3  35.0  454.0
4  71.0  234.0
5  51.0  161.0
6  42.0  420.0
7  48.0  376.0
1  25.0  172.0
2  76.0  228.0
3  75.0  426.0
4  49.0  207.0
5  46.0  335.0
6  71.0  397.0
7  39.0  592.0
1  79.0  135.0
2  62.0  245.0
3  52.0  473.0
4  48.0  492.0
5  77.0  328.0
6  61.0  184.0
7  56.0  492.0
1  71.0  360.0
2  34.0  386.0
3  58.0  344.0
4  66.0  288.0
5  83.0  147.0
6  56.0  389.0
7  78.0  410.0
1  68.0  337.0
2  96.0  21.0
3  80.0  249.0
4  61.0  524.0
5  55.0  240.0
6  53.0  299.0
7  44.0  443.0
1  89.0  116.0
2  96.0  37.0
3  76.0  271.0
4  65.0  264.0
5  76.0  264.0
6  77.0  132.0
7  80.0  264.0
1  92.0  91.0
2  81.0  125.0
3  46.0  220.0
4  51.0  286.0
5  63.0  402.0
6  39.0  345.0
7  81.0  212.0
1  93.0  41.0
2  51.0  248.0
3  28.0  436.0
4  71.0  285.0
5  43.0  472.0
6  61.0  354.0
7  24.0  237.0
1  95.0  246.0
2  64.0  216.0
3  70.0  203.0
4  26.0  613.0
5  73.0  227.0
6  41.0  402.0
7  30.0  460.0
1  96.0  65.0
2  48.0  270.0
3  54.0  220.0
4  56.0  256.0
5  38.0  411.0
6  42.0  412.0
7  38.0  624.0
1  68.0  241.0
2  79.0  148.0
3  20.0  365.0
4  48.0  503.0
5  64.0  353.0
6  38.0  601.0
7  65.0  264.0
1  61.0  176.0
2  72.0  243.0
3  50.0  473.0
4  45.0  418.0
5  24.0  443.0
6  50.0  358.0
7  93.0  40.0
1  95.0  54.0
2  64.0  283.0
3  60.0  461.0
4  28.0  337.0
5  36.0  325.0
6  57.0  382.0
7  61.0  436.0
1  98.0  43.0
2  66.0  436.0
3  86.0  162.0
4  62.0  265.0
5  63.0  261.0
6  69.0  335.0
7  39.0  358.0
1  98.0  58.0
2  94.0  124.0
3  70.0  306.0
4  62.0  436.0
5  47.0  427.0
6  47.0  397.0
7  43.0  440.0
1  97.0  56.0
2  88.0  80.0
3  66.0  360.0
4  52.0  209.0
5  82.0  211.0
6  31.0  444.0
7  75.0  327.0
1  57.0  203.0
2  55.0  216.0
3  44.0  440.0
4  73.0  306.0
5  68.0  244.0
6  71.0  306.0
7  59.0  508.0
1  98.0  24.0
2  80.0  182.0
3  56.0  343.0
4  59.0  92.0
5  59.0  340.0
6  38.0  557.0
7  86.0  38.0
1  63.0  196.0
2  37.0  272.0
3  70.0  269.0
4  72.0  216.0
5  30.0  440.0
6  43.0  497.0
7  34.0  379.0
1  26.0  505.0
2  89.0  146.0
3  34.0  135.0
4  56.0  408.0
5  77.0  277.0
6  75.0  168.0
7  45.0  169.0
1  79.0  292.0
2  97.0  40.0
3  54.0  179.0
4  41.0  413.0
5  24.0  475.0
6  49.0  215.0
7  39.0  431.0
1  96.0  35.0
2  53.0  457.0
3  41.0  361.0
4  56.0  379.0
5  90.0  100.0
6  69.0  316.0
7  40.0  359.0
1  73.0  277.0
2  68.0  133.0
3  68.0  383.0
4  69.0  342.0
5  72.0  209.0
6  30.0  287.0
7  48.0  205.0
1  94.0  199.0
2  93.0  146.0
3  95.0  41.0
4  75.0  132.0
5  51.0  456.0
6  35.0  571.0
7  65.0  259.0
1  9.0  265.0
2  86.0  217.0
3  61.0  340.0
4  87.0  110.0
5  36.0  482.0
6  42.0  592.0
7  82.0  194.0
1  98.0  22.0
2  69.0  350.0
3  70.0  219.0
4  65.0  288.0
5  70.0  214.0
6  47.0  391.0
7  29.0  426.0
1  93.0  126.0
2  69.0  371.0
3  55.0  429.0
4  55.0  347.0
5  67.0  325.0
6  47.0  406.0
7  36.0  374.0
1  97.0  50.0
2  26.0  422.0
3  72.0  278.0
4  62.0  254.0
5  38.0  485.0
6  36.0  506.0
7  17.0  424.0
1  41.0  333.0
2  58.0  336.0
3  35.0  365.0
4  25.0  421.0
5  39.0  395.0
6  39.0  326.0
7  60.0  241.0
1  94.0  98.0
2  79.0  281.0
3  76.0  294.0
4  58.0  213.0
5  84.0  106.0
6  90.0  110.0
7  43.0  387.0
1  75.0  190.0
2  46.0  382.0
3  35.0  457.0
4  64.0  230.0
5  40.0  425.0
6  27.0  377.0
7  81.0  127.0
1  98.0  34.0
2  98.0  27.0
3  60.0  384.0
4  43.0  411.0
5  80.0  256.0
6  58.0  411.0
7  27.0  450.0
1  98.0  17.0
2  86.0  184.0
3  39.0  539.0
4  45.0  219.0
5  48.0  560.0
6  37.0  440.0
7  37.0  495.0
1  98.0  59.0
2  58.0  313.0
3  80.0  231.0
4  48.0  331.0
5  49.0  533.0
6  56.0  311.0
7  29.0  436.0
1  97.0  97.0
2  93.0  118.0
3  47.0  341.0
4  59.0  311.0
5  69.0  164.0
6  25.0  407.0
7  60.0  392.0
1  95.0  78.0
2  75.0  245.0
3  69.0  157.0
4  41.0  345.0
5  49.0  400.0
6  58.0  406.0
7  62.0  365.0
1  98.0  43.0
2  61.0  250.0
3  75.0  301.0
4  50.0  416.0
5  59.0  390.0
6  48.0  369.0
7  47.0  536.0
1  74.0  119.0
2  40.0  277.0
3  98.0  28.0
4  46.0  277.0
5  60.0  431.0
6  37.0  458.0
7  90.0  122.0
1  82.0  100.0
2  42.0  210.0
3  93.0  67.0
4  77.0  268.0
5  62.0  370.0
6  34.0  382.0
7  55.0  373.0
1  65.0  208.0
2  69.0  154.0
3  80.0  203.0
4  66.0  423.0
5  52.0  411.0
6  87.0  154.0
7  34.0  610.0
1  86.0  296.0
2  59.0  313.0
3  78.0  354.0
4  22.0  224.0
5  38.0  444.0
6  58.0  358.0
7  61.0  323.0
1  19.0  402.0
2  42.0  479.0
3  85.0  72.0
4  66.0  391.0
5  68.0  301.0
6  58.0  397.0
7  93.0  170.0
1  91.0  147.0
2  73.0  114.0
3  55.0  373.0
4  31.0  341.0
5  38.0  496.0
6  30.0  465.0
7  59.0  420.0
1  86.0  136.0
2  82.0  137.0
3  74.0  379.0
4  96.0  80.0
5  43.0  321.0
6  41.0  492.0
7  34.0  416.0
1  69.0  203.0
2  35.0  385.0
3  61.0  319.0
4  35.0  223.0
5  54.0  331.0
6  25.0  545.0
7  47.0  410.0
1  63.0  213.0
2  98.0  27.0
3  45.0  442.0
4  35.0  340.0
5  44.0  351.0
6  26.0  407.0
7  49.0  419.0
1  98.0  14.0
2  74.0  277.0
3  43.0  414.0
4  70.0  307.0
5  38.0  399.0
6  76.0  170.0
7  49.0  288.0
1  98.0  30.0
2  40.0  420.0
3  49.0  361.0
4  53.0  212.0
5  52.0  391.0
6  49.0  397.0
7  20.0  492.0
1  98.0  52.0
2  70.0  264.0
3  81.0  234.0
4  66.0  182.0
5  44.0  260.0
6  88.0  93.0
7  55.0  478.0
1  54.0  415.0
2  40.0  153.0
3  29.0  315.0
4  86.0  125.0
5  65.0  357.0
6  50.0  335.0
7  79.0  220.0
1  98.0  41.0
2  38.0  234.0
3  75.0  238.0
4  66.0  260.0
5  30.0  308.0
6  52.0  502.0
7  31.0  506.0
1  63.0  295.0
2  98.0  32.0
3  80.0  200.0
4  78.0  268.0
5  42.0  245.0
6  34.0  326.0
7  31.0  374.0
1  98.0  23.0
2  73.0  245.0
3  68.0  311.0
4  70.0  424.0
5  61.0  283.0
6  36.0  379.0
7  28.0  476.0
1  69.0  220.0
2  54.0  183.0
3  80.0  286.0
4  48.0  338.0
5  74.0  291.0
6  37.0  527.0
7  74.0  287.0
1  94.0  87.0
2  89.0  128.0
3  34.0  381.0
4  49.0  399.0
5  89.0  98.0
6  46.0  417.0
7  26.0  383.0
1  87.0  84.0
2  55.0  281.0
3  64.0  423.0
4  98.0  25.0
5  46.0  310.0
6  72.0  185.0
7  44.0  484.0
1  94.0  69.0
2  57.0  302.0
3  69.0  405.0
4  51.0  481.0
5  50.0  401.0
6  31.0  586.0
7  88.0  26.0
1  31.0  567.0
2  54.0  210.0
3  78.0  159.0
4  48.0  338.0
5  53.0  345.0
6  65.0  290.0
7  56.0  416.0
1  21.0  348.0
2  65.0  150.0
3  50.0  263.0
4  27.0  358.0
5  62.0  499.0
6  43.0  503.0
7  29.0  425.0
1  80.0  91.0
2  70.0  148.0
3  24.0  356.0
4  22.0  379.0
5  59.0  402.0
6  80.0  202.0
7  39.0  508.0
1  90.0  61.0
2  95.0  93.0
3  63.0  362.0
4  39.0  300.0
5  49.0  484.0
6  73.0  295.0
7  63.0  330.0
1  82.0  20.0
2  81.0  176.0
3  65.0  280.0
4  38.0  431.0
5  46.0  411.0
6  39.0  419.0
7  59.0  291.0
1  95.0  40.0
2  57.0  258.0
3  31.0  298.0
4  19.0  382.0
5  30.0  317.0
6  56.0  240.0
7  58.0  368.0
1  68.0  104.0
2  74.0  330.0
3  94.0  63.0
4  44.0  439.0
5  30.0  456.0
6  45.0  428.0
7  40.0  401.0
1  96.0  71.0
2  89.0  176.0
3  71.0  61.0
4  74.0  190.0
5  36.0  411.0
6  63.0  333.0
7  71.0  172.0
1  67.0  49.0
2  67.0  247.0
3  71.0  314.0
4  41.0  545.0
5  27.0  521.0
6  61.0  289.0
7  23.0  269.0
1  50.0  313.0
2  44.0  337.0
3  63.0  273.0
4  65.0  303.0
5  54.0  252.0
6  57.0  514.0
7  44.0  460.0
1  93.0  118.0
2  94.0  132.0
3  71.0  108.0
4  57.0  285.0
5  53.0  296.0
6  49.0  253.0
7  43.0  451.0
1  46.0  182.0
2  15.0  281.0
3  37.0  309.0
4  92.0  112.0
5  57.0  373.0
6  49.0  502.0
7  30.0  458.0
1  96.0  129.0
2  91.0  117.0
3  32.0  407.0
4  66.0  367.0
5  50.0  303.0
6  37.0  283.0
7  44.0  389.0
1  71.0  289.0
2  30.0  570.0
3  86.0  133.0
4  48.0  238.0
5  64.0  246.0
6  70.0  268.0
7  78.0  187.0
1  95.0  60.0
2  66.0  326.0
3  69.0  366.0
4  61.0  263.0
5  66.0  341.0
6  42.0  431.0
7  33.0  481.0
1  84.0  272.0
2  82.0  111.0
3  78.0  48.0
4  43.0  313.0
5  50.0  297.0
6  87.0  151.0
7  64.0  387.0
1  98.0  12.0
2  59.0  274.0
3  50.0  425.0
4  59.0  487.0
5  45.0  296.0
6  54.0  447.0
7  32.0  604.0
1  23.0  374.0
2  80.0  277.0
3  65.0  437.0
4  66.0  252.0
5  40.0  395.0
6  87.0  168.0
7  62.0  415.0
