0  95.0  250
1  33.0  374
2  50.0  416
3  69.0  248
4  40.0  198
5  59.0  503
6  30.0  411
7  38.0  365
8  98.0  51
9  49.0  217
10  74.0  207
11  66.0  277
12  42.0  406
13  68.0  191
14  60.0  282
15  91.0  103
16  77.0  203
17  54.0  240
18  77.0  122
19  65.0  255
20  65.0  350
0  80.0  280
1  24.0  262
2  49.0  339
3  82.0  241
4  55.0  381
5  52.0  364
6  69.0  347
7  87.0  205
8  74.0  363
9  81.0  187
10  24.0  202
11  61.0  275
12  58.0  373
13  79.0  155
14  65.0  234
15  98.0  32
16  59.0  240
17  67.0  157
18  58.0  233
19  71.0  135
20  92.0  172
0  23.0  197
1  91.0  177
2  46.0  480
3  85.0  217
4  74.0  312
5  40.0  396
6  67.0  382
7  65.0  305
8  90.0  118
9  66.0  315
10  54.0  255
11  38.0  290
12  57.0  351
13  91.0  106
14  45.0  250
15  74.0  264
16  75.0  251
17  95.0  59
18  78.0  242
19  81.0  216
20  98.0  26
0  24.0  409
1  59.0  369
2  50.0  342
3  54.0  429
4  63.0  204
5  98.0  52
6  47.0  332
7  76.0  177
8  52.0  94
9  64.0  336
10  70.0  268
11  77.0  264
12  34.0  190
13  95.0  111
14  91.0  126
15  81.0  249
16  24.0  222
17  74.0  210
18  67.0  199
19  53.0  366
20  79.0  223
0  46.0  314
1  44.0  434
2  67.0  261
3  88.0  261
4  51.0  195
5  68.0  287
6  80.0  217
7  77.0  282
8  71.0  251
9  81.0  219
10  98.0  13
11  63.0  190
12  78.0  210
13  64.0  129
14  36.0  227
15  46.0  209
16  89.0  133
17  88.0  176
18  66.0  266
19  53.0  194
20  81.0  150
0  60.0  370
1  30.0  392
2  69.0  422
3  20.0  393
4  67.0  360
5  63.0  345
6  55.0  161
7  39.0  246
8  94.0  132
9  94.0  58
10  63.0  268
11  86.0  159
12  64.0  437
13  62.0  301
14  49.0  365
15  89.0  93
16  48.0  283
17  68.0  305
18  45.0  173
19  72.0  222
20  69.0  120
0  63.0  410
1  85.0  299
2  30.0  387
3  31.0  512
4  29.0  410
5  47.0  398
6  72.0  165
7  35.0  357
8  74.0  276
9  90.0  154
10  67.0  294
11  70.0  184
12  64.0  272
13  79.0  190
14  38.0  173
15  90.0  113
16  63.0  304
17  69.0  173
18  57.0  245
19  92.0  69
20  92.0  81
0  67.0  430
1  85.0  203
2  88.0  216
3  41.0  316
4  72.0  321
5  0.0  188
6  67.0  166
7  45.0  164
8  56.0  340
9  37.0  220
10  45.0  294
11  93.0  50
12  79.0  147
13  55.0  243
14  68.0  219
15  40.0  257
16  92.0  79
17  77.0  181
18  48.0  426
19  59.0  232
20  73.0  209
0  29.0  229
1  60.0  321
2  94.0  171
3  55.0  334
4  58.0  454
5  52.0  432
6  62.0  242
7  73.0  234
8  62.0  335
9  26.0  432
10  46.0  268
11  70.0  232
12  67.0  251
13  90.0  85
14  61.0  299
15  98.0  16
16  76.0  179
17  77.0  201
18  74.0  119
19  79.0  81
20  89.0  105
0  54.0  437
1  19.0  355
2  83.0  290
3  65.0  488
4  54.0  216
5  40.0  345
6  34.0  227
7  91.0  123
8  88.0  213
9  77.0  206
10  96.0  90
11  73.0  201
12  88.0  181
13  55.0  285
14  71.0  316
15  92.0  107
16  92.0  71
17  98.0  16
18  74.0  148
19  61.0  210
20  98.0  30
0  41.0  471
1  49.0  437
2  87.0  248
3  32.0  442
4  55.0  383
5  74.0  192
6  19.0  300
7  46.0  306
8  39.0  449
9  76.0  302
10  50.0  371
11  86.0  149
12  64.0  255
13  65.0  255
14  31.0  202
15  67.0  205
16  85.0  182
17  88.0  110
18  55.0  299
19  68.0  123
20  69.0  243
0  55.0  298
1  52.0  323
2  60.0  372
3  82.0  287
4  44.0  474
5  12.0  229
6  64.0  235
7  58.0  405
8  51.0  352
9  48.0  210
10  80.0  251
11  57.0  313
12  83.0  229
13  97.0  105
14  55.0  133
15  34.0  189
16  74.0  141
17  89.0  56
18  69.0  130
19  86.0  132
20  56.0  265
0  64.0  265
1  77.0  272
2  83.0  305
3  69.0  219
4  56.0  374
5  47.0  346
6  50.0  190
7  6.0  255
8  88.0  116
9  69.0  230
10  92.0  131
11  78.0  231
12  80.0  293
13  70.0  255
14  92.0  91
15  81.0  128
16  57.0  254
17  86.0  101
18  89.0  93
19  45.0  121
20  84.0  161
0  43.0  312
1  25.0  407
2  11.0  334
3  83.0  284
4  60.0  324
5  66.0  348
6  51.0  311
7  91.0  67
8  53.0  427
9  53.0  290
10  76.0  288
11  92.0  131
12  41.0  292
13  64.0  212
14  60.0  273
15  79.0  199
16  76.0  298
17  62.0  266
18  32.0  300
19  71.0  272
20  74.0  185
0  52.0  504
1  24.0  314
2  51.0  471
3  84.0  248
4  68.0  370
5  31.0  297
6  58.0  243
7  73.0  361
8  46.0  343
9  22.0  383
10  44.0  497
11  28.0  224
12  52.0  320
13  35.0  208
14  61.0  251
15  80.0  175
16  97.0  12
17  57.0  196
18  54.0  294
19  61.0  249
20  81.0  123
0  65.0  312
1  46.0  436
2  73.0  393
3  64.0  209
4  76.0  259
5  72.0  210
6  76.0  145
7  72.0  189
8  40.0  159
9  91.0  110
10  20.0  295
11  36.0  307
12  60.0  339
13  55.0  261
14  63.0  232
15  44.0  327
16  95.0  52
17  69.0  294
18  79.0  225
19  98.0  10
20  86.0  169
0  26.0  738
1  29.0  330
2  48.0  458
3  0.0  191
4  80.0  209
5  74.0  331
6  46.0  448
7  64.0  240
8  32.0  294
9  89.0  123
10  91.0  202
11  59.0  221
12  74.0  142
13  64.0  203
14  70.0  208
15  82.0  126
16  46.0  225
17  98.0  22
18  90.0  22
19  54.0  370
20  71.0  239
0  45.0  331
1  72.0  386
2  93.0  255
3  30.0  420
4  88.0  152
5  31.0  392
6  44.0  303
7  51.0  426
8  46.0  218
9  87.0  166
10  52.0  309
11  56.0  284
12  52.0  153
13  98.0  53
14  56.0  318
15  70.0  194
16  69.0  294
17  37.0  231
18  98.0  6
19  62.0  272
20  69.0  137
0  33.0  392
1  47.0  303
2  43.0  280
3  50.0  353
4  76.0  273
5  52.0  295
6  48.0  130
7  13.0  232
8  69.0  269
9  34.0  205
10  93.0  121
11  50.0  283
12  33.0  373
13  64.0  236
14  76.0  199
15  61.0  221
16  89.0  58
17  67.0  288
18  55.0  163
19  72.0  144
20  77.0  183
0  30.0  237
1  55.0  388
2  25.0  316
3  54.0  138
4  56.0  342
5  47.0  348
6  44.0  416
7  61.0  299
8  53.0  321
9  79.0  115
10  76.0  292
11  90.0  195
12  31.0  246
13  40.0  281
14  84.0  148
15  88.0  58
16  82.0  135
17  66.0  235
18  46.0  207
19  67.0  118
20  85.0  135
0  38.0  317
1  11.0  217
2  56.0  398
3  23.0  174
4  41.0  307
5  17.0  215
6  73.0  279
7  60.0  279
8  79.0  308
9  91.0  78
10  57.0  310
11  92.0  99
12  63.0  98
13  98.0  39
14  80.0  296
15  68.0  130
16  69.0  273
17  79.0  175
18  87.0  198
19  66.0  77
20  90.0  79
0  43.0  454
1  43.0  476
2  35.0  532
3  40.0  304
4  38.0  275
5  92.0  184
6  27.0  285
7  50.0  302
8  82.0  265
9  70.0  274
10  90.0  125
11  64.0  245
12  21.0  286
13  35.0  255
14  47.0  201
15  98.0  17
16  72.0  155
17  75.0  154
18  79.0  124
19  72.0  45
20  70.0  253
0  63.0  356
1  79.0  323
2  53.0  362
3  18.0  281
4  29.0  154
5  34.0  512
6  27.0  203
7  32.0  366
8  28.0  236
9  48.0  332
10  89.0  211
11  96.0  125
12  72.0  246
13  49.0  199
14  43.0  303
15  75.0  259
16  75.0  222
17  76.0  223
18  85.0  185
19  80.0  143
20  84.0  131
0  50.0  294
1  66.0  242
2  63.0  385
3  66.0  403
4  53.0  436
5  72.0  400
6  25.0  204
7  63.0  332
8  42.0  366
9  19.0  261
10  18.0  340
11  25.0  367
12  28.0  393
13  82.0  217
14  82.0  145
15  46.0  216
16  78.0  211
17  95.0  102
18  80.0  136
19  98.0  96
20  70.0  125
0  50.0  407
1  17.0  524
2  88.0  259
3  49.0  255
4  44.0  373
5  37.0  463
6  84.0  188
7  46.0  290
8  40.0  269
9  46.0  438
10  56.0  336
11  69.0  148
12  79.0  192
13  69.0  227
14  30.0  345
15  91.0  89
16  43.0  405
17  58.0  430
18  70.0  185
19  46.0  227
20  70.0  169
0  36.0  411
1  75.0  281
2  38.0  510
3  26.0  430
4  47.0  443
5  75.0  311
6  71.0  236
7  93.0  116
8  92.0  102
9  79.0  228
10  87.0  198
11  79.0  185
12  76.0  309
13  93.0  160
14  79.0  216
15  39.0  250
16  71.0  226
17  73.0  332
18  78.0  239
19  68.0  234
20  93.0  146
0  47.0  451
1  40.0  295
2  81.0  288
3  79.0  197
4  53.0  360
5  15.0  258
6  53.0  308
7  62.0  389
8  62.0  254
9  93.0  111
10  81.0  179
11  50.0  382
12  47.0  229
13  87.0  162
14  62.0  230
15  48.0  263
16  74.0  261
17  86.0  129
18  82.0  219
19  72.0  184
20  68.0  241
0  58.0  377
1  60.0  364
2  50.0  340
3  64.0  403
4  38.0  384
5  86.0  210
6  74.0  244
7  31.0  287
8  72.0  329
9  76.0  313
10  88.0  102
11  42.0  186
12  89.0  143
13  57.0  292
14  75.0  124
15  96.0  74
16  87.0  212
17  79.0  189
18  63.0  250
19  76.0  150
20  72.0  146
0  34.0  267
1  31.0  371
2  46.0  365
3  48.0  347
4  34.0  409
5  47.0  273
6  74.0  153
7  37.0  321
8  68.0  317
9  63.0  454
10  85.0  229
11  85.0  104
12  87.0  154
13  72.0  145
14  66.0  275
15  62.0  261
16  51.0  255
17  55.0  301
18  79.0  137
19  82.0  222
20  87.0  153
0  45.0  313
1  76.0  337
2  65.0  254
3  90.0  195
4  40.0  193
5  43.0  125
6  56.0  389
7  85.0  243
8  35.0  386
9  58.0  203
10  72.0  343
11  84.0  60
12  96.0  108
13  71.0  161
14  58.0  321
15  83.0  154
16  85.0  200
17  77.0  177
18  64.0  196
19  43.0  275
20  17.0  305
0  45.0  438
1  60.0  386
2  32.0  302
3  67.0  295
4  49.0  179
5  57.0  303
6  68.0  284
7  71.0  302
8  74.0  227
9  58.0  203
10  44.0  333
11  45.0  220
12  65.0  206
13  48.0  315
14  13.0  258
15  68.0  294
16  73.0  292
17  61.0  277
18  79.0  130
19  88.0  167
20  79.0  159
0  79.0  290
1  55.0  343
2  71.0  344
3  39.0  348
4  85.0  205
5  29.0  316
6  82.0  131
7  86.0  204
8  43.0  349
9  48.0  329
10  62.0  221
11  88.0  152
12  68.0  281
13  33.0  365
14  81.0  200
15  58.0  299
16  90.0  40
17  71.0  336
18  86.0  206
19  60.0  265
20  78.0  203
0  58.0  321
1  9.0  405
2  80.0  297
3  76.0  289
4  81.0  187
5  49.0  363
6  79.0  292
7  82.0  157
8  86.0  72
9  29.0  328
10  55.0  294
11  78.0  163
12  88.0  103
13  84.0  199
14  81.0  241
15  60.0  244
16  38.0  193
17  92.0  132
18  68.0  157
19  48.0  166
20  88.0  163
0  73.0  377
1  14.0  463
2  55.0  353
3  31.0  275
4  51.0  336
5  38.0  404
6  55.0  419
7  77.0  194
8  52.0  285
9  84.0  194
10  33.0  261
11  85.0  210
12  81.0  155
13  80.0  93
14  80.0  223
15  50.0  199
16  95.0  60
17  74.0  225
18  61.0  243
19  81.0  183
20  91.0  107
0  27.0  340
1  59.0  443
2  34.0  338
3  32.0  338
4  50.0  318
5  69.0  266
6  69.0  253
7  78.0  187
8  60.0  337
9  55.0  156
10  64.0  279
11  76.0  282
12  86.0  187
13  96.0  54
14  72.0  262
15  88.0  85
16  83.0  49
17  97.0  49
18  66.0  300
19  53.0  140
20  63.0  156
0  3.0  330
1  34.0  424
2  65.0  377
3  44.0  519
4  75.0  306
5  43.0  290
6  82.0  227
7  38.0  226
8  50.0  425
9  83.0  42
10  91.0  101
11  80.0  130
12  85.0  167
13  81.0  208
14  73.0  238
15  95.0  77
16  82.0  171
17  87.0  146
18  58.0  266
19  94.0  80
20  95.0  130
0  73.0  331
1  34.0  248
2  57.0  211
3  27.0  311
4  35.0  424
5  86.0  191
6  67.0  242
7  83.0  134
8  81.0  200
9  77.0  253
10  91.0  97
11  70.0  188
12  66.0  273
13  53.0  463
14  72.0  174
15  68.0  38
16  94.0  124
17  86.0  111
18  68.0  309
19  74.0  211
20  70.0  227
0  39.0  344
1  72.0  275
2  44.0  541
3  37.0  625
4  56.0  299
5  81.0  209
6  43.0  359
7  39.0  437
8  76.0  305
9  52.0  328
10  65.0  450
11  77.0  163
12  51.0  334
13  46.0  305
14  58.0  321
15  46.0  225
16  78.0  182
17  74.0  69
18  60.0  232
19  54.0  163
20  63.0  316
0  32.0  382
1  56.0  438
2  36.0  209
3  60.0  437
4  67.0  231
5  61.0  466
6  65.0  328
7  45.0  382
8  69.0  140
9  80.0  218
10  61.0  285
11  86.0  170
12  83.0  187
13  75.0  181
14  79.0  170
15  81.0  194
16  69.0  340
17  81.0  164
18  82.0  86
19  85.0  211
20  92.0  90
0  56.0  419
1  44.0  211
2  53.0  337
3  68.0  364
4  19.0  357
5  21.0  418
6  34.0  313
7  70.0  106
8  78.0  196
9  69.0  178
10  61.0  312
11  71.0  172
12  18.0  369
13  75.0  219
14  85.0  164
15  79.0  212
16  81.0  189
17  32.0  223
18  75.0  314
19  98.0  34
20  49.0  194
0  64.0  427
1  27.0  373
2  56.0  379
3  48.0  370
4  16.0  350
5  89.0  128
6  70.0  296
7  36.0  202
8  98.0  19
9  43.0  249
10  58.0  302
11  26.0  329
12  82.0  234
13  64.0  241
14  93.0  123
15  86.0  221
16  81.0  226
17  71.0  288
18  69.0  232
19  68.0  273
20  64.0  172
0  53.0  365
1  51.0  470
2  63.0  380
3  61.0  356
4  78.0  241
5  93.0  135
6  78.0  266
7  41.0  406
8  88.0  199
9  50.0  314
10  51.0  264
11  81.0  210
12  32.0  438
13  44.0  226
14  98.0  44
15  66.0  348
16  82.0  187
17  82.0  120
18  78.0  118
19  89.0  112
20  62.0  221
0  88.0  245
1  65.0  470
2  62.0  209
3  68.0  330
4  35.0  363
5  75.0  267
6  50.0  446
7  78.0  207
8  85.0  133
9  49.0  333
10  90.0  120
11  84.0  204
12  50.0  312
13  44.0  338
14  73.0  214
15  59.0  122
16  70.0  207
17  88.0  138
18  80.0  50
19  68.0  140
20  97.0  74
0  58.0  334
1  33.0  446
2  51.0  362
3  57.0  395
4  33.0  350
5  68.0  227
6  78.0  130
7  61.0  307
8  54.0  326
9  89.0  67
10  58.0  124
11  53.0  216
12  66.0  215
13  41.0  267
14  85.0  190
15  97.0  63
16  66.0  259
17  65.0  261
18  89.0  139
19  82.0  85
20  97.0  56
0  46.0  483
1  37.0  342
2  58.0  400
3  43.0  389
4  65.0  377
5  58.0  216
6  53.0  191
7  69.0  183
8  86.0  148
9  78.0  164
10  88.0  203
11  81.0  255
12  85.0  77
13  96.0  45
14  57.0  307
15  98.0  61
16  85.0  180
17  65.0  147
18  66.0  144
19  61.0  236
20  45.0  377
0  59.0  436
1  29.0  390
2  54.0  290
3  81.0  227
4  44.0  240
5  41.0  389
6  56.0  344
7  69.0  267
8  39.0  390
9  76.0  243
10  57.0  322
11  81.0  246
12  84.0  119
13  98.0  80
14  94.0  85
15  80.0  195
16  65.0  305
17  76.0  156
18  68.0  217
19  62.0  122
20  96.0  122
0  93.0  250
1  62.0  368
2  16.0  399
3  81.0  258
4  15.0  234
5  29.0  275
6  27.0  417
7  83.0  143
8  85.0  219
9  57.0  398
10  86.0  200
11  43.0  196
12  93.0  190
13  75.0  242
14  84.0  111
15  78.0  288
16  57.0  299
17  76.0  161
18  41.0  276
19  89.0  120
20  79.0  159
0  81.0  333
1  38.0  236
2  88.0  224
3  88.0  208
4  10.0  345
5  90.0  193
6  79.0  259
7  77.0  366
8  77.0  163
9  34.0  256
10  57.0  277
11  76.0  159
12  95.0  111
13  49.0  321
14  56.0  317
15  65.0  334
16  84.0  137
17  48.0  296
18  95.0  86
19  85.0  122
20  67.0  178
0  31.0  340
1  55.0  448
2  44.0  307
3  66.0  339
4  65.0  237
5  10.0  147
6  98.0  118
7  25.0  288
8  77.0  193
9  76.0  248
10  47.0  302
11  91.0  167
12  75.0  268
13  73.0  185
14  93.0  95
15  92.0  128
16  81.0  241
17  92.0  92
18  40.0  283
19  79.0  220
20  49.0  227
0  50.0  496
1  36.0  552
2  51.0  354
3  29.0  363
4  59.0  369
5  81.0  301
6  62.0  296
7  43.0  397
8  49.0  427
9  45.0  342
10  54.0  392
11  79.0  193
12  75.0  227
13  93.0  141
14  89.0  125
15  77.0  220
16  75.0  214
17  76.0  93
18  67.0  274
19  66.0  172
20  61.0  96
0  53.0  464
1  76.0  317
2  46.0  203
3  85.0  124
4  83.0  148
5  68.0  330
6  63.0  352
7  42.0  262
8  54.0  371
9  60.0  249
10  96.0  60
11  64.0  283
12  77.0  218
13  55.0  122
14  70.0  238
15  13.0  208
16  68.0  68
17  75.0  258
18  71.0  189
19  92.0  133
20  50.0  178
0  28.0  422
1  38.0  228
2  67.0  327
3  42.0  509
4  58.0  282
5  61.0  293
6  91.0  184
7  78.0  199
8  95.0  40
9  87.0  278
10  48.0  295
11  70.0  235
12  78.0  260
13  53.0  189
14  64.0  284
15  44.0  312
16  95.0  137
17  48.0  226
18  86.0  125
19  98.0  61
20  92.0  112
0  50.0  383
1  72.0  384
2  49.0  294
3  63.0  332
4  79.0  214
5  80.0  268
6  54.0  237
7  51.0  494
8  76.0  252
9  50.0  322
10  69.0  257
11  91.0  220
12  51.0  339
13  56.0  286
14  98.0  14
15  35.0  293
16  83.0  262
17  90.0  141
18  91.0  129
19  78.0  195
20  73.0  243
0  60.0  411
1  59.0  329
2  39.0  421
3  15.0  172
4  4.0  396
5  52.0  33
6  86.0  130
7  49.0  365
8  75.0  149
9  95.0  81
10  82.0  199
11  43.0  296
12  76.0  274
13  85.0  137
14  79.0  253
15  74.0  205
16  82.0  239
17  78.0  281
18  92.0  128
19  93.0  77
20  81.0  188
0  42.0  428
1  65.0  463
2  38.0  292
3  48.0  243
4  62.0  298
5  54.0  436
6  48.0  357
7  57.0  223
8  33.0  396
9  30.0  410
10  70.0  191
11  51.0  266
12  57.0  448
13  58.0  274
14  30.0  355
15  70.0  253
16  90.0  72
17  80.0  210
18  41.0  242
19  79.0  239
20  68.0  257
0  84.0  287
1  83.0  230
2  35.0  376
3  64.0  364
4  76.0  341
5  36.0  492
6  60.0  344
7  83.0  224
8  41.0  250
9  61.0  329
10  46.0  257
11  38.0  146
12  83.0  216
13  77.0  100
14  51.0  239
15  75.0  223
16  41.0  308
17  88.0  131
18  98.0  104
19  91.0  120
20  84.0  158
0  62.0  349
1  55.0  517
2  45.0  218
3  80.0  240
4  89.0  287
5  55.0  434
6  57.0  385
7  67.0  350
8  39.0  290
9  77.0  143
10  56.0  356
11  69.0  252
12  60.0  327
13  97.0  38
14  60.0  238
15  61.0  136
16  61.0  241
17  98.0  38
18  64.0  260
19  83.0  175
20  56.0  124
0  40.0  439
1  45.0  400
2  71.0  203
3  29.0  342
4  66.0  391
5  77.0  204
6  81.0  209
7  36.0  313
8  63.0  281
9  51.0  419
10  64.0  259
11  98.0  18
12  52.0  227
13  73.0  175
14  98.0  49
15  95.0  47
16  48.0  111
17  83.0  92
18  61.0  304
19  82.0  156
20  67.0  211
0  39.0  431
1  34.0  438
2  35.0  428
3  50.0  282
4  41.0  307
5  71.0  335
6  82.0  230
7  75.0  249
8  63.0  125
9  79.0  217
10  35.0  333
11  64.0  289
12  98.0  12
13  95.0  52
14  64.0  340
15  88.0  108
16  73.0  126
17  64.0  186
18  76.0  217
19  75.0  172
20  98.0  50
0  62.0  385
1  22.0  395
2  34.0  200
3  61.0  387
4  55.0  278
5  53.0  360
6  41.0  220
7  37.0  341
8  79.0  251
9  47.0  258
10  40.0  229
11  90.0  150
12  37.0  246
13  45.0  150
14  78.0  232
15  77.0  249
16  77.0  123
17  82.0  104
18  75.0  231
19  77.0  201
20  75.0  134
0  28.0  278
1  71.0  309
2  63.0  266
3  76.0  286
4  70.0  357
5  63.0  150
6  87.0  243
7  47.0  234
8  71.0  250
9  87.0  142
10  27.0  225
11  96.0  69
12  63.0  176
13  92.0  74
14  78.0  183
15  88.0  145
16  81.0  148
17  81.0  211
18  60.0  331
19  83.0  155
20  75.0  141
0  69.0  417
1  37.0  491
2  43.0  386
3  50.0  293
4  51.0  395
5  23.0  315
6  66.0  297
7  73.0  41
8  44.0  395
9  75.0  252
10  60.0  421
11  55.0  457
12  63.0  166
13  84.0  236
14  48.0  100
15  70.0  265
16  81.0  174
17  60.0  274
18  84.0  137
19  73.0  82
20  93.0  73
0  37.0  426
1  80.0  212
2  49.0  417
3  72.0  308
4  82.0  140
5  51.0  332
6  61.0  295
7  61.0  314
8  32.0  230
9  66.0  235
10  68.0  221
11  72.0  226
12  56.0  287
13  59.0  256
14  70.0  243
15  69.0  233
16  74.0  133
17  14.0  127
18  75.0  138
19  73.0  268
20  69.0  152
0  35.0  381
1  84.0  215
2  72.0  328
3  71.0  231
4  72.0  241
5  42.0  425
6  78.0  263
7  82.0  263
8  49.0  279
9  70.0  251
10  66.0  230
11  66.0  247
12  39.0  215
13  80.0  262
14  78.0  164
15  87.0  22
16  34.0  203
17  79.0  210
18  39.0  451
19  86.0  103
20  95.0  154
0  72.0  392
1  42.0  557
2  34.0  230
3  67.0  319
4  58.0  423
5  68.0  299
6  83.0  228
7  64.0  304
8  31.0  322
9  61.0  276
10  42.0  308
11  28.0  518
12  67.0  159
13  71.0  398
14  62.0  379
15  89.0  244
16  88.0  103
17  53.0  429
18  88.0  75
19  67.0  166
20  92.0  72
0  45.0  403
1  41.0  410
2  42.0  379
3  55.0  398
4  22.0  267
5  82.0  279
6  82.0  292
7  64.0  253
8  98.0  34
9  59.0  264
10  81.0  161
11  74.0  201
12  70.0  274
13  66.0  165
14  82.0  259
15  48.0  284
16  78.0  218
17  96.0  38
18  90.0  133
19  70.0  292
20  75.0  178
0  40.0  456
1  69.0  323
2  84.0  175
3  30.0  270
4  44.0  302
5  45.0  463
6  31.0  291
7  75.0  251
8  70.0  183
9  77.0  317
10  75.0  308
11  77.0  248
12  66.0  262
13  75.0  292
14  66.0  125
15  86.0  165
16  55.0  105
17  67.0  240
18  86.0  239
19  68.0  245
20  70.0  171
0  45.0  437
1  85.0  257
2  55.0  337
3  41.0  437
4  44.0  450
5  68.0  348
6  82.0  115
7  79.0  278
8  24.0  316
9  91.0  134
10  81.0  250
11  84.0  233
12  82.0  244
13  61.0  221
14  51.0  335
15  75.0  211
16  81.0  203
17  91.0  114
18  95.0  73
19  98.0  31
20  76.0  78
0  30.0  679
1  67.0  371
2  57.0  455
3  65.0  407
4  70.0  254
5  21.0  166
6  83.0  247
7  79.0  269
8  31.0  293
9  51.0  218
10  35.0  355
11  76.0  165
12  92.0  142
13  84.0  80
14  86.0  177
15  84.0  166
16  98.0  23
17  40.0  292
18  51.0  379
19  68.0  205
20  80.0  166
0  68.0  407
1  67.0  323
2  36.0  298
3  78.0  293
4  75.0  261
5  49.0  256
6  36.0  338
7  70.0  381
8  66.0  273
9  39.0  358
10  25.0  199
11  79.0  289
12  49.0  310
13  76.0  168
14  60.0  204
15  87.0  124
16  85.0  93
17  85.0  72
18  59.0  208
19  78.0  175
20  92.0  82
0  67.0  306
1  13.0  363
2  36.0  336
3  54.0  310
4  19.0  301
5  94.0  104
6  48.0  294
7  83.0  163
8  57.0  305
9  65.0  269
10  59.0  159
11  87.0  160
12  81.0  92
13  76.0  70
14  62.0  105
15  80.0  192
16  49.0  238
17  84.0  172
18  38.0  265
19  71.0  264
20  64.0  240
0  37.0  363
1  43.0  360
2  82.0  284
3  52.0  493
4  77.0  255
5  46.0  412
6  96.0  77
7  79.0  278
8  54.0  307
9  84.0  146
10  35.0  133
11  32.0  447
12  88.0  128
13  41.0  357
14  63.0  166
15  74.0  120
16  85.0  29
17  37.0  298
18  49.0  296
19  61.0  245
20  38.0  195
0  58.0  353
1  29.0  406
2  49.0  324
3  81.0  128
4  87.0  250
5  42.0  310
6  57.0  278
7  91.0  104
8  27.0  264
9  94.0  70
10  94.0  66
11  67.0  315
12  63.0  428
13  63.0  249
14  90.0  105
15  59.0  215
16  53.0  144
17  78.0  214
18  91.0  118
19  53.0  129
20  72.0  179
0  34.0  295
1  26.0  310
2  61.0  419
3  55.0  343
4  54.0  312
5  34.0  227
6  62.0  167
7  51.0  125
8  37.0  420
9  43.0  384
10  90.0  175
11  96.0  145
12  54.0  262
13  76.0  230
14  84.0  201
15  83.0  74
16  81.0  246
17  73.0  275
18  98.0  14
19  70.0  274
20  63.0  270
0  47.0  502
1  77.0  316
2  53.0  337
3  41.0  385
4  36.0  442
5  35.0  314
6  49.0  348
7  82.0  207
8  72.0  251
9  47.0  389
10  66.0  314
11  90.0  136
12  45.0  271
13  75.0  219
14  73.0  255
15  88.0  145
16  95.0  77
17  83.0  193
18  93.0  64
19  74.0  239
20  68.0  199
0  49.0  280
1  27.0  228
2  60.0  329
3  46.0  373
4  51.0  356
5  79.0  167
6  77.0  176
7  43.0  148
8  48.0  323
9  76.0  175
10  74.0  224
11  69.0  294
12  77.0  262
13  58.0  305
14  42.0  299
15  42.0  221
16  19.0  215
17  94.0  107
18  29.0  578
19  81.0  223
20  57.0  163
0  58.0  373
1  82.0  342
2  66.0  431
3  43.0  415
4  65.0  356
5  41.0  332
6  25.0  317
7  68.0  262
8  71.0  193
9  40.0  272
10  65.0  220
11  94.0  161
12  76.0  112
13  11.0  198
14  61.0  311
15  76.0  212
16  63.0  225
17  89.0  88
18  78.0  188
19  73.0  65
20  92.0  125
0  39.0  374
1  26.0  316
2  67.0  366
3  62.0  344
4  88.0  286
5  64.0  372
6  42.0  268
7  85.0  178
8  82.0  281
9  57.0  297
10  42.0  288
11  85.0  158
12  85.0  172
13  88.0  144
14  80.0  196
15  62.0  256
16  70.0  251
17  58.0  128
18  64.0  297
19  91.0  138
20  48.0  177
0  21.0  264
1  49.0  405
2  77.0  180
3  78.0  333
4  87.0  169
5  46.0  416
6  49.0  335
7  29.0  300
8  37.0  300
9  60.0  111
10  75.0  269
11  70.0  191
12  86.0  183
13  77.0  316
14  98.0  23
15  64.0  151
16  87.0  66
17  82.0  249
18  72.0  127
19  49.0  272
20  73.0  265
0  57.0  456
1  64.0  308
2  57.0  373
3  67.0  389
4  56.0  241
5  75.0  292
6  29.0  315
7  49.0  374
8  55.0  357
9  54.0  161
10  26.0  193
11  35.0  413
12  57.0  329
13  44.0  125
14  40.0  172
15  98.0  9
16  64.0  246
17  89.0  93
18  73.0  88
19  89.0  122
20  94.0  118
0  52.0  439
1  50.0  446
2  37.0  385
3  70.0  451
4  39.0  368
5  52.0  375
6  78.0  294
7  44.0  525
8  47.0  214
9  90.0  99
10  55.0  248
11  65.0  266
12  87.0  160
13  70.0  155
14  48.0  230
15  86.0  161
16  78.0  153
17  85.0  142
18  79.0  223
19  50.0  231
20  43.0  196
0  59.0  363
1  54.0  421
2  44.0  379
3  61.0  232
4  39.0  248
5  85.0  266
6  38.0  294
7  94.0  166
8  78.0  204
9  94.0  79
10  69.0  354
11  68.0  295
12  50.0  315
13  78.0  253
14  17.0  170
15  82.0  175
16  70.0  130
17  77.0  165
18  51.0  116
19  48.0  360
20  54.0  306
0  16.0  182
1  38.0  383
2  53.0  329
3  45.0  344
4  55.0  297
5  65.0  270
6  73.0  275
7  49.0  133
8  36.0  407
9  53.0  363
10  62.0  260
11  66.0  280
12  85.0  124
13  13.0  166
14  94.0  93
15  90.0  227
16  82.0  112
17  69.0  241
18  59.0  187
19  54.0  145
20  63.0  302
0  51.0  462
1  25.0  286
2  30.0  313
3  62.0  386
4  81.0  219
5  69.0  188
6  82.0  237
7  79.0  333
8  31.0  331
9  81.0  211
10  46.0  278
11  86.0  207
12  34.0  349
13  78.0  139
14  69.0  222
15  91.0  173
16  60.0  167
17  65.0  187
18  78.0  133
19  51.0  263
20  81.0  151
0  59.0  337
1  48.0  343
2  22.0  493
3  21.0  431
4  45.0  384
5  82.0  330
6  27.0  333
7  98.0  97
8  42.0  399
9  66.0  200
10  48.0  336
11  71.0  274
12  59.0  320
13  43.0  181
14  95.0  171
15  68.0  278
16  85.0  179
17  72.0  240
18  38.0  243
19  70.0  119
20  75.0  100
0  40.0  322
1  66.0  381
2  51.0  331
3  25.0  518
4  59.0  288
5  71.0  289
6  36.0  350
7  50.0  367
8  85.0  284
9  79.0  292
10  70.0  93
11  65.0  250
12  86.0  179
13  91.0  123
14  71.0  240
15  67.0  265
16  88.0  93
17  47.0  293
18  90.0  108
19  84.0  166
20  86.0  251
0  37.0  449
1  53.0  414
2  32.0  299
3  46.0  449
4  41.0  617
5  50.0  306
6  36.0  370
7  96.0  40
8  60.0  345
9  60.0  382
10  66.0  221
11  75.0  321
12  94.0  115
13  91.0  46
14  98.0  38
15  90.0  116
16  69.0  205
17  96.0  91
18  89.0  156
19  62.0  281
20  70.0  193
0  26.0  416
1  17.0  298
2  24.0  428
3  36.0  507
4  30.0  291
5  81.0  164
6  34.0  334
7  63.0  270
8  83.0  218
9  62.0  205
10  74.0  117
11  39.0  327
12  59.0  312
13  59.0  187
14  59.0  356
15  69.0  249
16  70.0  212
17  97.0  76
18  79.0  187
19  69.0  231
20  86.0  116
0  64.0  338
1  78.0  298
2  44.0  391
3  57.0  495
4  28.0  284
5  41.0  273
6  39.0  300
7  70.0  228
8  52.0  302
9  89.0  102
10  67.0  249
11  89.0  166
12  65.0  275
13  42.0  396
14  88.0  72
15  92.0  57
16  82.0  105
17  84.0  109
18  70.0  146
19  82.0  191
20  79.0  245
0  24.0  376
1  50.0  505
2  43.0  366
3  71.0  356
4  52.0  315
5  20.0  273
6  72.0  265
7  40.0  396
8  81.0  190
9  43.0  221
10  91.0  97
11  57.0  279
12  73.0  85
13  82.0  275
14  88.0  91
15  79.0  201
16  58.0  270
17  95.0  26
18  37.0  197
19  81.0  181
20  83.0  231
0  27.0  290
1  39.0  336
2  48.0  406
3  60.0  344
4  37.0  374
5  45.0  427
6  58.0  416
7  71.0  224
8  27.0  435
9  75.0  205
10  56.0  228
11  71.0  307
12  76.0  339
13  77.0  136
14  63.0  282
15  45.0  180
16  41.0  307
17  92.0  169
18  78.0  199
19  40.0  256
20  36.0  486
0  30.0  363
1  88.0  228
2  79.0  322
3  58.0  432
4  54.0  268
5  60.0  391
6  78.0  296
7  83.0  189
8  48.0  418
9  42.0  272
10  44.0  264
11  16.0  226
12  87.0  234
13  87.0  99
14  85.0  87
15  91.0  95
16  63.0  271
17  79.0  197
18  41.0  221
19  94.0  74
20  72.0  262
0  59.0  482
1  23.0  430
2  78.0  346
3  13.0  258
4  59.0  182
5  34.0  260
6  58.0  344
7  27.0  299
8  49.0  329
9  93.0  123
10  79.0  182
11  61.0  235
12  98.0  31
13  67.0  108
14  57.0  257
15  56.0  199
16  86.0  175
17  71.0  226
18  77.0  163
19  85.0  209
20  48.0  286
0  37.0  446
1  35.0  561
2  77.0  218
3  28.0  527
4  24.0  291
5  22.0  415
6  90.0  161
7  73.0  255
8  76.0  196
9  59.0  248
10  59.0  345
11  85.0  247
12  42.0  148
13  52.0  334
14  91.0  89
15  66.0  73
16  90.0  60
17  75.0  133
18  87.0  163
19  86.0  78
20  78.0  195
0  58.0  368
1  89.0  310
2  51.0  359
3  60.0  292
4  83.0  201
5  43.0  504
6  38.0  257
7  37.0  380
8  28.0  279
9  87.0  143
10  85.0  79
11  65.0  342
12  46.0  184
13  83.0  154
14  57.0  235
15  76.0  24
16  73.0  227
17  76.0  169
18  66.0  156
19  52.0  206
20  68.0  198
0  73.0  357
1  48.0  245
2  16.0  575
3  35.0  327
4  59.0  498
5  45.0  452
6  9.0  317
7  54.0  414
8  41.0  314
9  79.0  294
10  74.0  242
11  91.0  105
12  76.0  195
13  97.0  57
14  15.0  206
15  74.0  127
16  67.0  192
17  74.0  266
18  77.0  224
19  61.0  358
20  67.0  232
0  27.0  558
1  90.0  191
2  49.0  256
3  79.0  228
4  53.0  358
5  56.0  350
6  79.0  270
7  93.0  194
8  76.0  297
9  57.0  243
10  86.0  214
11  80.0  182
12  84.0  217
13  74.0  226
14  47.0  284
15  49.0  189
16  36.0  233
17  69.0  171
18  62.0  209
19  91.0  124
20  89.0  122
0  46.0  345
1  42.0  391
2  25.0  417
3  39.0  334
4  70.0  333
5  50.0  399
6  41.0  398
7  73.0  351
8  82.0  210
9  63.0  297
10  66.0  199
11  19.0  298
12  92.0  158
13  89.0  171
14  93.0  178
15  58.0  318
16  81.0  147
17  72.0  338
18  65.0  102
19  76.0  204
20  96.0  45
0  49.0  365
1  64.0  363
2  43.0  626
3  67.0  372
4  66.0  251
5  71.0  329
6  69.0  200
7  51.0  310
8  71.0  325
9  83.0  145
10  26.0  305
11  60.0  356
12  72.0  201
13  56.0  308
14  90.0  78
15  42.0  480
16  34.0  251
17  55.0  321
18  95.0  88
19  98.0  14
20  83.0  183
0  49.0  440
1  31.0  412
2  66.0  337
3  59.0  316
4  46.0  433
5  72.0  260
6  66.0  278
7  97.0  91
8  37.0  209
9  90.0  78
10  67.0  270
11  52.0  214
12  80.0  212
13  38.0  377
14  71.0  198
15  58.0  298
16  79.0  162
17  78.0  243
18  98.0  27
19  63.0  201
20  83.0  242
