1  43.5  2947
2  48.899999999999999  2893
3  54.899999999999999  2904
4  37.899999999999999  2915
5  45.100000000000001  2752
6  29.399999999999999  2814
7  40.799999999999997  3386
1  53.399999999999999  2931
2  29.600000000000001  2709
3  30.199999999999999  2771
4  38.399999999999999  3097
5  43.0  2866
6  37.899999999999999  3272
7  36.100000000000001  3075
1  47.600000000000001  3263
2  55.600000000000001  3234
3  33.299999999999997  2940
4  44.299999999999997  2992
5  47.799999999999997  3141
6  35.100000000000001  2873
7  31.600000000000001  2903
1  43.5  2867
2  39.5  2654
3  47.299999999999997  2907
4  58.200000000000003  2830
5  38.5  2935
6  39.200000000000003  3193
7  37.799999999999997  3108
1  46.100000000000001  2705
2  33.100000000000001  3051
3  39.299999999999997  2842
4  42.100000000000001  2972
5  38.299999999999997  3454
6  42.700000000000003  2920
7  51.100000000000001  2760
1  36.600000000000001  2881
2  42.899999999999999  2445
3  49.700000000000003  3415
4  42.799999999999997  2807
5  34.899999999999999  3268
6  48.600000000000001  2973
7  48.299999999999997  3129
1  47.100000000000001  2950
2  44.200000000000003  2692
3  40.799999999999997  2720
4  47.299999999999997  2827
5  40.700000000000003  3033
6  40.100000000000001  2893
7  34.100000000000001  3117
1  44.600000000000001  3040
2  38.600000000000001  2704
3  48.299999999999997  2934
4  40.100000000000001  3275
5  51.200000000000003  2822
6  36.899999999999999  3063
7  38.299999999999997  2880
1  40.799999999999997  2785
2  42.399999999999999  2918
3  36.0  2976
4  47.399999999999999  3426
5  35.5  3095
6  39.399999999999999  3136
7  31.0  3074
1  51.899999999999999  2871
2  40.0  3172
3  38.399999999999999  2580
4  41.5  2880
5  40.899999999999999  3419
6  37.799999999999997  3011
7  37.100000000000001  3370
1  48.5  2930
2  43.100000000000001  2954
3  42.200000000000003  2724
4  41.899999999999999  2932
5  51.600000000000001  3027
6  30.0  2583
7  45.299999999999997  2900
1  39.200000000000003  2448
2  33.399999999999999  3090
3  33.600000000000001  2676
4  42.0  2721
5  38.0  2788
6  34.5  3077
7  39.899999999999999  3404
1  42.100000000000001  3598
2  39.899999999999999  2923
3  42.899999999999999  2765
4  35.0  2823
5  41.399999999999999  2700
6  47.200000000000003  2830
7  30.300000000000001  2956
1  55.100000000000001  2883
2  40.799999999999997  2638
3  34.0  2574
4  40.399999999999999  3067
5  40.600000000000001  3149
6  42.0  2769
7  36.600000000000001  2744
1  30.300000000000001  2954
2  41.0  2995
3  45.700000000000003  2984
4  34.5  3209
5  36.600000000000001  3003
6  42.600000000000001  3236
7  36.600000000000001  3325
1  50.200000000000003  2968
2  42.0  2556
3  36.0  2539
4  42.799999999999997  2738
5  35.799999999999997  2863
6  41.899999999999999  2824
7  38.600000000000001  2731
1  57.799999999999997  2502
2  37.399999999999999  2765
3  40.0  2947
4  45.899999999999999  2856
5  45.200000000000003  2937
6  40.299999999999997  3141
7  43.600000000000001  3130
1  41.5  3367
2  36.5  2746
3  40.799999999999997  3301
4  37.799999999999997  3276
5  41.100000000000001  3186
6  42.799999999999997  3141
7  38.100000000000001  3088
1  46.0  2920
2  48.0  3098
3  39.5  2906
4  34.0  3162
5  36.899999999999999  2864
6  43.399999999999999  2945
7  39.0  3113
1  40.899999999999999  3019
2  52.200000000000003  2888
3  33.600000000000001  2615
4  41.799999999999997  2981
5  42.399999999999999  3323
6  45.5  3029
7  38.5  3261
1  47.799999999999997  3012
2  42.100000000000001  2444
3  42.0  2877
4  31.100000000000001  3068
5  36.600000000000001  3297
6  39.0  2825
7  36.399999999999999  2878
1  50.100000000000001  2874
2  51.0  3079
3  42.299999999999997  2845
4  40.700000000000003  3127
5  35.0  3051
6  38.100000000000001  3079
7  46.299999999999997  3040
1  45.399999999999999  3522
2  37.700000000000003  2947
3  39.799999999999997  2856
4  46.200000000000003  2957
5  37.100000000000001  2541
6  36.5  3113
7  42.600000000000001  3291
1  39.799999999999997  2922
2  39.299999999999997  3036
3  49.5  3068
4  37.899999999999999  3220
5  42.899999999999999  2891
6  40.299999999999997  2669
7  42.899999999999999  3155
1  51.700000000000003  2971
2  52.299999999999997  3145
3  38.0  3268
4  40.100000000000001  2993
5  40.899999999999999  3271
6  37.700000000000003  2905
7  44.299999999999997  2813
1  46.5  2634
2  43.700000000000003  2816
3  46.799999999999997  2734
4  43.0  3054
5  50.299999999999997  2768
6  40.600000000000001  3296
7  39.100000000000001  3214
1  40.399999999999999  2725
2  34.700000000000003  2869
3  36.899999999999999  2976
4  39.299999999999997  2882
5  36.399999999999999  3017
6  41.700000000000003  3037
7  37.700000000000003  2889
1  42.899999999999999  3424
2  41.200000000000003  2686
3  34.799999999999997  3034
4  48.600000000000001  2845
5  32.700000000000003  2982
6  43.399999999999999  3125
7  48.299999999999997  2911
1  36.5  2911
2  26.300000000000001  2913
3  48.100000000000001  2432
4  42.299999999999997  3047
5  40.299999999999997  3007
6  42.5  3169
7  48.200000000000003  2528
1  34.899999999999999  2667
2  35.600000000000001  2940
3  41.100000000000001  2833
4  43.899999999999999  2842
5  41.299999999999997  2794
6  42.200000000000003  3187
7  31.600000000000001  2863
1  30.600000000000001  3419
2  44.299999999999997  3280
3  38.600000000000001  2728
4  41.799999999999997  3024
5  44.399999999999999  3023
6  41.5  3417
7  41.299999999999997  3229
1  36.5  2377
2  37.200000000000003  3064
3  42.5  2979
4  43.5  2528
5  30.600000000000001  3034
6  45.700000000000003  3104
7  47.600000000000001  3115
1  47.5  2658
2  42.399999999999999  2743
3  42.899999999999999  3164
4  46.399999999999999  3215
5  39.5  2671
6  40.799999999999997  3259
7  37.299999999999997  3292
1  42.299999999999997  3178
2  35.5  2889
3  39.5  3070
4  47.399999999999999  2832
5  39.799999999999997  3054
6  37.899999999999999  3316
7  34.100000000000001  3121
1  44.5  2812
2  42.799999999999997  2863
3  37.5  3171
4  52.399999999999999  2942
5  46.899999999999999  2976
6  33.799999999999997  3292
7  43.200000000000003  2749
1  47.600000000000001  3325
2  31.100000000000001  2381
3  51.0  2648
4  34.700000000000003  2786
5  44.700000000000003  2961
6  44.799999999999997  3086
7  39.0  2942
1  44.0  3173
2  32.700000000000003  2924
3  43.799999999999997  2863
4  44.100000000000001  3282
5  41.5  2862
6  38.5  3033
7  41.5  3224
1  30.0  3185
2  46.600000000000001  2558
3  33.299999999999997  3149
4  35.100000000000001  3105
5  40.299999999999997  3116
6  41.899999999999999  3079
7  44.200000000000003  3210
1  44.600000000000001  2859
2  47.700000000000003  3158
3  45.399999999999999  2853
4  51.100000000000001  2608
5  37.399999999999999  3193
6  38.299999999999997  3155
7  38.700000000000003  2837
1  45.5  2857
2  54.100000000000001  2851
3  41.700000000000003  3027
4  42.799999999999997  2956
5  37.899999999999999  3359
6  46.0  2633
7  29.899999999999999  3414
1  49.700000000000003  2990
2  38.399999999999999  2669
3  40.100000000000001  2701
4  48.799999999999997  3135
5  46.200000000000003  3332
6  51.0  2876
7  37.0  2937
1  43.100000000000001  2726
2  36.799999999999997  3139
3  35.0  2918
4  45.399999999999999  2935
5  33.299999999999997  3477
6  32.899999999999999  3056
7  50.0  3028
1  18.199999999999999  2740
2  51.399999999999999  2905
3  35.0  3071
4  38.100000000000001  2574
5  37.899999999999999  2988
6  40.600000000000001  3019
7  42.5  3078
1  57.799999999999997  3022
2  50.700000000000003  3133
3  49.200000000000003  2526
4  43.299999999999997  3125
5  46.600000000000001  2686
6  43.0  3041
7  30.800000000000001  3105
1  45.100000000000001  3226
2  35.100000000000001  3127
3  41.600000000000001  2750
4  40.299999999999997  2861
5  46.200000000000003  2866
6  37.799999999999997  2918
7  39.899999999999999  3289
1  46.5  2541
2  47.399999999999999  2844
3  45.799999999999997  2652
4  44.899999999999999  2778
5  42.799999999999997  2648
6  34.5  3164
7  43.299999999999997  2848
1  35.399999999999999  2941
2  38.100000000000001  3267
3  41.399999999999999  2860
4  43.899999999999999  3204
5  35.0  2678
6  38.700000000000003  3156
7  48.0  3030
1  29.399999999999999  2869
2  44.899999999999999  3113
3  43.399999999999999  2769
4  55.200000000000003  3001
5  42.5  2756
6  36.0  2967
7  33.5  3329
1  38.700000000000003  3136
2  43.700000000000003  2795
3  47.399999999999999  3197
4  37.600000000000001  2995
5  44.299999999999997  3054
6  50.0  3177
7  39.5  2931
1  42.600000000000001  3002
2  35.5  3060
3  49.799999999999997  3412
4  42.399999999999999  2917
5  42.600000000000001  3145
6  43.600000000000001  2790
7  38.399999999999999  3118
1  46.100000000000001  3236
2  57.100000000000001  2898
3  33.799999999999997  2822
4  39.299999999999997  2948
5  52.700000000000003  2956
6  54.200000000000003  2873
7  36.899999999999999  3118
1  50.399999999999999  3329
2  44.399999999999999  2821
3  45.200000000000003  2799
4  43.299999999999997  3092
5  44.100000000000001  3068
6  41.200000000000003  2928
7  35.700000000000003  3260
1  50.100000000000001  3077
2  51.700000000000003  2847
3  36.5  2906
4  41.5  3159
5  57.100000000000001  3004
6  42.899999999999999  3123
7  45.799999999999997  3129
1  38.899999999999999  3139
2  44.0  3065
3  43.600000000000001  3007
4  46.600000000000001  2989
5  37.799999999999997  2852
6  31.600000000000001  3159
7  42.100000000000001  3301
1  38.200000000000003  2716
2  36.399999999999999  2642
3  46.600000000000001  2967
4  40.200000000000003  2776
5  42.200000000000003  3196
6  33.0  2754
7  36.0  3155
1  37.700000000000003  3162
2  39.799999999999997  2503
3  37.899999999999999  3130
4  46.899999999999999  2912
5  36.100000000000001  2770
6  41.899999999999999  2707
7  38.899999999999999  2952
1  48.200000000000003  2626
2  38.600000000000001  2981
3  44.700000000000003  2789
4  42.299999999999997  2788
5  39.5  3013
6  35.100000000000001  2823
7  38.299999999999997  3001
1  49.899999999999999  2766
2  42.799999999999997  2789
3  41.899999999999999  2815
4  35.299999999999997  3171
5  39.399999999999999  3030
6  39.299999999999997  3101
7  41.399999999999999  3221
1  43.399999999999999  2958
2  42.5  3207
3  44.5  3044
4  41.100000000000001  2898
5  36.799999999999997  3221
6  33.899999999999999  2986
7  35.399999999999999  2937
1  44.799999999999997  2950
2  52.200000000000003  2974
3  46.299999999999997  2975
4  35.399999999999999  3102
5  41.200000000000003  3039
6  48.299999999999997  2946
7  32.700000000000003  2998
1  48.299999999999997  2168
2  46.600000000000001  2902
3  42.299999999999997  2727
4  42.600000000000001  3215
5  43.399999999999999  2737
6  44.399999999999999  2832
7  38.299999999999997  3193
1  51.899999999999999  3220
2  41.700000000000003  2842
3  47.600000000000001  3026
4  40.399999999999999  3306
5  46.899999999999999  2812
6  41.100000000000001  3076
7  32.799999999999997  3135
1  41.100000000000001  3041
2  40.200000000000003  2983
3  69.299999999999997  1823
4  41.399999999999999  3001
5  39.399999999999999  3305
6  44.700000000000003  3159
7  38.700000000000003  2840
1  36.399999999999999  2724
2  47.399999999999999  2965
3  48.299999999999997  3004
4  45.5  3258
5  42.600000000000001  3013
6  39.799999999999997  2914
7  41.700000000000003  3011
1  32.299999999999997  2914
2  36.700000000000003  3331
3  53.299999999999997  2921
4  43.899999999999999  3145
5  50.299999999999997  3181
6  42.799999999999997  2977
7  33.799999999999997  2614
1  39.700000000000003  3040
2  37.700000000000003  3119
3  49.5  2951
4  43.5  3123
5  45.200000000000003  3176
6  39.200000000000003  2782
7  30.199999999999999  3114
1  44.0  2800
2  52.399999999999999  3174
3  43.5  2893
4  42.5  3129
5  36.0  3084
6  48.799999999999997  3269
7  38.100000000000001  3108
1  37.700000000000003  2964
2  44.700000000000003  3040
3  36.200000000000003  2718
4  43.600000000000001  3057
5  38.5  2657
6  34.0  3108
7  38.700000000000003  2909
1  57.5  3093
2  47.600000000000001  2705
3  42.200000000000003  2911
4  47.399999999999999  2993
5  41.5  2877
6  47.399999999999999  3224
7  37.899999999999999  3151
1  35.899999999999999  2655
2  37.200000000000003  3112
3  48.200000000000003  3226
4  46.899999999999999  3093
5  37.200000000000003  3166
6  34.5  2470
7  46.299999999999997  3072
1  55.5  2927
2  37.399999999999999  2318
3  44.5  2825
4  39.5  2841
5  39.700000000000003  2906
6  32.899999999999999  3171
7  35.299999999999997  2998
1  44.5  2991
2  35.5  2808
3  34.399999999999999  3255
4  45.600000000000001  2935
5  42.799999999999997  3136
6  38.600000000000001  2991
7  35.600000000000001  3105
1  50.799999999999997  2493
2  39.200000000000003  2981
3  44.299999999999997  2866
4  47.299999999999997  2744
5  42.5  3171
6  41.799999999999997  3031
7  31.300000000000001  3107
1  43.700000000000003  3061
2  42.799999999999997  2648
3  45.399999999999999  2788
4  49.100000000000001  3219
5  38.799999999999997  2914
6  42.799999999999997  3258
7  41.600000000000001  2923
1  28.5  3248
2  45.700000000000003  2751
3  39.799999999999997  2970
4  46.200000000000003  2881
5  43.899999999999999  3083
6  45.100000000000001  3460
7  38.899999999999999  3084
1  48.600000000000001  2748
2  51.5  2688
3  42.399999999999999  2708
4  44.399999999999999  2907
5  30.300000000000001  3209
6  43.0  3120
7  33.700000000000003  3380
1  44.899999999999999  2522
2  39.100000000000001  2893
3  39.5  3163
4  42.0  2998
5  40.0  2723
6  43.100000000000001  3281
7  31.800000000000001  2532
1  48.600000000000001  3243
2  49.200000000000003  2952
3  46.799999999999997  3120
4  49.799999999999997  2539
5  39.299999999999997  3190
6  39.200000000000003  2910
7  39.0  2884
1  36.200000000000003  3027
2  41.899999999999999  2714
3  34.799999999999997  2841
4  34.399999999999999  3035
5  42.799999999999997  2810
6  47.5  3093
7  36.5  3128
1  48.700000000000003  2902
2  39.0  2836
3  55.899999999999999  2932
4  56.200000000000003  2696
5  44.399999999999999  2973
6  38.399999999999999  2844
7  40.399999999999999  3152
1  46.600000000000001  2739
2  37.200000000000003  2872
3  46.0  2910
4  34.399999999999999  3559
5  43.799999999999997  2829
6  41.399999999999999  3213
7  48.799999999999997  2862
1  30.199999999999999  2674
2  44.0  2978
3  45.299999999999997  2757
4  47.399999999999999  3046
5  47.299999999999997  3049
6  48.799999999999997  3032
7  37.799999999999997  2977
1  44.100000000000001  2896
2  45.600000000000001  2711
3  41.399999999999999  2657
4  46.0  2974
5  31.899999999999999  3173
6  42.399999999999999  3141
7  39.899999999999999  2967
1  29.399999999999999  2847
2  38.0  2938
3  34.100000000000001  2778
4  39.600000000000001  2668
5  37.700000000000003  3160
6  38.0  3240
7  33.200000000000003  2795
1  45.100000000000001  2904
2  43.700000000000003  3112
3  44.700000000000003  2562
4  33.299999999999997  3391
5  48.899999999999999  2990
6  44.299999999999997  3032
7  40.700000000000003  3162
1  46.700000000000003  3185
2  46.600000000000001  2971
3  39.700000000000003  3109
4  47.299999999999997  2879
5  47.299999999999997  3105
6  48.5  2901
7  38.700000000000003  3161
1  40.5  2872
2  44.799999999999997  2361
3  45.200000000000003  3070
4  43.100000000000001  2900
5  34.700000000000003  2784
6  49.899999999999999  3123
7  42.600000000000001  3125
1  53.799999999999997  2964
2  43.299999999999997  2470
3  40.299999999999997  2935
4  43.299999999999997  2734
5  36.0  2929
6  32.399999999999999  3181
7  30.800000000000001  3220
1  44.299999999999997  2902
2  33.700000000000003  3380
3  46.600000000000001  2939
4  38.799999999999997  2809
5  35.200000000000003  3028
6  35.700000000000003  3059
7  41.600000000000001  3048
1  43.799999999999997  2927
2  39.200000000000003  3071
3  51.299999999999997  3133
4  46.700000000000003  3071
5  35.100000000000001  3138
6  44.299999999999997  3081
7  42.399999999999999  3006
1  31.800000000000001  2529
2  48.399999999999999  3049
3  51.299999999999997  2939
4  47.399999999999999  3295
5  39.899999999999999  2709
6  45.100000000000001  2971
7  34.0  3258
1  49.600000000000001  2842
2  43.5  2952
3  43.5  2882
4  50.0  3059
5  32.399999999999999  3297
6  34.700000000000003  2828
7  42.0  3032
1  35.799999999999997  2929
2  44.0  2925
3  46.799999999999997  2913
4  52.100000000000001  2936
5  39.5  3147
6  38.200000000000003  3103
7  33.799999999999997  3510
1  35.100000000000001  2595
2  49.799999999999997  2979
3  48.100000000000001  2949
4  51.299999999999997  3013
5  42.0  2856
6  37.100000000000001  3241
7  41.899999999999999  3124
1  33.600000000000001  2998
2  44.5  2605
3  47.600000000000001  2782
4  47.0  3038
5  34.100000000000001  2950
6  36.799999999999997  3201
7  36.600000000000001  3122
1  48.5  2877
2  40.700000000000003  2849
3  41.0  2752
4  39.399999999999999  2730
5  43.200000000000003  2963
6  36.600000000000001  2894
7  38.200000000000003  3107
1  45.299999999999997  3149
2  32.200000000000003  2850
3  38.200000000000003  2838
4  39.299999999999997  2740
5  49.700000000000003  3156
6  47.100000000000001  2861
7  42.100000000000001  3112
1  41.0  2988
2  38.799999999999997  3084
3  36.399999999999999  2561
4  40.600000000000001  2774
5  42.5  3194
6  38.0  2714
7  39.799999999999997  3127
1  36.899999999999999  2632
2  51.0  3008
3  36.5  3079
4  44.5  2664
5  40.899999999999999  3196
6  39.399999999999999  2873
7  49.0  2887
1  41.0  3278
2  39.200000000000003  3002
3  48.100000000000001  2626
4  38.399999999999999  2751
5  37.799999999999997  2816
6  40.399999999999999  3417
7  39.100000000000001  3442
