1  72.0  423.0
2  65.0  473.0
3  37.0  472.0
4  56.0  465.0
5  50.0  404.0
6  47.0  461.0
7  50.0  488.0
1  36.0  499.0
2  60.0  475.0
3  33.0  387.0
4  81.0  500.0
5  45.0  380.0
6  9.0  301.0
7  37.0  478.0
1  61.0  498.0
2  40.0  401.0
3  57.0  476.0
4  71.0  497.0
5  31.0  317.0
6  49.0  464.0
7  66.0  472.0
1  56.0  500.0
2  26.0  313.0
3  49.0  421.0
4  57.0  452.0
5  39.0  323.0
6  46.0  488.0
7  43.0  495.0
1  61.0  495.0
2  84.0  500.0
3  67.0  490.0
4  54.0  425.0
5  43.0  469.0
6  40.0  483.0
7  21.0  385.0
1  18.0  394.0
2  52.0  500.0
3  42.0  485.0
4  70.0  462.0
5  64.0  499.0
6  34.0  371.0
7  48.0  494.0
1  95.0  500.0
2  34.0  456.0
3  36.0  453.0
4  58.0  469.0
5  30.0  483.0
6  37.0  394.0
7  42.0  495.0
1  39.0  500.0
2  36.0  417.0
3  18.0  344.0
4  39.0  453.0
5  28.0  406.0
6  41.0  439.0
7  38.0  398.0
1  39.0  473.0
2  63.0  500.0
3  22.0  449.0
4  42.0  435.0
5  36.0  499.0
6  34.0  421.0
7  46.0  494.0
1  70.0  489.0
2  60.0  494.0
3  14.0  331.0
4  80.0  495.0
5  61.0  475.0
6  24.0  327.0
7  43.0  447.0
1  61.0  395.0
2  27.0  341.0
3  40.0  500.0
4  61.0  500.0
5  37.0  454.0
6  48.0  466.0
7  17.0  371.0
1  14.0  255.0
2  52.0  500.0
3  29.0  390.0
4  18.0  458.0
5  12.0  254.0
6  48.0  424.0
7  35.0  492.0
1  67.0  463.0
2  41.0  496.0
3  67.0  489.0
4  38.0  348.0
5  78.0  500.0
6  56.0  478.0
7  36.0  379.0
1  57.0  485.0
2  74.0  479.0
3  40.0  449.0
4  40.0  490.0
5  28.0  488.0
6  41.0  459.0
7  60.0  498.0
1  29.0  348.0
2  35.0  430.0
3  50.0  430.0
4  55.0  478.0
5  37.0  377.0
6  55.0  474.0
7  40.0  454.0
1  52.0  480.0
2  40.0  450.0
3  28.0  308.0
4  29.0  241.0
5  40.0  441.0
6  21.0  457.0
7  46.0  431.0
1  44.0  500.0
2  17.0  295.0
3  44.0  475.0
4  47.0  453.0
5  35.0  423.0
6  76.0  480.0
7  48.0  448.0
1  23.0  384.0
2  71.0  500.0
3  48.0  362.0
4  63.0  483.0
5  47.0  495.0
6  24.0  453.0
7  48.0  496.0
1  78.0  447.0
2  76.0  476.0
3  35.0  328.0
4  14.0  297.0
5  47.0  428.0
6  39.0  429.0
7  22.0  372.0
1  27.0  351.0
2  51.0  500.0
3  67.0  489.0
4  41.0  472.0
5  31.0  481.0
6  64.0  472.0
7  31.0  340.0
1  40.0  438.0
2  57.0  496.0
3  10.0  247.0
4  46.0  470.0
5  44.0  392.0
6  43.0  481.0
7  16.0  382.0
1  66.0  449.0
2  30.0  248.0
3  48.0  437.0
4  71.0  495.0
5  47.0  451.0
6  24.0  468.0
7  57.0  500.0
1  34.0  426.0
2  82.0  483.0
3  42.0  412.0
4  66.0  485.0
5  51.0  469.0
6  44.0  444.0
7  57.0  460.0
1  81.0  450.0
2  30.0  499.0
3  58.0  456.0
4  68.0  469.0
5  28.0  339.0
6  37.0  305.0
7  51.0  450.0
1  12.0  366.0
2  42.0  454.0
3  47.0  494.0
4  63.0  475.0
5  31.0  418.0
6  46.0  344.0
7  25.0  401.0
1  73.0  477.0
2  39.0  495.0
3  71.0  490.0
4  52.0  437.0
5  28.0  360.0
6  28.0  403.0
7  43.0  486.0
1  52.0  461.0
2  64.0  484.0
3  50.0  442.0
4  43.0  416.0
5  57.0  454.0
6  28.0  458.0
7  33.0  460.0
1  44.0  490.0
2  0.0  317.0
3  38.0  357.0
4  43.0  443.0
5  47.0  498.0
6  60.0  487.0
7  36.0  496.0
1  66.0  451.0
2  69.0  496.0
3  42.0  460.0
4  65.0  500.0
5  59.0  467.0
6  31.0  384.0
7  21.0  450.0
1  49.0  500.0
2  51.0  457.0
3  11.0  299.0
4  33.0  422.0
5  43.0  499.0
6  34.0  401.0
7  30.0  402.0
1  69.0  480.0
2  41.0  430.0
3  36.0  468.0
4  32.0  443.0
5  46.0  487.0
6  24.0  363.0
7  44.0  488.0
1  35.0  432.0
2  43.0  463.0
3  48.0  484.0
4  41.0  427.0
5  34.0  363.0
6  30.0  464.0
7  38.0  475.0
1  62.0  497.0
2  72.0  484.0
3  74.0  497.0
4  33.0  315.0
5  35.0  468.0
6  30.0  405.0
7  2.0  330.0
1  62.0  494.0
2  41.0  489.0
3  43.0  491.0
4  28.0  334.0
5  53.0  475.0
6  47.0  422.0
7  30.0  479.0
1  93.0  500.0
2  38.0  419.0
3  42.0  468.0
4  60.0  499.0
5  56.0  493.0
6  9.0  264.0
7  42.0  404.0
1  62.0  500.0
2  55.0  491.0
3  26.0  457.0
4  55.0  448.0
5  22.0  385.0
6  55.0  472.0
7  64.0  488.0
1  55.0  459.0
2  63.0  464.0
3  55.0  443.0
4  79.0  500.0
5  42.0  443.0
6  40.0  461.0
7  52.0  439.0
1  72.0  500.0
2  49.0  415.0
3  55.0  488.0
4  39.0  416.0
5  68.0  486.0
6  34.0  497.0
7  41.0  428.0
1  17.0  300.0
2  22.0  305.0
3  51.0  400.0
4  63.0  459.0
5  43.0  439.0
6  26.0  425.0
7  30.0  379.0
1  41.0  379.0
2  40.0  350.0
3  44.0  463.0
4  46.0  483.0
5  56.0  474.0
6  78.0  499.0
7  51.0  461.0
1  78.0  498.0
2  14.0  332.0
3  62.0  483.0
4  24.0  351.0
5  47.0  494.0
6  32.0  395.0
7  63.0  500.0
1  50.0  424.0
2  43.0  494.0
3  76.0  500.0
4  41.0  426.0
5  37.0  436.0
6  45.0  470.0
7  46.0  494.0
1  63.0  416.0
2  68.0  500.0
3  57.0  499.0
4  44.0  446.0
5  26.0  452.0
6  67.0  496.0
7  48.0  427.0
1  92.0  500.0
2  37.0  365.0
3  70.0  496.0
4  44.0  500.0
5  34.0  439.0
6  48.0  414.0
7  30.0  400.0
1  57.0  500.0
2  25.0  373.0
3  20.0  310.0
4  29.0  284.0
5  25.0  422.0
6  82.0  500.0
7  60.0  470.0
1  9.0  447.0
2  86.0  500.0
3  77.0  495.0
4  51.0  495.0
5  57.0  500.0
6  56.0  477.0
7  49.0  420.0
1  33.0  414.0
2  54.0  484.0
3  45.0  490.0
4  48.0  497.0
5  52.0  489.0
6  52.0  473.0
7  49.0  424.0
1  21.0  276.0
2  50.0  411.0
3  76.0  497.0
4  44.0  412.0
5  68.0  498.0
6  44.0  346.0
7  47.0  420.0
1  57.0  451.0
2  88.0  490.0
3  70.0  480.0
4  43.0  422.0
5  54.0  444.0
6  42.0  343.0
7  25.0  401.0
1  54.0  479.0
2  41.0  497.0
3  27.0  452.0
4  59.0  469.0
5  44.0  457.0
6  38.0  304.0
7  14.0  337.0
1  30.0  491.0
2  67.0  474.0
3  30.0  289.0
4  59.0  492.0
5  59.0  457.0
6  40.0  449.0
7  41.0  419.0
1  42.0  490.0
2  69.0  458.0
3  55.0  491.0
4  39.0  448.0
5  40.0  466.0
6  55.0  500.0
7  21.0  431.0
1  61.0  500.0
2  57.0  497.0
3  40.0  424.0
4  28.0  460.0
5  6.0  284.0
6  62.0  493.0
7  40.0  490.0
1  47.0  416.0
2  53.0  471.0
3  38.0  500.0
4  22.0  461.0
5  29.0  492.0
6  37.0  462.0
7  36.0  423.0
1  18.0  298.0
2  40.0  482.0
3  39.0  380.0
4  55.0  454.0
5  33.0  401.0
6  47.0  495.0
7  64.0  498.0
1  40.0  448.0
2  72.0  500.0
3  38.0  425.0
4  42.0  452.0
5  58.0  481.0
6  26.0  357.0
7  52.0  500.0
1  71.0  500.0
2  59.0  419.0
3  63.0  457.0
4  69.0  495.0
5  23.0  426.0
6  26.0  334.0
7  67.0  500.0
1  57.0  496.0
2  63.0  500.0
3  63.0  434.0
4  50.0  364.0
5  31.0  368.0
6  36.0  366.0
7  57.0  495.0
1  39.0  328.0
2  62.0  496.0
3  71.0  444.0
4  29.0  397.0
5  23.0  328.0
6  37.0  497.0
7  40.0  401.0
1  56.0  475.0
2  59.0  500.0
3  37.0  353.0
4  47.0  486.0
5  36.0  426.0
6  24.0  432.0
7  47.0  414.0
1  65.0  492.0
2  34.0  423.0
3  76.0  493.0
4  39.0  376.0
5  40.0  464.0
6  48.0  470.0
7  53.0  499.0
1  69.0  482.0
2  37.0  468.0
3  61.0  437.0
4  71.0  495.0
5  51.0  451.0
6  70.0  499.0
7  17.0  337.0
1  23.0  367.0
2  59.0  417.0
3  53.0  486.0
4  45.0  482.0
5  35.0  315.0
6  50.0  412.0
7  41.0  396.0
1  68.0  470.0
2  50.0  451.0
3  41.0  484.0
4  18.0  324.0
5  29.0  357.0
6  77.0  500.0
7  18.0  294.0
1  61.0  411.0
2  80.0  500.0
3  27.0  349.0
4  55.0  473.0
5  43.0  428.0
6  28.0  489.0
7  41.0  490.0
1  70.0  500.0
2  17.0  241.0
3  63.0  478.0
4  60.0  445.0
5  60.0  408.0
6  60.0  489.0
7  52.0  500.0
1  11.0  148.0
2  73.0  466.0
3  44.0  432.0
4  31.0  492.0
5  16.0  470.0
6  33.0  435.0
7  42.0  482.0
1  1.0  434.0
2  44.0  500.0
3  50.0  404.0
4  60.0  493.0
5  48.0  498.0
6  31.0  378.0
7  32.0  420.0
1  46.0  499.0
2  25.0  492.0
3  52.0  439.0
4  40.0  357.0
5  33.0  341.0
6  38.0  437.0
7  57.0  475.0
1  50.0  476.0
2  72.0  500.0
3  58.0  500.0
4  75.0  500.0
5  44.0  442.0
6  51.0  469.0
7  30.0  356.0
1  65.0  490.0
2  44.0  490.0
3  32.0  428.0
4  54.0  462.0
5  53.0  451.0
6  21.0  341.0
7  37.0  379.0
1  56.0  484.0
2  36.0  341.0
3  37.0  500.0
4  45.0  478.0
5  30.0  413.0
6  17.0  460.0
7  23.0  466.0
1  60.0  500.0
2  64.0  463.0
3  55.0  500.0
4  68.0  499.0
5  52.0  492.0
6  53.0  478.0
7  27.0  433.0
1  45.0  473.0
2  67.0  486.0
3  38.0  492.0
4  37.0  348.0
5  65.0  483.0
6  28.0  420.0
7  25.0  270.0
1  61.0  494.0
2  19.0  451.0
3  70.0  484.0
4  82.0  499.0
5  49.0  436.0
6  51.0  457.0
7  19.0  320.0
1  55.0  492.0
2  76.0  487.0
3  60.0  500.0
4  56.0  448.0
5  44.0  446.0
6  69.0  499.0
7  38.0  494.0
1  44.0  493.0
2  58.0  500.0
3  59.0  497.0
4  61.0  463.0
5  41.0  427.0
6  31.0  460.0
7  27.0  314.0
1  60.0  500.0
2  32.0  357.0
3  83.0  489.0
4  76.0  499.0
5  10.0  385.0
6  51.0  456.0
7  28.0  471.0
1  84.0  495.0
2  27.0  480.0
3  56.0  486.0
4  40.0  497.0
5  9.0  389.0
6  57.0  463.0
7  61.0  499.0
1  54.0  435.0
2  50.0  489.0
3  62.0  492.0
4  29.0  461.0
5  12.0  288.0
6  36.0  397.0
7  21.0  367.0
1  37.0  491.0
2  68.0  496.0
3  30.0  500.0
4  60.0  493.0
5  49.0  471.0
6  42.0  499.0
7  24.0  349.0
1  47.0  500.0
2  47.0  486.0
3  35.0  480.0
4  40.0  396.0
5  54.0  484.0
6  40.0  498.0
7  32.0  450.0
1  32.0  417.0
2  58.0  447.0
3  39.0  471.0
4  43.0  483.0
5  47.0  440.0
6  61.0  493.0
7  30.0  420.0
1  65.0  494.0
2  22.0  307.0
3  53.0  374.0
4  24.0  426.0
5  46.0  391.0
6  49.0  463.0
7  37.0  463.0
1  36.0  312.0
2  18.0  264.0
3  32.0  423.0
4  39.0  374.0
5  36.0  484.0
6  44.0  487.0
7  45.0  500.0
1  28.0  355.0
2  62.0  489.0
3  78.0  500.0
4  46.0  440.0
5  80.0  500.0
6  59.0  479.0
7  24.0  417.0
1  79.0  500.0
2  70.0  500.0
3  59.0  500.0
4  40.0  485.0
5  67.0  499.0
6  62.0  492.0
7  34.0  375.0
1  65.0  496.0
2  55.0  455.0
3  41.0  393.0
4  39.0  473.0
5  28.0  407.0
6  49.0  461.0
7  28.0  372.0
1  48.0  484.0
2  61.0  440.0
3  27.0  329.0
4  50.0  451.0
5  29.0  424.0
6  40.0  443.0
7  78.0  473.0
1  72.0  497.0
2  17.0  488.0
3  41.0  500.0
4  55.0  438.0
5  47.0  370.0
6  51.0  480.0
7  13.0  383.0
1  56.0  463.0
2  77.0  499.0
3  34.0  411.0
4  31.0  476.0
5  54.0  494.0
6  47.0  485.0
7  27.0  366.0
1  37.0  494.0
2  47.0  482.0
3  71.0  470.0
4  41.0  472.0
5  37.0  439.0
6  25.0  425.0
7  41.0  389.0
1  61.0  499.0
2  26.0  427.0
3  43.0  379.0
4  29.0  358.0
5  45.0  439.0
6  49.0  349.0
7  37.0  439.0
1  90.0  500.0
2  45.0  384.0
3  61.0  493.0
4  36.0  416.0
5  52.0  494.0
6  25.0  328.0
7  12.0  263.0
1  14.0  264.0
2  23.0  297.0
3  47.0  362.0
4  52.0  421.0
5  44.0  446.0
6  35.0  426.0
7  54.0  494.0
1  71.0  491.0
2  16.0  325.0
3  47.0  486.0
4  37.0  468.0
5  50.0  398.0
6  60.0  474.0
7  40.0  398.0
1  45.0  500.0
2  37.0  417.0
3  69.0  500.0
4  26.0  475.0
5  65.0  500.0
6  22.0  421.0
7  45.0  455.0
1  27.0  500.0
2  45.0  408.0
3  32.0  492.0
4  36.0  447.0
5  28.0  429.0
6  64.0  448.0
7  50.0  476.0
1  21.0  488.0
2  38.0  496.0
3  67.0  474.0
4  51.0  500.0
5  28.0  373.0
6  34.0  368.0
7  28.0  447.0
1  43.0  500.0
2  42.0  492.0
3  71.0  493.0
4  46.0  499.0
5  56.0  412.0
6  27.0  429.0
7  31.0  443.0
