1  79.0  384.0
2  51.0  559.0
3  64.0  415.0
4  41.0  606.0
5  63.0  464.0
6  30.0  465.0
7  26.0  545.0
1  37.0  465.0
2  29.0  321.0
3  59.0  541.0
4  15.0  541.0
5  41.0  336.0
6  41.0  442.0
7  26.0  431.0
1  52.0  445.0
2  23.0  474.0
3  48.0  420.0
4  14.0  381.0
5  47.0  535.0
6  34.0  445.0
7  25.0  400.0
1  60.0  508.0
2  60.0  391.0
3  43.0  513.0
4  5.0  205.0
5  39.0  466.0
6  33.0  546.0
7  42.0  546.0
1  78.0  401.0
2  57.0  499.0
3  40.0  487.0
4  34.0  554.0
5  23.0  290.0
6  35.0  449.0
7  58.0  408.0
1  53.0  490.0
2  61.0  417.0
3  48.0  334.0
4  42.0  501.0
5  26.0  354.0
6  35.0  647.0
7  41.0  465.0
1  13.0  327.0
2  51.0  376.0
3  64.0  359.0
4  45.0  517.0
5  57.0  494.0
6  42.0  595.0
7  51.0  469.0
1  58.0  382.0
2  33.0  338.0
3  42.0  421.0
4  12.0  446.0
5  25.0  300.0
6  34.0  516.0
7  41.0  496.0
1  29.0  289.0
2  28.0  393.0
3  58.0  421.0
4  47.0  375.0
5  52.0  494.0
6  51.0  501.0
7  25.0  467.0
1  14.0  487.0
2  69.0  347.0
3  73.0  364.0
4  33.0  506.0
5  45.0  513.0
6  58.0  390.0
7  33.0  565.0
1  53.0  349.0
2  44.0  415.0
3  28.0  328.0
4  22.0  396.0
5  61.0  480.0
6  55.0  495.0
7  16.0  614.0
1  32.0  560.0
2  56.0  420.0
3  12.0  269.0
4  51.0  515.0
5  42.0  448.0
6  26.0  615.0
7  33.0  374.0
1  65.0  378.0
2  58.0  304.0
3  25.0  411.0
4  30.0  536.0
5  31.0  380.0
6  29.0  447.0
7  30.0  598.0
1  0.0  275.0
2  46.0  297.0
3  62.0  436.0
4  56.0  422.0
5  39.0  467.0
6  21.0  431.0
7  39.0  583.0
1  52.0  375.0
2  67.0  372.0
3  14.0  227.0
4  45.0  441.0
5  35.0  369.0
6  47.0  456.0
7  68.0  406.0
1  40.0  271.0
2  57.0  412.0
3  47.0  411.0
4  40.0  472.0
5  31.0  493.0
6  37.0  520.0
7  37.0  503.0
1  51.0  407.0
2  52.0  472.0
3  10.0  284.0
4  63.0  405.0
5  39.0  310.0
6  39.0  719.0
7  12.0  480.0
1  51.0  459.0
2  43.0  400.0
3  54.0  394.0
4  41.0  434.0
5  34.0  377.0
6  44.0  484.0
7  31.0  614.0
1  52.0  344.0
2  31.0  415.0
3  26.0  467.0
4  28.0  362.0
5  42.0  401.0
6  47.0  294.0
7  26.0  506.0
1  63.0  454.0
2  29.0  314.0
3  47.0  509.0
4  34.0  401.0
5  52.0  455.0
6  47.0  551.0
7  76.0  388.0
1  65.0  449.0
2  58.0  400.0
3  19.0  446.0
4  46.0  445.0
5  48.0  483.0
6  43.0  398.0
7  39.0  464.0
1  43.0  540.0
2  23.0  379.0
3  40.0  617.0
4  57.0  393.0
5  48.0  397.0
6  39.0  425.0
7  40.0  514.0
1  43.0  272.0
2  39.0  509.0
3  31.0  405.0
4  37.0  480.0
5  26.0  466.0
6  39.0  433.0
7  28.0  487.0
1  28.0  456.0
2  18.0  537.0
3  37.0  441.0
4  61.0  476.0
5  46.0  440.0
6  76.0  410.0
7  48.0  445.0
1  56.0  475.0
2  56.0  383.0
3  43.0  346.0
4  63.0  450.0
5  47.0  566.0
6  40.0  433.0
7  33.0  504.0
1  60.0  485.0
2  27.0  314.0
3  74.0  463.0
4  30.0  658.0
5  41.0  450.0
6  18.0  571.0
7  19.0  285.0
1  55.0  346.0
2  29.0  347.0
3  19.0  444.0
4  17.0  454.0
5  43.0  534.0
6  44.0  531.0
7  65.0  367.0
1  26.0  290.0
2  53.0  473.0
3  27.0  401.0
4  57.0  372.0
5  51.0  448.0
6  71.0  390.0
7  36.0  414.0
1  40.0  371.0
2  80.0  360.0
3  58.0  451.0
4  21.0  335.0
5  52.0  400.0
6  52.0  367.0
7  14.0  262.0
1  68.0  384.0
2  59.0  379.0
3  49.0  429.0
4  59.0  328.0
5  35.0  511.0
6  46.0  532.0
7  18.0  329.0
1  24.0  369.0
2  42.0  536.0
3  23.0  323.0
4  29.0  457.0
5  46.0  487.0
6  36.0  512.0
7  56.0  451.0
1  23.0  525.0
2  71.0  370.0
3  14.0  413.0
4  42.0  394.0
5  38.0  398.0
6  65.0  354.0
7  44.0  502.0
1  84.0  362.0
2  55.0  324.0
3  36.0  615.0
4  29.0  452.0
5  46.0  424.0
6  25.0  489.0
7  30.0  543.0
1  77.0  316.0
2  63.0  468.0
3  31.0  392.0
4  37.0  439.0
5  64.0  554.0
6  41.0  459.0
7  34.0  493.0
1  82.0  384.0
2  54.0  407.0
3  20.0  394.0
4  40.0  441.0
5  31.0  592.0
6  29.0  399.0
7  49.0  572.0
1  64.0  352.0
2  67.0  403.0
3  59.0  480.0
4  48.0  442.0
5  29.0  352.0
6  45.0  487.0
7  34.0  440.0
1  78.0  401.0
2  73.0  391.0
3  61.0  398.0
4  11.0  596.0
5  61.0  520.0
6  31.0  524.0
7  27.0  481.0
1  81.0  414.0
2  65.0  366.0
3  21.0  497.0
4  36.0  453.0
5  20.0  349.0
6  33.0  559.0
7  43.0  582.0
1  43.0  675.0
2  20.0  626.0
3  49.0  475.0
4  27.0  513.0
5  45.0  581.0
6  46.0  566.0
7  34.0  364.0
1  64.0  415.0
2  10.0  415.0
3  53.0  513.0
4  48.0  471.0
5  44.0  531.0
6  59.0  483.0
7  44.0  545.0
1  50.0  433.0
2  37.0  375.0
3  74.0  396.0
4  38.0  437.0
5  67.0  436.0
6  51.0  341.0
7  34.0  370.0
1  42.0  491.0
2  43.0  631.0
3  24.0  315.0
4  25.0  376.0
5  28.0  581.0
6  23.0  534.0
7  16.0  337.0
1  63.0  463.0
2  48.0  530.0
3  55.0  620.0
4  40.0  495.0
5  49.0  545.0
6  45.0  339.0
7  28.0  375.0
1  29.0  468.0
2  25.0  415.0
3  29.0  306.0
4  28.0  405.0
5  46.0  545.0
6  24.0  463.0
7  34.0  548.0
1  14.0  193.0
2  64.0  437.0
3  42.0  526.0
4  28.0  327.0
5  50.0  378.0
6  22.0  495.0
7  39.0  372.0
1  87.0  317.0
2  30.0  461.0
3  45.0  327.0
4  40.0  451.0
5  42.0  658.0
6  39.0  444.0
7  68.0  438.0
1  19.0  423.0
2  60.0  436.0
3  44.0  477.0
4  43.0  437.0
5  61.0  322.0
6  69.0  525.0
7  20.0  435.0
1  40.0  481.0
2  53.0  417.0
3  20.0  571.0
4  30.0  244.0
5  29.0  531.0
6  28.0  382.0
7  30.0  481.0
1  14.0  247.0
2  36.0  443.0
3  26.0  373.0
4  32.0  374.0
5  48.0  528.0
6  43.0  469.0
7  48.0  528.0
1  41.0  445.0
2  32.0  307.0
3  38.0  485.0
4  48.0  365.0
5  27.0  343.0
6  23.0  432.0
7  48.0  465.0
1  39.0  453.0
2  64.0  386.0
3  41.0  526.0
4  24.0  397.0
5  64.0  474.0
6  57.0  440.0
7  28.0  465.0
1  38.0  290.0
2  43.0  488.0
3  48.0  477.0
4  38.0  423.0
5  27.0  504.0
6  68.0  418.0
7  12.0  299.0
1  34.0  365.0
2  55.0  449.0
3  51.0  464.0
4  44.0  514.0
5  15.0  619.0
6  37.0  477.0
7  36.0  317.0
1  58.0  482.0
2  86.0  300.0
3  35.0  430.0
4  54.0  449.0
5  29.0  395.0
6  37.0  486.0
7  51.0  408.0
1  13.0  435.0
2  22.0  562.0
3  64.0  471.0
4  43.0  457.0
5  27.0  430.0
6  25.0  463.0
7  33.0  482.0
1  72.0  330.0
2  25.0  433.0
3  38.0  596.0
4  56.0  480.0
5  22.0  393.0
6  40.0  492.0
7  50.0  582.0
1  27.0  269.0
2  27.0  391.0
3  58.0  435.0
4  11.0  382.0
5  45.0  537.0
6  30.0  351.0
7  73.0  362.0
1  40.0  518.0
2  68.0  356.0
3  54.0  371.0
4  39.0  489.0
5  43.0  595.0
6  36.0  513.0
7  44.0  477.0
1  49.0  388.0
2  49.0  377.0
3  55.0  525.0
4  21.0  372.0
5  48.0  480.0
6  29.0  493.0
7  52.0  440.0
1  1.0  229.0
2  60.0  399.0
3  31.0  403.0
4  25.0  406.0
5  48.0  435.0
6  24.0  530.0
7  31.0  499.0
1  27.0  489.0
2  23.0  604.0
3  57.0  421.0
4  37.0  334.0
5  37.0  505.0
6  48.0  507.0
7  30.0  490.0
1  66.0  433.0
2  8.0  284.0
3  79.0  373.0
4  52.0  536.0
5  28.0  454.0
6  50.0  488.0
7  48.0  531.0
1  58.0  367.0
2  33.0  511.0
3  20.0  333.0
4  38.0  408.0
5  10.0  415.0
6  48.0  515.0
7  45.0  501.0
1  38.0  328.0
2  35.0  411.0
3  41.0  355.0
4  17.0  522.0
5  32.0  655.0
6  43.0  428.0
7  42.0  456.0
1  16.0  215.0
2  17.0  538.0
3  49.0  345.0
4  41.0  472.0
5  41.0  633.0
6  34.0  583.0
7  34.0  487.0
1  56.0  522.0
2  69.0  411.0
3  30.0  561.0
4  35.0  460.0
5  37.0  444.0
6  28.0  551.0
7  38.0  382.0
1  62.0  503.0
2  20.0  396.0
3  48.0  384.0
4  17.0  576.0
5  50.0  473.0
6  37.0  560.0
7  57.0  367.0
1  41.0  456.0
2  38.0  303.0
3  26.0  393.0
4  38.0  372.0
5  25.0  435.0
6  36.0  615.0
7  52.0  508.0
1  49.0  386.0
2  56.0  358.0
3  37.0  455.0
4  46.0  439.0
5  60.0  399.0
6  22.0  490.0
7  18.0  149.0
1  73.0  418.0
2  72.0  396.0
3  21.0  475.0
4  8.0  246.0
5  48.0  547.0
6  32.0  348.0
7  33.0  403.0
1  61.0  398.0
2  35.0  307.0
3  24.0  336.0
4  53.0  461.0
5  26.0  317.0
6  17.0  420.0
7  38.0  506.0
1  53.0  458.0
2  14.0  257.0
3  44.0  545.0
4  44.0  578.0
5  29.0  480.0
6  36.0  506.0
7  18.0  402.0
1  38.0  578.0
2  35.0  337.0
3  53.0  447.0
4  41.0  352.0
5  36.0  622.0
6  45.0  651.0
7  22.0  348.0
1  59.0  537.0
2  46.0  348.0
3  51.0  351.0
4  15.0  390.0
5  25.0  362.0
6  63.0  446.0
7  41.0  579.0
1  33.0  324.0
2  84.0  372.0
3  50.0  458.0
4  39.0  469.0
5  27.0  290.0
6  43.0  503.0
7  26.0  533.0
1  37.0  506.0
2  28.0  412.0
3  28.0  365.0
4  20.0  426.0
5  30.0  479.0
6  33.0  488.0
7  24.0  316.0
1  71.0  444.0
2  46.0  504.0
3  64.0  341.0
4  30.0  474.0
5  31.0  447.0
6  34.0  411.0
7  43.0  486.0
1  26.0  176.0
2  46.0  562.0
3  23.0  516.0
4  68.0  381.0
5  33.0  363.0
6  31.0  574.0
7  80.0  345.0
1  70.0  386.0
2  68.0  384.0
3  21.0  437.0
4  47.0  497.0
5  62.0  438.0
6  25.0  504.0
7  22.0  431.0
1  52.0  390.0
2  28.0  579.0
3  39.0  548.0
4  27.0  590.0
5  34.0  434.0
6  27.0  455.0
7  33.0  491.0
1  37.0  578.0
2  43.0  523.0
3  53.0  548.0
4  21.0  649.0
5  36.0  458.0
6  29.0  475.0
7  34.0  413.0
1  56.0  499.0
2  46.0  521.0
3  29.0  434.0
4  63.0  483.0
5  63.0  446.0
6  19.0  241.0
7  31.0  309.0
1  50.0  536.0
2  43.0  480.0
3  60.0  316.0
4  17.0  277.0
5  27.0  203.0
6  23.0  482.0
7  25.0  415.0
1  44.0  494.0
2  75.0  441.0
3  46.0  531.0
4  48.0  326.0
5  38.0  491.0
6  57.0  519.0
7  24.0  428.0
1  44.0  290.0
2  45.0  334.0
3  49.0  479.0
4  31.0  508.0
5  40.0  414.0
6  58.0  462.0
7  29.0  467.0
1  66.0  448.0
2  35.0  522.0
3  28.0  529.0
4  51.0  460.0
5  11.0  193.0
6  45.0  421.0
7  25.0  529.0
1  70.0  394.0
2  53.0  457.0
3  23.0  203.0
4  32.0  545.0
5  20.0  298.0
6  36.0  391.0
7  20.0  490.0
1  9.0  373.0
2  32.0  517.0
3  35.0  316.0
4  29.0  563.0
5  61.0  391.0
6  18.0  366.0
7  42.0  446.0
1  76.0  356.0
2  59.0  384.0
3  44.0  592.0
4  32.0  411.0
5  36.0  518.0
6  33.0  479.0
7  28.0  506.0
1  67.0  315.0
2  52.0  500.0
3  69.0  400.0
4  35.0  517.0
5  57.0  477.0
6  60.0  594.0
7  25.0  494.0
1  81.0  329.0
2  71.0  413.0
3  44.0  477.0
4  29.0  332.0
5  46.0  490.0
6  27.0  442.0
7  27.0  462.0
1  51.0  590.0
2  27.0  595.0
3  14.0  529.0
4  17.0  197.0
5  58.0  421.0
6  57.0  456.0
7  55.0  462.0
1  68.0  447.0
2  49.0  390.0
3  18.0  184.0
4  66.0  419.0
5  41.0  396.0
6  32.0  604.0
7  28.0  313.0
1  13.0  470.0
2  61.0  399.0
3  72.0  420.0
4  59.0  383.0
5  30.0  418.0
6  67.0  391.0
7  36.0  510.0
1  75.0  326.0
2  58.0  511.0
3  44.0  493.0
4  41.0  428.0
5  62.0  407.0
6  24.0  395.0
7  36.0  259.0
1  66.0  351.0
2  35.0  599.0
3  51.0  562.0
4  39.0  462.0
5  37.0  485.0
6  23.0  436.0
7  18.0  457.0
1  31.0  352.0
2  26.0  584.0
3  16.0  477.0
4  26.0  338.0
5  29.0  440.0
6  53.0  547.0
7  33.0  428.0
1  70.0  349.0
2  34.0  252.0
3  32.0  555.0
4  41.0  395.0
5  35.0  527.0
6  40.0  473.0
7  28.0  375.0
1  3.0  597.0
2  49.0  500.0
3  28.0  399.0
4  33.0  430.0
5  33.0  489.0
6  42.0  452.0
7  24.0  475.0
1  40.0  614.0
2  45.0  469.0
3  42.0  350.0
4  31.0  475.0
5  32.0  373.0
6  55.0  569.0
7  16.0  565.0
