0  64.0  273
1  45.0  496
2  23.0  461
3  45.0  288
4  29.0  377
5  44.0  359
6  58.0  294
7  42.0  416
8  84.0  266
9  31.0  132
10  86.0  142
11  80.0  231
12  62.0  244
13  87.0  83
14  25.0  241
15  43.0  122
16  81.0  268
17  60.0  261
18  66.0  204
19  69.0  307
20  97.0  20
0  55.0  452
1  72.0  335
2  49.0  240
3  74.0  399
4  79.0  208
5  74.0  175
6  71.0  309
7  29.0  205
8  74.0  230
9  89.0  175
10  50.0  370
11  71.0  128
12  48.0  262
13  61.0  203
14  93.0  102
15  72.0  228
16  63.0  272
17  94.0  136
18  68.0  318
19  64.0  267
20  97.0  44
0  64.0  467
1  39.0  479
2  7.0  249
3  33.0  452
4  67.0  317
5  34.0  445
6  93.0  138
7  47.0  422
8  85.0  203
9  60.0  174
10  49.0  323
11  74.0  295
12  40.0  412
13  88.0  161
14  96.0  175
15  84.0  179
16  54.0  216
17  96.0  54
18  54.0  217
19  91.0  47
20  67.0  106
0  65.0  341
1  60.0  346
2  69.0  270
3  61.0  268
4  65.0  333
5  49.0  462
6  44.0  365
7  57.0  339
8  37.0  404
9  80.0  142
10  89.0  9
11  86.0  177
12  54.0  321
13  43.0  213
14  28.0  222
15  53.0  406
16  70.0  245
17  88.0  183
18  63.0  206
19  81.0  162
20  69.0  205
0  31.0  366
1  40.0  404
2  33.0  395
3  49.0  281
4  97.0  38
5  41.0  411
6  27.0  325
7  60.0  301
8  90.0  129
9  23.0  418
10  89.0  108
11  93.0  43
12  89.0  159
13  78.0  170
14  93.0  37
15  60.0  187
16  88.0  194
17  74.0  256
18  81.0  177
19  59.0  373
20  58.0  176
0  56.0  362
1  27.0  457
2  59.0  435
3  54.0  422
4  52.0  334
5  29.0  207
6  67.0  250
7  62.0  333
8  51.0  338
9  50.0  130
10  63.0  336
11  85.0  176
12  59.0  297
13  77.0  206
14  75.0  211
15  72.0  309
16  95.0  37
17  83.0  186
18  74.0  214
19  79.0  201
20  66.0  91
0  55.0  397
1  66.0  427
2  44.0  298
3  46.0  352
4  52.0  391
5  20.0  356
6  85.0  212
7  81.0  246
8  77.0  191
9  60.0  262
10  66.0  311
11  97.0  106
12  59.0  178
13  97.0  15
14  43.0  257
15  77.0  149
16  66.0  286
17  89.0  76
18  21.0  182
19  34.0  228
20  79.0  96
0  76.0  286
1  54.0  279
2  66.0  256
3  58.0  351
4  64.0  453
5  50.0  341
6  90.0  163
7  78.0  165
8  51.0  367
9  43.0  403
10  56.0  343
11  61.0  306
12  28.0  270
13  97.0  32
14  70.0  204
15  73.0  232
16  97.0  29
17  76.0  214
18  80.0  234
19  49.0  184
20  41.0  237
0  72.0  352
1  78.0  227
2  66.0  404
3  50.0  213
4  88.0  70
5  38.0  308
6  40.0  182
7  82.0  249
8  55.0  342
9  97.0  66
10  90.0  221
11  79.0  289
12  64.0  306
13  46.0  268
14  80.0  143
15  66.0  119
16  66.0  167
17  49.0  237
18  72.0  131
19  87.0  129
20  97.0  23
0  57.0  359
1  40.0  319
2  60.0  323
3  51.0  171
4  51.0  421
5  44.0  261
6  53.0  270
7  29.0  227
8  70.0  215
9  60.0  266
10  92.0  106
11  72.0  301
12  54.0  396
13  62.0  336
14  68.0  237
15  60.0  272
16  81.0  142
17  89.0  117
18  96.0  31
19  94.0  109
20  68.0  201
0  45.0  352
1  31.0  433
2  35.0  503
3  60.0  217
4  35.0  532
5  72.0  193
6  36.0  354
7  83.0  216
8  82.0  195
9  90.0  149
10  84.0  258
11  87.0  215
12  91.0  99
13  92.0  175
14  84.0  229
15  68.0  239
16  74.0  319
17  88.0  144
18  58.0  181
19  33.0  452
20  86.0  125
0  26.0  532
1  70.0  352
2  54.0  113
3  25.0  265
4  35.0  183
5  48.0  373
6  39.0  381
7  61.0  378
8  68.0  292
9  92.0  100
10  73.0  191
11  73.0  401
12  51.0  315
13  74.0  254
14  71.0  144
15  65.0  241
16  46.0  286
17  80.0  110
18  51.0  264
19  97.0  32
20  82.0  197
0  54.0  458
1  52.0  474
2  50.0  317
3  55.0  335
4  74.0  345
5  76.0  190
6  97.0  43
7  74.0  352
8  75.0  276
9  78.0  250
10  40.0  283
11  65.0  179
12  57.0  164
13  57.0  370
14  62.0  216
15  76.0  124
16  46.0  310
17  58.0  317
18  79.0  138
19  84.0  83
20  71.0  159
0  38.0  569
1  33.0  472
2  36.0  386
3  48.0  451
4  26.0  424
5  44.0  285
6  62.0  396
7  29.0  567
8  35.0  229
9  86.0  134
10  30.0  226
11  62.0  196
12  44.0  319
13  31.0  257
14  79.0  92
15  68.0  333
16  61.0  227
17  90.0  161
18  61.0  190
19  90.0  92
20  92.0  141
0  22.0  287
1  40.0  536
2  64.0  406
3  61.0  254
4  77.0  270
5  65.0  275
6  48.0  411
7  86.0  268
8  60.0  380
9  56.0  433
10  63.0  160
11  71.0  290
12  83.0  272
13  69.0  351
14  82.0  216
15  48.0  239
16  93.0  35
17  52.0  268
18  40.0  252
19  93.0  121
20  95.0  36
0  59.0  525
1  73.0  383
2  70.0  305
3  37.0  281
4  75.0  247
5  79.0  134
6  54.0  292
7  79.0  124
8  66.0  237
9  68.0  303
10  62.0  326
11  83.0  80
12  60.0  184
13  44.0  382
14  46.0  210
15  70.0  210
16  68.0  245
17  80.0  223
18  43.0  385
19  70.0  110
20  68.0  161
0  61.0  417
1  61.0  453
2  58.0  347
3  59.0  409
4  41.0  393
5  64.0  311
6  46.0  394
7  72.0  301
8  48.0  341
9  60.0  440
10  77.0  285
11  61.0  410
12  72.0  259
13  66.0  215
14  55.0  294
15  82.0  165
16  85.0  138
17  25.0  188
18  93.0  86
19  80.0  138
20  90.0  162
0  56.0  481
1  56.0  405
2  97.0  18
3  50.0  344
4  63.0  327
5  47.0  392
6  78.0  290
7  50.0  294
8  49.0  210
9  65.0  198
10  63.0  101
11  73.0  199
12  56.0  276
13  83.0  176
14  92.0  86
15  92.0  212
16  73.0  234
17  66.0  348
18  56.0  313
19  81.0  167
20  97.0  20
0  15.0  428
1  14.0  238
2  41.0  344
3  55.0  375
4  46.0  299
5  72.0  307
6  87.0  155
7  38.0  390
8  87.0  114
9  71.0  96
10  72.0  225
11  60.0  260
12  89.0  234
13  57.0  364
14  97.0  34
15  64.0  222
16  75.0  286
17  53.0  232
18  47.0  195
19  59.0  197
20  90.0  171
0  57.0  387
1  56.0  326
2  20.0  284
3  29.0  550
4  59.0  225
5  75.0  267
6  36.0  141
7  76.0  175
8  50.0  267
9  76.0  241
10  22.0  235
11  71.0  214
12  67.0  288
13  78.0  245
14  71.0  293
15  82.0  160
16  63.0  173
17  80.0  191
18  97.0  60
19  74.0  194
20  66.0  154
0  54.0  287
1  57.0  432
2  81.0  207
3  76.0  303
4  74.0  125
5  69.0  432
6  63.0  339
7  90.0  30
8  56.0  163
9  31.0  517
10  85.0  194
11  70.0  253
12  53.0  226
13  39.0  158
14  42.0  220
15  63.0  108
16  74.0  297
17  67.0  74
18  97.0  52
19  66.0  132
20  59.0  299
0  53.0  512
1  46.0  307
2  25.0  348
3  53.0  380
4  71.0  299
5  57.0  335
6  60.0  236
7  76.0  286
8  85.0  187
9  56.0  136
10  67.0  233
11  91.0  60
12  78.0  276
13  97.0  31
14  95.0  57
15  44.0  274
16  83.0  133
17  47.0  250
18  76.0  222
19  96.0  40
20  62.0  252
0  50.0  452
1  39.0  277
2  51.0  405
3  37.0  309
4  36.0  341
5  41.0  268
6  82.0  172
7  93.0  97
8  68.0  320
9  47.0  386
10  80.0  150
11  74.0  203
12  59.0  373
13  15.0  295
14  55.0  246
15  67.0  291
16  80.0  252
17  62.0  292
18  96.0  52
19  56.0  361
20  87.0  89
0  31.0  407
1  85.0  312
2  45.0  493
3  33.0  478
4  97.0  108
5  49.0  293
6  29.0  277
7  69.0  452
8  40.0  376
9  29.0  427
10  71.0  388
11  57.0  318
12  84.0  274
13  72.0  113
14  43.0  169
15  55.0  284
16  84.0  132
17  82.0  257
18  50.0  334
19  76.0  200
20  93.0  111
0  39.0  313
1  74.0  275
2  82.0  290
3  61.0  260
4  70.0  281
5  47.0  370
6  49.0  265
7  51.0  311
8  87.0  186
9  58.0  323
10  78.0  269
11  55.0  324
12  84.0  157
13  86.0  140
14  83.0  207
15  97.0  23
16  92.0  109
17  47.0  274
18  77.0  203
19  92.0  126
20  62.0  310
0  65.0  242
1  63.0  398
2  68.0  253
3  57.0  425
4  72.0  290
5  68.0  171
6  35.0  316
7  51.0  402
8  65.0  187
9  91.0  167
10  92.0  32
11  79.0  71
12  90.0  129
13  83.0  236
14  53.0  159
15  88.0  138
16  87.0  132
17  27.0  348
18  42.0  170
19  79.0  231
20  46.0  185
0  44.0  374
1  44.0  332
2  19.0  145
3  61.0  398
4  24.0  229
5  69.0  355
6  32.0  347
7  38.0  328
8  37.0  277
9  70.0  248
10  53.0  227
11  72.0  245
12  63.0  226
13  77.0  273
14  61.0  389
15  79.0  116
16  51.0  310
17  83.0  178
18  81.0  156
19  71.0  176
20  66.0  291
0  25.0  375
1  78.0  304
2  53.0  367
3  43.0  496
4  30.0  250
5  54.0  271
6  94.0  103
7  46.0  335
8  79.0  233
9  80.0  240
10  42.0  311
11  67.0  249
12  84.0  219
13  52.0  328
14  64.0  322
15  57.0  283
16  34.0  381
17  74.0  251
18  82.0  72
19  75.0  214
20  70.0  271
0  23.0  453
1  7.0  303
2  16.0  414
3  45.0  415
4  89.0  207
5  50.0  203
6  52.0  351
7  63.0  384
8  61.0  277
9  76.0  172
10  45.0  396
11  72.0  239
12  66.0  310
13  60.0  331
14  87.0  118
15  70.0  255
16  81.0  277
17  79.0  89
18  50.0  270
19  67.0  265
20  84.0  177
0  76.0  343
1  37.0  257
2  92.0  143
3  58.0  512
4  86.0  299
5  80.0  201
6  35.0  405
7  66.0  214
8  27.0  306
9  69.0  131
10  54.0  275
11  70.0  312
12  76.0  155
13  36.0  293
14  88.0  101
15  75.0  263
16  16.0  162
17  91.0  97
18  36.0  220
19  97.0  31
20  53.0  179
0  42.0  563
1  77.0  328
2  54.0  353
3  82.0  215
4  45.0  447
5  69.0  347
6  52.0  342
7  45.0  233
8  80.0  278
9  73.0  189
10  60.0  272
11  22.0  320
12  62.0  319
13  48.0  282
14  79.0  265
15  76.0  267
16  43.0  183
17  73.0  272
18  71.0  209
19  63.0  201
20  86.0  156
0  33.0  295
1  21.0  502
2  30.0  346
3  9.0  290
4  24.0  430
5  57.0  440
6  40.0  349
7  63.0  356
8  84.0  141
9  29.0  279
10  41.0  362
11  77.0  178
12  52.0  401
13  92.0  144
14  70.0  185
15  75.0  191
16  68.0  80
17  14.0  325
18  45.0  175
19  79.0  255
20  75.0  151
0  52.0  508
1  60.0  382
2  66.0  353
3  26.0  287
4  72.0  231
5  41.0  304
6  88.0  173
7  71.0  329
8  89.0  96
9  72.0  222
10  33.0  316
11  76.0  259
12  67.0  94
13  39.0  337
14  73.0  302
15  64.0  132
16  84.0  247
17  83.0  227
18  78.0  184
19  66.0  312
20  62.0  204
0  61.0  444
1  60.0  403
2  43.0  214
3  82.0  266
4  84.0  213
5  65.0  296
6  47.0  438
7  55.0  281
8  72.0  290
9  86.0  146
10  82.0  156
11  71.0  140
12  51.0  373
13  89.0  146
14  90.0  84
15  77.0  211
16  71.0  235
17  54.0  205
18  46.0  237
19  45.0  234
20  84.0  165
0  6.0  367
1  55.0  396
2  38.0  444
3  38.0  263
4  26.0  354
5  78.0  345
6  42.0  357
7  89.0  69
8  60.0  311
9  59.0  182
10  43.0  278
11  61.0  304
12  82.0  144
13  55.0  239
14  90.0  78
15  70.0  174
16  86.0  159
17  52.0  385
18  37.0  356
19  47.0  267
20  33.0  300
0  60.0  344
1  56.0  345
2  27.0  368
3  73.0  237
4  20.0  429
5  90.0  101
6  54.0  373
7  31.0  263
8  52.0  267
9  94.0  102
10  49.0  316
11  41.0  226
12  39.0  347
13  93.0  105
14  55.0  273
15  79.0  220
16  25.0  223
17  31.0  346
18  46.0  337
19  88.0  89
20  96.0  126
0  51.0  406
1  35.0  349
2  88.0  89
3  84.0  242
4  76.0  283
5  46.0  351
6  40.0  509
7  63.0  318
8  78.0  264
9  43.0  181
10  86.0  197
11  62.0  316
12  74.0  114
13  74.0  200
14  93.0  79
15  89.0  162
16  72.0  141
17  73.0  293
18  16.0  326
19  45.0  172
20  73.0  120
0  28.0  497
1  60.0  415
2  71.0  155
3  32.0  391
4  45.0  276
5  51.0  360
6  95.0  76
7  24.0  306
8  81.0  170
9  51.0  296
10  56.0  347
11  68.0  174
12  73.0  242
13  88.0  217
14  65.0  247
15  84.0  179
16  85.0  138
17  51.0  147
18  80.0  199
19  75.0  296
20  77.0  231
0  42.0  388
1  29.0  617
2  55.0  346
3  57.0  356
4  72.0  273
5  78.0  255
6  56.0  289
7  65.0  253
8  71.0  362
9  68.0  286
10  37.0  370
11  78.0  309
12  91.0  134
13  88.0  119
14  66.0  221
15  87.0  110
16  70.0  289
17  45.0  277
18  88.0  66
19  47.0  173
20  70.0  222
0  41.0  421
1  52.0  420
2  71.0  298
3  38.0  219
4  36.0  351
5  66.0  386
6  50.0  310
7  59.0  332
8  97.0  25
9  82.0  221
10  44.0  296
11  89.0  88
12  69.0  246
13  65.0  350
14  69.0  278
15  76.0  284
16  47.0  267
17  65.0  195
18  91.0  25
19  77.0  219
20  76.0  212
0  19.0  248
1  59.0  443
2  68.0  263
3  65.0  437
4  60.0  421
5  37.0  493
6  25.0  274
7  57.0  405
8  37.0  429
9  21.0  185
10  70.0  318
11  77.0  81
12  82.0  180
13  58.0  229
14  69.0  212
15  57.0  348
16  52.0  219
17  76.0  108
18  75.0  283
19  65.0  294
20  66.0  176
0  46.0  342
1  25.0  106
2  50.0  395
3  36.0  463
4  38.0  347
5  43.0  369
6  80.0  296
7  69.0  168
8  37.0  230
9  65.0  181
10  59.0  355
11  76.0  268
12  89.0  154
13  55.0  316
14  54.0  262
15  97.0  22
16  77.0  88
17  93.0  89
18  77.0  96
19  89.0  101
20  80.0  239
0  32.0  474
1  60.0  347
2  66.0  336
3  86.0  224
4  18.0  428
5  41.0  611
6  39.0  396
7  33.0  554
8  61.0  281
9  58.0  276
10  74.0  251
11  37.0  265
12  91.0  164
13  65.0  209
14  89.0  113
15  79.0  274
16  37.0  273
17  54.0  167
18  49.0  158
19  91.0  156
20  92.0  114
0  53.0  381
1  55.0  353
2  79.0  267
3  38.0  308
4  42.0  174
5  43.0  356
6  61.0  402
7  84.0  187
8  94.0  115
9  64.0  318
10  57.0  276
11  69.0  237
12  97.0  46
13  39.0  389
14  44.0  466
15  87.0  60
16  41.0  280
17  83.0  159
18  79.0  199
19  46.0  170
20  84.0  120
0  49.0  302
1  36.0  515
2  40.0  468
3  67.0  308
4  25.0  344
5  60.0  428
6  14.0  388
7  66.0  308
8  66.0  376
9  34.0  534
10  48.0  356
11  64.0  204
12  87.0  217
13  85.0  204
14  72.0  208
15  73.0  312
16  43.0  168
17  73.0  254
18  90.0  131
19  85.0  116
20  95.0  130
0  71.0  370
1  12.0  374
2  30.0  318
3  45.0  340
4  50.0  412
5  39.0  407
6  23.0  298
7  68.0  190
8  62.0  336
9  63.0  276
10  46.0  360
11  43.0  418
12  45.0  233
13  49.0  418
14  76.0  204
15  83.0  156
16  90.0  144
17  67.0  246
18  87.0  117
19  43.0  284
20  54.0  211
0  64.0  337
1  26.0  469
2  57.0  268
3  44.0  396
4  34.0  277
5  66.0  266
6  77.0  268
7  46.0  335
8  44.0  348
9  76.0  212
10  65.0  233
11  63.0  281
12  81.0  197
13  78.0  170
14  67.0  68
15  76.0  187
16  87.0  162
17  85.0  184
18  58.0  278
19  34.0  189
20  88.0  75
0  23.0  399
1  51.0  270
2  13.0  241
3  47.0  348
4  64.0  170
5  13.0  450
6  51.0  299
7  91.0  179
8  73.0  242
9  22.0  507
10  80.0  154
11  52.0  299
12  15.0  410
13  38.0  258
14  82.0  286
15  92.0  125
16  68.0  213
17  84.0  71
18  75.0  137
19  65.0  248
20  76.0  107
0  62.0  366
1  93.0  164
2  45.0  404
3  49.0  511
4  88.0  57
5  78.0  159
6  87.0  198
7  13.0  145
8  60.0  249
9  58.0  348
10  71.0  222
11  76.0  262
12  55.0  272
13  73.0  265
14  37.0  248
15  57.0  164
16  97.0  21
17  87.0  190
18  93.0  62
19  86.0  145
20  66.0  329
0  55.0  344
1  47.0  402
2  81.0  290
3  56.0  326
4  76.0  291
5  58.0  341
6  67.0  302
7  97.0  66
8  87.0  147
9  60.0  287
10  72.0  232
11  48.0  245
12  68.0  172
13  82.0  224
14  31.0  211
15  83.0  196
16  46.0  282
17  88.0  174
18  66.0  162
19  46.0  233
20  80.0  116
0  24.0  266
1  33.0  376
2  42.0  232
3  47.0  240
4  25.0  254
5  38.0  256
6  61.0  387
7  75.0  242
8  56.0  389
9  17.0  156
10  54.0  465
11  61.0  232
12  91.0  123
13  60.0  207
14  29.0  239
15  84.0  191
16  79.0  277
17  78.0  296
18  85.0  101
19  34.0  252
20  94.0  87
0  55.0  339
1  13.0  445
2  70.0  308
3  59.0  379
4  49.0  406
5  41.0  278
6  62.0  334
7  93.0  117
8  79.0  250
9  90.0  240
10  82.0  192
11  48.0  190
12  41.0  259
13  72.0  56
14  84.0  142
15  76.0  258
16  53.0  362
17  57.0  285
18  64.0  231
19  89.0  171
20  52.0  113
0  37.0  358
1  87.0  307
2  63.0  292
3  42.0  305
4  65.0  339
5  85.0  263
6  50.0  364
7  92.0  30
8  57.0  179
9  43.0  350
10  89.0  156
11  85.0  239
12  60.0  271
13  27.0  214
14  68.0  97
15  79.0  179
16  77.0  216
17  82.0  221
18  86.0  167
19  74.0  306
20  62.0  396
0  66.0  348
1  55.0  474
2  67.0  156
3  77.0  260
4  51.0  440
5  50.0  291
6  53.0  438
7  69.0  256
8  67.0  128
9  61.0  268
10  77.0  253
11  76.0  99
12  37.0  145
13  90.0  225
14  73.0  248
15  87.0  198
16  89.0  126
17  57.0  96
18  60.0  226
19  58.0  311
20  97.0  19
0  29.0  516
1  69.0  334
2  31.0  245
3  7.0  345
4  54.0  286
5  41.0  406
6  53.0  450
7  69.0  447
8  43.0  408
9  71.0  238
10  18.0  382
11  92.0  76
12  88.0  183
13  72.0  297
14  30.0  282
15  54.0  361
16  77.0  231
17  77.0  187
18  41.0  215
19  56.0  109
20  43.0  217
0  92.0  266
1  30.0  354
2  76.0  364
3  42.0  256
4  62.0  375
5  35.0  527
6  62.0  399
7  70.0  209
8  62.0  270
9  88.0  200
10  68.0  269
11  56.0  182
12  73.0  120
13  97.0  40
14  71.0  239
15  58.0  480
16  88.0  135
17  66.0  210
18  85.0  94
19  78.0  212
20  65.0  303
0  53.0  368
1  30.0  189
2  73.0  303
3  41.0  400
4  63.0  239
5  41.0  499
6  42.0  247
7  79.0  185
8  53.0  382
9  54.0  317
10  56.0  342
11  64.0  207
12  65.0  282
13  71.0  211
14  78.0  196
15  37.0  233
16  74.0  246
17  60.0  150
18  21.0  204
19  41.0  214
20  90.0  128
0  28.0  290
1  58.0  314
2  66.0  355
3  28.0  391
4  26.0  402
5  76.0  358
6  71.0  233
7  71.0  228
8  59.0  284
9  57.0  268
10  77.0  148
11  64.0  219
12  94.0  78
13  68.0  82
14  45.0  210
15  91.0  127
16  54.0  259
17  90.0  210
18  75.0  265
19  62.0  218
20  68.0  275
0  52.0  342
1  26.0  390
2  80.0  342
3  51.0  325
4  42.0  377
5  14.0  242
6  93.0  87
7  64.0  247
8  65.0  350
9  76.0  145
10  70.0  363
11  74.0  286
12  53.0  358
13  90.0  128
14  42.0  358
15  72.0  196
16  67.0  162
17  69.0  276
18  83.0  170
19  58.0  343
20  81.0  156
0  46.0  345
1  39.0  404
2  23.0  144
3  65.0  174
4  84.0  199
5  67.0  226
6  19.0  689
7  46.0  289
8  30.0  419
9  81.0  244
10  54.0  259
11  97.0  30
12  72.0  210
13  76.0  202
14  72.0  183
15  79.0  232
16  10.0  190
17  84.0  113
18  93.0  141
19  67.0  54
20  74.0  118
0  33.0  347
1  60.0  444
2  46.0  468
3  80.0  386
4  45.0  399
5  57.0  516
6  7.0  157
7  79.0  283
8  73.0  244
9  62.0  457
10  79.0  183
11  64.0  352
12  65.0  247
13  72.0  139
14  67.0  272
15  42.0  254
16  77.0  98
17  70.0  209
18  63.0  196
19  53.0  243
20  61.0  242
0  40.0  526
1  45.0  383
2  83.0  250
3  25.0  331
4  43.0  423
5  63.0  318
6  38.0  281
7  53.0  307
8  68.0  295
9  56.0  274
10  72.0  159
11  63.0  149
12  59.0  311
13  48.0  338
14  62.0  321
15  73.0  120
16  46.0  194
17  70.0  298
18  83.0  94
19  21.0  286
20  79.0  138
0  68.0  385
1  33.0  446
2  59.0  276
3  68.0  295
4  60.0  282
5  79.0  87
6  34.0  302
7  46.0  373
8  81.0  131
9  86.0  249
10  66.0  277
11  82.0  149
12  48.0  371
13  81.0  140
14  80.0  179
15  78.0  284
16  33.0  264
17  94.0  117
18  90.0  129
19  90.0  126
20  38.0  186
0  37.0  415
1  72.0  311
2  40.0  240
3  65.0  293
4  65.0  297
5  60.0  320
6  49.0  300
7  76.0  50
8  80.0  254
9  40.0  139
10  62.0  363
11  80.0  224
12  79.0  222
13  88.0  129
14  76.0  260
15  69.0  220
16  89.0  58
17  23.0  289
18  97.0  66
19  88.0  134
20  93.0  41
0  37.0  318
1  37.0  587
2  52.0  524
3  29.0  357
4  46.0  450
5  77.0  232
6  50.0  297
7  49.0  306
8  53.0  485
9  77.0  244
10  97.0  55
11  48.0  228
12  74.0  275
13  69.0  217
14  52.0  465
15  69.0  278
16  94.0  90
17  37.0  171
18  90.0  49
19  83.0  143
20  74.0  285
0  75.0  345
1  76.0  350
2  94.0  162
3  42.0  468
4  54.0  376
5  89.0  188
6  59.0  269
7  84.0  212
8  44.0  353
9  78.0  217
10  42.0  425
11  58.0  404
12  80.0  144
13  97.0  85
14  54.0  271
15  42.0  259
16  97.0  30
17  58.0  80
18  86.0  50
19  87.0  148
20  39.0  181
0  61.0  432
1  16.0  396
2  46.0  443
3  24.0  455
4  66.0  297
5  54.0  483
6  45.0  352
7  55.0  338
8  79.0  232
9  65.0  327
10  47.0  207
11  86.0  184
12  90.0  112
13  44.0  325
14  74.0  206
15  73.0  163
16  95.0  83
17  64.0  318
18  88.0  203
19  92.0  149
20  86.0  64
0  57.0  365
1  38.0  387
2  44.0  310
3  97.0  88
4  84.0  329
5  42.0  319
6  54.0  404
7  85.0  243
8  72.0  256
9  46.0  221
10  72.0  140
11  63.0  312
12  77.0  151
13  55.0  377
14  89.0  117
15  78.0  123
16  55.0  234
17  46.0  214
18  81.0  160
19  70.0  278
20  52.0  93
0  62.0  408
1  75.0  263
2  52.0  437
3  73.0  122
4  86.0  242
5  97.0  81
6  81.0  204
7  32.0  270
8  61.0  291
9  49.0  394
10  52.0  284
11  72.0  311
12  64.0  250
13  95.0  61
14  36.0  428
15  54.0  271
16  60.0  125
17  59.0  115
18  64.0  61
19  64.0  341
20  73.0  333
0  19.0  445
1  50.0  334
2  44.0  398
3  55.0  272
4  36.0  348
5  48.0  310
6  66.0  260
7  72.0  144
8  69.0  327
9  53.0  288
10  38.0  189
11  44.0  162
12  66.0  287
13  95.0  63
14  92.0  122
15  95.0  40
16  72.0  342
17  65.0  247
18  81.0  190
19  76.0  142
20  79.0  275
0  43.0  565
1  58.0  526
2  79.0  329
3  53.0  329
4  41.0  174
5  49.0  226
6  19.0  214
7  52.0  355
8  80.0  295
9  88.0  93
10  79.0  211
11  22.0  208
12  44.0  309
13  91.0  152
14  39.0  191
15  69.0  246
16  51.0  206
17  80.0  171
18  90.0  103
19  92.0  60
20  97.0  44
0  68.0  397
1  65.0  221
2  35.0  369
3  82.0  253
4  39.0  374
5  56.0  310
6  82.0  296
7  66.0  254
8  73.0  331
9  79.0  175
10  23.0  294
11  22.0  319
12  79.0  131
13  26.0  173
14  64.0  164
15  97.0  39
16  81.0  136
17  18.0  326
18  97.0  27
19  87.0  118
20  60.0  107
0  38.0  437
1  58.0  359
2  51.0  400
3  85.0  187
4  54.0  436
5  79.0  244
6  79.0  272
7  39.0  189
8  40.0  297
9  83.0  208
10  32.0  146
11  69.0  64
12  72.0  250
13  40.0  499
14  66.0  213
15  88.0  140
16  69.0  273
17  88.0  210
18  82.0  202
19  67.0  112
20  70.0  162
0  45.0  356
1  70.0  173
2  51.0  376
3  84.0  303
4  59.0  380
5  79.0  301
6  39.0  187
7  66.0  380
8  47.0  300
9  78.0  217
10  47.0  350
11  92.0  125
12  81.0  207
13  77.0  260
14  36.0  262
15  29.0  224
16  62.0  266
17  74.0  121
18  59.0  377
19  96.0  92
20  39.0  426
0  52.0  502
1  32.0  414
2  37.0  354
3  53.0  326
4  32.0  394
5  66.0  199
6  35.0  398
7  59.0  369
8  55.0  335
9  58.0  212
10  55.0  240
11  79.0  317
12  80.0  206
13  55.0  303
14  52.0  362
15  74.0  118
16  69.0  271
17  45.0  297
18  78.0  219
19  56.0  195
20  55.0  334
0  42.0  463
1  43.0  447
2  53.0  397
3  41.0  406
4  20.0  357
5  48.0  431
6  65.0  269
7  60.0  114
8  21.0  207
9  81.0  189
10  62.0  127
11  15.0  380
12  71.0  270
13  50.0  177
14  68.0  225
15  31.0  181
16  77.0  97
17  97.0  44
18  75.0  235
19  94.0  107
20  78.0  156
0  51.0  353
1  71.0  389
2  34.0  268
3  34.0  429
4  18.0  283
5  59.0  496
6  57.0  270
7  87.0  166
8  50.0  213
9  66.0  218
10  78.0  231
11  82.0  193
12  88.0  151
13  58.0  144
14  71.0  191
15  65.0  75
16  50.0  214
17  64.0  251
18  71.0  236
19  43.0  217
20  49.0  216
0  70.0  441
1  35.0  488
2  58.0  290
3  61.0  217
4  63.0  371
5  49.0  351
6  80.0  213
7  58.0  224
8  40.0  327
9  72.0  232
10  69.0  238
11  49.0  434
12  42.0  199
13  80.0  157
14  64.0  239
15  79.0  120
16  74.0  316
17  61.0  168
18  84.0  161
19  91.0  201
20  94.0  100
0  33.0  313
1  68.0  385
2  39.0  348
3  53.0  223
4  86.0  152
5  68.0  287
6  12.0  179
7  93.0  114
8  55.0  262
9  80.0  103
10  13.0  316
11  42.0  422
12  56.0  171
13  97.0  23
14  54.0  498
15  60.0  230
16  55.0  299
17  59.0  340
18  97.0  84
19  87.0  160
20  85.0  134
0  62.0  400
1  52.0  423
2  20.0  331
3  52.0  289
4  45.0  555
5  48.0  270
6  37.0  266
7  48.0  219
8  93.0  102
9  44.0  358
10  32.0  371
11  72.0  354
12  97.0  76
13  74.0  222
14  85.0  101
15  56.0  303
16  79.0  206
17  34.0  308
18  79.0  124
19  83.0  197
20  67.0  139
0  37.0  482
1  5.0  241
2  58.0  361
3  85.0  314
4  68.0  268
5  82.0  277
6  34.0  415
7  44.0  434
8  58.0  249
9  69.0  167
10  71.0  283
11  71.0  286
12  59.0  331
13  69.0  235
14  80.0  70
15  72.0  264
16  90.0  98
17  52.0  84
18  87.0  148
19  47.0  483
20  68.0  160
0  51.0  258
1  79.0  333
2  18.0  432
3  49.0  451
4  54.0  415
5  96.0  122
6  39.0  173
7  53.0  362
8  49.0  249
9  67.0  268
10  27.0  280
11  69.0  260
12  67.0  250
13  61.0  251
14  76.0  267
15  58.0  249
16  64.0  378
17  77.0  173
18  89.0  94
19  77.0  124
20  86.0  189
0  24.0  438
1  28.0  506
2  53.0  501
3  61.0  403
4  71.0  325
5  67.0  285
6  17.0  235
7  62.0  471
8  88.0  198
9  41.0  342
10  30.0  354
11  81.0  164
12  81.0  226
13  55.0  348
14  74.0  192
15  76.0  171
16  71.0  151
17  52.0  323
18  91.0  75
19  65.0  233
20  51.0  160
0  60.0  403
1  42.0  342
2  74.0  348
3  38.0  334
4  31.0  343
5  69.0  409
6  58.0  271
7  49.0  200
8  89.0  165
9  83.0  225
10  76.0  184
11  65.0  256
12  55.0  191
13  64.0  227
14  75.0  257
15  73.0  255
16  60.0  291
17  97.0  33
18  69.0  273
19  63.0  215
20  97.0  69
0  54.0  358
1  51.0  357
2  38.0  420
3  77.0  274
4  59.0  424
5  56.0  241
6  92.0  149
7  55.0  299
8  87.0  105
9  78.0  158
10  65.0  359
11  45.0  426
12  74.0  254
13  92.0  77
14  52.0  260
15  46.0  204
16  66.0  263
17  88.0  110
18  77.0  170
19  77.0  260
20  89.0  129
0  78.0  344
1  28.0  390
2  52.0  264
3  73.0  306
4  66.0  360
5  66.0  353
6  78.0  285
7  92.0  128
8  58.0  346
9  40.0  272
10  2.0  391
11  29.0  463
12  80.0  247
13  67.0  231
14  81.0  242
15  77.0  248
16  46.0  315
17  61.0  240
18  73.0  151
19  85.0  211
20  57.0  188
0  48.0  348
1  51.0  254
2  82.0  249
3  38.0  417
4  50.0  232
5  42.0  333
6  74.0  346
7  88.0  109
8  76.0  238
9  50.0  210
10  73.0  257
11  41.0  210
12  71.0  309
13  41.0  214
14  68.0  89
15  97.0  44
16  81.0  111
17  70.0  248
18  97.0  69
19  97.0  90
20  54.0  296
0  56.0  481
1  29.0  545
2  54.0  406
3  65.0  349
4  73.0  307
5  22.0  248
6  56.0  378
7  28.0  294
8  66.0  283
9  77.0  239
10  20.0  208
11  61.0  362
12  76.0  272
13  48.0  371
14  26.0  254
15  76.0  183
16  94.0  81
17  67.0  165
18  67.0  220
19  34.0  161
20  83.0  129
0  53.0  362
1  62.0  409
2  24.0  313
3  68.0  288
4  83.0  248
5  75.0  290
6  69.0  259
7  63.0  279
8  82.0  177
9  36.0  409
10  82.0  127
11  67.0  209
12  41.0  188
13  62.0  273
14  56.0  207
15  77.0  220
16  82.0  177
17  40.0  289
18  55.0  255
19  56.0  239
20  73.0  222
0  34.0  470
1  38.0  302
2  45.0  299
3  32.0  352
4  96.0  51
5  71.0  228
6  61.0  368
7  77.0  242
8  72.0  197
9  63.0  133
10  77.0  243
11  20.0  282
12  80.0  260
13  47.0  239
14  68.0  189
15  80.0  274
16  56.0  400
17  54.0  338
18  80.0  173
19  60.0  185
20  93.0  105
0  56.0  396
1  43.0  456
2  46.0  369
3  60.0  268
4  35.0  313
5  77.0  189
6  60.0  282
7  21.0  272
8  69.0  297
9  55.0  485
10  75.0  205
11  61.0  236
12  90.0  142
13  97.0  37
14  71.0  321
15  70.0  148
16  97.0  34
17  81.0  219
18  54.0  354
19  68.0  173
20  62.0  213
0  48.0  455
1  67.0  391
2  41.0  282
3  77.0  115
4  69.0  194
5  41.0  528
6  49.0  348
7  38.0  205
8  83.0  199
9  49.0  447
10  61.0  401
11  71.0  209
12  82.0  190
13  76.0  379
14  70.0  219
15  63.0  283
16  30.0  460
17  79.0  211
18  84.0  246
19  60.0  30
20  84.0  130
0  25.0  438
1  39.0  354
2  67.0  401
3  44.0  527
4  39.0  407
5  68.0  223
6  44.0  461
7  10.0  185
8  92.0  126
9  73.0  33
10  96.0  23
11  86.0  36
12  29.0  445
13  68.0  314
14  75.0  256
15  59.0  293
16  70.0  283
17  88.0  154
18  72.0  179
19  74.0  216
20  73.0  197
0  46.0  439
1  85.0  303
2  64.0  304
3  27.0  317
4  70.0  263
5  71.0  335
6  87.0  138
7  67.0  361
8  67.0  382
9  54.0  383
10  55.0  195
11  74.0  253
12  78.0  280
13  72.0  194
14  54.0  290
15  38.0  187
16  85.0  132
17  89.0  101
18  66.0  291
19  83.0  149
20  97.0  39
0  24.0  461
1  43.0  309
2  37.0  391
3  45.0  407
4  36.0  354
5  33.0  424
6  35.0  313
7  37.0  446
8  87.0  52
9  74.0  217
10  62.0  205
11  87.0  161
12  38.0  349
13  52.0  328
14  78.0  216
15  52.0  326
16  88.0  188
17  80.0  133
18  70.0  272
19  80.0  119
20  88.0  35
0  17.0  524
1  46.0  396
2  43.0  502
3  48.0  324
4  36.0  278
5  66.0  384
6  47.0  234
7  95.0  71
8  60.0  264
9  44.0  236
10  70.0  377
11  79.0  246
12  83.0  208
13  82.0  189
14  55.0  150
15  79.0  104
16  64.0  175
17  53.0  229
18  59.0  349
19  52.0  304
20  84.0  100
0  68.0  357
1  55.0  336
2  50.0  428
3  68.0  312
4  54.0  357
5  73.0  263
6  32.0  420
7  57.0  257
8  88.0  95
9  69.0  181
10  59.0  269
11  39.0  225
12  56.0  154
13  71.0  242
14  74.0  44
15  45.0  254
16  38.0  443
17  88.0  91
18  64.0  268
19  51.0  274
20  24.0  288
0  53.0  410
1  24.0  431
2  43.0  480
3  71.0  127
4  71.0  419
5  92.0  234
6  13.0  210
7  65.0  338
8  70.0  298
9  84.0  160
10  53.0  217
11  44.0  316
12  95.0  134
13  85.0  67
14  72.0  168
15  77.0  224
16  41.0  348
17  80.0  188
18  95.0  119
19  92.0  75
20  86.0  203
0  26.0  344
1  49.0  297
2  61.0  162
3  70.0  101
4  70.0  383
5  29.0  540
6  57.0  330
7  29.0  307
8  86.0  147
9  77.0  323
10  83.0  302
11  51.0  249
12  50.0  417
13  36.0  275
14  40.0  229
15  84.0  107
16  38.0  209
17  60.0  259
18  62.0  197
19  74.0  144
20  59.0  208
0  58.0  463
1  32.0  333
2  44.0  191
3  66.0  397
4  36.0  266
5  50.0  426
6  74.0  338
7  85.0  127
8  62.0  360
9  71.0  194
10  24.0  290
11  73.0  270
12  53.0  248
13  48.0  187
14  83.0  171
15  91.0  116
16  67.0  215
17  85.0  79
18  86.0  107
19  97.0  34
20  56.0  218
