40  17.0  147.0
60  35.0  315.0
80  37.0  344.0
100  47.0  457.0
120  85.0  233.0
140  35.0  173.0
160  79.0  373.0
180  96.0  243.0
200  83.0  298.0
40  0.0  41.0
60  31.0  363.0
80  21.0  370.0
100  63.0  360.0
120  76.0  284.0
140  54.0  445.0
160  65.0  346.0
180  78.0  363.0
200  87.0  243.0
40  9.0  151.0
60  27.0  348.0
80  37.0  441.0
100  24.0  404.0
120  61.0  275.0
140  99.0  193.0
160  71.0  268.0
180  73.0  376.0
200  78.0  345.0
40  17.0  296.0
60  14.0  304.0
80  57.0  281.0
100  36.0  307.0
120  81.0  354.0
140  72.0  411.0
160  79.0  395.0
180  78.0  382.0
200  54.0  291.0
40  26.0  283.0
60  0.0  506.0
80  52.0  414.0
100  67.0  302.0
120  68.0  455.0
140  58.0  294.0
160  88.0  323.0
180  53.0  460.0
200  87.0  234.0
40  35.0  263.0
60  32.0  370.0
80  30.0  438.0
100  60.0  395.0
120  50.0  281.0
140  49.0  411.0
160  75.0  414.0
180  48.0  456.0
200  86.0  178.0
40  44.0  350.0
60  27.0  333.0
80  39.0  407.0
100  34.0  494.0
120  72.0  305.0
140  67.0  281.0
160  76.0  376.0
180  97.0  232.0
200  85.0  299.0
40  0.0  227.0
60  21.0  279.0
80  74.0  291.0
100  68.0  391.0
120  57.0  487.0
140  79.0  386.0
160  71.0  349.0
180  58.0  349.0
200  68.0  380.0
40  25.0  220.0
60  46.0  396.0
80  36.0  395.0
100  38.0  518.0
120  47.0  526.0
140  84.0  382.0
160  91.0  265.0
180  89.0  274.0
200  84.0  316.0
40  4.0  71.0
60  51.0  243.0
80  54.0  365.0
100  59.0  346.0
120  65.0  574.0
140  40.0  220.0
160  71.0  379.0
180  55.0  681.0
200  69.0  258.0
40  41.0  186.0
60  28.0  288.0
80  27.0  393.0
100  68.0  346.0
120  74.0  351.0
140  64.0  446.0
160  33.0  576.0
180  99.0  212.0
200  75.0  495.0
40  25.0  212.0
60  25.0  194.0
80  55.0  372.0
100  62.0  349.0
120  68.0  269.0
140  88.0  283.0
160  72.0  440.0
180  78.0  417.0
200  91.0  281.0
40  10.0  386.0
60  45.0  237.0
80  48.0  447.0
100  31.0  305.0
120  38.0  538.0
140  95.0  275.0
160  55.0  355.0
180  88.0  352.0
200  82.0  334.0
40  10.0  295.0
60  37.0  310.0
80  60.0  333.0
100  32.0  271.0
120  81.0  284.0
140  85.0  313.0
160  61.0  403.0
180  82.0  464.0
200  91.0  223.0
40  5.0  113.0
60  17.0  457.0
80  67.0  156.0
100  41.0  381.0
120  55.0  386.0
140  78.0  354.0
160  69.0  293.0
180  94.0  271.0
200  42.0  521.0
40  4.0  94.0
60  38.0  360.0
80  33.0  289.0
100  45.0  358.0
120  62.0  128.0
140  62.0  351.0
160  76.0  435.0
180  54.0  217.0
200  100.0  200.0
40  20.0  413.0
60  24.0  365.0
80  38.0  386.0
100  57.0  436.0
120  83.0  301.0
140  70.0  447.0
160  79.0  318.0
180  88.0  239.0
200  86.0  253.0
40  56.0  193.0
60  21.0  323.0
80  9.0  493.0
100  58.0  407.0
120  68.0  355.0
140  86.0  310.0
160  74.0  306.0
180  58.0  272.0
200  50.0  309.0
40  24.0  215.0
60  30.0  360.0
80  38.0  221.0
100  53.0  364.0
120  58.0  441.0
140  48.0  253.0
160  65.0  343.0
180  58.0  206.0
200  84.0  251.0
40  34.0  227.0
60  34.0  287.0
80  39.0  391.0
100  80.0  322.0
120  53.0  385.0
140  85.0  406.0
160  75.0  269.0
180  75.0  230.0
200  82.0  327.0
40  18.0  191.0
60  11.0  304.0
80  56.0  334.0
100  65.0  247.0
120  58.0  347.0
140  38.0  626.0
160  42.0  455.0
180  78.0  416.0
200  85.0  403.0
40  11.0  231.0
60  35.0  439.0
80  41.0  295.0
100  59.0  493.0
120  68.0  329.0
140  84.0  281.0
160  48.0  527.0
180  93.0  253.0
200  45.0  263.0
40  38.0  257.0
60  31.0  335.0
80  58.0  381.0
100  31.0  285.0
120  61.0  282.0
140  49.0  409.0
160  63.0  413.0
180  82.0  338.0
200  74.0  267.0
40  23.0  303.0
60  41.0  306.0
80  59.0  279.0
100  41.0  360.0
120  54.0  275.0
140  60.0  456.0
160  62.0  464.0
180  67.0  309.0
200  49.0  362.0
40  28.0  243.0
60  37.0  364.0
80  51.0  323.0
100  42.0  191.0
120  36.0  168.0
140  63.0  368.0
160  69.0  226.0
180  89.0  268.0
200  87.0  324.0
40  10.0  248.0
60  47.0  299.0
80  83.0  297.0
100  54.0  427.0
120  44.0  593.0
140  58.0  427.0
160  80.0  257.0
180  92.0  271.0
200  97.0  241.0
40  32.0  276.0
60  20.0  276.0
80  78.0  280.0
100  53.0  447.0
120  90.0  305.0
140  63.0  277.0
160  86.0  309.0
180  96.0  249.0
200  86.0  396.0
40  26.0  361.0
60  42.0  320.0
80  44.0  259.0
100  89.0  263.0
120  64.0  387.0
140  57.0  419.0
160  87.0  296.0
180  80.0  395.0
200  64.0  319.0
40  23.0  307.0
60  10.0  302.0
80  13.0  226.0
100  46.0  561.0
120  92.0  266.0
140  68.0  314.0
160  72.0  444.0
180  83.0  351.0
200  98.0  219.0
40  19.0  197.0
60  59.0  321.0
80  27.0  147.0
100  49.0  447.0
120  43.0  538.0
140  11.0  300.0
160  97.0  257.0
180  43.0  226.0
200  94.0  241.0
40  8.0  65.0
60  26.0  292.0
80  42.0  369.0
100  72.0  361.0
120  70.0  313.0
140  57.0  363.0
160  89.0  255.0
180  83.0  328.0
200  92.0  205.0
40  11.0  244.0
60  13.0  346.0
80  28.0  431.0
100  68.0  309.0
120  82.0  265.0
140  86.0  217.0
160  92.0  273.0
180  91.0  291.0
200  99.0  213.0
40  22.0  258.0
60  15.0  152.0
80  47.0  260.0
100  47.0  385.0
120  45.0  353.0
140  66.0  417.0
160  71.0  381.0
180  82.0  362.0
200  92.0  278.0
40  1.0  286.0
60  26.0  337.0
80  51.0  307.0
100  27.0  220.0
120  37.0  293.0
140  75.0  362.0
160  47.0  240.0
180  61.0  309.0
200  80.0  417.0
40  12.0  318.0
60  57.0  249.0
80  71.0  381.0
100  37.0  403.0
120  91.0  253.0
140  76.0  391.0
160  73.0  314.0
180  70.0  324.0
200  89.0  250.0
40  33.0  255.0
60  0.0  284.0
80  45.0  298.0
100  71.0  394.0
120  84.0  343.0
140  56.0  404.0
160  79.0  367.0
180  60.0  515.0
200  92.0  278.0
40  4.0  134.0
60  17.0  422.0
80  63.0  281.0
100  22.0  520.0
120  77.0  284.0
140  99.0  161.0
160  75.0  469.0
180  74.0  321.0
200  61.0  278.0
40  38.0  304.0
60  22.0  298.0
80  10.0  258.0
100  46.0  316.0
120  51.0  276.0
140  47.0  702.0
160  86.0  302.0
180  69.0  392.0
200  100.0  183.0
40  18.0  228.0
60  10.0  235.0
80  42.0  378.0
100  54.0  275.0
120  53.0  440.0
140  95.0  258.0
160  81.0  339.0
180  96.0  244.0
200  99.0  211.0
40  21.0  322.0
60  20.0  138.0
80  12.0  349.0
100  48.0  367.0
120  66.0  270.0
140  63.0  442.0
160  92.0  297.0
180  90.0  237.0
200  68.0  487.0
40  25.0  233.0
60  26.0  288.0
80  23.0  412.0
100  49.0  493.0
120  54.0  251.0
140  97.0  212.0
160  84.0  299.0
180  86.0  359.0
200  80.0  514.0
40  18.0  217.0
60  49.0  363.0
80  60.0  301.0
100  81.0  331.0
120  34.0  456.0
140  87.0  211.0
160  58.0  294.0
180  65.0  340.0
200  98.0  230.0
40  0.0  236.0
60  25.0  206.0
80  45.0  350.0
100  24.0  320.0
120  55.0  598.0
140  69.0  239.0
160  67.0  429.0
180  66.0  251.0
200  81.0  257.0
40  7.0  321.0
60  19.0  369.0
80  47.0  454.0
100  52.0  381.0
120  49.0  412.0
140  71.0  354.0
160  92.0  293.0
180  65.0  359.0
200  76.0  337.0
40  29.0  245.0
60  21.0  344.0
80  4.0  245.0
100  27.0  211.0
120  19.0  298.0
140  80.0  262.0
160  76.0  435.0
180  71.0  365.0
200  79.0  347.0
40  22.0  289.0
60  51.0  243.0
80  64.0  342.0
100  71.0  337.0
120  49.0  324.0
140  55.0  385.0
160  84.0  323.0
180  91.0  326.0
200  94.0  282.0
40  26.0  244.0
60  18.0  273.0
80  27.0  341.0
100  37.0  440.0
120  25.0  210.0
140  61.0  365.0
160  37.0  330.0
180  79.0  315.0
200  83.0  275.0
40  17.0  421.0
60  37.0  327.0
80  57.0  285.0
100  19.0  388.0
120  57.0  496.0
140  65.0  415.0
160  64.0  480.0
180  61.0  215.0
200  95.0  286.0
40  10.0  229.0
60  23.0  233.0
80  57.0  339.0
100  45.0  390.0
120  75.0  235.0
140  83.0  281.0
160  54.0  530.0
180  77.0  321.0
200  48.0  285.0
40  10.0  254.0
60  58.0  297.0
80  49.0  313.0
100  71.0  359.0
120  53.0  541.0
140  85.0  355.0
160  87.0  374.0
180  62.0  272.0
200  95.0  257.0
40  21.0  378.0
60  21.0  317.0
80  40.0  397.0
100  67.0  347.0
120  97.0  233.0
140  58.0  448.0
160  87.0  303.0
180  78.0  225.0
200  92.0  276.0
40  12.0  185.0
60  48.0  341.0
80  19.0  374.0
100  53.0  329.0
120  89.0  219.0
140  82.0  245.0
160  81.0  264.0
180  79.0  304.0
200  49.0  419.0
40  10.0  289.0
60  25.0  297.0
80  70.0  278.0
100  54.0  307.0
120  68.0  406.0
140  75.0  331.0
160  87.0  366.0
180  84.0  342.0
200  96.0  264.0
40  16.0  228.0
60  34.0  260.0
80  36.0  422.0
100  68.0  335.0
120  72.0  313.0
140  60.0  212.0
160  98.0  217.0
180  89.0  314.0
200  89.0  279.0
40  15.0  253.0
60  27.0  289.0
80  42.0  387.0
100  51.0  229.0
120  38.0  392.0
140  71.0  325.0
160  70.0  241.0
180  81.0  368.0
200  51.0  246.0
40  20.0  203.0
60  40.0  216.0
80  80.0  274.0
100  60.0  252.0
120  37.0  263.0
140  35.0  226.0
160  76.0  337.0
180  66.0  621.0
200  64.0  485.0
40  44.0  309.0
60  26.0  454.0
80  18.0  463.0
100  42.0  292.0
120  74.0  235.0
140  62.0  386.0
160  53.0  305.0
180  91.0  324.0
200  90.0  301.0
40  9.0  266.0
60  8.0  388.0
80  57.0  434.0
100  55.0  427.0
120  68.0  438.0
140  53.0  396.0
160  61.0  336.0
180  68.0  269.0
200  43.0  364.0
40  19.0  166.0
60  17.0  342.0
80  26.0  432.0
100  48.0  196.0
120  42.0  286.0
140  44.0  525.0
160  88.0  261.0
180  70.0  244.0
200  52.0  411.0
40  27.0  324.0
60  33.0  318.0
80  29.0  417.0
100  29.0  412.0
120  79.0  357.0
140  54.0  321.0
160  87.0  304.0
180  100.0  200.0
200  86.0  344.0
40  9.0  309.0
60  12.0  191.0
80  72.0  303.0
100  27.0  534.0
120  84.0  360.0
140  73.0  365.0
160  78.0  237.0
180  46.0  269.0
200  78.0  402.0
40  12.0  361.0
60  57.0  350.0
80  27.0  428.0
100  77.0  365.0
120  53.0  308.0
140  75.0  396.0
160  59.0  436.0
180  72.0  359.0
200  86.0  337.0
40  23.0  119.0
60  43.0  338.0
80  49.0  344.0
100  82.0  272.0
120  79.0  336.0
140  61.0  566.0
160  71.0  413.0
180  52.0  384.0
200  83.0  352.0
40  29.0  202.0
60  13.0  342.0
80  55.0  299.0
100  45.0  330.0
120  72.0  381.0
140  84.0  280.0
160  59.0  409.0
180  88.0  320.0
200  74.0  356.0
40  4.0  169.0
60  27.0  343.0
80  14.0  470.0
100  62.0  371.0
120  76.0  286.0
140  84.0  325.0
160  72.0  418.0
180  88.0  340.0
200  90.0  163.0
40  16.0  276.0
60  10.0  291.0
80  58.0  263.0
100  70.0  356.0
120  69.0  173.0
140  71.0  488.0
160  90.0  231.0
180  87.0  315.0
200  49.0  371.0
40  96.0  186.0
60  39.0  294.0
80  24.0  423.0
100  56.0  216.0
120  59.0  453.0
140  33.0  264.0
160  87.0  299.0
180  59.0  340.0
200  47.0  271.0
40  12.0  173.0
60  20.0  296.0
80  30.0  390.0
100  42.0  332.0
120  59.0  418.0
140  44.0  583.0
160  80.0  373.0
180  97.0  236.0
200  82.0  336.0
40  43.0  312.0
60  14.0  205.0
80  18.0  428.0
100  39.0  508.0
120  56.0  533.0
140  68.0  366.0
160  94.0  268.0
180  77.0  380.0
200  98.0  175.0
40  24.0  217.0
60  56.0  250.0
80  12.0  294.0
100  58.0  440.0
120  80.0  345.0
140  67.0  435.0
160  72.0  449.0
180  92.0  269.0
200  76.0  335.0
40  1.0  185.0
60  31.0  349.0
80  51.0  372.0
100  16.0  359.0
120  62.0  376.0
140  80.0  416.0
160  66.0  193.0
180  75.0  380.0
200  95.0  207.0
40  19.0  337.0
60  39.0  352.0
80  39.0  373.0
100  68.0  393.0
120  51.0  392.0
140  79.0  322.0
160  81.0  349.0
180  90.0  301.0
200  87.0  301.0
40  28.0  302.0
60  24.0  297.0
80  45.0  319.0
100  62.0  418.0
120  61.0  352.0
140  88.0  321.0
160  69.0  372.0
180  82.0  340.0
200  59.0  349.0
40  10.0  232.0
60  20.0  249.0
80  59.0  362.0
100  46.0  380.0
120  67.0  190.0
140  75.0  340.0
160  81.0  350.0
180  77.0  487.0
200  83.0  425.0
40  9.0  196.0
60  49.0  358.0
80  43.0  444.0
100  62.0  370.0
120  46.0  485.0
140  59.0  450.0
160  68.0  460.0
180  92.0  262.0
200  39.0  365.0
40  26.0  267.0
60  36.0  316.0
80  42.0  324.0
100  43.0  426.0
120  60.0  464.0
140  80.0  370.0
160  68.0  366.0
180  87.0  389.0
200  94.0  264.0
40  39.0  272.0
60  38.0  390.0
80  44.0  374.0
100  66.0  416.0
120  38.0  321.0
140  90.0  269.0
160  68.0  202.0
180  87.0  408.0
200  67.0  223.0
40  19.0  236.0
60  33.0  357.0
80  54.0  349.0
100  71.0  356.0
120  64.0  408.0
140  76.0  352.0
160  86.0  301.0
180  90.0  341.0
200  97.0  263.0
40  39.0  277.0
60  19.0  351.0
80  28.0  513.0
100  47.0  275.0
120  54.0  328.0
140  90.0  268.0
160  79.0  434.0
180  43.0  367.0
200  69.0  370.0
40  14.0  323.0
60  35.0  246.0
80  20.0  252.0
100  25.0  525.0
120  78.0  265.0
140  81.0  278.0
160  61.0  356.0
180  91.0  295.0
200  96.0  242.0
40  33.0  219.0
60  12.0  304.0
80  48.0  276.0
100  58.0  363.0
120  46.0  324.0
140  81.0  334.0
160  77.0  360.0
180  70.0  383.0
200  86.0  366.0
40  13.0  160.0
60  46.0  241.0
80  59.0  322.0
100  54.0  439.0
120  79.0  331.0
140  26.0  288.0
160  54.0  328.0
180  94.0  224.0
200  75.0  357.0
40  20.0  349.0
60  44.0  203.0
80  26.0  126.0
100  39.0  425.0
120  39.0  331.0
140  59.0  287.0
160  59.0  496.0
180  70.0  470.0
200  99.0  212.0
40  8.0  237.0
60  19.0  383.0
80  31.0  437.0
100  68.0  286.0
120  43.0  325.0
140  74.0  357.0
160  85.0  312.0
180  82.0  310.0
200  77.0  354.0
40  40.0  240.0
60  29.0  350.0
80  58.0  365.0
100  35.0  268.0
120  73.0  334.0
140  56.0  343.0
160  97.0  218.0
180  44.0  654.0
200  95.0  198.0
40  4.0  253.0
60  41.0  327.0
80  51.0  338.0
100  66.0  352.0
120  53.0  460.0
140  38.0  302.0
160  82.0  226.0
180  64.0  420.0
200  55.0  359.0
40  6.0  102.0
60  10.0  266.0
80  32.0  454.0
100  77.0  330.0
120  81.0  341.0
140  72.0  331.0
160  94.0  258.0
180  88.0  275.0
200  86.0  284.0
40  18.0  257.0
60  19.0  391.0
80  29.0  493.0
100  33.0  533.0
120  82.0  319.0
140  92.0  258.0
160  77.0  278.0
180  64.0  438.0
200  96.0  219.0
40  12.0  216.0
60  17.0  324.0
80  20.0  359.0
100  61.0  361.0
120  73.0  302.0
140  42.0  262.0
160  45.0  381.0
180  100.0  200.0
200  71.0  303.0
40  18.0  156.0
60  37.0  274.0
80  49.0  430.0
100  54.0  294.0
120  80.0  316.0
140  27.0  617.0
160  92.0  220.0
180  100.0  200.0
200  84.0  408.0
40  29.0  225.0
60  18.0  288.0
80  50.0  349.0
100  72.0  316.0
120  76.0  229.0
140  72.0  474.0
160  85.0  366.0
180  79.0  411.0
200  96.0  257.0
40  21.0  242.0
60  49.0  335.0
80  37.0  370.0
100  42.0  390.0
120  45.0  405.0
140  98.0  220.0
160  62.0  242.0
180  96.0  183.0
200  62.0  263.0
40  29.0  296.0
60  38.0  314.0
80  19.0  387.0
100  51.0  341.0
120  58.0  484.0
140  69.0  506.0
160  71.0  440.0
180  81.0  343.0
200  72.0  353.0
40  19.0  240.0
60  54.0  305.0
80  49.0  380.0
100  50.0  316.0
120  56.0  439.0
140  68.0  277.0
160  98.0  185.0
180  42.0  251.0
200  84.0  362.0
40  21.0  224.0
60  42.0  307.0
80  80.0  299.0
100  38.0  279.0
120  85.0  334.0
140  87.0  331.0
160  79.0  377.0
180  98.0  216.0
200  81.0  258.0
40  10.0  134.0
60  8.0  380.0
80  33.0  415.0
100  82.0  317.0
120  65.0  469.0
140  60.0  239.0
160  70.0  353.0
180  86.0  366.0
200  59.0  527.0
40  8.0  186.0
60  26.0  335.0
80  38.0  303.0
100  43.0  340.0
120  43.0  472.0
140  45.0  524.0
160  56.0  558.0
180  96.0  265.0
200  88.0  337.0
40  4.0  375.0
60  33.0  398.0
80  29.0  337.0
100  33.0  367.0
120  58.0  299.0
140  52.0  453.0
160  65.0  262.0
180  58.0  211.0
200  89.0  206.0
40  10.0  304.0
60  3.0  312.0
80  82.0  277.0
100  75.0  350.0
120  54.0  495.0
140  63.0  425.0
160  78.0  379.0
180  67.0  309.0
200  90.0  334.0
40  21.0  280.0
60  11.0  437.0
80  46.0  405.0
100  74.0  343.0
120  39.0  300.0
140  78.0  397.0
160  84.0  348.0
180  69.0  429.0
200  92.0  273.0
