1  38.399999999999999  3637
2  55.700000000000003  4158
3  34.0  3838
4  43.100000000000001  3861
5  46.799999999999997  4037
6  39.799999999999997  3743
7  44.799999999999997  4056
1  36.700000000000003  3811
2  40.0  3826
3  34.899999999999999  3477
4  46.700000000000003  3835
5  43.5  4138
6  37.299999999999997  4076
7  42.799999999999997  4232
1  41.5  4103
2  37.700000000000003  3717
3  47.299999999999997  3939
4  47.200000000000003  4066
5  30.899999999999999  3770
6  40.799999999999997  3700
7  43.5  4356
1  37.799999999999997  3527
2  48.399999999999999  4179
3  51.100000000000001  4100
4  46.5  4113
5  35.0  3807
6  35.899999999999999  3789
7  34.899999999999999  4068
1  48.399999999999999  3902
2  45.700000000000003  3750
3  44.700000000000003  4013
4  36.299999999999997  3757
5  34.899999999999999  3649
6  37.5  3992
7  34.200000000000003  3849
1  65.099999999999994  4218
2  37.5  3835
3  41.0  3634
4  49.600000000000001  3894
5  40.0  3737
6  38.600000000000001  4106
7  43.0  4152
1  35.299999999999997  3644
2  41.799999999999997  3920
3  51.600000000000001  4245
4  48.299999999999997  4058
5  38.899999999999999  3861
6  44.299999999999997  3804
7  38.299999999999997  4049
1  38.0  3346
2  35.899999999999999  3499
3  52.0  4046
4  39.5  3774
5  37.200000000000003  3666
6  45.299999999999997  3797
7  38.600000000000001  4072
1  45.700000000000003  3831
2  47.600000000000001  4204
3  39.5  3877
4  42.0  3810
5  43.700000000000003  4421
6  38.200000000000003  4047
7  42.5  4227
1  44.299999999999997  4017
2  31.199999999999999  3336
3  42.299999999999997  3774
4  42.600000000000001  3740
5  45.0  3983
6  44.700000000000003  4026
7  34.799999999999997  3691
1  42.399999999999999  3719
2  44.600000000000001  4073
3  42.5  4072
4  34.299999999999997  3668
5  41.0  4094
6  43.0  3993
7  35.600000000000001  3298
1  37.899999999999999  4033
2  44.899999999999999  3745
3  47.600000000000001  4200
4  48.799999999999997  3872
5  38.700000000000003  3970
6  36.700000000000003  3904
7  36.5  4096
1  35.0  3032
2  48.0  4019
3  43.700000000000003  3930
4  42.100000000000001  4099
5  38.399999999999999  3507
6  36.600000000000001  3913
7  33.0  3595
1  52.399999999999999  3904
2  33.100000000000001  3333
3  46.399999999999999  3846
4  49.399999999999999  3970
5  42.600000000000001  4075
6  54.200000000000003  4449
7  40.600000000000001  4374
1  52.100000000000001  4011
2  38.399999999999999  3450
3  37.5  3682
4  44.299999999999997  4065
5  38.0  4093
6  40.299999999999997  4099
7  45.799999999999997  4188
1  52.5  4213
2  51.700000000000003  3986
3  48.0  3829
4  36.0  3343
5  41.700000000000003  3964
6  47.5  3901
7  41.799999999999997  3989
1  37.899999999999999  3618
2  39.5  3908
3  34.899999999999999  3996
4  37.5  4029
5  44.0  4184
6  50.0  4124
7  36.5  3786
1  37.600000000000001  3748
2  43.100000000000001  3566
3  46.899999999999999  4138
4  37.399999999999999  3694
5  37.100000000000001  4018
6  35.399999999999999  3906
7  34.5  3861
1  46.899999999999999  3879
2  37.700000000000003  3580
3  34.799999999999997  3604
4  40.899999999999999  3793
5  37.0  4054
6  40.0  3805
7  43.600000000000001  3996
1  42.5  4017
2  41.399999999999999  3774
3  39.100000000000001  3978
4  41.399999999999999  3727
5  35.899999999999999  3624
6  41.200000000000003  4030
7  37.5  4136
1  39.200000000000003  3791
2  34.799999999999997  3382
3  43.200000000000003  3724
4  47.700000000000003  4031
5  33.5  3783
6  38.0  3849
7  39.799999999999997  3955
1  30.600000000000001  3201
2  42.700000000000003  3812
3  45.5  3699
4  45.0  4036
5  38.0  3764
6  39.0  4207
7  44.299999999999997  4362
1  40.0  3746
2  34.5  3530
3  46.200000000000003  3878
4  40.799999999999997  3578
5  37.799999999999997  3467
6  35.0  3440
7  38.299999999999997  3955
1  41.5  3763
2  41.399999999999999  3888
3  45.5  4062
4  39.600000000000001  3771
5  46.299999999999997  3981
6  43.5  3816
7  35.200000000000003  3905
1  48.299999999999997  3874
2  51.200000000000003  4099
3  43.100000000000001  3820
4  42.899999999999999  4051
5  39.200000000000003  3659
6  39.600000000000001  3944
7  42.299999999999997  4016
1  50.200000000000003  4034
2  38.0  3656
3  35.299999999999997  3587
4  41.399999999999999  3600
5  42.5  3911
6  42.700000000000003  4220
7  33.100000000000001  3814
1  29.699999999999999  3157
2  51.200000000000003  4173
3  38.200000000000003  3783
4  43.5  3376
5  41.5  4065
6  43.100000000000001  4031
7  39.100000000000001  4185
1  40.600000000000001  3660
2  46.0  4196
3  36.600000000000001  3379
4  34.700000000000003  3331
5  40.0  3930
6  38.700000000000003  3979
7  31.5  3920
1  45.600000000000001  3819
2  45.299999999999997  3995
3  34.200000000000003  3546
4  43.0  4179
5  41.700000000000003  3883
6  34.899999999999999  3873
7  30.199999999999999  3846
1  38.200000000000003  3308
2  39.100000000000001  3626
3  40.899999999999999  3765
4  41.100000000000001  3845
5  38.100000000000001  4182
6  42.5  4143
7  44.100000000000001  4134
1  44.5  3874
2  54.799999999999997  4115
3  39.200000000000003  3462
4  46.100000000000001  4177
5  33.799999999999997  3943
6  37.899999999999999  4148
7  45.5  4298
1  34.100000000000001  3667
2  43.100000000000001  3879
3  48.399999999999999  3635
4  43.799999999999997  3828
5  43.5  4197
6  51.700000000000003  4308
7  47.399999999999999  4230
1  48.299999999999997  3878
2  35.5  3653
3  38.700000000000003  3852
4  52.899999999999999  4084
5  43.899999999999999  3766
6  40.299999999999997  4053
7  38.100000000000001  3992
1  37.0  3886
2  43.5  3909
3  35.200000000000003  3646
4  46.5  4118
5  45.399999999999999  4019
6  41.700000000000003  4025
7  45.399999999999999  4026
1  40.299999999999997  3630
2  44.299999999999997  3983
3  32.799999999999997  3601
4  47.5  4334
5  44.600000000000001  4169
6  38.5  3976
7  46.299999999999997  4293
1  43.299999999999997  4092
2  49.899999999999999  4017
3  47.100000000000001  4123
4  42.5  3567
5  43.299999999999997  3848
6  45.0  4151
7  36.0  3976
1  42.700000000000003  3716
2  35.700000000000003  3535
3  38.700000000000003  4039
4  39.899999999999999  3774
5  50.899999999999999  4275
6  42.899999999999999  4085
7  32.299999999999997  3802
1  41.799999999999997  3869
2  51.100000000000001  3990
3  45.200000000000003  3791
4  39.899999999999999  3696
5  39.299999999999997  4029
6  39.700000000000003  3791
7  43.700000000000003  4079
1  40.100000000000001  3874
2  46.399999999999999  4317
3  36.899999999999999  3333
4  42.700000000000003  4015
5  31.300000000000001  3694
6  36.0  3895
7  42.5  3757
1  48.399999999999999  3872
2  41.200000000000003  3670
3  46.100000000000001  3965
4  44.299999999999997  4191
5  49.5  4194
6  39.100000000000001  4089
7  43.100000000000001  4032
1  38.200000000000003  3264
2  50.5  4198
3  46.600000000000001  4018
4  43.799999999999997  3848
5  41.399999999999999  3903
6  46.600000000000001  4095
7  39.200000000000003  3863
1  26.399999999999999  2718
2  49.799999999999997  3869
3  36.899999999999999  3715
4  44.799999999999997  4007
5  44.700000000000003  3885
6  47.399999999999999  4234
7  35.299999999999997  3921
1  36.700000000000003  3190
2  36.899999999999999  3582
3  38.399999999999999  4099
4  45.600000000000001  4027
5  35.100000000000001  3889
6  39.899999999999999  4107
7  32.5  3949
1  40.600000000000001  3608
2  34.299999999999997  3833
3  40.799999999999997  3851
4  41.600000000000001  3688
5  42.200000000000003  3985
6  37.399999999999999  4073
7  37.299999999999997  3808
1  37.200000000000003  3526
2  49.600000000000001  3551
3  50.399999999999999  3968
4  45.299999999999997  3812
5  33.299999999999997  4208
6  37.299999999999997  3899
7  42.5  4115
1  28.899999999999999  3314
2  49.600000000000001  4240
3  45.700000000000003  3894
4  48.0  3995
5  30.600000000000001  3926
6  37.5  3753
7  38.700000000000003  4167
1  40.700000000000003  3934
2  36.700000000000003  3588
3  35.200000000000003  3614
4  50.299999999999997  4124
5  40.299999999999997  3893
6  43.5  4018
7  44.0  4249
1  35.600000000000001  3383
2  51.200000000000003  3980
3  45.0  4268
4  34.299999999999997  3793
5  42.100000000000001  3850
6  35.100000000000001  3649
7  43.0  3969
1  34.200000000000003  3405
2  49.5  3854
3  33.5  3447
4  41.200000000000003  4052
5  41.700000000000003  3616
6  38.899999999999999  4023
7  47.700000000000003  4217
1  39.600000000000001  3960
2  31.0  3574
3  50.299999999999997  3860
4  54.200000000000003  4149
5  43.100000000000001  3982
6  42.799999999999997  4319
7  32.700000000000003  3760
1  32.200000000000003  3780
2  34.5  3327
3  37.600000000000001  3691
4  41.0  3718
5  48.200000000000003  4078
6  44.200000000000003  4156
7  38.799999999999997  3681
1  46.700000000000003  4039
2  44.100000000000001  3809
3  36.799999999999997  3759
4  39.700000000000003  4032
5  38.600000000000001  4002
6  34.299999999999997  3667
7  39.600000000000001  4179
1  36.600000000000001  3865
2  38.700000000000003  4024
3  42.299999999999997  3599
4  37.399999999999999  3863
5  45.200000000000003  4134
6  37.200000000000003  4151
7  34.799999999999997  3683
1  49.5  3882
2  38.5  3816
3  34.100000000000001  3616
4  40.0  3726
5  38.100000000000001  4047
6  39.5  3645
7  46.200000000000003  4065
1  54.5  4319
2  40.399999999999999  3731
3  35.0  3397
4  43.299999999999997  4110
5  47.899999999999999  4121
6  28.600000000000001  3735
7  37.600000000000001  3833
1  53.299999999999997  4103
2  35.700000000000003  3637
3  47.0  3970
4  37.899999999999999  4142
5  39.5  3964
6  41.899999999999999  4086
7  37.0  3894
1  42.100000000000001  3596
2  38.600000000000001  3607
3  33.799999999999997  3750
4  38.200000000000003  3775
5  41.100000000000001  4098
6  40.899999999999999  4190
7  36.399999999999999  4001
1  35.600000000000001  3719
2  42.899999999999999  3862
3  40.5  3680
4  45.700000000000003  3892
5  51.899999999999999  4250
6  40.5  4025
7  33.200000000000003  3591
1  39.299999999999997  3615
2  45.399999999999999  3696
3  39.399999999999999  3414
4  35.799999999999997  3972
5  43.299999999999997  4007
6  46.700000000000003  4016
7  48.399999999999999  3943
1  52.899999999999999  4295
2  31.600000000000001  3015
3  48.0  3976
4  42.5  3869
5  38.299999999999997  3825
6  44.399999999999999  4289
7  34.700000000000003  3850
1  37.299999999999997  3642
2  38.100000000000001  3349
3  36.600000000000001  3522
4  46.5  3810
5  44.700000000000003  3796
6  41.899999999999999  4011
7  33.200000000000003  3861
1  49.700000000000003  4191
2  47.399999999999999  3545
3  47.200000000000003  4022
4  35.700000000000003  3850
5  49.600000000000001  4077
6  36.200000000000003  3927
7  40.899999999999999  4148
1  39.600000000000001  3620
2  44.799999999999997  3668
3  36.299999999999997  3705
4  39.799999999999997  3743
5  40.399999999999999  3737
6  36.0  3903
7  30.100000000000001  3805
1  43.299999999999997  4162
2  47.700000000000003  3704
3  36.799999999999997  3649
4  43.799999999999997  4117
5  45.100000000000001  4052
6  40.200000000000003  3827
7  41.899999999999999  3875
1  40.299999999999997  3643
2  55.700000000000003  4294
3  38.5  4102
4  44.799999999999997  3908
5  33.399999999999999  3537
6  51.899999999999999  4338
7  33.700000000000003  3742
1  41.200000000000003  3555
2  50.799999999999997  4151
3  43.700000000000003  3963
4  59.899999999999999  4473
5  35.299999999999997  3814
6  42.600000000000001  4066
7  49.0  4422
1  34.899999999999999  3614
2  34.600000000000001  3515
3  43.100000000000001  3943
4  43.899999999999999  3755
5  48.0  3889
6  47.0  4173
7  37.0  4114
1  53.299999999999997  3942
2  33.399999999999999  3403
3  36.899999999999999  3754
4  42.0  3544
5  43.700000000000003  3862
6  37.799999999999997  4170
7  38.700000000000003  4141
1  39.299999999999997  3992
2  37.100000000000001  3550
3  51.799999999999997  4185
4  32.0  3669
5  42.700000000000003  4100
6  35.399999999999999  3567
7  45.700000000000003  4392
1  35.299999999999997  3891
2  44.799999999999997  3988
3  41.0  3711
4  37.899999999999999  3810
5  42.600000000000001  4175
6  34.600000000000001  3807
7  44.0  4238
1  55.399999999999999  4200
2  37.100000000000001  3899
3  38.799999999999997  3970
4  42.200000000000003  3678
5  41.600000000000001  3785
6  43.399999999999999  4272
7  36.100000000000001  3971
1  42.600000000000001  3639
2  50.200000000000003  4141
3  48.200000000000003  3825
4  42.700000000000003  3997
5  37.799999999999997  3987
6  39.700000000000003  4152
7  31.5  4020
1  30.0  3180
2  46.700000000000003  3799
3  42.0  4039
4  41.899999999999999  4235
5  41.5  4096
6  32.799999999999997  3658
7  37.899999999999999  3767
1  54.799999999999997  4168
2  44.600000000000001  3794
3  38.899999999999999  3711
4  35.0  3457
5  42.799999999999997  3795
6  40.600000000000001  3812
7  47.100000000000001  4158
1  29.399999999999999  3532
2  44.600000000000001  4208
3  41.5  3994
4  44.799999999999997  3877
5  37.0  3766
6  38.700000000000003  3883
7  33.899999999999999  3699
1  57.0  4012
2  38.5  3819
3  40.799999999999997  3721
4  39.299999999999997  3574
5  54.200000000000003  4472
6  41.100000000000001  3772
7  32.100000000000001  3408
1  38.600000000000001  3468
2  50.299999999999997  3906
3  54.600000000000001  3998
4  40.200000000000003  4075
5  43.0  4163
6  47.399999999999999  4368
7  42.5  3980
1  39.799999999999997  3272
2  38.600000000000001  3878
3  35.399999999999999  3565
4  43.799999999999997  3764
5  43.600000000000001  4124
6  50.399999999999999  4353
7  74.200000000000003  4122
1  38.299999999999997  3561
2  45.200000000000003  4052
3  49.399999999999999  4145
4  41.600000000000001  3964
5  40.600000000000001  4094
6  38.200000000000003  4219
7  35.899999999999999  4258
1  32.0  3432
2  43.600000000000001  3603
3  47.600000000000001  3956
4  28.600000000000001  3336
5  38.600000000000001  3478
6  36.799999999999997  3940
7  44.200000000000003  4030
1  49.799999999999997  3970
2  44.700000000000003  4153
3  41.200000000000003  3974
4  36.200000000000003  3924
5  36.700000000000003  3547
6  46.600000000000001  3982
7  35.799999999999997  4220
1  51.100000000000001  3985
2  42.0  4026
3  31.899999999999999  3275
4  40.899999999999999  3980
5  36.5  3724
6  39.899999999999999  4193
7  32.899999999999999  3918
1  50.299999999999997  3973
2  51.600000000000001  3960
3  52.600000000000001  4361
4  45.5  4138
5  39.200000000000003  3749
6  31.199999999999999  3703
7  35.0  3975
1  42.5  3983
2  44.399999999999999  4026
3  38.899999999999999  3704
4  37.700000000000003  3868
5  49.100000000000001  4252
6  35.299999999999997  3868
7  41.799999999999997  3985
1  44.100000000000001  3901
2  42.799999999999997  3928
3  45.600000000000001  4016
4  44.299999999999997  3929
5  35.299999999999997  3779
6  35.700000000000003  3808
7  34.5  3737
1  47.700000000000003  4007
2  38.799999999999997  3648
3  42.299999999999997  3793
4  40.700000000000003  3840
5  47.700000000000003  4083
6  38.5  4084
7  35.899999999999999  3601
1  37.700000000000003  3895
2  42.899999999999999  3776
3  52.5  4098
4  41.600000000000001  3919
5  38.100000000000001  4152
6  39.0  4128
7  34.899999999999999  3773
1  46.5  3752
2  47.200000000000003  3687
3  44.100000000000001  3793
4  39.0  3782
5  43.200000000000003  4051
6  45.399999999999999  4244
7  35.600000000000001  4023
1  39.600000000000001  3372
2  40.899999999999999  3885
3  42.5  4004
4  42.100000000000001  3972
5  35.600000000000001  3797
6  37.200000000000003  3936
7  37.899999999999999  4015
1  45.5  3672
2  35.299999999999997  3346
3  39.600000000000001  3787
4  42.399999999999999  3927
5  41.299999999999997  4139
6  41.899999999999999  4187
7  36.5  3865
1  50.399999999999999  4087
2  44.600000000000001  4031
3  41.899999999999999  3706
4  40.200000000000003  3890
5  49.100000000000001  4038
6  35.100000000000001  3852
7  39.899999999999999  3943
1  49.299999999999997  3957
2  40.899999999999999  3624
3  41.899999999999999  4105
4  45.100000000000001  3668
5  52.100000000000001  4426
6  43.399999999999999  4120
7  42.299999999999997  4438
1  38.200000000000003  3967
2  41.200000000000003  3626
3  48.5  4039
4  42.399999999999999  4018
5  48.700000000000003  4240
6  42.5  4264
7  37.600000000000001  3602
1  45.600000000000001  3633
2  38.0  3723
3  45.0  4184
4  46.700000000000003  4252
5  42.200000000000003  3590
6  25.699999999999999  3053
7  45.600000000000001  4293
1  42.5  3401
2  43.100000000000001  3786
3  38.200000000000003  3911
4  43.0  3752
5  37.799999999999997  4009
6  48.0  4135
7  39.799999999999997  3954
1  45.200000000000003  3920
2  44.700000000000003  3527
3  35.5  3852
4  48.899999999999999  3999
5  43.799999999999997  3965
6  46.299999999999997  4438
7  37.0  3826
1  35.100000000000001  3262
2  44.799999999999997  4071
3  45.0  3889
4  37.299999999999997  3606
5  44.700000000000003  3741
6  39.100000000000001  3663
7  36.700000000000003  3681
1  43.600000000000001  3878
2  41.299999999999997  4051
3  36.0  3844
4  37.600000000000001  3839
5  31.5  3580
6  47.0  4162
7  40.799999999999997  4201
1  49.200000000000003  4000
2  51.899999999999999  4160
3  48.600000000000001  3978
4  33.899999999999999  3871
5  34.200000000000003  3447
6  41.5  4017
7  23.300000000000001  3318
1  39.399999999999999  3477
2  45.899999999999999  4005
3  43.600000000000001  3842
4  43.600000000000001  4014
5  42.299999999999997  3949
6  48.700000000000003  3974
7  40.0  3927
