1  83.0  209.0
1  72.0  224.0
1  98.0  130.0
1  45.0  132.0
1  71.0  321.0
1  81.0  164.0
1  100.0  6.0
1  54.0  190.0
1  38.0  348.0
1  77.0  183.0
1  69.0  327.0
1  93.0  96.0
1  73.0  234.0
1  72.0  280.0
1  55.0  225.0
1  65.0  316.0
1  64.0  424.0
1  78.0  222.0
1  52.0  294.0
1  34.0  372.0
1  90.0  142.0
1  27.0  350.0
1  80.0  199.0
1  100.0  200.0
1  98.0  79.0
1  83.0  32.0
1  53.0  484.0
1  32.0  429.0
1  83.0  260.0
1  84.0  168.0
1  49.0  390.0
1  62.0  291.0
1  88.0  189.0
1  90.0  194.0
1  46.0  288.0
1  68.0  184.0
1  90.0  117.0
1  79.0  199.0
1  65.0  271.0
1  71.0  254.0
1  100.0  103.0
1  74.0  167.0
1  54.0  417.0
1  77.0  237.0
1  78.0  143.0
1  35.0  276.0
1  41.0  225.0
1  90.0  63.0
1  79.0  185.0
1  76.0  270.0
1  77.0  232.0
1  73.0  269.0
1  71.0  209.0
1  18.0  397.0
1  81.0  200.0
1  92.0  119.0
1  88.0  244.0
1  67.0  171.0
1  60.0  288.0
1  100.0  110.0
1  92.0  94.0
1  52.0  303.0
1  69.0  318.0
1  95.0  103.0
1  76.0  229.0
1  79.0  228.0
1  74.0  301.0
1  6.0  204.0
1  98.0  50.0
1  96.0  63.0
1  74.0  149.0
1  88.0  105.0
1  50.0  140.0
1  88.0  194.0
1  70.0  272.0
1  78.0  321.0
1  40.0  512.0
1  72.0  195.0
1  92.0  140.0
1  100.0  7.0
1  41.0  486.0
1  100.0  11.0
1  75.0  378.0
1  72.0  147.0
1  46.0  360.0
1  71.0  268.0
1  85.0  112.0
1  79.0  242.0
1  91.0  151.0
1  84.0  90.0
1  87.0  126.0
1  76.0  211.0
1  82.0  131.0
1  100.0  200.0
1  45.0  388.0
1  80.0  286.0
1  84.0  199.0
1  94.0  79.0
1  65.0  272.0
1  81.0  193.0
2  71.0  229.0
2  33.0  138.0
2  100.0  86.0
2  100.0  11.0
2  57.0  177.0
2  76.0  294.0
2  71.0  157.0
2  79.0  155.0
2  77.0  230.0
2  100.0  99.0
2  100.0  88.0
2  46.0  396.0
2  8.0  291.0
2  86.0  211.0
2  100.0  200.0
2  25.0  708.0
2  58.0  131.0
2  86.0  99.0
2  93.0  200.0
2  58.0  382.0
2  71.0  188.0
2  84.0  140.0
2  95.0  62.0
2  78.0  233.0
2  76.0  366.0
2  97.0  27.0
2  41.0  119.0
2  92.0  165.0
2  65.0  260.0
2  88.0  124.0
2  88.0  101.0
2  56.0  180.0
2  98.0  24.0
2  87.0  230.0
2  16.0  290.0
2  65.0  298.0
2  0.0  510.0
2  88.0  114.0
2  48.0  296.0
2  0.0  197.0
2  65.0  112.0
2  53.0  479.0
2  94.0  99.0
2  73.0  349.0
2  75.0  191.0
2  92.0  86.0
2  100.0  106.0
2  39.0  453.0
2  97.0  67.0
2  42.0  224.0
2  41.0  217.0
2  71.0  233.0
2  100.0  12.0
2  59.0  207.0
2  71.0  310.0
2  73.0  247.0
2  79.0  233.0
2  48.0  203.0
2  79.0  146.0
2  53.0  386.0
2  98.0  86.0
2  50.0  300.0
2  65.0  270.0
2  87.0  108.0
2  35.0  303.0
2  65.0  280.0
2  48.0  150.0
2  94.0  59.0
2  66.0  233.0
2  71.0  208.0
2  63.0  280.0
2  83.0  267.0
2  65.0  369.0
2  77.0  238.0
2  100.0  16.0
2  72.0  250.0
2  77.0  198.0
2  5.0  500.0
2  100.0  6.0
2  100.0  57.0
2  67.0  80.0
2  81.0  298.0
2  46.0  224.0
2  60.0  337.0
2  38.0  309.0
2  94.0  79.0
2  67.0  377.0
2  99.0  143.0
2  86.0  88.0
2  49.0  227.0
2  83.0  185.0
2  78.0  156.0
2  96.0  59.0
2  23.0  317.0
2  97.0  44.0
2  39.0  408.0
2  26.0  320.0
2  100.0  108.0
2  94.0  120.0
2  63.0  218.0
3  70.0  194.0
3  97.0  57.0
3  93.0  68.0
3  64.0  106.0
3  56.0  282.0
3  95.0  97.0
3  98.0  26.0
3  84.0  85.0
3  16.0  426.0
3  9.0  974.0
3  100.0  64.0
3  86.0  147.0
3  53.0  306.0
3  26.0  257.0
3  84.0  48.0
3  82.0  95.0
3  95.0  55.0
3  96.0  43.0
3  42.0  253.0
3  79.0  132.0
3  17.0  275.0
3  94.0  157.0
3  82.0  36.0
3  72.0  207.0
3  99.0  55.0
3  0.0  142.0
3  20.0  301.0
3  82.0  50.0
3  96.0  57.0
3  25.0  275.0
3  26.0  277.0
3  96.0  179.0
3  100.0  5.0
3  85.0  167.0
3  52.0  77.0
3  23.0  307.0
3  15.0  580.0
3  100.0  30.0
3  83.0  232.0
3  38.0  247.0
3  40.0  176.0
3  86.0  141.0
3  57.0  207.0
3  84.0  125.0
3  59.0  311.0
3  78.0  80.0
3  54.0  294.0
3  99.0  16.0
3  57.0  218.0
3  70.0  216.0
3  64.0  221.0
3  90.0  126.0
3  7.0  527.0
3  79.0  157.0
3  5.0  212.0
3  87.0  46.0
3  96.0  65.0
3  66.0  271.0
3  49.0  181.0
3  98.0  55.0
3  75.0  125.0
3  45.0  227.0
3  38.0  320.0
3  70.0  150.0
3  39.0  445.0
3  80.0  203.0
3  100.0  13.0
3  98.0  29.0
3  25.0  235.0
3  78.0  137.0
3  23.0  326.0
3  99.0  41.0
3  16.0  183.0
3  23.0  230.0
3  29.0  250.0
3  27.0  218.0
3  26.0  272.0
3  75.0  199.0
3  75.0  162.0
3  22.0  114.0
3  90.0  39.0
3  65.0  294.0
3  87.0  202.0
3  92.0  121.0
3  32.0  758.0
3  89.0  116.0
3  92.0  71.0
3  85.0  230.0
3  18.0  292.0
3  83.0  135.0
3  66.0  403.0
3  100.0  90.0
3  79.0  289.0
3  4.0  225.0
3  93.0  114.0
3  68.0  160.0
3  76.0  165.0
3  54.0  299.0
3  59.0  400.0
3  69.0  520.0
4  57.0  203.0
4  52.0  260.0
4  32.0  409.0
4  62.0  238.0
4  99.0  28.0
4  72.0  162.0
4  32.0  219.0
4  96.0  104.0
4  52.0  321.0
4  39.0  253.0
4  67.0  141.0
4  39.0  403.0
4  93.0  69.0
4  51.0  388.0
4  61.0  399.0
4  66.0  187.0
4  30.0  224.0
4  95.0  67.0
4  96.0  37.0
4  34.0  129.0
4  100.0  47.0
4  100.0  9.0
4  0.0  75.0
4  57.0  225.0
4  45.0  354.0
4  85.0  241.0
4  72.0  254.0
4  77.0  89.0
4  43.0  253.0
4  30.0  282.0
4  66.0  242.0
4  87.0  229.0
4  39.0  273.0
4  93.0  145.0
4  61.0  301.0
4  86.0  182.0
4  68.0  313.0
4  52.0  267.0
4  73.0  322.0
4  45.0  363.0
4  0.0  237.0
4  82.0  100.0
4  83.0  89.0
4  29.0  319.0
4  78.0  145.0
4  59.0  154.0
4  19.0  190.0
4  55.0  306.0
4  83.0  135.0
4  57.0  155.0
4  39.0  295.0
4  41.0  221.0
4  73.0  49.0
4  80.0  193.0
4  79.0  131.0
4  54.0  202.0
4  73.0  188.0
4  65.0  147.0
4  65.0  192.0
4  100.0  35.0
4  81.0  81.0
4  0.0  550.0
4  29.0  275.0
4  67.0  238.0
4  51.0  171.0
4  43.0  195.0
4  54.0  287.0
4  89.0  125.0
4  42.0  201.0
4  4.0  426.0
4  59.0  302.0
4  89.0  137.0
4  40.0  288.0
4  100.0  12.0
4  98.0  20.0
4  95.0  203.0
4  51.0  173.0
4  100.0  18.0
4  74.0  90.0
4  71.0  331.0
4  100.0  4.0
4  85.0  68.0
4  100.0  50.0
4  55.0  176.0
4  84.0  143.0
4  91.0  48.0
4  50.0  180.0
4  78.0  114.0
4  38.0  349.0
4  12.0  257.0
4  78.0  106.0
4  58.0  308.0
4  46.0  378.0
4  0.0  67.0
4  49.0  238.0
4  87.0  42.0
4  50.0  150.0
4  49.0  322.0
4  57.0  280.0
4  33.0  287.0
5  100.0  18.0
5  92.0  74.0
5  55.0  293.0
5  32.0  510.0
5  85.0  115.0
5  53.0  245.0
5  80.0  97.0
5  92.0  94.0
5  61.0  233.0
5  94.0  102.0
5  57.0  106.0
5  72.0  216.0
5  19.0  329.0
5  67.0  205.0
5  2.0  117.0
5  38.0  286.0
5  61.0  135.0
5  0.0  126.0
5  93.0  55.0
5  55.0  261.0
5  85.0  181.0
5  10.0  292.0
5  26.0  340.0
5  56.0  284.0
5  41.0  312.0
5  62.0  300.0
5  54.0  214.0
5  92.0  30.0
5  87.0  68.0
5  86.0  75.0
5  100.0  5.0
5  89.0  20.0
5  33.0  196.0
5  85.0  169.0
5  6.0  506.0
5  72.0  276.0
5  47.0  240.0
5  0.0  213.0
5  53.0  261.0
5  100.0  1.0
5  53.0  268.0
5  100.0  42.0
5  74.0  76.0
5  41.0  208.0
5  74.0  120.0
5  42.0  320.0
5  64.0  196.0
5  29.0  253.0
5  100.0  37.0
5  27.0  188.0
5  40.0  287.0
5  52.0  276.0
5  100.0  18.0
5  85.0  51.0
5  37.0  239.0
5  96.0  233.0
5  73.0  104.0
5  57.0  239.0
5  82.0  202.0
5  28.0  254.0
5  97.0  118.0
5  79.0  142.0
5  39.0  232.0
5  74.0  113.0
5  100.0  6.0
5  87.0  37.0
5  36.0  287.0
5  71.0  171.0
5  40.0  423.0
5  38.0  271.0
5  34.0  271.0
5  77.0  113.0
5  64.0  116.0
5  57.0  134.0
5  53.0  338.0
5  14.0  221.0
5  31.0  393.0
5  100.0  53.0
5  56.0  314.0
5  82.0  115.0
5  54.0  408.0
5  78.0  186.0
5  38.0  257.0
5  53.0  249.0
5  79.0  300.0
5  100.0  25.0
5  34.0  393.0
5  89.0  103.0
5  56.0  324.0
5  56.0  316.0
5  82.0  54.0
5  90.0  145.0
5  99.0  27.0
5  29.0  190.0
5  60.0  140.0
5  50.0  328.0
5  99.0  11.0
5  33.0  469.0
5  82.0  217.0
5  100.0  16.0
