0  2  3.0  9709.0
0  2  100.0  300.0
0  2  24.0  7672.0
0  2  13.0  8739.0
0  2  3.0  9709.0
0  2  7.0  9322.0
0  2  18.0  8256.0
0  2  2.0  9806.0
0  2  7.0  9321.0
0  2  0.0  10000.0
0  2  15.0  8545.0
0  2  12.0  8836.0
0  2  0.0  10000.0
0  2  6.0  9418.0
0  2  0.0  10000.0
0  2  34.0  6702.0
0  2  10.0  9030.0
0  2  4.0  9613.0
0  2  0.0  10000.0
0  2  81.0  2143.0
0  2  0.0  10000.0
0  2  0.0  10000.0
0  2  24.0  7674.0
0  2  13.0  8739.0
0  2  2.0  9806.0
0  2  0.0  10000.0
0  2  0.0  10000.0
0  2  0.0  10000.0
0  2  0.0  10000.0
0  2  3.0  9709.0
0  2  0.0  10000.0
0  2  26.0  7478.0
0  2  10.0  9030.0
0  2  14.0  8642.0
0  2  10.0  9030.0
0  2  0.0  10000.0
0  2  20.0  8062.0
0  2  15.0  8545.0
0  2  26.0  7478.0
0  2  3.0  9709.0
0  2  33.0  6799.0
0  2  6.0  9418.0
0  2  0.0  10000.0
0  2  2.0  9806.0
0  2  13.0  8739.0
0  2  24.0  7672.0
0  2  0.0  10000.0
0  2  1.0  9903.0
0  2  9.0  9127.0
0  2  5.0  9515.0
0  2  6.0  9418.0
0  2  1.0  9901.0
0  2  0.0  10000.0
0  2  3.0  9709.0
0  2  28.0  7284.0
0  2  20.0  8060.0
0  2  5.0  9515.0
0  2  8.0  9225.0
0  2  0.0  10000.0
0  2  6.0  9418.0
0  2  11.0  8934.0
0  2  2.0  9806.0
0  2  4.0  9612.0
0  2  0.0  10000.0
0  2  23.0  7770.0
0  2  9.0  9127.0
0  2  0.0  10000.0
0  2  26.0  7479.0
0  2  2.0  9806.0
0  2  34.0  6703.0
0  2  0.0  10000.0
0  2  43.0  5832.0
0  2  2.0  9806.0
0  2  0.0  10000.0
0  2  25.0  7575.0
0  2  7.0  9322.0
0  2  3.0  9709.0
0  2  0.0  10000.0
0  2  25.0  7575.0
0  2  22.0  7867.0
0  2  7.0  9321.0
0  2  0.0  10000.0
0  2  0.0  10000.0
0  2  23.0  7769.0
0  2  4.0  9612.0
0  2  0.0  10000.0
0  2  45.0  5636.0
0  2  2.0  9806.0
0  2  11.0  8933.0
0  2  2.0  9806.0
0  2  33.0  6799.0
0  2  1.0  9903.0
0  2  21.0  7964.0
0  2  28.0  7284.0
0  2  0.0  10000.0
0  2  7.0  9321.0
0  2  5.0  9515.0
0  2  4.0  9612.0
0  2  13.0  8739.0
0  2  5.0  9515.0
1  2  0.0  10000.0
1  2  0.0  10000.0
1  2  1.0  9903.0
1  2  14.0  8642.0
1  2  2.0  9806.0
1  2  31.0  6977.0
1  2  1.0  9903.0
1  2  17.0  8351.0
1  2  18.0  8255.0
1  2  16.0  8448.0
1  2  0.0  10000.0
1  2  13.0  8739.0
1  2  9.0  9124.0
1  2  2.0  9806.0
1  2  0.0  10000.0
1  2  16.0  8464.0
1  2  0.0  10000.0
1  2  7.0  9321.0
1  2  13.0  8728.0
1  2  0.0  10000.0
1  2  13.0  8732.0
1  2  46.0  5538.0
1  2  0.0  10000.0
1  2  13.0  8741.0
1  2  18.0  8237.0
1  2  34.0  6681.0
1  2  5.0  9513.0
1  2  14.0  8642.0
1  2  25.0  7551.0
1  2  9.0  9127.0
1  2  13.0  8742.0
1  2  13.0  8726.0
1  2  29.0  7188.0
1  2  0.0  10000.0
1  2  10.0  9030.0
1  2  22.0  7844.0
1  2  7.0  9323.0
1  2  6.0  9413.0
1  2  0.0  10000.0
1  2  28.0  7259.0
1  2  0.0  10000.0
1  2  0.0  10000.0
1  2  20.0  8061.0
1  2  4.0  9628.0
1  2  0.0  10000.0
1  2  0.0  10000.0
1  2  13.0  8740.0
1  2  11.0  8935.0
1  2  9.0  9127.0
1  2  0.0  10000.0
1  2  6.0  9418.0
1  2  0.0  10000.0
1  2  0.0  10000.0
1  2  13.0  8739.0
1  2  0.0  10000.0
1  2  0.0  10000.0
1  2  0.0  10000.0
1  2  10.0  9031.0
1  2  32.0  6897.0
1  2  13.0  8739.0
1  2  19.0  8158.0
1  2  10.0  9030.0
1  2  30.0  7095.0
1  2  6.0  9418.0
1  2  33.0  6767.0
1  2  8.0  9224.0
1  2  0.0  10000.0
1  2  6.0  9418.0
1  2  0.0  10000.0
1  2  30.0  7090.0
1  2  6.0  9418.0
1  2  18.0  8254.0
1  2  0.0  10000.0
1  2  0.0  10000.0
1  2  23.0  7747.0
1  2  31.0  6996.0
1  2  0.0  10000.0
1  2  0.0  10000.0
1  2  2.0  9806.0
1  2  2.0  9806.0
1  2  19.0  8147.0
1  2  6.0  9420.0
1  2  7.0  9319.0
1  2  14.0  8642.0
1  2  3.0  9709.0
1  2  18.0  8236.0
1  2  8.0  9225.0
1  2  0.0  10000.0
1  2  10.0  9031.0
1  2  0.0  10000.0
1  2  18.0  8254.0
1  2  71.0  3119.0
1  2  7.0  9321.0
1  2  0.0  10000.0
1  2  15.0  8545.0
1  2  4.0  9612.0
1  2  53.0  4807.0
1  2  3.0  9709.0
1  2  0.0  10000.0
1  2  10.0  9033.0
2  2  22.0  7844.0
2  2  15.0  8545.0
2  2  8.0  9224.0
2  2  19.0  8144.0
2  2  29.0  7166.0
2  2  80.0  2160.0
2  2  1.0  9903.0
2  2  23.0  7770.0
2  2  15.0  8545.0
2  2  19.0  8157.0
2  2  62.0  3926.0
2  2  26.0  7433.0
2  2  16.0  8434.0
2  2  6.0  9419.0
2  2  29.0  7168.0
2  2  53.0  4827.0
2  2  32.0  6836.0
2  2  22.0  7856.0
2  2  7.0  9315.0
2  2  23.0  7762.0
2  2  33.0  6743.0
2  2  60.0  4146.0
2  2  11.0  8928.0
2  2  27.0  7383.0
2  2  20.0  8049.0
2  2  31.0  6964.0
2  2  6.0  9418.0
2  2  24.0  7672.0
2  2  0.0  10000.0
2  2  0.0  10000.0
2  2  35.0  6575.0
2  2  32.0  6867.0
2  2  20.0  8054.0
2  2  28.0  7262.0
2  2  6.0  9418.0
2  2  16.0  8444.0
2  2  0.0  10000.0
2  2  0.0  10000.0
2  2  26.0  7478.0
2  2  0.0  10000.0
2  2  17.0  8335.0
2  2  2.0  9804.0
2  2  17.0  8344.0
2  2  9.0  9128.0
2  2  0.0  10000.0
2  2  7.0  9321.0
2  2  0.0  10000.0
2  2  12.0  8824.0
2  2  20.0  8060.0
2  2  0.0  10000.0
2  2  0.0  10000.0
2  2  0.0  10000.0
2  2  33.0  6737.0
2  2  14.0  8628.0
2  2  3.0  9708.0
2  2  11.0  8922.0
2  2  11.0  8933.0
2  2  0.0  10000.0
2  2  0.0  10000.0
2  2  38.0  6285.0
2  2  2.0  9806.0
2  2  50.0  5101.0
2  2  0.0  10000.0
2  2  0.0  10000.0
2  2  18.0  8244.0
2  2  59.0  4218.0
2  2  0.0  10000.0
2  2  0.0  10000.0
2  2  5.0  9511.0
2  2  12.0  8837.0
2  2  13.0  8726.0
2  2  4.0  9612.0
2  2  0.0  10000.0
2  2  10.0  9029.0
2  2  9.0  9127.0
2  2  9.0  9118.0
2  2  32.0  6877.0
2  2  33.0  6782.0
2  2  0.0  10000.0
2  2  19.0  8157.0
2  2  31.0  6994.0
2  2  24.0  7668.0
2  2  7.0  9315.0
2  2  4.0  9612.0
2  2  31.0  6968.0
2  2  0.0  10000.0
2  2  1.0  9903.0
2  2  6.0  9418.0
2  2  4.0  9609.0
2  2  100.0  271.0
2  2  7.0  9314.0
2  2  23.0  7757.0
2  2  14.0  8643.0
2  2  3.0  9709.0
2  2  16.0  8439.0
2  2  17.0  8338.0
2  2  54.0  4675.0
2  2  12.0  8836.0
2  2  2.0  9806.0
2  2  8.0  9227.0
3  2  10.0  9026.0
3  2  27.0  7369.0
3  2  59.0  4228.0
3  2  5.0  9515.0
3  2  12.0  8824.0
3  2  76.0  2476.0
3  2  19.0  8139.0
3  2  0.0  10000.0
3  2  0.0  10000.0
3  2  0.0  10000.0
3  2  14.0  8642.0
3  2  15.0  8537.0
3  2  0.0  10000.0
3  2  66.0  3600.0
3  2  19.0  8157.0
3  2  7.0  9321.0
3  2  0.0  10000.0
3  2  12.0  8836.0
3  2  9.0  9122.0
3  2  10.0  9020.0
3  2  17.0  8351.0
3  2  7.0  9321.0
3  2  78.0  2357.0
3  2  21.0  7964.0
3  2  7.0  9322.0
3  2  10.0  9030.0
3  2  26.0  7478.0
3  2  0.0  10000.0
3  2  12.0  8824.0
3  2  14.0  8642.0
3  2  0.0  10000.0
3  2  0.0  10000.0
3  2  78.0  2228.0
3  2  3.0  9706.0
3  2  38.0  6314.0
3  2  15.0  8545.0
3  2  0.0  10000.0
3  2  8.0  9226.0
3  2  58.0  4264.0
3  2  3.0  9709.0
3  2  22.0  7846.0
3  2  31.0  6949.0
3  2  0.0  10000.0
3  2  0.0  10000.0
3  2  49.0  5212.0
3  2  1.0  9902.0
3  2  6.0  9418.0
3  2  11.0  8922.0
3  2  0.0  10000.0
3  2  100.0  300.0
3  2  13.0  8726.0
3  2  36.0  6477.0
3  2  0.0  10000.0
3  2  18.0  8225.0
3  2  16.0  8418.0
3  2  60.0  4135.0
3  2  12.0  8824.0
3  2  11.0  8933.0
3  2  6.0  9419.0
3  2  10.0  9029.0
3  2  0.0  10000.0
3  2  9.0  9126.0
3  2  33.0  6733.0
3  2  10.0  9022.0
3  2  37.0  6374.0
3  2  16.0  8432.0
3  2  21.0  7954.0
3  2  0.0  10000.0
3  2  34.0  6660.0
3  2  0.0  10000.0
3  2  0.0  10000.0
3  2  11.0  8933.0
3  2  9.0  9128.0
3  2  4.0  9609.0
3  2  7.0  9321.0
3  2  10.0  9030.0
3  2  8.0  9224.0
3  2  20.0  8042.0
3  2  33.0  6734.0
3  2  13.0  8719.0
3  2  0.0  10000.0
3  2  32.0  6867.0
3  2  0.0  10000.0
3  2  4.0  9612.0
3  2  21.0  7964.0
3  2  0.0  10000.0
3  2  0.0  10000.0
3  2  0.0  10000.0
3  2  35.0  6607.0
3  2  15.0  8535.0
3  2  23.0  7755.0
3  2  0.0  10000.0
3  2  32.0  6873.0
3  2  13.0  8739.0
3  2  22.0  7800.0
3  2  3.0  9709.0
3  2  5.0  9516.0
3  2  12.0  8836.0
3  2  42.0  5846.0
3  2  49.0  5199.0
4  2  18.0  8215.0
4  2  40.0  6107.0
4  2  2.0  9808.0
4  2  7.0  9322.0
4  2  11.0  8922.0
4  2  37.0  6388.0
4  2  9.0  9118.0
4  2  13.0  8733.0
4  2  10.0  9029.0
4  2  18.0  8219.0
4  2  52.0  4911.0
4  2  0.0  10000.0
4  2  24.0  7667.0
4  2  35.0  6539.0
4  2  0.0  10000.0
4  2  53.0  4783.0
4  2  74.0  2684.0
4  2  6.0  9412.0
4  2  11.0  8929.0
4  2  1.0  9903.0
4  2  10.0  9031.0
4  2  6.0  9412.0
4  2  62.0  3862.0
4  2  38.0  6280.0
4  2  6.0  9418.0
4  2  35.0  6570.0
4  2  3.0  9709.0
4  2  0.0  10000.0
4  2  0.0  10000.0
4  2  43.0  5800.0
4  2  36.0  6510.0
4  2  21.0  7959.0
4  2  6.0  9412.0
4  2  93.0  701.0
4  2  0.0  10000.0
4  2  68.0  3246.0
4  2  17.0  8353.0
4  2  55.0  4595.0
4  2  18.0  8254.0
4  2  9.0  9118.0
4  2  8.0  9216.0
4  2  47.0  5372.0
4  2  3.0  9709.0
4  2  19.0  8163.0
4  2  13.0  8726.0
4  2  0.0  10000.0
4  2  10.0  9030.0
4  2  6.0  9418.0
4  2  27.0  7359.0
4  2  25.0  7550.0
4  2  69.0  3136.0
4  2  35.0  6560.0
4  2  31.0  6936.0
4  2  24.0  7648.0
4  2  38.0  6277.0
4  2  54.0  4666.0
4  2  20.0  8029.0
4  2  31.0  6963.0
4  2  9.0  9127.0
4  2  5.0  9515.0
4  2  0.0  10000.0
4  2  38.0  6240.0
4  2  3.0  9709.0
4  2  41.0  5982.0
4  2  14.0  8628.0
4  2  8.0  9208.0
4  2  13.0  8739.0
4  2  45.0  5573.0
4  2  3.0  9706.0
4  2  14.0  8643.0
4  2  8.0  9224.0
4  2  13.0  8739.0
4  2  72.0  2872.0
4  2  9.0  9127.0
4  2  50.0  5056.0
4  2  0.0  10000.0
4  2  22.0  7866.0
4  2  36.0  6472.0
4  2  1.0  9901.0
4  2  72.0  2858.0
4  2  49.0  5154.0
4  2  21.0  7944.0
4  2  0.0  10000.0
4  2  8.0  9225.0
4  2  15.0  8545.0
4  2  38.0  6248.0
4  2  21.0  7967.0
4  2  16.0  8417.0
4  2  21.0  7939.0
4  2  50.0  5107.0
4  2  0.0  10000.0
4  2  62.0  3816.0
4  2  62.0  3900.0
4  2  36.0  6449.0
4  2  31.0  6935.0
4  2  59.0  4108.0
4  2  25.0  7552.0
4  2  0.0  10000.0
4  2  10.0  9030.0
4  2  50.0  5069.0
5  2  0.0  10000.0
5  2  35.0  6557.0
5  2  74.0  2629.0
5  2  0.0  10000.0
5  2  0.0  10000.0
5  2  1.0  9902.0
5  2  0.0  10000.0
5  2  0.0  10000.0
5  2  11.0  8927.0
5  2  0.0  10000.0
5  2  0.0  10000.0
5  2  27.0  7355.0
5  2  76.0  2452.0
5  2  3.0  9709.0
5  2  0.0  10000.0
5  2  9.0  9127.0
5  2  32.0  6854.0
5  2  15.0  8530.0
5  2  24.0  7649.0
5  2  87.0  1563.0
5  2  33.0  6776.0
5  2  99.0  199.0
5  2  19.0  8135.0
5  2  15.0  8537.0
5  2  52.0  4873.0
5  2  0.0  10000.0
5  2  94.0  750.0
5  2  38.0  6258.0
5  2  0.0  10000.0
5  2  7.0  9321.0
5  2  0.0  10000.0
5  2  55.0  4500.0
5  2  0.0  10000.0
5  2  26.0  7453.0
5  2  72.0  2832.0
5  2  26.0  7430.0
5  2  53.0  4753.0
5  2  38.0  6247.0
5  2  11.0  8933.0
5  2  17.0  8340.0
5  2  28.0  7228.0
5  2  1.0  9904.0
5  2  44.0  5634.0
5  2  10.0  9027.0
5  2  7.0  9321.0
5  2  37.0  6378.0
5  2  12.0  8803.0
5  2  19.0  8140.0
5  2  90.0  1090.0
5  2  0.0  10000.0
5  2  11.0  8933.0
5  2  27.0  7354.0
5  2  76.0  2555.0
5  2  31.0  6985.0
5  2  0.0  10000.0
5  2  61.0  3964.0
5  2  35.0  6549.0
5  2  22.0  7857.0
5  2  13.0  8722.0
5  2  50.0  5050.0
5  2  26.0  7452.0
5  2  13.0  8726.0
5  2  8.0  9226.0
5  2  58.0  4220.0
5  2  40.0  6044.0
5  2  0.0  10000.0
5  2  0.0  10000.0
5  2  40.0  6089.0
5  2  3.0  9709.0
5  2  7.0  9325.0
5  2  35.0  6535.0
5  2  79.0  2344.0
5  2  22.0  7845.0
5  2  30.0  7091.0
5  2  94.0  788.0
5  2  13.0  8727.0
5  2  48.0  5259.0
5  2  4.0  9612.0
5  2  29.0  7174.0
5  2  37.0  6381.0
5  2  51.0  5006.0
5  2  4.0  9612.0
5  2  4.0  9612.0
5  2  0.0  10000.0
5  2  14.0  8631.0
5  2  57.0  4386.0
5  2  57.0  4451.0
5  2  8.0  9224.0
5  2  0.0  10000.0
5  2  21.0  7945.0
5  2  0.0  10000.0
5  2  18.0  8241.0
5  2  32.0  6890.0
5  2  13.0  8727.0
5  2  35.0  6590.0
5  2  40.0  6091.0
5  2  2.0  9804.0
5  2  99.0  298.0
5  2  0.0  10000.0
5  2  5.0  9515.0
6  2  35.0  6546.0
6  2  10.0  9010.0
6  2  33.0  6747.0
6  2  41.0  5935.0
6  2  37.0  6360.0
6  2  13.0  8726.0
6  2  8.0  9218.0
6  2  25.0  7538.0
6  2  25.0  7539.0
6  2  0.0  10000.0
6  2  21.0  7912.0
6  2  3.0  9709.0
6  2  1.0  9903.0
6  2  38.0  6245.0
6  2  10.0  9027.0
6  2  66.0  3402.0
6  2  0.0  10000.0
6  2  58.0  4221.0
6  2  77.0  2334.0
6  2  27.0  7354.0
6  2  19.0  8121.0
6  2  0.0  10000.0
6  2  41.0  5945.0
6  2  48.0  5296.0
6  2  13.0  8726.0
6  2  14.0  8642.0
6  2  71.0  2935.0
6  2  5.0  9510.0
6  2  0.0  10000.0
6  2  54.0  4664.0
6  2  44.0  5689.0
6  2  3.0  9706.0
6  2  37.0  6341.0
6  2  13.0  8740.0
6  2  39.0  6171.0
6  2  2.0  9807.0
6  2  0.0  10000.0
6  2  0.0  10000.0
6  2  20.0  8020.0
6  2  46.0  5540.0
6  2  40.0  6030.0
6  2  59.0  4126.0
6  2  0.0  10000.0
6  2  9.0  9127.0
6  2  58.0  4209.0
6  2  28.0  7232.0
6  2  37.0  6412.0
6  2  0.0  10000.0
6  2  11.0  8924.0
6  2  3.0  9710.0
6  2  4.0  9608.0
6  2  11.0  8923.0
6  2  12.0  8836.0
6  2  11.0  8929.0
6  2  93.0  784.0
6  2  33.0  6762.0
6  2  0.0  10000.0
6  2  39.0  6189.0
6  2  21.0  7941.0
6  2  60.0  4073.0
6  2  82.0  1803.0
6  2  2.0  9806.0
6  2  71.0  2940.0
6  2  9.0  9127.0
6  2  71.0  3001.0
6  2  49.0  5153.0
6  2  0.0  10000.0
6  2  48.0  5258.0
6  2  0.0  10000.0
6  2  7.0  9321.0
6  2  61.0  3971.0
6  2  47.0  5383.0
6  2  34.0  6702.0
6  2  4.0  9608.0
6  2  33.0  6743.0
6  2  7.0  9315.0
6  2  24.0  7648.0
6  2  59.0  4107.0
6  2  30.0  7060.0
6  2  44.0  5729.0
6  2  79.0  2183.0
6  2  0.0  10000.0
6  2  27.0  7357.0
6  2  14.0  8647.0
6  2  0.0  10000.0
6  2  30.0  7066.0
6  2  32.0  6862.0
6  2  23.0  7751.0
6  2  66.0  3420.0
6  2  0.0  10000.0
6  2  26.0  7479.0
6  2  46.0  5492.0
6  2  2.0  9806.0
6  2  42.0  5839.0
6  2  26.0  7426.0
6  2  34.0  6675.0
6  2  0.0  10000.0
6  2  43.0  5742.0
6  2  4.0  9604.0
6  2  0.0  10000.0
7  2  57.0  4388.0
7  2  45.0  5553.0
7  2  26.0  7431.0
7  2  76.0  2628.0
7  2  13.0  8728.0
7  2  25.0  7554.0
7  2  62.0  3877.0
7  2  43.0  5726.0
7  2  33.0  6766.0
7  2  43.0  5763.0
7  2  58.0  4258.0
7  2  0.0  10000.0
7  2  45.0  5516.0
7  2  38.0  6201.0
7  2  0.0  10000.0
7  2  82.0  1877.0
7  2  51.0  4946.0
7  2  1.0  9902.0
7  2  64.0  3635.0
7  2  41.0  6001.0
7  2  77.0  2304.0
7  2  0.0  10000.0
7  2  5.0  9505.0
7  2  1.0  9901.0
7  2  22.0  7826.0
7  2  14.0  8629.0
7  2  47.0  5351.0
7  2  54.0  4603.0
7  2  77.0  2399.0
7  2  0.0  10000.0
7  2  10.0  9030.0
7  2  10.0  9012.0
7  2  11.0  8934.0
7  2  41.0  5921.0
7  2  26.0  7435.0
7  2  22.0  7845.0
7  2  24.0  7673.0
7  2  57.0  4416.0
7  2  73.0  2749.0
7  2  88.0  1224.0
7  2  27.0  7353.0
7  2  34.0  6675.0
7  2  10.0  9030.0
7  2  45.0  5545.0
7  2  94.0  631.0
7  2  37.0  6377.0
7  2  30.0  7043.0
7  2  94.0  626.0
7  2  21.0  7945.0
7  2  84.0  1647.0
7  2  12.0  8825.0
7  2  35.0  6535.0
7  2  46.0  5492.0
7  2  19.0  8140.0
7  2  30.0  7063.0
7  2  11.0  8934.0
7  2  66.0  3423.0
7  2  47.0  5374.0
7  2  41.0  5984.0
7  2  52.0  4811.0
7  2  10.0  9030.0
7  2  9.0  9120.0
7  2  0.0  10000.0
7  2  2.0  9802.0
7  2  2.0  9807.0
7  2  90.0  1065.0
7  2  11.0  8912.0
7  2  85.0  1518.0
7  2  1.0  9902.0
7  2  0.0  10000.0
7  2  63.0  3719.0
7  2  56.0  4432.0
7  2  43.0  5773.0
7  2  57.0  4359.0
7  2  67.0  3360.0
7  2  53.0  4807.0
7  2  89.0  1189.0
7  2  47.0  5343.0
7  2  0.0  10000.0
7  2  17.0  8345.0
7  2  61.0  3944.0
7  2  77.0  2300.0
7  2  26.0  7450.0
7  2  54.0  4710.0
7  2  30.0  7052.0
7  2  35.0  6570.0
7  2  49.0  5145.0
7  2  39.0  6100.0
7  2  0.0  10000.0
7  2  71.0  2900.0
7  2  30.0  7004.0
7  2  7.0  9321.0
7  2  24.0  7654.0
7  2  40.0  6123.0
7  2  76.0  2428.0
7  2  22.0  7835.0
7  2  75.0  2575.0
7  2  72.0  2827.0
7  2  33.0  6735.0
7  2  20.0  8040.0
8  2  0.0  10000.0
8  2  18.0  8243.0
8  2  10.0  9020.0
8  2  53.0  4751.0
8  2  57.0  4362.0
8  2  16.0  8442.0
8  2  10.0  9029.0
8  2  45.0  5559.0
8  2  79.0  2100.0
8  2  27.0  7318.0
8  2  30.0  7042.0
8  2  71.0  2992.0
8  2  3.0  9706.0
8  2  68.0  3313.0
8  2  39.0  6161.0
8  2  0.0  10000.0
8  2  14.0  8628.0
8  2  30.0  7035.0
8  2  11.0  8923.0
8  2  58.0  4234.0
8  2  26.0  7426.0
8  2  42.0  5884.0
8  2  84.0  1621.0
8  2  21.0  7929.0
8  2  34.0  6658.0
8  2  0.0  10000.0
8  2  19.0  8138.0
8  2  63.0  3761.0
8  2  25.0  7533.0
8  2  9.0  9119.0
8  2  72.0  2847.0
8  2  56.0  4471.0
8  2  0.0  10000.0
8  2  0.0  10000.0
8  2  86.0  1574.0
8  2  33.0  6805.0
8  2  64.0  3673.0
8  2  68.0  3200.0
8  2  8.0  9210.0
8  2  17.0  8319.0
8  2  5.0  9510.0
8  2  7.0  9321.0
8  2  46.0  5467.0
8  2  74.0  2659.0
8  2  33.0  6766.0
8  2  90.0  1090.0
8  2  57.0  4333.0
8  2  49.0  5157.0
8  2  88.0  1215.0
8  2  28.0  7229.0
8  2  38.0  6314.0
8  2  88.0  1232.0
8  2  72.0  2822.0
8  2  74.0  2688.0
8  2  72.0  2841.0
8  2  39.0  6143.0
8  2  0.0  10000.0
8  2  10.0  9032.0
8  2  51.0  5060.0
8  2  74.0  2612.0
8  2  23.0  7747.0
8  2  19.0  8154.0
8  2  46.0  5461.0
8  2  32.0  6839.0
8  2  95.0  509.0
8  2  0.0  10000.0
8  2  25.0  7525.0
8  2  0.0  10000.0
8  2  53.0  4700.0
8  2  48.0  5256.0
8  2  9.0  9118.0
8  2  7.0  9321.0
8  2  24.0  7626.0
8  2  91.0  902.0
8  2  37.0  6359.0
8  2  0.0  10000.0
8  2  0.0  10000.0
8  2  43.0  5830.0
8  2  3.0  9709.0
8  2  5.0  9510.0
8  2  54.0  4627.0
8  2  44.0  5652.0
8  2  15.0  8530.0
8  2  11.0  8911.0
8  2  16.0  8433.0
8  2  25.0  7526.0
8  2  21.0  7965.0
8  2  57.0  4336.0
8  2  33.0  6733.0
8  2  28.0  7256.0
8  2  44.0  5639.0
8  2  84.0  1604.0
8  2  37.0  6366.0
8  2  82.0  1826.0
8  2  5.0  9513.0
8  2  13.0  8726.0
8  2  17.0  8335.0
8  2  13.0  8726.0
8  2  48.0  5244.0
8  2  33.0  6738.0
9  2  69.0  3117.0
9  2  37.0  6361.0
9  2  73.0  2705.0
9  2  91.0  1021.0
9  2  39.0  6146.0
9  2  51.0  4935.0
9  2  23.0  7761.0
9  2  53.0  4763.0
9  2  21.0  7935.0
9  2  61.0  4022.0
9  2  0.0  10000.0
9  2  21.0  7955.0
9  2  0.0  10000.0
9  2  34.0  6644.0
9  2  87.0  1387.0
9  2  38.0  6254.0
9  2  26.0  7427.0
9  2  22.0  7847.0
9  2  56.0  4447.0
9  2  74.0  2656.0
9  2  61.0  3961.0
9  2  0.0  10000.0
9  2  59.0  4228.0
9  2  53.0  4705.0
9  2  39.0  6144.0
9  2  0.0  10000.0
9  2  42.0  5843.0
9  2  75.0  2564.0
9  2  42.0  5874.0
9  2  43.0  5747.0
9  2  58.0  4216.0
9  2  49.0  5111.0
9  2  0.0  10000.0
9  2  0.0  10000.0
9  2  69.0  3144.0
9  2  66.0  3427.0
9  2  3.0  9706.0
9  2  10.0  9024.0
9  2  0.0  10000.0
9  2  44.0  5655.0
9  2  49.0  5150.0
9  2  74.0  2680.0
9  2  27.0  7330.0
9  2  20.0  8062.0
9  2  0.0  10000.0
9  2  74.0  2679.0
9  2  0.0  10000.0
9  2  35.0  6522.0
9  2  89.0  1117.0
9  2  40.0  6040.0
9  2  56.0  4451.0
9  2  18.0  8245.0
9  2  61.0  3938.0
9  2  58.0  4252.0
9  2  58.0  4269.0
9  2  2.0  9804.0
9  2  32.0  6873.0
9  2  56.0  4420.0
9  2  22.0  7846.0
9  2  23.0  7742.0
9  2  1.0  9903.0
9  2  17.0  8334.0
9  2  34.0  6640.0
9  2  32.0  6845.0
9  2  59.0  4214.0
9  2  58.0  4277.0
9  2  51.0  4959.0
9  2  50.0  5080.0
9  2  73.0  2788.0
9  2  53.0  4756.0
9  2  5.0  9510.0
9  2  68.0  3239.0
9  2  54.0  4602.0
9  2  53.0  4721.0
9  2  54.0  4611.0
9  2  14.0  8614.0
9  2  7.0  9314.0
9  2  49.0  5172.0
9  2  81.0  1914.0
9  2  51.0  4980.0
9  2  42.0  5838.0
9  2  47.0  5319.0
9  2  90.0  1092.0
9  2  18.0  8226.0
9  2  57.0  4338.0
9  2  37.0  6320.0
9  2  53.0  4734.0
9  2  8.0  9222.0
9  2  67.0  3352.0
9  2  22.0  7822.0
9  2  35.0  6550.0
9  2  22.0  7852.0
9  2  4.0  9608.0
9  2  34.0  6644.0
9  2  63.0  3812.0
9  2  42.0  5811.0
9  2  86.0  1427.0
9  2  63.0  3728.0
9  2  9.0  9127.0
9  2  48.0  5285.0
10  2  56.0  4449.0
10  2  91.0  901.0
10  2  67.0  3374.0
10  2  26.0  7400.0
10  2  60.0  4009.0
10  2  0.0  10000.0
10  2  38.0  6276.0
10  2  65.0  3565.0
10  2  95.0  516.0
10  2  8.0  9223.0
10  2  97.0  317.0
10  2  4.0  9612.0
10  2  36.0  6414.0
10  2  27.0  7316.0
10  2  89.0  1118.0
10  2  49.0  5158.0
10  2  65.0  3566.0
10  2  26.0  7452.0
10  2  53.0  4714.0
10  2  50.0  5040.0
10  2  91.0  904.0
10  2  10.0  9019.0
10  2  54.0  4622.0
10  2  83.0  1739.0
10  2  55.0  4516.0
10  2  38.0  6242.0
10  2  53.0  4747.0
10  2  34.0  6644.0
10  2  57.0  4385.0
10  2  24.0  7648.0
10  2  8.0  9221.0
10  2  80.0  2068.0
10  2  0.0  10000.0
10  2  0.0  10000.0
10  2  69.0  3116.0
10  2  46.0  5440.0
10  2  0.0  10000.0
10  2  33.0  6713.0
10  2  0.0  10000.0
10  2  74.0  2612.0
10  2  40.0  6048.0
10  2  100.0  19.0
10  2  0.0  10000.0
10  2  52.0  4835.0
10  2  8.0  9218.0
10  2  30.0  7049.0
10  2  44.0  5644.0
10  2  91.0  917.0
10  2  19.0  8124.0
10  2  56.0  4425.0
10  2  0.0  10000.0
10  2  76.0  2427.0
10  2  38.0  6241.0
10  2  37.0  6323.0
10  2  84.0  1607.0
10  2  20.0  8047.0
10  2  21.0  7963.0
10  2  35.0  6529.0
10  2  88.0  1210.0
10  2  32.0  6843.0
10  2  67.0  3316.0
10  2  59.0  4119.0
10  2  45.0  5518.0
10  2  0.0  10000.0
10  2  48.0  5309.0
10  2  22.0  7822.0
10  2  49.0  5135.0
10  2  31.0  6984.0
10  2  54.0  4671.0
10  2  0.0  10000.0
10  2  45.0  5541.0
10  2  95.0  595.0
10  2  38.0  6205.0
10  2  63.0  3805.0
10  2  11.0  8925.0
10  2  85.0  1571.0
10  2  11.0  8933.0
10  2  68.0  3248.0
10  2  4.0  9612.0
10  2  51.0  4953.0
10  2  92.0  804.0
10  2  79.0  2141.0
10  2  80.0  2021.0
10  2  80.0  2108.0
10  2  38.0  6200.0
10  2  25.0  7519.0
10  2  29.0  7129.0
10  2  66.0  3418.0
10  2  7.0  9321.0
10  2  15.0  8526.0
10  2  0.0  10000.0
10  2  55.0  4517.0
10  2  47.0  5355.0
10  2  68.0  3228.0
10  2  24.0  7638.0
10  2  51.0  4916.0
10  2  57.0  4373.0
10  2  39.0  6124.0
10  2  25.0  7542.0
10  2  14.0  8627.0
11  2  81.0  1906.0
11  2  35.0  6529.0
11  2  53.0  4807.0
11  2  15.0  8507.0
11  2  0.0  10000.0
11  2  66.0  3421.0
11  2  86.0  1407.0
11  2  0.0  10000.0
11  2  61.0  3914.0
11  2  34.0  6633.0
11  2  63.0  3834.0
11  2  36.0  6472.0
11  2  52.0  4842.0
11  2  96.0  402.0
11  2  91.0  906.0
11  2  64.0  3601.0
11  2  93.0  715.0
11  2  55.0  4533.0
11  2  54.0  4655.0
11  2  89.0  1189.0
11  2  73.0  2722.0
11  2  57.0  4361.0
11  2  35.0  6548.0
11  2  46.0  5492.0
11  2  28.0  7256.0
11  2  0.0  10000.0
11  2  53.0  4756.0
11  2  19.0  8121.0
11  2  63.0  3709.0
11  2  18.0  8234.0
11  2  50.0  5050.0
11  2  0.0  10000.0
11  2  51.0  4911.0
11  2  20.0  8022.0
11  2  0.0  10000.0
11  2  0.0  10000.0
11  2  0.0  10000.0
11  2  13.0  8726.0
11  2  32.0  6864.0
11  2  12.0  8836.0
11  2  76.0  2404.0
11  2  31.0  6916.0
11  2  73.0  2774.0
11  2  100.0  29.0
11  2  37.0  6360.0
11  2  80.0  2076.0
11  2  48.0  5303.0
11  2  25.0  7526.0
11  2  99.0  150.0
11  2  4.0  9612.0
11  2  86.0  1403.0
11  2  19.0  8119.0
11  2  0.0  10000.0
11  2  35.0  6553.0
11  2  96.0  496.0
11  2  32.0  6832.0
11  2  75.0  2540.0
11  2  44.0  5648.0
11  2  14.0  8630.0
11  2  0.0  10000.0
11  2  61.0  3961.0
11  2  100.0  213.0
11  2  38.0  6276.0
11  2  68.0  3222.0
11  2  16.0  8443.0
11  2  32.0  6840.0
11  2  92.0  800.0
11  2  47.0  5321.0
11  2  47.0  5300.0
11  2  68.0  3245.0
11  2  82.0  1802.0
11  2  79.0  2179.0
11  2  70.0  3016.0
11  2  6.0  9419.0
11  2  0.0  10000.0
11  2  89.0  1108.0
11  2  90.0  1180.0
11  2  60.0  4032.0
11  2  59.0  4188.0
11  2  44.0  5615.0
11  2  0.0  10000.0
11  2  41.0  5900.0
11  2  48.0  5238.0
11  2  0.0  10000.0
11  2  40.0  6000.0
11  2  44.0  5622.0
11  2  6.0  9406.0
11  2  66.0  3400.0
11  2  97.0  377.0
11  2  20.0  8020.0
11  2  70.0  3048.0
11  2  21.0  7946.0
11  2  42.0  5829.0
11  2  22.0  7865.0
11  2  22.0  7862.0
11  2  51.0  4952.0
11  2  72.0  2820.0
11  2  83.0  1709.0
11  2  39.0  6166.0
11  2  49.0  5173.0
12  2  78.0  2228.0
12  2  0.0  10000.0
12  2  90.0  1065.0
12  2  54.0  4616.0
12  2  59.0  4121.0
12  2  15.0  8530.0
12  2  60.0  4020.0
12  2  74.0  2720.0
12  2  69.0  3130.0
12  2  50.0  5042.0
12  2  25.0  7557.0
12  2  83.0  1769.0
12  2  99.0  101.0
12  2  94.0  620.0
12  2  42.0  5808.0
12  2  27.0  7332.0
12  2  59.0  4149.0
12  2  0.0  10000.0
12  2  0.0  10000.0
12  2  76.0  2456.0
12  2  82.0  1826.0
12  2  80.0  2024.0
12  2  0.0  10000.0
12  2  46.0  5431.0
12  2  63.0  3749.0
12  2  84.0  1614.0
12  2  92.0  800.0
12  2  22.0  7822.0
12  2  45.0  5531.0
12  2  95.0  505.0
12  2  40.0  6083.0
12  2  27.0  7337.0
12  2  49.0  5154.0
12  2  80.0  2054.0
12  2  60.0  4028.0
12  2  47.0  5321.0
12  2  72.0  2843.0
12  2  49.0  5154.0
12  2  96.0  437.0
12  2  22.0  7832.0
12  2  96.0  405.0
12  2  22.0  7842.0
12  2  15.0  8541.0
12  2  45.0  5513.0
12  2  15.0  8527.0
12  2  13.0  8712.0
12  2  9.0  9110.0
12  2  87.0  1321.0
12  2  32.0  6859.0
12  2  29.0  7135.0
12  2  78.0  2230.0
12  2  22.0  7844.0
12  2  0.0  10000.0
12  2  44.0  5651.0
12  2  71.0  2933.0
12  2  46.0  5477.0
12  2  91.0  902.0
12  2  62.0  3848.0
12  2  12.0  8830.0
12  2  52.0  4817.0
12  2  82.0  1804.0
12  2  79.0  2101.0
12  2  60.0  4027.0
12  2  0.0  10000.0
12  2  60.0  4019.0
12  2  36.0  6433.0
12  2  32.0  6813.0
12  2  14.0  8629.0
12  2  93.0  701.0
12  2  15.0  8538.0
12  2  3.0  9703.0
12  2  48.0  5300.0
12  2  40.0  6041.0
12  2  77.0  2334.0
12  2  65.0  3502.0
12  2  94.0  608.0
12  2  94.0  602.0
12  2  70.0  3046.0
12  2  11.0  8920.0
12  2  23.0  7707.0
12  2  53.0  4774.0
12  2  18.0  8236.0
12  2  41.0  5900.0
12  2  3.0  9703.0
12  2  73.0  2738.0
12  2  73.0  2727.0
12  2  64.0  3690.0
12  2  44.0  5635.0
12  2  0.0  10000.0
12  2  100.0  15.0
12  2  48.0  5275.0
12  2  25.0  7551.0
12  2  0.0  10000.0
12  2  56.0  4452.0
12  2  52.0  4878.0
12  2  56.0  4432.0
12  2  54.0  4628.0
12  2  39.0  6135.0
12  2  94.0  628.0
12  2  78.0  2229.0
13  2  71.0  2900.0
13  2  58.0  4231.0
13  2  50.0  5058.0
13  2  78.0  2279.0
13  2  30.0  7034.0
13  2  60.0  4023.0
13  2  76.0  2564.0
13  2  51.0  4939.0
13  2  100.0  71.0
13  2  79.0  2101.0
13  2  89.0  1278.0
13  2  100.0  7.0
13  2  35.0  6563.0
13  2  19.0  8117.0
13  2  39.0  6121.0
13  2  60.0  4049.0
13  2  31.0  6931.0
13  2  83.0  1708.0
13  2  89.0  1278.0
13  2  100.0  30.0
13  2  90.0  1006.0
13  2  98.0  206.0
13  2  77.0  2398.0
13  2  60.0  4041.0
13  2  29.0  7121.0
13  2  1.0  9902.0
13  2  64.0  3641.0
13  2  30.0  7071.0
13  2  58.0  4224.0
13  2  91.0  925.0
13  2  86.0  1400.0
13  2  29.0  7140.0
13  2  43.0  5725.0
13  2  69.0  3151.0
13  2  44.0  5633.0
13  2  87.0  1352.0
13  2  67.0  3315.0
13  2  35.0  6540.0
13  2  56.0  4433.0
13  2  96.0  512.0
13  2  61.0  4042.0
13  2  37.0  6335.0
13  2  77.0  2300.0
13  2  70.0  3012.0
13  2  54.0  4627.0
13  2  40.0  6043.0
13  2  52.0  4823.0
13  2  84.0  1640.0
13  2  58.0  4221.0
13  2  66.0  3435.0
13  2  84.0  1616.0
13  2  45.0  5509.0
13  2  62.0  3810.0
13  2  70.0  3039.0
13  2  10.0  9026.0
13  2  43.0  5721.0
13  2  100.0  8.0
13  2  27.0  7327.0
13  2  7.0  9309.0
13  2  71.0  2927.0
13  2  26.0  7444.0
13  2  37.0  6315.0
13  2  19.0  8147.0
13  2  40.0  6006.0
13  2  79.0  2128.0
13  2  68.0  3232.0
13  2  59.0  4162.0
13  2  91.0  917.0
13  2  24.0  7651.0
13  2  23.0  7700.0
13  2  85.0  1520.0
13  2  83.0  1725.0
13  2  48.0  5222.0
13  2  92.0  803.0
13  2  42.0  5861.0
13  2  72.0  2807.0
13  2  17.0  8336.0
13  2  0.0  10000.0
13  2  20.0  8020.0
13  2  57.0  4300.0
13  2  13.0  8706.0
13  2  80.0  2012.0
13  2  0.0  10000.0
13  2  93.0  893.0
13  2  61.0  3957.0
13  2  0.0  10000.0
13  2  36.0  6441.0
13  2  28.0  7243.0
13  2  67.0  3309.0
13  2  49.0  5213.0
13  2  66.0  3478.0
13  2  66.0  3424.0
13  2  6.0  9415.0
13  2  67.0  3350.0
13  2  58.0  4230.0
13  2  20.0  8001.0
13  2  57.0  4344.0
13  2  84.0  1604.0
13  2  74.0  2613.0
13  2  66.0  3428.0
14  2  21.0  7918.0
14  2  78.0  2223.0
14  2  12.0  8812.0
14  2  15.0  8515.0
14  2  89.0  1100.0
14  2  29.0  7161.0
14  2  93.0  723.0
14  2  79.0  2100.0
14  2  40.0  6080.0
14  2  43.0  5743.0
14  2  67.0  3365.0
14  2  64.0  3681.0
14  2  16.0  8418.0
14  2  75.0  2508.0
14  2  78.0  2200.0
14  2  91.0  930.0
14  2  68.0  3200.0
14  2  58.0  4321.0
14  2  43.0  5723.0
14  2  22.0  7831.0
14  2  50.0  5000.0
14  2  35.0  6565.0
14  2  0.0  10000.0
14  2  76.0  2400.0
14  2  84.0  1644.0
14  2  52.0  4907.0
14  2  65.0  3535.0
14  2  38.0  6229.0
14  2  87.0  1329.0
14  2  83.0  1703.0
14  2  89.0  1137.0
14  2  54.0  4600.0
14  2  86.0  1408.0
14  2  64.0  3662.0
14  2  35.0  6559.0
14  2  44.0  5645.0
14  2  18.0  8218.0
14  2  61.0  3908.0
14  2  93.0  733.0
14  2  38.0  6277.0
14  2  42.0  5849.0
14  2  56.0  4434.0
14  2  54.0  4621.0
14  2  77.0  2313.0
14  2  82.0  1809.0
14  2  64.0  3609.0
14  2  42.0  5818.0
14  2  81.0  1958.0
14  2  0.0  10000.0
14  2  66.0  3403.0
14  2  98.0  210.0
14  2  86.0  1408.0
14  2  87.0  1334.0
14  2  61.0  3913.0
14  2  60.0  4037.0
14  2  92.0  801.0
14  2  28.0  7220.0
14  2  60.0  4021.0
14  2  38.0  6256.0
14  2  0.0  10000.0
14  2  45.0  5559.0
14  2  12.0  8813.0
14  2  16.0  8436.0
14  2  0.0  10000.0
14  2  88.0  1284.0
14  2  12.0  8827.0
14  2  4.0  9612.0
14  2  37.0  6309.0
14  2  64.0  3635.0
14  2  44.0  5626.0
14  2  0.0  10000.0
14  2  43.0  5741.0
14  2  81.0  1905.0
14  2  28.0  7242.0
14  2  87.0  1319.0
14  2  0.0  10000.0
14  2  33.0  6710.0
14  2  48.0  5261.0
14  2  0.0  10000.0
14  2  48.0  5251.0
14  2  0.0  10000.0
14  2  68.0  3221.0
14  2  35.0  6559.0
14  2  0.0  10000.0
14  2  91.0  996.0
14  2  70.0  3000.0
14  2  0.0  10000.0
14  2  1.0  9903.0
14  2  89.0  1155.0
14  2  42.0  5843.0
14  2  91.0  901.0
14  2  15.0  8516.0
14  2  23.0  7746.0
14  2  9.0  9118.0
14  2  42.0  5817.0
14  2  91.0  944.0
14  2  49.0  5150.0
14  2  53.0  4759.0
14  2  26.0  7426.0
14  2  63.0  3738.0
15  2  100.0  6.0
15  2  55.0  4513.0
15  2  87.0  1317.0
15  2  94.0  656.0
15  2  33.0  6730.0
15  2  42.0  5826.0
15  2  52.0  4804.0
15  2  30.0  7061.0
15  2  35.0  6518.0
15  2  82.0  1809.0
15  2  51.0  4905.0
15  2  25.0  7528.0
15  2  74.0  2634.0
15  2  0.0  10000.0
15  2  34.0  6618.0
15  2  88.0  1201.0
15  2  86.0  1408.0
15  2  38.0  6253.0
15  2  85.0  1502.0
15  2  86.0  1451.0
15  2  20.0  8002.0
15  2  0.0  10000.0
15  2  51.0  4932.0
15  2  54.0  4659.0
15  2  74.0  2634.0
15  2  47.0  5310.0
15  2  24.0  7650.0
15  2  62.0  3813.0
15  2  94.0  628.0
15  2  34.0  6609.0
15  2  73.0  2712.0
15  2  74.0  2612.0
15  2  92.0  803.0
15  2  100.0  7.0
15  2  68.0  3249.0
15  2  79.0  2103.0
15  2  90.0  1001.0
15  2  35.0  6538.0
15  2  83.0  1724.0
15  2  100.0  18.0
15  2  58.0  4226.0
15  2  81.0  1918.0
15  2  22.0  7825.0
15  2  87.0  1347.0
15  2  70.0  3092.0
15  2  61.0  3936.0
15  2  35.0  6507.0
15  2  80.0  2001.0
15  2  68.0  3237.0
15  2  48.0  5267.0
15  2  49.0  5115.0
15  2  51.0  4910.0
15  2  78.0  2218.0
15  2  14.0  8634.0
15  2  100.0  10.0
15  2  43.0  5814.0
15  2  87.0  1326.0
15  2  65.0  3515.0
15  2  79.0  2144.0
15  2  91.0  908.0
15  2  36.0  6443.0
15  2  50.0  5043.0
15  2  95.0  512.0
15  2  99.0  127.0
15  2  93.0  713.0
15  2  87.0  1300.0
15  2  85.0  1553.0
15  2  73.0  2713.0
15  2  33.0  6733.0
15  2  51.0  4924.0
15  2  50.0  5068.0
15  2  100.0  205.0
15  2  76.0  2424.0
15  2  95.0  506.0
15  2  59.0  4104.0
15  2  81.0  1955.0
15  2  71.0  2919.0
15  2  76.0  2418.0
15  2  68.0  3230.0
15  2  24.0  7620.0
15  2  7.0  9321.0
15  2  55.0  4546.0
15  2  77.0  2390.0
15  2  46.0  5448.0
15  2  52.0  4814.0
15  2  83.0  1702.0
15  2  68.0  3235.0
15  2  84.0  1603.0
15  2  43.0  5726.0
15  2  62.0  3806.0
15  2  93.0  718.0
15  2  73.0  2709.0
15  2  72.0  2805.0
15  2  52.0  4830.0
15  2  77.0  2314.0
15  2  70.0  3009.0
15  2  91.0  902.0
15  2  53.0  4724.0
15  2  94.0  616.0
15  2  5.0  9513.0
16  2  75.0  2527.0
16  2  100.0  24.0
16  2  97.0  365.0
16  2  95.0  500.0
16  2  54.0  4621.0
16  2  21.0  7900.0
16  2  0.0  10000.0
16  2  35.0  6515.0
16  2  51.0  4912.0
16  2  37.0  6332.0
16  2  84.0  1651.0
16  2  82.0  1804.0
16  2  62.0  3863.0
16  2  51.0  4972.0
16  2  0.0  10000.0
16  2  35.0  6542.0
16  2  64.0  3646.0
16  2  90.0  1010.0
16  2  72.0  2802.0
16  2  79.0  2118.0
16  2  50.0  5026.0
16  2  44.0  5631.0
16  2  53.0  4752.0
16  2  60.0  4025.0
16  2  75.0  2512.0
16  2  65.0  3540.0
16  2  55.0  4551.0
16  2  12.0  8836.0
16  2  78.0  2210.0
16  2  73.0  2761.0
16  2  30.0  7056.0
16  2  78.0  2223.0
16  2  89.0  1111.0
16  2  75.0  2520.0
16  2  95.0  505.0
16  2  30.0  7039.0
16  2  74.0  2643.0
16  2  63.0  3757.0
16  2  89.0  1102.0
16  2  68.0  3233.0
16  2  68.0  3205.0
16  2  66.0  3410.0
16  2  17.0  8319.0
16  2  67.0  3309.0
16  2  84.0  1634.0
16  2  62.0  3842.0
16  2  90.0  1000.0
16  2  65.0  3522.0
16  2  53.0  4756.0
16  2  75.0  2538.0
16  2  2.0  9808.0
16  2  99.0  111.0
16  2  89.0  1101.0
16  2  31.0  6902.0
16  2  36.0  6408.0
16  2  89.0  1102.0
16  2  22.0  7822.0
16  2  44.0  5654.0
16  2  93.0  727.0
16  2  25.0  7566.0
16  2  44.0  5626.0
16  2  37.0  6345.0
16  2  56.0  4414.0
16  2  79.0  2152.0
16  2  74.0  2624.0
16  2  37.0  6311.0
16  2  13.0  8733.0
16  2  83.0  1702.0
16  2  33.0  6766.0
16  2  72.0  2828.0
16  2  89.0  1129.0
16  2  65.0  3527.0
16  2  0.0  10000.0
16  2  44.0  5648.0
16  2  78.0  2251.0
16  2  20.0  8020.0
16  2  98.0  206.0
16  2  81.0  1915.0
16  2  74.0  2619.0
16  2  78.0  2302.0
16  2  57.0  4346.0
16  2  44.0  5610.0
16  2  85.0  1505.0
16  2  52.0  4865.0
16  2  31.0  6923.0
16  2  65.0  3506.0
16  2  86.0  1490.0
16  2  72.0  2809.0
16  2  45.0  5512.0
16  2  71.0  2923.0
16  2  72.0  2861.0
16  2  53.0  4775.0
16  2  61.0  3961.0
16  2  65.0  3520.0
16  2  14.0  8608.0
16  2  87.0  1301.0
16  2  73.0  2715.0
16  2  75.0  2534.0
16  2  96.0  406.0
16  2  20.0  8061.0
17  2  92.0  848.0
17  2  24.0  7648.0
17  2  60.0  4051.0
17  2  19.0  8132.0
17  2  33.0  6755.0
17  2  90.0  1017.0
17  2  56.0  4400.0
17  2  37.0  6300.0
17  2  50.0  5050.0
17  2  40.0  6012.0
17  2  56.0  4430.0
17  2  80.0  2000.0
17  2  92.0  818.0
17  2  77.0  2318.0
17  2  53.0  4714.0
17  2  43.0  5750.0
17  2  6.0  9411.0
17  2  66.0  3415.0
17  2  38.0  6275.0
17  2  79.0  2106.0
17  2  99.0  109.0
17  2  72.0  2839.0
17  2  40.0  6064.0
17  2  47.0  5389.0
17  2  100.0  1.0
17  2  83.0  1739.0
17  2  85.0  1522.0
17  2  56.0  4402.0
17  2  51.0  4944.0
17  2  81.0  1916.0
17  2  89.0  1106.0
17  2  74.0  2644.0
17  2  52.0  4838.0
17  2  76.0  2437.0
17  2  100.0  2.0
17  2  27.0  7328.0
17  2  74.0  2614.0
17  2  88.0  1237.0
17  2  61.0  3920.0
17  2  98.0  209.0
17  2  52.0  4825.0
17  2  27.0  7314.0
17  2  91.0  935.0
17  2  92.0  805.0
17  2  7.0  9321.0
17  2  89.0  1100.0
17  2  39.0  6101.0
17  2  56.0  4486.0
17  2  44.0  5688.0
17  2  100.0  28.0
17  2  80.0  2019.0
17  2  83.0  1753.0
17  2  99.0  108.0
17  2  86.0  1442.0
17  2  83.0  1710.0
17  2  92.0  870.0
17  2  97.0  314.0
17  2  65.0  3543.0
17  2  99.0  104.0
17  2  48.0  5225.0
17  2  86.0  1416.0
17  2  92.0  801.0
17  2  58.0  4231.0
17  2  95.0  500.0
17  2  82.0  1860.0
17  2  80.0  2029.0
17  2  60.0  4020.0
17  2  90.0  1001.0
17  2  90.0  1000.0
17  2  57.0  4300.0
17  2  67.0  3350.0
17  2  50.0  5002.0
17  2  0.0  10000.0
17  2  64.0  3614.0
17  2  89.0  1149.0
17  2  59.0  4122.0
17  2  17.0  8317.0
17  2  41.0  5934.0
17  2  61.0  3938.0
17  2  48.0  5241.0
17  2  92.0  800.0
17  2  71.0  2901.0
17  2  82.0  1806.0
17  2  68.0  3221.0
17  2  69.0  3100.0
17  2  73.0  2703.0
17  2  64.0  3658.0
17  2  90.0  1018.0
17  2  87.0  1312.0
17  2  94.0  618.0
17  2  67.0  3333.0
17  2  34.0  6616.0
17  2  0.0  10000.0
17  2  56.0  4434.0
17  2  53.0  4707.0
17  2  63.0  3746.0
17  2  84.0  1604.0
17  2  72.0  2897.0
17  2  100.0  8.0
17  2  92.0  800.0
18  2  60.0  4028.0
18  2  38.0  6223.0
18  2  74.0  2638.0
18  2  79.0  2138.0
18  2  38.0  6248.0
18  2  61.0  3905.0
18  2  96.0  410.0
18  2  29.0  7158.0
18  2  99.0  150.0
18  2  75.0  2525.0
18  2  88.0  1205.0
18  2  30.0  7032.0
18  2  90.0  1033.0
18  2  82.0  1800.0
18  2  37.0  6349.0
18  2  87.0  1301.0
18  2  0.0  10000.0
18  2  39.0  6118.0
18  2  83.0  1701.0
18  2  72.0  2814.0
18  2  62.0  3871.0
18  2  94.0  613.0
18  2  69.0  3106.0
18  2  84.0  1606.0
18  2  38.0  6209.0
18  2  57.0  4300.0
18  2  91.0  909.0
18  2  37.0  6300.0
18  2  74.0  2630.0
18  2  78.0  2318.0
18  2  52.0  4855.0
18  2  96.0  406.0
18  2  23.0  7723.0
18  2  51.0  5004.0
18  2  35.0  6507.0
18  2  72.0  2812.0
18  2  81.0  1904.0
18  2  96.0  407.0
18  2  100.0  47.0
18  2  51.0  4953.0
18  2  49.0  5191.0
18  2  70.0  3008.0
18  2  79.0  2107.0
18  2  47.0  5314.0
18  2  4.0  9608.0
18  2  31.0  6932.0
18  2  31.0  6953.0
18  2  34.0  6655.0
18  2  82.0  1887.0
18  2  61.0  3945.0
18  2  67.0  3317.0
18  2  91.0  960.0
18  2  63.0  3767.0
18  2  88.0  1201.0
18  2  85.0  1515.0
18  2  62.0  3800.0
18  2  95.0  502.0
18  2  93.0  705.0
18  2  93.0  706.0
18  2  47.0  5361.0
18  2  75.0  2510.0
18  2  0.0  10000.0
18  2  80.0  2022.0
18  2  50.0  5002.0
18  2  95.0  551.0
18  2  82.0  1807.0
18  2  70.0  3038.0
18  2  61.0  3920.0
18  2  84.0  1655.0
18  2  0.0  10000.0
18  2  15.0  8531.0
18  2  91.0  908.0
18  2  83.0  1766.0
18  2  45.0  5542.0
18  2  44.0  5625.0
18  2  21.0  7924.0
18  2  88.0  1253.0
18  2  83.0  1721.0
18  2  85.0  1503.0
18  2  0.0  10000.0
18  2  40.0  6000.0
18  2  50.0  5011.0
18  2  96.0  410.0
18  2  86.0  1400.0
18  2  0.0  10000.0
18  2  100.0  38.0
18  2  55.0  4518.0
18  2  51.0  4938.0
18  2  77.0  2314.0
18  2  69.0  3138.0
18  2  95.0  502.0
18  2  68.0  3209.0
18  2  24.0  7631.0
18  2  65.0  3570.0
18  2  56.0  4411.0
18  2  66.0  3440.0
18  2  81.0  1909.0
18  2  94.0  606.0
18  2  71.0  2946.0
18  2  89.0  1117.0
19  2  92.0  806.0
19  2  78.0  2254.0
19  2  81.0  1909.0
19  2  98.0  205.0
19  2  38.0  6226.0
19  2  53.0  4720.0
19  2  8.0  9216.0
19  2  95.0  564.0
19  2  97.0  318.0
19  2  39.0  6149.0
19  2  27.0  7362.0
19  2  40.0  6069.0
19  2  68.0  3208.0
19  2  93.0  735.0
19  2  29.0  7111.0
19  2  76.0  2406.0
19  2  66.0  3421.0
19  2  68.0  3214.0
19  2  52.0  4852.0
19  2  64.0  3652.0
19  2  31.0  6936.0
19  2  57.0  4338.0
19  2  48.0  5212.0
19  2  57.0  4317.0
19  2  100.0  20.0
19  2  59.0  4112.0
19  2  98.0  207.0
19  2  59.0  4163.0
19  2  92.0  828.0
19  2  100.0  16.0
19  2  37.0  6345.0
19  2  69.0  3120.0
19  2  63.0  3702.0
19  2  76.0  2428.0
19  2  94.0  621.0
19  2  86.0  1422.0
19  2  95.0  508.0
19  2  86.0  1446.0
19  2  47.0  5351.0
19  2  57.0  4317.0
19  2  37.0  6352.0
19  2  90.0  1000.0
19  2  19.0  8134.0
19  2  90.0  1003.0
19  2  48.0  5294.0
19  2  72.0  2895.0
19  2  68.0  3288.0
19  2  58.0  4328.0
19  2  56.0  4460.0
19  2  49.0  5181.0
19  2  61.0  3936.0
19  2  98.0  217.0
19  2  48.0  5296.0
19  2  27.0  7327.0
19  2  70.0  3112.0
19  2  55.0  4519.0
19  2  84.0  1627.0
19  2  95.0  515.0
19  2  40.0  6013.0
19  2  85.0  1514.0
19  2  41.0  5980.0
19  2  58.0  4222.0
19  2  86.0  1418.0
19  2  87.0  1319.0
19  2  20.0  8024.0
19  2  84.0  1677.0
19  2  60.0  4017.0
19  2  49.0  5109.0
19  2  91.0  901.0
19  2  29.0  7126.0
19  2  66.0  3438.0
19  2  90.0  1064.0
19  2  68.0  3246.0
19  2  77.0  2303.0
19  2  62.0  3834.0
19  2  69.0  3114.0
19  2  49.0  5145.0
19  2  65.0  3523.0
19  2  47.0  5348.0
19  2  60.0  4016.0
19  2  95.0  520.0
19  2  17.0  8308.0
19  2  0.0  10000.0
19  2  4.0  9612.0
19  2  46.0  5402.0
19  2  87.0  1383.0
19  2  44.0  5645.0
19  2  68.0  3229.0
19  2  77.0  2327.0
19  2  88.0  1201.0
19  2  84.0  1610.0
19  2  0.0  10000.0
19  2  64.0  3601.0
19  2  79.0  2122.0
19  2  47.0  5339.0
19  2  76.0  2426.0
19  2  43.0  5712.0
19  2  62.0  3848.0
19  2  49.0  5168.0
19  2  32.0  6836.0
20  2  55.0  4504.0
20  2  70.0  3005.0
20  2  72.0  2851.0
20  2  54.0  4607.0
20  2  0.0  10000.0
20  2  57.0  4376.0
20  2  96.0  401.0
20  2  98.0  223.0
20  2  61.0  3974.0
20  2  74.0  2639.0
20  2  93.0  701.0
20  2  2.0  9803.0
20  2  98.0  204.0
20  2  45.0  5534.0
20  2  69.0  3174.0
20  2  59.0  4155.0
20  2  21.0  7926.0
20  2  42.0  5827.0
20  2  98.0  208.0
20  2  92.0  812.0
20  2  5.0  9505.0
20  2  86.0  1431.0
20  2  96.0  419.0
20  2  60.0  4024.0
20  2  75.0  2531.0
20  2  71.0  2976.0
20  2  10.0  9016.0
20  2  57.0  4312.0
20  2  65.0  3512.0
20  2  67.0  3318.0
20  2  76.0  2412.0
20  2  87.0  1303.0
20  2  91.0  900.0
20  2  51.0  4922.0
20  2  63.0  3700.0
20  2  83.0  1713.0
20  2  57.0  4331.0
20  2  86.0  1430.0
20  2  94.0  646.0
20  2  50.0  5015.0
20  2  92.0  823.0
20  2  55.0  4512.0
20  2  84.0  1631.0
20  2  92.0  800.0
20  2  75.0  2518.0
20  2  45.0  5549.0
20  2  81.0  1921.0
20  2  40.0  6015.0
20  2  73.0  2700.0
20  2  58.0  4209.0
20  2  100.0  15.0
20  2  34.0  6654.0
20  2  56.0  4429.0
20  2  81.0  1903.0
20  2  92.0  804.0
20  2  56.0  4571.0
20  2  56.0  4432.0
20  2  45.0  5537.0
20  2  96.0  405.0
20  2  75.0  2500.0
20  2  54.0  4672.0
20  2  59.0  4129.0
20  2  96.0  409.0
20  2  43.0  5741.0
20  2  76.0  2437.0
20  2  82.0  1814.0
20  2  61.0  3907.0
20  2  73.0  2731.0
20  2  79.0  2192.0
20  2  65.0  3665.0
20  2  29.0  7124.0
20  2  80.0  2037.0
20  2  57.0  4344.0
20  2  47.0  5349.0
20  2  94.0  601.0
20  2  94.0  636.0
20  2  99.0  102.0
20  2  83.0  1711.0
20  2  93.0  721.0
20  2  75.0  2515.0
20  2  90.0  1035.0
20  2  88.0  1200.0
20  2  83.0  1720.0
20  2  93.0  733.0
20  2  100.0  28.0
20  2  46.0  5414.0
20  2  76.0  2400.0
20  2  93.0  701.0
20  2  44.0  5616.0
20  2  100.0  7.0
20  2  77.0  2308.0
20  2  80.0  2015.0
20  2  31.0  6932.0
20  2  77.0  2314.0
20  2  80.0  2025.0
20  2  59.0  4119.0
20  2  40.0  6069.0
20  2  73.0  2700.0
20  2  59.0  4111.0
20  2  84.0  1619.0
