  0   11.240000   0     8909.900000
  1   10.860000   1     8944.250000
  2   17.150000   2     8325.110000
  3   17.400000   3     8297.270000
  4   24.570000   4     7582.670000
  5   26.690000   5     7376.550000
  6   27.020000   6     7334.180000
  7   38.400000   7     6201.560000
  8   36.010000   8     6437.690000
  9   40.940000   9     5947.320000
 10   44.190000  10     5612.940000
 11   46.490000  11     5387.450000
 12   50.130000  12     5017.600000
 13   55.990000  13     4437.450000
 14   49.550000  14     5073.470000
 15   63.570000  15     3669.350000
 16   59.960000  16     4032.220000
 17   66.700000  17     3355.080000
 18   63.550000  18     3670.760000
 19   62.430000  19     3789.300000
 20   68.840000  20     3141.710000
