1  50.0  318
2  84.0  253
3  50.0  167
4  73.0  287
5  98.0  41
1  62.0  286
2  79.0  184
3  63.0  259
4  93.0  74
5  21.0  215
1  91.0  139
2  59.0  248
3  79.0  194
4  66.0  184
5  92.0  163
1  49.0  391
2  41.0  405
3  84.0  107
4  93.0  78
5  29.0  299
1  63.0  293
2  54.0  171
3  70.0  206
4  45.0  251
5  72.0  175
1  27.0  232
2  89.0  182
3  80.0  152
4  86.0  138
5  66.0  344
1  70.0  218
2  73.0  113
3  23.0  191
4  76.0  230
5  91.0  131
1  48.0  282
2  60.0  402
3  58.0  229
4  37.0  226
5  56.0  316
1  56.0  218
2  40.0  440
3  65.0  214
4  23.0  344
5  51.0  206
1  32.0  433
2  45.0  273
3  56.0  223
4  53.0  274
5  85.0  178
1  81.0  213
2  92.0  54
3  56.0  229
4  76.0  129
5  47.0  333
1  52.0  481
2  26.0  222
3  67.0  277
4  63.0  83
5  40.0  208
1  79.0  206
2  80.0  190
3  46.0  457
4  68.0  230
5  83.0  136
1  79.0  223
2  55.0  286
3  43.0  380
4  51.0  384
5  33.0  464
1  68.0  265
2  56.0  249
3  31.0  398
4  66.0  269
5  64.0  238
1  61.0  315
2  64.0  284
3  73.0  194
4  19.0  240
5  75.0  290
1  91.0  124
2  45.0  287
3  23.0  408
4  17.0  376
5  61.0  231
1  45.0  351
2  38.0  346
3  59.0  286
4  91.0  142
5  57.0  208
1  83.0  108
2  67.0  434
3  66.0  169
4  88.0  91
5  66.0  278
1  67.0  415
2  59.0  272
3  51.0  245
4  57.0  259
5  95.0  109
1  52.0  279
2  72.0  178
3  75.0  260
4  97.0  83
5  51.0  316
1  81.0  157
2  97.0  103
3  81.0  126
4  25.0  229
5  36.0  333
1  56.0  279
2  78.0  261
3  10.0  181
4  48.0  280
5  53.0  250
1  58.0  365
2  44.0  293
3  54.0  237
4  71.0  219
5  68.0  230
1  53.0  364
2  49.0  266
3  48.0  253
4  12.0  234
5  37.0  238
1  98.0  26
2  75.0  199
3  30.0  392
4  69.0  242
5  38.0  113
1  68.0  267
2  47.0  384
3  64.0  353
4  37.0  266
5  23.0  345
1  40.0  252
2  92.0  165
3  46.0  89
4  41.0  249
5  25.0  276
1  31.0  305
2  80.0  230
3  68.0  248
4  49.0  255
5  71.0  219
1  60.0  307
2  90.0  130
3  57.0  260
4  49.0  282
5  85.0  87
1  83.0  272
2  74.0  283
3  76.0  197
4  91.0  67
5  81.0  199
1  53.0  325
2  76.0  321
3  62.0  204
4  89.0  217
5  71.0  146
1  77.0  226
2  72.0  331
3  35.0  339
4  54.0  276
5  69.0  235
1  98.0  44
2  77.0  154
3  60.0  257
4  57.0  216
5  51.0  298
1  78.0  162
2  65.0  281
3  47.0  206
4  77.0  191
5  25.0  434
1  51.0  327
2  74.0  307
3  41.0  234
4  58.0  307
5  70.0  209
1  86.0  118
2  42.0  303
3  67.0  149
4  70.0  203
5  57.0  406
1  63.0  275
2  80.0  219
3  88.0  118
4  53.0  210
5  16.0  311
1  33.0  244
2  94.0  127
3  86.0  160
4  84.0  266
5  28.0  290
1  50.0  345
2  69.0  212
3  53.0  262
4  49.0  320
5  79.0  177
1  84.0  188
2  97.0  79
3  40.0  316
4  54.0  231
5  98.0  68
1  52.0  318
2  36.0  221
3  93.0  72
4  20.0  338
5  47.0  216
1  18.0  395
2  73.0  208
3  84.0  116
4  88.0  171
5  77.0  162
1  87.0  109
2  76.0  295
3  98.0  43
4  34.0  444
5  36.0  290
1  6.0  289
2  79.0  222
3  23.0  240
4  54.0  311
5  83.0  143
1  69.0  321
2  76.0  181
3  30.0  345
4  33.0  185
5  60.0  230
1  68.0  308
2  22.0  160
3  64.0  132
4  98.0  22
5  81.0  123
1  45.0  380
2  76.0  207
3  53.0  182
4  66.0  231
5  91.0  56
1  69.0  329
2  64.0  280
3  44.0  332
4  35.0  525
5  56.0  379
1  63.0  234
2  63.0  104
3  34.0  251
4  65.0  182
5  63.0  206
1  69.0  390
2  41.0  415
3  46.0  446
4  97.0  107
5  77.0  174
1  88.0  123
2  37.0  351
3  65.0  114
4  72.0  198
5  60.0  220
1  66.0  360
2  79.0  180
3  45.0  263
4  39.0  144
5  53.0  206
1  56.0  336
2  56.0  329
3  60.0  136
4  38.0  329
5  92.0  90
1  40.0  319
2  81.0  226
3  62.0  321
4  98.0  47
5  38.0  278
1  85.0  166
2  75.0  281
3  62.0  257
4  50.0  389
5  59.0  262
1  98.0  61
2  81.0  206
3  23.0  357
4  30.0  314
5  71.0  267
1  42.0  365
2  63.0  365
3  68.0  286
4  57.0  280
5  63.0  279
1  50.0  284
2  52.0  203
3  74.0  100
4  56.0  280
5  63.0  260
1  32.0  242
2  55.0  292
3  83.0  224
4  72.0  125
5  67.0  353
1  69.0  321
2  74.0  203
3  27.0  414
4  51.0  306
5  74.0  195
1  35.0  273
2  70.0  238
3  75.0  294
4  89.0  73
5  49.0  286
1  72.0  275
2  73.0  159
3  88.0  54
4  39.0  240
5  64.0  205
1  65.0  319
2  44.0  245
3  67.0  324
4  84.0  145
5  81.0  175
1  45.0  314
2  67.0  209
3  67.0  196
4  43.0  153
5  56.0  248
1  62.0  246
2  76.0  182
3  55.0  354
4  33.0  393
5  40.0  273
1  76.0  315
2  80.0  119
3  54.0  178
4  55.0  171
5  84.0  195
1  80.0  208
2  50.0  171
3  33.0  343
4  27.0  358
5  85.0  52
1  41.0  422
2  78.0  228
3  72.0  280
4  56.0  204
5  74.0  62
1  88.0  212
2  77.0  218
3  57.0  301
4  40.0  311
5  40.0  300
1  61.0  300
2  73.0  74
3  67.0  326
4  39.0  259
5  65.0  288
1  71.0  163
2  17.0  164
3  64.0  103
4  80.0  163
5  81.0  121
1  68.0  205
2  89.0  174
3  73.0  227
4  76.0  260
5  71.0  201
1  69.0  267
2  94.0  33
3  61.0  264
4  90.0  72
5  22.0  252
1  41.0  336
2  79.0  210
3  88.0  112
4  40.0  223
5  63.0  195
1  52.0  280
2  86.0  273
3  71.0  239
4  55.0  134
5  55.0  314
1  66.0  263
2  68.0  238
3  90.0  179
4  28.0  268
5  46.0  281
1  63.0  288
2  82.0  148
3  67.0  180
4  37.0  332
5  64.0  190
1  48.0  277
2  89.0  103
3  26.0  236
4  86.0  124
5  32.0  233
1  88.0  186
2  46.0  254
3  43.0  460
4  78.0  228
5  80.0  70
1  89.0  83
2  90.0  140
3  38.0  304
4  46.0  238
5  51.0  336
1  60.0  315
2  68.0  164
3  49.0  129
4  53.0  234
5  62.0  187
1  96.0  74
2  48.0  231
3  76.0  230
4  78.0  76
5  71.0  284
1  78.0  102
2  76.0  183
3  40.0  285
4  74.0  209
5  90.0  90
1  49.0  455
2  55.0  354
3  95.0  88
4  65.0  238
5  65.0  278
1  60.0  337
2  65.0  316
3  54.0  251
4  93.0  80
5  43.0  329
1  40.0  431
2  71.0  232
3  29.0  285
4  47.0  364
5  45.0  329
1  61.0  304
2  87.0  166
3  35.0  212
4  74.0  108
5  50.0  402
1  44.0  260
2  68.0  295
3  47.0  249
4  47.0  326
5  65.0  279
1  48.0  382
2  65.0  143
3  54.0  221
4  40.0  289
5  74.0  383
1  70.0  312
2  41.0  295
3  70.0  304
4  60.0  364
5  49.0  239
1  47.0  423
2  64.0  268
3  43.0  190
4  58.0  355
5  82.0  122
1  93.0  103
2  42.0  213
3  39.0  240
4  50.0  349
5  63.0  182
1  49.0  360
2  34.0  382
3  60.0  321
4  97.0  51
5  71.0  174
1  29.0  171
2  35.0  207
3  48.0  309
4  32.0  275
5  47.0  405
1  81.0  194
2  60.0  299
3  32.0  486
4  41.0  356
5  91.0  42
1  49.0  410
2  43.0  122
3  51.0  268
4  32.0  326
5  93.0  140
1  91.0  131
2  67.0  235
3  87.0  231
4  60.0  277
5  35.0  311
1  63.0  305
2  44.0  469
3  80.0  224
4  10.0  366
5  43.0  322
1  78.0  179
2  80.0  257
3  93.0  130
4  63.0  200
5  56.0  303
