40  36.0  270
60  23.0  218
80  41.0  285
100  84.0  182
120  67.0  239
140  97.0  48
160  64.0  318
180  84.0  198
200  92.0  313
40  58.0  144
60  6.0  226
80  72.0  326
100  90.0  105
120  71.0  376
140  49.0  493
160  90.0  201
180  89.0  68
200  97.0  131
40  25.0  204
60  28.0  174
80  28.0  372
100  65.0  224
120  85.0  238
140  81.0  188
160  89.0  171
180  97.0  235
200  85.0  268
40  64.0  115
60  47.0  277
80  49.0  325
100  44.0  223
120  83.0  244
140  95.0  86
160  96.0  84
180  79.0  349
200  88.0  273
40  85.0  49
60  44.0  264
80  88.0  165
100  50.0  239
120  53.0  287
140  90.0  201
160  72.0  248
180  85.0  259
200  97.0  71
40  16.0  76
60  37.0  219
80  27.0  305
100  68.0  288
120  66.0  348
140  52.0  441
160  88.0  264
180  83.0  298
200  86.0  233
40  38.0  117
60  29.0  277
80  45.0  285
100  87.0  188
120  78.0  241
140  57.0  230
160  62.0  266
180  93.0  116
200  59.0  419
40  64.0  130
60  78.0  80
80  44.0  235
100  64.0  241
120  78.0  200
140  75.0  188
160  90.0  139
180  80.0  446
200  93.0  199
40  53.0  199
60  47.0  272
80  88.0  112
100  47.0  236
120  72.0  388
140  65.0  304
160  70.0  346
180  45.0  326
200  76.0  318
40  78.0  126
60  16.0  289
80  55.0  181
100  22.0  278
120  66.0  298
140  64.0  285
160  90.0  131
180  96.0  242
200  92.0  204
40  29.0  199
60  46.0  269
80  55.0  270
100  40.0  311
120  80.0  177
140  91.0  122
160  71.0  441
180  89.0  291
200  95.0  237
40  41.0  230
60  66.0  205
80  30.0  319
100  54.0  249
120  42.0  441
140  97.0  70
160  92.0  204
180  94.0  170
200  90.0  219
40  45.0  259
60  84.0  64
80  96.0  47
100  75.0  226
120  55.0  295
140  47.0  352
160  58.0  426
180  79.0  220
200  67.0  358
40  46.0  207
60  40.0  219
80  73.0  170
100  87.0  130
120  41.0  341
140  87.0  190
160  90.0  211
180  58.0  260
200  68.0  275
40  72.0  59
60  45.0  138
80  65.0  252
100  72.0  225
120  92.0  179
140  67.0  417
160  71.0  255
180  97.0  20
200  94.0  234
40  21.0  253
60  77.0  131
80  79.0  181
100  96.0  67
120  76.0  268
140  81.0  354
160  69.0  238
180  92.0  246
200  92.0  192
40  86.0  44
60  37.0  159
80  47.0  359
100  96.0  52
120  81.0  253
140  70.0  293
160  85.0  358
180  82.0  324
200  80.0  88
40  71.0  54
60  56.0  302
80  45.0  180
100  57.0  236
120  75.0  247
140  83.0  236
160  96.0  79
180  59.0  276
200  97.0  79
40  31.0  145
60  66.0  124
80  38.0  286
100  83.0  178
120  67.0  182
140  86.0  258
160  89.0  217
180  90.0  270
200  93.0  170
40  55.0  134
60  40.0  221
80  85.0  112
100  83.0  240
120  44.0  343
140  35.0  381
160  83.0  77
180  66.0  109
200  96.0  198
40  71.0  159
60  64.0  200
80  64.0  267
100  97.0  51
120  84.0  256
140  96.0  55
160  60.0  344
180  86.0  314
200  97.0  204
40  40.0  204
60  45.0  190
80  24.0  274
100  47.0  553
120  69.0  225
140  77.0  258
160  87.0  233
180  63.0  382
200  71.0  288
40  42.0  201
60  35.0  315
80  32.0  333
100  44.0  486
120  97.0  34
140  77.0  228
160  97.0  87
180  57.0  212
200  70.0  358
40  32.0  136
60  35.0  173
80  66.0  175
100  86.0  169
120  75.0  250
140  86.0  260
160  79.0  181
180  97.0  170
200  92.0  199
40  24.0  177
60  56.0  202
80  53.0  180
100  77.0  254
120  41.0  178
140  92.0  184
160  56.0  341
180  35.0  221
200  94.0  216
40  14.0  189
60  48.0  365
80  73.0  249
100  45.0  143
120  77.0  189
140  90.0  187
160  71.0  355
180  77.0  225
200  88.0  295
40  58.0  159
60  27.0  340
80  44.0  360
100  61.0  290
120  83.0  204
140  83.0  165
160  77.0  405
180  69.0  316
200  74.0  108
40  25.0  282
60  85.0  100
80  66.0  60
100  51.0  336
120  83.0  236
140  75.0  318
160  75.0  275
180  70.0  474
200  86.0  188
40  76.0  68
60  78.0  150
80  47.0  224
100  50.0  384
120  67.0  355
140  83.0  152
160  81.0  246
180  93.0  204
200  78.0  331
40  9.0  53
60  16.0  239
80  53.0  274
100  49.0  241
120  66.0  198
140  44.0  412
160  88.0  302
180  87.0  279
200  51.0  274
40  94.0  40
60  71.0  135
80  60.0  284
100  57.0  264
120  78.0  269
140  67.0  266
160  91.0  214
180  54.0  343
200  88.0  415
40  30.0  187
60  84.0  124
80  46.0  343
100  79.0  142
120  82.0  217
140  43.0  327
160  68.0  418
180  72.0  213
200  97.0  161
40  27.0  160
60  38.0  233
80  89.0  143
100  49.0  287
120  62.0  395
140  87.0  144
160  95.0  201
180  88.0  255
200  91.0  62
40  72.0  94
60  62.0  247
80  48.0  244
100  61.0  328
120  85.0  273
140  81.0  202
160  97.0  34
180  90.0  158
200  87.0  316
40  29.0  204
60  38.0  347
80  59.0  351
100  85.0  219
120  47.0  196
140  77.0  376
160  88.0  263
180  90.0  158
200  97.0  78
40  11.0  124
60  72.0  302
80  67.0  241
100  54.0  298
120  85.0  205
140  97.0  68
160  70.0  235
180  94.0  189
200  49.0  237
40  24.0  202
60  64.0  132
80  61.0  188
100  64.0  219
120  60.0  366
140  91.0  149
160  77.0  272
180  91.0  146
200  87.0  304
40  18.0  194
60  19.0  266
80  60.0  234
100  72.0  322
120  43.0  420
140  82.0  289
160  79.0  233
180  94.0  234
200  90.0  317
40  35.0  211
60  62.0  178
80  57.0  334
100  67.0  160
120  59.0  360
140  72.0  271
160  79.0  277
180  81.0  112
200  74.0  282
40  12.0  199
60  79.0  189
80  73.0  147
100  97.0  18
120  69.0  319
140  79.0  307
160  66.0  337
180  70.0  364
200  66.0  278
40  33.0  205
60  59.0  306
80  58.0  221
100  74.0  231
120  87.0  200
140  91.0  168
160  93.0  186
180  77.0  152
200  94.0  146
40  17.0  298
60  31.0  271
80  57.0  422
100  82.0  168
120  89.0  195
140  97.0  52
160  68.0  175
180  72.0  331
200  79.0  383
40  36.0  216
60  65.0  159
80  48.0  344
100  78.0  178
120  55.0  204
140  92.0  84
160  64.0  280
180  97.0  46
200  58.0  192
40  3.0  129
60  62.0  207
80  75.0  222
100  92.0  127
120  32.0  414
140  76.0  261
160  67.0  487
180  89.0  277
200  55.0  288
40  54.0  143
60  34.0  305
80  26.0  333
100  79.0  213
120  44.0  362
140  92.0  229
160  95.0  144
180  84.0  193
200  94.0  256
40  15.0  257
60  5.0  186
80  87.0  148
100  92.0  131
120  61.0  300
140  49.0  224
160  65.0  190
180  97.0  58
200  77.0  299
40  73.0  88
60  54.0  228
80  60.0  167
100  51.0  176
120  49.0  259
140  83.0  273
160  74.0  354
180  84.0  293
200  79.0  224
40  59.0  228
60  58.0  137
80  47.0  346
100  69.0  244
120  73.0  213
140  61.0  355
160  84.0  184
180  57.0  251
200  70.0  347
40  28.0  209
60  23.0  345
80  29.0  110
100  80.0  168
120  76.0  263
140  91.0  172
160  74.0  282
180  81.0  254
200  97.0  136
40  22.0  164
60  37.0  259
80  72.0  242
100  80.0  177
120  87.0  214
140  93.0  189
160  77.0  269
180  84.0  303
200  92.0  250
40  52.0  182
60  70.0  280
80  57.0  201
100  52.0  259
120  42.0  229
140  76.0  191
160  81.0  150
180  75.0  240
200  96.0  151
40  59.0  233
60  5.0  326
80  84.0  73
100  64.0  218
120  32.0  319
140  54.0  210
160  86.0  169
180  97.0  63
200  96.0  115
40  79.0  56
60  29.0  351
80  81.0  113
100  55.0  289
120  96.0  233
140  82.0  184
160  81.0  259
180  71.0  256
200  97.0  46
40  0.0  139
60  76.0  149
80  76.0  258
100  48.0  347
120  69.0  228
140  31.0  522
160  86.0  167
180  20.0  316
200  82.0  256
40  57.0  180
60  36.0  405
80  40.0  295
100  75.0  232
120  49.0  579
140  60.0  296
160  29.0  316
180  74.0  434
200  97.0  78
40  91.0  42
60  79.0  62
80  31.0  160
100  83.0  239
120  64.0  215
140  97.0  37
160  82.0  112
180  66.0  429
200  69.0  479
40  26.0  249
60  68.0  93
80  65.0  171
100  89.0  143
120  80.0  225
140  91.0  140
160  72.0  304
180  93.0  187
200  96.0  200
40  16.0  276
60  43.0  289
80  36.0  403
100  67.0  234
120  44.0  285
140  97.0  36
160  81.0  330
180  62.0  290
200  97.0  171
40  33.0  177
60  66.0  200
80  42.0  216
100  90.0  89
120  88.0  129
140  60.0  441
160  87.0  248
180  81.0  360
200  94.0  169
40  15.0  228
60  74.0  120
80  49.0  105
100  59.0  223
120  82.0  283
140  35.0  593
160  84.0  211
180  94.0  196
200  91.0  216
40  18.0  259
60  45.0  97
80  95.0  67
100  86.0  125
120  67.0  350
140  66.0  176
160  87.0  202
180  54.0  313
200  96.0  177
40  31.0  211
60  49.0  255
80  75.0  200
100  52.0  228
120  38.0  321
140  61.0  251
160  92.0  229
180  84.0  225
200  77.0  392
40  73.0  24
60  56.0  197
80  93.0  93
100  65.0  32
120  91.0  141
140  90.0  147
160  80.0  278
180  86.0  239
200  81.0  362
40  82.0  87
60  63.0  127
80  83.0  170
100  46.0  209
120  84.0  256
140  68.0  347
160  82.0  132
180  76.0  268
200  95.0  135
40  39.0  190
60  42.0  265
80  73.0  226
100  82.0  116
120  97.0  95
140  97.0  60
160  84.0  292
180  62.0  275
200  95.0  160
40  0.0  157
60  42.0  284
80  52.0  296
100  71.0  281
120  53.0  285
140  77.0  277
160  81.0  167
180  97.0  35
200  72.0  176
40  49.0  287
60  60.0  105
80  46.0  255
100  49.0  70
120  71.0  318
140  75.0  333
160  71.0  215
180  51.0  338
200  81.0  291
40  47.0  162
60  49.0  228
80  44.0  249
100  89.0  160
120  58.0  199
140  94.0  164
160  28.0  209
180  87.0  139
200  89.0  244
40  44.0  52
60  43.0  147
80  74.0  175
100  56.0  364
120  52.0  379
140  41.0  208
160  46.0  308
180  85.0  296
200  93.0  291
40  0.0  192
60  42.0  298
80  14.0  233
100  31.0  269
120  43.0  351
140  97.0  44
160  67.0  188
180  97.0  144
200  89.0  182
40  39.0  76
60  80.0  131
80  83.0  144
100  49.0  370
120  76.0  256
140  72.0  282
160  69.0  352
180  97.0  160
200  85.0  290
40  23.0  216
60  20.0  315
80  26.0  209
100  52.0  228
120  33.0  554
140  81.0  322
160  97.0  109
180  49.0  373
200  97.0  127
40  18.0  260
60  72.0  183
80  66.0  264
100  48.0  232
120  78.0  206
140  97.0  70
160  62.0  176
180  91.0  125
200  68.0  399
40  13.0  223
60  53.0  398
80  33.0  233
100  70.0  303
120  87.0  216
140  75.0  322
160  90.0  259
180  80.0  206
200  97.0  170
40  30.0  142
60  27.0  280
80  67.0  252
100  86.0  207
120  75.0  224
140  53.0  231
160  69.0  273
180  79.0  399
200  89.0  194
40  61.0  79
60  49.0  177
80  44.0  332
100  57.0  258
120  71.0  375
140  87.0  261
160  80.0  284
180  91.0  245
200  64.0  218
40  59.0  146
60  75.0  146
80  33.0  217
100  57.0  344
120  74.0  156
140  65.0  179
160  67.0  228
180  81.0  200
200  97.0  192
40  32.0  241
60  61.0  139
80  46.0  460
100  90.0  81
120  58.0  274
140  85.0  233
160  62.0  409
180  60.0  474
200  88.0  132
40  59.0  154
60  55.0  56
80  63.0  199
100  61.0  257
120  68.0  402
140  67.0  312
160  81.0  248
180  91.0  153
200  97.0  71
40  69.0  102
60  26.0  250
80  61.0  338
100  66.0  264
120  73.0  374
140  70.0  445
160  37.0  437
180  76.0  253
200  89.0  233
40  45.0  171
60  43.0  252
80  71.0  223
100  40.0  404
120  49.0  224
140  78.0  256
160  81.0  230
180  63.0  306
200  95.0  84
40  33.0  168
60  84.0  84
80  69.0  172
100  92.0  112
120  38.0  276
140  94.0  140
160  91.0  252
180  84.0  400
200  58.0  468
40  64.0  126
60  35.0  287
80  26.0  192
100  83.0  159
120  76.0  215
140  79.0  246
160  87.0  205
180  80.0  260
200  76.0  279
40  41.0  220
60  54.0  183
80  46.0  169
100  95.0  21
120  84.0  199
140  82.0  113
160  86.0  288
180  97.0  119
200  84.0  253
40  19.0  214
60  45.0  271
80  60.0  352
100  91.0  171
120  76.0  306
140  78.0  270
160  59.0  225
180  97.0  33
200  86.0  132
40  57.0  132
60  28.0  157
80  73.0  135
100  43.0  249
120  74.0  314
140  52.0  259
160  96.0  159
180  94.0  235
200  91.0  193
40  54.0  172
60  45.0  253
80  92.0  136
100  76.0  295
120  78.0  328
140  86.0  254
160  72.0  212
180  71.0  386
200  94.0  198
40  84.0  110
60  78.0  227
80  58.0  203
100  61.0  358
120  77.0  72
140  34.0  402
160  48.0  203
180  91.0  208
200  97.0  48
40  49.0  198
60  22.0  267
80  50.0  357
100  81.0  334
120  93.0  134
140  82.0  252
160  96.0  58
180  63.0  301
200  88.0  203
40  46.0  272
60  65.0  167
80  84.0  180
100  97.0  29
120  77.0  244
140  53.0  404
160  82.0  336
180  84.0  339
200  97.0  142
40  22.0  244
60  33.0  324
80  82.0  159
100  42.0  268
120  63.0  152
140  68.0  265
160  55.0  411
180  93.0  188
200  68.0  295
40  1.0  150
60  55.0  213
80  63.0  252
100  76.0  89
120  82.0  302
140  65.0  325
160  90.0  217
180  96.0  47
200  78.0  130
40  68.0  102
60  90.0  98
80  78.0  181
100  44.0  281
120  38.0  304
140  36.0  265
160  97.0  53
180  92.0  98
200  78.0  130
40  47.0  172
60  87.0  85
80  34.0  192
100  39.0  337
120  72.0  271
140  88.0  181
160  84.0  296
180  88.0  263
200  85.0  253
40  8.0  113
60  53.0  204
80  94.0  88
100  70.0  247
120  97.0  31
140  29.0  194
160  58.0  288
180  64.0  261
200  72.0  224
40  37.0  259
60  70.0  139
80  55.0  321
100  31.0  243
120  37.0  213
140  69.0  323
160  59.0  316
180  73.0  251
200  91.0  274
40  55.0  253
60  85.0  169
80  48.0  219
100  77.0  99
120  84.0  209
140  56.0  326
160  63.0  432
180  94.0  244
200  91.0  180
40  44.0  168
60  73.0  134
80  56.0  394
100  32.0  314
120  87.0  223
140  65.0  228
160  90.0  252
180  97.0  96
200  60.0  356
40  22.0  199
60  61.0  101
80  27.0  378
100  86.0  195
120  92.0  167
140  83.0  237
160  95.0  200
180  75.0  318
200  78.0  386
40  33.0  153
60  56.0  194
80  91.0  87
100  79.0  141
120  27.0  258
140  78.0  315
160  90.0  230
180  85.0  314
200  94.0  255
