40  37.0  209
60  15.0  245
80  35.0  515
100  87.0  271
120  47.0  352
140  39.0  479
160  88.0  335
180  91.0  258
200  79.0  229
40  22.0  277
60  30.0  176
80  55.0  346
100  38.0  187
120  41.0  319
140  74.0  257
160  86.0  302
180  71.0  379
200  79.0  463
40  16.0  173
60  56.0  349
80  81.0  246
100  63.0  338
120  73.0  303
140  49.0  279
160  24.0  186
180  37.0  231
200  85.0  401
40  17.0  123
60  18.0  474
80  26.0  379
100  61.0  344
120  44.0  545
140  63.0  400
160  93.0  244
180  52.0  357
200  91.0  289
40  25.0  215
60  20.0  375
80  31.0  312
100  68.0  338
120  66.0  386
140  62.0  549
160  65.0  309
180  63.0  487
200  96.0  207
40  26.0  329
60  51.0  392
80  25.0  312
100  55.0  352
120  73.0  363
140  55.0  612
160  81.0  413
180  58.0  380
200  61.0  356
40  22.0  163
60  7.0  257
80  25.0  289
100  75.0  282
120  50.0  370
140  31.0  352
160  55.0  233
180  47.0  330
200  84.0  283
40  19.0  115
60  39.0  375
80  58.0  384
100  49.0  278
120  57.0  496
140  48.0  276
160  56.0  494
180  73.0  412
200  83.0  250
40  14.0  237
60  9.0  278
80  43.0  357
100  62.0  274
120  59.0  370
140  67.0  283
160  91.0  277
180  79.0  270
200  87.0  338
40  27.0  161
60  47.0  290
80  62.0  419
100  42.0  377
120  68.0  387
140  38.0  343
160  95.0  212
180  59.0  333
200  79.0  461
40  12.0  232
60  22.0  379
80  13.0  239
100  63.0  415
120  44.0  373
140  46.0  299
160  63.0  472
180  84.0  224
200  92.0  269
40  18.0  130
60  36.0  398
80  30.0  357
100  55.0  230
120  76.0  343
140  89.0  255
160  79.0  336
180  55.0  496
200  69.0  393
40  22.0  309
60  48.0  277
80  33.0  327
100  58.0  232
120  66.0  384
140  56.0  416
160  90.0  308
180  66.0  311
200  69.0  284
40  18.0  221
60  36.0  371
80  39.0  370
100  74.0  268
120  65.0  341
140  84.0  242
160  58.0  319
180  72.0  372
200  63.0  281
40  34.0  260
60  61.0  209
80  44.0  264
100  57.0  249
120  40.0  383
140  58.0  353
160  98.0  200
180  96.0  226
200  94.0  272
40  15.0  325
60  24.0  278
80  47.0  341
100  60.0  381
120  81.0  354
140  46.0  453
160  94.0  255
180  73.0  479
200  67.0  246
40  28.0  222
60  22.0  289
80  30.0  404
100  30.0  358
120  55.0  181
140  82.0  317
160  67.0  322
180  80.0  291
200  61.0  287
40  16.0  131
60  38.0  324
80  50.0  296
100  72.0  345
120  66.0  410
140  66.0  314
160  84.0  260
180  76.0  438
200  98.0  190
40  0.0  128
60  41.0  385
80  69.0  321
100  48.0  221
120  85.0  334
140  94.0  259
160  77.0  424
180  81.0  455
200  52.0  321
40  32.0  201
60  30.0  230
80  13.0  133
100  57.0  169
120  69.0  117
140  74.0  384
160  66.0  399
180  51.0  472
200  85.0  393
40  16.0  254
60  29.0  267
80  43.0  473
100  69.0  347
120  30.0  207
140  73.0  294
160  62.0  421
180  90.0  241
200  73.0  320
40  1.0  210
60  23.0  320
80  32.0  286
100  73.0  250
120  86.0  269
140  74.0  295
160  89.0  246
180  97.0  178
200  91.0  248
40  1.0  146
60  34.0  123
80  65.0  297
100  64.0  356
120  96.0  160
140  89.0  260
160  55.0  304
180  53.0  300
200  39.0  230
40  5.0  230
60  10.0  96
80  37.0  462
100  79.0  267
120  73.0  399
140  48.0  526
160  29.0  454
180  90.0  194
200  53.0  490
40  11.0  212
60  10.0  253
80  10.0  241
100  41.0  360
120  49.0  503
140  74.0  353
160  51.0  299
180  36.0  300
200  60.0  263
40  19.0  216
60  28.0  228
80  42.0  378
100  67.0  343
120  72.0  301
140  87.0  251
160  72.0  398
180  48.0  470
200  40.0  271
40  40.0  207
60  63.0  282
80  22.0  337
100  20.0  260
120  71.0  356
140  57.0  673
160  92.0  243
180  75.0  393
200  62.0  405
40  16.0  266
60  57.0  332
80  52.0  426
100  78.0  294
120  63.0  400
140  44.0  457
160  64.0  458
180  69.0  435
200  70.0  382
40  41.0  116
60  21.0  271
80  44.0  318
100  25.0  322
120  70.0  396
140  55.0  326
160  44.0  342
180  60.0  354
200  97.0  229
40  25.0  211
60  45.0  320
80  26.0  369
100  62.0  350
120  44.0  304
140  57.0  311
160  71.0  472
180  64.0  441
200  68.0  286
40  18.0  179
60  29.0  312
80  58.0  352
100  76.0  358
120  59.0  464
140  86.0  353
160  72.0  400
180  96.0  188
200  68.0  439
40  6.0  137
60  44.0  390
80  64.0  360
100  42.0  374
120  77.0  347
140  88.0  247
160  90.0  327
180  79.0  253
200  51.0  578
40  29.0  266
60  34.0  321
80  55.0  458
100  39.0  547
120  45.0  344
140  66.0  380
160  93.0  266
180  98.0  205
200  65.0  490
40  24.0  228
60  33.0  345
80  21.0  285
100  62.0  374
120  65.0  371
140  83.0  309
160  70.0  291
180  65.0  437
200  74.0  383
40  26.0  154
60  11.0  196
80  36.0  565
100  76.0  303
120  69.0  398
140  89.0  229
160  92.0  296
180  80.0  392
200  94.0  223
40  24.0  227
60  38.0  310
80  57.0  315
100  67.0  354
120  60.0  385
140  64.0  263
160  94.0  249
180  96.0  231
200  61.0  324
40  27.0  210
60  0.0  196
80  39.0  401
100  51.0  226
120  74.0  263
140  57.0  533
160  89.0  251
180  85.0  322
200  97.0  224
40  10.0  140
60  50.0  314
80  29.0  357
100  61.0  412
120  54.0  328
140  49.0  502
160  97.0  210
180  98.0  189
200  95.0  236
40  42.0  323
60  18.0  270
80  49.0  384
100  54.0  388
120  64.0  355
140  72.0  214
160  89.0  329
180  89.0  226
200  83.0  246
40  4.0  226
60  64.0  211
80  50.0  281
100  49.0  583
120  56.0  352
140  60.0  449
160  44.0  466
180  56.0  342
200  84.0  342
40  31.0  280
60  12.0  287
80  3.0  108
100  44.0  293
120  90.0  238
140  57.0  401
160  71.0  295
180  44.0  261
200  75.0  434
40  34.0  281
60  33.0  399
80  59.0  330
100  53.0  364
120  75.0  346
140  51.0  368
160  77.0  356
180  75.0  491
200  53.0  424
40  14.0  124
60  21.0  335
80  38.0  344
100  54.0  335
120  70.0  295
140  18.0  240
160  40.0  349
180  65.0  492
200  92.0  286
40  25.0  235
60  37.0  316
80  28.0  439
100  83.0  315
120  42.0  358
140  78.0  260
160  76.0  370
180  86.0  328
200  79.0  376
40  45.0  294
60  64.0  279
80  18.0  268
100  44.0  377
120  72.0  327
140  63.0  470
160  83.0  298
180  93.0  266
200  62.0  300
40  26.0  250
60  61.0  202
80  31.0  284
100  47.0  319
120  64.0  308
140  84.0  334
160  84.0  372
180  76.0  365
200  79.0  218
40  10.0  141
60  18.0  251
80  72.0  240
100  55.0  296
120  9.0  427
140  54.0  487
160  82.0  392
180  59.0  399
200  96.0  243
40  24.0  259
60  30.0  323
80  3.0  378
100  39.0  453
120  84.0  293
140  63.0  400
160  85.0  301
180  98.0  220
200  84.0  353
40  29.0  279
60  40.0  291
80  42.0  305
100  42.0  362
120  25.0  542
140  65.0  579
160  75.0  351
180  89.0  286
200  73.0  386
40  3.0  294
60  23.0  258
80  46.0  247
100  64.0  288
120  31.0  200
140  64.0  447
160  88.0  314
180  86.0  289
200  64.0  395
40  39.0  304
60  57.0  284
80  36.0  224
100  69.0  353
120  64.0  445
140  87.0  294
160  89.0  318
180  64.0  406
200  82.0  336
40  38.0  263
60  50.0  340
80  56.0  360
100  57.0  413
120  49.0  234
140  70.0  376
160  86.0  242
180  84.0  322
200  84.0  383
40  0.0  67
60  31.0  212
80  57.0  242
100  48.0  485
120  63.0  368
140  60.0  396
160  91.0  294
180  77.0  377
200  66.0  325
40  22.0  286
60  56.0  301
80  60.0  319
100  49.0  444
120  49.0  205
140  54.0  304
160  81.0  370
180  94.0  302
200  50.0  308
40  12.0  318
60  22.0  347
80  20.0  307
100  31.0  479
120  37.0  437
140  73.0  264
160  79.0  427
180  61.0  257
200  93.0  269
40  1.0  191
60  34.0  377
80  26.0  389
100  82.0  347
120  48.0  246
140  33.0  330
160  91.0  248
180  77.0  273
200  95.0  232
40  8.0  248
60  20.0  267
80  30.0  364
100  67.0  320
120  28.0  388
140  70.0  441
160  73.0  483
180  85.0  307
200  74.0  281
40  6.0  74
60  34.0  326
80  58.0  284
100  26.0  285
120  81.0  285
140  42.0  482
160  78.0  357
180  83.0  359
200  97.0  192
40  7.0  329
60  33.0  310
80  51.0  332
100  18.0  237
120  66.0  373
140  94.0  208
160  43.0  408
180  86.0  359
200  37.0  347
40  14.0  322
60  42.0  276
80  34.0  163
100  59.0  209
120  49.0  409
140  87.0  297
160  91.0  248
180  93.0  218
200  69.0  337
40  49.0  231
60  46.0  287
80  15.0  438
100  69.0  280
120  84.0  270
140  87.0  299
160  84.0  301
180  88.0  301
200  49.0  363
40  20.0  254
60  62.0  281
80  36.0  387
100  50.0  196
120  62.0  394
140  77.0  360
160  87.0  286
180  64.0  279
200  83.0  338
40  0.0  266
60  29.0  390
80  57.0  378
100  35.0  390
120  56.0  392
140  71.0  352
160  76.0  262
180  46.0  282
200  44.0  426
40  8.0  253
60  33.0  254
80  67.0  311
100  65.0  274
120  75.0  353
140  33.0  266
160  77.0  337
180  88.0  313
200  72.0  395
40  0.0  275
60  54.0  211
80  61.0  345
100  81.0  315
120  88.0  220
140  89.0  261
160  71.0  479
180  81.0  389
200  98.0  231
40  15.0  302
60  15.0  286
80  15.0  318
100  43.0  494
120  71.0  324
140  51.0  457
160  98.0  232
180  94.0  247
200  66.0  256
40  12.0  283
60  19.0  366
80  53.0  366
100  61.0  301
120  28.0  618
140  88.0  253
160  91.0  194
180  60.0  373
200  98.0  198
40  30.0  130
60  34.0  298
80  41.0  362
100  69.0  372
120  40.0  265
140  31.0  309
160  88.0  259
180  69.0  534
200  75.0  326
40  25.0  147
60  31.0  319
80  39.0  250
100  48.0  250
120  54.0  323
140  65.0  479
160  80.0  317
180  73.0  310
200  84.0  378
40  59.0  243
60  20.0  237
80  48.0  364
100  32.0  244
120  66.0  395
140  27.0  337
160  39.0  207
180  70.0  456
200  56.0  408
40  0.0  199
60  35.0  217
80  55.0  371
100  68.0  315
120  32.0  509
140  77.0  336
160  32.0  282
180  98.0  183
200  70.0  194
40  33.0  257
60  22.0  323
80  71.0  281
100  76.0  301
120  54.0  413
140  71.0  384
160  39.0  296
180  66.0  605
200  92.0  213
40  8.0  183
60  47.0  145
80  29.0  311
100  42.0  388
120  62.0  338
140  63.0  474
160  58.0  304
180  19.0  170
200  98.0  201
40  11.0  147
60  31.0  258
80  20.0  235
100  32.0  319
120  31.0  347
140  20.0  363
160  80.0  302
180  98.0  173
200  58.0  345
40  8.0  290
60  21.0  235
80  75.0  288
100  67.0  295
120  44.0  322
140  59.0  239
160  88.0  290
180  45.0  306
200  89.0  324
40  14.0  152
60  0.0  152
80  51.0  282
100  59.0  354
120  27.0  281
140  88.0  237
160  19.0  286
180  54.0  330
200  67.0  531
40  0.0  217
60  16.0  260
80  54.0  285
100  65.0  495
120  86.0  297
140  74.0  377
160  93.0  283
180  89.0  313
200  95.0  261
40  22.0  311
60  62.0  280
80  32.0  281
100  41.0  466
120  71.0  298
140  89.0  233
160  49.0  243
180  91.0  286
200  86.0  330
40  12.0  276
60  16.0  279
80  26.0  306
100  47.0  372
120  65.0  396
140  62.0  327
160  81.0  301
180  63.0  304
200  63.0  252
40  1.0  225
60  36.0  394
80  67.0  333
100  64.0  333
120  72.0  375
140  69.0  314
160  69.0  411
180  67.0  540
200  76.0  238
40  38.0  293
60  33.0  258
80  82.0  220
100  39.0  423
120  22.0  259
140  84.0  307
160  64.0  265
180  71.0  385
200  78.0  279
40  30.0  172
60  20.0  207
80  42.0  285
100  46.0  376
120  60.0  291
140  98.0  217
160  69.0  296
180  96.0  225
200  90.0  334
40  15.0  233
60  44.0  210
80  28.0  355
100  76.0  232
120  73.0  337
140  57.0  395
160  61.0  450
180  81.0  279
200  84.0  276
40  25.0  241
60  23.0  315
80  38.0  333
100  62.0  328
120  13.0  234
140  45.0  266
160  57.0  326
180  83.0  355
200  52.0  447
40  10.0  235
60  20.0  372
80  45.0  348
100  26.0  361
120  43.0  340
140  63.0  327
160  91.0  290
180  62.0  446
200  70.0  373
40  10.0  221
60  37.0  222
80  59.0  412
100  27.0  302
120  93.0  254
140  60.0  375
160  49.0  372
180  66.0  338
200  87.0  320
40  7.0  178
60  37.0  316
80  41.0  331
100  47.0  345
120  69.0  285
140  84.0  296
160  40.0  281
180  84.0  213
200  67.0  286
40  6.0  134
60  23.0  271
80  7.0  402
100  54.0  389
120  57.0  498
140  70.0  411
160  73.0  222
180  70.0  295
200  60.0  505
40  6.0  163
60  13.0  228
80  36.0  294
100  62.0  396
120  60.0  232
140  86.0  281
160  59.0  249
180  75.0  385
200  91.0  268
40  12.0  342
60  37.0  354
80  60.0  357
100  70.0  407
120  64.0  348
140  30.0  417
160  55.0  273
180  72.0  372
200  38.0  313
40  26.0  271
60  26.0  312
80  43.0  354
100  32.0  329
120  83.0  259
140  65.0  345
160  65.0  427
180  85.0  299
200  67.0  256
40  0.0  177
60  46.0  207
80  79.0  300
100  34.0  267
120  76.0  346
140  66.0  403
160  94.0  245
180  89.0  294
200  66.0  376
40  32.0  275
60  19.0  302
80  22.0  462
100  23.0  458
120  65.0  401
140  0.0  333
160  56.0  511
180  92.0  260
200  81.0  299
40  0.0  132
60  39.0  261
80  40.0  374
100  77.0  357
120  60.0  346
140  49.0  477
160  73.0  300
180  94.0  285
200  86.0  323
40  11.0  320
60  34.0  323
80  37.0  356
100  54.0  459
120  60.0  402
140  70.0  328
160  43.0  315
180  84.0  204
200  70.0  326
40  14.0  219
60  25.0  231
80  29.0  295
100  57.0  220
120  59.0  410
140  63.0  477
160  38.0  404
180  93.0  237
200  98.0  205
40  45.0  161
60  11.0  243
80  43.0  257
100  60.0  385
120  62.0  420
140  75.0  274
160  36.0  337
180  71.0  493
200  95.0  229
40  26.0  183
60  45.0  316
80  54.0  359
100  63.0  310
120  55.0  358
140  86.0  306
160  87.0  332
180  75.0  348
200  61.0  494
40  0.0  113
60  40.0  342
80  22.0  263
100  33.0  252
120  82.0  318
140  69.0  431
160  72.0  385
180  69.0  312
200  54.0  310
40  42.0  301
60  42.0  366
80  44.0  420
100  26.0  422
120  73.0  446
140  86.0  277
160  80.0  324
180  88.0  235
200  81.0  394
