0.0  72.0  2970.0
0.0  7.0  9320.0
0.0  9.0  9127.0
0.0  38.0  6287.0
0.0  3.0  9709.0
0.0  40.0  6123.0
0.0  2.0  9807.0
0.0  4.0  9612.0
0.0  7.0  9323.0
0.0  31.0  6993.0
0.0  16.0  8438.0
0.0  48.0  5270.0
0.0  25.0  7571.0
0.0  8.0  9224.0
0.0  14.0  8635.0
0.0  29.0  7187.0
0.0  30.0  7076.0
0.0  47.0  5435.0
0.0  25.0  7566.0
0.0  0.0  10000.0
0.0  15.0  8546.0
0.0  14.0  8639.0
0.0  37.0  6396.0
0.0  33.0  6786.0
0.0  5.0  9510.0
0.0  13.0  8737.0
0.0  26.0  7461.0
0.0  20.0  8061.0
0.0  66.0  3577.0
0.0  0.0  10000.0
0.0  0.0  10000.0
0.0  23.0  7769.0
0.0  4.0  9614.0
0.0  16.0  8448.0
0.0  32.0  6887.0
0.0  13.0  8739.0
0.0  24.0  7668.0
0.0  18.0  8254.0
0.0  55.0  4674.0
0.0  42.0  5922.0
0.0  7.0  9321.0
0.0  100.0  294.0
0.0  20.0  8044.0
0.0  11.0  8924.0
0.0  8.0  9216.0
0.0  15.0  8545.0
0.0  27.0  7380.0
0.0  70.0  3200.0
0.0  16.0  8442.0
0.0  20.0  8060.0
0.0  20.0  8061.0
0.0  11.0  8927.0
0.0  43.0  5827.0
0.0  36.0  6478.0
0.0  8.0  9224.0
0.0  100.0  213.0
0.0  3.0  9709.0
0.0  10.0  9024.0
0.0  0.0  10000.0
0.0  55.0  4665.0
0.0  13.0  8740.0
0.0  62.0  3972.0
0.0  3.0  9709.0
0.0  8.0  9220.0
0.0  19.0  8158.0
0.0  9.0  9128.0
0.0  10.0  9030.0
0.0  30.0  7058.0
0.0  23.0  7761.0
0.0  46.0  5538.0
0.0  0.0  10000.0
0.0  38.0  6315.0
0.0  18.0  8255.0
0.0  38.0  6295.0
0.0  19.0  8157.0
0.0  41.0  5981.0
0.0  17.0  8350.0
0.0  23.0  7769.0
0.0  0.0  10000.0
0.0  5.0  9509.0
0.0  27.0  7381.0
0.0  25.0  7567.0
0.0  8.0  9225.0
0.0  34.0  6696.0
0.0  78.0  2435.0
0.0  0.0  10000.0
0.0  1.0  9903.0
0.0  36.0  6506.0
0.0  26.0  7482.0
0.0  28.0  7278.0
0.0  11.0  8928.0
0.0  30.0  7080.0
0.0  11.0  8933.0
0.0  5.0  9515.0
0.0  9.0  9121.0
0.0  6.0  9415.0
0.0  41.0  5992.0
0.0  27.0  7381.0
0.0  49.0  5210.0
0.0  25.0  7575.0
0.2  19.0  8158.0
0.2  37.0  6409.0
0.2  48.0  5305.0
0.2  26.0  7478.0
0.2  26.0  7453.0
0.2  26.0  7480.0
0.2  55.0  4635.0
0.2  12.0  8824.0
0.2  63.0  3831.0
0.2  2.0  9806.0
0.2  19.0  8142.0
0.2  0.0  10000.0
0.2  44.0  5730.0
0.2  16.0  8440.0
0.2  0.0  10000.0
0.2  25.0  7566.0
0.2  64.0  3702.0
0.2  8.0  9225.0
0.2  77.0  2412.0
0.2  41.0  6027.0
0.2  22.0  7857.0
0.2  1.0  9903.0
0.2  8.0  9226.0
0.2  6.0  9412.0
0.2  46.0  5524.0
0.2  69.0  3184.0
0.2  7.0  9321.0
0.2  31.0  6993.0
0.2  50.0  5132.0
0.2  23.0  7742.0
0.2  15.0  8547.0
0.2  25.0  7562.0
0.2  37.0  6372.0
0.2  63.0  3820.0
0.2  89.0  1244.0
0.2  19.0  8157.0
0.2  0.0  10000.0
0.2  33.0  6801.0
0.2  42.0  5926.0
0.2  24.0  7672.0
0.2  33.0  6784.0
0.2  8.0  9225.0
0.2  24.0  7641.0
0.2  22.0  7854.0
0.2  2.0  9805.0
0.2  38.0  6292.0
0.2  32.0  6879.0
0.2  12.0  8833.0
0.2  55.0  4604.0
0.2  27.0  7379.0
0.2  13.0  8726.0
0.2  50.0  5118.0
0.2  52.0  4905.0
0.2  24.0  7628.0
0.2  43.0  5801.0
0.2  46.0  5519.0
0.2  18.0  8245.0
0.2  26.0  7477.0
0.2  0.0  10000.0
0.2  13.0  8739.0
0.2  6.0  9412.0
0.2  56.0  4547.0
0.2  63.0  3836.0
0.2  39.0  6184.0
0.2  10.0  9024.0
0.2  16.0  8439.0
0.2  54.0  4730.0
0.2  50.0  5115.0
0.2  79.0  2273.0
0.2  4.0  9612.0
0.2  30.0  7080.0
0.2  29.0  7184.0
0.2  17.0  8326.0
0.2  24.0  7659.0
0.2  63.0  3866.0
0.2  52.0  4929.0
0.2  7.0  9319.0
0.2  19.0  8158.0
0.2  32.0  6894.0
0.2  30.0  7074.0
0.2  9.0  9128.0
0.2  16.0  8448.0
0.2  45.0  5612.0
0.2  35.0  6576.0
0.2  58.0  4333.0
0.2  0.0  10000.0
0.2  32.0  6866.0
0.2  37.0  6413.0
0.2  43.0  5791.0
0.2  67.0  3449.0
0.2  22.0  7866.0
0.2  13.0  8727.0
0.2  41.0  6013.0
0.2  0.0  10000.0
0.2  35.0  6585.0
0.2  30.0  7091.0
0.2  38.0  6282.0
0.2  13.0  8739.0
0.2  13.0  8729.0
0.2  20.0  8051.0
0.4  72.0  2890.0
0.4  65.0  3619.0
0.4  20.0  8049.0
0.4  20.0  8051.0
0.4  38.0  6303.0
0.4  100.0  151.0
0.4  48.0  5289.0
0.4  100.0  200.0
0.4  14.0  8643.0
0.4  53.0  4830.0
0.4  23.0  7735.0
0.4  20.0  8060.0
0.4  6.0  9414.0
0.4  6.0  9418.0
0.4  4.0  9612.0
0.4  4.0  9612.0
0.4  34.0  6673.0
0.4  28.0  7251.0
0.4  7.0  9319.0
0.4  31.0  6980.0
0.4  14.0  8630.0
0.4  13.0  8729.0
0.4  81.0  1934.0
0.4  29.0  7175.0
0.4  19.0  8159.0
0.4  0.0  10000.0
0.4  34.0  6673.0
0.4  27.0  7384.0
0.4  5.0  9515.0
0.4  26.0  7480.0
0.4  33.0  6798.0
0.4  75.0  2590.0
0.4  9.0  9127.0
0.4  54.0  4729.0
0.4  35.0  6586.0
0.4  19.0  8157.0
0.4  8.0  9216.0
0.4  94.0  718.0
0.4  1.0  9903.0
0.4  90.0  1082.0
0.4  23.0  7743.0
0.4  35.0  6566.0
0.4  58.0  4277.0
0.4  18.0  8249.0
0.4  18.0  8230.0
0.4  58.0  4343.0
0.4  23.0  7708.0
0.4  15.0  8546.0
0.4  55.0  4597.0
0.4  28.0  7281.0
0.4  32.0  6848.0
0.4  48.0  5297.0
0.4  29.0  7177.0
0.4  2.0  9806.0
0.4  66.0  3532.0
0.4  13.0  8728.0
0.4  15.0  8538.0
0.4  23.0  7752.0
0.4  13.0  8734.0
0.4  49.0  5160.0
0.4  47.0  5438.0
0.4  16.0  8442.0
0.4  0.0  10000.0
0.4  96.0  454.0
0.4  22.0  7831.0
0.4  39.0  6190.0
0.4  0.0  10000.0
0.4  36.0  6504.0
0.4  23.0  7750.0
0.4  29.0  7165.0
0.4  29.0  7183.0
0.4  30.0  7066.0
0.4  64.0  3783.0
0.4  43.0  5781.0
0.4  48.0  5275.0
0.4  12.0  8812.0
0.4  71.0  3087.0
0.4  34.0  6677.0
0.4  62.0  3924.0
0.4  53.0  4790.0
0.4  57.0  4458.0
0.4  96.0  520.0
0.4  3.0  9709.0
0.4  39.0  6213.0
0.4  46.0  5501.0
0.4  53.0  4777.0
0.4  7.0  9321.0
0.4  57.0  4357.0
0.4  60.0  4150.0
0.4  11.0  8932.0
0.4  14.0  8628.0
0.4  30.0  7078.0
0.4  100.0  200.0
0.4  46.0  5538.0
0.4  28.0  7288.0
0.4  48.0  5316.0
0.4  38.0  6292.0
0.4  68.0  3338.0
0.4  33.0  6798.0
0.4  55.0  4607.0
0.6  70.0  3129.0
0.6  9.0  9124.0
0.6  51.0  5005.0
0.6  39.0  6177.0
0.6  39.0  6200.0
0.6  61.0  3987.0
0.6  11.0  8932.0
0.6  11.0  8934.0
0.6  48.0  5316.0
0.6  45.0  5602.0
0.6  18.0  8238.0
0.6  47.0  5396.0
0.6  30.0  7038.0
0.6  0.0  10000.0
0.6  24.0  7657.0
0.6  54.0  4746.0
0.6  46.0  5597.0
0.6  41.0  5986.0
0.6  8.0  9221.0
0.6  43.0  5766.0
0.6  81.0  2121.0
0.6  76.0  2476.0
0.6  80.0  2120.0
0.6  34.0  6681.0
0.6  45.0  5554.0
0.6  39.0  6199.0
0.6  18.0  8241.0
0.6  33.0  6790.0
0.6  14.0  8642.0
0.6  44.0  5694.0
0.6  14.0  8630.0
0.6  91.0  974.0
0.6  58.0  4343.0
0.6  20.0  8041.0
0.6  17.0  8335.0
0.6  17.0  8351.0
0.6  14.0  8627.0
0.6  17.0  8348.0
0.6  22.0  7856.0
0.6  39.0  6214.0
0.6  19.0  8151.0
0.6  29.0  7184.0
0.6  35.0  6552.0
0.6  22.0  7824.0
0.6  39.0  6190.0
0.6  28.0  7228.0
0.6  39.0  6138.0
0.6  18.0  8254.0
0.6  3.0  9709.0
0.6  34.0  6648.0
0.6  25.0  7555.0
0.6  29.0  7164.0
0.6  56.0  4517.0
0.6  32.0  6869.0
0.6  13.0  8739.0
0.6  29.0  7162.0
0.6  53.0  4833.0
0.6  45.0  5565.0
0.6  17.0  8336.0
0.6  24.0  7648.0
0.6  75.0  2551.0
0.6  45.0  5615.0
0.6  3.0  9706.0
0.6  41.0  5972.0
0.6  39.0  6197.0
0.6  0.0  10000.0
0.6  24.0  7626.0
0.6  0.0  10000.0
0.6  36.0  6457.0
0.6  97.0  495.0
0.6  7.0  9322.0
0.6  2.0  9806.0
0.6  30.0  7014.0
0.6  38.0  6305.0
0.6  39.0  6175.0
0.6  29.0  7167.0
0.6  0.0  10000.0
0.6  49.0  5153.0
0.6  36.0  6482.0
0.6  10.0  9030.0
0.6  53.0  4830.0
0.6  35.0  6572.0
0.6  92.0  900.0
0.6  41.0  5952.0
0.6  14.0  8638.0
0.6  40.0  6098.0
0.6  39.0  6153.0
0.6  30.0  7057.0
0.6  62.0  3848.0
0.6  24.0  7665.0
0.6  46.0  5438.0
0.6  65.0  3509.0
0.6  63.0  3848.0
0.6  32.0  6848.0
0.6  38.0  6276.0
0.6  93.0  717.0
0.6  6.0  9418.0
0.6  26.0  7461.0
0.6  10.0  9030.0
0.6  78.0  2216.0
0.8  31.0  6961.0
0.8  29.0  7162.0
0.8  0.0  10000.0
0.8  58.0  4239.0
0.8  62.0  3869.0
0.8  85.0  1587.0
0.8  27.0  7369.0
0.8  67.0  3408.0
0.8  16.0  8449.0
0.8  56.0  4443.0
0.8  7.0  9321.0
0.8  8.0  9222.0
0.8  83.0  1723.0
0.8  30.0  7069.0
0.8  55.0  4614.0
0.8  35.0  6598.0
0.8  37.0  6382.0
0.8  64.0  3644.0
0.8  20.0  8047.0
0.8  27.0  7341.0
0.8  87.0  1395.0
0.8  12.0  8824.0
0.8  53.0  4765.0
0.8  20.0  8054.0
0.8  12.0  8836.0
0.8  57.0  4413.0
0.8  0.0  10000.0
0.8  70.0  3077.0
0.8  22.0  7852.0
0.8  19.0  8144.0
0.8  65.0  3517.0
0.8  21.0  7953.0
0.8  18.0  8254.0
0.8  55.0  4621.0
0.8  23.0  7765.0
0.8  30.0  7089.0
0.8  39.0  6189.0
0.8  46.0  5446.0
0.8  46.0  5438.0
0.8  2.0  9806.0
0.8  62.0  3899.0
0.8  17.0  8340.0
0.8  15.0  8548.0
0.8  29.0  7166.0
0.8  14.0  8630.0
0.8  7.0  9322.0
0.8  0.0  10000.0
0.8  14.0  8628.0
0.8  66.0  3513.0
0.8  51.0  5049.0
0.8  16.0  8441.0
0.8  23.0  7756.0
0.8  31.0  6973.0
0.8  47.0  5423.0
0.8  41.0  5992.0
0.8  0.0  10000.0
0.8  57.0  4328.0
0.8  68.0  3305.0
0.8  84.0  1650.0
0.8  59.0  4200.0
0.8  100.0  100.0
0.8  30.0  7073.0
0.8  59.0  4229.0
0.8  5.0  9515.0
0.8  26.0  7466.0
0.8  85.0  1605.0
0.8  11.0  8933.0
0.8  20.0  8030.0
0.8  80.0  2121.0
0.8  56.0  4429.0
0.8  58.0  4323.0
0.8  23.0  7747.0
0.8  34.0  6669.0
0.8  65.0  3586.0
0.8  21.0  7953.0
0.8  20.0  8045.0
0.8  91.0  917.0
0.8  35.0  6571.0
0.8  20.0  8060.0
0.8  34.0  6653.0
0.8  62.0  3873.0
0.8  16.0  8416.0
0.8  0.0  10000.0
0.8  53.0  4786.0
0.8  15.0  8545.0
0.8  26.0  7432.0
0.8  22.0  7826.0
0.8  90.0  1047.0
0.8  5.0  9515.0
0.8  12.0  8832.0
0.8  29.0  7174.0
0.8  41.0  5959.0
0.8  39.0  6206.0
0.8  57.0  4391.0
0.8  12.0  8836.0
0.8  22.0  7821.0
0.8  68.0  3346.0
0.8  46.0  5506.0
0.8  43.0  5788.0
0.8  6.0  9418.0
1.0  74.0  2697.0
1.0  66.0  3502.0
1.0  46.0  5458.0
1.0  68.0  3218.0
1.0  49.0  5195.0
1.0  80.0  2084.0
1.0  6.0  9418.0
1.0  81.0  1966.0
1.0  79.0  2186.0
1.0  73.0  2847.0
1.0  87.0  1307.0
1.0  100.0  34.0
1.0  51.0  4997.0
1.0  24.0  7667.0
1.0  59.0  4174.0
1.0  29.0  7147.0
1.0  68.0  3214.0
1.0  36.0  6484.0
1.0  36.0  6477.0
1.0  18.0  8224.0
1.0  16.0  8449.0
1.0  15.0  8531.0
1.0  87.0  1486.0
1.0  46.0  5469.0
1.0  65.0  3564.0
1.0  40.0  6094.0
1.0  39.0  6166.0
1.0  20.0  8060.0
1.0  97.0  399.0
1.0  32.0  6837.0
1.0  80.0  2022.0
1.0  43.0  5788.0
1.0  13.0  8721.0
1.0  100.0  300.0
1.0  33.0  6766.0
1.0  0.0  10000.0
1.0  23.0  7734.0
1.0  91.0  958.0
1.0  89.0  1191.0
1.0  32.0  6872.0
1.0  56.0  4512.0
1.0  63.0  3769.0
1.0  28.0  7259.0
1.0  7.0  9318.0
1.0  61.0  4005.0
1.0  70.0  3049.0
1.0  45.0  5574.0
1.0  26.0  7460.0
1.0  89.0  1122.0
1.0  53.0  4824.0
1.0  76.0  2434.0
1.0  88.0  1379.0
1.0  52.0  4854.0
1.0  29.0  7147.0
1.0  31.0  6955.0
1.0  71.0  2945.0
1.0  42.0  5827.0
1.0  0.0  10000.0
1.0  22.0  7844.0
1.0  74.0  2616.0
1.0  9.0  9128.0
1.0  38.0  6282.0
1.0  28.0  7285.0
1.0  26.0  7478.0
1.0  0.0  10000.0
1.0  48.0  5241.0
1.0  51.0  4997.0
1.0  67.0  3381.0
1.0  67.0  3334.0
1.0  64.0  3700.0
1.0  78.0  2301.0
1.0  64.0  3695.0
1.0  54.0  4665.0
1.0  96.0  468.0
1.0  45.0  5614.0
1.0  37.0  6377.0
1.0  35.0  6546.0
1.0  44.0  5646.0
1.0  28.0  7241.0
1.0  96.0  660.0
1.0  79.0  2115.0
1.0  85.0  1641.0
1.0  37.0  6335.0
1.0  33.0  6799.0
1.0  46.0  5482.0
1.0  27.0  7362.0
1.0  49.0  5191.0
1.0  25.0  7551.0
1.0  65.0  3566.0
1.0  63.0  3831.0
1.0  30.0  7056.0
1.0  100.0  133.0
1.0  51.0  4939.0
1.0  50.0  5070.0
1.0  18.0  8220.0
1.0  12.0  8836.0
1.0  20.0  8015.0
1.0  34.0  6670.0
1.0  43.0  5707.0
1.0  55.0  4555.0
1.2  0.0  10000.0
1.2  17.0  8319.0
1.2  31.0  6963.0
1.2  42.0  5894.0
1.2  22.0  7836.0
1.2  22.0  7826.0
1.2  33.0  6743.0
1.2  88.0  1342.0
1.2  69.0  3238.0
1.2  89.0  1224.0
1.2  24.0  7667.0
1.2  58.0  4318.0
1.2  50.0  5083.0
1.2  78.0  2268.0
1.2  91.0  928.0
1.2  0.0  10000.0
1.2  100.0  104.0
1.2  0.0  10000.0
1.2  81.0  1978.0
1.2  7.0  9321.0
1.2  16.0  8431.0
1.2  9.0  9121.0
1.2  0.0  10000.0
1.2  73.0  2753.0
1.2  83.0  1783.0
1.2  29.0  7160.0
1.2  42.0  5866.0
1.2  52.0  4828.0
1.2  71.0  2919.0
1.2  70.0  3089.0
1.2  77.0  2392.0
1.2  22.0  7866.0
1.2  96.0  409.0
1.2  27.0  7334.0
1.2  56.0  4493.0
1.2  48.0  5344.0
1.2  74.0  2680.0
1.2  13.0  8743.0
1.2  60.0  4052.0
1.2  20.0  8035.0
1.2  70.0  3114.0
1.2  27.0  7354.0
1.2  29.0  7158.0
1.2  42.0  5896.0
1.2  29.0  7168.0
1.2  57.0  4434.0
1.2  59.0  4231.0
1.2  32.0  6864.0
1.2  86.0  1457.0
1.2  53.0  4799.0
1.2  23.0  7737.0
1.2  78.0  2212.0
1.2  13.0  8740.0
1.2  28.0  7252.0
1.2  43.0  5751.0
1.2  68.0  3206.0
1.2  16.0  8442.0
1.2  0.0  10000.0
1.2  41.0  5971.0
1.2  35.0  6539.0
1.2  63.0  3724.0
1.2  16.0  8448.0
1.2  30.0  7081.0
1.2  40.0  6105.0
1.2  52.0  4804.0
1.2  47.0  5356.0
1.2  64.0  3652.0
1.2  21.0  7945.0
1.2  23.0  7754.0
1.2  52.0  4914.0
1.2  43.0  5751.0
1.2  97.0  314.0
1.2  72.0  2833.0
1.2  20.0  8061.0
1.2  56.0  4493.0
1.2  43.0  5753.0
1.2  17.0  8339.0
1.2  25.0  7576.0
1.2  100.0  21.0
1.2  20.0  8049.0
1.2  94.0  608.0
1.2  0.0  10000.0
1.2  46.0  5490.0
1.2  66.0  3485.0
1.2  26.0  7460.0
1.2  79.0  2258.0
1.2  41.0  5983.0
1.2  87.0  1370.0
1.2  41.0  5944.0
1.2  55.0  4583.0
1.2  39.0  6174.0
1.2  44.0  5690.0
1.2  57.0  4342.0
1.2  80.0  2069.0
1.2  75.0  2508.0
1.2  0.0  10000.0
1.2  65.0  3561.0
1.2  70.0  3090.0
1.2  91.0  1010.0
1.2  37.0  6347.0
1.4  64.0  3749.0
1.4  29.0  7187.0
1.4  70.0  3009.0
1.4  29.0  7137.0
1.4  40.0  6045.0
1.4  75.0  2595.0
1.4  14.0  8624.0
1.4  54.0  4680.0
1.4  53.0  4742.0
1.4  0.0  10000.0
1.4  83.0  1823.0
1.4  75.0  2528.0
1.4  68.0  3231.0
1.4  52.0  4908.0
1.4  89.0  1265.0
1.4  45.0  5543.0
1.4  0.0  10000.0
1.4  70.0  3103.0
1.4  36.0  6508.0
1.4  60.0  4041.0
1.4  41.0  5971.0
1.4  26.0  7474.0
1.4  1.0  9902.0
1.4  84.0  1627.0
1.4  97.0  308.0
1.4  85.0  1537.0
1.4  60.0  4055.0
1.4  85.0  1562.0
1.4  62.0  3875.0
1.4  100.0  2.0
1.4  81.0  1943.0
1.4  24.0  7672.0
1.4  55.0  4594.0
1.4  86.0  1522.0
1.4  81.0  1994.0
1.4  57.0  4414.0
1.4  76.0  2508.0
1.4  85.0  1618.0
1.4  20.0  8041.0
1.4  45.0  5560.0
1.4  0.0  10000.0
1.4  80.0  2101.0
1.4  65.0  3656.0
1.4  94.0  609.0
1.4  51.0  4950.0
1.4  28.0  7264.0
1.4  88.0  1277.0
1.4  2.0  9806.0
1.4  39.0  6159.0
1.4  100.0  48.0
1.4  0.0  10000.0
1.4  61.0  3982.0
1.4  42.0  5884.0
1.4  73.0  2742.0
1.4  13.0  8728.0
1.4  56.0  4476.0
1.4  53.0  4740.0
1.4  50.0  5077.0
1.4  41.0  5989.0
1.4  24.0  7672.0
1.4  56.0  4459.0
1.4  22.0  7843.0
1.4  17.0  8351.0
1.4  82.0  1850.0
1.4  66.0  3475.0
1.4  85.0  1534.0
1.4  3.0  9709.0
1.4  62.0  3911.0
1.4  0.0  10000.0
1.4  11.0  8933.0
1.4  34.0  6680.0
1.4  68.0  3339.0
1.4  45.0  5601.0
1.4  77.0  2481.0
1.4  50.0  5123.0
1.4  55.0  4611.0
1.4  78.0  2322.0
1.4  83.0  1746.0
1.4  91.0  922.0
1.4  56.0  4454.0
1.4  28.0  7270.0
1.4  20.0  8041.0
1.4  22.0  7852.0
1.4  45.0  5616.0
1.4  2.0  9804.0
1.4  100.0  108.0
1.4  70.0  3105.0
1.4  53.0  4785.0
1.4  98.0  226.0
1.4  70.0  3017.0
1.4  29.0  7131.0
1.4  44.0  5634.0
1.4  80.0  2052.0
1.4  51.0  4957.0
1.4  56.0  4512.0
1.4  53.0  4780.0
1.4  54.0  4645.0
1.4  39.0  6180.0
1.4  100.0  14.0
1.4  46.0  5458.0
1.6  52.0  4864.0
1.6  75.0  2529.0
1.6  48.0  5374.0
1.6  25.0  7563.0
1.6  30.0  7060.0
1.6  47.0  5380.0
1.6  29.0  7154.0
1.6  8.0  9224.0
1.6  66.0  3482.0
1.6  83.0  1788.0
1.6  59.0  4187.0
1.6  77.0  2384.0
1.6  65.0  3565.0
1.6  66.0  3500.0
1.6  39.0  6184.0
1.6  25.0  7552.0
1.6  31.0  6963.0
1.6  97.0  301.0
1.6  40.0  6073.0
1.6  33.0  6777.0
1.6  78.0  2233.0
1.6  61.0  4030.0
1.6  36.0  6449.0
1.6  76.0  2443.0
1.6  32.0  6865.0
1.6  28.0  7267.0
1.6  0.0  10000.0
1.6  39.0  6180.0
1.6  88.0  1239.0
1.6  72.0  2845.0
1.6  15.0  8545.0
1.6  66.0  3431.0
1.6  79.0  2142.0
1.6  92.0  813.0
1.6  25.0  7570.0
1.6  52.0  4841.0
1.6  47.0  5401.0
1.6  55.0  4611.0
1.6  48.0  5297.0
1.6  80.0  2081.0
1.6  86.0  1407.0
1.6  76.0  2455.0
1.6  85.0  1548.0
1.6  61.0  4060.0
1.6  59.0  4150.0
1.6  50.0  5063.0
1.6  40.0  6040.0
1.6  52.0  4852.0
1.6  10.0  9030.0
1.6  68.0  3240.0
1.6  97.0  498.0
1.6  47.0  5393.0
1.6  57.0  4379.0
1.6  53.0  4811.0
1.6  40.0  6054.0
1.6  74.0  2684.0
1.6  81.0  1929.0
1.6  81.0  1906.0
1.6  32.0  6819.0
1.6  71.0  2910.0
1.6  12.0  8838.0
1.6  92.0  825.0
1.6  84.0  1634.0
1.6  46.0  5426.0
1.6  95.0  522.0
1.6  0.0  10000.0
1.6  55.0  4612.0
1.6  98.0  242.0
1.6  62.0  3845.0
1.6  76.0  2442.0
1.6  84.0  1624.0
1.6  100.0  41.0
1.6  54.0  4629.0
1.6  97.0  312.0
1.6  69.0  3244.0
1.6  0.0  10000.0
1.6  70.0  3044.0
1.6  55.0  4565.0
1.6  53.0  4809.0
1.6  57.0  4457.0
1.6  8.0  9222.0
1.6  33.0  6772.0
1.6  34.0  6668.0
1.6  21.0  7943.0
1.6  39.0  6156.0
1.6  78.0  2257.0
1.6  74.0  2729.0
1.6  0.0  10000.0
1.6  81.0  2003.0
1.6  10.0  9030.0
1.6  56.0  4402.0
1.6  26.0  7480.0
1.6  83.0  1866.0
1.6  40.0  6044.0
1.6  36.0  6480.0
1.6  48.0  5244.0
1.6  63.0  3822.0
1.6  61.0  3962.0
1.6  86.0  1489.0
1.6  55.0  4566.0
1.8  70.0  3081.0
1.8  0.0  10000.0
1.8  6.0  9412.0
1.8  81.0  1986.0
1.8  100.0  33.0
1.8  43.0  5763.0
1.8  26.0  7452.0
1.8  73.0  2732.0
1.8  72.0  2828.0
1.8  80.0  2147.0
1.8  28.0  7261.0
1.8  100.0  51.0
1.8  70.0  3026.0
1.8  89.0  1103.0
1.8  84.0  1659.0
1.8  64.0  3702.0
1.8  53.0  4791.0
1.8  69.0  3164.0
1.8  8.0  9216.0
1.8  88.0  1206.0
1.8  84.0  1632.0
1.8  69.0  3157.0
1.8  3.0  9709.0
1.8  26.0  7407.0
1.8  61.0  3984.0
1.8  100.0  64.0
1.8  19.0  8161.0
1.8  68.0  3250.0
1.8  74.0  2684.0
1.8  11.0  8934.0
1.8  35.0  6585.0
1.8  52.0  4857.0
1.8  68.0  3227.0
1.8  12.0  8836.0
1.8  73.0  2854.0
1.8  37.0  6347.0
1.8  69.0  3194.0
1.8  44.0  5727.0
1.8  20.0  8041.0
1.8  33.0  6774.0
1.8  59.0  4117.0
1.8  76.0  2561.0
1.8  90.0  1010.0
1.8  94.0  614.0
1.8  68.0  3270.0
1.8  49.0  5193.0
1.8  72.0  2848.0
1.8  62.0  3873.0
1.8  6.0  9418.0
1.8  71.0  2927.0
1.8  74.0  2616.0
1.8  76.0  2554.0
1.8  0.0  10000.0
1.8  30.0  7060.0
1.8  91.0  916.0
1.8  43.0  5774.0
1.8  73.0  2845.0
1.8  47.0  5319.0
1.8  96.0  445.0
1.8  7.0  9321.0
1.8  65.0  3579.0
1.8  34.0  6680.0
1.8  100.0  300.0
1.8  76.0  2628.0
1.8  76.0  2446.0
1.8  40.0  6084.0
1.8  26.0  7425.0
1.8  83.0  1798.0
1.8  0.0  10000.0
1.8  100.0  210.0
1.8  70.0  3013.0
1.8  80.0  2068.0
1.8  70.0  3009.0
1.8  8.0  9224.0
1.8  54.0  4712.0
1.8  19.0  8143.0
1.8  89.0  1153.0
1.8  87.0  1383.0
1.8  76.0  2483.0
1.8  13.0  8739.0
1.8  87.0  1330.0
1.8  75.0  2539.0
1.8  36.0  6502.0
1.8  76.0  2421.0
1.8  17.0  8331.0
1.8  70.0  3044.0
1.8  81.0  1919.0
1.8  85.0  1541.0
1.8  84.0  1669.0
1.8  83.0  1729.0
1.8  82.0  1889.0
1.8  80.0  2050.0
1.8  80.0  2055.0
1.8  65.0  3629.0
1.8  75.0  2528.0
1.8  100.0  109.0
1.8  55.0  4617.0
1.8  73.0  2790.0
1.8  88.0  1272.0
1.8  25.0  7554.0
2.0  95.0  557.0
2.0  20.0  8050.0
2.0  48.0  5269.0
2.0  73.0  2747.0
2.0  44.0  5660.0
2.0  28.0  7240.0
2.0  99.0  148.0
2.0  67.0  3324.0
2.0  84.0  1689.0
2.0  77.0  2313.0
2.0  100.0  12.0
2.0  19.0  8157.0
2.0  11.0  8933.0
2.0  61.0  4019.0
2.0  86.0  1497.0
2.0  62.0  3887.0
2.0  85.0  1516.0
2.0  55.0  4561.0
2.0  41.0  5988.0
2.0  71.0  2973.0
2.0  87.0  1387.0
2.0  0.0  10000.0
2.0  89.0  1138.0
2.0  37.0  6411.0
2.0  44.0  5663.0
2.0  0.0  10000.0
2.0  71.0  2957.0
2.0  90.0  1111.0
2.0  71.0  2971.0
2.0  4.0  9612.0
2.0  74.0  2657.0
2.0  97.0  325.0
2.0  21.0  7947.0
2.0  79.0  2191.0
2.0  90.0  1012.0
2.0  49.0  5201.0
2.0  42.0  5879.0
2.0  75.0  2537.0
2.0  80.0  2039.0
2.0  53.0  4796.0
2.0  47.0  5388.0
2.0  59.0  4203.0
2.0  25.0  7577.0
2.0  0.0  10000.0
2.0  88.0  1221.0
2.0  44.0  5648.0
2.0  31.0  6962.0
2.0  82.0  1824.0
2.0  0.0  10000.0
2.0  67.0  3367.0
2.0  95.0  541.0
2.0  94.0  600.0
2.0  20.0  8060.0
2.0  49.0  5109.0
2.0  59.0  4278.0
2.0  73.0  2810.0
2.0  86.0  1430.0
2.0  44.0  5689.0
2.0  41.0  5931.0
2.0  100.0  14.0
2.0  60.0  4120.0
2.0  44.0  5706.0
2.0  27.0  7350.0
2.0  49.0  5159.0
2.0  92.0  819.0
2.0  18.0  8254.0
2.0  3.0  9709.0
2.0  98.0  212.0
2.0  52.0  4836.0
2.0  73.0  2784.0
2.0  24.0  7672.0
2.0  17.0  8337.0
2.0  86.0  1430.0
2.0  83.0  1849.0
2.0  45.0  5595.0
2.0  57.0  4345.0
2.0  88.0  1288.0
2.0  23.0  7734.0
2.0  83.0  1717.0
2.0  76.0  2477.0
2.0  91.0  929.0
2.0  22.0  7865.0
2.0  64.0  3650.0
2.0  25.0  7565.0
2.0  57.0  4375.0
2.0  98.0  202.0
2.0  55.0  4547.0
2.0  100.0  100.0
2.0  36.0  6474.0
2.0  32.0  6878.0
2.0  76.0  2423.0
2.0  71.0  2922.0
2.0  75.0  2565.0
2.0  39.0  6198.0
2.0  78.0  2222.0
2.0  95.0  569.0
2.0  79.0  2164.0
2.0  86.0  1423.0
2.0  81.0  1917.0
2.0  41.0  5971.0
