0  49.0  443.0
0  51.0  438.0
0  49.0  428.0
0  56.0  451.0
0  62.0  489.0
0  57.0  493.0
0  60.0  500.0
0  45.0  407.0
0  62.0  500.0
0  28.0  465.0
0  29.0  362.0
0  56.0  444.0
0  88.0  500.0
0  25.0  367.0
0  68.0  500.0
0  56.0  455.0
0  15.0  413.0
0  28.0  476.0
0  33.0  387.0
0  65.0  485.0
0  27.0  358.0
0  60.0  486.0
0  61.0  500.0
0  58.0  494.0
0  34.0  500.0
0  46.0  448.0
0  55.0  497.0
0  62.0  471.0
0  72.0  475.0
0  25.0  263.0
0  59.0  496.0
0  23.0  329.0
0  39.0  321.0
0  72.0  500.0
0  70.0  494.0
0  44.0  428.0
0  41.0  481.0
0  37.0  427.0
0  2.0  245.0
0  59.0  499.0
0  47.0  423.0
0  40.0  411.0
0  45.0  500.0
0  32.0  431.0
0  45.0  476.0
0  30.0  374.0
0  42.0  380.0
0  56.0  424.0
0  33.0  439.0
0  36.0  425.0
0  10.0  148.0
0  22.0  283.0
0  25.0  279.0
0  48.0  476.0
0  46.0  435.0
0  15.0  311.0
0  34.0  373.0
0  54.0  389.0
0  19.0  370.0
0  47.0  358.0
0  44.0  449.0
0  34.0  346.0
0  42.0  411.0
0  55.0  489.0
0  54.0  405.0
0  56.0  499.0
0  75.0  465.0
0  58.0  499.0
0  36.0  429.0
0  80.0  500.0
0  39.0  461.0
0  20.0  244.0
0  62.0  476.0
0  25.0  439.0
0  61.0  457.0
0  34.0  484.0
0  22.0  389.0
0  69.0  500.0
0  39.0  497.0
0  65.0  459.0
0  86.0  499.0
0  64.0  467.0
0  49.0  402.0
0  17.0  358.0
0  61.0  499.0
0  20.0  322.0
0  23.0  435.0
0  51.0  353.0
0  74.0  498.0
0  42.0  493.0
0  85.0  500.0
0  80.0  498.0
0  57.0  458.0
0  79.0  500.0
0  72.0  500.0
0  40.0  500.0
0  24.0  284.0
0  26.0  347.0
0  49.0  462.0
0  68.0  473.0
