1  83.0  450.0
2  58.0  405.0
3  54.0  499.0
4  52.0  492.0
5  37.0  408.0
6  37.0  479.0
7  65.0  497.0
1  46.0  344.0
2  49.0  385.0
3  52.0  485.0
4  58.0  500.0
5  48.0  500.0
6  35.0  376.0
7  38.0  481.0
1  41.0  393.0
2  71.0  500.0
3  19.0  368.0
4  13.0  385.0
5  32.0  426.0
6  81.0  500.0
7  43.0  463.0
1  54.0  481.0
2  34.0  451.0
3  61.0  480.0
4  43.0  467.0
5  61.0  499.0
6  60.0  483.0
7  49.0  487.0
1  34.0  376.0
2  30.0  296.0
3  23.0  275.0
4  31.0  434.0
5  76.0  500.0
6  45.0  413.0
7  42.0  470.0
1  37.0  425.0
2  42.0  278.0
3  65.0  457.0
4  53.0  423.0
5  30.0  482.0
6  41.0  421.0
7  66.0  479.0
1  58.0  474.0
2  47.0  344.0
3  37.0  458.0
4  52.0  500.0
5  18.0  319.0
6  47.0  495.0
7  54.0  492.0
1  52.0  480.0
2  47.0  478.0
3  45.0  471.0
4  36.0  424.0
5  42.0  494.0
6  29.0  380.0
7  34.0  446.0
1  19.0  472.0
2  17.0  493.0
3  71.0  499.0
4  50.0  409.0
5  53.0  404.0
6  23.0  392.0
7  47.0  466.0
1  38.0  497.0
2  16.0  336.0
3  66.0  492.0
4  65.0  477.0
5  44.0  362.0
6  32.0  488.0
7  17.0  444.0
1  65.0  474.0
2  11.0  262.0
3  42.0  445.0
4  71.0  500.0
5  38.0  446.0
6  40.0  418.0
7  25.0  384.0
1  42.0  473.0
2  43.0  496.0
3  39.0  367.0
4  46.0  395.0
5  21.0  391.0
6  27.0  309.0
7  41.0  400.0
1  51.0  409.0
2  39.0  446.0
3  43.0  493.0
4  76.0  468.0
5  11.0  324.0
6  28.0  411.0
7  34.0  378.0
1  68.0  500.0
2  30.0  308.0
3  47.0  468.0
4  53.0  459.0
5  21.0  382.0
6  23.0  341.0
7  51.0  493.0
1  45.0  452.0
2  41.0  489.0
3  13.0  211.0
4  64.0  494.0
5  39.0  462.0
6  53.0  487.0
7  29.0  434.0
1  57.0  500.0
2  6.0  345.0
3  77.0  500.0
4  51.0  465.0
5  36.0  430.0
6  35.0  450.0
7  26.0  405.0
1  53.0  448.0
2  34.0  336.0
3  26.0  460.0
4  55.0  423.0
5  41.0  339.0
6  56.0  444.0
7  31.0  435.0
1  59.0  489.0
2  53.0  415.0
3  81.0  500.0
4  22.0  343.0
5  84.0  500.0
6  34.0  490.0
7  35.0  482.0
1  65.0  467.0
2  36.0  490.0
3  22.0  317.0
4  75.0  500.0
5  53.0  490.0
6  62.0  487.0
7  53.0  479.0
1  39.0  310.0
2  18.0  422.0
3  60.0  392.0
4  45.0  452.0
5  58.0  465.0
6  51.0  461.0
7  41.0  483.0
1  21.0  288.0
2  65.0  500.0
3  17.0  290.0
4  34.0  430.0
5  60.0  499.0
6  37.0  458.0
7  47.0  380.0
1  86.0  500.0
2  48.0  401.0
3  49.0  456.0
4  29.0  372.0
5  32.0  388.0
6  52.0  456.0
7  39.0  500.0
1  35.0  324.0
2  38.0  363.0
3  39.0  422.0
4  33.0  413.0
5  27.0  432.0
6  26.0  460.0
7  11.0  342.0
1  39.0  489.0
2  47.0  486.0
3  27.0  346.0
4  34.0  385.0
5  29.0  427.0
6  43.0  430.0
7  38.0  471.0
1  62.0  493.0
2  75.0  492.0
3  27.0  470.0
4  42.0  476.0
5  38.0  472.0
6  32.0  493.0
7  24.0  468.0
1  55.0  390.0
2  74.0  500.0
3  55.0  461.0
4  49.0  500.0
5  48.0  465.0
6  32.0  267.0
7  41.0  430.0
1  64.0  496.0
2  46.0  442.0
3  33.0  321.0
4  60.0  408.0
5  29.0  410.0
6  66.0  499.0
7  54.0  459.0
1  60.0  397.0
2  55.0  473.0
3  60.0  465.0
4  87.0  474.0
5  60.0  437.0
6  25.0  230.0
7  35.0  386.0
1  68.0  464.0
2  58.0  483.0
3  48.0  466.0
4  30.0  342.0
5  52.0  459.0
6  43.0  440.0
7  29.0  433.0
1  81.0  500.0
2  95.0  500.0
3  38.0  409.0
4  42.0  302.0
5  33.0  431.0
6  41.0  321.0
7  40.0  496.0
1  90.0  500.0
2  67.0  471.0
3  44.0  420.0
4  44.0  500.0
5  37.0  395.0
6  16.0  358.0
7  35.0  404.0
1  44.0  419.0
2  53.0  498.0
3  58.0  454.0
4  54.0  470.0
5  36.0  431.0
6  34.0  407.0
7  30.0  417.0
1  47.0  500.0
2  42.0  393.0
3  50.0  384.0
4  47.0  429.0
5  36.0  389.0
6  26.0  317.0
7  40.0  435.0
1  71.0  485.0
2  76.0  477.0
3  30.0  390.0
4  32.0  377.0
5  33.0  383.0
6  41.0  400.0
7  63.0  495.0
1  48.0  472.0
2  65.0  500.0
3  74.0  467.0
4  10.0  322.0
5  49.0  492.0
6  20.0  403.0
7  32.0  477.0
1  0.0  250.0
2  47.0  487.0
3  46.0  445.0
4  47.0  436.0
5  42.0  314.0
6  56.0  488.0
7  32.0  427.0
1  43.0  388.0
2  39.0  276.0
3  39.0  428.0
4  29.0  444.0
5  31.0  366.0
6  49.0  497.0
7  34.0  452.0
1  95.0  500.0
2  34.0  479.0
3  68.0  490.0
4  15.0  256.0
5  40.0  480.0
6  62.0  466.0
7  24.0  409.0
1  63.0  489.0
2  50.0  485.0
3  73.0  468.0
4  47.0  482.0
5  66.0  500.0
6  36.0  437.0
7  52.0  474.0
1  81.0  500.0
2  44.0  483.0
3  32.0  291.0
4  2.0  345.0
5  31.0  333.0
6  46.0  469.0
7  61.0  478.0
1  49.0  473.0
2  89.0  500.0
3  53.0  496.0
4  72.0  496.0
5  65.0  489.0
6  50.0  453.0
7  14.0  333.0
1  88.0  500.0
2  61.0  496.0
3  50.0  480.0
4  45.0  420.0
5  20.0  342.0
6  29.0  450.0
7  48.0  449.0
1  73.0  500.0
2  75.0  500.0
3  54.0  381.0
4  48.0  492.0
5  46.0  485.0
6  24.0  311.0
7  36.0  262.0
1  71.0  478.0
2  79.0  500.0
3  27.0  371.0
4  44.0  462.0
5  53.0  367.0
6  32.0  493.0
7  58.0  496.0
1  37.0  417.0
2  24.0  283.0
3  60.0  493.0
4  68.0  500.0
5  35.0  477.0
6  51.0  460.0
7  35.0  433.0
1  33.0  436.0
2  56.0  460.0
3  39.0  405.0
4  72.0  490.0
5  48.0  465.0
6  44.0  485.0
7  29.0  356.0
1  66.0  500.0
2  83.0  482.0
3  24.0  278.0
4  54.0  455.0
5  30.0  341.0
6  59.0  498.0
7  17.0  280.0
1  19.0  456.0
2  53.0  418.0
3  53.0  430.0
4  12.0  377.0
5  62.0  500.0
6  43.0  436.0
7  56.0  500.0
1  46.0  451.0
2  63.0  472.0
3  63.0  476.0
4  44.0  420.0
5  62.0  498.0
6  34.0  438.0
7  43.0  483.0
1  68.0  500.0
2  33.0  443.0
3  78.0  482.0
4  45.0  379.0
5  47.0  480.0
6  26.0  441.0
7  24.0  291.0
1  62.0  465.0
2  47.0  410.0
3  43.0  471.0
4  9.0  417.0
5  30.0  408.0
6  49.0  462.0
7  18.0  396.0
1  89.0  500.0
2  78.0  497.0
3  48.0  486.0
4  28.0  360.0
5  45.0  347.0
6  48.0  403.0
7  79.0  498.0
1  66.0  497.0
2  27.0  348.0
3  36.0  451.0
4  37.0  483.0
5  20.0  230.0
6  40.0  389.0
7  31.0  470.0
1  69.0  498.0
2  17.0  298.0
3  53.0  435.0
4  49.0  470.0
5  78.0  500.0
6  24.0  374.0
7  48.0  499.0
1  32.0  317.0
2  61.0  395.0
3  76.0  500.0
4  49.0  483.0
5  45.0  462.0
6  40.0  423.0
7  66.0  500.0
1  32.0  367.0
2  17.0  227.0
3  15.0  321.0
4  36.0  416.0
5  28.0  428.0
6  75.0  498.0
7  27.0  367.0
1  81.0  484.0
2  61.0  478.0
3  46.0  500.0
4  31.0  447.0
5  46.0  424.0
6  36.0  434.0
7  52.0  485.0
1  45.0  494.0
2  72.0  419.0
3  86.0  500.0
4  37.0  415.0
5  45.0  490.0
6  44.0  476.0
7  65.0  482.0
1  0.0  208.0
2  68.0  490.0
3  58.0  434.0
4  34.0  349.0
5  28.0  393.0
6  44.0  459.0
7  50.0  431.0
1  53.0  499.0
2  61.0  455.0
3  49.0  446.0
4  58.0  494.0
5  48.0  400.0
6  17.0  353.0
7  45.0  458.0
1  19.0  448.0
2  49.0  437.0
3  21.0  322.0
4  55.0  498.0
5  34.0  423.0
6  31.0  409.0
7  18.0  294.0
1  34.0  462.0
2  72.0  474.0
3  42.0  402.0
4  54.0  453.0
5  22.0  244.0
6  36.0  492.0
7  19.0  341.0
1  52.0  476.0
2  33.0  308.0
3  51.0  465.0
4  50.0  420.0
5  21.0  357.0
6  72.0  455.0
7  56.0  474.0
1  59.0  500.0
2  62.0  499.0
3  69.0  498.0
4  67.0  500.0
5  65.0  500.0
6  28.0  426.0
7  29.0  387.0
1  44.0  500.0
2  25.0  295.0
3  22.0  301.0
4  44.0  417.0
5  35.0  470.0
6  43.0  452.0
7  62.0  468.0
1  31.0  421.0
2  18.0  353.0
3  68.0  456.0
4  57.0  480.0
5  67.0  476.0
6  34.0  461.0
7  42.0  451.0
1  66.0  500.0
2  41.0  426.0
3  55.0  459.0
4  30.0  306.0
5  79.0  500.0
6  47.0  365.0
7  36.0  455.0
1  85.0  500.0
2  55.0  500.0
3  26.0  415.0
4  66.0  486.0
5  35.0  423.0
6  48.0  494.0
7  18.0  422.0
1  69.0  500.0
2  27.0  343.0
3  65.0  500.0
4  41.0  452.0
5  44.0  461.0
6  45.0  488.0
7  47.0  428.0
1  35.0  423.0
2  47.0  500.0
3  44.0  486.0
4  42.0  452.0
5  41.0  391.0
6  38.0  493.0
7  22.0  378.0
1  54.0  383.0
2  30.0  442.0
3  28.0  380.0
4  45.0  413.0
5  46.0  467.0
6  42.0  391.0
7  53.0  409.0
1  39.0  450.0
2  21.0  285.0
3  69.0  468.0
4  26.0  430.0
5  48.0  500.0
6  53.0  463.0
7  56.0  467.0
1  26.0  463.0
2  16.0  388.0
3  63.0  479.0
4  40.0  389.0
5  27.0  380.0
6  30.0  436.0
7  29.0  329.0
1  51.0  482.0
2  53.0  488.0
3  65.0  496.0
4  68.0  500.0
5  48.0  404.0
6  28.0  472.0
7  42.0  417.0
1  59.0  496.0
2  46.0  446.0
3  56.0  448.0
4  74.0  500.0
5  27.0  306.0
6  46.0  453.0
7  20.0  362.0
1  17.0  482.0
2  67.0  496.0
3  18.0  476.0
4  36.0  451.0
5  55.0  421.0
6  58.0  496.0
7  41.0  482.0
1  40.0  475.0
2  40.0  450.0
3  70.0  493.0
4  57.0  488.0
5  45.0  489.0
6  57.0  426.0
7  38.0  467.0
1  46.0  478.0
2  74.0  500.0
3  74.0  500.0
4  42.0  448.0
5  75.0  473.0
6  49.0  454.0
7  47.0  450.0
1  18.0  236.0
2  19.0  310.0
3  27.0  407.0
4  45.0  434.0
5  89.0  500.0
6  44.0  465.0
7  31.0  422.0
1  27.0  495.0
2  46.0  389.0
3  39.0  367.0
4  14.0  288.0
5  58.0  500.0
6  47.0  500.0
7  55.0  491.0
1  63.0  498.0
2  71.0  500.0
3  29.0  475.0
4  55.0  481.0
5  32.0  367.0
6  46.0  428.0
7  29.0  442.0
1  54.0  489.0
2  23.0  372.0
3  76.0  495.0
4  21.0  425.0
5  63.0  500.0
6  22.0  348.0
7  31.0  359.0
1  70.0  500.0
2  66.0  424.0
3  20.0  318.0
4  51.0  498.0
5  76.0  500.0
6  36.0  474.0
7  49.0  397.0
1  78.0  500.0
2  53.0  499.0
3  19.0  335.0
4  44.0  498.0
5  84.0  500.0
6  44.0  447.0
7  17.0  430.0
1  61.0  500.0
2  46.0  473.0
3  57.0  496.0
4  22.0  275.0
5  55.0  500.0
6  39.0  433.0
7  56.0  464.0
1  26.0  342.0
2  50.0  469.0
3  43.0  462.0
4  81.0  500.0
5  37.0  370.0
6  32.0  356.0
7  85.0  499.0
1  64.0  500.0
2  72.0  484.0
3  45.0  390.0
4  43.0  349.0
5  42.0  428.0
6  41.0  384.0
7  19.0  413.0
1  57.0  500.0
2  37.0  415.0
3  19.0  396.0
4  39.0  306.0
5  53.0  492.0
6  61.0  472.0
7  21.0  290.0
1  50.0  480.0
2  24.0  392.0
3  16.0  278.0
4  33.0  396.0
5  33.0  434.0
6  11.0  352.0
7  11.0  297.0
1  23.0  327.0
2  43.0  428.0
3  25.0  356.0
4  73.0  500.0
5  54.0  500.0
6  38.0  437.0
7  70.0  488.0
1  54.0  411.0
2  68.0  499.0
3  51.0  426.0
4  34.0  435.0
5  29.0  318.0
6  63.0  498.0
7  33.0  420.0
1  29.0  356.0
2  35.0  343.0
3  61.0  490.0
4  24.0  335.0
5  70.0  448.0
6  23.0  354.0
7  40.0  422.0
1  80.0  496.0
2  78.0  496.0
3  24.0  334.0
4  13.0  333.0
5  59.0  467.0
6  21.0  323.0
7  52.0  392.0
1  56.0  500.0
2  65.0  484.0
3  62.0  466.0
4  51.0  497.0
5  34.0  406.0
6  39.0  425.0
7  18.0  221.0
1  61.0  491.0
2  79.0  500.0
3  50.0  486.0
4  59.0  499.0
5  56.0  468.0
6  56.0  460.0
7  27.0  381.0
1  73.0  500.0
2  80.0  492.0
3  57.0  471.0
4  44.0  368.0
5  79.0  500.0
6  40.0  492.0
7  34.0  425.0
1  32.0  304.0
2  57.0  469.0
3  59.0  476.0
4  33.0  479.0
5  45.0  494.0
6  34.0  393.0
7  34.0  438.0
1  27.0  395.0
2  63.0  500.0
3  45.0  463.0
4  54.0  473.0
5  53.0  482.0
6  52.0  492.0
7  48.0  398.0
1  36.0  459.0
2  52.0  382.0
3  69.0  483.0
4  30.0  414.0
5  58.0  466.0
6  38.0  454.0
7  28.0  489.0
1  53.0  412.0
2  39.0  454.0
3  22.0  468.0
4  73.0  497.0
5  79.0  491.0
6  67.0  498.0
7  70.0  478.0
