0  66.0  349
0  58.0  380
0  15.0  228
0  39.0  405
0  44.0  365
0  79.0  357
0  65.0  357
0  46.0  359
0  56.0  368
0  32.0  410
0  78.0  398
0  91.0  274
0  46.0  409
0  16.0  343
0  40.0  395
0  68.0  306
0  82.0  281
0  48.0  434
0  53.0  402
0  39.0  376
0  49.0  387
0  33.0  614
0  50.0  291
0  67.0  277
0  24.0  546
0  41.0  291
0  36.0  429
0  64.0  445
0  58.0  318
0  36.0  479
0  32.0  290
0  50.0  449
0  65.0  372
0  58.0  309
0  14.0  275
0  33.0  352
0  44.0  551
0  39.0  350
0  55.0  468
0  64.0  384
0  57.0  324
0  49.0  459
0  37.0  443
0  58.0  482
0  42.0  390
0  60.0  390
0  50.0  350
0  66.0  391
0  40.0  582
0  50.0  437
0  58.0  352
0  48.0  418
0  35.0  360
0  29.0  349
0  64.0  410
0  56.0  267
0  39.0  445
0  27.0  495
0  16.0  286
0  33.0  429
0  63.0  410
0  60.0  289
0  57.0  321
0  81.0  316
0  61.0  402
0  45.0  391
0  47.0  369
0  50.0  419
0  32.0  262
0  22.0  249
0  42.0  356
0  25.0  455
0  68.0  261
0  41.0  318
0  68.0  349
0  71.0  352
0  22.0  384
0  3.0  190
0  67.0  328
0  34.0  374
0  18.0  328
0  28.0  242
0  46.0  479
0  42.0  477
0  26.0  284
0  54.0  395
0  57.0  324
0  73.0  295
0  45.0  332
0  44.0  355
0  58.0  305
0  39.0  381
0  39.0  245
0  11.0  456
0  42.0  405
0  38.0  408
0  24.0  251
0  20.0  337
0  59.0  192
0  50.0  403
1  68.0  361
1  42.0  390
1  33.0  332
1  57.0  371
1  23.0  464
1  23.0  319
1  39.0  483
1  40.0  494
1  71.0  391
1  19.0  270
1  17.0  472
1  82.0  278
1  64.0  365
1  28.0  433
1  25.0  565
1  23.0  497
1  26.0  333
1  61.0  382
1  55.0  438
1  64.0  225
1  46.0  489
1  28.0  265
1  37.0  368
1  18.0  312
1  67.0  317
1  62.0  323
1  63.0  329
1  64.0  358
1  70.0  331
1  25.0  250
1  43.0  438
1  52.0  192
1  58.0  438
1  51.0  408
1  18.0  336
1  67.0  369
1  60.0  412
1  42.0  532
1  19.0  338
1  36.0  431
1  76.0  289
1  64.0  367
1  65.0  361
1  52.0  512
1  51.0  335
1  43.0  451
1  52.0  501
1  50.0  437
1  81.0  319
1  52.0  345
1  55.0  364
1  28.0  525
1  59.0  376
1  56.0  465
1  82.0  275
1  32.0  455
1  67.0  350
1  67.0  384
1  76.0  296
1  67.0  416
1  54.0  455
1  35.0  435
1  55.0  406
1  36.0  512
1  62.0  465
1  65.0  381
1  71.0  376
1  49.0  326
1  35.0  392
1  79.0  327
1  57.0  366
1  39.0  370
1  53.0  327
1  50.0  312
1  50.0  403
1  44.0  363
1  47.0  492
1  11.0  425
1  64.0  379
1  68.0  327
1  68.0  343
1  42.0  442
1  66.0  461
1  65.0  406
1  46.0  229
1  19.0  349
1  24.0  244
1  41.0  377
1  41.0  615
1  70.0  375
1  54.0  373
1  41.0  333
1  50.0  465
1  18.0  423
1  55.0  327
1  48.0  376
1  55.0  250
1  79.0  349
1  27.0  149
1  52.0  374
2  32.0  536
2  25.0  237
2  22.0  325
2  10.0  265
2  29.0  442
2  29.0  527
2  59.0  460
2  22.0  395
2  62.0  333
2  60.0  363
2  61.0  545
2  52.0  408
2  48.0  419
2  65.0  280
2  23.0  424
2  64.0  257
2  67.0  413
2  56.0  438
2  49.0  281
2  22.0  521
2  68.0  342
2  58.0  271
2  38.0  360
2  50.0  457
2  35.0  585
2  26.0  337
2  49.0  472
2  68.0  266
2  57.0  340
2  19.0  703
2  33.0  312
2  50.0  336
2  75.0  278
2  88.0  242
2  41.0  248
2  65.0  310
2  39.0  231
2  43.0  406
2  31.0  444
2  27.0  466
2  60.0  300
2  43.0  467
2  72.0  363
2  43.0  435
2  39.0  471
2  12.0  587
2  34.0  246
2  22.0  346
2  66.0  300
2  37.0  333
2  19.0  332
2  57.0  462
2  51.0  388
2  63.0  391
2  53.0  282
2  16.0  431
2  35.0  325
2  58.0  377
2  88.0  293
2  55.0  450
2  46.0  469
2  27.0  581
2  47.0  488
2  15.0  457
2  31.0  485
2  63.0  264
2  49.0  444
2  61.0  437
2  68.0  318
2  52.0  469
2  27.0  395
2  66.0  282
2  48.0  540
2  46.0  281
2  49.0  461
2  76.0  323
2  40.0  317
2  56.0  438
2  68.0  285
2  59.0  352
2  49.0  159
2  34.0  395
2  73.0  385
2  35.0  318
2  69.0  283
2  61.0  355
2  77.0  344
2  19.0  479
2  58.0  392
2  21.0  279
2  14.0  220
2  33.0  497
2  56.0  372
2  25.0  203
2  71.0  391
2  35.0  511
2  70.0  368
2  54.0  350
2  38.0  477
2  53.0  401
3  49.0  526
3  53.0  390
3  63.0  252
3  43.0  418
3  8.0  244
3  57.0  379
3  26.0  242
3  45.0  372
3  71.0  246
3  55.0  355
3  56.0  402
3  28.0  417
3  45.0  316
3  67.0  446
3  57.0  426
3  52.0  397
3  61.0  432
3  68.0  385
3  62.0  506
3  61.0  374
3  67.0  259
3  70.0  354
3  68.0  364
3  32.0  490
3  60.0  382
3  65.0  370
3  50.0  457
3  62.0  396
3  14.0  363
3  70.0  401
3  75.0  439
3  29.0  327
3  68.0  469
3  61.0  464
3  56.0  347
3  57.0  425
3  37.0  422
3  63.0  382
3  52.0  318
3  36.0  349
3  36.0  281
3  56.0  251
3  54.0  356
3  35.0  379
3  31.0  591
3  47.0  382
3  44.0  208
3  38.0  361
3  43.0  415
3  36.0  627
3  38.0  542
3  67.0  437
3  51.0  425
3  37.0  273
3  71.0  378
3  29.0  275
3  26.0  336
3  57.0  391
3  28.0  333
3  46.0  387
3  18.0  267
3  47.0  380
3  60.0  365
3  55.0  298
3  24.0  301
3  65.0  416
3  44.0  350
3  35.0  254
3  81.0  310
3  20.0  219
3  60.0  341
3  38.0  440
3  69.0  304
3  57.0  310
3  42.0  372
3  24.0  545
3  67.0  313
3  49.0  582
3  32.0  300
3  8.0  185
3  28.0  293
3  47.0  444
3  77.0  318
3  67.0  378
3  63.0  325
3  75.0  386
3  51.0  397
3  74.0  360
3  27.0  415
3  62.0  247
3  52.0  437
3  47.0  504
3  62.0  439
3  30.0  320
3  30.0  398
3  83.0  306
3  54.0  416
3  38.0  549
3  22.0  453
3  26.0  303
4  70.0  376
4  52.0  436
4  48.0  548
4  57.0  374
4  34.0  275
4  12.0  192
4  50.0  477
4  38.0  376
4  45.0  465
4  57.0  377
4  62.0  353
4  31.0  209
4  66.0  363
4  64.0  413
4  50.0  365
4  52.0  441
4  39.0  459
4  82.0  340
4  52.0  331
4  13.0  228
4  54.0  443
4  55.0  329
4  52.0  469
4  28.0  240
4  41.0  434
4  49.0  557
4  65.0  397
4  41.0  412
4  38.0  317
4  59.0  420
4  21.0  302
4  49.0  217
4  55.0  335
4  35.0  316
4  15.0  355
4  36.0  374
4  28.0  410
4  45.0  348
4  62.0  484
4  40.0  423
4  39.0  300
4  26.0  457
4  49.0  480
4  45.0  366
4  56.0  360
4  66.0  379
4  53.0  425
4  46.0  338
4  45.0  440
4  32.0  400
4  42.0  460
4  17.0  312
4  64.0  329
4  21.0  491
4  46.0  307
4  44.0  331
4  63.0  443
4  23.0  296
4  57.0  471
4  49.0  515
4  47.0  249
4  42.0  371
4  32.0  506
4  90.0  275
4  74.0  293
4  43.0  416
4  1.0  253
4  53.0  433
4  47.0  312
4  54.0  302
4  54.0  482
4  8.0  329
4  36.0  301
4  49.0  321
4  69.0  422
4  45.0  463
4  33.0  396
4  41.0  232
4  37.0  372
4  27.0  534
4  51.0  292
4  38.0  379
4  48.0  363
4  60.0  218
4  55.0  409
4  67.0  365
4  53.0  455
4  61.0  416
4  50.0  299
4  55.0  453
4  68.0  268
4  39.0  411
4  18.0  350
4  55.0  425
4  65.0  494
4  44.0  338
4  39.0  366
4  66.0  398
4  60.0  364
4  62.0  358
5  57.0  423
5  47.0  360
5  45.0  391
5  28.0  546
5  38.0  339
5  46.0  489
5  85.0  260
5  44.0  177
5  51.0  380
5  16.0  323
5  47.0  299
5  20.0  427
5  35.0  392
5  39.0  314
5  56.0  400
5  22.0  325
5  59.0  420
5  27.0  345
5  44.0  253
5  44.0  300
5  42.0  318
5  50.0  395
5  31.0  545
5  86.0  279
5  30.0  442
5  26.0  273
5  36.0  477
5  44.0  397
5  30.0  394
5  54.0  333
5  60.0  276
5  58.0  375
5  73.0  365
5  53.0  424
5  70.0  333
5  60.0  406
5  42.0  514
5  62.0  416
5  33.0  488
5  27.0  501
5  46.0  460
5  38.0  373
5  78.0  319
5  50.0  470
5  40.0  360
5  53.0  292
5  66.0  406
5  70.0  337
5  76.0  273
5  47.0  414
5  42.0  589
5  44.0  397
5  71.0  303
5  36.0  282
5  50.0  443
5  52.0  419
5  60.0  296
5  75.0  354
5  37.0  371
5  61.0  297
5  22.0  202
5  60.0  359
5  68.0  266
5  50.0  338
5  61.0  363
5  56.0  379
5  47.0  476
5  45.0  400
5  51.0  295
5  45.0  356
5  60.0  367
5  51.0  469
5  28.0  258
5  21.0  579
5  77.0  331
5  44.0  449
5  63.0  390
5  61.0  382
5  69.0  424
5  54.0  453
5  38.0  392
5  64.0  357
5  15.0  355
5  75.0  317
5  27.0  422
5  61.0  396
5  26.0  401
5  56.0  487
5  47.0  223
5  52.0  343
5  71.0  350
5  69.0  299
5  37.0  211
5  58.0  387
5  42.0  341
5  86.0  304
5  20.0  536
5  14.0  312
5  70.0  287
5  52.0  419
6  66.0  357
6  61.0  502
6  59.0  367
6  28.0  546
6  42.0  340
6  31.0  380
6  78.0  226
6  38.0  419
6  53.0  467
6  32.0  462
6  53.0  292
6  51.0  353
6  61.0  399
6  42.0  343
6  53.0  351
6  47.0  329
6  17.0  259
6  49.0  322
6  27.0  657
6  60.0  419
6  58.0  291
6  42.0  398
6  40.0  524
6  38.0  421
6  32.0  364
6  53.0  385
6  65.0  310
6  74.0  374
6  67.0  334
6  35.0  373
6  50.0  409
6  66.0  359
6  50.0  490
6  73.0  346
6  35.0  272
6  57.0  393
6  48.0  315
6  51.0  374
6  25.0  406
6  49.0  240
6  60.0  404
6  76.0  274
6  43.0  406
6  43.0  272
6  69.0  292
6  49.0  349
6  43.0  340
6  65.0  296
6  64.0  419
6  72.0  326
6  68.0  194
6  30.0  460
6  72.0  328
6  38.0  356
6  49.0  435
6  95.0  146
6  43.0  480
6  56.0  356
6  20.0  620
6  84.0  344
6  60.0  336
6  57.0  403
6  76.0  295
6  59.0  304
6  63.0  438
6  74.0  354
6  54.0  321
6  68.0  336
6  63.0  353
6  68.0  418
6  40.0  380
6  37.0  446
6  65.0  347
6  48.0  347
6  31.0  369
6  67.0  336
6  62.0  310
6  44.0  373
6  46.0  314
6  35.0  301
6  82.0  230
6  79.0  325
6  67.0  353
6  20.0  492
6  53.0  358
6  90.0  240
6  39.0  437
6  47.0  438
6  38.0  296
6  54.0  344
6  53.0  478
6  82.0  317
6  44.0  321
6  57.0  496
6  59.0  406
6  62.0  408
6  72.0  356
6  10.0  257
6  42.0  482
6  37.0  431
7  34.0  503
7  63.0  404
7  31.0  251
7  54.0  410
7  34.0  383
7  39.0  626
7  15.0  352
7  74.0  410
7  47.0  436
7  65.0  276
7  42.0  421
7  56.0  328
7  26.0  151
7  72.0  324
7  68.0  392
7  59.0  179
7  36.0  437
7  66.0  304
7  53.0  501
7  50.0  467
7  58.0  427
7  37.0  381
7  43.0  509
7  72.0  223
7  29.0  320
7  17.0  220
7  57.0  273
7  74.0  401
7  71.0  375
7  47.0  352
7  52.0  402
7  51.0  314
7  54.0  320
7  54.0  416
7  42.0  515
7  37.0  408
7  48.0  495
7  27.0  384
7  58.0  337
7  53.0  461
7  53.0  336
7  38.0  426
7  51.0  282
7  38.0  376
7  56.0  384
7  83.0  342
7  27.0  485
7  41.0  371
7  44.0  219
7  50.0  523
7  30.0  379
7  46.0  453
7  50.0  374
7  46.0  567
7  66.0  216
7  35.0  371
7  28.0  479
7  41.0  408
7  76.0  377
7  80.0  353
7  67.0  358
7  74.0  328
7  54.0  503
7  50.0  337
7  75.0  257
7  49.0  379
7  12.0  331
7  49.0  405
7  59.0  386
7  52.0  279
7  52.0  409
7  76.0  371
7  63.0  537
7  35.0  599
7  27.0  338
7  55.0  376
7  58.0  420
7  51.0  513
7  45.0  311
7  21.0  368
7  54.0  491
7  38.0  370
7  50.0  422
7  66.0  439
7  50.0  476
7  92.0  268
7  58.0  435
7  75.0  247
7  52.0  379
7  16.0  360
7  14.0  309
7  52.0  354
7  53.0  436
7  42.0  530
7  35.0  297
7  38.0  535
7  43.0  439
7  48.0  341
7  23.0  255
7  44.0  357
8  52.0  436
8  63.0  306
8  52.0  364
8  56.0  208
8  48.0  136
8  55.0  223
8  47.0  271
8  49.0  413
8  34.0  403
8  67.0  401
8  48.0  303
8  48.0  343
8  66.0  354
8  64.0  402
8  39.0  354
8  41.0  424
8  27.0  408
8  54.0  439
8  67.0  353
8  36.0  464
8  67.0  388
8  28.0  500
8  26.0  419
8  35.0  443
8  37.0  429
8  48.0  524
8  86.0  283
8  46.0  520
8  47.0  458
8  53.0  318
8  46.0  258
8  58.0  445
8  70.0  376
8  54.0  417
8  38.0  579
8  31.0  431
8  82.0  271
8  54.0  327
8  82.0  319
8  46.0  360
8  28.0  275
8  63.0  373
8  23.0  325
8  45.0  437
8  68.0  445
8  35.0  337
8  24.0  240
8  49.0  194
8  51.0  266
8  75.0  316
8  39.0  556
8  45.0  454
8  73.0  322
8  64.0  240
8  54.0  410
8  43.0  542
8  68.0  239
8  43.0  228
8  75.0  338
8  70.0  368
8  49.0  501
8  30.0  475
8  58.0  370
8  55.0  488
8  67.0  388
8  44.0  271
8  17.0  423
8  62.0  378
8  28.0  414
8  58.0  485
8  64.0  369
8  57.0  336
8  73.0  342
8  61.0  411
8  50.0  425
8  18.0  345
8  28.0  384
8  16.0  184
8  29.0  452
8  42.0  429
8  70.0  352
8  55.0  503
8  62.0  414
8  35.0  390
8  50.0  492
8  54.0  355
8  59.0  361
8  80.0  268
8  72.0  404
8  39.0  439
8  56.0  334
8  55.0  358
8  65.0  271
8  41.0  579
8  52.0  329
8  63.0  390
8  60.0  381
8  61.0  343
8  38.0  427
8  71.0  299
9  30.0  420
9  57.0  349
9  54.0  320
9  32.0  313
9  64.0  438
9  43.0  377
9  67.0  402
9  62.0  455
9  38.0  483
9  52.0  401
9  44.0  606
9  38.0  409
9  54.0  374
9  48.0  463
9  51.0  234
9  28.0  328
9  39.0  425
9  70.0  325
9  83.0  315
9  51.0  314
9  83.0  281
9  45.0  545
9  75.0  348
9  80.0  308
9  71.0  374
9  45.0  481
9  82.0  243
9  65.0  319
9  63.0  243
9  49.0  438
9  68.0  429
9  67.0  389
9  43.0  394
9  62.0  231
9  35.0  419
9  17.0  657
9  41.0  461
9  27.0  327
9  57.0  434
9  75.0  334
9  62.0  334
9  51.0  276
9  49.0  452
9  77.0  208
9  76.0  310
9  30.0  412
9  42.0  460
9  66.0  416
9  22.0  426
9  34.0  326
9  45.0  360
9  62.0  380
9  33.0  373
9  47.0  502
9  10.0  165
9  68.0  392
9  58.0  326
9  29.0  496
9  64.0  225
9  44.0  462
9  48.0  422
9  38.0  450
9  34.0  287
9  56.0  535
9  58.0  328
9  55.0  377
9  38.0  368
9  37.0  277
9  61.0  268
9  41.0  482
9  47.0  480
9  20.0  343
9  81.0  326
9  60.0  299
9  46.0  446
9  50.0  256
9  63.0  383
9  58.0  492
9  65.0  426
9  49.0  379
9  52.0  344
9  26.0  605
9  72.0  326
9  33.0  415
9  49.0  389
9  56.0  402
9  72.0  562
9  63.0  350
9  64.0  419
9  35.0  350
9  52.0  239
9  58.0  558
9  54.0  361
9  47.0  458
9  43.0  351
9  61.0  370
9  57.0  244
9  56.0  269
9  45.0  597
9  30.0  396
10  59.0  324
10  72.0  363
10  62.0  289
10  58.0  279
10  51.0  356
10  57.0  510
10  50.0  599
10  29.0  287
10  71.0  270
10  25.0  547
10  67.0  450
10  52.0  459
10  29.0  428
10  49.0  323
10  19.0  513
10  56.0  367
10  27.0  398
10  41.0  436
10  60.0  386
10  56.0  349
10  58.0  380
10  67.0  272
10  48.0  259
10  80.0  366
10  29.0  113
10  29.0  468
10  39.0  541
10  58.0  321
10  65.0  387
10  30.0  262
10  39.0  405
10  79.0  301
10  33.0  330
10  50.0  390
10  57.0  424
10  44.0  454
10  28.0  385
10  58.0  383
10  47.0  377
10  65.0  390
10  29.0  247
10  40.0  304
10  33.0  395
10  21.0  232
10  51.0  436
10  50.0  334
10  61.0  349
10  67.0  378
10  74.0  307
10  32.0  576
10  64.0  265
10  41.0  602
10  39.0  343
10  55.0  393
10  45.0  341
10  53.0  582
10  46.0  450
10  33.0  550
10  79.0  240
10  63.0  394
10  30.0  417
10  63.0  433
10  33.0  628
10  44.0  287
10  58.0  330
10  40.0  248
10  53.0  261
10  76.0  352
10  67.0  333
10  48.0  537
10  54.0  430
10  46.0  498
10  20.0  492
10  49.0  530
10  59.0  317
10  26.0  460
10  73.0  334
10  48.0  432
10  62.0  249
10  68.0  461
10  52.0  215
10  53.0  325
10  51.0  370
10  43.0  450
10  25.0  296
10  82.0  325
10  83.0  302
10  18.0  371
10  37.0  437
10  73.0  233
10  52.0  396
10  94.0  242
10  66.0  393
10  40.0  348
10  34.0  517
10  39.0  477
10  62.0  273
10  77.0  304
10  70.0  401
10  55.0  171
11  64.0  420
11  68.0  397
11  52.0  551
11  35.0  385
11  77.0  290
11  54.0  311
11  33.0  394
11  56.0  464
11  13.0  255
11  63.0  412
11  29.0  203
11  47.0  315
11  63.0  326
11  37.0  627
11  32.0  381
11  26.0  261
11  27.0  161
11  57.0  442
11  79.0  242
11  45.0  387
11  58.0  165
11  62.0  466
11  43.0  377
11  68.0  344
11  77.0  379
11  55.0  292
11  55.0  387
11  45.0  344
11  63.0  357
11  50.0  479
11  52.0  333
11  75.0  291
11  94.0  239
11  58.0  366
11  42.0  322
11  64.0  385
11  79.0  282
11  63.0  309
11  44.0  532
11  79.0  271
11  28.0  608
11  31.0  475
11  52.0  348
11  61.0  388
11  38.0  339
11  80.0  303
11  76.0  333
11  51.0  214
11  43.0  416
11  58.0  364
11  70.0  347
11  46.0  443
11  51.0  320
11  37.0  504
11  61.0  229
11  87.0  265
11  82.0  203
11  50.0  350
11  41.0  507
11  42.0  419
11  65.0  388
11  33.0  495
11  44.0  364
11  23.0  459
11  90.0  283
11  75.0  262
11  29.0  442
11  22.0  393
11  72.0  422
11  80.0  314
11  47.0  435
11  43.0  376
11  41.0  593
11  61.0  432
11  42.0  554
11  59.0  338
11  41.0  387
11  23.0  445
11  71.0  275
11  26.0  377
11  37.0  547
11  62.0  341
11  20.0  413
11  38.0  378
11  54.0  310
11  69.0  327
11  42.0  242
11  50.0  354
11  32.0  471
11  68.0  334
11  45.0  415
11  41.0  427
11  67.0  397
11  32.0  450
11  57.0  392
11  44.0  481
11  68.0  326
11  44.0  369
11  52.0  254
11  64.0  328
12  54.0  464
12  32.0  304
12  22.0  602
12  47.0  380
12  53.0  372
12  52.0  421
12  53.0  224
12  75.0  364
12  44.0  472
12  40.0  304
12  35.0  437
12  35.0  417
12  26.0  470
12  52.0  398
12  54.0  442
12  56.0  470
12  54.0  238
12  27.0  472
12  66.0  416
12  53.0  446
12  53.0  388
12  44.0  435
12  47.0  280
12  38.0  298
12  47.0  369
12  63.0  359
12  17.0  468
12  48.0  202
12  56.0  419
12  74.0  355
12  50.0  362
12  43.0  440
12  62.0  331
12  42.0  317
12  84.0  268
12  83.0  309
12  60.0  407
12  54.0  502
12  56.0  381
12  70.0  275
12  54.0  298
12  42.0  503
12  48.0  358
12  38.0  609
12  59.0  387
12  32.0  445
12  60.0  433
12  78.0  303
12  28.0  486
12  42.0  438
12  53.0  317
12  85.0  228
12  82.0  315
12  43.0  299
12  63.0  292
12  65.0  303
12  39.0  399
12  58.0  436
12  67.0  438
12  41.0  215
12  70.0  303
12  62.0  174
12  72.0  363
12  19.0  353
12  82.0  316
12  31.0  443
12  47.0  392
12  49.0  490
12  46.0  239
12  49.0  450
12  33.0  329
12  48.0  228
12  52.0  367
12  40.0  319
12  60.0  381
12  62.0  348
12  53.0  328
12  62.0  332
12  41.0  334
12  60.0  443
12  41.0  154
12  64.0  212
12  37.0  277
12  65.0  315
12  65.0  399
12  38.0  446
12  66.0  344
12  31.0  264
12  57.0  347
12  37.0  386
12  26.0  731
12  40.0  338
12  51.0  292
12  63.0  355
12  66.0  374
12  62.0  308
12  40.0  404
12  29.0  499
12  66.0  364
12  72.0  385
13  25.0  323
13  47.0  311
13  64.0  316
13  50.0  353
13  63.0  448
13  25.0  509
13  63.0  334
13  54.0  411
13  67.0  263
13  35.0  253
13  39.0  457
13  73.0  309
13  44.0  407
13  39.0  558
13  50.0  414
13  67.0  357
13  67.0  286
13  81.0  311
13  52.0  440
13  44.0  441
13  46.0  356
13  32.0  194
13  61.0  421
13  41.0  336
13  66.0  339
13  43.0  473
13  37.0  421
13  56.0  288
13  55.0  438
13  39.0  423
13  49.0  318
13  55.0  547
13  40.0  560
13  50.0  356
13  52.0  318
13  77.0  345
13  43.0  330
13  49.0  321
13  45.0  409
13  72.0  374
13  58.0  530
13  79.0  325
13  57.0  364
13  53.0  273
13  64.0  336
13  44.0  524
13  62.0  300
13  47.0  436
13  71.0  307
13  50.0  471
13  84.0  259
13  41.0  511
13  36.0  221
13  46.0  519
13  63.0  275
13  48.0  609
13  30.0  507
13  19.0  571
13  22.0  370
13  49.0  294
13  76.0  285
13  57.0  439
13  43.0  433
13  63.0  255
13  44.0  412
13  47.0  515
13  35.0  349
13  59.0  308
13  66.0  315
13  54.0  342
13  56.0  329
13  66.0  398
13  60.0  360
13  55.0  292
13  54.0  173
13  45.0  266
13  64.0  399
13  38.0  473
13  70.0  245
13  42.0  428
13  49.0  382
13  67.0  376
13  47.0  541
13  31.0  550
13  31.0  384
13  63.0  355
13  53.0  311
13  68.0  320
13  48.0  338
13  61.0  372
13  56.0  384
13  57.0  293
13  76.0  415
13  67.0  448
13  75.0  371
13  43.0  476
13  48.0  241
13  39.0  437
13  60.0  422
13  45.0  455
14  64.0  363
14  43.0  374
14  53.0  556
14  56.0  490
14  64.0  384
14  64.0  369
14  76.0  338
14  74.0  290
14  61.0  399
14  55.0  467
14  43.0  164
14  51.0  367
14  77.0  269
14  41.0  216
14  50.0  338
14  70.0  363
14  42.0  531
14  48.0  225
14  80.0  334
14  20.0  244
14  18.0  527
14  58.0  327
14  43.0  495
14  37.0  160
14  46.0  442
14  80.0  287
14  71.0  263
14  61.0  375
14  70.0  383
14  54.0  350
14  59.0  369
14  40.0  358
14  56.0  378
14  33.0  357
14  65.0  433
14  58.0  330
14  47.0  411
14  61.0  415
14  50.0  391
14  90.0  215
14  48.0  418
14  61.0  423
14  62.0  449
14  30.0  339
14  50.0  171
14  42.0  463
14  67.0  417
14  59.0  433
14  54.0  273
14  77.0  291
14  31.0  666
14  39.0  354
14  59.0  273
14  41.0  249
14  67.0  456
14  58.0  312
14  41.0  384
14  16.0  474
14  31.0  508
14  83.0  283
14  32.0  343
14  64.0  362
14  26.0  382
14  47.0  487
14  28.0  520
14  50.0  405
14  52.0  447
14  59.0  384
14  52.0  381
14  32.0  311
14  55.0  440
14  68.0  374
14  55.0  462
14  46.0  415
14  40.0  522
14  56.0  272
14  84.0  200
14  61.0  343
14  40.0  449
14  60.0  429
14  60.0  400
14  16.0  325
14  83.0  293
14  39.0  226
14  27.0  312
14  54.0  456
14  58.0  502
14  59.0  358
14  40.0  233
14  58.0  365
14  71.0  371
14  44.0  529
14  29.0  408
14  26.0  541
14  36.0  308
14  62.0  400
14  68.0  356
14  61.0  359
14  51.0  468
14  53.0  492
15  51.0  511
15  61.0  424
15  75.0  341
15  57.0  456
15  38.0  437
15  60.0  382
15  26.0  148
15  39.0  232
15  53.0  274
15  56.0  375
15  62.0  264
15  98.0  218
15  41.0  455
15  78.0  193
15  46.0  517
15  32.0  307
15  75.0  298
15  80.0  254
15  48.0  311
15  55.0  348
15  66.0  311
15  69.0  227
15  70.0  271
15  66.0  222
15  71.0  293
15  90.0  273
15  80.0  328
15  66.0  270
15  71.0  326
15  47.0  259
15  38.0  396
15  59.0  439
15  23.0  282
15  70.0  375
15  67.0  258
15  38.0  431
15  40.0  359
15  52.0  507
15  74.0  330
15  28.0  534
15  56.0  345
15  81.0  295
15  60.0  414
15  66.0  283
15  74.0  300
15  70.0  362
15  42.0  570
15  25.0  224
15  67.0  365
15  44.0  393
15  54.0  359
15  23.0  469
15  43.0  449
15  56.0  490
15  68.0  337
15  58.0  476
15  34.0  529
15  27.0  302
15  57.0  428
15  29.0  445
15  69.0  442
15  70.0  335
15  50.0  286
15  31.0  280
15  66.0  223
15  53.0  403
15  76.0  343
15  60.0  253
15  52.0  337
15  34.0  350
15  45.0  348
15  62.0  402
15  74.0  392
15  36.0  358
15  9.0  398
15  66.0  205
15  67.0  299
15  52.0  323
15  27.0  249
15  54.0  386
15  46.0  389
15  60.0  413
15  48.0  186
15  37.0  475
15  66.0  318
15  63.0  208
15  44.0  407
15  66.0  371
15  51.0  457
15  63.0  401
15  19.0  273
15  69.0  345
15  65.0  198
15  74.0  327
15  72.0  392
15  81.0  385
15  33.0  334
15  38.0  222
15  62.0  336
15  45.0  357
16  59.0  372
16  60.0  304
16  73.0  349
16  56.0  292
16  46.0  419
16  22.0  567
16  53.0  422
16  45.0  301
16  49.0  577
16  59.0  289
16  60.0  259
16  45.0  432
16  91.0  283
16  60.0  440
16  31.0  484
16  68.0  323
16  65.0  457
16  73.0  331
16  45.0  424
16  67.0  351
16  55.0  393
16  71.0  306
16  75.0  359
16  54.0  424
16  43.0  222
16  66.0  317
16  73.0  427
16  51.0  256
16  47.0  436
16  70.0  381
16  48.0  459
16  62.0  251
16  56.0  380
16  64.0  296
16  62.0  372
16  50.0  323
16  47.0  538
16  71.0  286
16  53.0  451
16  45.0  150
16  40.0  391
16  36.0  212
16  65.0  367
16  49.0  388
16  76.0  338
16  58.0  341
16  27.0  434
16  91.0  210
16  34.0  235
16  72.0  399
16  71.0  395
16  54.0  422
16  21.0  579
16  46.0  519
16  50.0  330
16  53.0  320
16  21.0  302
16  56.0  408
16  80.0  298
16  36.0  480
16  56.0  344
16  62.0  430
16  57.0  404
16  55.0  341
16  49.0  269
16  59.0  348
16  74.0  252
16  68.0  345
16  77.0  275
16  77.0  346
16  51.0  281
16  55.0  360
16  67.0  326
16  40.0  360
16  74.0  169
16  50.0  391
16  32.0  417
16  50.0  506
16  52.0  481
16  47.0  375
16  46.0  511
16  34.0  333
16  44.0  359
16  54.0  476
16  62.0  125
16  47.0  271
16  80.0  310
16  77.0  318
16  43.0  387
16  68.0  316
16  69.0  368
16  37.0  372
16  32.0  338
16  45.0  371
16  49.0  337
16  63.0  370
16  51.0  607
16  48.0  625
16  79.0  268
16  31.0  475
17  64.0  410
17  25.0  378
17  46.0  360
17  43.0  235
17  29.0  435
17  40.0  460
17  47.0  367
17  60.0  391
17  61.0  337
17  51.0  130
17  73.0  353
17  36.0  434
17  49.0  342
17  61.0  304
17  55.0  230
17  35.0  210
17  64.0  461
17  61.0  308
17  42.0  327
17  70.0  444
17  66.0  334
17  56.0  463
17  67.0  303
17  65.0  486
17  65.0  322
17  49.0  424
17  21.0  453
17  56.0  472
17  6.0  405
17  69.0  330
17  53.0  398
17  52.0  346
17  59.0  391
17  82.0  288
17  55.0  423
17  56.0  366
17  44.0  447
17  43.0  455
17  43.0  549
17  61.0  428
17  61.0  358
17  52.0  367
17  60.0  393
17  56.0  263
17  54.0  443
17  67.0  372
17  68.0  368
17  34.0  392
17  73.0  395
17  65.0  304
17  76.0  177
17  39.0  243
17  82.0  290
17  71.0  254
17  44.0  496
17  70.0  382
17  39.0  320
17  27.0  539
17  52.0  449
17  83.0  300
17  62.0  322
17  63.0  376
17  40.0  521
17  58.0  416
17  35.0  521
17  82.0  358
17  64.0  348
17  27.0  575
17  53.0  447
17  66.0  346
17  68.0  389
17  77.0  280
17  40.0  406
17  73.0  306
17  64.0  391
17  52.0  355
17  65.0  368
17  58.0  355
17  32.0  275
17  39.0  425
17  11.0  454
17  23.0  394
17  43.0  280
17  66.0  380
17  73.0  370
17  59.0  289
17  66.0  207
17  76.0  344
17  59.0  311
17  58.0  310
17  26.0  541
17  86.0  255
17  54.0  374
17  42.0  225
17  60.0  222
17  53.0  581
17  66.0  359
17  47.0  430
17  42.0  530
17  38.0  355
18  76.0  327
18  58.0  339
18  76.0  281
18  72.0  142
18  42.0  393
18  82.0  259
18  32.0  299
18  84.0  299
18  66.0  315
18  75.0  323
18  41.0  458
18  58.0  462
18  57.0  368
18  60.0  399
18  62.0  414
18  57.0  149
18  31.0  286
18  42.0  350
18  77.0  116
18  57.0  393
18  69.0  289
18  43.0  413
18  70.0  182
18  77.0  248
18  24.0  325
18  41.0  229
18  36.0  384
18  59.0  310
18  56.0  345
18  41.0  335
18  93.0  260
18  55.0  342
18  61.0  443
18  37.0  297
18  78.0  318
18  73.0  343
18  58.0  355
18  53.0  446
18  42.0  448
18  72.0  359
18  67.0  507
18  46.0  282
18  53.0  358
18  69.0  364
18  30.0  490
18  48.0  414
18  25.0  357
18  55.0  398
18  46.0  320
18  54.0  479
18  62.0  371
18  49.0  415
18  39.0  411
18  27.0  256
18  50.0  335
18  80.0  261
18  6.0  191
18  59.0  265
18  67.0  404
18  77.0  311
18  61.0  464
18  52.0  323
18  40.0  186
18  64.0  406
18  45.0  422
18  73.0  330
18  42.0  308
18  33.0  377
18  66.0  295
18  67.0  363
18  71.0  400
18  56.0  253
18  68.0  349
18  71.0  365
18  78.0  352
18  56.0  363
18  38.0  337
18  26.0  365
18  72.0  287
18  70.0  218
18  60.0  422
18  40.0  443
18  53.0  479
18  61.0  390
18  64.0  282
18  50.0  338
18  63.0  134
18  47.0  336
18  63.0  362
18  61.0  426
18  12.0  469
18  42.0  501
18  68.0  392
18  52.0  275
18  71.0  181
18  76.0  216
18  58.0  435
18  61.0  279
18  88.0  261
18  58.0  304
19  50.0  195
19  43.0  449
19  46.0  501
19  73.0  248
19  30.0  395
19  43.0  499
19  52.0  337
19  81.0  192
19  75.0  380
19  82.0  285
19  62.0  357
19  28.0  567
19  79.0  264
19  68.0  413
19  40.0  549
19  78.0  223
19  49.0  182
19  65.0  428
19  67.0  262
19  72.0  309
19  59.0  409
19  36.0  462
19  59.0  388
19  58.0  399
19  40.0  385
19  57.0  354
19  50.0  352
19  48.0  311
19  51.0  496
19  64.0  359
19  77.0  246
19  48.0  290
19  60.0  263
19  83.0  337
19  54.0  337
19  56.0  478
19  25.0  349
19  68.0  205
19  60.0  464
19  63.0  252
19  61.0  228
19  85.0  180
19  49.0  360
19  45.0  315
19  67.0  302
19  71.0  324
19  35.0  227
19  39.0  384
19  63.0  491
19  17.0  500
19  48.0  493
19  65.0  462
19  29.0  482
19  57.0  507
19  31.0  477
19  26.0  480
19  65.0  387
19  67.0  403
19  67.0  420
19  69.0  410
19  53.0  430
19  51.0  428
19  63.0  510
19  69.0  368
19  27.0  477
19  16.0  342
19  35.0  584
19  65.0  426
19  50.0  275
19  98.0  159
19  30.0  528
19  37.0  473
19  74.0  351
19  63.0  137
19  48.0  369
19  56.0  359
19  85.0  247
19  71.0  341
19  37.0  576
19  60.0  240
19  66.0  375
19  58.0  294
19  70.0  241
19  73.0  306
19  80.0  299
19  61.0  371
19  47.0  343
19  25.0  433
19  49.0  304
19  82.0  284
19  40.0  418
19  60.0  433
19  39.0  444
19  56.0  399
19  53.0  461
19  54.0  395
19  54.0  308
19  79.0  365
19  49.0  502
19  52.0  215
20  25.0  331
20  32.0  264
20  56.0  449
20  65.0  350
20  92.0  250
20  55.0  495
20  70.0  350
20  47.0  430
20  41.0  321
20  73.0  325
20  42.0  436
20  79.0  348
20  58.0  493
20  74.0  297
20  44.0  374
20  44.0  340
20  70.0  412
20  58.0  518
20  48.0  350
20  52.0  389
20  55.0  426
20  42.0  395
20  65.0  343
20  30.0  344
20  53.0  358
20  54.0  503
20  43.0  374
20  57.0  381
20  68.0  298
20  72.0  338
20  51.0  397
20  44.0  231
20  68.0  349
20  41.0  577
20  42.0  394
20  35.0  452
20  77.0  195
20  63.0  194
20  50.0  424
20  33.0  525
20  55.0  438
20  68.0  332
20  37.0  323
20  52.0  406
20  50.0  169
20  25.0  423
20  72.0  368
20  78.0  331
20  59.0  391
20  77.0  289
20  54.0  395
20  58.0  311
20  64.0  354
20  62.0  308
20  50.0  535
20  67.0  404
20  48.0  512
20  50.0  462
20  53.0  337
20  51.0  418
20  74.0  313
20  43.0  365
20  62.0  347
20  38.0  428
20  39.0  470
20  76.0  351
20  79.0  308
20  57.0  401
20  31.0  339
20  31.0  562
20  48.0  420
20  61.0  298
20  45.0  490
20  74.0  298
20  59.0  415
20  40.0  318
20  98.0  165
20  48.0  414
20  70.0  379
20  49.0  287
20  86.0  261
20  48.0  325
20  49.0  386
20  38.0  392
20  50.0  313
20  62.0  464
20  45.0  286
20  56.0  294
20  69.0  179
20  63.0  393
20  38.0  492
20  63.0  195
20  51.0  364
20  47.0  398
20  41.0  307
20  52.0  364
20  49.0  297
20  25.0  354
20  49.0  206
20  63.0  329
