 0   0.0%  0    10000.000000
 1   0.0%  1    10000.000000
 2   8.0%  2     9224.000000
 3  43.0%  3     5743.000000
 4  25.0%  4     7549.000000
 5   2.0%  5     9806.000000
 6   5.0%  6     9599.000000
 7  35.0%  7     6571.000000
 8   0.0%  8    10000.000000
 9   6.0%  9     9415.000000
10   3.0% 10     9709.000000
11  34.0% 11     6696.000000
12  33.0% 12     6715.000000
13  61.0% 13     3947.000000
14 100.0% 14       13.000000
15  94.0% 15      606.000000
16  79.0% 16     2136.000000
17  32.0% 17     6828.000000
18  66.0% 18     3408.000000
19  62.0% 19     3876.000000
20  52.0% 20     4827.000000
