1  98.0  15.0
2  64.0  246.0
3  80.0  217.0
4  34.0  410.0
5  47.0  395.0
6  49.0  442.0
7  49.0  364.0
1  27.0  378.0
2  94.0  75.0
3  31.0  277.0
4  49.0  306.0
5  46.0  489.0
6  38.0  443.0
7  66.0  282.0
1  89.0  117.0
2  45.0  607.0
3  45.0  270.0
4  89.0  145.0
5  77.0  182.0
6  16.0  377.0
7  52.0  436.0
1  95.0  136.0
2  67.0  211.0
3  52.0  408.0
4  41.0  421.0
5  35.0  311.0
6  41.0  469.0
7  36.0  429.0
1  79.0  352.0
2  73.0  315.0
3  74.0  261.0
4  50.0  383.0
5  49.0  266.0
6  70.0  326.0
7  44.0  414.0
1  91.0  109.0
2  94.0  122.0
3  59.0  240.0
4  44.0  219.0
5  35.0  472.0
6  55.0  367.0
7  43.0  419.0
1  18.0  343.0
2  37.0  458.0
3  75.0  161.0
4  44.0  373.0
5  45.0  499.0
6  65.0  334.0
7  40.0  418.0
1  45.0  452.0
2  62.0  135.0
3  64.0  232.0
4  39.0  308.0
5  36.0  380.0
6  59.0  285.0
7  37.0  409.0
1  97.0  52.0
2  84.0  90.0
3  45.0  302.0
4  31.0  400.0
5  68.0  411.0
6  34.0  271.0
7  42.0  402.0
1  90.0  75.0
2  63.0  291.0
3  40.0  270.0
4  54.0  306.0
5  62.0  328.0
6  91.0  143.0
7  63.0  268.0
1  74.0  266.0
2  39.0  565.0
3  41.0  408.0
4  41.0  226.0
5  49.0  429.0
6  38.0  172.0
7  58.0  374.0
1  83.0  63.0
2  78.0  130.0
3  84.0  144.0
4  82.0  178.0
5  46.0  396.0
6  54.0  530.0
7  53.0  399.0
1  71.0  286.0
2  74.0  167.0
3  88.0  176.0
4  31.0  485.0
5  41.0  491.0
6  68.0  325.0
7  55.0  409.0
1  96.0  27.0
2  49.0  502.0
3  71.0  272.0
4  46.0  259.0
5  36.0  374.0
6  26.0  373.0
7  32.0  513.0
1  98.0  27.0
2  80.0  158.0
3  45.0  431.0
4  54.0  483.0
5  79.0  215.0
6  40.0  424.0
7  31.0  467.0
1  90.0  69.0
2  53.0  353.0
3  59.0  346.0
4  70.0  305.0
5  67.0  321.0
6  45.0  531.0
7  35.0  440.0
1  82.0  175.0
2  80.0  160.0
3  83.0  208.0
4  43.0  212.0
5  88.0  282.0
6  39.0  208.0
7  41.0  442.0
1  70.0  114.0
2  55.0  366.0
3  61.0  169.0
4  81.0  125.0
5  80.0  165.0
6  74.0  193.0
7  42.0  426.0
1  93.0  272.0
2  72.0  176.0
3  68.0  274.0
4  74.0  247.0
5  32.0  521.0
6  73.0  335.0
7  64.0  387.0
1  98.0  31.0
2  69.0  214.0
3  86.0  129.0
4  63.0  310.0
5  38.0  348.0
6  51.0  510.0
7  46.0  503.0
1  72.0  371.0
2  67.0  253.0
3  23.0  323.0
4  30.0  251.0
5  62.0  488.0
6  43.0  367.0
7  71.0  209.0
1  64.0  362.0
2  77.0  198.0
3  67.0  200.0
4  44.0  481.0
5  50.0  335.0
6  66.0  222.0
7  30.0  482.0
1  96.0  21.0
2  23.0  329.0
3  48.0  323.0
4  44.0  230.0
5  81.0  138.0
6  75.0  159.0
7  40.0  503.0
1  96.0  48.0
2  39.0  351.0
3  29.0  440.0
4  35.0  348.0
5  33.0  306.0
6  30.0  460.0
7  52.0  436.0
1  45.0  404.0
2  86.0  134.0
3  65.0  242.0
4  65.0  373.0
5  96.0  49.0
6  64.0  396.0
7  76.0  121.0
1  37.0  460.0
2  25.0  159.0
3  62.0  401.0
4  76.0  165.0
5  57.0  410.0
6  49.0  382.0
7  37.0  394.0
1  84.0  211.0
2  93.0  111.0
3  64.0  410.0
4  49.0  351.0
5  43.0  253.0
6  33.0  464.0
7  36.0  444.0
1  91.0  150.0
2  72.0  219.0
3  36.0  323.0
4  39.0  324.0
5  98.0  4.0
6  66.0  437.0
7  77.0  335.0
1  89.0  213.0
2  95.0  57.0
3  34.0  400.0
4  32.0  284.0
5  58.0  387.0
6  88.0  115.0
7  72.0  146.0
1  69.0  202.0
2  58.0  266.0
3  40.0  429.0
4  49.0  539.0
5  46.0  399.0
6  42.0  316.0
7  55.0  228.0
1  85.0  219.0
2  39.0  383.0
3  85.0  175.0
4  67.0  260.0
5  62.0  370.0
6  86.0  148.0
7  40.0  433.0
1  70.0  300.0
2  79.0  314.0
3  66.0  340.0
4  58.0  219.0
5  61.0  316.0
6  46.0  376.0
7  59.0  351.0
1  80.0  204.0
2  64.0  264.0
3  67.0  357.0
4  55.0  349.0
5  39.0  306.0
6  54.0  198.0
7  73.0  359.0
1  97.0  78.0
2  64.0  179.0
3  68.0  212.0
4  17.0  272.0
5  98.0  30.0
6  27.0  262.0
7  55.0  394.0
1  98.0  46.0
2  68.0  274.0
3  80.0  191.0
4  45.0  423.0
5  54.0  274.0
6  35.0  472.0
7  22.0  395.0
1  98.0  25.0
2  98.0  27.0
3  59.0  283.0
4  65.0  309.0
5  51.0  350.0
6  85.0  95.0
7  27.0  415.0
1  42.0  246.0
2  56.0  322.0
3  53.0  241.0
4  78.0  95.0
5  58.0  229.0
6  33.0  289.0
7  51.0  427.0
1  84.0  148.0
2  54.0  230.0
3  61.0  334.0
4  51.0  387.0
5  42.0  591.0
6  65.0  74.0
7  4.0  321.0
1  83.0  178.0
2  92.0  127.0
3  55.0  417.0
4  39.0  288.0
5  79.0  232.0
6  51.0  398.0
7  40.0  573.0
1  55.0  345.0
2  62.0  422.0
3  28.0  407.0
4  35.0  385.0
5  61.0  362.0
6  47.0  313.0
7  58.0  369.0
1  95.0  60.0
2  36.0  364.0
3  66.0  389.0
4  82.0  194.0
5  90.0  90.0
6  27.0  425.0
7  62.0  267.0
1  94.0  68.0
2  94.0  22.0
3  80.0  324.0
4  64.0  385.0
5  37.0  280.0
6  78.0  235.0
7  38.0  411.0
1  98.0  15.0
2  91.0  171.0
3  62.0  240.0
4  66.0  323.0
5  43.0  430.0
6  36.0  359.0
7  52.0  497.0
1  81.0  219.0
2  89.0  101.0
3  40.0  234.0
4  70.0  325.0
5  98.0  13.0
6  48.0  283.0
7  34.0  502.0
1  69.0  217.0
2  38.0  421.0
3  53.0  260.0
4  41.0  339.0
5  47.0  338.0
6  34.0  422.0
7  49.0  412.0
1  98.0  22.0
2  70.0  272.0
3  28.0  347.0
4  45.0  416.0
5  38.0  415.0
6  77.0  150.0
7  36.0  352.0
1  86.0  165.0
2  79.0  163.0
3  49.0  277.0
4  39.0  340.0
5  24.0  358.0
6  43.0  479.0
7  39.0  337.0
1  84.0  172.0
2  67.0  392.0
3  44.0  201.0
4  30.0  177.0
5  50.0  482.0
6  42.0  364.0
7  29.0  361.0
1  67.0  385.0
2  79.0  223.0
3  49.0  338.0
4  48.0  399.0
5  81.0  222.0
6  39.0  425.0
7  55.0  475.0
1  92.0  210.0
2  64.0  310.0
3  62.0  267.0
4  53.0  449.0
5  41.0  372.0
6  62.0  329.0
7  65.0  449.0
1  91.0  234.0
2  40.0  328.0
3  62.0  392.0
4  51.0  208.0
5  47.0  346.0
6  58.0  313.0
7  92.0  67.0
1  94.0  73.0
2  53.0  471.0
3  29.0  284.0
4  74.0  302.0
5  72.0  390.0
6  64.0  194.0
7  85.0  147.0
1  74.0  175.0
2  67.0  292.0
3  43.0  234.0
4  84.0  184.0
5  26.0  280.0
6  40.0  398.0
7  44.0  335.0
1  70.0  50.0
2  45.0  414.0
3  34.0  381.0
4  53.0  269.0
5  76.0  266.0
6  54.0  521.0
7  38.0  467.0
1  41.0  264.0
2  89.0  126.0
3  51.0  320.0
4  77.0  284.0
5  45.0  450.0
6  42.0  507.0
7  62.0  376.0
1  98.0  52.0
2  76.0  152.0
3  48.0  340.0
4  41.0  440.0
5  78.0  231.0
6  35.0  323.0
7  58.0  344.0
1  88.0  213.0
2  75.0  217.0
3  90.0  123.0
4  68.0  252.0
5  49.0  352.0
6  50.0  539.0
7  93.0  78.0
1  89.0  97.0
2  91.0  73.0
3  36.0  392.0
4  64.0  319.0
5  55.0  395.0
6  53.0  400.0
7  30.0  461.0
1  79.0  153.0
2  81.0  106.0
3  53.0  337.0
4  60.0  481.0
5  56.0  370.0
6  56.0  393.0
7  31.0  422.0
1  58.0  275.0
2  86.0  222.0
3  89.0  7.0
4  63.0  211.0
5  45.0  441.0
6  57.0  474.0
7  19.0  429.0
1  98.0  15.0
2  77.0  270.0
3  55.0  340.0
4  54.0  335.0
5  63.0  350.0
6  40.0  400.0
7  74.0  231.0
1  78.0  312.0
2  62.0  264.0
3  55.0  442.0
4  71.0  157.0
5  20.0  387.0
6  31.0  378.0
7  27.0  398.0
1  84.0  177.0
2  65.0  251.0
3  50.0  282.0
4  66.0  174.0
5  28.0  301.0
6  86.0  193.0
7  53.0  345.0
1  40.0  282.0
2  96.0  33.0
3  46.0  100.0
4  44.0  406.0
5  61.0  369.0
6  43.0  338.0
7  42.0  497.0
1  63.0  191.0
2  66.0  228.0
3  70.0  279.0
4  50.0  348.0
5  59.0  266.0
6  64.0  347.0
7  67.0  292.0
1  98.0  18.0
2  75.0  247.0
3  46.0  191.0
4  57.0  382.0
5  52.0  425.0
6  29.0  507.0
7  43.0  414.0
1  81.0  251.0
2  32.0  414.0
3  50.0  465.0
4  95.0  83.0
5  68.0  281.0
6  19.0  328.0
7  60.0  333.0
1  45.0  320.0
2  98.0  17.0
3  33.0  219.0
4  58.0  331.0
5  84.0  226.0
6  96.0  26.0
7  30.0  388.0
1  85.0  85.0
2  72.0  146.0
3  15.0  256.0
4  42.0  379.0
5  73.0  182.0
6  50.0  415.0
7  70.0  155.0
1  67.0  161.0
2  50.0  369.0
3  94.0  66.0
4  69.0  311.0
5  52.0  402.0
6  34.0  530.0
7  34.0  558.0
1  96.0  43.0
2  92.0  103.0
3  80.0  153.0
4  47.0  281.0
5  66.0  328.0
6  56.0  440.0
7  49.0  233.0
1  63.0  285.0
2  43.0  318.0
3  78.0  271.0
4  45.0  273.0
5  32.0  546.0
6  37.0  391.0
7  29.0  456.0
1  81.0  218.0
2  78.0  148.0
3  96.0  57.0
4  27.0  385.0
5  29.0  362.0
6  29.0  457.0
7  62.0  249.0
1  44.0  540.0
2  61.0  359.0
3  48.0  345.0
4  60.0  332.0
5  59.0  244.0
6  41.0  360.0
7  52.0  488.0
1  93.0  107.0
2  88.0  114.0
3  45.0  434.0
4  57.0  427.0
5  51.0  459.0
6  74.0  237.0
7  41.0  398.0
1  56.0  265.0
2  28.0  193.0
3  59.0  149.0
4  67.0  194.0
5  68.0  291.0
6  67.0  296.0
7  36.0  507.0
1  78.0  284.0
2  80.0  232.0
3  68.0  146.0
4  4.0  221.0
5  45.0  546.0
6  57.0  423.0
7  34.0  575.0
1  73.0  313.0
2  67.0  284.0
3  50.0  344.0
4  65.0  380.0
5  60.0  306.0
6  32.0  429.0
7  53.0  332.0
1  36.0  287.0
2  79.0  170.0
3  73.0  306.0
4  50.0  341.0
5  75.0  108.0
6  32.0  318.0
7  43.0  372.0
1  97.0  46.0
2  82.0  235.0
3  95.0  97.0
4  51.0  224.0
5  59.0  370.0
6  79.0  198.0
7  38.0  295.0
1  97.0  118.0
2  47.0  356.0
3  72.0  276.0
4  61.0  318.0
5  67.0  415.0
6  38.0  215.0
7  53.0  339.0
1  30.0  210.0
2  83.0  191.0
3  48.0  351.0
4  60.0  262.0
5  52.0  423.0
6  42.0  319.0
7  39.0  293.0
1  62.0  151.0
2  60.0  243.0
3  36.0  445.0
4  43.0  490.0
5  31.0  351.0
6  31.0  413.0
7  43.0  281.0
1  67.0  181.0
2  55.0  269.0
3  67.0  329.0
4  41.0  397.0
5  59.0  303.0
6  26.0  321.0
7  35.0  476.0
1  98.0  24.0
2  65.0  188.0
3  58.0  427.0
4  80.0  166.0
5  37.0  396.0
6  45.0  373.0
7  66.0  221.0
1  56.0  181.0
2  92.0  118.0
3  61.0  330.0
4  64.0  410.0
5  71.0  273.0
6  53.0  345.0
7  36.0  395.0
1  74.0  154.0
2  92.0  84.0
3  84.0  152.0
4  68.0  360.0
5  27.0  351.0
6  31.0  255.0
7  72.0  295.0
1  80.0  71.0
2  69.0  293.0
3  59.0  407.0
4  41.0  246.0
5  43.0  362.0
6  50.0  335.0
7  37.0  528.0
1  95.0  78.0
2  46.0  402.0
3  19.0  542.0
4  60.0  373.0
5  74.0  123.0
6  77.0  162.0
7  33.0  427.0
1  98.0  19.0
2  79.0  185.0
3  75.0  247.0
4  46.0  296.0
5  48.0  334.0
6  45.0  349.0
7  66.0  372.0
1  49.0  217.0
2  92.0  85.0
3  53.0  296.0
4  47.0  277.0
5  49.0  247.0
6  46.0  420.0
7  48.0  298.0
1  78.0  291.0
2  73.0  222.0
3  85.0  261.0
4  35.0  386.0
5  31.0  410.0
6  70.0  273.0
7  29.0  364.0
1  98.0  6.0
2  62.0  310.0
3  36.0  367.0
4  67.0  377.0
5  46.0  463.0
6  43.0  488.0
7  35.0  260.0
1  94.0  42.0
2  83.0  238.0
3  18.0  184.0
4  90.0  102.0
5  57.0  418.0
6  35.0  507.0
7  37.0  357.0
1  74.0  243.0
2  57.0  209.0
3  86.0  273.0
4  61.0  389.0
5  47.0  349.0
6  65.0  460.0
7  43.0  442.0
1  91.0  82.0
2  29.0  376.0
3  64.0  410.0
4  29.0  408.0
5  51.0  404.0
6  47.0  398.0
7  31.0  374.0
1  61.0  404.0
2  76.0  184.0
3  72.0  342.0
4  56.0  173.0
5  63.0  282.0
6  49.0  370.0
7  42.0  268.0
1  98.0  27.0
2  82.0  272.0
3  72.0  333.0
4  30.0  296.0
5  34.0  227.0
6  59.0  262.0
7  68.0  232.0
1  96.0  47.0
2  83.0  293.0
3  76.0  409.0
4  51.0  224.0
5  73.0  329.0
6  81.0  193.0
7  61.0  465.0
1  77.0  121.0
2  79.0  45.0
3  59.0  360.0
4  73.0  291.0
5  61.0  388.0
6  43.0  261.0
7  50.0  373.0
