1  51.0  361
2  26.0  516
3  50.0  381
4  13.0  266
5  39.0  251
1  49.0  325
2  29.0  401
3  45.0  271
4  60.0  291
5  18.0  291
1  33.0  402
2  52.0  253
3  25.0  260
4  55.0  320
5  47.0  406
1  45.0  479
2  24.0  425
3  23.0  302
4  10.0  189
5  48.0  255
1  59.0  264
2  45.0  341
3  51.0  296
4  16.0  387
5  24.0  294
1  38.0  434
2  30.0  461
3  16.0  284
4  35.0  258
5  8.0  249
1  62.0  311
2  35.0  329
3  37.0  349
4  24.0  193
5  22.0  255
1  42.0  394
2  44.0  456
3  32.0  239
4  43.0  184
5  20.0  298
1  41.0  442
2  48.0  464
3  62.0  325
4  17.0  147
5  2.0  160
1  55.0  321
2  34.0  515
3  11.0  188
4  33.0  207
5  28.0  195
1  59.0  361
2  27.0  241
3  30.0  276
4  32.0  266
5  53.0  210
1  40.0  495
2  51.0  347
3  37.0  299
4  10.0  328
5  51.0  230
1  88.0  259
2  30.0  397
3  34.0  382
4  33.0  250
5  35.0  291
1  43.0  459
2  43.0  458
3  39.0  324
4  16.0  295
5  37.0  300
1  53.0  407
2  47.0  375
3  41.0  355
4  19.0  306
5  45.0  232
1  50.0  344
2  26.0  293
3  57.0  366
4  38.0  316
5  11.0  155
1  39.0  504
2  75.0  298
3  41.0  211
4  18.0  313
5  15.0  247
1  22.0  512
2  70.0  292
3  61.0  267
4  24.0  209
5  44.0  208
1  24.0  511
2  51.0  306
3  51.0  300
4  54.0  368
5  36.0  255
1  54.0  400
2  42.0  214
3  40.0  355
4  25.0  237
5  56.0  213
1  26.0  630
2  29.0  285
3  31.0  394
4  0.0  137
5  19.0  317
1  34.0  209
2  28.0  400
3  22.0  389
4  19.0  343
5  14.0  281
1  63.0  241
2  56.0  413
3  27.0  380
4  12.0  219
5  17.0  265
1  55.0  252
2  28.0  399
3  20.0  303
4  32.0  108
5  15.0  158
1  48.0  268
2  15.0  273
3  29.0  254
4  29.0  240
5  44.0  236
1  66.0  334
2  20.0  521
3  29.0  331
4  29.0  391
5  44.0  274
1  41.0  416
2  61.0  388
3  37.0  336
4  43.0  217
5  24.0  269
1  29.0  328
2  76.0  357
3  28.0  345
4  32.0  299
5  37.0  303
1  9.0  421
2  33.0  414
3  48.0  275
4  13.0  285
5  45.0  290
1  55.0  382
2  62.0  420
3  31.0  444
4  12.0  303
5  14.0  222
1  68.0  329
2  22.0  197
3  37.0  253
4  41.0  381
5  18.0  256
1  32.0  432
2  28.0  297
3  36.0  414
4  43.0  296
5  35.0  237
1  14.0  502
2  36.0  397
3  24.0  79
4  22.0  280
5  35.0  445
1  39.0  426
2  29.0  203
3  51.0  455
4  48.0  399
5  15.0  271
1  29.0  359
2  22.0  371
3  1.0  221
4  12.0  292
5  42.0  180
1  68.0  328
2  24.0  331
3  10.0  442
4  22.0  185
5  3.0  175
1  50.0  358
2  56.0  380
3  53.0  373
4  7.0  115
5  23.0  429
1  35.0  501
2  45.0  401
3  2.0  383
4  34.0  190
5  30.0  230
1  68.0  358
2  0.0  441
3  22.0  338
4  41.0  279
5  42.0  349
1  40.0  424
2  58.0  351
3  32.0  348
4  33.0  260
5  14.0  234
1  66.0  278
2  51.0  281
3  38.0  218
4  65.0  323
5  29.0  288
1  58.0  279
2  27.0  620
3  31.0  261
4  41.0  175
5  44.0  319
1  71.0  250
2  57.0  413
3  37.0  317
4  38.0  231
5  35.0  221
1  54.0  373
2  51.0  262
3  59.0  383
4  62.0  357
5  17.0  294
1  52.0  346
2  20.0  312
3  5.0  377
4  23.0  331
5  6.0  252
1  64.0  295
2  18.0  354
3  27.0  361
4  34.0  252
5  28.0  285
1  27.0  432
2  43.0  423
3  48.0  333
4  35.0  353
5  25.0  270
1  44.0  453
2  47.0  354
3  54.0  255
4  40.0  325
5  19.0  289
1  48.0  221
2  33.0  290
3  42.0  420
4  34.0  289
5  23.0  294
1  47.0  263
2  37.0  323
3  12.0  361
4  28.0  219
5  3.0  225
1  51.0  206
2  20.0  199
3  60.0  463
4  37.0  310
5  27.0  286
1  62.0  362
2  36.0  341
3  53.0  284
4  41.0  235
5  26.0  190
1  55.0  396
2  34.0  255
3  26.0  341
4  26.0  157
5  47.0  373
1  31.0  472
2  56.0  394
3  31.0  331
4  15.0  443
5  11.0  303
1  66.0  292
2  69.0  419
3  12.0  247
4  59.0  247
5  40.0  305
1  34.0  471
2  52.0  442
3  54.0  352
4  15.0  113
5  48.0  330
1  41.0  448
2  20.0  335
3  12.0  272
4  34.0  329
5  34.0  378
1  50.0  377
2  38.0  486
3  36.0  364
4  19.0  320
5  28.0  308
1  55.0  374
2  37.0  513
3  22.0  349
4  43.0  349
5  33.0  181
1  24.0  253
2  46.0  306
3  25.0  435
4  42.0  355
5  21.0  191
1  40.0  357
2  52.0  438
3  39.0  350
4  58.0  334
5  27.0  411
1  38.0  496
2  53.0  376
3  0.0  165
4  31.0  228
5  21.0  212
1  41.0  321
2  45.0  269
3  37.0  269
4  44.0  299
5  31.0  373
1  22.0  515
2  49.0  374
3  22.0  334
4  47.0  216
5  35.0  232
1  37.0  407
2  23.0  358
3  35.0  277
4  37.0  299
5  64.0  278
1  48.0  329
2  33.0  357
3  28.0  290
4  17.0  270
5  0.0  426
1  32.0  425
2  44.0  278
3  34.0  310
4  67.0  230
5  36.0  404
1  37.0  322
2  40.0  365
3  14.0  231
4  37.0  152
5  40.0  339
1  22.0  440
2  34.0  424
3  33.0  354
4  26.0  453
5  67.0  260
1  47.0  298
2  33.0  469
3  44.0  298
4  11.0  243
5  25.0  295
1  48.0  412
2  4.0  288
3  27.0  358
4  19.0  151
5  25.0  299
1  24.0  463
2  12.0  391
3  21.0  377
4  9.0  275
5  19.0  220
1  48.0  325
2  28.0  293
3  38.0  439
4  27.0  398
5  53.0  169
1  24.0  329
2  27.0  220
3  24.0  221
4  10.0  267
5  30.0  264
1  24.0  227
2  21.0  232
3  20.0  357
4  38.0  465
5  84.0  263
1  88.0  246
2  36.0  354
3  30.0  389
4  7.0  262
5  23.0  231
1  42.0  457
2  19.0  296
3  25.0  276
4  38.0  209
5  15.0  348
1  63.0  368
2  54.0  389
3  24.0  360
4  15.0  190
5  35.0  248
1  46.0  420
2  22.0  400
3  49.0  391
4  17.0  300
5  21.0  359
1  48.0  328
2  61.0  383
3  49.0  259
4  36.0  264
5  49.0  291
1  27.0  405
2  25.0  358
3  21.0  213
4  20.0  302
5  5.0  133
1  51.0  527
2  52.0  415
3  31.0  203
4  28.0  121
5  41.0  209
1  65.0  324
2  23.0  158
3  53.0  251
4  13.0  311
5  2.0  241
1  81.0  314
2  36.0  295
3  16.0  269
4  17.0  238
5  21.0  179
1  56.0  387
2  25.0  444
3  55.0  213
4  31.0  275
5  63.0  279
1  59.0  391
2  13.0  446
3  33.0  330
4  10.0  207
5  72.0  257
1  50.0  387
2  61.0  313
3  23.0  314
4  44.0  378
5  15.0  206
1  53.0  431
2  62.0  424
3  46.0  426
4  32.0  327
5  27.0  191
1  43.0  290
2  39.0  381
3  36.0  344
4  9.0  352
5  13.0  161
1  43.0  488
2  43.0  240
3  8.0  262
4  3.0  346
5  58.0  333
1  41.0  441
2  75.0  343
3  31.0  368
4  34.0  389
5  46.0  192
1  40.0  286
2  74.0  380
3  66.0  285
4  31.0  245
5  19.0  336
1  48.0  236
2  34.0  244
3  42.0  307
4  26.0  176
5  36.0  362
1  41.0  432
2  17.0  321
3  65.0  256
4  21.0  328
5  35.0  176
1  58.0  314
2  36.0  414
3  22.0  223
4  45.0  415
5  50.0  299
1  50.0  382
2  2.0  191
3  50.0  360
4  20.0  213
5  45.0  305
1  24.0  412
2  46.0  403
3  17.0  425
4  30.0  241
5  0.0  211
1  65.0  351
2  58.0  251
3  43.0  406
4  37.0  101
5  10.0  221
1  53.0  386
2  54.0  403
3  36.0  287
4  34.0  261
5  35.0  269
1  25.0  514
2  57.0  378
3  45.0  401
4  23.0  381
5  14.0  359
