0  47.333333333333336  1081
1  27.0  657
2  49.666666666666664  938
3  44.666666666666664  1005
4  67.666666666666671  807
5  57.333333333333336  674
6  62.0  736
7  42.666666666666664  915
8  75.333333333333329  612
9  45.333333333333336  644
10  58.333333333333336  596
11  70.0  547
12  72.666666666666671  602
13  56.333333333333336  764
14  69.333333333333329  510
15  44.333333333333336  551
16  59.333333333333336  528
17  59.0  579
18  73.0  495
19  61.333333333333336  502
20  68.666666666666671  544
0  36.333333333333336  992
1  24.0  1057
2  41.333333333333336  680
3  56.666666666666664  821
4  72.0  619
5  65.666666666666671  688
6  48.666666666666664  925
7  52.0  527
8  64.333333333333329  586
9  63.0  676
10  49.333333333333336  631
11  75.666666666666671  557
12  76.333333333333329  645
13  63.0  481
14  68.0  562
15  77.666666666666671  390
16  75.333333333333329  676
17  63.0  672
18  75.333333333333329  474
19  58.0  592
20  91.666666666666671  234
0  39.0  844
1  41.0  783
2  42.333333333333336  978
3  46.0  687
4  42.666666666666664  976
5  46.0  831
6  69.0  626
7  71.333333333333329  876
8  64.0  724
9  55.333333333333336  515
10  30.666666666666668  626
11  54.0  666
12  53.0  796
13  68.333333333333329  578
14  51.666666666666664  771
15  84.666666666666671  379
16  69.666666666666671  417
17  75.0  469
18  78.0  368
19  75.333333333333329  531
20  78.666666666666671  433
0  45.666666666666664  756
1  61.666666666666664  905
2  53.333333333333336  755
3  52.666666666666664  763
4  44.0  741
5  48.666666666666664  846
6  62.666666666666664  862
7  43.0  943
8  52.0  813
9  64.333333333333329  608
10  55.333333333333336  648
11  81.666666666666671  368
12  77.333333333333329  371
13  67.0  523
14  60.0  729
15  59.666666666666664  370
16  58.333333333333336  588
17  67.0  408
18  83.0  287
19  64.333333333333329  422
20  80.333333333333329  142
0  49.666666666666664  1057
1  49.666666666666664  1183
2  55.0  946
3  39.333333333333336  702
4  48.666666666666664  666
5  54.333333333333336  728
6  79.666666666666671  544
7  54.666666666666664  713
8  57.333333333333336  655
9  66.0  479
10  54.333333333333336  536
11  46.0  826
12  59.666666666666664  631
13  64.0  405
14  83.666666666666671  325
15  50.333333333333336  711
16  70.333333333333329  567
17  71.666666666666671  609
18  55.333333333333336  610
19  69.0  492
20  75.0  399
0  41.333333333333336  869
1  32.0  1146
2  53.333333333333336  692
3  58.0  816
4  47.666666666666664  840
5  67.0  664
6  60.666666666666664  721
7  49.0  964
8  51.333333333333336  1015
9  55.333333333333336  747
10  74.0  646
11  55.0  835
12  74.333333333333329  518
13  50.333333333333336  536
14  58.333333333333336  705
15  74.0  494
16  74.666666666666671  489
17  59.333333333333336  545
18  56.0  501
19  69.0  411
20  77.333333333333329  327
0  43.0  981
1  60.333333333333336  904
2  53.333333333333336  1080
3  46.666666666666664  794
4  54.666666666666664  745
5  61.333333333333336  727
6  57.0  693
7  56.333333333333336  654
8  49.666666666666664  634
9  87.0  400
10  73.333333333333329  484
11  73.666666666666671  484
12  62.666666666666664  819
13  70.666666666666671  434
14  61.0  744
15  78.0  487
16  76.333333333333329  458
17  55.0  622
18  94.0  179
19  88.0  356
20  75.0  252
0  48.333333333333336  812
1  46.0  969
2  45.333333333333336  798
3  48.666666666666664  837
4  61.333333333333336  749
5  54.666666666666664  563
6  70.666666666666671  660
7  41.666666666666664  619
8  58.333333333333336  732
9  54.0  803
10  49.666666666666664  421
11  58.666666666666664  666
12  67.0  381
13  60.333333333333336  535
14  66.666666666666671  476
15  76.0  365
16  78.333333333333329  418
17  45.666666666666664  486
18  72.0  515
19  73.333333333333329  562
20  66.333333333333329  571
0  78.666666666666671  659
1  45.333333333333336  789
2  35.666666666666664  846
3  32.0  548
4  28.0  898
5  60.0  735
6  69.666666666666671  698
7  64.333333333333329  823
8  43.333333333333336  673
9  44.333333333333336  837
10  54.0  486
11  75.0  631
12  37.333333333333336  913
13  76.0  435
14  66.666666666666671  472
15  58.0  584
16  86.333333333333329  391
17  72.0  129
18  73.0  416
19  63.666666666666664  388
20  80.0  432
0  45.0  962
1  58.666666666666664  996
2  60.0  1019
3  43.666666666666664  1065
4  61.666666666666664  932
5  63.0  651
6  66.0  817
7  56.0  634
8  66.0  673
9  48.666666666666664  865
10  76.666666666666671  470
11  51.666666666666664  521
12  60.666666666666664  831
13  90.666666666666671  193
14  63.0  652
15  67.666666666666671  498
16  69.666666666666671  549
17  56.0  662
18  73.666666666666671  258
19  75.0  411
20  58.333333333333336  307
0  44.0  851
1  54.666666666666664  956
2  55.0  1063
3  60.666666666666664  720
4  63.0  869
5  55.333333333333336  694
6  73.333333333333329  701
7  59.0  717
8  61.0  704
9  72.0  620
10  51.0  658
11  71.0  470
12  84.333333333333329  251
13  51.666666666666664  490
14  52.333333333333336  676
15  77.0  604
16  77.666666666666671  362
17  64.333333333333329  567
18  46.666666666666664  480
19  82.0  304
20  70.666666666666671  666
0  50.666666666666664  951
1  31.0  838
2  49.333333333333336  781
3  50.0  869
4  30.666666666666668  756
5  50.666666666666664  861
6  56.333333333333336  612
7  81.333333333333329  341
8  63.0  691
9  59.666666666666664  715
10  49.333333333333336  657
11  58.666666666666664  782
12  61.333333333333336  581
13  64.666666666666671  654
14  84.0  374
15  67.333333333333329  455
16  65.0  580
17  73.333333333333329  394
18  75.0  516
19  73.666666666666671  523
20  67.666666666666671  620
0  36.0  1136
1  55.666666666666664  964
2  42.666666666666664  979
3  63.666666666666664  630
4  56.0  711
5  49.333333333333336  817
6  45.333333333333336  763
7  39.666666666666664  668
8  53.666666666666664  704
9  60.333333333333336  795
10  63.333333333333336  737
11  37.0  764
12  75.0  362
13  58.666666666666664  799
14  74.0  598
15  65.0  606
16  60.666666666666664  451
17  70.0  487
18  83.666666666666671  496
19  77.666666666666671  501
20  64.333333333333329  603
0  69.333333333333329  929
1  43.666666666666664  813
2  55.333333333333336  723
3  41.666666666666664  962
4  42.333333333333336  926
5  58.666666666666664  1093
6  60.666666666666664  832
7  49.333333333333336  744
8  56.333333333333336  598
9  45.333333333333336  586
10  62.333333333333336  607
11  63.666666666666664  753
12  84.666666666666671  301
13  63.333333333333336  588
14  61.333333333333336  580
15  78.333333333333329  457
16  56.333333333333336  733
17  66.0  738
18  62.333333333333336  634
19  55.0  564
20  77.333333333333329  505
0  36.666666666666664  783
1  45.333333333333336  956
2  43.666666666666664  1031
3  41.333333333333336  922
4  41.0  756
5  54.666666666666664  795
6  82.333333333333329  405
7  50.0  843
8  68.666666666666671  679
9  53.333333333333336  945
10  69.0  452
11  63.333333333333336  380
12  75.333333333333329  546
13  77.0  458
14  60.333333333333336  481
15  52.666666666666664  609
16  79.0  564
17  73.666666666666671  635
18  66.666666666666671  493
19  76.0  530
20  53.0  604
0  44.0  1000
1  45.0  970
2  28.0  496
3  61.0  571
4  56.666666666666664  855
5  56.333333333333336  901
6  65.0  608
7  56.0  701
8  63.666666666666664  584
9  62.666666666666664  450
10  74.666666666666671  486
11  66.333333333333329  660
12  68.333333333333329  567
13  60.0  650
14  53.333333333333336  695
15  64.333333333333329  451
16  56.333333333333336  555
17  47.0  480
18  81.0  327
19  61.666666666666664  539
20  77.0  480
0  33.333333333333336  1005
1  49.0  991
2  45.666666666666664  783
3  55.0  1115
4  86.666666666666671  330
5  67.666666666666671  783
6  55.333333333333336  696
7  79.666666666666671  606
8  35.333333333333336  887
9  68.666666666666671  518
10  58.666666666666664  486
11  47.333333333333336  786
12  77.333333333333329  518
13  70.0  627
14  39.333333333333336  493
15  65.0  464
16  79.666666666666671  516
17  58.333333333333336  750
18  67.333333333333329  542
19  75.0  215
20  66.666666666666671  542
0  41.666666666666664  1113
1  50.0  842
2  56.333333333333336  947
3  36.333333333333336  831
4  41.333333333333336  700
5  36.333333333333336  678
6  38.666666666666664  779
7  65.0  914
8  68.666666666666671  586
9  68.666666666666671  692
10  58.0  635
11  59.333333333333336  523
12  54.333333333333336  820
13  52.666666666666664  727
14  69.333333333333329  526
15  63.666666666666664  574
16  57.666666666666664  476
17  87.0  404
18  67.0  476
19  62.333333333333336  500
20  55.666666666666664  488
0  30.333333333333332  1028
1  40.0  1039
2  53.333333333333336  866
3  35.0  649
4  81.0  649
5  60.0  608
6  74.0  596
7  77.0  520
8  80.0  656
9  64.0  522
10  56.666666666666664  680
11  70.0  330
12  64.0  442
13  61.666666666666664  601
14  71.333333333333329  592
15  82.333333333333329  490
16  82.666666666666671  486
17  48.666666666666664  515
18  74.666666666666671  459
19  61.333333333333336  544
20  68.333333333333329  554
0  49.0  1018
1  51.0  708
2  45.333333333333336  978
3  57.666666666666664  976
4  59.666666666666664  835
5  64.0  897
6  57.0  694
7  60.0  691
8  72.0  851
9  61.666666666666664  609
10  52.333333333333336  627
11  61.666666666666664  457
12  59.333333333333336  437
13  74.333333333333329  491
14  63.333333333333336  563
15  82.0  249
16  79.666666666666671  446
17  61.666666666666664  610
18  79.0  492
19  80.666666666666671  416
20  64.0  480
0  50.666666666666664  874
1  53.333333333333336  1021
2  65.0  762
3  57.0  1089
4  60.0  806
5  66.666666666666671  843
6  61.0  744
7  37.666666666666664  663
8  49.0  888
9  64.0  776
10  77.333333333333329  323
11  56.333333333333336  691
12  71.0  483
13  43.0  557
14  81.666666666666671  344
15  67.333333333333329  478
16  69.666666666666671  613
17  61.0  702
18  65.0  544
19  74.333333333333329  299
20  79.666666666666671  205
0  47.0  983
1  55.333333333333336  835
2  75.666666666666671  752
3  61.333333333333336  965
4  50.333333333333336  964
5  65.0  792
6  56.333333333333336  483
7  35.333333333333336  821
8  62.0  611
9  55.0  674
10  61.666666666666664  499
11  62.666666666666664  458
12  72.333333333333329  533
13  52.666666666666664  653
14  70.666666666666671  464
15  71.666666666666671  580
16  59.0  441
17  58.0  527
18  81.0  447
19  66.0  596
20  82.666666666666671  315
0  42.333333333333336  808
1  36.666666666666664  1166
2  55.666666666666664  970
3  49.333333333333336  776
4  57.333333333333336  658
5  68.666666666666671  529
6  52.666666666666664  639
7  48.666666666666664  887
8  63.0  603
9  54.0  615
10  65.0  527
11  76.333333333333329  582
12  79.333333333333329  476
13  57.333333333333336  343
14  68.333333333333329  440
15  68.0  612
16  58.0  492
17  63.333333333333336  406
18  66.0  573
19  92.666666666666671  235
20  70.666666666666671  315
0  47.0  983
1  51.333333333333336  799
2  42.666666666666664  738
3  48.333333333333336  1074
4  57.0  930
5  64.333333333333329  578
6  70.0  792
7  36.333333333333336  1044
8  65.666666666666671  840
9  80.0  623
10  74.0  720
11  74.333333333333329  769
12  71.666666666666671  493
13  55.0  721
14  68.0  543
15  75.0  507
16  77.666666666666671  470
17  70.0  389
18  57.333333333333336  307
19  70.333333333333329  434
20  51.333333333333336  688
0  56.333333333333336  1051
1  49.0  1072
2  32.666666666666664  741
3  55.0  447
4  42.0  794
5  52.666666666666664  840
6  61.333333333333336  826
7  71.0  647
8  63.333333333333336  602
9  52.0  835
10  46.333333333333336  407
11  58.0  598
12  64.333333333333329  750
13  66.0  587
14  63.0  647
15  64.333333333333329  550
16  88.333333333333329  271
17  67.0  465
18  74.666666666666671  550
19  71.666666666666671  432
20  67.0  491
0  49.0  1017
1  60.333333333333336  852
2  46.666666666666664  716
3  68.333333333333329  804
4  41.666666666666664  930
5  29.666666666666668  939
6  64.333333333333329  812
7  65.0  505
8  63.666666666666664  792
9  59.333333333333336  766
10  64.0  793
11  53.0  657
12  51.333333333333336  541
13  81.666666666666671  504
14  70.0  592
15  85.666666666666671  415
16  69.0  491
17  68.666666666666671  485
18  65.333333333333329  478
19  64.666666666666671  397
20  70.666666666666671  481
0  56.666666666666664  829
1  53.666666666666664  873
2  67.0  876
3  51.333333333333336  915
4  80.0  593
5  55.0  1016
6  49.333333333333336  917
7  76.0  660
8  58.333333333333336  856
9  63.333333333333336  815
10  46.666666666666664  744
11  73.0  561
12  72.0  353
13  65.333333333333329  608
14  69.0  401
15  54.0  673
16  83.0  540
17  52.0  685
18  76.666666666666671  503
19  71.666666666666671  550
20  65.0  515
0  37.666666666666664  1412
1  53.333333333333336  997
2  56.0  1007
3  50.0  892
4  39.333333333333336  824
5  42.666666666666664  849
6  26.333333333333332  564
7  43.333333333333336  574
8  58.333333333333336  682
9  49.333333333333336  732
10  47.0  623
11  81.0  431
12  56.0  744
13  68.666666666666671  611
14  80.0  452
15  69.333333333333329  648
16  67.333333333333329  579
17  61.0  499
18  63.0  438
19  79.333333333333329  365
20  71.0  337
0  27.0  1086
1  46.333333333333336  766
2  30.0  960
3  49.333333333333336  748
4  32.333333333333336  991
5  61.666666666666664  839
6  49.333333333333336  758
7  47.333333333333336  918
8  68.0  519
9  34.0  632
10  33.0  735
11  58.666666666666664  454
12  72.666666666666671  491
13  63.333333333333336  726
14  66.666666666666671  521
15  83.333333333333329  344
16  70.0  506
17  71.333333333333329  477
18  47.333333333333336  600
19  78.333333333333329  437
20  57.333333333333336  523
0  46.666666666666664  765
1  51.666666666666664  758
2  56.0  757
3  54.333333333333336  1086
4  32.333333333333336  728
5  48.0  899
6  57.666666666666664  964
7  63.333333333333336  692
8  44.0  763
9  54.333333333333336  595
10  55.666666666666664  587
11  57.333333333333336  630
12  58.333333333333336  660
13  78.666666666666671  420
14  58.0  758
15  85.666666666666671  214
16  70.0  568
17  58.666666666666664  516
18  67.0  425
19  35.666666666666664  361
20  63.666666666666664  401
0  48.333333333333336  1007
1  41.0  984
2  44.666666666666664  1122
3  26.0  767
4  66.0  717
5  61.0  766
6  69.333333333333329  709
7  76.0  829
8  58.333333333333336  846
9  52.333333333333336  813
10  48.333333333333336  677
11  58.333333333333336  344
12  59.666666666666664  519
13  76.333333333333329  558
14  73.0  447
15  84.333333333333329  438
16  59.0  501
17  74.0  630
18  68.333333333333329  463
19  67.0  530
20  84.333333333333329  347
0  66.666666666666671  789
1  54.0  808
2  24.333333333333332  638
3  36.666666666666664  949
4  53.666666666666664  859
5  37.333333333333336  722
6  59.666666666666664  628
7  63.333333333333336  897
8  53.666666666666664  857
9  74.666666666666671  448
10  55.0  509
11  70.333333333333329  614
12  55.333333333333336  657
13  63.666666666666664  472
14  67.0  407
15  74.0  216
16  67.666666666666671  663
17  71.666666666666671  622
18  72.333333333333329  436
19  72.333333333333329  389
20  60.666666666666664  421
0  37.0  806
1  32.333333333333336  962
2  42.333333333333336  938
3  47.0  857
4  58.0  600
5  56.333333333333336  580
6  53.333333333333336  635
7  77.333333333333329  716
8  71.666666666666671  772
9  60.0  517
10  63.666666666666664  578
11  74.333333333333329  676
12  74.0  503
13  71.0  424
14  67.0  553
15  64.666666666666671  297
16  69.666666666666671  447
17  79.333333333333329  530
18  75.333333333333329  419
19  76.333333333333329  444
20  73.0  530
0  41.333333333333336  986
1  37.333333333333336  846
2  47.666666666666664  990
3  57.666666666666664  849
4  54.0  990
5  56.333333333333336  622
6  50.0  876
7  69.666666666666671  693
8  53.0  827
9  64.666666666666671  581
10  75.333333333333329  389
11  54.666666666666664  732
12  79.666666666666671  405
13  69.333333333333329  647
14  76.0  388
15  57.666666666666664  633
16  70.333333333333329  597
17  56.0  705
18  74.0  533
19  75.666666666666671  410
20  72.0  352
0  69.666666666666671  881
1  57.0  701
2  48.666666666666664  923
3  55.0  1161
4  71.0  736
5  31.666666666666668  992
6  63.333333333333336  862
7  57.666666666666664  922
8  39.333333333333336  584
9  76.0  492
10  60.333333333333336  556
11  58.0  450
12  83.333333333333329  441
13  63.666666666666664  661
14  79.0  536
15  77.666666666666671  508
16  88.333333333333329  244
17  66.0  509
18  79.333333333333329  269
19  68.666666666666671  379
20  70.333333333333329  550
0  52.0  985
1  32.666666666666664  739
2  48.333333333333336  947
3  63.666666666666664  764
4  30.0  929
5  74.0  642
6  47.333333333333336  738
7  52.0  693
8  56.333333333333336  657
9  59.0  769
10  58.666666666666664  642
11  70.333333333333329  609
12  45.0  693
13  75.666666666666671  360
14  78.0  409
15  68.666666666666671  627
16  73.666666666666671  390
17  47.333333333333336  576
18  53.0  662
19  85.666666666666671  352
20  79.333333333333329  262
0  59.0  1097
1  49.666666666666664  828
2  38.666666666666664  825
3  47.333333333333336  758
4  40.666666666666664  991
5  54.666666666666664  748
6  45.333333333333336  842
7  45.666666666666664  678
8  68.333333333333329  525
9  65.333333333333329  758
10  69.666666666666671  418
11  72.333333333333329  642
12  74.666666666666671  536
13  81.666666666666671  501
14  72.666666666666671  628
15  68.666666666666671  553
16  66.333333333333329  542
17  89.333333333333329  281
18  67.0  526
19  87.0  337
20  69.333333333333329  675
0  48.0  741
1  53.0  847
2  39.333333333333336  854
3  53.0  710
4  34.333333333333336  863
5  53.333333333333336  1115
6  54.666666666666664  714
7  84.0  488
8  56.0  712
9  58.333333333333336  536
10  53.333333333333336  787
11  54.666666666666664  609
12  60.333333333333336  869
13  70.666666666666671  438
14  73.666666666666671  388
15  68.666666666666671  313
16  73.666666666666671  302
17  74.666666666666671  326
18  79.666666666666671  476
19  68.333333333333329  490
20  69.0  476
0  53.666666666666664  973
1  49.0  1069
2  48.666666666666664  758
3  39.333333333333336  895
4  42.0  916
5  59.333333333333336  691
6  67.333333333333329  660
7  41.333333333333336  649
8  77.333333333333329  563
9  89.666666666666671  272
10  45.0  534
11  63.333333333333336  556
12  70.333333333333329  461
13  67.666666666666671  359
14  65.0  406
15  79.666666666666671  359
16  54.333333333333336  643
17  59.0  502
18  79.666666666666671  655
19  80.333333333333329  198
20  67.333333333333329  456
0  42.666666666666664  825
1  57.333333333333336  851
2  50.333333333333336  974
3  68.666666666666671  650
4  71.0  579
5  76.333333333333329  444
6  78.666666666666671  532
7  69.333333333333329  636
8  44.666666666666664  965
9  63.666666666666664  482
10  53.666666666666664  444
11  53.666666666666664  561
12  75.666666666666671  414
13  79.666666666666671  441
14  61.333333333333336  952
15  77.666666666666671  484
16  81.0  342
17  55.0  584
18  71.666666666666671  246
19  77.666666666666671  615
20  86.333333333333329  348
0  40.666666666666664  985
1  51.333333333333336  960
2  54.666666666666664  880
3  55.666666666666664  861
4  64.666666666666671  803
5  60.333333333333336  741
6  77.333333333333329  617
7  60.333333333333336  557
8  53.0  1003
9  70.0  500
10  58.0  752
11  62.666666666666664  666
12  46.333333333333336  734
13  77.666666666666671  648
14  57.666666666666664  545
15  81.0  310
16  78.666666666666671  636
17  73.666666666666671  544
18  87.666666666666671  365
19  75.666666666666671  519
20  83.666666666666671  306
0  41.666666666666664  916
1  37.0  693
2  51.666666666666664  698
3  68.333333333333329  556
4  50.666666666666664  994
5  52.333333333333336  822
6  54.0  734
7  61.0  617
8  65.666666666666671  745
9  65.333333333333329  781
10  75.0  675
11  55.333333333333336  921
12  55.333333333333336  711
13  65.666666666666671  531
14  82.333333333333329  447
15  50.666666666666664  736
16  59.666666666666664  555
17  72.0  583
18  80.0  435
19  65.666666666666671  592
20  71.0  368
0  55.333333333333336  857
1  44.666666666666664  719
2  49.333333333333336  742
3  40.0  702
4  58.0  649
5  41.666666666666664  731
6  39.666666666666664  898
7  54.666666666666664  627
8  63.333333333333336  601
9  65.333333333333329  528
10  47.0  658
11  61.333333333333336  472
12  60.333333333333336  651
13  45.0  457
14  66.666666666666671  683
15  69.666666666666671  388
16  50.333333333333336  756
17  80.333333333333329  423
18  66.0  299
19  73.666666666666671  452
20  65.333333333333329  648
0  60.0  953
1  51.0  566
2  55.333333333333336  743
3  60.0  728
4  38.0  1102
5  34.333333333333336  899
6  56.666666666666664  986
7  48.333333333333336  737
8  63.333333333333336  853
9  75.666666666666671  503
10  83.333333333333329  293
11  69.333333333333329  494
12  46.666666666666664  605
13  73.333333333333329  323
14  75.0  311
15  62.666666666666664  291
16  76.333333333333329  531
17  69.0  401
18  72.333333333333329  339
19  79.666666666666671  335
20  68.0  418
0  49.0  988
1  40.333333333333336  788
2  60.0  797
3  70.333333333333329  764
4  59.333333333333336  642
5  41.333333333333336  810
6  50.0  650
7  44.333333333333336  691
8  68.0  723
9  71.333333333333329  532
10  52.0  838
11  53.333333333333336  529
12  39.333333333333336  723
13  62.666666666666664  562
14  83.666666666666671  341
15  69.333333333333329  623
16  69.666666666666671  524
17  59.666666666666664  495
18  55.0  571
19  63.0  512
20  80.0  357
0  57.333333333333336  939
1  61.333333333333336  1138
2  55.333333333333336  865
3  54.333333333333336  680
4  56.0  729
5  52.333333333333336  724
6  58.666666666666664  691
7  60.0  1046
8  68.666666666666671  365
9  56.666666666666664  599
10  59.666666666666664  456
11  71.666666666666671  501
12  67.0  490
13  70.666666666666671  416
14  79.666666666666671  449
15  58.333333333333336  609
16  65.0  482
17  52.333333333333336  480
18  78.666666666666671  369
19  57.333333333333336  598
20  65.0  544
0  48.666666666666664  984
1  52.0  779
2  32.333333333333336  833
3  27.333333333333332  738
4  57.0  717
5  46.666666666666664  751
6  50.666666666666664  658
7  51.0  814
8  63.333333333333336  662
9  64.333333333333329  624
10  54.0  646
11  66.333333333333329  628
12  68.333333333333329  315
13  77.666666666666671  483
14  77.666666666666671  430
15  51.666666666666664  357
16  73.666666666666671  364
17  81.666666666666671  407
18  69.666666666666671  564
19  63.666666666666664  569
20  77.666666666666671  502
0  44.333333333333336  965
1  40.333333333333336  791
2  49.333333333333336  935
3  38.666666666666664  823
4  44.0  1031
5  53.0  672
6  50.666666666666664  610
7  66.666666666666671  691
8  59.333333333333336  539
9  58.0  785
10  82.666666666666671  476
11  39.666666666666664  470
12  89.0  267
13  50.0  633
14  79.666666666666671  455
15  67.666666666666671  523
16  70.666666666666671  512
17  62.333333333333336  572
18  69.0  553
19  60.0  621
20  70.0  506
0  49.666666666666664  1009
1  48.0  811
2  50.0  890
3  53.666666666666664  715
4  74.666666666666671  788
5  62.333333333333336  856
6  68.333333333333329  785
7  52.666666666666664  1044
8  66.666666666666671  665
9  52.666666666666664  671
10  54.0  917
11  52.0  798
12  76.0  765
13  67.333333333333329  662
14  65.666666666666671  338
15  63.333333333333336  397
16  69.0  521
17  62.666666666666664  462
18  60.666666666666664  492
19  89.0  284
20  84.333333333333329  338
0  57.333333333333336  732
1  35.333333333333336  964
2  44.666666666666664  562
3  56.666666666666664  768
4  68.666666666666671  753
5  74.0  661
6  60.0  655
7  63.0  832
8  62.666666666666664  700
9  74.333333333333329  526
10  59.333333333333336  829
11  80.0  514
12  77.333333333333329  489
13  62.333333333333336  530
14  56.333333333333336  668
15  70.333333333333329  625
16  81.666666666666671  405
17  58.666666666666664  509
18  82.0  534
19  76.666666666666671  506
20  61.666666666666664  511
0  64.0  909
1  72.333333333333329  467
2  45.333333333333336  1157
3  38.0  815
4  56.0  789
5  42.0  842
6  35.666666666666664  872
7  37.333333333333336  897
8  57.0  734
9  50.0  901
10  58.666666666666664  646
11  66.333333333333329  592
12  36.0  979
13  61.666666666666664  653
14  48.666666666666664  758
15  50.0  580
16  65.0  579
17  79.0  399
18  71.333333333333329  546
19  75.666666666666671  371
20  81.0  190
0  46.666666666666664  1126
1  30.666666666666668  917
2  65.666666666666671  794
3  53.0  730
4  48.333333333333336  971
5  38.0  593
6  72.333333333333329  625
7  75.666666666666671  647
8  65.666666666666671  635
9  79.666666666666671  481
10  77.333333333333329  467
11  61.0  707
12  79.333333333333329  359
13  50.333333333333336  538
14  44.0  469
15  59.666666666666664  504
16  64.666666666666671  447
17  63.666666666666664  650
18  60.666666666666664  432
19  70.666666666666671  352
20  67.0  471
0  69.0  983
1  51.0  1169
2  50.0  739
3  55.333333333333336  832
4  68.666666666666671  592
5  42.333333333333336  645
6  56.333333333333336  841
7  57.333333333333336  676
8  59.0  538
9  45.666666666666664  828
10  63.333333333333336  758
11  82.666666666666671  464
12  66.0  530
13  49.666666666666664  568
14  87.666666666666671  544
15  66.666666666666671  245
16  71.666666666666671  484
17  77.333333333333329  522
18  74.333333333333329  355
19  71.0  569
20  60.333333333333336  518
0  57.333333333333336  1003
1  35.666666666666664  736
2  48.0  804
3  50.333333333333336  665
4  56.333333333333336  745
5  72.666666666666671  517
6  48.333333333333336  649
7  35.666666666666664  666
8  61.0  602
9  55.666666666666664  595
10  71.0  573
11  61.333333333333336  542
12  77.333333333333329  559
13  62.666666666666664  677
14  56.666666666666664  545
15  58.666666666666664  533
16  49.333333333333336  636
17  77.666666666666671  328
18  70.0  410
19  72.0  607
20  80.333333333333329  386
0  35.0  692
1  46.0  1007
2  55.0  914
3  47.333333333333336  732
4  54.666666666666664  894
5  53.666666666666664  652
6  58.0  783
7  57.333333333333336  696
8  70.666666666666671  611
9  67.666666666666671  775
10  62.0  641
11  72.666666666666671  536
12  76.666666666666671  472
13  64.666666666666671  574
14  54.666666666666664  690
15  68.0  514
16  73.0  434
17  86.666666666666671  373
18  54.0  549
19  68.666666666666671  468
20  70.666666666666671  403
0  46.0  852
1  52.666666666666664  978
2  62.333333333333336  919
3  52.666666666666664  621
4  65.333333333333329  790
5  45.333333333333336  782
6  48.666666666666664  750
7  39.0  693
8  81.666666666666671  343
9  69.0  546
10  43.666666666666664  708
11  55.666666666666664  675
12  72.666666666666671  664
13  31.666666666666668  749
14  80.0  242
15  76.333333333333329  482
16  73.666666666666671  469
17  65.666666666666671  495
18  57.333333333333336  713
19  62.666666666666664  278
20  64.666666666666671  383
0  53.666666666666664  891
1  54.333333333333336  1235
2  36.333333333333336  754
3  44.0  664
4  56.0  732
5  53.0  829
6  66.333333333333329  578
7  55.666666666666664  521
8  63.0  546
9  48.0  782
10  58.0  900
11  61.0  567
12  62.333333333333336  601
13  63.333333333333336  675
14  77.333333333333329  434
15  76.0  527
16  65.666666666666671  457
17  61.0  558
18  49.666666666666664  604
19  55.666666666666664  922
20  71.666666666666671  459
0  38.666666666666664  1325
1  44.333333333333336  1114
2  59.666666666666664  1120
3  67.666666666666671  706
4  66.333333333333329  907
5  48.333333333333336  928
6  62.666666666666664  633
7  69.333333333333329  509
8  54.333333333333336  893
9  59.666666666666664  665
10  70.333333333333329  708
11  59.333333333333336  688
12  52.666666666666664  634
13  72.666666666666671  560
14  74.0  427
15  70.666666666666671  416
16  63.333333333333336  682
17  76.333333333333329  376
18  69.0  218
19  58.0  681
20  68.666666666666671  624
0  67.333333333333329  871
1  44.666666666666664  857
2  65.666666666666671  831
3  73.333333333333329  709
4  52.666666666666664  947
5  69.333333333333329  671
6  47.666666666666664  675
7  65.0  586
8  77.666666666666671  404
9  60.0  571
10  70.0  763
11  67.666666666666671  628
12  51.333333333333336  705
13  75.666666666666671  311
14  75.666666666666671  526
15  76.666666666666671  558
16  82.333333333333329  517
17  66.666666666666671  474
18  69.666666666666671  511
19  75.333333333333329  385
20  59.0  511
0  44.333333333333336  1136
1  51.0  975
2  39.666666666666664  1022
3  42.666666666666664  889
4  68.666666666666671  755
5  57.0  812
6  52.0  779
7  54.0  850
8  52.333333333333336  672
9  56.333333333333336  722
10  34.333333333333336  646
11  54.666666666666664  534
12  74.666666666666671  557
13  56.666666666666664  311
14  45.333333333333336  806
15  71.333333333333329  395
16  54.333333333333336  745
17  72.0  315
18  87.333333333333329  245
19  73.0  418
20  82.0  366
0  45.666666666666664  707
1  45.666666666666664  815
2  50.666666666666664  852
3  51.0  727
4  47.0  805
5  33.0  958
6  61.0  630
7  63.333333333333336  864
8  83.0  534
9  57.333333333333336  888
10  76.666666666666671  383
11  64.333333333333329  556
12  79.666666666666671  303
13  60.333333333333336  678
14  65.0  532
15  66.333333333333329  535
16  58.0  572
17  78.333333333333329  492
18  60.333333333333336  599
19  67.0  536
20  86.0  344
0  46.666666666666664  1410
1  64.333333333333329  950
2  74.666666666666671  814
3  37.333333333333336  782
4  60.333333333333336  656
5  57.0  618
6  63.333333333333336  706
7  65.666666666666671  618
8  57.666666666666664  633
9  79.666666666666671  777
10  76.666666666666671  350
11  64.0  733
12  57.666666666666664  479
13  77.333333333333329  307
14  70.666666666666671  421
15  59.333333333333336  273
16  63.333333333333336  435
17  75.666666666666671  411
18  64.0  470
19  81.333333333333329  408
20  52.0  490
0  57.333333333333336  1081
1  39.666666666666664  876
2  41.666666666666664  949
3  54.333333333333336  881
4  54.333333333333336  538
5  53.666666666666664  731
6  61.333333333333336  767
7  49.333333333333336  609
8  57.666666666666664  616
9  63.333333333333336  549
10  75.0  683
11  74.0  643
12  83.333333333333329  492
13  81.666666666666671  370
14  58.333333333333336  420
15  51.666666666666664  641
16  88.0  246
17  86.666666666666671  363
18  58.0  445
19  65.666666666666671  461
20  78.666666666666671  278
0  40.666666666666664  1031
1  53.333333333333336  1025
2  54.0  737
3  42.666666666666664  726
4  40.0  706
5  42.0  967
6  55.0  588
7  73.333333333333329  534
8  63.666666666666664  726
9  48.333333333333336  506
10  72.333333333333329  584
11  61.666666666666664  629
12  70.0  379
13  77.666666666666671  597
14  63.0  474
15  71.0  526
16  81.333333333333329  526
17  62.666666666666664  381
18  78.666666666666671  325
19  65.333333333333329  505
20  82.666666666666671  408
0  77.333333333333329  885
1  53.666666666666664  827
2  34.0  905
3  42.333333333333336  625
4  48.333333333333336  645
5  36.666666666666664  617
6  27.666666666666668  876
7  47.0  638
8  80.666666666666671  358
9  75.0  638
10  63.333333333333336  661
11  70.333333333333329  495
12  64.333333333333329  539
13  69.0  589
14  50.333333333333336  701
15  72.333333333333329  426
16  70.0  622
17  67.0  584
18  73.333333333333329  408
19  83.0  358
20  73.333333333333329  438
0  41.333333333333336  1013
1  55.333333333333336  1071
2  48.0  840
3  68.333333333333329  804
4  47.333333333333336  895
5  76.666666666666671  550
6  57.0  690
7  66.333333333333329  838
8  59.666666666666664  550
9  54.0  700
10  60.0  556
11  68.666666666666671  525
12  63.666666666666664  427
13  68.333333333333329  552
14  79.0  477
15  67.333333333333329  340
16  60.333333333333336  420
17  76.333333333333329  533
18  85.0  335
19  66.0  685
20  66.0  526
0  40.666666666666664  980
1  53.0  797
2  43.666666666666664  908
3  57.0  859
4  49.0  766
5  52.333333333333336  732
6  46.333333333333336  692
7  52.0  643
8  81.0  460
9  46.333333333333336  563
10  66.666666666666671  516
11  48.0  684
12  67.666666666666671  408
13  86.333333333333329  544
14  77.666666666666671  536
15  82.333333333333329  586
16  67.666666666666671  459
17  85.666666666666671  271
18  59.666666666666664  558
19  64.666666666666671  601
20  78.0  268
0  63.333333333333336  899
1  46.666666666666664  864
2  59.666666666666664  899
3  43.666666666666664  903
4  48.333333333333336  670
5  48.666666666666664  1026
6  52.0  759
7  76.0  739
8  39.0  602
9  45.666666666666664  712
10  57.666666666666664  662
11  65.666666666666671  518
12  79.0  571
13  61.0  514
14  64.333333333333329  535
15  67.333333333333329  411
16  46.666666666666664  536
17  74.666666666666671  281
18  68.666666666666671  255
19  86.666666666666671  248
20  63.666666666666664  684
0  47.0  966
1  60.0  823
2  46.0  899
3  55.0  814
4  70.333333333333329  756
5  51.666666666666664  799
6  42.333333333333336  1100
7  69.0  840
8  61.666666666666664  691
9  54.666666666666664  700
10  42.666666666666664  481
11  55.0  720
12  59.333333333333336  599
13  80.333333333333329  370
14  76.333333333333329  484
15  59.0  718
16  70.666666666666671  517
17  56.0  619
18  73.666666666666671  405
19  67.0  422
20  67.0  306
0  31.0  827
1  38.0  751
2  53.333333333333336  813
3  74.0  692
4  43.0  832
5  70.666666666666671  721
6  68.333333333333329  706
7  62.333333333333336  1039
8  78.666666666666671  350
9  45.0  638
10  65.333333333333329  704
11  56.0  782
12  51.333333333333336  661
13  67.0  506
14  83.333333333333329  307
15  76.0  403
16  66.666666666666671  710
17  59.333333333333336  623
18  51.0  657
19  70.0  536
20  63.0  486
0  42.333333333333336  938
1  65.333333333333329  943
2  67.333333333333329  773
3  58.0  630
4  49.333333333333336  919
5  52.666666666666664  869
6  73.666666666666671  564
7  63.0  613
8  64.666666666666671  479
9  61.666666666666664  765
10  68.0  429
11  67.0  832
12  64.0  350
13  78.0  415
14  59.333333333333336  425
15  75.0  454
16  67.0  560
17  69.666666666666671  587
18  87.0  294
19  66.0  530
20  58.0  790
0  42.666666666666664  919
1  47.333333333333336  839
2  74.333333333333329  592
3  54.0  872
4  34.0  850
5  51.666666666666664  813
6  65.666666666666671  660
7  55.333333333333336  797
8  60.333333333333336  553
9  59.666666666666664  741
10  49.0  618
11  64.666666666666671  682
12  66.333333333333329  516
13  58.0  568
14  73.0  560
15  61.333333333333336  409
16  64.666666666666671  590
17  92.0  155
18  65.333333333333329  495
19  61.333333333333336  345
20  59.666666666666664  513
0  34.333333333333336  1122
1  41.333333333333336  939
2  40.0  742
3  53.0  698
4  72.333333333333329  644
5  58.333333333333336  730
6  49.0  709
7  62.333333333333336  709
8  70.333333333333329  514
9  64.333333333333329  883
10  76.333333333333329  536
11  76.666666666666671  576
12  70.333333333333329  649
13  53.0  803
14  50.666666666666664  512
15  49.0  391
16  75.666666666666671  402
17  79.0  264
18  76.0  545
19  74.333333333333329  437
20  72.666666666666671  561
0  26.0  883
1  56.0  870
2  37.666666666666664  553
3  63.333333333333336  842
4  64.0  822
5  44.666666666666664  786
6  60.0  755
7  64.333333333333329  456
8  82.333333333333329  466
9  62.333333333333336  775
10  72.333333333333329  636
11  54.333333333333336  853
12  62.0  548
13  80.666666666666671  437
14  53.333333333333336  660
15  73.333333333333329  604
16  70.0  352
17  71.0  519
18  75.333333333333329  761
19  63.0  427
20  70.666666666666671  555
0  47.666666666666664  853
1  49.666666666666664  978
2  47.333333333333336  910
3  53.0  879
4  69.666666666666671  633
5  68.333333333333329  778
6  68.0  808
7  70.0  448
8  33.666666666666664  661
9  54.0  669
10  57.666666666666664  802
11  45.666666666666664  930
12  51.0  737
13  67.666666666666671  643
14  72.0  516
15  83.333333333333329  445
16  81.333333333333329  547
17  64.333333333333329  578
18  77.333333333333329  411
19  61.333333333333336  419
20  66.0  691
0  28.0  1182
1  23.666666666666668  1161
2  71.0  911
3  38.0  533
4  57.0  974
5  84.333333333333329  519
6  65.0  637
7  70.0  646
8  81.666666666666671  518
9  66.0  465
10  76.0  446
11  74.333333333333329  764
12  68.333333333333329  553
13  60.666666666666664  561
14  55.333333333333336  740
15  71.666666666666671  570
16  82.333333333333329  462
17  73.333333333333329  417
18  79.333333333333329  382
19  53.333333333333336  665
20  71.0  536
0  40.0  678
1  38.666666666666664  833
2  52.333333333333336  911
3  54.666666666666664  978
4  55.0  898
5  28.0  1043
6  51.666666666666664  544
7  80.0  574
8  70.666666666666671  509
9  46.666666666666664  757
10  32.0  732
11  68.666666666666671  512
12  67.333333333333329  504
13  70.333333333333329  553
14  66.333333333333329  670
15  60.0  537
16  49.666666666666664  632
17  92.333333333333329  287
18  66.666666666666671  353
19  58.333333333333336  597
20  70.0  589
0  45.0  855
1  35.666666666666664  704
2  55.333333333333336  979
3  61.333333333333336  875
4  48.666666666666664  1016
5  59.0  845
6  53.666666666666664  504
7  52.666666666666664  568
8  49.666666666666664  752
9  55.0  896
10  78.666666666666671  632
11  68.333333333333329  552
12  51.333333333333336  587
13  80.666666666666671  609
14  51.666666666666664  575
15  77.0  432
16  64.0  568
17  78.0  417
18  58.333333333333336  604
19  36.666666666666664  466
20  55.666666666666664  372
0  48.666666666666664  940
1  52.666666666666664  1032
2  37.666666666666664  834
3  50.333333333333336  785
4  61.333333333333336  885
5  67.333333333333329  667
6  62.0  840
7  76.333333333333329  504
8  56.0  556
9  59.333333333333336  565
10  65.0  546
11  77.666666666666671  497
12  82.0  479
13  67.0  598
14  67.333333333333329  272
15  74.333333333333329  505
16  54.666666666666664  720
17  81.666666666666671  219
18  67.666666666666671  634
19  81.666666666666671  350
20  83.0  434
0  34.333333333333336  698
1  41.666666666666664  934
2  43.333333333333336  964
3  69.0  817
4  60.333333333333336  622
5  38.0  808
6  68.333333333333329  858
7  67.333333333333329  520
8  70.333333333333329  738
9  62.666666666666664  903
10  68.0  582
11  41.333333333333336  535
12  78.333333333333329  382
13  67.666666666666671  667
14  82.0  381
15  66.0  446
16  77.0  501
17  63.0  621
18  74.666666666666671  318
19  59.333333333333336  558
20  49.0  579
0  46.0  932
1  41.666666666666664  489
2  50.666666666666664  872
3  53.666666666666664  921
4  47.333333333333336  812
5  46.666666666666664  688
6  34.333333333333336  793
7  48.0  510
8  45.666666666666664  949
9  76.333333333333329  480
10  65.0  623
11  68.0  625
12  68.0  679
13  63.666666666666664  560
14  47.666666666666664  604
15  57.666666666666664  558
16  70.333333333333329  411
17  74.0  461
18  68.0  543
19  63.666666666666664  618
20  75.0  459
0  48.333333333333336  1036
1  63.333333333333336  864
2  55.666666666666664  919
3  61.333333333333336  889
4  52.0  727
5  64.333333333333329  657
6  41.666666666666664  860
7  45.0  541
8  54.666666666666664  827
9  61.666666666666664  637
10  77.0  453
11  62.666666666666664  800
12  55.333333333333336  468
13  73.666666666666671  286
14  66.666666666666671  598
15  71.333333333333329  488
16  65.333333333333329  580
17  81.333333333333329  319
18  57.666666666666664  497
19  77.333333333333329  488
20  79.333333333333329  342
0  41.0  1042
1  53.0  889
2  42.666666666666664  998
3  41.333333333333336  814
4  54.666666666666664  828
5  51.333333333333336  501
6  56.666666666666664  925
7  70.333333333333329  448
8  60.0  738
9  47.0  671
10  55.333333333333336  732
11  83.666666666666671  382
12  57.333333333333336  696
13  59.0  283
14  77.0  556
15  56.333333333333336  747
16  65.666666666666671  657
17  82.0  433
18  65.0  672
19  77.666666666666671  461
20  80.333333333333329  228
0  39.333333333333336  860
1  55.0  1155
2  38.0  889
3  46.0  716
4  63.666666666666664  774
5  57.333333333333336  823
6  49.666666666666664  676
7  47.666666666666664  914
8  50.0  762
9  59.333333333333336  487
10  61.0  724
11  60.666666666666664  535
12  90.0  307
13  58.333333333333336  636
14  45.666666666666664  735
15  67.333333333333329  626
16  73.0  368
17  84.0  261
18  72.333333333333329  498
19  59.0  663
20  73.666666666666671  418
0  44.333333333333336  1035
1  45.0  717
2  50.333333333333336  1025
3  54.0  838
4  52.0  851
5  64.333333333333329  645
6  57.333333333333336  678
7  64.0  672
8  55.333333333333336  662
9  50.333333333333336  941
10  56.333333333333336  438
11  82.333333333333329  477
12  58.0  361
13  67.333333333333329  775
14  70.666666666666671  467
15  75.666666666666671  599
16  78.0  389
17  73.666666666666671  496
18  79.0  448
19  69.666666666666671  663
20  85.0  396
0  47.333333333333336  888
1  41.333333333333336  687
2  44.666666666666664  902
3  55.666666666666664  963
4  70.333333333333329  576
5  62.333333333333336  683
6  56.333333333333336  691
7  62.333333333333336  755
8  55.333333333333336  655
9  66.0  643
10  57.0  738
11  69.666666666666671  575
12  59.0  758
13  64.0  688
14  66.666666666666671  529
15  62.666666666666664  462
16  77.666666666666671  544
17  85.666666666666671  370
18  61.0  742
19  73.666666666666671  558
20  50.0  552
0  49.0  872
1  36.0  971
2  29.666666666666668  1272
3  63.666666666666664  861
4  37.666666666666664  739
5  53.666666666666664  634
6  50.0  760
7  60.333333333333336  800
8  68.333333333333329  560
9  65.333333333333329  695
10  54.666666666666664  494
11  51.333333333333336  596
12  78.333333333333329  463
13  62.0  522
14  73.666666666666671  396
15  80.666666666666671  570
16  77.0  434
17  60.333333333333336  634
18  68.666666666666671  363
19  69.333333333333329  481
20  67.666666666666671  333
0  40.333333333333336  963
1  61.666666666666664  894
2  45.666666666666664  1170
3  61.0  860
4  42.333333333333336  815
5  59.0  690
6  55.666666666666664  976
7  58.0  734
8  54.333333333333336  836
9  62.333333333333336  568
10  71.666666666666671  652
11  65.666666666666671  514
12  57.333333333333336  483
13  68.333333333333329  373
14  50.0  477
15  64.333333333333329  486
16  78.666666666666671  189
17  73.333333333333329  536
18  76.666666666666671  413
19  80.666666666666671  349
20  59.666666666666664  522
0  60.333333333333336  864
1  42.0  947
2  42.666666666666664  905
3  53.666666666666664  952
4  71.333333333333329  645
5  60.0  665
6  72.0  698
7  51.333333333333336  749
8  58.333333333333336  640
9  55.0  750
10  65.333333333333329  641
11  71.0  803
12  47.0  657
13  91.0  224
14  72.0  532
15  75.666666666666671  484
16  83.333333333333329  330
17  60.0  697
18  75.666666666666671  361
19  69.666666666666671  369
20  79.666666666666671  516
0  34.666666666666664  849
1  32.0  1181
2  56.333333333333336  628
3  62.0  787
4  57.0  658
5  44.666666666666664  916
6  68.0  891
7  41.333333333333336  881
8  57.666666666666664  625
9  65.0  635
10  65.0  535
11  67.333333333333329  781
12  76.0  561
13  80.333333333333329  453
14  79.0  561
15  52.0  533
16  84.0  510
17  62.0  483
18  77.666666666666671  611
19  61.333333333333336  380
20  79.666666666666671  340
0  83.666666666666671  583
1  57.0  902
2  62.333333333333336  754
3  53.666666666666664  739
4  67.0  836
5  58.666666666666664  776
6  57.0  627
7  65.333333333333329  748
8  75.0  567
9  47.333333333333336  493
10  65.666666666666671  618
11  76.333333333333329  414
12  58.333333333333336  585
13  60.0  724
14  73.666666666666671  625
15  57.0  743
16  54.333333333333336  632
17  80.0  450
18  73.0  565
19  78.0  498
20  64.0  504
0  29.0  774
1  54.666666666666664  909
2  65.333333333333329  736
3  55.666666666666664  741
4  48.666666666666664  829
5  58.0  729
6  67.333333333333329  619
7  75.0  700
8  52.0  766
9  49.333333333333336  659
10  54.0  645
11  71.0  514
12  58.666666666666664  712
13  72.666666666666671  420
14  58.0  585
15  59.0  477
16  64.666666666666671  570
17  66.0  317
18  63.0  576
19  63.333333333333336  532
20  72.666666666666671  398
0  40.0  866
1  74.0  835
2  34.0  826
3  64.333333333333329  704
4  66.0  902
5  54.333333333333336  864
6  48.0  1134
7  51.0  661
8  62.666666666666664  737
9  69.666666666666671  452
10  51.666666666666664  918
11  81.0  488
12  60.333333333333336  660
13  51.333333333333336  555
14  80.0  141
15  77.666666666666671  110
16  62.666666666666664  539
17  59.666666666666664  423
18  80.333333333333329  422
19  54.0  553
20  67.666666666666671  462
0  46.0  976
1  52.0  953
2  53.0  970
3  61.0  861
4  34.666666666666664  995
5  57.666666666666664  753
6  58.333333333333336  616
7  36.0  680
8  70.0  746
9  67.666666666666671  743
10  71.333333333333329  668
11  34.0  612
12  45.333333333333336  681
13  60.333333333333336  620
14  51.333333333333336  1101
15  73.0  538
16  67.333333333333329  597
17  75.0  595
18  66.0  433
19  56.666666666666664  421
20  90.666666666666671  264
0  36.666666666666664  750
1  32.666666666666664  1020
2  55.333333333333336  937
3  59.0  882
4  51.333333333333336  883
5  55.333333333333336  565
6  78.666666666666671  621
7  43.0  960
8  62.333333333333336  681
9  59.666666666666664  706
10  63.333333333333336  585
11  63.0  740
12  62.333333333333336  616
13  82.0  437
14  71.666666666666671  521
15  78.666666666666671  302
16  70.0  610
17  79.0  382
18  69.0  640
19  76.333333333333329  198
20  62.333333333333336  541
0  47.666666666666664  771
1  53.333333333333336  876
2  67.0  724
3  53.666666666666664  799
4  46.0  815
5  54.666666666666664  742
6  61.333333333333336  865
7  74.0  775
8  42.333333333333336  899
9  72.333333333333329  619
10  60.0  613
11  81.666666666666671  212
12  71.666666666666671  630
13  73.666666666666671  406
14  66.666666666666671  575
15  76.333333333333329  439
16  64.666666666666671  532
17  70.0  666
18  75.666666666666671  479
19  78.666666666666671  382
20  70.333333333333329  325
0  53.333333333333336  1034
1  37.0  878
2  51.333333333333336  773
3  51.666666666666664  729
4  65.0  867
5  40.0  759
6  65.666666666666671  651
7  55.333333333333336  777
8  66.0  583
9  53.666666666666664  481
10  66.333333333333329  580
11  63.333333333333336  908
12  65.666666666666671  534
13  86.0  349
14  70.666666666666671  533
15  79.333333333333329  347
16  81.333333333333329  338
17  68.0  461
18  75.333333333333329  531
19  71.0  321
20  63.0  280
0  47.333333333333336  852
1  37.666666666666664  679
2  43.666666666666664  790
3  52.666666666666664  967
4  71.333333333333329  579
5  59.333333333333336  791
6  56.666666666666664  702
7  52.333333333333336  556
8  55.0  492
9  61.666666666666664  686
10  62.666666666666664  813
11  43.333333333333336  761
12  76.666666666666671  578
13  62.333333333333336  576
14  54.666666666666664  486
15  54.666666666666664  656
16  83.333333333333329  352
17  76.0  547
18  74.666666666666671  519
19  87.333333333333329  303
20  55.666666666666664  594
0  58.666666666666664  836
1  26.0  1097
2  42.333333333333336  864
3  60.666666666666664  827
4  54.0  936
5  38.333333333333336  888
6  47.333333333333336  946
7  45.333333333333336  725
8  51.666666666666664  808
9  60.333333333333336  780
10  65.0  606
11  81.0  446
12  67.666666666666671  413
13  71.666666666666671  513
14  74.666666666666671  463
15  73.0  527
16  51.0  728
17  62.666666666666664  568
18  69.0  718
19  62.666666666666664  817
20  65.333333333333329  427
0  36.333333333333336  1136
1  61.0  936
2  43.0  807
3  58.666666666666664  817
4  62.666666666666664  643
5  47.0  905
6  70.0  561
7  71.333333333333329  543
8  68.666666666666671  672
9  53.666666666666664  535
10  40.333333333333336  928
11  61.666666666666664  484
12  74.0  537
13  77.333333333333329  341
14  73.666666666666671  542
15  62.333333333333336  792
16  80.0  261
17  66.0  418
18  68.333333333333329  536
19  73.333333333333329  444
20  67.0  428
