1  51.0  458
2  33.0  286
3  40.0  187
4  73.0  336
5  81.0  175
6  38.0  281
7  38.0  280
8  54.0  329
9  75.0  341
10  60.0  357
11  67.0  301
12  81.0  278
13  89.0  114
14  83.0  225
15  84.0  199
16  79.0  212
17  78.0  204
18  82.0  179
19  44.0  349
20  77.0  289
1  62.0  380
2  40.0  286
3  24.0  491
4  71.0  371
5  66.0  335
6  45.0  346
7  73.0  333
8  73.0  183
9  48.0  208
10  62.0  178
11  60.0  292
12  35.0  343
13  54.0  426
14  42.0  268
15  91.0  114
16  70.0  205
17  96.0  28
18  42.0  344
19  38.0  245
20  65.0  198
1  62.0  401
2  42.0  429
3  82.0  278
4  77.0  176
5  74.0  341
6  60.0  300
7  60.0  270
8  66.0  305
9  20.0  225
10  38.0  500
11  52.0  391
12  89.0  89
13  77.0  225
14  76.0  211
15  97.0  30
16  81.0  180
17  52.0  435
18  92.0  80
19  71.0  246
20  93.0  80
1  26.0  318
2  53.0  421
3  49.0  157
4  67.0  137
5  35.0  382
6  60.0  390
7  54.0  385
8  66.0  298
9  69.0  253
10  96.0  154
11  74.0  324
12  59.0  241
13  52.0  241
14  66.0  309
15  73.0  262
16  81.0  215
17  29.0  217
18  56.0  163
19  69.0  340
20  83.0  143
1  53.0  358
2  39.0  241
3  52.0  356
4  52.0  288
5  35.0  266
6  58.0  263
7  34.0  511
8  65.0  213
9  87.0  152
10  51.0  385
11  68.0  306
12  44.0  327
13  82.0  267
14  67.0  235
15  8.0  146
16  67.0  253
17  74.0  175
18  29.0  508
19  59.0  298
20  94.0  113
1  38.0  345
2  32.0  363
3  63.0  347
4  9.0  406
5  27.0  341
6  42.0  366
7  43.0  294
8  51.0  297
9  42.0  283
10  89.0  94
11  40.0  431
12  37.0  306
13  26.0  447
14  75.0  259
15  14.0  236
16  69.0  91
17  42.0  213
18  60.0  277
19  44.0  242
20  45.0  158
1  72.0  303
2  28.0  290
3  69.0  381
4  74.0  307
5  27.0  312
6  34.0  296
7  51.0  230
8  60.0  155
9  70.0  313
10  40.0  311
11  49.0  506
12  50.0  267
13  57.0  372
14  51.0  358
15  58.0  232
16  54.0  323
17  40.0  232
18  76.0  204
19  49.0  269
20  72.0  256
1  73.0  299
2  40.0  439
3  48.0  403
4  70.0  278
5  30.0  559
6  64.0  144
7  58.0  297
8  57.0  412
9  72.0  329
10  91.0  285
11  24.0  372
12  31.0  286
13  86.0  140
14  69.0  315
15  61.0  279
16  55.0  144
17  17.0  324
18  53.0  279
19  75.0  192
20  71.0  250
1  41.0  372
2  28.0  394
3  53.0  247
4  73.0  271
5  83.0  298
6  75.0  291
7  58.0  252
8  23.0  318
9  19.0  377
10  79.0  248
11  93.0  93
12  64.0  285
13  92.0  33
14  77.0  209
15  83.0  185
16  86.0  127
17  56.0  332
18  86.0  236
19  94.0  80
20  74.0  214
1  63.0  343
2  34.0  274
3  74.0  242
4  3.0  405
5  54.0  392
6  50.0  316
7  65.0  339
8  71.0  348
9  68.0  292
10  70.0  378
11  65.0  248
12  78.0  258
13  82.0  288
14  55.0  158
15  92.0  136
16  78.0  119
17  56.0  197
18  83.0  236
19  92.0  56
20  48.0  151
1  38.0  398
2  62.0  397
3  41.0  310
4  42.0  442
5  71.0  362
6  32.0  341
7  94.0  72
8  80.0  148
9  90.0  156
10  83.0  176
11  67.0  271
12  53.0  373
13  78.0  182
14  70.0  344
15  74.0  375
16  69.0  274
17  27.0  324
18  55.0  260
19  71.0  235
20  79.0  200
1  40.0  228
2  60.0  390
3  86.0  200
4  35.0  413
5  45.0  375
6  18.0  411
7  67.0  206
8  63.0  308
9  59.0  334
10  73.0  305
11  69.0  226
12  47.0  120
13  65.0  370
14  77.0  251
15  83.0  235
16  82.0  232
17  63.0  203
18  43.0  221
19  78.0  118
20  46.0  295
1  58.0  310
2  48.0  406
3  41.0  319
4  58.0  473
5  31.0  524
6  59.0  266
7  64.0  326
8  35.0  305
9  76.0  284
10  75.0  334
11  76.0  66
12  71.0  281
13  46.0  227
14  74.0  356
15  49.0  236
16  89.0  120
17  57.0  265
18  96.0  105
19  50.0  251
20  52.0  285
1  47.0  424
2  35.0  435
3  45.0  358
4  51.0  469
5  49.0  467
6  70.0  247
7  48.0  442
8  33.0  315
9  18.0  216
10  62.0  282
11  92.0  219
12  58.0  280
13  61.0  391
14  87.0  94
15  34.0  101
16  81.0  233
17  93.0  133
18  63.0  138
19  72.0  159
20  34.0  184
1  54.0  372
2  96.0  158
3  48.0  374
4  73.0  302
5  29.0  231
6  66.0  409
7  81.0  217
8  78.0  241
9  72.0  204
10  65.0  200
11  61.0  348
12  54.0  362
13  75.0  257
14  62.0  268
15  89.0  192
16  68.0  284
17  63.0  352
18  55.0  238
19  76.0  54
20  44.0  297
1  62.0  350
2  42.0  432
3  40.0  316
4  79.0  232
5  56.0  397
6  91.0  203
7  59.0  365
8  53.0  193
9  49.0  209
10  45.0  75
11  66.0  189
12  44.0  413
13  74.0  289
14  31.0  277
15  83.0  147
16  26.0  268
17  95.0  59
18  12.0  180
19  69.0  231
20  85.0  189
1  66.0  460
2  54.0  458
3  52.0  320
4  55.0  123
5  60.0  432
6  60.0  364
7  87.0  196
8  37.0  328
9  94.0  84
10  80.0  66
11  62.0  320
12  51.0  370
13  64.0  430
14  80.0  261
15  86.0  114
16  43.0  306
17  63.0  387
18  87.0  125
19  63.0  227
20  77.0  207
1  45.0  337
2  69.0  352
3  66.0  478
4  51.0  379
5  28.0  361
6  63.0  213
7  38.0  384
8  9.0  312
9  36.0  136
10  62.0  296
11  76.0  114
12  67.0  196
13  82.0  288
14  72.0  149
15  64.0  284
16  60.0  173
17  61.0  236
18  53.0  163
19  62.0  298
20  63.0  66
1  9.0  452
2  61.0  368
3  49.0  354
4  25.0  427
5  61.0  310
6  24.0  313
7  66.0  448
8  66.0  258
9  52.0  612
10  64.0  333
11  74.0  191
12  96.0  55
13  70.0  236
14  66.0  194
15  57.0  356
16  68.0  294
17  66.0  284
18  79.0  198
19  79.0  165
20  44.0  279
1  48.0  532
2  32.0  561
3  51.0  369
4  74.0  190
5  38.0  366
6  95.0  56
7  62.0  245
8  65.0  342
9  56.0  262
10  27.0  401
11  67.0  429
12  61.0  298
13  96.0  72
14  37.0  129
15  82.0  154
16  53.0  255
17  66.0  330
18  94.0  91
19  73.0  134
20  75.0  154
1  39.0  398
2  42.0  331
3  49.0  278
4  52.0  401
5  18.0  495
6  41.0  65
7  87.0  261
8  56.0  328
9  69.0  284
10  86.0  227
11  58.0  250
12  43.0  556
13  93.0  88
14  68.0  278
15  26.0  285
16  53.0  396
17  89.0  120
18  57.0  289
19  57.0  288
20  75.0  240
1  73.0  361
2  31.0  147
3  83.0  154
4  25.0  418
5  54.0  384
6  52.0  302
7  32.0  320
8  60.0  358
9  34.0  301
10  91.0  198
11  55.0  346
12  84.0  244
13  53.0  236
14  66.0  288
15  64.0  188
16  36.0  231
17  32.0  209
18  49.0  252
19  86.0  158
20  27.0  273
1  54.0  488
2  28.0  432
3  63.0  185
4  69.0  286
5  87.0  160
6  66.0  414
7  84.0  250
8  70.0  287
9  43.0  307
10  85.0  169
11  86.0  158
12  85.0  222
13  76.0  242
14  35.0  456
15  71.0  223
16  67.0  176
17  57.0  326
18  46.0  405
19  60.0  332
20  78.0  236
1  77.0  311
2  34.0  448
3  39.0  443
4  71.0  269
5  75.0  294
6  50.0  218
7  28.0  228
8  58.0  313
9  38.0  160
10  46.0  313
11  53.0  79
12  74.0  319
13  30.0  267
14  50.0  210
15  72.0  167
16  36.0  250
17  67.0  359
18  52.0  211
19  79.0  229
20  70.0  296
1  56.0  321
2  39.0  212
3  45.0  346
4  57.0  366
5  69.0  189
6  36.0  270
7  72.0  293
8  45.0  317
9  63.0  243
10  37.0  218
11  68.0  146
12  31.0  400
13  81.0  122
14  57.0  267
15  67.0  310
16  82.0  255
17  90.0  88
18  91.0  136
19  74.0  277
20  75.0  194
1  65.0  411
2  61.0  401
3  60.0  416
4  51.0  414
5  28.0  401
6  33.0  441
7  39.0  209
8  48.0  348
9  77.0  231
10  58.0  310
11  68.0  402
12  39.0  248
13  62.0  286
14  37.0  354
15  55.0  285
16  76.0  250
17  57.0  235
18  85.0  180
19  40.0  225
20  53.0  185
1  72.0  297
2  51.0  194
3  77.0  231
4  48.0  561
5  66.0  271
6  75.0  283
7  28.0  318
8  85.0  217
9  47.0  362
10  39.0  410
11  62.0  410
12  72.0  197
13  47.0  267
14  24.0  248
15  39.0  302
16  49.0  376
17  78.0  218
18  80.0  297
19  48.0  385
20  90.0  81
1  38.0  336
2  39.0  301
3  44.0  434
4  80.0  216
5  49.0  147
6  38.0  303
7  81.0  254
8  76.0  277
9  64.0  319
10  70.0  255
11  57.0  315
12  29.0  154
13  75.0  214
14  81.0  250
15  38.0  348
16  64.0  270
17  56.0  388
18  79.0  255
19  88.0  119
20  83.0  166
1  34.0  383
2  46.0  283
3  23.0  498
4  87.0  288
5  67.0  315
6  55.0  442
7  61.0  301
8  52.0  292
9  57.0  268
10  88.0  187
11  54.0  317
12  22.0  194
13  87.0  200
14  35.0  261
15  71.0  315
16  90.0  124
17  42.0  380
18  58.0  316
19  84.0  171
20  68.0  240
1  24.0  377
2  22.0  359
3  57.0  339
4  59.0  390
5  43.0  430
6  23.0  199
7  24.0  251
8  91.0  115
9  80.0  226
10  47.0  292
11  78.0  242
12  66.0  277
13  29.0  235
14  34.0  328
15  75.0  364
16  86.0  173
17  66.0  279
18  61.0  318
19  89.0  143
20  74.0  215
1  43.0  372
2  55.0  496
3  61.0  293
4  68.0  351
5  70.0  318
6  54.0  356
7  37.0  279
8  22.0  259
9  58.0  217
10  83.0  248
11  76.0  210
12  33.0  226
13  47.0  291
14  73.0  225
15  73.0  280
16  83.0  218
17  42.0  365
18  64.0  305
19  37.0  298
20  57.0  258
1  51.0  437
2  80.0  370
3  52.0  350
4  34.0  293
5  78.0  316
6  70.0  389
7  38.0  193
8  60.0  260
9  61.0  409
10  61.0  217
11  71.0  198
12  52.0  233
13  61.0  167
14  61.0  329
15  80.0  138
16  59.0  223
17  59.0  225
18  64.0  236
19  77.0  139
20  85.0  126
1  89.0  254
2  61.0  280
3  63.0  245
4  42.0  285
5  52.0  310
6  16.0  281
7  38.0  303
8  34.0  414
9  54.0  337
10  39.0  280
11  59.0  389
12  46.0  246
13  72.0  190
14  70.0  145
15  44.0  357
16  58.0  165
17  67.0  143
18  14.0  209
19  40.0  222
20  37.0  376
1  33.0  519
2  50.0  473
3  41.0  323
4  62.0  328
5  56.0  205
6  63.0  367
7  16.0  667
8  77.0  203
9  71.0  360
10  69.0  324
11  72.0  239
12  71.0  143
13  75.0  136
14  96.0  155
15  51.0  267
16  70.0  253
17  40.0  314
18  77.0  200
19  76.0  229
20  76.0  219
1  72.0  347
2  43.0  470
3  56.0  353
4  42.0  259
5  53.0  376
6  34.0  348
7  15.0  160
8  68.0  221
9  73.0  228
10  51.0  372
11  81.0  253
12  49.0  342
13  79.0  292
14  48.0  293
15  42.0  225
16  66.0  365
17  74.0  309
18  77.0  150
19  85.0  253
20  81.0  161
1  96.0  239
2  48.0  251
3  28.0  565
4  55.0  330
5  74.0  216
6  58.0  374
7  20.0  506
8  81.0  254
9  58.0  445
10  65.0  381
11  75.0  246
12  53.0  306
13  55.0  285
14  45.0  356
15  71.0  147
16  72.0  270
17  43.0  361
18  72.0  93
19  62.0  335
20  34.0  233
1  45.0  428
2  61.0  432
3  59.0  351
4  42.0  271
5  67.0  302
6  55.0  408
7  5.0  263
8  75.0  171
9  91.0  112
10  64.0  208
11  97.0  12
12  40.0  223
13  63.0  263
14  73.0  295
15  52.0  346
16  73.0  279
17  75.0  164
18  75.0  168
19  75.0  188
20  44.0  273
1  85.0  273
2  83.0  302
3  59.0  400
4  55.0  387
5  76.0  326
6  63.0  342
7  68.0  385
8  53.0  296
9  84.0  233
10  72.0  271
11  79.0  234
12  76.0  258
13  45.0  294
14  43.0  211
15  57.0  152
16  64.0  115
17  59.0  332
18  71.0  189
19  82.0  215
20  82.0  228
1  53.0  487
2  41.0  434
3  65.0  278
4  60.0  306
5  67.0  465
6  83.0  205
7  59.0  305
8  67.0  308
9  45.0  263
10  73.0  294
11  42.0  444
12  59.0  222
13  44.0  304
14  36.0  256
15  52.0  339
16  83.0  169
17  78.0  113
18  62.0  326
19  81.0  54
20  41.0  210
1  64.0  426
2  71.0  396
3  70.0  377
4  70.0  300
5  71.0  243
6  45.0  434
7  52.0  241
8  34.0  366
9  57.0  285
10  54.0  329
11  59.0  285
12  75.0  246
13  30.0  261
14  66.0  310
15  62.0  256
16  63.0  306
17  75.0  239
18  80.0  174
19  62.0  228
20  79.0  156
1  60.0  359
2  38.0  275
3  31.0  305
4  55.0  375
5  50.0  260
6  41.0  307
7  48.0  325
8  29.0  265
9  79.0  234
10  61.0  318
11  60.0  57
12  18.0  153
13  84.0  137
14  65.0  376
15  64.0  271
16  58.0  238
17  57.0  280
18  63.0  115
19  86.0  73
20  74.0  84
1  86.0  298
2  41.0  357
3  45.0  454
4  62.0  391
5  65.0  364
6  44.0  409
7  72.0  139
8  78.0  281
9  63.0  261
10  81.0  263
11  50.0  337
12  76.0  181
13  84.0  169
14  36.0  156
15  62.0  238
16  46.0  331
17  89.0  163
18  79.0  208
19  93.0  46
20  25.0  155
1  54.0  303
2  47.0  229
3  51.0  473
4  71.0  307
5  75.0  236
6  48.0  255
7  52.0  370
8  54.0  172
9  44.0  345
10  73.0  126
11  44.0  204
12  74.0  335
13  87.0  42
14  68.0  305
15  93.0  155
16  76.0  189
17  53.0  188
18  63.0  149
19  70.0  276
20  80.0  227
1  67.0  345
2  29.0  263
3  17.0  466
4  49.0  463
5  49.0  328
6  83.0  244
7  39.0  464
8  57.0  462
9  72.0  281
10  63.0  200
11  59.0  282
12  94.0  222
13  57.0  247
14  52.0  202
15  92.0  94
16  24.0  355
17  80.0  214
18  96.0  72
19  56.0  301
20  80.0  217
1  55.0  370
2  13.0  408
3  73.0  207
4  70.0  245
5  37.0  460
6  71.0  307
7  87.0  131
8  64.0  335
9  35.0  307
10  46.0  394
11  74.0  285
12  61.0  344
13  54.0  233
14  93.0  115
15  64.0  191
16  44.0  329
17  43.0  403
18  60.0  272
19  65.0  183
20  68.0  217
1  38.0  310
2  48.0  311
3  38.0  377
4  31.0  352
5  49.0  289
6  44.0  460
7  55.0  342
8  53.0  357
9  73.0  175
10  74.0  340
11  37.0  260
12  46.0  154
13  67.0  171
14  41.0  221
15  92.0  104
16  65.0  427
17  76.0  266
18  74.0  202
19  73.0  204
20  59.0  297
1  26.0  282
2  34.0  321
3  60.0  405
4  30.0  306
5  82.0  190
6  28.0  524
7  51.0  337
8  40.0  232
9  68.0  375
10  72.0  123
11  55.0  285
12  41.0  297
13  64.0  263
14  82.0  165
15  50.0  220
16  95.0  41
17  97.0  105
18  62.0  215
19  82.0  150
20  57.0  152
1  54.0  374
2  24.0  302
3  59.0  562
4  71.0  330
5  59.0  379
6  64.0  316
7  29.0  325
8  68.0  355
9  32.0  405
10  94.0  59
11  90.0  180
12  96.0  27
13  69.0  277
14  97.0  47
15  76.0  169
16  63.0  360
17  45.0  213
18  85.0  97
19  72.0  129
20  93.0  62
1  31.0  442
2  61.0  383
3  87.0  210
4  67.0  301
5  55.0  167
6  69.0  310
7  49.0  438
8  56.0  253
9  41.0  255
10  79.0  264
11  67.0  296
12  29.0  282
13  63.0  99
14  61.0  375
15  83.0  118
16  55.0  330
17  72.0  247
18  79.0  267
19  63.0  318
20  82.0  263
1  40.0  327
2  34.0  426
3  21.0  522
4  32.0  351
5  62.0  340
6  44.0  543
7  65.0  389
8  62.0  350
9  88.0  225
10  47.0  395
11  55.0  306
12  79.0  243
13  73.0  215
14  47.0  110
15  73.0  291
16  75.0  298
17  93.0  220
18  51.0  308
19  62.0  198
20  69.0  75
1  16.0  292
2  82.0  237
3  46.0  505
4  45.0  327
5  79.0  226
6  79.0  187
7  49.0  265
8  64.0  330
9  59.0  291
10  47.0  321
11  77.0  230
12  83.0  259
13  55.0  251
14  27.0  282
15  64.0  394
16  79.0  234
17  66.0  280
18  57.0  81
19  44.0  195
20  86.0  107
1  56.0  526
2  68.0  345
3  81.0  276
4  47.0  492
5  76.0  357
6  19.0  251
7  72.0  311
8  80.0  219
9  27.0  211
10  62.0  283
11  75.0  330
12  71.0  146
13  59.0  374
14  71.0  200
15  54.0  291
16  73.0  247
17  96.0  87
18  82.0  179
19  83.0  135
20  97.0  69
1  24.0  331
2  53.0  534
3  53.0  402
4  36.0  395
5  72.0  291
6  43.0  300
7  65.0  318
8  77.0  262
9  84.0  255
10  64.0  184
11  37.0  263
12  65.0  119
13  79.0  258
14  66.0  274
15  75.0  345
16  32.0  265
17  58.0  242
18  88.0  109
19  96.0  24
20  80.0  223
1  37.0  461
2  31.0  373
3  29.0  343
4  61.0  331
5  66.0  265
6  26.0  263
7  84.0  217
8  48.0  317
9  90.0  160
10  88.0  205
11  79.0  263
12  11.0  486
13  81.0  301
14  67.0  250
15  93.0  112
16  78.0  200
17  76.0  267
18  89.0  147
19  49.0  337
20  89.0  124
1  49.0  399
2  60.0  320
3  61.0  338
4  39.0  317
5  50.0  488
6  85.0  256
7  83.0  275
8  60.0  373
9  64.0  269
10  44.0  266
11  50.0  329
12  46.0  425
13  68.0  242
14  80.0  202
15  50.0  382
16  26.0  151
17  63.0  264
18  58.0  373
19  62.0  305
20  85.0  190
1  46.0  365
2  16.0  167
3  60.0  357
4  45.0  370
5  62.0  292
6  52.0  431
7  26.0  234
8  72.0  332
9  80.0  189
10  66.0  371
11  45.0  366
12  41.0  283
13  69.0  219
14  74.0  221
15  88.0  169
16  40.0  348
17  86.0  199
18  64.0  256
19  79.0  301
20  73.0  182
1  65.0  383
2  29.0  384
3  38.0  344
4  60.0  480
5  55.0  398
6  68.0  264
7  50.0  419
8  62.0  428
9  60.0  324
10  90.0  135
11  32.0  211
12  82.0  162
13  92.0  80
14  58.0  272
15  43.0  362
16  69.0  279
17  89.0  134
18  73.0  277
19  74.0  216
20  78.0  197
1  46.0  421
2  61.0  412
3  74.0  352
4  47.0  422
5  53.0  333
6  70.0  161
7  12.0  199
8  80.0  412
9  67.0  293
10  88.0  141
11  67.0  348
12  80.0  151
13  73.0  195
14  57.0  46
15  63.0  144
16  49.0  230
17  97.0  41
18  65.0  307
19  49.0  318
20  77.0  325
1  65.0  377
2  46.0  460
3  16.0  323
4  23.0  291
5  35.0  298
6  83.0  120
7  59.0  268
8  86.0  199
9  83.0  320
10  72.0  230
11  79.0  289
12  76.0  282
13  21.0  214
14  61.0  252
15  44.0  287
16  90.0  155
17  83.0  238
18  74.0  136
19  84.0  169
20  63.0  186
1  55.0  401
2  60.0  323
3  78.0  252
4  84.0  270
5  65.0  360
6  33.0  358
7  87.0  214
8  46.0  401
9  58.0  229
10  52.0  229
11  68.0  299
12  62.0  338
13  49.0  220
14  63.0  184
15  58.0  296
16  91.0  77
17  71.0  308
18  56.0  175
19  71.0  263
20  85.0  149
1  74.0  127
2  58.0  501
3  36.0  455
4  36.0  390
5  65.0  371
6  48.0  297
7  39.0  256
8  56.0  359
9  39.0  452
10  56.0  408
11  51.0  421
12  61.0  226
13  76.0  214
14  40.0  300
15  97.0  40
16  52.0  202
17  69.0  336
18  72.0  320
19  70.0  188
20  62.0  206
1  43.0  289
2  35.0  446
3  73.0  247
4  48.0  415
5  50.0  460
6  74.0  346
7  47.0  342
8  89.0  198
9  53.0  315
10  82.0  303
11  75.0  326
12  60.0  282
13  73.0  160
14  76.0  72
15  59.0  331
16  84.0  95
17  24.0  326
18  67.0  263
19  63.0  222
20  97.0  39
1  36.0  583
2  76.0  349
3  34.0  340
4  38.0  524
5  44.0  318
6  85.0  318
7  74.0  240
8  62.0  391
9  49.0  345
10  53.0  278
11  57.0  319
12  91.0  165
13  84.0  227
14  73.0  158
15  54.0  419
16  44.0  277
17  38.0  261
18  37.0  284
19  63.0  279
20  76.0  96
1  21.0  360
2  79.0  346
3  40.0  269
4  54.0  363
5  76.0  219
6  39.0  227
7  81.0  275
8  65.0  280
9  58.0  157
10  52.0  434
11  85.0  261
12  64.0  345
13  28.0  211
14  58.0  345
15  58.0  163
16  68.0  171
17  79.0  239
18  57.0  268
19  65.0  116
20  55.0  187
1  44.0  286
2  45.0  308
3  44.0  365
4  70.0  280
5  77.0  262
6  23.0  515
7  49.0  258
8  53.0  306
9  50.0  346
10  36.0  306
11  62.0  335
12  37.0  254
13  88.0  222
14  77.0  252
15  78.0  241
16  59.0  330
17  82.0  213
18  90.0  92
19  51.0  254
20  41.0  72
1  39.0  422
2  55.0  495
3  40.0  413
4  79.0  263
5  67.0  333
6  74.0  291
7  64.0  394
8  37.0  280
9  30.0  202
10  50.0  373
11  81.0  179
12  44.0  345
13  71.0  321
14  48.0  227
15  78.0  189
16  70.0  284
17  63.0  262
18  61.0  467
19  66.0  99
20  75.0  301
1  32.0  284
2  66.0  353
3  52.0  431
4  41.0  359
5  72.0  278
6  30.0  589
7  69.0  318
8  84.0  214
9  38.0  364
10  48.0  285
11  54.0  366
12  38.0  191
13  97.0  51
14  68.0  263
15  60.0  287
16  62.0  213
17  75.0  135
18  83.0  209
19  84.0  172
20  70.0  238
1  46.0  469
2  50.0  318
3  83.0  159
4  41.0  125
5  48.0  353
6  52.0  301
7  83.0  244
8  80.0  185
9  25.0  433
10  86.0  196
11  81.0  238
12  68.0  332
13  83.0  166
14  48.0  354
15  88.0  214
16  95.0  146
17  62.0  173
18  48.0  239
19  38.0  384
20  82.0  256
1  56.0  420
2  75.0  361
3  24.0  282
4  49.0  203
5  59.0  379
6  28.0  419
7  43.0  316
8  59.0  234
9  56.0  216
10  23.0  542
11  51.0  265
12  71.0  292
13  49.0  297
14  78.0  279
15  79.0  243
16  55.0  329
17  80.0  151
18  85.0  137
19  78.0  170
20  74.0  259
1  38.0  311
2  46.0  581
3  72.0  281
4  37.0  221
5  59.0  223
6  67.0  283
7  78.0  197
8  75.0  221
9  86.0  175
10  12.0  368
11  63.0  368
12  42.0  242
13  31.0  227
14  82.0  203
15  87.0  128
16  60.0  305
17  79.0  205
18  74.0  215
19  89.0  119
20  82.0  185
1  53.0  210
2  44.0  260
3  85.0  238
4  64.0  324
5  88.0  234
6  69.0  306
7  54.0  274
8  29.0  538
9  88.0  205
10  67.0  258
11  50.0  326
12  73.0  283
13  26.0  216
14  26.0  276
15  84.0  192
16  86.0  195
17  81.0  185
18  68.0  346
19  53.0  205
20  87.0  159
1  86.0  269
2  53.0  261
3  68.0  415
4  66.0  376
5  60.0  372
6  38.0  333
7  64.0  334
8  48.0  308
9  66.0  357
10  52.0  365
11  69.0  300
12  62.0  346
13  72.0  272
14  86.0  225
15  65.0  390
16  75.0  200
17  66.0  266
18  40.0  294
19  86.0  169
20  45.0  357
1  55.0  431
2  84.0  199
3  62.0  420
4  83.0  307
5  73.0  273
6  39.0  460
7  70.0  191
8  94.0  52
9  77.0  227
10  83.0  276
11  47.0  361
12  46.0  319
13  72.0  213
14  51.0  262
15  62.0  283
16  77.0  291
17  75.0  333
18  75.0  252
19  78.0  153
20  85.0  109
1  30.0  351
2  51.0  254
3  48.0  543
4  35.0  314
5  70.0  362
6  46.0  379
7  74.0  280
8  72.0  307
9  70.0  301
10  50.0  155
11  60.0  269
12  43.0  306
13  80.0  125
14  71.0  293
15  81.0  188
16  63.0  277
17  69.0  280
18  71.0  299
19  93.0  79
20  60.0  333
1  48.0  375
2  47.0  437
3  45.0  149
4  17.0  465
5  40.0  640
6  92.0  185
7  86.0  187
8  39.0  235
9  55.0  320
10  41.0  333
11  51.0  301
12  64.0  342
13  40.0  305
14  64.0  301
15  66.0  226
16  90.0  88
17  34.0  208
18  80.0  192
19  30.0  310
20  66.0  235
1  74.0  401
2  38.0  276
3  34.0  284
4  80.0  193
5  85.0  286
6  41.0  338
7  63.0  297
8  54.0  402
9  48.0  375
10  62.0  315
11  66.0  301
12  69.0  250
13  80.0  148
14  76.0  339
15  56.0  351
16  44.0  344
17  79.0  231
18  68.0  173
19  61.0  193
20  68.0  115
1  22.0  359
2  51.0  334
3  76.0  342
4  37.0  344
5  76.0  318
6  44.0  334
7  33.0  326
8  88.0  68
9  74.0  283
10  66.0  310
11  68.0  180
12  52.0  286
13  57.0  293
14  86.0  115
15  36.0  290
16  70.0  255
17  65.0  256
18  85.0  179
19  92.0  99
20  73.0  309
1  40.0  304
2  75.0  311
3  62.0  359
4  71.0  398
5  67.0  368
6  51.0  145
7  33.0  441
8  35.0  329
9  59.0  291
10  54.0  307
11  72.0  254
12  90.0  150
13  74.0  304
14  33.0  136
15  88.0  177
16  76.0  288
17  71.0  343
18  74.0  231
19  16.0  259
20  65.0  271
1  69.0  349
2  15.0  289
3  95.0  200
4  65.0  285
5  56.0  342
6  70.0  282
7  90.0  98
8  86.0  256
9  55.0  247
10  58.0  315
11  72.0  220
12  45.0  227
13  51.0  288
14  52.0  269
15  47.0  417
16  88.0  127
17  79.0  231
18  76.0  140
19  65.0  235
20  86.0  72
1  33.0  433
2  24.0  300
3  37.0  373
4  52.0  463
5  64.0  417
6  67.0  452
7  93.0  61
8  63.0  359
9  48.0  328
10  81.0  95
11  96.0  78
12  49.0  261
13  52.0  461
14  73.0  101
15  55.0  188
16  62.0  200
17  83.0  224
18  97.0  41
19  77.0  210
20  71.0  264
1  56.0  414
2  71.0  368
3  69.0  194
4  58.0  405
5  25.0  333
6  6.0  354
7  21.0  314
8  43.0  410
9  60.0  244
10  42.0  511
11  80.0  145
12  62.0  320
13  61.0  272
14  74.0  183
15  38.0  470
16  92.0  172
17  75.0  311
18  89.0  193
19  60.0  222
20  74.0  241
1  24.0  291
2  42.0  358
3  23.0  453
4  43.0  481
5  54.0  399
6  60.0  351
7  73.0  255
8  51.0  412
9  49.0  234
10  64.0  222
11  78.0  275
12  46.0  277
13  74.0  309
14  53.0  238
15  43.0  373
16  79.0  198
17  68.0  242
18  73.0  278
19  83.0  188
20  94.0  149
1  71.0  340
2  72.0  388
3  38.0  296
4  40.0  350
5  43.0  364
6  47.0  376
7  73.0  341
8  44.0  189
9  76.0  264
10  70.0  300
11  62.0  349
12  65.0  373
13  50.0  342
14  59.0  260
15  48.0  282
16  86.0  134
17  45.0  381
18  67.0  249
19  60.0  238
20  89.0  75
1  66.0  317
2  10.0  318
3  68.0  276
4  58.0  278
5  64.0  317
6  48.0  402
7  75.0  170
8  43.0  203
9  47.0  334
10  50.0  414
11  71.0  229
12  77.0  153
13  76.0  199
14  85.0  152
15  84.0  75
16  63.0  373
17  74.0  261
18  63.0  218
19  74.0  203
20  87.0  108
1  54.0  351
2  21.0  464
3  65.0  431
4  44.0  305
5  62.0  381
6  67.0  314
7  42.0  327
8  40.0  401
9  60.0  342
10  51.0  498
11  44.0  284
12  64.0  326
13  71.0  376
14  47.0  410
15  96.0  54
16  64.0  271
17  62.0  240
18  84.0  105
19  55.0  330
20  73.0  246
1  49.0  432
2  36.0  266
3  86.0  291
4  80.0  255
5  78.0  316
6  96.0  83
7  44.0  457
8  74.0  311
9  66.0  209
10  50.0  350
11  73.0  178
12  81.0  315
13  81.0  197
14  60.0  355
15  92.0  78
16  80.0  246
17  80.0  253
18  67.0  217
19  80.0  120
20  84.0  87
1  16.0  361
2  41.0  228
3  44.0  447
4  65.0  197
5  94.0  74
6  79.0  222
7  90.0  214
8  83.0  158
9  30.0  320
10  48.0  295
11  29.0  308
12  56.0  388
13  54.0  395
14  86.0  190
15  74.0  211
16  75.0  313
17  67.0  374
18  82.0  183
19  72.0  166
20  65.0  263
1  24.0  232
2  53.0  514
3  52.0  424
4  14.0  228
5  62.0  434
6  70.0  367
7  53.0  312
8  59.0  308
9  75.0  313
10  26.0  396
11  57.0  333
12  55.0  278
13  72.0  240
14  62.0  307
15  77.0  200
16  81.0  74
17  70.0  279
18  45.0  270
19  72.0  217
20  71.0  239
1  32.0  394
2  48.0  391
3  46.0  424
4  43.0  307
5  75.0  308
6  56.0  293
7  63.0  357
8  79.0  160
9  15.0  207
10  72.0  130
11  55.0  262
12  70.0  310
13  44.0  205
14  77.0  275
15  50.0  209
16  69.0  343
17  61.0  241
18  81.0  250
19  32.0  274
20  61.0  111
1  36.0  469
2  51.0  371
3  66.0  290
4  65.0  301
5  43.0  444
6  36.0  388
7  44.0  198
8  73.0  299
9  50.0  210
10  62.0  284
11  55.0  389
12  41.0  248
13  82.0  195
14  50.0  347
15  81.0  202
16  75.0  273
17  40.0  220
18  72.0  238
19  36.0  114
20  58.0  342
1  63.0  436
2  48.0  321
3  39.0  467
4  64.0  264
5  48.0  440
6  53.0  302
7  5.0  186
8  92.0  144
9  43.0  415
10  73.0  264
11  22.0  386
12  63.0  267
13  84.0  168
14  90.0  57
15  75.0  261
16  59.0  316
17  73.0  98
18  85.0  223
19  47.0  350
20  81.0  187
1  27.0  302
2  28.0  483
3  53.0  432
4  40.0  323
5  69.0  376
6  25.0  303
7  72.0  242
8  19.0  193
9  59.0  468
10  92.0  190
11  69.0  294
12  70.0  267
13  78.0  202
14  70.0  236
15  53.0  102
16  84.0  131
17  75.0  222
18  7.0  272
19  78.0  90
20  83.0  174
1  63.0  366
2  45.0  543
3  58.0  299
4  60.0  400
5  41.0  292
6  47.0  193
7  43.0  287
8  8.0  260
9  59.0  309
10  70.0  273
11  54.0  323
12  90.0  85
13  69.0  203
14  72.0  249
15  96.0  89
16  28.0  384
17  78.0  272
18  50.0  320
19  83.0  272
20  91.0  126
1  80.0  214
2  46.0  428
3  21.0  324
4  24.0  483
5  43.0  356
6  42.0  322
7  48.0  314
8  72.0  248
9  57.0  317
10  70.0  308
11  54.0  414
12  97.0  64
13  82.0  140
14  39.0  156
15  74.0  302
16  42.0  175
17  49.0  311
18  73.0  255
19  90.0  192
20  64.0  327
1  34.0  278
2  31.0  553
3  49.0  372
4  46.0  368
5  43.0  308
6  52.0  381
7  52.0  427
8  70.0  365
9  95.0  157
10  59.0  252
11  96.0  97
12  45.0  254
13  32.0  248
14  38.0  197
15  36.0  356
16  58.0  362
17  83.0  224
18  86.0  148
19  92.0  32
20  54.0  262
1  38.0  360
2  42.0  286
3  36.0  462
4  48.0  232
5  75.0  370
6  30.0  367
7  52.0  433
8  37.0  464
9  50.0  258
10  36.0  412
11  90.0  95
12  73.0  154
13  54.0  369
14  54.0  244
15  74.0  331
16  93.0  77
17  42.0  339
18  78.0  221
19  79.0  200
20  68.0  150
1  29.0  367
2  20.0  262
3  73.0  392
4  81.0  210
5  22.0  330
6  65.0  261
7  28.0  509
8  32.0  303
9  90.0  252
10  68.0  346
11  50.0  304
12  55.0  270
13  74.0  88
14  56.0  262
15  65.0  279
16  93.0  141
17  65.0  207
18  85.0  198
19  72.0  325
20  60.0  151
1  79.0  342
2  63.0  344
3  55.0  372
4  61.0  404
5  80.0  222
6  80.0  260
7  76.0  106
8  26.0  460
9  82.0  294
10  63.0  378
11  59.0  200
12  79.0  192
13  91.0  218
14  65.0  160
15  69.0  217
16  54.0  395
17  69.0  98
18  69.0  241
19  22.0  258
20  84.0  156
1  80.0  329
2  51.0  317
3  21.0  632
4  40.0  281
5  55.0  305
6  56.0  388
7  79.0  375
8  69.0  289
9  57.0  142
10  56.0  325
11  29.0  452
12  54.0  230
13  65.0  343
14  78.0  234
15  82.0  164
16  47.0  326
17  85.0  232
18  76.0  223
19  88.0  108
20  71.0  146
1  36.0  381
2  44.0  533
3  41.0  307
4  74.0  238
5  15.0  343
6  72.0  305
7  72.0  261
8  24.0  238
9  74.0  260
10  62.0  304
11  67.0  343
12  75.0  332
13  57.0  191
14  52.0  405
15  60.0  364
16  67.0  321
17  68.0  323
18  83.0  226
19  50.0  274
20  68.0  262
