15  28.0  4785.0
15  13.0  4815.0
15  7.0  6681.0
15  18.0  5343.0
15  26.0  5327.0
15  7.0  4307.0
15  0.0  3002.0
15  15.0  4773.0
15  6.0  4392.0
15  21.0  5456.0
15  28.0  5805.0
15  39.0  3599.0
15  23.0  4981.0
15  39.0  4233.0
15  36.0  5232.0
15  15.0  3966.0
15  12.0  4382.0
15  17.0  3992.0
15  9.0  3715.0
15  21.0  3842.0
15  4.0  3787.0
15  0.0  4270.0
15  7.0  2957.0
15  28.0  4088.0
15  0.0  2721.0
15  8.0  4481.0
15  0.0  3612.0
15  0.0  5532.0
15  26.0  4147.0
15  19.0  5035.0
15  13.0  5037.0
15  22.0  4569.0
15  0.0  2603.0
15  10.0  4317.0
15  29.0  4731.0
15  38.0  4788.0
15  18.0  4658.0
15  14.0  3196.0
15  31.0  5617.0
15  11.0  4477.0
15  5.0  4154.0
15  34.0  3583.0
15  18.0  5306.0
15  19.0  5255.0
15  52.0  6211.0
15  20.0  4585.0
15  0.0  2130.0
15  38.0  4265.0
15  24.0  4550.0
15  50.0  4954.0
15  1.0  4547.0
15  0.0  5681.0
15  32.0  4446.0
15  4.0  4566.0
15  12.0  3878.0
15  11.0  3805.0
15  20.0  3668.0
15  4.0  3527.0
15  0.0  3063.0
15  11.0  5473.0
15  32.0  5160.0
15  22.0  5374.0
15  41.0  5289.0
15  27.0  4882.0
15  0.0  2716.0
15  12.0  4788.0
15  10.0  4673.0
15  8.0  4802.0
15  34.0  4767.0
15  2.0  4106.0
15  20.0  3386.0
15  15.0  4664.0
15  0.0  4261.0
15  18.0  4899.0
15  29.0  4542.0
15  30.0  4128.0
15  14.0  3797.0
15  1.0  4587.0
15  10.0  6271.0
15  24.0  5964.0
15  18.0  5294.0
15  60.0  5303.0
15  32.0  5582.0
15  39.0  5964.0
15  19.0  3433.0
15  30.0  4629.0
15  2.0  5590.0
15  0.0  2121.0
15  17.0  5397.0
15  19.0  6142.0
15  12.0  4456.0
15  23.0  5228.0
15  22.0  5059.0
15  17.0  4883.0
15  49.0  4099.0
15  6.0  5019.0
15  18.0  3486.0
15  14.0  5327.0
15  0.0  5235.0
15  15.0  5427.0
