1  59.0  360
2  36.0  502
3  19.0  322
4  18.0  294
5  29.0  383
6  37.0  538
7  55.0  554
1  80.0  495
2  67.0  510
3  58.0  509
4  36.0  452
5  31.0  519
6  29.0  460
7  59.0  463
1  46.0  492
2  53.0  476
3  72.0  522
4  48.0  461
5  18.0  382
6  50.0  513
7  28.0  383
1  69.0  521
2  83.0  517
3  55.0  423
4  65.0  512
5  53.0  529
6  39.0  477
7  33.0  511
1  17.0  494
2  91.0  525
3  42.0  476
4  27.0  471
5  51.0  522
6  26.0  488
7  50.0  504
1  64.0  467
2  42.0  536
3  37.0  490
4  43.0  500
5  58.0  560
6  44.0  591
7  64.0  585
1  67.0  520
2  73.0  503
3  48.0  459
4  37.0  515
5  87.0  537
6  6.0  531
7  17.0  419
1  47.0  369
2  43.0  503
3  84.0  502
4  63.0  572
5  39.0  533
6  47.0  534
7  8.0  321
1  61.0  508
2  68.0  518
3  23.0  241
4  45.0  430
5  61.0  581
6  36.0  398
7  37.0  402
1  31.0  433
2  68.0  431
3  34.0  385
4  31.0  400
5  25.0  386
6  57.0  518
7  43.0  587
1  56.0  507
2  37.0  513
3  64.0  531
4  54.0  475
5  35.0  356
6  38.0  549
7  32.0  479
1  42.0  514
2  34.0  383
3  72.0  523
4  20.0  460
5  56.0  489
6  70.0  507
7  15.0  325
1  65.0  451
2  49.0  441
3  40.0  474
4  33.0  453
5  37.0  510
6  75.0  523
7  48.0  485
1  22.0  287
2  20.0  341
3  55.0  441
4  62.0  569
5  34.0  531
6  88.0  535
7  19.0  442
1  61.0  499
2  42.0  516
3  58.0  541
4  49.0  551
5  36.0  623
6  44.0  447
7  37.0  478
1  77.0  524
2  70.0  537
3  67.0  522
4  48.0  466
5  37.0  572
6  30.0  376
7  23.0  510
1  36.0  305
2  74.0  501
3  28.0  342
4  37.0  466
5  43.0  532
6  54.0  550
7  54.0  607
1  60.0  483
2  15.0  231
3  29.0  469
4  60.0  445
5  54.0  495
6  64.0  533
7  59.0  497
1  39.0  404
2  30.0  386
3  57.0  555
4  55.0  552
5  33.0  553
6  35.0  625
7  53.0  452
1  37.0  497
2  59.0  519
3  37.0  474
4  42.0  555
5  34.0  446
6  42.0  523
7  36.0  577
1  64.0  514
2  71.0  466
3  53.0  414
4  64.0  495
5  42.0  546
6  46.0  382
7  63.0  536
1  39.0  457
2  68.0  518
3  42.0  372
4  31.0  450
5  63.0  543
6  27.0  437
7  44.0  587
1  61.0  433
2  38.0  504
3  52.0  427
4  77.0  514
5  55.0  550
6  30.0  686
7  64.0  535
1  33.0  478
2  34.0  435
3  60.0  478
4  10.0  296
5  51.0  572
6  17.0  515
7  40.0  463
1  52.0  515
2  91.0  511
3  68.0  529
4  41.0  478
5  46.0  552
6  34.0  510
7  17.0  496
1  65.0  524
2  67.0  503
3  55.0  447
4  74.0  602
5  49.0  621
6  48.0  593
7  40.0  401
1  82.0  504
2  44.0  460
3  46.0  474
4  31.0  522
5  16.0  279
6  50.0  560
7  33.0  667
1  48.0  507
2  32.0  471
3  81.0  531
4  65.0  505
5  65.0  576
6  20.0  302
7  27.0  509
1  35.0  502
2  23.0  387
3  59.0  443
4  39.0  427
5  69.0  545
6  45.0  632
7  31.0  471
1  70.0  520
2  32.0  406
3  30.0  375
4  42.0  454
5  34.0  475
6  38.0  389
7  38.0  508
1  63.0  424
2  25.0  429
3  38.0  469
4  40.0  402
5  48.0  599
6  25.0  260
7  49.0  565
1  37.0  506
2  41.0  327
3  65.0  527
4  77.0  488
5  33.0  403
6  35.0  595
7  63.0  510
1  46.0  470
2  46.0  491
3  33.0  407
4  45.0  566
5  17.0  439
6  30.0  543
7  25.0  493
1  41.0  372
2  18.0  454
3  16.0  411
4  29.0  437
5  34.0  405
6  23.0  483
7  31.0  656
1  52.0  483
2  48.0  485
3  53.0  556
4  62.0  544
5  38.0  584
6  43.0  555
7  12.0  447
1  24.0  311
2  35.0  456
3  46.0  510
4  64.0  581
5  69.0  520
6  15.0  484
7  63.0  545
1  35.0  344
2  59.0  537
3  72.0  570
4  74.0  545
5  35.0  426
6  34.0  468
7  37.0  535
1  82.0  506
2  61.0  480
3  31.0  465
4  30.0  392
5  43.0  484
6  37.0  540
7  18.0  634
1  84.0  507
2  39.0  444
3  43.0  537
4  57.0  600
5  68.0  539
6  27.0  449
7  51.0  579
1  20.0  514
2  31.0  508
3  38.0  406
4  52.0  573
5  22.0  500
6  53.0  687
7  26.0  363
1  44.0  480
2  31.0  320
3  53.0  531
4  45.0  563
5  47.0  594
6  24.0  484
7  31.0  532
1  74.0  508
2  65.0  496
3  47.0  408
4  23.0  441
5  38.0  430
6  68.0  644
7  31.0  349
1  25.0  534
2  59.0  526
3  47.0  370
4  59.0  509
5  74.0  520
6  33.0  398
7  20.0  530
1  91.0  500
2  61.0  390
3  24.0  463
4  57.0  399
5  35.0  550
6  32.0  471
7  59.0  636
1  53.0  504
2  62.0  476
3  39.0  473
4  57.0  587
5  51.0  576
6  49.0  491
7  52.0  530
1  58.0  508
2  67.0  522
3  13.0  438
4  44.0  508
5  66.0  604
6  37.0  547
7  60.0  569
1  73.0  517
2  69.0  513
3  57.0  535
4  29.0  450
5  38.0  609
6  54.0  512
7  51.0  659
1  48.0  483
2  50.0  525
3  48.0  462
4  58.0  525
5  41.0  391
6  50.0  515
7  40.0  521
1  49.0  454
2  34.0  422
3  13.0  262
4  49.0  542
5  47.0  513
6  51.0  625
7  23.0  569
1  34.0  509
2  25.0  373
3  61.0  573
4  26.0  473
5  49.0  652
6  28.0  308
7  16.0  479
1  41.0  420
2  51.0  531
3  37.0  482
4  40.0  466
5  56.0  570
6  70.0  564
7  45.0  605
1  29.0  474
2  59.0  495
3  58.0  495
4  32.0  485
5  52.0  626
6  34.0  537
7  29.0  596
1  39.0  510
2  40.0  368
3  41.0  516
4  38.0  515
5  60.0  495
6  72.0  539
7  43.0  590
1  60.0  471
2  44.0  336
3  48.0  393
4  26.0  487
5  53.0  548
6  53.0  489
7  29.0  565
1  75.0  509
2  49.0  444
3  70.0  522
4  39.0  370
5  0.0  222
6  50.0  423
7  19.0  385
1  71.0  465
2  60.0  525
3  77.0  518
4  30.0  368
5  41.0  419
6  75.0  490
7  76.0  580
1  49.0  438
2  48.0  438
3  42.0  541
4  46.0  481
5  53.0  542
6  23.0  515
7  44.0  463
1  36.0  503
2  42.0  458
3  70.0  510
4  52.0  590
5  52.0  538
6  48.0  543
7  49.0  586
1  34.0  453
2  84.0  505
3  44.0  445
4  50.0  497
5  53.0  467
6  59.0  540
7  30.0  572
1  12.0  171
2  34.0  445
3  50.0  536
4  44.0  492
5  41.0  568
6  35.0  509
7  44.0  552
1  73.0  499
2  25.0  423
3  53.0  533
4  47.0  532
5  49.0  550
6  62.0  576
7  45.0  481
1  54.0  486
2  63.0  494
3  75.0  520
4  76.0  558
5  51.0  502
6  31.0  474
7  36.0  654
1  57.0  415
2  60.0  515
3  46.0  487
4  46.0  499
5  72.0  544
6  48.0  536
7  46.0  524
1  57.0  517
2  29.0  501
3  62.0  484
4  44.0  444
5  55.0  574
6  31.0  617
7  41.0  484
1  27.0  413
2  24.0  402
3  48.0  529
4  33.0  413
5  66.0  485
6  30.0  368
7  9.0  646
1  91.0  516
2  76.0  522
3  31.0  527
4  29.0  436
5  54.0  566
6  65.0  537
7  24.0  299
1  41.0  517
2  40.0  527
3  32.0  486
4  25.0  362
5  55.0  549
6  60.0  552
7  43.0  633
1  30.0  314
2  62.0  492
3  35.0  307
4  48.0  524
5  28.0  495
6  42.0  493
7  50.0  512
1  43.0  521
2  52.0  542
3  63.0  536
4  78.0  590
5  32.0  393
6  24.0  385
7  32.0  560
1  56.0  438
2  52.0  516
3  76.0  538
4  55.0  559
5  66.0  551
6  32.0  487
7  26.0  509
1  39.0  504
2  71.0  523
3  13.0  336
4  49.0  456
5  52.0  563
6  35.0  599
7  17.0  468
1  55.0  484
2  40.0  521
3  65.0  500
4  30.0  389
5  32.0  532
6  61.0  471
7  35.0  471
1  40.0  487
2  28.0  512
3  48.0  550
4  43.0  360
5  39.0  461
6  37.0  470
7  38.0  606
1  31.0  380
2  56.0  450
3  54.0  498
4  63.0  633
5  57.0  559
6  51.0  477
7  31.0  525
1  29.0  457
2  51.0  517
3  44.0  513
4  54.0  491
5  13.0  384
6  71.0  505
7  50.0  610
1  46.0  502
2  57.0  508
3  62.0  536
4  27.0  464
5  71.0  533
6  23.0  432
7  73.0  555
1  28.0  423
2  65.0  521
3  63.0  458
4  59.0  457
5  50.0  552
6  30.0  623
7  46.0  498
1  53.0  509
2  52.0  467
3  13.0  398
4  11.0  335
5  12.0  423
6  53.0  443
7  55.0  598
1  55.0  520
2  43.0  380
3  38.0  450
4  19.0  440
5  37.0  553
6  60.0  595
7  68.0  493
1  41.0  500
2  54.0  484
3  56.0  427
4  39.0  362
5  40.0  480
6  40.0  506
7  48.0  580
1  41.0  426
2  9.0  217
3  61.0  551
4  24.0  380
5  65.0  544
6  26.0  537
7  57.0  483
1  74.0  515
2  38.0  513
3  48.0  466
4  20.0  365
5  63.0  564
6  51.0  430
7  40.0  518
1  26.0  361
2  7.0  310
3  32.0  540
4  37.0  526
5  31.0  516
6  43.0  547
7  41.0  542
1  17.0  342
2  49.0  526
3  33.0  444
4  39.0  515
5  31.0  517
6  50.0  531
7  38.0  621
1  83.0  506
2  25.0  412
3  76.0  523
4  48.0  563
5  26.0  449
6  48.0  578
7  19.0  386
1  78.0  509
2  48.0  556
3  38.0  491
4  37.0  406
5  52.0  531
6  58.0  485
7  43.0  580
1  1.0  259
2  48.0  505
3  67.0  485
4  54.0  545
5  56.0  473
6  22.0  330
7  30.0  479
1  37.0  497
2  30.0  328
3  36.0  294
4  14.0  456
5  36.0  516
6  43.0  448
7  55.0  581
1  75.0  492
2  45.0  522
3  26.0  435
4  45.0  500
5  39.0  641
6  45.0  521
7  26.0  526
1  66.0  448
2  18.0  502
3  46.0  511
4  47.0  422
5  24.0  485
6  85.0  553
7  27.0  541
1  38.0  397
2  50.0  402
3  53.0  491
4  41.0  516
5  22.0  432
6  19.0  535
7  31.0  475
1  60.0  468
2  34.0  475
3  85.0  521
4  40.0  437
5  59.0  569
6  50.0  547
7  21.0  566
1  56.0  474
2  47.0  504
3  41.0  468
4  71.0  546
5  54.0  518
6  43.0  521
7  73.0  512
1  73.0  488
2  22.0  291
3  36.0  433
4  56.0  558
5  20.0  460
6  25.0  383
7  51.0  499
1  49.0  414
2  69.0  529
3  26.0  476
4  40.0  374
5  18.0  448
6  37.0  548
7  38.0  387
1  17.0  275
2  58.0  524
3  14.0  324
4  57.0  562
5  54.0  651
6  51.0  595
7  43.0  523
1  44.0  512
2  38.0  528
3  28.0  318
4  37.0  507
5  53.0  486
6  32.0  545
7  25.0  300
1  67.0  514
2  35.0  420
3  31.0  375
4  33.0  567
5  59.0  452
6  20.0  540
7  41.0  663
1  58.0  523
2  83.0  527
3  46.0  491
4  28.0  465
5  53.0  550
6  36.0  536
7  41.0  533
1  49.0  411
2  13.0  439
3  13.0  316
4  24.0  345
5  61.0  547
6  70.0  515
7  38.0  382
