10  2.0  1517.0
10  12.0  1856.0
10  0.0  1672.0
10  30.0  2473.0
10  10.0  2323.0
10  18.0  2404.0
10  13.0  2040.0
10  14.0  1898.0
10  17.0  2715.0
10  42.0  2679.0
11  47.0  2897.0
11  41.0  3382.0
11  5.0  2822.0
11  0.0  3458.0
11  15.0  3774.0
11  51.0  2755.0
11  33.0  3136.0
11  16.0  2523.0
11  13.0  3422.0
11  0.0  2633.0
12  17.0  2845.0
12  7.0  3192.0
12  33.0  4074.0
12  0.0  3335.0
12  25.0  3690.0
12  43.0  3278.0
12  13.0  1967.0
12  28.0  3117.0
12  27.0  3362.0
12  13.0  3217.0
13  30.0  3758.0
13  9.0  4723.0
13  1.0  2509.0
13  5.0  3578.0
13  16.0  4297.0
13  4.0  4239.0
13  13.0  4931.0
13  60.0  3468.0
13  14.0  3251.0
13  23.0  4641.0
14  14.0  4546.0
14  6.0  4285.0
14  24.0  3925.0
14  15.0  4092.0
14  24.0  4163.0
14  15.0  4066.0
14  16.0  4046.0
14  11.0  3254.0
14  16.0  4881.0
14  33.0  5214.0
15  22.0  4547.0
15  14.0  5215.0
15  24.0  5913.0
15  11.0  4303.0
15  10.0  3873.0
15  49.0  5749.0
15  28.0  5424.0
15  42.0  4702.0
15  53.0  5170.0
15  25.0  5231.0
16  3.0  7110.0
16  51.0  5639.0
16  50.0  6195.0
16  4.0  4655.0
16  0.0  6141.0
16  9.0  4450.0
16  10.0  4863.0
16  42.0  6405.0
16  0.0  5369.0
16  29.0  5609.0
17  23.0  6598.0
17  29.0  5761.0
17  0.0  4497.0
17  24.0  6935.0
17  0.0  5617.0
17  31.0  5823.0
17  5.0  5780.0
17  30.0  4991.0
17  20.0  4713.0
17  0.0  5171.0
18  9.0  5014.0
18  19.0  7198.0
18  18.0  4684.0
18  58.0  4843.0
18  0.0  6748.0
18  27.0  6276.0
18  39.0  7205.0
18  40.0  5816.0
18  36.0  6500.0
18  2.0  7497.0
19  67.0  5542.0
19  22.0  7647.0
19  6.0  7250.0
19  5.0  6426.0
19  11.0  6262.0
19  11.0  6035.0
19  12.0  5922.0
19  6.0  5831.0
19  45.0  7439.0
19  12.0  5869.0
20  6.0  6679.0
20  10.0  6660.0
20  2.0  7103.0
20  23.0  6728.0
20  9.0  6418.0
20  0.0  7568.0
20  19.0  7307.0
20  0.0  6609.0
20  28.0  7627.0
20  27.0  5883.0
21  20.0  6502.0
21  67.0  5890.0
21  20.0  6164.0
21  0.0  6639.0
21  40.0  7643.0
21  39.0  7632.0
21  3.0  6777.0
21  10.0  8007.0
21  0.0  6277.0
21  34.0  7215.0
22  26.0  8520.0
22  69.0  7621.0
22  4.0  8434.0
22  7.0  6119.0
22  28.0  8291.0
22  26.0  8117.0
22  25.0  7643.0
22  33.0  8283.0
22  18.0  9432.0
22  0.0  5210.0
23  10.0  8158.0
23  12.0  9135.0
23  20.0  7991.0
23  18.0  9292.0
23  10.0  6677.0
23  16.0  7931.0
23  8.0  7933.0
23  13.0  9080.0
23  0.0  6074.0
23  0.0  9522.0
24  7.0  7719.0
24  3.0  7785.0
24  43.0  8944.0
24  8.0  7083.0
24  23.0  8978.0
24  37.0  8256.0
24  32.0  8870.0
24  19.0  8750.0
24  0.0  9923.0
24  30.0  8157.0
25  31.0  9206.0
25  0.0  9438.0
25  34.0  8777.0
25  60.0  9260.0
25  6.0  8523.0
25  9.0  5937.0
25  24.0  8525.0
25  24.0  8873.0
25  3.0  9176.0
25  4.0  9699.0
26  31.0  7799.0
26  45.0  9282.0
26  44.0  9170.0
26  1.0  9730.0
26  20.0  8781.0
26  49.0  9225.0
26  7.0  8837.0
26  8.0  9199.0
26  0.0  7554.0
26  0.0  8426.0
27  17.0  9757.0
27  69.0  9998.0
27  45.0  9066.0
27  42.0  8842.0
27  36.0  9307.0
27  30.0  9081.0
27  38.0  8570.0
27  4.0  9703.0
27  9.0  8981.0
27  20.0  9913.0
28  20.0  9238.0
28  7.0  9149.0
28  7.0  9370.0
28  26.0  9860.0
28  4.0  8181.0
28  65.0  8834.0
28  19.0  9878.0
28  19.0  9568.0
28  5.0  8858.0
28  1.0  9543.0
29  21.0  8757.0
29  17.0  9303.0
29  42.0  9778.0
29  7.0  9248.0
29  7.0  7659.0
29  45.0  9525.0
29  46.0  8791.0
29  24.0  9975.0
29  11.0  9203.0
29  0.0  9028.0
30  28.0  9695.0
30  53.0  9643.0
30  5.0  9668.0
30  20.0  9630.0
30  12.0  9690.0
30  8.0  9666.0
30  15.0  9859.0
30  5.0  9686.0
30  16.0  9972.0
30  9.0  9787.0
