1  786.0  66695.0
1  936.0  22045.0
1  922.0  26195.0
1  962.0  14294.0
1  985.0  7456.0
1  942.0  20237.0
1  809.0  59736.0
1  595.0  123302.0
1  927.0  24714.0
1  749.0  77564.0
1  872.0  41051.0
1  767.0  72216.0
1  953.0  17040.0
1  914.0  28582.0
1  882.0  38100.0
1  895.0  34207.0
1  854.0  46408.0
1  838.0  51191.0
1  994.0  4900.0
1  781.0  68079.0
2  757.0  75201.0
2  713.0  88248.0
2  863.0  43705.0
2  868.0  42216.0
2  795.0  63921.0
2  745.0  78763.0
2  786.0  66586.0
2  968.0  12517.0
2  818.0  57059.0
2  968.0  12552.0
2  769.0  71662.0
2  761.0  74001.0
2  926.0  24993.0
2  762.0  73710.0
2  878.0  39241.0
2  785.0  66895.0
2  877.0  39544.0
2  803.0  61515.0
2  740.0  80232.0
2  750.0  77257.0
3  743.0  79510.0
3  687.0  95980.0
3  703.0  91406.0
3  760.0  74299.0
3  800.0  62404.0
3  820.0  56487.0
3  573.0  129830.0
3  717.0  87073.0
3  728.0  83844.0
3  608.0  119683.0
3  971.0  11613.0
3  840.0  50554.0
3  901.0  32403.0
3  734.0  82011.0
3  652.0  106373.0
3  783.0  67456.0
3  802.0  61831.0
3  987.0  6861.0
3  593.0  123896.0
3  466.0  161601.0
4  574.0  129558.0
4  564.0  132492.0
4  667.0  101922.0
4  596.0  123000.0
4  494.0  153291.0
4  565.0  132207.0
4  301.0  210618.0
4  766.0  72502.0
4  633.0  112031.0
4  544.0  138491.0
4  662.0  103390.0
4  778.0  68956.0
4  711.0  88878.0
4  675.0  99578.0
4  809.0  59754.0
4  815.0  57958.0
4  716.0  87362.0
4  648.0  107567.0
4  473.0  159554.0
4  568.0  131320.0
5  563.0  132793.0
5  688.0  95675.0
5  533.0  141708.0
5  523.0  144672.0
5  588.0  125377.0
5  757.0  75185.0
5  652.0  106368.0
5  757.0  75173.0
5  750.0  77263.0
5  668.0  101620.0
5  719.0  86498.0
5  680.0  98054.0
5  656.0  105187.0
5  689.0  95393.0
5  350.0  196062.0
5  633.0  112009.0
5  524.0  144382.0
5  548.0  137273.0
5  639.0  110220.0
5  483.0  156551.0
