1  37.600000000000001  2851
2  24.199999999999999  2271
3  27.5  2172
4  36.5  1794
5  19.800000000000001  1775
1  27.699999999999999  2497
2  26.899999999999999  2590
3  24.0  2343
4  21.399999999999999  1965
5  21.0  1794
1  41.200000000000003  2244
2  26.899999999999999  2552
3  25.800000000000001  2150
4  21.600000000000001  1934
5  17.699999999999999  1660
1  36.700000000000003  2655
2  28.800000000000001  2543
3  28.5  2275
4  16.100000000000001  1896
5  12.6  1851
1  41.399999999999999  2421
2  32.299999999999997  2230
3  30.300000000000001  1863
4  24.5  1792
5  29.699999999999999  1932
1  38.399999999999999  2448
2  43.299999999999997  2209
3  31.199999999999999  2058
4  26.5  2042
5  9.6999999999999993  1540
1  31.199999999999999  2597
2  36.799999999999997  2412
3  27.800000000000001  2275
4  22.300000000000001  2052
5  21.800000000000001  1637
1  44.299999999999997  2751
2  36.600000000000001  2615
3  32.799999999999997  2049
4  20.699999999999999  1965
5  22.300000000000001  1491
1  43.0  2707
2  38.799999999999997  2560
3  24.399999999999999  2455
4  23.800000000000001  1960
5  23.300000000000001  1961
1  38.200000000000003  2129
2  38.200000000000003  2794
3  21.0  2371
4  9.0999999999999996  1810
5  18.699999999999999  1999
1  42.100000000000001  2325
2  31.199999999999999  2396
3  27.399999999999999  1966
4  25.600000000000001  1999
5  18.199999999999999  1980
1  28.5  2501
2  39.5  2290
3  27.600000000000001  2069
4  18.100000000000001  2195
5  19.899999999999999  1709
1  41.799999999999997  2612
2  38.600000000000001  2287
3  29.5  2269
4  30.600000000000001  1731
5  25.5  1684
1  43.600000000000001  2604
2  27.199999999999999  2436
3  22.0  1775
4  15.199999999999999  2005
5  19.100000000000001  2008
1  29.300000000000001  2817
2  34.899999999999999  2693
3  24.899999999999999  1858
4  21.100000000000001  1934
5  15.199999999999999  1934
1  38.899999999999999  2729
2  44.5  2254
3  17.600000000000001  2175
4  15.800000000000001  1590
5  15.1  1985
1  47.600000000000001  2827
2  37.899999999999999  2612
3  24.300000000000001  2097
4  25.800000000000001  1745
5  20.899999999999999  1704
1  39.600000000000001  2827
2  32.100000000000001  2688
3  24.5  1897
4  35.600000000000001  1913
5  19.5  1834
1  37.399999999999999  2620
2  44.299999999999997  2476
3  22.699999999999999  1968
4  25.100000000000001  1807
5  26.699999999999999  1893
1  40.899999999999999  2635
2  33.700000000000003  2625
3  29.800000000000001  2286
4  26.899999999999999  1978
5  14.4  1369
1  43.100000000000001  2757
2  26.199999999999999  2345
3  25.300000000000001  1805
4  29.5  2300
5  23.399999999999999  2008
1  36.799999999999997  2744
2  39.899999999999999  2557
3  19.300000000000001  2106
4  22.0  2151
5  24.100000000000001  1522
1  39.600000000000001  2665
2  33.5  2558
3  28.0  2456
4  25.600000000000001  1941
5  20.399999999999999  1627
1  33.600000000000001  2601
2  29.899999999999999  2579
3  30.899999999999999  2137
4  22.600000000000001  1907
5  15.1  1681
1  37.0  2379
2  32.799999999999997  2276
3  22.899999999999999  1971
4  20.800000000000001  2142
5  20.199999999999999  1900
1  34.399999999999999  2859
2  29.199999999999999  2226
3  29.399999999999999  2323
4  20.5  1762
5  24.100000000000001  1930
1  30.899999999999999  2611
2  39.899999999999999  2547
3  23.600000000000001  2065
4  24.899999999999999  1541
5  20.199999999999999  1915
1  39.899999999999999  2402
2  32.399999999999999  2456
3  24.399999999999999  1975
4  30.899999999999999  2073
5  17.899999999999999  2019
1  35.299999999999997  2876
2  35.899999999999999  2543
3  35.799999999999997  2126
4  23.600000000000001  2302
5  18.5  1541
1  40.100000000000001  2494
2  32.600000000000001  2226
3  25.800000000000001  2491
4  17.0  1754
5  20.300000000000001  1765
1  35.600000000000001  2744
2  31.199999999999999  2076
3  25.100000000000001  1907
4  20.300000000000001  1807
5  19.0  1887
1  38.299999999999997  2517
2  34.299999999999997  2468
3  24.0  1857
4  23.5  1611
5  32.200000000000003  2048
1  40.299999999999997  2511
2  36.799999999999997  2320
3  14.199999999999999  1862
4  23.699999999999999  1916
5  12.5  1481
1  39.700000000000003  2523
2  32.299999999999997  2390
3  32.200000000000003  1819
4  21.600000000000001  2192
5  23.0  1723
1  37.899999999999999  2220
2  44.5  2716
3  27.600000000000001  2359
4  40.700000000000003  2103
5  14.9  1688
1  31.100000000000001  2677
2  34.700000000000003  2379
3  30.100000000000001  2195
4  28.0  2211
5  23.199999999999999  1857
1  31.399999999999999  2559
2  37.100000000000001  2428
3  27.5  1956
4  19.100000000000001  2187
5  15.699999999999999  1635
1  38.700000000000003  2699
2  32.799999999999997  2556
3  36.700000000000003  2267
4  16.699999999999999  1862
5  23.699999999999999  1744
1  41.100000000000001  2621
2  37.399999999999999  2519
3  21.800000000000001  2398
4  23.800000000000001  1594
5  29.300000000000001  1871
1  40.799999999999997  2470
2  35.799999999999997  2559
3  22.399999999999999  2216
4  22.300000000000001  2137
5  16.5  1835
1  26.300000000000001  2150
2  43.600000000000001  2765
3  26.600000000000001  2330
4  26.800000000000001  1540
5  20.5  1934
1  37.899999999999999  2604
2  43.5  2506
3  21.399999999999999  1692
4  20.600000000000001  1903
5  15.6  1718
1  33.700000000000003  2508
2  29.699999999999999  2833
3  26.699999999999999  2018
4  18.300000000000001  1813
5  25.100000000000001  1973
1  42.899999999999999  3017
2  30.199999999999999  2790
3  19.899999999999999  2116
4  21.100000000000001  1865
5  24.300000000000001  1922
1  48.399999999999999  2705
2  25.800000000000001  2282
3  27.100000000000001  2257
4  24.5  1939
5  21.5  1891
1  24.300000000000001  1902
2  37.0  2617
3  28.100000000000001  2556
4  25.5  1952
5  17.699999999999999  1787
1  37.5  2499
2  40.700000000000003  2447
3  31.199999999999999  2220
4  28.399999999999999  1909
5  21.800000000000001  1423
1  40.5  2590
2  30.100000000000001  2383
3  22.399999999999999  2266
4  24.399999999999999  2372
5  14.0  1813
1  28.100000000000001  2617
2  38.899999999999999  2410
3  21.399999999999999  2049
4  23.699999999999999  2282
5  18.399999999999999  1751
1  38.100000000000001  2642
2  42.399999999999999  2293
3  19.399999999999999  2107
4  15.5  2034
5  19.199999999999999  1883
1  43.5  2889
2  34.899999999999999  2572
3  35.600000000000001  2040
4  20.800000000000001  2439
5  20.0  1890
1  47.5  2662
2  43.700000000000003  2294
3  37.200000000000003  2464
4  29.399999999999999  1893
5  13.4  1688
1  34.299999999999997  2602
2  35.600000000000001  2444
3  26.199999999999999  2160
4  26.100000000000001  2087
5  19.800000000000001  1927
1  36.600000000000001  2913
2  31.0  2563
3  25.600000000000001  1836
4  27.5  1971
5  16.600000000000001  1800
1  43.600000000000001  2636
2  29.300000000000001  2559
3  37.299999999999997  2163
4  30.899999999999999  2037
5  25.399999999999999  1879
1  39.5  2627
2  40.700000000000003  2556
3  31.300000000000001  2414
4  23.800000000000001  2027
5  31.0  1820
1  36.899999999999999  2629
2  29.100000000000001  2591
3  24.5  2306
4  20.5  2313
5  18.699999999999999  1846
1  33.899999999999999  3042
2  27.399999999999999  2313
3  27.699999999999999  2148
4  19.0  1994
5  22.100000000000001  1600
1  44.5  2689
2  27.100000000000001  2482
3  29.300000000000001  2177
4  20.800000000000001  1730
5  21.699999999999999  1766
1  32.100000000000001  2969
2  26.199999999999999  2178
3  27.399999999999999  2210
4  23.399999999999999  1804
5  16.899999999999999  1628
1  38.899999999999999  2850
2  36.399999999999999  2302
3  25.899999999999999  2000
4  21.800000000000001  2046
5  19.899999999999999  1670
1  24.5  2658
2  33.0  2602
3  25.300000000000001  2020
4  26.300000000000001  2131
5  17.100000000000001  1822
1  33.600000000000001  2504
2  34.200000000000003  2561
3  34.600000000000001  2023
4  25.0  1910
5  27.100000000000001  1724
1  42.299999999999997  2763
2  27.899999999999999  2544
3  30.399999999999999  1954
4  12.800000000000001  1656
5  19.100000000000001  1655
1  45.0  2939
2  41.200000000000003  2559
3  19.300000000000001  2071
4  25.100000000000001  1823
5  19.5  1979
1  35.200000000000003  2503
2  35.299999999999997  2443
3  21.600000000000001  2102
4  20.300000000000001  2111
5  22.0  1977
1  35.299999999999997  2153
2  40.899999999999999  2378
3  27.399999999999999  2110
4  30.899999999999999  1927
5  21.399999999999999  1904
1  44.399999999999999  2401
2  48.799999999999997  2651
3  30.699999999999999  2314
4  17.800000000000001  1965
5  19.199999999999999  1639
1  37.899999999999999  2753
2  33.600000000000001  2596
3  35.5  2234
4  20.600000000000001  1913
5  21.199999999999999  1735
1  38.399999999999999  2651
2  31.100000000000001  2135
3  28.600000000000001  2024
4  21.199999999999999  2039
5  19.800000000000001  1870
1  32.700000000000003  2479
2  33.5  2530
3  27.100000000000001  2238
4  23.0  1892
5  25.199999999999999  1665
1  40.100000000000001  2428
2  29.300000000000001  2883
3  15.800000000000001  2187
4  27.0  1974
5  21.399999999999999  1888
1  36.5  2622
2  34.600000000000001  2587
3  18.300000000000001  1682
4  19.800000000000001  1635
5  16.5  2077
1  41.299999999999997  2476
2  41.700000000000003  2124
3  36.600000000000001  2005
4  24.199999999999999  2336
5  24.899999999999999  1734
1  43.600000000000001  2724
2  30.899999999999999  2485
3  33.899999999999999  2035
4  20.600000000000001  2186
5  25.0  1653
1  35.200000000000003  2915
2  44.899999999999999  2459
3  29.699999999999999  2328
4  27.199999999999999  2045
5  22.0  1887
1  42.899999999999999  2182
2  33.299999999999997  2389
3  35.5  1955
4  25.0  2085
5  18.5  1553
1  43.100000000000001  2625
2  36.399999999999999  2212
3  17.800000000000001  2064
4  19.699999999999999  2033
5  14.4  1437
1  37.700000000000003  2537
2  18.600000000000001  2414
3  25.899999999999999  2393
4  32.799999999999997  2449
5  14.9  1562
1  39.5  2503
2  35.799999999999997  2518
3  31.600000000000001  2003
4  26.300000000000001  1995
5  24.300000000000001  2131
1  35.600000000000001  2722
2  27.600000000000001  2596
3  29.0  1981
4  34.100000000000001  2074
5  21.600000000000001  1670
1  35.799999999999997  2780
2  41.299999999999997  2379
3  29.199999999999999  2241
4  28.800000000000001  2181
5  20.300000000000001  1655
1  40.299999999999997  2743
2  25.899999999999999  2589
3  28.100000000000001  2367
4  23.399999999999999  2165
5  22.199999999999999  1836
1  36.200000000000003  2787
2  41.100000000000001  2175
3  29.699999999999999  1978
4  20.300000000000001  1867
5  28.0  1813
1  33.5  2302
2  41.799999999999997  2352
3  22.600000000000001  2251
4  27.399999999999999  1725
5  18.699999999999999  2138
1  43.5  2801
2  30.5  2856
3  25.199999999999999  2276
4  23.0  1961
5  17.300000000000001  1505
1  38.399999999999999  2662
2  32.600000000000001  2254
3  32.100000000000001  2155
4  35.5  2261
5  31.0  2148
1  38.700000000000003  2579
2  37.700000000000003  2205
3  30.100000000000001  2361
4  20.399999999999999  2126
5  18.800000000000001  1580
1  40.600000000000001  2683
2  40.0  2569
3  26.300000000000001  2266
4  24.899999999999999  2206
5  22.100000000000001  1923
1  45.200000000000003  2375
2  45.5  2224
3  23.600000000000001  2095
4  26.600000000000001  2125
5  15.6  1802
1  35.299999999999997  2554
2  37.799999999999997  2508
3  20.5  1952
4  24.800000000000001  1789
5  13.0  1830
1  35.899999999999999  2539
2  36.700000000000003  2401
3  27.100000000000001  2340
4  22.399999999999999  1734
5  11.9  1643
1  37.399999999999999  2510
2  42.799999999999997  2324
3  32.799999999999997  2026
4  21.5  2075
5  21.399999999999999  1874
1  40.399999999999999  2569
2  37.799999999999997  2422
3  25.399999999999999  2336
4  19.899999999999999  1934
5  22.800000000000001  1990
1  34.600000000000001  2876
2  35.299999999999997  2470
3  27.199999999999999  2146
4  25.0  2023
5  28.699999999999999  1845
1  40.200000000000003  2456
2  38.299999999999997  2677
3  35.0  2196
4  25.100000000000001  1843
5  24.100000000000001  1728
1  48.5  2377
2  35.0  2562
3  20.5  2118
4  28.699999999999999  1958
5  24.5  1889
1  33.200000000000003  2499
2  35.0  2115
3  23.5  1699
4  31.199999999999999  2052
5  19.399999999999999  1669
1  49.100000000000001  2418
2  34.5  2524
3  25.699999999999999  2041
4  22.399999999999999  1907
5  16.699999999999999  1748
1  41.0  2527
2  36.5  2123
3  34.899999999999999  2216
4  31.800000000000001  1705
5  26.699999999999999  1796
