1  76.0  284.0
1  33.0  219.0
1  77.0  153.0
1  55.0  423.0
1  45.0  143.0
1  100.0  3.0
1  98.0  23.0
1  76.0  262.0
1  18.0  284.0
1  73.0  237.0
1  71.0  212.0
1  58.0  300.0
1  69.0  324.0
1  85.0  187.0
1  98.0  11.0
1  86.0  219.0
1  50.0  288.0
1  48.0  350.0
1  42.0  271.0
1  74.0  233.0
1  70.0  293.0
1  0.0  719.0
1  68.0  262.0
1  53.0  283.0
1  59.0  425.0
1  25.0  297.0
1  75.0  155.0
1  72.0  229.0
1  100.0  109.0
1  59.0  234.0
1  83.0  127.0
1  89.0  95.0
1  85.0  173.0
1  90.0  146.0
1  86.0  108.0
1  67.0  189.0
1  77.0  167.0
1  52.0  230.0
1  90.0  151.0
1  79.0  215.0
1  40.0  290.0
1  52.0  423.0
1  99.0  111.0
1  75.0  161.0
1  98.0  31.0
1  64.0  266.0
1  100.0  7.0
1  77.0  214.0
1  46.0  314.0
1  0.0  772.0
1  46.0  441.0
1  43.0  322.0
1  32.0  248.0
1  61.0  288.0
1  73.0  273.0
1  100.0  117.0
1  68.0  266.0
1  70.0  310.0
1  81.0  164.0
1  100.0  126.0
1  83.0  116.0
1  88.0  80.0
1  80.0  223.0
1  72.0  244.0
1  46.0  277.0
1  86.0  164.0
1  100.0  200.0
1  68.0  280.0
1  60.0  136.0
1  75.0  176.0
1  60.0  398.0
1  84.0  76.0
1  78.0  205.0
1  76.0  175.0
1  95.0  87.0
1  79.0  233.0
1  99.0  15.0
1  100.0  34.0
1  95.0  150.0
1  91.0  145.0
1  75.0  189.0
1  90.0  194.0
1  91.0  177.0
1  94.0  96.0
1  99.0  29.0
1  100.0  84.0
1  51.0  445.0
1  55.0  209.0
1  59.0  274.0
1  64.0  264.0
1  62.0  327.0
1  93.0  53.0
1  75.0  244.0
1  83.0  191.0
1  81.0  189.0
1  81.0  157.0
1  27.0  357.0
1  75.0  195.0
1  74.0  205.0
1  53.0  183.0
2  100.0  7.0
2  89.0  176.0
2  100.0  44.0
2  100.0  8.0
2  62.0  226.0
2  77.0  330.0
2  73.0  277.0
2  56.0  135.0
2  97.0  48.0
2  96.0  52.0
2  100.0  13.0
2  88.0  230.0
2  42.0  377.0
2  93.0  104.0
2  95.0  97.0
2  93.0  206.0
2  82.0  350.0
2  63.0  297.0
2  55.0  397.0
2  76.0  251.0
2  67.0  259.0
2  63.0  309.0
2  90.0  195.0
2  95.0  119.0
2  100.0  29.0
2  57.0  325.0
2  43.0  280.0
2  100.0  35.0
2  37.0  253.0
2  39.0  658.0
2  63.0  257.0
2  89.0  82.0
2  92.0  89.0
2  74.0  268.0
2  72.0  195.0
2  65.0  296.0
2  52.0  420.0
2  48.0  525.0
2  78.0  163.0
2  100.0  62.0
2  44.0  279.0
2  58.0  277.0
2  20.0  553.0
2  94.0  69.0
2  89.0  77.0
2  49.0  223.0
2  99.0  14.0
2  65.0  195.0
2  96.0  76.0
2  100.0  47.0
2  93.0  85.0
2  100.0  4.0
2  52.0  204.0
2  85.0  339.0
2  72.0  327.0
2  45.0  341.0
2  72.0  408.0
2  36.0  95.0
2  43.0  136.0
2  45.0  91.0
2  57.0  368.0
2  78.0  87.0
2  66.0  386.0
2  20.0  261.0
2  100.0  100.0
2  63.0  185.0
2  100.0  4.0
2  89.0  91.0
2  94.0  79.0
2  100.0  37.0
2  77.0  231.0
2  99.0  47.0
2  83.0  133.0
2  88.0  118.0
2  96.0  58.0
2  73.0  245.0
2  94.0  71.0
2  17.0  400.0
2  95.0  105.0
2  54.0  164.0
2  73.0  217.0
2  87.0  116.0
2  65.0  299.0
2  70.0  222.0
2  95.0  230.0
2  91.0  112.0
2  53.0  285.0
2  80.0  184.0
2  0.0  340.0
2  94.0  107.0
2  73.0  75.0
2  87.0  118.0
2  90.0  199.0
2  78.0  179.0
2  74.0  211.0
2  100.0  11.0
2  85.0  67.0
2  28.0  355.0
2  89.0  97.0
2  82.0  251.0
3  76.0  412.0
3  43.0  279.0
3  81.0  249.0
3  92.0  116.0
3  86.0  128.0
3  83.0  253.0
3  77.0  149.0
3  68.0  306.0
3  56.0  351.0
3  83.0  195.0
3  12.0  524.0
3  0.0  170.0
3  67.0  225.0
3  55.0  273.0
3  82.0  92.0
3  57.0  192.0
3  45.0  296.0
3  69.0  124.0
3  53.0  227.0
3  70.0  74.0
3  59.0  378.0
3  56.0  460.0
3  88.0  179.0
3  78.0  192.0
3  100.0  46.0
3  47.0  444.0
3  100.0  1.0
3  56.0  350.0
3  12.0  551.0
3  91.0  117.0
3  97.0  139.0
3  52.0  242.0
3  21.0  205.0
3  62.0  281.0
3  66.0  330.0
3  76.0  230.0
3  61.0  105.0
3  94.0  112.0
3  78.0  233.0
3  72.0  212.0
3  66.0  153.0
3  1.0  293.0
3  26.0  229.0
3  84.0  247.0
3  66.0  285.0
3  86.0  103.0
3  50.0  185.0
3  48.0  289.0
3  85.0  163.0
3  98.0  39.0
3  97.0  93.0
3  100.0  200.0
3  79.0  46.0
3  51.0  152.0
3  76.0  95.0
3  100.0  3.0
3  69.0  115.0
3  47.0  231.0
3  75.0  167.0
3  36.0  141.0
3  57.0  255.0
3  81.0  92.0
3  100.0  200.0
3  58.0  218.0
3  20.0  125.0
3  21.0  341.0
3  72.0  218.0
3  23.0  205.0
3  78.0  254.0
3  80.0  208.0
3  82.0  39.0
3  56.0  206.0
3  100.0  33.0
3  94.0  115.0
3  40.0  354.0
3  62.0  282.0
3  86.0  179.0
3  42.0  179.0
3  60.0  178.0
3  100.0  23.0
3  91.0  83.0
3  52.0  304.0
3  38.0  126.0
3  95.0  155.0
3  84.0  192.0
3  71.0  179.0
3  94.0  72.0
3  44.0  173.0
3  41.0  465.0
3  90.0  17.0
3  91.0  141.0
3  33.0  658.0
3  79.0  191.0
3  36.0  359.0
3  0.0  26.0
3  72.0  187.0
3  49.0  260.0
3  36.0  272.0
3  100.0  49.0
3  48.0  411.0
4  71.0  141.0
4  85.0  95.0
4  100.0  52.0
4  80.0  156.0
4  83.0  242.0
4  86.0  80.0
4  0.0  100.0
4  61.0  205.0
4  84.0  319.0
4  70.0  291.0
4  40.0  290.0
4  97.0  55.0
4  69.0  170.0
4  93.0  35.0
4  96.0  28.0
4  93.0  65.0
4  91.0  147.0
4  55.0  172.0
4  28.0  188.0
4  82.0  100.0
4  73.0  325.0
4  27.0  241.0
4  87.0  302.0
4  88.0  169.0
4  88.0  173.0
4  6.0  310.0
4  58.0  218.0
4  93.0  151.0
4  75.0  305.0
4  22.0  351.0
4  63.0  137.0
4  31.0  192.0
4  86.0  185.0
4  53.0  237.0
4  95.0  165.0
4  73.0  136.0
4  86.0  198.0
4  99.0  30.0
4  38.0  213.0
4  74.0  273.0
4  0.0  565.0
4  77.0  168.0
4  90.0  48.0
4  63.0  190.0
4  84.0  73.0
4  56.0  248.0
4  61.0  342.0
4  100.0  103.0
4  48.0  276.0
4  69.0  193.0
4  84.0  106.0
4  82.0  147.0
4  28.0  424.0
4  80.0  135.0
4  73.0  149.0
4  56.0  360.0
4  64.0  115.0
4  50.0  221.0
4  52.0  239.0
4  85.0  132.0
4  36.0  293.0
4  53.0  260.0
4  8.0  236.0
4  53.0  266.0
4  20.0  592.0
4  71.0  235.0
4  37.0  330.0
4  46.0  199.0
4  53.0  209.0
4  100.0  179.0
4  75.0  137.0
4  85.0  197.0
4  93.0  118.0
4  50.0  235.0
4  87.0  130.0
4  87.0  36.0
4  0.0  248.0
4  73.0  111.0
4  40.0  160.0
4  100.0  15.0
4  51.0  232.0
4  65.0  268.0
4  69.0  196.0
4  79.0  264.0
4  89.0  228.0
4  67.0  228.0
4  59.0  189.0
4  54.0  285.0
4  62.0  229.0
4  75.0  180.0
4  81.0  144.0
4  58.0  209.0
4  100.0  4.0
4  39.0  190.0
4  68.0  222.0
4  81.0  127.0
4  100.0  18.0
4  70.0  140.0
4  57.0  139.0
4  45.0  331.0
5  0.0  741.0
5  35.0  357.0
5  100.0  21.0
5  73.0  141.0
5  65.0  231.0
5  100.0  12.0
5  55.0  321.0
5  61.0  126.0
5  28.0  171.0
5  0.0  0.0
5  92.0  33.0
5  48.0  341.0
5  92.0  28.0
5  87.0  158.0
5  70.0  82.0
5  75.0  112.0
5  69.0  281.0
5  0.0  500.0
5  77.0  189.0
5  61.0  98.0
5  37.0  221.0
5  96.0  71.0
5  65.0  165.0
5  61.0  217.0
5  66.0  129.0
5  68.0  237.0
5  7.0  370.0
5  85.0  91.0
5  94.0  48.0
5  79.0  257.0
5  96.0  35.0
5  84.0  143.0
5  68.0  248.0
5  68.0  217.0
5  43.0  225.0
5  60.0  109.0
5  85.0  151.0
5  100.0  25.0
5  61.0  204.0
5  71.0  169.0
5  96.0  50.0
5  50.0  242.0
5  98.0  18.0
5  79.0  182.0
5  69.0  260.0
5  68.0  187.0
5  75.0  359.0
5  70.0  154.0
5  85.0  133.0
5  100.0  59.0
5  44.0  336.0
5  100.0  67.0
5  32.0  320.0
5  41.0  283.0
5  87.0  61.0
5  45.0  128.0
5  34.0  276.0
5  65.0  134.0
5  69.0  248.0
5  83.0  193.0
5  54.0  281.0
5  42.0  243.0
5  100.0  5.0
5  35.0  470.0
5  68.0  155.0
5  57.0  230.0
5  64.0  167.0
5  17.0  643.0
5  74.0  175.0
5  67.0  226.0
5  74.0  264.0
5  88.0  114.0
5  77.0  111.0
5  5.0  199.0
5  100.0  107.0
5  79.0  106.0
5  84.0  211.0
5  71.0  224.0
5  16.0  240.0
5  62.0  276.0
5  57.0  124.0
5  78.0  330.0
5  28.0  779.0
5  83.0  215.0
5  50.0  352.0
5  94.0  57.0
5  100.0  11.0
5  72.0  218.0
5  79.0  332.0
5  64.0  191.0
5  70.0  256.0
5  50.0  233.0
5  40.0  218.0
5  61.0  211.0
5  73.0  189.0
5  58.0  171.0
5  72.0  83.0
5  76.0  232.0
5  16.0  619.0
5  36.0  305.0
