40  1.0  224
60  28.0  229
80  23.0  307
100  50.0  265
120  70.0  446
140  92.0  290
160  65.0  339
180  67.0  387
200  79.0  503
40  5.0  258
60  13.0  415
80  75.0  327
100  38.0  267
120  44.0  416
140  36.0  387
160  48.0  330
180  90.0  333
200  95.0  264
40  22.0  183
60  11.0  148
80  36.0  401
100  68.0  296
120  42.0  495
140  86.0  280
160  51.0  449
180  72.0  264
200  87.0  300
40  38.0  274
60  23.0  320
80  50.0  344
100  38.0  299
120  89.0  279
140  49.0  436
160  60.0  368
180  91.0  333
200  69.0  243
40  8.0  221
60  21.0  282
80  22.0  267
100  50.0  455
120  61.0  467
140  68.0  503
160  58.0  374
180  90.0  349
200  76.0  446
40  8.0  203
60  24.0  434
80  34.0  341
100  36.0  403
120  56.0  379
140  86.0  292
160  96.0  254
180  82.0  341
200  96.0  263
40  28.0  337
60  28.0  304
80  51.0  417
100  40.0  406
120  51.0  426
140  52.0  310
160  78.0  346
180  97.0  257
200  87.0  292
40  9.0  169
60  29.0  276
80  45.0  325
100  29.0  414
120  77.0  340
140  94.0  271
160  69.0  422
180  59.0  273
200  82.0  317
40  36.0  302
60  49.0  479
80  29.0  432
100  32.0  332
120  77.0  302
140  75.0  416
160  67.0  518
180  58.0  586
200  53.0  418
40  26.0  263
60  12.0  367
80  48.0  371
100  40.0  352
120  85.0  309
140  46.0  278
160  87.0  311
180  78.0  301
200  76.0  477
40  24.0  253
60  1.0  265
80  30.0  266
100  62.0  380
120  77.0  284
140  57.0  231
160  65.0  427
180  50.0  332
200  80.0  277
40  44.0  306
60  47.0  310
80  60.0  378
100  42.0  411
120  44.0  231
140  82.0  283
160  74.0  394
180  85.0  388
200  92.0  275
40  12.0  151
60  36.0  410
80  39.0  455
100  59.0  285
120  64.0  419
140  62.0  210
160  97.0  331
180  60.0  469
200  97.0  248
40  47.0  203
60  31.0  286
80  45.0  392
100  50.0  359
120  77.0  352
140  89.0  347
160  80.0  362
180  89.0  306
200  90.0  271
40  13.0  283
60  54.0  238
80  50.0  342
100  36.0  325
120  68.0  273
140  71.0  446
160  89.0  334
180  76.0  266
200  58.0  172
40  18.0  136
60  39.0  296
80  46.0  402
100  43.0  291
120  22.0  440
140  60.0  457
160  73.0  303
180  91.0  303
200  82.0  420
40  6.0  149
60  6.0  497
80  10.0  228
100  59.0  299
120  39.0  296
140  79.0  365
160  74.0  468
180  93.0  292
200  70.0  286
40  16.0  254
60  16.0  309
80  51.0  450
100  67.0  403
120  55.0  434
140  65.0  392
160  67.0  331
180  86.0  338
200  82.0  253
40  25.0  227
60  28.0  221
80  55.0  371
100  38.0  368
120  52.0  554
140  43.0  440
160  54.0  256
180  64.0  354
200  62.0  691
40  37.0  300
60  7.0  233
80  40.0  392
100  48.0  399
120  27.0  493
140  57.0  410
160  67.0  333
180  62.0  431
200  92.0  284
40  16.0  276
60  35.0  123
80  57.0  300
100  59.0  358
120  55.0  471
140  45.0  391
160  89.0  192
180  81.0  318
200  77.0  405
40  21.0  259
60  27.0  380
80  42.0  357
100  68.0  367
120  34.0  361
140  68.0  285
160  95.0  251
180  72.0  482
200  74.0  379
40  5.0  235
60  27.0  276
80  29.0  216
100  53.0  119
120  87.0  235
140  76.0  292
160  54.0  326
180  71.0  288
200  97.0  247
40  26.0  261
60  21.0  256
80  64.0  394
100  27.0  370
120  35.0  232
140  64.0  442
160  87.0  307
180  95.0  239
200  89.0  306
40  14.0  320
60  48.0  321
80  53.0  331
100  69.0  370
120  49.0  504
140  64.0  216
160  84.0  277
180  79.0  392
200  96.0  254
40  17.0  252
60  40.0  386
80  47.0  369
100  25.0  206
120  68.0  372
140  74.0  464
160  28.0  346
180  85.0  361
200  83.0  359
40  22.0  177
60  30.0  271
80  25.0  545
100  53.0  217
120  30.0  415
140  64.0  435
160  67.0  305
180  42.0  508
200  74.0  334
40  8.0  195
60  28.0  323
80  48.0  251
100  84.0  300
120  35.0  422
140  25.0  705
160  59.0  383
180  97.0  229
200  89.0  282
40  30.0  373
60  16.0  386
80  49.0  366
100  59.0  271
120  88.0  299
140  79.0  368
160  59.0  435
180  48.0  279
200  83.0  286
40  34.0  243
60  42.0  362
80  24.0  457
100  34.0  396
120  69.0  414
140  28.0  443
160  85.0  339
180  58.0  330
200  95.0  267
40  39.0  282
60  50.0  316
80  41.0  349
100  58.0  424
120  58.0  367
140  91.0  272
160  63.0  549
180  92.0  265
200  35.0  355
40  10.0  137
60  49.0  320
80  36.0  313
100  67.0  271
120  68.0  311
140  51.0  310
160  85.0  304
180  96.0  219
200  97.0  191
40  20.0  309
60  40.0  388
80  57.0  324
100  56.0  372
120  58.0  275
140  73.0  357
160  95.0  277
180  48.0  391
200  96.0  266
40  1.0  277
60  2.0  391
80  40.0  224
100  67.0  228
120  68.0  334
140  81.0  303
160  74.0  374
180  86.0  377
200  88.0  335
40  52.0  347
60  33.0  418
80  41.0  318
100  63.0  218
120  54.0  417
140  55.0  354
160  59.0  393
180  58.0  419
200  85.0  396
40  2.0  285
60  23.0  215
80  36.0  274
100  53.0  466
120  66.0  344
140  59.0  368
160  80.0  379
180  44.0  342
200  92.0  237
40  26.0  233
60  28.0  315
80  56.0  350
100  28.0  542
120  39.0  404
140  5.0  292
160  72.0  479
180  64.0  500
200  74.0  403
40  4.0  229
60  44.0  396
80  26.0  438
100  60.0  318
120  54.0  462
140  81.0  327
160  88.0  299
180  88.0  299
200  77.0  370
40  31.0  324
60  48.0  193
80  41.0  353
100  67.0  312
120  91.0  262
140  47.0  506
160  90.0  311
180  94.0  251
200  67.0  516
40  17.0  306
60  16.0  293
80  51.0  403
100  41.0  313
120  44.0  361
140  63.0  390
160  80.0  369
180  93.0  274
200  94.0  260
40  11.0  224
60  31.0  198
80  29.0  475
100  38.0  368
120  86.0  266
140  68.0  330
160  56.0  520
180  58.0  571
200  84.0  390
40  16.0  156
60  52.0  274
80  46.0  260
100  72.0  369
120  71.0  397
140  52.0  370
160  67.0  268
180  83.0  344
200  51.0  351
40  8.0  117
60  29.0  203
80  37.0  371
100  66.0  432
120  84.0  337
140  69.0  390
160  46.0  247
180  80.0  266
200  77.0  258
40  5.0  252
60  25.0  368
80  33.0  347
100  30.0  271
120  51.0  452
140  59.0  351
160  84.0  341
180  38.0  225
200  27.0  241
40  10.0  278
60  37.0  290
80  27.0  454
100  79.0  279
120  66.0  503
140  70.0  343
160  92.0  283
180  83.0  422
200  74.0  233
40  22.0  283
60  18.0  138
80  47.0  398
100  21.0  559
120  31.0  342
140  67.0  379
160  74.0  364
180  41.0  605
200  92.0  251
40  0.0  207
60  6.0  273
80  26.0  227
100  60.0  400
120  51.0  452
140  72.0  413
160  62.0  444
180  93.0  238
200  91.0  284
40  11.0  116
60  5.0  125
80  69.0  320
100  57.0  316
120  60.0  468
140  54.0  536
160  43.0  728
180  57.0  419
200  76.0  371
40  8.0  299
60  46.0  267
80  45.0  387
100  51.0  372
120  55.0  476
140  78.0  384
160  68.0  448
180  63.0  432
200  90.0  304
40  11.0  302
60  19.0  250
80  16.0  282
100  39.0  316
120  63.0  277
140  55.0  496
160  84.0  299
180  48.0  386
200  97.0  232
40  12.0  263
60  35.0  368
80  76.0  318
100  52.0  439
120  76.0  280
140  60.0  445
160  96.0  251
180  81.0  454
200  97.0  247
40  25.0  251
60  29.0  343
80  13.0  434
100  58.0  363
120  63.0  237
140  62.0  320
160  90.0  299
180  92.0  284
200  48.0  259
40  10.0  311
60  18.0  317
80  50.0  322
100  65.0  408
120  73.0  339
140  74.0  218
160  73.0  386
180  88.0  306
200  93.0  244
40  26.0  321
60  20.0  242
80  50.0  437
100  37.0  416
120  40.0  521
140  27.0  215
160  70.0  306
180  80.0  363
200  81.0  369
40  1.0  386
60  48.0  341
80  25.0  449
100  72.0  333
120  62.0  443
140  61.0  246
160  59.0  315
180  68.0  280
200  85.0  281
40  33.0  325
60  5.0  219
80  33.0  390
100  47.0  395
120  51.0  467
140  37.0  272
160  95.0  212
180  69.0  325
200  85.0  372
40  14.0  242
60  41.0  275
80  50.0  380
100  46.0  393
120  45.0  301
140  75.0  358
160  80.0  250
180  97.0  243
200  50.0  393
40  10.0  358
60  22.0  348
80  75.0  244
100  24.0  335
120  65.0  359
140  75.0  405
160  66.0  506
180  81.0  379
200  92.0  319
40  9.0  208
60  16.0  332
80  53.0  498
100  65.0  458
120  59.0  444
140  71.0  409
160  85.0  338
180  64.0  271
200  65.0  327
40  6.0  217
60  33.0  339
80  48.0  359
100  29.0  551
120  38.0  358
140  76.0  348
160  89.0  328
180  85.0  421
200  91.0  308
40  0.0  269
60  43.0  378
80  28.0  359
100  42.0  364
120  68.0  372
140  94.0  256
160  49.0  440
180  90.0  338
200  86.0  211
40  25.0  372
60  18.0  287
80  56.0  416
100  78.0  378
120  43.0  506
140  73.0  392
160  74.0  436
180  90.0  292
200  95.0  265
40  17.0  271
60  27.0  227
80  48.0  407
100  19.0  198
120  39.0  432
140  52.0  496
160  76.0  468
180  79.0  400
200  93.0  312
40  7.0  137
60  0.0  283
80  27.0  393
100  64.0  363
120  55.0  446
140  46.0  449
160  78.0  410
180  89.0  316
200  72.0  232
40  10.0  278
60  6.0  323
80  39.0  330
100  57.0  505
120  60.0  337
140  86.0  311
160  68.0  225
180  93.0  264
200  69.0  484
40  15.0  240
60  11.0  213
80  37.0  216
100  87.0  191
120  53.0  362
140  75.0  288
160  71.0  294
180  96.0  226
200  76.0  369
40  2.0  218
60  50.0  324
80  39.0  477
100  39.0  587
120  61.0  362
140  59.0  586
160  93.0  208
180  45.0  470
200  83.0  399
40  0.0  191
60  45.0  328
80  12.0  254
100  60.0  401
120  37.0  570
140  90.0  334
160  79.0  298
180  94.0  279
200  63.0  582
40  28.0  292
60  46.0  290
80  32.0  388
100  42.0  565
120  81.0  276
140  62.0  445
160  76.0  238
180  79.0  414
200  76.0  319
40  29.0  224
60  38.0  323
80  48.0  316
100  77.0  300
120  66.0  475
140  79.0  405
160  75.0  422
180  88.0  334
200  84.0  264
40  4.0  126
60  21.0  421
80  51.0  451
100  37.0  459
120  66.0  377
140  33.0  274
160  45.0  442
180  66.0  447
200  83.0  285
40  10.0  190
60  19.0  313
80  43.0  451
100  51.0  194
120  72.0  403
140  54.0  465
160  72.0  440
180  71.0  423
200  79.0  395
40  16.0  242
60  32.0  191
80  36.0  381
100  45.0  266
120  26.0  442
140  69.0  350
160  71.0  341
180  60.0  538
200  58.0  451
40  27.0  225
60  26.0  518
80  53.0  468
100  53.0  477
120  69.0  451
140  67.0  352
160  73.0  518
180  45.0  508
200  88.0  247
40  18.0  324
60  15.0  289
80  43.0  360
100  40.0  358
120  79.0  365
140  88.0  286
160  77.0  451
180  73.0  545
200  74.0  534
40  11.0  247
60  20.0  444
80  59.0  315
100  35.0  323
120  90.0  308
140  87.0  287
160  61.0  236
180  48.0  383
200  87.0  274
40  32.0  214
60  20.0  429
80  64.0  409
100  42.0  391
120  53.0  351
140  59.0  476
160  48.0  180
180  86.0  367
200  76.0  386
40  25.0  241
60  11.0  325
80  63.0  422
100  65.0  279
120  73.0  374
140  36.0  548
160  77.0  341
180  85.0  334
200  96.0  256
40  16.0  234
60  21.0  369
80  40.0  425
100  26.0  426
120  74.0  320
140  86.0  298
160  51.0  448
180  88.0  321
200  63.0  327
40  20.0  225
60  12.0  132
80  41.0  386
100  62.0  426
120  60.0  480
140  64.0  476
160  64.0  403
180  85.0  346
200  91.0  293
40  0.0  229
60  8.0  261
80  60.0  452
100  43.0  285
120  69.0  406
140  81.0  301
160  59.0  224
180  80.0  341
200  94.0  295
40  14.0  140
60  39.0  319
80  49.0  363
100  28.0  590
120  47.0  491
140  46.0  377
160  72.0  485
180  73.0  348
200  85.0  275
40  23.0  153
60  28.0  354
80  10.0  329
100  56.0  419
120  65.0  452
140  85.0  293
160  69.0  565
180  93.0  280
200  55.0  368
40  5.0  242
60  27.0  364
80  35.0  309
100  53.0  393
120  55.0  376
140  62.0  403
160  87.0  344
180  74.0  322
200  85.0  439
40  35.0  113
60  38.0  361
80  36.0  344
100  67.0  271
120  70.0  352
140  74.0  272
160  65.0  348
180  75.0  395
200  59.0  318
40  6.0  199
60  22.0  169
80  63.0  262
100  50.0  339
120  61.0  266
140  26.0  246
160  89.0  300
180  58.0  384
200  87.0  382
40  0.0  202
60  46.0  249
80  51.0  261
100  47.0  429
120  24.0  440
140  77.0  419
160  71.0  346
180  43.0  275
200  92.0  267
40  0.0  148
60  23.0  374
80  51.0  340
100  49.0  438
120  76.0  366
140  91.0  277
160  63.0  376
180  69.0  560
200  96.0  244
40  25.0  222
60  19.0  432
80  38.0  319
100  42.0  329
120  78.0  307
140  89.0  294
160  69.0  493
180  51.0  526
200  52.0  372
40  24.0  146
60  28.0  373
80  46.0  432
100  57.0  364
120  63.0  243
140  67.0  464
160  69.0  461
180  86.0  379
200  80.0  468
40  35.0  159
60  8.0  271
80  26.0  376
100  52.0  452
120  82.0  352
140  83.0  293
160  81.0  330
180  78.0  348
200  92.0  297
40  34.0  221
60  29.0  379
80  44.0  208
100  78.0  233
120  81.0  290
140  44.0  472
160  76.0  440
180  90.0  325
200  67.0  389
40  9.0  147
60  51.0  348
80  45.0  176
100  43.0  414
120  68.0  454
140  93.0  243
160  89.0  291
180  77.0  379
200  94.0  286
40  28.0  284
60  36.0  335
80  35.0  256
100  51.0  463
120  68.0  315
140  84.0  330
160  46.0  643
180  73.0  465
200  76.0  424
40  40.0  174
60  24.0  317
80  68.0  287
100  59.0  316
120  68.0  405
140  92.0  288
160  86.0  341
180  69.0  410
200  69.0  379
40  17.0  82
60  40.0  306
80  57.0  364
100  33.0  482
120  34.0  380
140  63.0  437
160  55.0  475
180  74.0  293
200  95.0  294
40  25.0  314
60  38.0  282
80  30.0  347
100  75.0  395
120  36.0  476
140  97.0  281
160  89.0  321
180  78.0  477
200  59.0  270
40  30.0  247
60  47.0  363
80  53.0  336
100  73.0  384
120  86.0  284
140  84.0  354
160  87.0  342
180  91.0  318
200  54.0  454
40  22.0  271
60  17.0  401
80  57.0  352
100  56.0  323
120  57.0  478
140  94.0  262
160  45.0  523
180  89.0  315
200  62.0  181
40  29.0  327
60  36.0  395
80  26.0  514
100  56.0  326
120  81.0  353
140  64.0  369
160  75.0  374
180  91.0  319
200  74.0  412
