0  44.5  3985
0  38.899999999999999  3827
0  42.100000000000001  3649
0  38.700000000000003  3567
0  51.600000000000001  3920
0  32.600000000000001  3539
0  33.799999999999997  3070
0  41.399999999999999  3698
0  42.399999999999999  3966
0  45.600000000000001  3948
0  49.799999999999997  4107
0  46.600000000000001  4128
0  38.399999999999999  3526
0  36.200000000000003  3126
0  40.5  3803
0  43.0  3961
0  45.200000000000003  3897
0  49.700000000000003  3897
0  54.700000000000003  3872
0  54.5  3947
0  53.0  4186
0  44.100000000000001  3917
0  38.299999999999997  3605
0  56.799999999999997  4053
0  50.600000000000001  4166
0  46.600000000000001  4002
0  49.600000000000001  3798
0  34.0  3624
0  42.5  4023
0  33.299999999999997  3311
0  37.5  3863
0  51.0  3978
0  38.0  3722
0  52.0  4120
0  45.0  4086
0  34.0  3591
0  44.600000000000001  3594
0  37.399999999999999  3716
0  49.299999999999997  3981
0  34.600000000000001  3149
0  38.799999999999997  3611
0  46.299999999999997  4132
0  40.899999999999999  3827
0  42.299999999999997  4141
0  44.600000000000001  4063
0  40.799999999999997  3801
0  38.399999999999999  3589
0  42.899999999999999  3577
0  47.200000000000003  3945
0  47.700000000000003  4069
0  52.200000000000003  4069
0  39.299999999999997  3461
0  43.899999999999999  3714
0  38.399999999999999  3472
0  43.200000000000003  3818
0  41.299999999999997  3448
0  35.100000000000001  3458
0  43.399999999999999  3891
0  53.600000000000001  4072
0  40.0  3782
0  43.200000000000003  3791
0  52.200000000000003  3903
0  42.700000000000003  4039
0  37.899999999999999  3225
0  42.899999999999999  4072
0  38.700000000000003  3567
0  28.5  3348
0  44.399999999999999  3700
0  42.399999999999999  3820
0  36.399999999999999  3859
0  37.700000000000003  3748
0  48.700000000000003  3868
0  50.5  3869
0  45.0  3926
0  45.200000000000003  4403
0  29.699999999999999  3467
0  46.100000000000001  4001
0  38.200000000000003  3422
0  41.399999999999999  3558
0  49.200000000000003  3793
0  37.899999999999999  3675
0  47.399999999999999  3827
0  46.100000000000001  3599
0  44.5  3850
0  38.0  3469
0  34.799999999999997  3807
0  42.799999999999997  3622
0  44.399999999999999  3624
0  46.700000000000003  3934
0  40.399999999999999  3948
0  43.700000000000003  3949
0  40.5  3663
0  48.5  3757
0  40.299999999999997  3673
0  42.0  3820
0  37.600000000000001  3752
0  49.799999999999997  3908
0  40.100000000000001  3540
0  32.5  3308
0  50.700000000000003  4170
