40  42.0  217
60  38.0  358
80  42.0  298
100  78.0  190
120  91.0  154
140  80.0  260
160  93.0  126
180  93.0  220
200  96.0  153
40  45.0  206
60  34.0  195
80  17.0  306
100  66.0  265
120  51.0  149
140  85.0  185
160  74.0  326
180  93.0  227
200  85.0  330
40  38.0  245
60  36.0  305
80  14.0  432
100  51.0  262
120  56.0  223
140  87.0  235
160  57.0  337
180  89.0  207
200  96.0  141
40  51.0  195
60  69.0  171
80  77.0  148
100  86.0  129
120  38.0  305
140  70.0  168
160  90.0  316
180  91.0  145
200  95.0  197
40  52.0  143
60  51.0  183
80  83.0  152
100  28.0  96
120  97.0  38
140  69.0  239
160  79.0  80
180  83.0  304
200  96.0  145
40  37.0  92
60  54.0  215
80  38.0  215
100  53.0  433
120  88.0  130
140  80.0  298
160  72.0  237
180  68.0  257
200  91.0  201
40  42.0  50
60  35.0  191
80  47.0  281
100  64.0  320
120  88.0  268
140  56.0  296
160  73.0  221
180  96.0  180
200  93.0  209
40  40.0  179
60  82.0  112
80  79.0  183
100  63.0  279
120  56.0  271
140  79.0  378
160  64.0  443
180  55.0  386
200  45.0  312
40  47.0  126
60  70.0  121
80  62.0  185
100  16.0  234
120  93.0  164
140  64.0  321
160  73.0  367
180  97.0  190
200  95.0  185
40  39.0  228
60  81.0  125
80  85.0  81
100  59.0  237
120  92.0  151
140  82.0  274
160  76.0  335
180  82.0  272
200  89.0  184
40  47.0  172
60  9.0  158
80  58.0  278
100  59.0  352
120  85.0  163
140  72.0  282
160  90.0  304
180  94.0  131
200  70.0  443
40  25.0  268
60  39.0  172
80  60.0  353
100  74.0  141
120  87.0  231
140  93.0  122
160  92.0  150
180  81.0  295
200  97.0  148
40  39.0  158
60  87.0  82
80  13.0  239
100  72.0  199
120  49.0  232
140  77.0  355
160  84.0  126
180  84.0  186
200  91.0  227
40  70.0  97
60  50.0  246
80  39.0  387
100  55.0  313
120  72.0  253
140  78.0  279
160  74.0  122
180  74.0  197
200  94.0  160
40  18.0  202
60  48.0  217
80  54.0  213
100  45.0  267
120  34.0  342
140  65.0  215
160  65.0  487
180  58.0  132
200  91.0  204
40  64.0  164
60  68.0  209
80  49.0  210
100  63.0  277
120  67.0  251
140  56.0  305
160  91.0  261
180  93.0  147
200  87.0  304
40  61.0  128
60  73.0  87
80  32.0  240
100  68.0  299
120  43.0  231
140  93.0  74
160  80.0  201
180  91.0  263
200  97.0  126
40  7.0  145
60  87.0  133
80  70.0  329
100  65.0  378
120  82.0  286
140  90.0  265
160  82.0  303
180  60.0  261
200  48.0  553
40  37.0  142
60  76.0  140
80  54.0  367
100  73.0  226
120  93.0  147
140  43.0  213
160  90.0  244
180  31.0  274
200  96.0  235
40  19.0  216
60  25.0  281
80  84.0  139
100  68.0  252
120  69.0  216
140  87.0  179
160  73.0  398
180  74.0  259
200  85.0  342
40  19.0  115
60  29.0  299
80  64.0  159
100  77.0  123
120  66.0  332
140  84.0  248
160  97.0  85
180  41.0  178
200  97.0  178
40  78.0  96
60  44.0  301
80  64.0  344
100  81.0  160
120  65.0  313
140  81.0  232
160  97.0  99
180  94.0  122
200  76.0  259
40  37.0  176
60  30.0  252
80  75.0  181
100  95.0  86
120  83.0  256
140  84.0  268
160  74.0  433
180  82.0  82
200  71.0  209
40  57.0  215
60  83.0  168
80  44.0  201
100  62.0  273
120  51.0  182
140  88.0  271
160  83.0  293
180  88.0  331
200  97.0  60
40  34.0  306
60  15.0  200
80  56.0  261
100  80.0  87
120  83.0  56
140  51.0  227
160  49.0  333
180  75.0  427
200  97.0  164
40  16.0  300
60  40.0  407
80  73.0  255
100  72.0  265
120  51.0  364
140  93.0  137
160  53.0  192
180  79.0  283
200  97.0  151
40  75.0  98
60  42.0  189
80  55.0  290
100  80.0  271
120  88.0  298
140  76.0  315
160  97.0  184
180  93.0  209
200  97.0  127
40  46.0  159
60  11.0  154
80  79.0  197
100  88.0  178
120  90.0  42
140  96.0  97
160  78.0  160
180  70.0  300
200  68.0  199
40  36.0  270
60  39.0  127
80  56.0  329
100  79.0  258
120  97.0  82
140  84.0  141
160  90.0  165
180  92.0  210
200  96.0  164
40  4.0  175
60  37.0  272
80  42.0  315
100  81.0  244
120  83.0  246
140  85.0  196
160  65.0  198
180  74.0  402
200  91.0  149
40  57.0  162
60  79.0  129
80  41.0  237
100  82.0  137
120  80.0  295
140  95.0  173
160  60.0  268
180  92.0  167
200  97.0  85
40  19.0  217
60  43.0  203
80  56.0  236
100  69.0  253
120  78.0  231
140  93.0  142
160  97.0  91
180  95.0  232
200  67.0  228
40  53.0  63
60  82.0  202
80  52.0  274
100  86.0  173
120  92.0  187
140  83.0  213
160  60.0  359
180  69.0  462
200  91.0  233
40  34.0  191
60  59.0  280
80  32.0  445
100  97.0  81
120  35.0  431
140  63.0  372
160  80.0  221
180  77.0  319
200  97.0  68
40  85.0  94
60  71.0  139
80  59.0  302
100  53.0  234
120  77.0  181
140  76.0  282
160  71.0  199
180  55.0  326
200  97.0  152
40  53.0  101
60  68.0  106
80  60.0  347
100  86.0  127
120  70.0  290
140  92.0  154
160  70.0  336
180  50.0  373
200  95.0  163
40  53.0  79
60  6.0  199
80  40.0  304
100  58.0  358
120  68.0  185
140  32.0  254
160  84.0  205
180  97.0  203
200  96.0  165
40  63.0  80
60  52.0  184
80  23.0  232
100  91.0  230
120  86.0  325
140  90.0  258
160  94.0  126
180  93.0  250
200  74.0  289
40  70.0  151
60  65.0  213
80  75.0  89
100  66.0  219
120  69.0  148
140  85.0  259
160  95.0  204
180  79.0  252
200  93.0  249
40  40.0  113
60  38.0  236
80  72.0  190
100  85.0  148
120  76.0  155
140  69.0  402
160  58.0  461
180  88.0  333
200  69.0  454
40  25.0  116
60  31.0  270
80  70.0  200
100  81.0  173
120  91.0  101
140  74.0  165
160  71.0  261
180  89.0  118
200  97.0  60
40  44.0  271
60  2.0  289
80  67.0  325
100  76.0  203
120  76.0  333
140  87.0  225
160  40.0  244
180  94.0  125
200  97.0  112
40  91.0  60
60  12.0  346
80  73.0  193
100  62.0  129
120  93.0  165
140  81.0  143
160  94.0  176
180  55.0  397
200  93.0  210
40  29.0  187
60  34.0  187
80  73.0  139
100  71.0  345
120  69.0  353
140  80.0  288
160  51.0  223
180  53.0  336
200  97.0  166
40  76.0  86
60  9.0  160
80  55.0  203
100  55.0  332
120  56.0  378
140  73.0  396
160  65.0  378
180  81.0  375
200  94.0  208
40  33.0  135
60  25.0  350
80  67.0  112
100  86.0  183
120  23.0  463
140  89.0  250
160  87.0  101
180  94.0  161
200  69.0  189
40  0.0  167
60  19.0  195
80  29.0  154
100  60.0  225
120  43.0  309
140  88.0  189
160  85.0  226
180  97.0  140
200  94.0  253
40  27.0  142
60  81.0  171
80  78.0  213
100  55.0  263
120  84.0  160
140  70.0  461
160  96.0  116
180  90.0  271
200  56.0  359
40  16.0  225
60  27.0  236
80  64.0  192
100  12.0  246
120  90.0  145
140  65.0  245
160  96.0  63
180  91.0  318
200  87.0  374
40  24.0  125
60  93.0  60
80  44.0  296
100  80.0  166
120  66.0  320
140  94.0  61
160  23.0  294
180  61.0  203
200  82.0  227
40  43.0  144
60  32.0  315
80  36.0  210
100  95.0  96
120  38.0  444
140  92.0  83
160  67.0  238
180  97.0  86
200  58.0  373
40  77.0  93
60  85.0  129
80  88.0  132
100  48.0  458
120  88.0  273
140  96.0  136
160  82.0  343
180  97.0  182
200  68.0  239
40  13.0  214
60  17.0  347
80  53.0  313
100  39.0  269
120  84.0  138
140  85.0  236
160  74.0  242
180  82.0  248
200  65.0  304
40  28.0  78
60  37.0  239
80  29.0  267
100  56.0  235
120  77.0  233
140  31.0  264
160  97.0  72
180  97.0  208
200  69.0  213
40  42.0  234
60  27.0  154
80  78.0  198
100  65.0  397
120  95.0  115
140  79.0  177
160  94.0  66
180  77.0  222
200  91.0  280
40  77.0  84
60  85.0  138
80  57.0  272
100  29.0  228
120  91.0  114
140  97.0  140
160  82.0  292
180  94.0  168
200  82.0  323
40  20.0  243
60  60.0  233
80  35.0  135
100  51.0  427
120  59.0  283
140  76.0  319
160  97.0  58
180  59.0  272
200  74.0  305
40  27.0  200
60  66.0  199
80  78.0  143
100  37.0  395
120  78.0  177
140  97.0  55
160  63.0  334
180  97.0  197
200  97.0  133
40  20.0  164
60  34.0  301
80  28.0  174
100  46.0  248
120  81.0  264
140  52.0  132
160  71.0  212
180  72.0  290
200  46.0  361
40  22.0  182
60  37.0  240
80  54.0  312
100  79.0  234
120  80.0  210
140  77.0  320
160  85.0  300
180  90.0  254
200  90.0  277
40  29.0  219
60  62.0  156
80  40.0  342
100  66.0  290
120  41.0  268
140  82.0  310
160  74.0  380
180  97.0  108
200  74.0  517
40  22.0  117
60  72.0  202
80  30.0  256
100  78.0  199
120  86.0  215
140  95.0  176
160  84.0  348
180  97.0  50
200  78.0  450
40  18.0  185
60  68.0  131
80  56.0  266
100  77.0  235
120  75.0  343
140  83.0  363
160  56.0  276
180  95.0  149
200  95.0  171
40  28.0  225
60  38.0  413
80  78.0  141
100  66.0  223
120  76.0  322
140  97.0  91
160  94.0  225
180  92.0  136
200  92.0  235
40  28.0  262
60  0.0  176
80  33.0  241
100  84.0  90
120  56.0  326
140  51.0  270
160  57.0  208
180  77.0  176
200  89.0  175
40  27.0  260
60  42.0  242
80  55.0  375
100  44.0  329
120  79.0  232
140  77.0  322
160  69.0  177
180  93.0  135
200  80.0  211
40  78.0  93
60  26.0  146
80  74.0  143
100  65.0  378
120  47.0  239
140  66.0  301
160  94.0  90
180  87.0  312
200  97.0  105
40  56.0  148
60  50.0  315
80  70.0  377
100  73.0  366
120  63.0  353
140  66.0  313
160  91.0  245
180  68.0  221
200  78.0  229
40  7.0  107
60  56.0  215
80  73.0  268
100  77.0  335
120  46.0  187
140  76.0  319
160  49.0  374
180  61.0  394
200  94.0  190
40  69.0  95
60  19.0  276
80  51.0  209
100  88.0  71
120  77.0  294
140  86.0  196
160  88.0  195
180  59.0  408
200  72.0  231
40  61.0  94
60  65.0  235
80  30.0  253
100  92.0  108
120  67.0  224
140  82.0  206
160  77.0  358
180  97.0  46
200  97.0  195
40  14.0  286
60  49.0  121
80  97.0  13
100  30.0  274
120  93.0  94
140  74.0  349
160  58.0  161
180  89.0  237
200  81.0  156
40  23.0  159
60  66.0  174
80  51.0  358
100  91.0  121
120  84.0  154
140  64.0  302
160  60.0  326
180  34.0  348
200  90.0  205
40  30.0  201
60  36.0  242
80  32.0  214
100  97.0  126
120  86.0  221
140  71.0  314
160  52.0  253
180  88.0  316
200  87.0  274
40  72.0  84
60  51.0  198
80  65.0  368
100  57.0  208
120  90.0  185
140  41.0  308
160  86.0  220
180  94.0  238
200  97.0  113
40  38.0  208
60  36.0  138
80  56.0  202
100  58.0  282
120  71.0  266
140  79.0  322
160  84.0  164
180  46.0  268
200  80.0  263
40  44.0  115
60  56.0  110
80  59.0  233
100  93.0  97
120  58.0  360
140  95.0  104
160  97.0  169
180  93.0  254
200  82.0  168
40  33.0  174
60  55.0  368
80  72.0  128
100  77.0  251
120  83.0  248
140  63.0  315
160  89.0  260
180  92.0  231
200  85.0  102
40  18.0  211
60  83.0  125
80  64.0  283
100  74.0  230
120  92.0  172
140  65.0  342
160  80.0  277
180  78.0  229
200  57.0  561
40  97.0  23
60  29.0  159
80  28.0  303
100  65.0  190
120  87.0  196
140  40.0  396
160  91.0  242
180  96.0  191
200  89.0  202
40  32.0  255
60  84.0  153
80  18.0  199
100  33.0  209
120  89.0  204
140  72.0  478
160  95.0  97
180  97.0  66
200  97.0  111
40  54.0  123
60  8.0  142
80  73.0  234
100  53.0  393
120  93.0  182
140  97.0  94
160  95.0  185
180  73.0  436
200  95.0  159
40  56.0  129
60  18.0  267
80  39.0  377
100  55.0  408
120  57.0  316
140  76.0  319
160  97.0  80
180  34.0  453
200  81.0  370
40  48.0  195
60  40.0  228
80  89.0  127
100  63.0  233
120  60.0  306
140  86.0  280
160  92.0  114
180  78.0  304
200  73.0  225
40  13.0  135
60  64.0  162
80  74.0  187
100  37.0  370
120  56.0  269
140  84.0  61
160  95.0  220
180  92.0  152
200  64.0  353
40  65.0  286
60  60.0  121
80  23.0  221
100  27.0  296
120  67.0  329
140  68.0  335
160  83.0  331
180  92.0  258
200  96.0  128
40  52.0  167
60  95.0  64
80  78.0  162
100  66.0  277
120  83.0  245
140  66.0  278
160  97.0  113
180  83.0  147
200  95.0  144
40  64.0  76
60  43.0  197
80  69.0  260
100  79.0  336
120  54.0  296
140  96.0  143
160  74.0  204
180  89.0  242
200  83.0  355
40  29.0  203
60  53.0  228
80  23.0  219
100  60.0  353
120  35.0  425
140  94.0  122
160  94.0  128
180  80.0  217
200  95.0  216
40  34.0  167
60  67.0  147
80  71.0  320
100  42.0  243
120  85.0  261
140  80.0  273
160  73.0  287
180  78.0  282
200  93.0  153
40  2.0  316
60  82.0  138
80  48.0  237
100  40.0  271
120  62.0  366
140  57.0  314
160  77.0  282
180  64.0  369
200  55.0  281
40  50.0  165
60  78.0  66
80  54.0  241
100  64.0  269
120  85.0  214
140  67.0  298
160  84.0  326
180  97.0  66
200  95.0  177
40  63.0  47
60  58.0  301
80  72.0  256
100  72.0  194
120  28.0  577
140  60.0  195
160  79.0  272
180  81.0  242
200  86.0  231
40  40.0  205
60  43.0  192
80  70.0  149
100  93.0  97
120  66.0  352
140  86.0  188
160  97.0  211
180  96.0  151
200  94.0  151
40  82.0  92
60  18.0  236
80  51.0  289
100  67.0  204
120  67.0  247
140  87.0  233
160  83.0  308
180  80.0  242
200  77.0  272
40  34.0  153
60  11.0  112
80  31.0  400
100  32.0  340
120  34.0  246
140  87.0  122
160  76.0  332
180  95.0  237
200  95.0  246
40  49.0  156
60  53.0  330
80  25.0  180
100  62.0  371
120  49.0  230
140  64.0  163
160  88.0  212
180  44.0  176
200  94.0  212
40  47.0  132
60  38.0  296
80  79.0  180
100  85.0  167
120  86.0  267
140  77.0  310
160  72.0  258
180  97.0  144
200  95.0  113
40  75.0  154
60  44.0  290
80  55.0  337
100  49.0  364
120  41.0  197
140  60.0  363
160  97.0  95
180  88.0  231
200  52.0  249
40  2.0  261
60  60.0  248
80  51.0  311
100  58.0  164
120  42.0  163
140  70.0  234
160  74.0  322
180  97.0  59
200  51.0  214
