40  20.0  303.0
60  24.0  285.0
80  30.0  380.0
100  48.0  387.0
120  80.0  274.0
140  62.0  459.0
160  50.0  466.0
180  75.0  288.0
200  72.0  384.0
40  40.0  246.0
60  10.0  298.0
80  41.0  377.0
100  69.0  265.0
120  84.0  280.0
140  61.0  413.0
160  65.0  470.0
180  54.0  249.0
200  63.0  487.0
40  16.0  105.0
60  23.0  360.0
80  49.0  174.0
100  55.0  300.0
120  75.0  408.0
140  59.0  358.0
160  59.0  533.0
180  61.0  382.0
200  88.0  267.0
40  26.0  292.0
60  31.0  366.0
80  66.0  328.0
100  66.0  320.0
120  54.0  206.0
140  71.0  451.0
160  48.0  336.0
180  99.0  219.0
200  89.0  321.0
40  10.0  249.0
60  13.0  189.0
80  48.0  441.0
100  44.0  527.0
120  34.0  293.0
140  68.0  513.0
160  64.0  539.0
180  83.0  413.0
200  58.0  256.0
40  7.0  238.0
60  14.0  348.0
80  54.0  338.0
100  71.0  327.0
120  70.0  490.0
140  55.0  442.0
160  59.0  316.0
180  91.0  289.0
200  83.0  241.0
40  0.0  343.0
60  58.0  277.0
80  20.0  246.0
100  51.0  420.0
120  58.0  557.0
140  74.0  352.0
160  62.0  333.0
180  58.0  474.0
200  73.0  479.0
40  10.0  148.0
60  28.0  400.0
80  69.0  335.0
100  71.0  388.0
120  29.0  460.0
140  40.0  369.0
160  93.0  281.0
180  79.0  331.0
200  73.0  312.0
40  0.0  166.0
60  33.0  386.0
80  52.0  359.0
100  45.0  538.0
120  52.0  626.0
140  63.0  508.0
160  78.0  232.0
180  91.0  275.0
200  93.0  294.0
40  33.0  295.0
60  56.0  200.0
80  14.0  519.0
100  45.0  505.0
120  29.0  353.0
140  62.0  529.0
160  28.0  444.0
180  84.0  148.0
200  82.0  378.0
40  8.0  237.0
60  14.0  413.0
80  51.0  414.0
100  29.0  558.0
120  76.0  317.0
140  90.0  258.0
160  62.0  385.0
180  79.0  224.0
200  82.0  366.0
40  30.0  277.0
60  75.0  296.0
80  40.0  384.0
100  56.0  332.0
120  63.0  435.0
140  64.0  388.0
160  95.0  252.0
180  89.0  328.0
200  75.0  417.0
40  12.0  203.0
60  31.0  432.0
80  29.0  363.0
100  53.0  449.0
120  66.0  332.0
140  48.0  457.0
160  86.0  337.0
180  59.0  569.0
200  94.0  219.0
40  10.0  206.0
60  36.0  417.0
80  63.0  308.0
100  48.0  278.0
120  77.0  364.0
140  87.0  303.0
160  86.0  315.0
180  96.0  253.0
200  63.0  475.0
40  9.0  181.0
60  60.0  368.0
80  28.0  270.0
100  50.0  261.0
120  55.0  529.0
140  80.0  330.0
160  53.0  454.0
180  95.0  256.0
200  77.0  235.0
40  26.0  225.0
60  19.0  284.0
80  4.0  166.0
100  47.0  370.0
120  78.0  294.0
140  79.0  327.0
160  57.0  527.0
180  70.0  346.0
200  97.0  157.0
40  39.0  346.0
60  25.0  126.0
80  45.0  230.0
100  49.0  405.0
120  57.0  397.0
140  45.0  470.0
160  68.0  349.0
180  92.0  189.0
200  97.0  233.0
40  13.0  141.0
60  29.0  259.0
80  30.0  403.0
100  72.0  354.0
120  90.0  237.0
140  76.0  438.0
160  52.0  614.0
180  63.0  299.0
200  79.0  310.0
40  5.0  83.0
60  47.0  406.0
80  38.0  373.0
100  64.0  350.0
120  42.0  483.0
140  77.0  304.0
160  91.0  315.0
180  98.0  223.0
200  51.0  199.0
40  25.0  180.0
60  38.0  287.0
80  56.0  242.0
100  50.0  392.0
120  64.0  364.0
140  72.0  429.0
160  91.0  287.0
180  91.0  315.0
200  73.0  197.0
40  13.0  198.0
60  55.0  316.0
80  24.0  330.0
100  57.0  357.0
120  56.0  361.0
140  75.0  296.0
160  95.0  249.0
180  92.0  258.0
200  90.0  304.0
40  8.0  217.0
60  22.0  297.0
80  36.0  313.0
100  58.0  330.0
120  68.0  413.0
140  57.0  403.0
160  100.0  200.0
180  94.0  276.0
200  76.0  280.0
40  7.0  210.0
60  37.0  481.0
80  17.0  374.0
100  49.0  299.0
120  61.0  322.0
140  50.0  361.0
160  94.0  216.0
180  86.0  349.0
200  76.0  309.0
40  19.0  244.0
60  17.0  239.0
80  28.0  467.0
100  40.0  410.0
120  68.0  374.0
140  47.0  374.0
160  27.0  390.0
180  89.0  250.0
200  99.0  216.0
40  0.0  199.0
60  27.0  338.0
80  21.0  371.0
100  59.0  350.0
120  72.0  349.0
140  60.0  536.0
160  86.0  272.0
180  46.0  512.0
200  95.0  253.0
40  19.0  315.0
60  42.0  302.0
80  49.0  241.0
100  80.0  351.0
120  53.0  382.0
140  72.0  340.0
160  43.0  406.0
180  97.0  225.0
200  70.0  474.0
40  9.0  363.0
60  59.0  338.0
80  62.0  334.0
100  66.0  333.0
120  58.0  432.0
140  68.0  399.0
160  91.0  296.0
180  77.0  401.0
200  70.0  420.0
40  33.0  224.0
60  39.0  336.0
80  53.0  404.0
100  55.0  325.0
120  64.0  365.0
140  86.0  393.0
160  75.0  425.0
180  75.0  381.0
200  60.0  319.0
40  0.0  248.0
60  44.0  181.0
80  20.0  258.0
100  40.0  417.0
120  76.0  390.0
140  48.0  486.0
160  81.0  373.0
180  100.0  200.0
200  92.0  294.0
40  16.0  284.0
60  20.0  481.0
80  55.0  381.0
100  55.0  450.0
120  75.0  242.0
140  39.0  289.0
160  80.0  411.0
180  93.0  273.0
200  95.0  271.0
40  18.0  261.0
60  37.0  287.0
80  15.0  289.0
100  24.0  204.0
120  65.0  493.0
140  75.0  352.0
160  52.0  338.0
180  65.0  423.0
200  81.0  459.0
40  15.0  119.0
60  21.0  238.0
80  79.0  241.0
100  74.0  318.0
120  52.0  511.0
140  78.0  374.0
160  82.0  329.0
180  96.0  246.0
200  91.0  314.0
40  4.0  153.0
60  11.0  314.0
80  16.0  426.0
100  60.0  335.0
120  47.0  282.0
140  85.0  350.0
160  67.0  348.0
180  80.0  381.0
200  97.0  221.0
40  15.0  186.0
60  12.0  251.0
80  19.0  356.0
100  36.0  258.0
120  37.0  152.0
140  74.0  233.0
160  78.0  368.0
180  87.0  332.0
200  99.0  213.0
40  19.0  275.0
60  39.0  276.0
80  36.0  429.0
100  59.0  416.0
120  58.0  464.0
140  79.0  317.0
160  67.0  350.0
180  58.0  316.0
200  89.0  288.0
40  1.0  282.0
60  30.0  280.0
80  37.0  497.0
100  82.0  270.0
120  75.0  332.0
140  51.0  352.0
160  71.0  227.0
180  67.0  357.0
200  76.0  447.0
40  8.0  223.0
60  50.0  369.0
80  43.0  439.0
100  25.0  223.0
120  57.0  487.0
140  65.0  504.0
160  75.0  336.0
180  77.0  348.0
200  95.0  226.0
40  32.0  328.0
60  2.0  292.0
80  57.0  242.0
100  14.0  314.0
120  44.0  487.0
140  60.0  618.0
160  64.0  513.0
180  56.0  360.0
200  100.0  200.0
40  12.0  153.0
60  60.0  309.0
80  39.0  352.0
100  51.0  365.0
120  43.0  279.0
140  67.0  434.0
160  83.0  298.0
180  63.0  474.0
200  99.0  217.0
40  13.0  310.0
60  39.0  247.0
80  39.0  349.0
100  32.0  203.0
120  44.0  511.0
140  67.0  289.0
160  76.0  311.0
180  98.0  216.0
200  88.0  273.0
40  41.0  181.0
60  46.0  318.0
80  44.0  348.0
100  63.0  371.0
120  58.0  411.0
140  89.0  179.0
160  95.0  262.0
180  99.0  222.0
200  97.0  225.0
40  7.0  143.0
60  47.0  370.0
80  43.0  435.0
100  59.0  414.0
120  55.0  370.0
140  82.0  271.0
160  85.0  319.0
180  65.0  271.0
200  85.0  320.0
40  7.0  194.0
60  31.0  324.0
80  56.0  291.0
100  60.0  378.0
120  60.0  445.0
140  73.0  461.0
160  97.0  229.0
180  76.0  408.0
200  98.0  226.0
40  37.0  296.0
60  14.0  356.0
80  49.0  292.0
100  63.0  367.0
120  67.0  332.0
140  49.0  410.0
160  84.0  312.0
180  81.0  384.0
200  88.0  327.0
40  20.0  259.0
60  3.0  341.0
80  30.0  212.0
100  57.0  307.0
120  71.0  315.0
140  60.0  340.0
160  64.0  318.0
180  85.0  266.0
200  91.0  255.0
40  7.0  216.0
60  38.0  245.0
80  57.0  288.0
100  53.0  598.0
120  51.0  409.0
140  59.0  295.0
160  71.0  375.0
180  79.0  377.0
200  81.0  428.0
40  22.0  197.0
60  14.0  363.0
80  57.0  386.0
100  44.0  419.0
120  66.0  434.0
140  45.0  435.0
160  52.0  415.0
180  67.0  508.0
200  93.0  242.0
40  20.0  297.0
60  35.0  401.0
80  43.0  382.0
100  54.0  489.0
120  53.0  343.0
140  83.0  312.0
160  82.0  322.0
180  92.0  252.0
200  78.0  397.0
40  0.0  144.0
60  40.0  266.0
80  64.0  336.0
100  52.0  408.0
120  75.0  341.0
140  81.0  310.0
160  79.0  274.0
180  81.0  389.0
200  61.0  223.0
40  28.0  231.0
60  58.0  437.0
80  38.0  298.0
100  76.0  275.0
120  57.0  330.0
140  70.0  293.0
160  49.0  610.0
180  94.0  238.0
200  100.0  200.0
40  30.0  243.0
60  29.0  280.0
80  43.0  273.0
100  22.0  290.0
120  60.0  348.0
140  71.0  312.0
160  97.0  235.0
180  100.0  200.0
200  84.0  389.0
40  11.0  392.0
60  33.0  231.0
80  51.0  486.0
100  33.0  487.0
120  86.0  267.0
140  45.0  253.0
160  52.0  385.0
180  53.0  278.0
200  81.0  290.0
40  22.0  174.0
60  51.0  270.0
80  33.0  488.0
100  11.0  466.0
120  32.0  157.0
140  82.0  251.0
160  77.0  319.0
180  83.0  386.0
200  86.0  391.0
40  20.0  282.0
60  27.0  450.0
80  65.0  381.0
100  61.0  289.0
120  43.0  191.0
140  76.0  309.0
160  96.0  225.0
180  89.0  231.0
200  92.0  281.0
40  31.0  238.0
60  45.0  297.0
80  19.0  312.0
100  75.0  367.0
120  69.0  280.0
140  88.0  303.0
160  62.0  426.0
180  100.0  200.0
200  92.0  219.0
40  11.0  172.0
60  17.0  297.0
80  44.0  289.0
100  40.0  339.0
120  68.0  257.0
140  77.0  376.0
160  73.0  272.0
180  60.0  308.0
200  99.0  212.0
40  13.0  202.0
60  28.0  344.0
80  50.0  367.0
100  20.0  288.0
120  57.0  213.0
140  74.0  393.0
160  72.0  345.0
180  86.0  291.0
200  87.0  266.0
40  24.0  265.0
60  52.0  315.0
80  39.0  256.0
100  64.0  380.0
120  67.0  371.0
140  62.0  333.0
160  71.0  382.0
180  97.0  190.0
200  95.0  269.0
40  0.0  219.0
60  11.0  123.0
80  36.0  457.0
100  81.0  328.0
120  38.0  454.0
140  76.0  390.0
160  65.0  304.0
180  72.0  291.0
200  86.0  271.0
40  50.0  305.0
60  28.0  343.0
80  31.0  475.0
100  51.0  507.0
120  28.0  339.0
140  36.0  577.0
160  75.0  398.0
180  76.0  343.0
200  59.0  532.0
40  11.0  210.0
60  63.0  359.0
80  23.0  116.0
100  32.0  237.0
120  60.0  360.0
140  42.0  334.0
160  98.0  219.0
180  78.0  286.0
200  55.0  310.0
40  30.0  227.0
60  38.0  335.0
80  45.0  421.0
100  55.0  491.0
120  54.0  321.0
140  69.0  444.0
160  79.0  306.0
180  79.0  379.0
200  69.0  266.0
40  3.0  148.0
60  31.0  296.0
80  25.0  488.0
100  68.0  298.0
120  33.0  495.0
140  77.0  266.0
160  83.0  369.0
180  80.0  254.0
200  68.0  267.0
40  27.0  232.0
60  40.0  198.0
80  59.0  346.0
100  59.0  254.0
120  46.0  469.0
140  60.0  669.0
160  87.0  291.0
180  54.0  518.0
200  95.0  234.0
40  29.0  246.0
60  24.0  383.0
80  38.0  383.0
100  65.0  403.0
120  52.0  242.0
140  78.0  331.0
160  77.0  393.0
180  84.0  328.0
200  92.0  311.0
40  1.0  182.0
60  34.0  367.0
80  69.0  328.0
100  77.0  357.0
120  63.0  261.0
140  60.0  354.0
160  62.0  266.0
180  80.0  449.0
200  94.0  251.0
40  34.0  330.0
60  14.0  441.0
80  41.0  456.0
100  64.0  400.0
120  71.0  437.0
140  54.0  547.0
160  71.0  428.0
180  78.0  375.0
200  93.0  291.0
40  13.0  331.0
60  48.0  370.0
80  39.0  183.0
100  44.0  394.0
120  49.0  453.0
140  83.0  384.0
160  93.0  260.0
180  100.0  200.0
200  100.0  200.0
40  5.0  243.0
60  15.0  298.0
80  20.0  222.0
100  85.0  314.0
120  71.0  344.0
140  81.0  331.0
160  93.0  259.0
180  92.0  244.0
200  57.0  370.0
40  2.0  247.0
60  33.0  329.0
80  19.0  452.0
100  62.0  386.0
120  52.0  323.0
140  84.0  335.0
160  83.0  322.0
180  67.0  291.0
200  94.0  291.0
40  11.0  271.0
60  19.0  332.0
80  45.0  391.0
100  67.0  292.0
120  39.0  481.0
140  69.0  240.0
160  85.0  261.0
180  83.0  325.0
200  94.0  214.0
40  18.0  220.0
60  32.0  291.0
80  77.0  325.0
100  59.0  502.0
120  79.0  303.0
140  56.0  536.0
160  90.0  284.0
180  73.0  227.0
200  96.0  231.0
40  44.0  227.0
60  30.0  276.0
80  45.0  336.0
100  53.0  355.0
120  43.0  382.0
140  52.0  388.0
160  58.0  384.0
180  37.0  110.0
200  71.0  230.0
40  4.0  193.0
60  36.0  386.0
80  50.0  424.0
100  60.0  333.0
120  80.0  276.0
140  64.0  457.0
160  66.0  311.0
180  77.0  335.0
200  79.0  450.0
40  48.0  146.0
60  70.0  285.0
80  17.0  269.0
100  69.0  301.0
120  84.0  335.0
140  55.0  427.0
160  72.0  451.0
180  55.0  404.0
200  95.0  256.0
40  39.0  288.0
60  25.0  350.0
80  70.0  307.0
100  59.0  463.0
120  63.0  307.0
140  55.0  350.0
160  84.0  384.0
180  62.0  529.0
200  75.0  269.0
40  20.0  255.0
60  30.0  284.0
80  50.0  336.0
100  59.0  271.0
120  65.0  293.0
140  88.0  297.0
160  89.0  330.0
180  72.0  540.0
200  61.0  250.0
40  1.0  333.0
60  58.0  233.0
80  49.0  266.0
100  86.0  275.0
120  78.0  305.0
140  64.0  438.0
160  59.0  539.0
180  82.0  336.0
200  76.0  345.0
40  13.0  341.0
60  57.0  163.0
80  46.0  381.0
100  76.0  339.0
120  78.0  328.0
140  58.0  468.0
160  65.0  323.0
180  81.0  390.0
200  65.0  348.0
40  11.0  195.0
60  6.0  427.0
80  11.0  483.0
100  72.0  392.0
120  40.0  432.0
140  42.0  369.0
160  68.0  365.0
180  42.0  593.0
200  76.0  258.0
40  0.0  113.0
60  53.0  336.0
80  30.0  426.0
100  80.0  331.0
120  80.0  417.0
140  50.0  321.0
160  47.0  223.0
180  91.0  293.0
200  99.0  216.0
40  32.0  225.0
60  24.0  428.0
80  26.0  341.0
100  62.0  447.0
120  59.0  413.0
140  71.0  342.0
160  85.0  363.0
180  86.0  361.0
200  96.0  253.0
40  11.0  257.0
60  33.0  288.0
80  65.0  333.0
100  41.0  368.0
120  69.0  395.0
140  69.0  291.0
160  73.0  362.0
180  70.0  380.0
200  90.0  255.0
40  21.0  259.0
60  29.0  390.0
80  41.0  445.0
100  47.0  485.0
120  68.0  436.0
140  60.0  324.0
160  74.0  394.0
180  54.0  215.0
200  97.0  245.0
40  61.0  161.0
60  29.0  240.0
80  53.0  343.0
100  34.0  467.0
120  50.0  526.0
140  73.0  417.0
160  74.0  411.0
180  81.0  367.0
200  82.0  256.0
40  10.0  241.0
60  7.0  293.0
80  39.0  218.0
100  39.0  394.0
120  78.0  443.0
140  56.0  257.0
160  74.0  369.0
180  89.0  309.0
200  94.0  254.0
40  7.0  168.0
60  4.0  308.0
80  45.0  402.0
100  45.0  325.0
120  56.0  468.0
140  61.0  523.0
160  78.0  305.0
180  84.0  312.0
200  85.0  358.0
40  19.0  205.0
60  21.0  332.0
80  16.0  619.0
100  43.0  440.0
120  55.0  514.0
140  62.0  388.0
160  64.0  456.0
180  45.0  210.0
200  71.0  287.0
40  33.0  293.0
60  17.0  261.0
80  46.0  287.0
100  82.0  371.0
120  94.0  162.0
140  81.0  244.0
160  89.0  305.0
180  78.0  404.0
200  83.0  343.0
40  40.0  211.0
60  35.0  332.0
80  42.0  255.0
100  65.0  395.0
120  79.0  350.0
140  84.0  200.0
160  72.0  329.0
180  51.0  506.0
200  47.0  213.0
40  27.0  68.0
60  32.0  380.0
80  33.0  564.0
100  40.0  570.0
120  83.0  298.0
140  48.0  271.0
160  85.0  245.0
180  87.0  303.0
200  90.0  337.0
40  9.0  276.0
60  26.0  312.0
80  57.0  328.0
100  50.0  465.0
120  77.0  301.0
140  21.0  593.0
160  94.0  247.0
180  77.0  316.0
200  100.0  200.0
40  12.0  126.0
60  29.0  330.0
80  28.0  439.0
100  58.0  372.0
120  47.0  562.0
140  46.0  263.0
160  83.0  275.0
180  61.0  332.0
200  50.0  409.0
40  3.0  129.0
60  38.0  355.0
80  34.0  388.0
100  45.0  449.0
120  30.0  360.0
140  45.0  312.0
160  94.0  255.0
180  83.0  371.0
200  90.0  294.0
40  7.0  99.0
60  50.0  315.0
80  33.0  528.0
100  72.0  362.0
120  75.0  315.0
140  96.0  244.0
160  89.0  284.0
180  83.0  400.0
200  93.0  281.0
40  18.0  245.0
60  13.0  324.0
80  35.0  349.0
100  64.0  337.0
120  71.0  428.0
140  72.0  419.0
160  92.0  248.0
180  87.0  331.0
200  90.0  302.0
40  0.0  296.0
60  3.0  296.0
80  52.0  364.0
100  78.0  337.0
120  69.0  364.0
140  78.0  418.0
160  79.0  379.0
180  57.0  679.0
200  87.0  373.0
40  21.0  324.0
60  16.0  255.0
80  35.0  482.0
100  68.0  304.0
120  55.0  211.0
140  72.0  425.0
160  93.0  266.0
180  97.0  232.0
200  74.0  258.0
40  19.0  190.0
60  10.0  317.0
80  46.0  405.0
100  16.0  125.0
120  42.0  484.0
140  56.0  311.0
160  73.0  238.0
180  54.0  549.0
200  90.0  292.0
40  3.0  276.0
60  58.0  418.0
80  38.0  324.0
100  45.0  426.0
120  52.0  311.0
140  80.0  364.0
160  39.0  395.0
180  73.0  301.0
200  92.0  276.0
