1  51.0  440.0
1  43.0  323.0
1  33.0  459.0
1  68.0  388.0
1  66.0  272.0
1  53.0  442.0
1  15.0  652.0
1  65.0  263.0
1  65.0  286.0
1  51.0  403.0
1  18.0  350.0
1  100.0  100.0
1  88.0  270.0
1  49.0  497.0
1  1.0  585.0
1  69.0  2.0
1  47.0  219.0
1  74.0  294.0
1  64.0  422.0
1  82.0  343.0
2  73.0  340.0
2  43.0  480.0
2  0.0  237.0
2  81.0  312.0
2  52.0  405.0
2  48.0  527.0
2  100.0  200.0
2  22.0  528.0
2  35.0  437.0
2  50.0  477.0
2  37.0  326.0
2  30.0  746.0
2  38.0  371.0
2  46.0  470.0
2  95.0  245.0
2  78.0  301.0
2  28.0  183.0
2  62.0  203.0
2  52.0  503.0
2  12.0  535.0
3  14.0  107.0
3  90.0  253.0
3  40.0  304.0
3  33.0  462.0
3  66.0  392.0
3  49.0  408.0
3  86.0  326.0
3  57.0  216.0
3  19.0  353.0
3  57.0  413.0
3  57.0  309.0
3  22.0  197.0
3  48.0  454.0
3  3.0  300.0
3  8.0  374.0
3  0.0  446.0
3  32.0  328.0
3  35.0  577.0
3  44.0  252.0
3  43.0  479.0
4  81.0  299.0
4  52.0  345.0
4  12.0  306.0
4  44.0  259.0
4  57.0  209.0
4  35.0  202.0
4  46.0  365.0
4  59.0  488.0
4  68.0  361.0
4  62.0  419.0
4  57.0  215.0
4  44.0  404.0
4  64.0  294.0
4  36.0  276.0
4  77.0  295.0
4  94.0  235.0
4  38.0  252.0
4  47.0  304.0
4  33.0  407.0
4  39.0  387.0
5  42.0  380.0
5  20.0  534.0
5  34.0  283.0
5  73.0  244.0
5  44.0  384.0
5  41.0  417.0
5  17.0  605.0
5  33.0  239.0
5  59.0  346.0
5  39.0  739.0
5  59.0  368.0
5  6.0  329.0
5  56.0  236.0
5  67.0  404.0
5  39.0  344.0
5  54.0  307.0
5  52.0  224.0
5  54.0  346.0
5  75.0  254.0
5  0.0  202.0
