0  64.0  304
1  15.0  258
2  50.0  406
3  73.0  195
4  97.0  165
5  82.0  187
6  64.0  167
7  65.0  264
8  25.0  403
9  91.0  90
10  47.0  320
11  59.0  270
12  54.0  332
13  77.0  280
14  70.0  258
15  54.0  379
16  77.0  200
17  59.0  229
18  66.0  87
19  54.0  199
20  75.0  304
0  38.0  314
1  29.0  398
2  21.0  320
3  22.0  566
4  52.0  322
5  45.0  395
6  72.0  277
7  97.0  121
8  68.0  283
9  73.0  250
10  18.0  310
11  86.0  169
12  86.0  109
13  78.0  220
14  83.0  153
15  39.0  195
16  86.0  133
17  74.0  165
18  65.0  176
19  77.0  245
20  53.0  255
0  48.0  575
1  31.0  401
2  88.0  239
3  86.0  147
4  75.0  149
5  58.0  334
6  97.0  148
7  77.0  268
8  65.0  218
9  19.0  196
10  51.0  392
11  20.0  299
12  37.0  318
13  76.0  217
14  52.0  364
15  59.0  172
16  77.0  255
17  93.0  75
18  76.0  280
19  69.0  272
20  30.0  321
0  66.0  302
1  63.0  421
2  51.0  331
3  67.0  325
4  82.0  216
5  89.0  176
6  98.0  33
7  52.0  327
8  61.0  320
9  89.0  242
10  75.0  252
11  51.0  292
12  71.0  210
13  53.0  244
14  3.0  293
15  37.0  399
16  63.0  292
17  56.0  282
18  95.0  91
19  48.0  299
20  84.0  229
0  33.0  586
1  54.0  368
2  60.0  207
3  59.0  357
4  67.0  299
5  96.0  31
6  56.0  290
7  74.0  195
8  64.0  416
9  80.0  166
10  80.0  262
11  86.0  137
12  46.0  309
13  62.0  252
14  72.0  206
15  87.0  218
16  52.0  311
17  87.0  118
18  84.0  191
19  79.0  172
20  90.0  147
0  46.0  378
1  29.0  394
2  89.0  264
3  51.0  371
4  63.0  314
5  67.0  358
6  65.0  274
7  31.0  404
8  63.0  345
9  66.0  365
10  96.0  161
11  97.0  68
12  85.0  148
13  56.0  252
14  64.0  244
15  84.0  193
16  73.0  217
17  40.0  337
18  34.0  168
19  83.0  188
20  73.0  165
0  59.0  494
1  60.0  298
2  91.0  86
3  66.0  287
4  78.0  307
5  58.0  298
6  60.0  343
7  54.0  312
8  58.0  159
9  44.0  433
10  78.0  228
11  38.0  439
12  28.0  243
13  91.0  151
14  28.0  190
15  79.0  58
16  66.0  320
17  78.0  241
18  92.0  93
19  70.0  45
20  48.0  202
0  10.0  230
1  77.0  369
2  40.0  202
3  74.0  219
4  39.0  432
5  42.0  443
6  37.0  479
7  44.0  186
8  98.0  44
9  81.0  213
10  91.0  210
11  36.0  351
12  58.0  130
13  79.0  223
14  83.0  75
15  98.0  21
16  73.0  238
17  80.0  209
18  74.0  185
19  33.0  205
20  73.0  103
0  46.0  281
1  41.0  371
2  10.0  217
3  50.0  278
4  40.0  242
5  85.0  258
6  74.0  241
7  45.0  384
8  71.0  166
9  74.0  181
10  56.0  101
11  96.0  106
12  39.0  177
13  98.0  71
14  49.0  220
15  92.0  66
16  59.0  218
17  63.0  279
18  72.0  281
19  56.0  242
20  91.0  164
0  51.0  321
1  68.0  331
2  39.0  486
3  27.0  311
4  59.0  221
5  65.0  356
6  78.0  132
7  92.0  139
8  69.0  286
9  64.0  244
10  76.0  208
11  79.0  165
12  37.0  172
13  75.0  167
14  78.0  180
15  62.0  337
16  78.0  113
17  86.0  131
18  62.0  281
19  88.0  140
20  91.0  71
0  59.0  414
1  57.0  416
2  49.0  322
3  55.0  349
4  42.0  391
5  74.0  268
6  18.0  263
7  47.0  310
8  58.0  167
9  64.0  247
10  88.0  172
11  43.0  204
12  66.0  271
13  61.0  310
14  76.0  155
15  91.0  54
16  76.0  167
17  54.0  229
18  95.0  57
19  60.0  244
20  84.0  85
0  52.0  301
1  57.0  462
2  41.0  384
3  46.0  325
4  26.0  291
5  53.0  392
6  66.0  340
7  10.0  201
8  98.0  44
9  74.0  363
10  97.0  45
11  75.0  394
12  65.0  367
13  96.0  49
14  41.0  173
15  65.0  314
16  61.0  272
17  61.0  304
18  81.0  155
19  97.0  31
20  86.0  168
0  20.0  406
1  48.0  521
2  79.0  199
3  69.0  345
4  56.0  415
5  50.0  244
6  83.0  246
7  94.0  49
8  62.0  320
9  65.0  329
10  76.0  270
11  43.0  289
12  97.0  57
13  59.0  268
14  53.0  216
15  39.0  261
16  89.0  137
17  85.0  5
18  90.0  113
19  87.0  147
20  93.0  129
0  40.0  347
1  37.0  380
2  47.0  327
3  57.0  281
4  49.0  461
5  82.0  293
6  60.0  249
7  46.0  274
8  90.0  154
9  71.0  141
10  73.0  346
11  65.0  259
12  81.0  124
13  76.0  131
14  92.0  168
15  63.0  193
16  69.0  259
17  60.0  166
18  71.0  214
19  48.0  240
20  43.0  392
0  51.0  375
1  29.0  381
2  77.0  218
3  65.0  195
4  64.0  379
5  68.0  419
6  6.0  362
7  98.0  42
8  65.0  378
9  85.0  164
10  81.0  169
11  51.0  168
12  41.0  413
13  91.0  68
14  70.0  271
15  62.0  228
16  80.0  267
17  75.0  178
18  71.0  141
19  72.0  278
20  78.0  169
0  48.0  460
1  48.0  386
2  57.0  319
3  47.0  341
4  25.0  424
5  53.0  214
6  81.0  145
7  95.0  45
8  48.0  380
9  52.0  265
10  76.0  260
11  95.0  126
12  69.0  348
13  61.0  322
14  45.0  371
15  80.0  138
16  95.0  42
17  56.0  280
18  95.0  87
19  72.0  230
20  82.0  138
0  35.0  352
1  43.0  234
2  79.0  340
3  56.0  404
4  77.0  372
5  98.0  94
6  68.0  301
7  53.0  361
8  71.0  299
9  88.0  203
10  49.0  285
11  54.0  204
12  30.0  220
13  74.0  197
14  95.0  115
15  90.0  134
16  50.0  351
17  92.0  98
18  48.0  260
19  79.0  252
20  57.0  170
0  85.0  287
1  48.0  301
2  53.0  378
3  86.0  293
4  60.0  283
5  48.0  418
6  13.0  608
7  42.0  468
8  71.0  309
9  50.0  378
10  48.0  274
11  55.0  237
12  73.0  224
13  58.0  187
14  86.0  220
15  77.0  132
16  65.0  161
17  72.0  251
18  83.0  180
19  54.0  328
20  92.0  128
0  71.0  362
1  82.0  268
2  88.0  246
3  46.0  306
4  46.0  291
5  61.0  301
6  62.0  249
7  38.0  409
8  25.0  421
9  54.0  224
10  48.0  316
11  30.0  301
12  69.0  178
13  68.0  232
14  72.0  150
15  87.0  88
16  56.0  243
17  70.0  279
18  47.0  168
19  58.0  185
20  95.0  62
0  57.0  401
1  53.0  243
2  47.0  414
3  54.0  393
4  68.0  280
5  13.0  318
6  95.0  190
7  40.0  311
8  64.0  303
9  75.0  329
10  79.0  85
11  28.0  220
12  73.0  221
13  43.0  178
14  47.0  341
15  72.0  226
16  56.0  308
17  68.0  322
18  56.0  138
19  83.0  86
20  24.0  290
0  41.0  327
1  64.0  528
2  38.0  446
3  19.0  238
4  87.0  148
5  65.0  336
6  45.0  314
7  70.0  299
8  66.0  315
9  76.0  215
10  45.0  328
11  65.0  270
12  36.0  490
13  76.0  207
14  66.0  125
15  77.0  322
16  66.0  189
17  60.0  353
18  67.0  107
19  87.0  157
20  68.0  324
0  60.0  404
1  38.0  354
2  61.0  237
3  46.0  259
4  54.0  363
5  78.0  279
6  66.0  242
7  88.0  280
8  71.0  342
9  35.0  367
10  57.0  318
11  74.0  281
12  68.0  192
13  71.0  241
14  76.0  118
15  75.0  259
16  65.0  221
17  69.0  169
18  98.0  13
19  68.0  251
20  33.0  312
0  50.0  470
1  66.0  348
2  62.0  259
3  42.0  404
4  61.0  349
5  90.0  110
6  35.0  319
7  61.0  412
8  67.0  419
9  76.0  264
10  79.0  270
11  87.0  239
12  67.0  339
13  28.0  317
14  63.0  132
15  54.0  297
16  98.0  68
17  98.0  21
18  83.0  173
19  83.0  176
20  67.0  236
0  51.0  443
1  60.0  334
2  61.0  164
3  44.0  418
4  58.0  243
5  42.0  229
6  80.0  211
7  90.0  246
8  53.0  418
9  79.0  243
10  52.0  258
11  73.0  266
12  73.0  187
13  67.0  257
14  98.0  50
15  68.0  345
16  68.0  270
17  76.0  182
18  81.0  233
19  72.0  99
20  69.0  225
0  40.0  418
1  44.0  532
2  47.0  288
3  68.0  306
4  43.0  499
5  75.0  338
6  63.0  355
7  31.0  358
8  43.0  470
9  54.0  320
10  78.0  103
11  67.0  193
12  84.0  184
13  78.0  162
14  60.0  324
15  68.0  262
16  38.0  209
17  62.0  277
18  71.0  252
19  94.0  47
20  44.0  385
0  40.0  343
1  31.0  411
2  27.0  352
3  57.0  240
4  83.0  172
5  29.0  420
6  55.0  430
7  20.0  259
8  82.0  252
9  88.0  106
10  85.0  133
11  97.0  37
12  84.0  248
13  79.0  256
14  83.0  182
15  85.0  65
16  93.0  64
17  25.0  186
18  52.0  369
19  63.0  204
20  82.0  94
0  30.0  516
1  60.0  353
2  62.0  442
3  80.0  294
4  62.0  87
5  66.0  340
6  78.0  226
7  66.0  180
8  28.0  330
9  83.0  167
10  65.0  199
11  73.0  182
12  37.0  307
13  72.0  314
14  69.0  236
15  82.0  188
16  55.0  236
17  88.0  155
18  59.0  338
19  77.0  110
20  88.0  163
0  35.0  313
1  44.0  389
2  22.0  351
3  68.0  224
4  29.0  521
5  55.0  318
6  71.0  266
7  24.0  138
8  93.0  42
9  44.0  412
10  74.0  339
11  98.0  31
12  85.0  213
13  74.0  215
14  42.0  349
15  86.0  205
16  98.0  65
17  57.0  448
18  73.0  151
19  53.0  174
20  69.0  198
0  43.0  478
1  40.0  344
2  54.0  150
3  62.0  333
4  59.0  294
5  28.0  273
6  68.0  241
7  88.0  175
8  81.0  277
9  72.0  252
10  66.0  117
11  74.0  226
12  41.0  242
13  45.0  323
14  95.0  27
15  88.0  147
16  94.0  55
17  55.0  227
18  60.0  247
19  43.0  200
20  38.0  332
0  24.0  502
1  30.0  374
2  69.0  343
3  44.0  311
4  57.0  220
5  57.0  298
6  95.0  60
7  40.0  345
8  70.0  366
9  54.0  290
10  85.0  141
11  35.0  384
12  72.0  239
13  78.0  263
14  49.0  279
15  86.0  163
16  86.0  159
17  80.0  272
18  41.0  236
19  98.0  51
20  62.0  131
0  51.0  275
1  26.0  321
2  55.0  329
3  62.0  356
4  34.0  469
5  56.0  347
6  55.0  373
7  96.0  111
8  14.0  378
9  50.0  163
10  54.0  179
11  53.0  250
12  52.0  195
13  41.0  375
14  40.0  298
15  35.0  267
16  78.0  209
17  95.0  80
18  84.0  249
19  82.0  209
20  93.0  144
0  39.0  274
1  44.0  355
2  50.0  407
3  50.0  375
4  77.0  317
5  45.0  381
6  75.0  293
7  16.0  241
8  19.0  219
9  63.0  414
10  37.0  274
11  89.0  181
12  82.0  147
13  92.0  103
14  69.0  189
15  77.0  228
16  56.0  343
17  75.0  257
18  84.0  89
19  53.0  262
20  97.0  103
0  50.0  520
1  20.0  371
2  32.0  306
3  75.0  311
4  70.0  232
5  35.0  473
6  44.0  463
7  50.0  214
8  42.0  349
9  35.0  136
10  70.0  337
11  79.0  258
12  40.0  180
13  53.0  239
14  35.0  244
15  89.0  83
16  93.0  57
17  86.0  33
18  68.0  200
19  68.0  262
20  87.0  158
0  22.0  414
1  49.0  470
2  64.0  374
3  53.0  311
4  52.0  476
5  27.0  324
6  89.0  160
7  61.0  299
8  66.0  208
9  44.0  363
10  76.0  317
11  64.0  316
12  66.0  239
13  56.0  280
14  82.0  143
15  83.0  172
16  45.0  176
17  61.0  197
18  72.0  246
19  71.0  226
20  85.0  157
0  76.0  333
1  30.0  288
2  72.0  365
3  23.0  276
4  45.0  223
5  35.0  483
6  84.0  168
7  66.0  290
8  44.0  388
9  67.0  225
10  82.0  121
11  36.0  419
12  80.0  168
13  68.0  288
14  23.0  326
15  71.0  228
16  74.0  245
17  54.0  224
18  98.0  13
19  32.0  293
20  97.0  23
0  50.0  404
1  25.0  524
2  44.0  394
3  43.0  323
4  82.0  213
5  56.0  256
6  36.0  249
7  29.0  542
8  45.0  240
9  93.0  138
10  76.0  238
11  57.0  353
12  57.0  305
13  92.0  75
14  90.0  126
15  74.0  82
16  98.0  68
17  75.0  256
18  90.0  173
19  82.0  228
20  96.0  63
0  56.0  304
1  61.0  290
2  47.0  407
3  47.0  275
4  88.0  155
5  53.0  216
6  21.0  423
7  53.0  216
8  46.0  356
9  43.0  180
10  72.0  199
11  68.0  255
12  93.0  92
13  75.0  315
14  89.0  99
15  66.0  170
16  63.0  200
17  41.0  376
18  75.0  149
19  84.0  118
20  75.0  210
0  35.0  450
1  6.0  198
2  85.0  220
3  44.0  275
4  50.0  418
5  58.0  297
6  6.0  304
7  55.0  351
8  59.0  222
9  65.0  311
10  98.0  53
11  83.0  232
12  24.0  298
13  82.0  187
14  87.0  206
15  38.0  306
16  55.0  178
17  58.0  327
18  66.0  271
19  90.0  196
20  93.0  97
0  82.0  297
1  52.0  453
2  38.0  391
3  40.0  242
4  83.0  323
5  37.0  449
6  89.0  110
7  58.0  235
8  64.0  296
9  98.0  61
10  68.0  264
11  54.0  157
12  97.0  60
13  56.0  255
14  86.0  222
15  98.0  16
16  87.0  60
17  80.0  81
18  94.0  90
19  59.0  326
20  79.0  207
0  41.0  292
1  63.0  390
2  55.0  360
3  77.0  302
4  43.0  422
5  56.0  268
6  25.0  237
7  65.0  316
8  39.0  335
9  83.0  260
10  65.0  316
11  76.0  134
12  64.0  194
13  55.0  323
14  69.0  224
15  78.0  92
16  63.0  347
17  73.0  175
18  80.0  133
19  44.0  135
20  82.0  61
0  27.0  444
1  43.0  219
2  63.0  409
3  58.0  387
4  59.0  344
5  50.0  249
6  46.0  155
7  70.0  354
8  32.0  323
9  59.0  474
10  88.0  115
11  98.0  64
12  92.0  152
13  49.0  272
14  57.0  234
15  62.0  351
16  98.0  32
17  90.0  190
18  92.0  76
19  82.0  183
20  65.0  192
0  34.0  427
1  56.0  332
2  26.0  453
3  45.0  337
4  57.0  373
5  59.0  339
6  70.0  255
7  73.0  304
8  26.0  369
9  41.0  487
10  76.0  169
11  65.0  206
12  53.0  423
13  67.0  306
14  65.0  251
15  79.0  278
16  56.0  319
17  30.0  142
18  81.0  191
19  88.0  189
20  76.0  119
0  75.0  390
1  57.0  340
2  90.0  205
3  41.0  514
4  78.0  273
5  86.0  272
6  81.0  143
7  91.0  273
8  67.0  368
9  59.0  320
10  39.0  437
11  60.0  378
12  83.0  224
13  51.0  273
14  64.0  129
15  82.0  71
16  91.0  119
17  86.0  103
18  89.0  121
19  96.0  75
20  89.0  175
0  42.0  389
1  49.0  420
2  68.0  330
3  12.0  320
4  62.0  358
5  73.0  186
6  67.0  249
7  97.0  51
8  25.0  441
9  90.0  161
10  38.0  289
11  97.0  61
12  87.0  195
13  53.0  198
14  82.0  195
15  66.0  237
16  90.0  152
17  98.0  25
18  75.0  195
19  59.0  354
20  81.0  286
0  32.0  315
1  51.0  324
2  79.0  400
3  59.0  306
4  93.0  116
5  81.0  262
6  59.0  391
7  62.0  272
8  56.0  322
9  70.0  241
10  30.0  329
11  85.0  245
12  79.0  180
13  96.0  61
14  72.0  162
15  78.0  161
16  72.0  269
17  75.0  213
18  69.0  324
19  71.0  215
20  59.0  150
0  63.0  373
1  53.0  355
2  66.0  264
3  59.0  362
4  39.0  312
5  52.0  502
6  23.0  409
7  48.0  478
8  57.0  283
9  62.0  304
10  64.0  259
11  60.0  351
12  97.0  25
13  66.0  158
14  97.0  51
15  92.0  79
16  91.0  114
17  77.0  205
18  58.0  216
19  93.0  130
20  59.0  228
0  46.0  421
1  67.0  339
2  30.0  431
3  41.0  235
4  84.0  274
5  45.0  235
6  26.0  258
7  83.0  146
8  62.0  253
9  95.0  122
10  98.0  33
11  53.0  279
12  47.0  305
13  69.0  199
14  87.0  107
15  84.0  215
16  84.0  74
17  53.0  169
18  86.0  111
19  87.0  173
20  93.0  60
0  25.0  269
1  47.0  355
2  59.0  373
3  81.0  284
4  37.0  127
5  72.0  97
6  41.0  212
7  98.0  69
8  97.0  120
9  96.0  102
10  16.0  219
11  65.0  266
12  90.0  175
13  35.0  269
14  70.0  275
15  82.0  80
16  74.0  211
17  75.0  216
18  93.0  116
19  85.0  152
20  84.0  30
0  31.0  703
1  31.0  492
2  61.0  328
3  79.0  198
4  69.0  163
5  97.0  73
6  50.0  387
7  39.0  358
8  47.0  453
9  88.0  183
10  49.0  154
11  74.0  333
12  50.0  315
13  97.0  32
14  91.0  143
15  40.0  212
16  65.0  283
17  84.0  80
18  86.0  142
19  69.0  165
20  90.0  103
0  50.0  474
1  60.0  260
2  44.0  330
3  71.0  259
4  52.0  284
5  46.0  324
6  57.0  350
7  74.0  216
8  74.0  109
9  73.0  273
10  90.0  218
11  62.0  199
12  49.0  170
13  54.0  231
14  31.0  182
15  93.0  104
16  75.0  228
17  79.0  143
18  62.0  289
19  68.0  274
20  92.0  119
0  55.0  439
1  48.0  411
2  79.0  373
3  36.0  365
4  75.0  366
5  82.0  213
6  60.0  262
7  28.0  166
8  24.0  183
9  76.0  186
10  76.0  379
11  56.0  158
12  57.0  269
13  70.0  322
14  68.0  234
15  89.0  131
16  69.0  187
17  91.0  79
18  66.0  238
19  45.0  253
20  80.0  89
0  26.0  395
1  47.0  438
2  64.0  400
3  67.0  356
4  91.0  142
5  69.0  334
6  47.0  277
7  59.0  397
8  89.0  228
9  45.0  323
10  57.0  195
11  98.0  74
12  98.0  51
13  86.0  115
14  83.0  254
15  96.0  35
16  83.0  148
17  98.0  12
18  69.0  290
19  83.0  169
20  75.0  217
0  43.0  422
1  43.0  444
2  20.0  388
3  68.0  156
4  57.0  405
5  68.0  384
6  83.0  180
7  62.0  404
8  68.0  240
9  16.0  309
10  76.0  318
11  53.0  397
12  78.0  316
13  60.0  406
14  79.0  146
15  88.0  91
16  95.0  26
17  44.0  445
18  92.0  131
19  85.0  158
20  51.0  188
0  54.0  390
1  34.0  222
2  65.0  213
3  35.0  258
4  71.0  300
5  23.0  349
6  83.0  161
7  72.0  86
8  40.0  386
9  64.0  303
10  74.0  149
11  38.0  399
12  82.0  172
13  98.0  54
14  57.0  33
15  96.0  43
16  90.0  90
17  54.0  209
18  77.0  216
19  73.0  265
20  98.0  23
0  42.0  305
1  73.0  315
2  38.0  277
3  54.0  277
4  21.0  403
5  80.0  199
6  68.0  340
7  61.0  304
8  55.0  336
9  62.0  255
10  84.0  183
11  84.0  310
12  46.0  369
13  85.0  232
14  70.0  304
15  73.0  289
16  85.0  248
17  79.0  140
18  77.0  263
19  58.0  203
20  42.0  296
0  20.0  351
1  40.0  375
2  59.0  318
3  46.0  283
4  55.0  470
5  80.0  236
6  95.0  150
7  82.0  261
8  72.0  249
9  69.0  332
10  93.0  69
11  55.0  273
12  74.0  292
13  64.0  318
14  82.0  223
15  40.0  222
16  70.0  161
17  95.0  59
18  86.0  113
19  58.0  299
20  72.0  223
0  67.0  293
1  62.0  412
2  55.0  336
3  43.0  349
4  59.0  296
5  59.0  412
6  81.0  250
7  41.0  214
8  45.0  372
9  59.0  262
10  68.0  256
11  90.0  229
12  12.0  417
13  92.0  50
14  77.0  142
15  85.0  150
16  73.0  301
17  34.0  287
18  54.0  200
19  91.0  83
20  91.0  80
0  59.0  328
1  61.0  361
2  56.0  287
3  72.0  321
4  40.0  479
5  62.0  235
6  91.0  94
7  56.0  286
8  55.0  318
9  69.0  344
10  70.0  222
11  51.0  380
12  70.0  272
13  57.0  372
14  53.0  272
15  64.0  266
16  80.0  56
17  96.0  73
18  72.0  249
19  33.0  290
20  20.0  442
0  53.0  438
1  24.0  377
2  44.0  346
3  65.0  327
4  49.0  514
5  71.0  167
6  58.0  273
7  79.0  251
8  68.0  317
9  60.0  279
10  35.0  293
11  67.0  383
12  58.0  280
13  75.0  124
14  79.0  122
15  70.0  265
16  70.0  349
17  83.0  124
18  91.0  124
19  80.0  164
20  97.0  47
0  38.0  352
1  33.0  409
2  39.0  357
3  47.0  290
4  33.0  295
5  21.0  316
6  76.0  218
7  80.0  179
8  43.0  274
9  88.0  189
10  79.0  186
11  73.0  244
12  77.0  279
13  83.0  257
14  89.0  151
15  80.0  133
16  33.0  344
17  78.0  119
18  96.0  36
19  91.0  84
20  80.0  216
0  20.0  336
1  41.0  452
2  19.0  271
3  77.0  237
4  37.0  288
5  18.0  217
6  74.0  78
7  37.0  357
8  23.0  246
9  89.0  79
10  81.0  162
11  84.0  117
12  57.0  165
13  52.0  209
14  72.0  187
15  79.0  151
16  90.0  107
17  91.0  103
18  78.0  123
19  64.0  264
20  96.0  71
0  39.0  467
1  32.0  489
2  56.0  414
3  64.0  280
4  68.0  284
5  24.0  304
6  47.0  235
7  73.0  167
8  33.0  187
9  78.0  304
10  71.0  314
11  83.0  177
12  79.0  334
13  65.0  217
14  67.0  319
15  98.0  19
16  74.0  176
17  79.0  260
18  24.0  238
19  52.0  194
20  76.0  185
0  72.0  285
1  61.0  300
2  74.0  234
3  51.0  349
4  70.0  347
5  49.0  340
6  56.0  286
7  28.0  307
8  89.0  157
9  70.0  136
10  67.0  142
11  42.0  205
12  97.0  129
13  81.0  163
14  92.0  237
15  69.0  171
16  82.0  232
17  87.0  155
18  85.0  96
19  86.0  95
20  69.0  160
0  18.0  505
1  48.0  321
2  50.0  369
3  49.0  401
4  69.0  340
5  49.0  440
6  30.0  154
7  66.0  231
8  59.0  306
9  36.0  211
10  41.0  261
11  60.0  308
12  46.0  221
13  66.0  144
14  93.0  102
15  67.0  123
16  62.0  221
17  51.0  127
18  85.0  217
19  80.0  128
20  80.0  192
0  16.0  365
1  74.0  327
2  90.0  257
3  35.0  387
4  62.0  350
5  80.0  248
6  49.0  407
7  60.0  298
8  32.0  363
9  51.0  165
10  84.0  225
11  33.0  290
12  92.0  132
13  69.0  248
14  73.0  247
15  96.0  155
16  41.0  191
17  85.0  47
18  37.0  250
19  61.0  123
20  77.0  144
0  34.0  340
1  46.0  289
2  21.0  249
3  84.0  287
4  52.0  150
5  43.0  313
6  87.0  161
7  83.0  64
8  71.0  237
9  53.0  271
10  72.0  104
11  67.0  321
12  36.0  202
13  72.0  275
14  69.0  291
15  66.0  293
16  8.0  231
17  77.0  158
18  81.0  163
19  78.0  162
20  64.0  283
0  49.0  405
1  52.0  430
2  32.0  536
3  53.0  256
4  43.0  199
5  95.0  78
6  98.0  30
7  87.0  233
8  66.0  154
9  67.0  261
10  67.0  215
11  87.0  109
12  75.0  253
13  63.0  279
14  63.0  318
15  46.0  216
16  84.0  177
17  89.0  206
18  41.0  384
19  84.0  116
20  97.0  46
0  40.0  232
1  32.0  653
2  51.0  310
3  22.0  333
4  93.0  54
5  60.0  181
6  52.0  298
7  88.0  185
8  47.0  386
9  38.0  446
10  98.0  26
11  74.0  159
12  24.0  223
13  80.0  93
14  66.0  330
15  67.0  283
16  47.0  238
17  73.0  208
18  71.0  304
19  94.0  93
20  88.0  115
0  26.0  289
1  59.0  360
2  72.0  376
3  46.0  349
4  54.0  330
5  24.0  379
6  27.0  319
7  45.0  239
8  49.0  229
9  34.0  476
10  70.0  209
11  61.0  346
12  69.0  107
13  36.0  399
14  89.0  134
15  69.0  215
16  39.0  191
17  67.0  157
18  44.0  287
19  77.0  113
20  67.0  255
0  55.0  467
1  52.0  351
2  30.0  387
3  72.0  315
4  84.0  216
5  23.0  441
6  65.0  192
7  22.0  487
8  51.0  367
9  41.0  311
10  79.0  195
11  77.0  236
12  83.0  75
13  61.0  287
14  71.0  176
15  78.0  128
16  61.0  302
17  94.0  59
18  68.0  190
19  83.0  142
20  81.0  146
0  86.0  296
1  77.0  193
2  70.0  283
3  59.0  358
4  91.0  180
5  31.0  296
6  74.0  214
7  47.0  300
8  39.0  289
9  80.0  197
10  98.0  22
11  69.0  149
12  95.0  55
13  50.0  283
14  82.0  131
15  70.0  77
16  23.0  211
17  55.0  249
18  64.0  201
19  37.0  206
20  80.0  114
0  54.0  466
1  39.0  290
2  80.0  324
3  79.0  260
4  10.0  264
5  79.0  194
6  59.0  291
7  84.0  73
8  71.0  195
9  71.0  261
10  70.0  272
11  31.0  350
12  65.0  380
13  81.0  237
14  53.0  256
15  89.0  169
16  67.0  117
17  71.0  122
18  86.0  95
19  53.0  266
20  64.0  135
0  51.0  502
1  43.0  262
2  31.0  538
3  74.0  286
4  64.0  208
5  71.0  308
6  64.0  290
7  68.0  27
8  78.0  124
9  57.0  339
10  65.0  236
11  76.0  139
12  52.0  198
13  88.0  132
14  30.0  355
15  98.0  29
16  43.0  349
17  72.0  102
18  75.0  211
19  82.0  179
20  69.0  222
0  42.0  316
1  36.0  428
2  57.0  381
3  37.0  583
4  74.0  235
5  77.0  340
6  41.0  291
7  64.0  278
8  62.0  211
9  67.0  238
10  82.0  158
11  78.0  131
12  98.0  39
13  86.0  123
14  48.0  271
15  82.0  230
16  60.0  319
17  38.0  217
18  72.0  96
19  92.0  113
20  74.0  185
0  54.0  544
1  65.0  331
2  78.0  288
3  61.0  455
4  29.0  430
5  39.0  348
6  57.0  238
7  79.0  201
8  65.0  289
9  30.0  355
10  68.0  165
11  46.0  219
12  65.0  159
13  14.0  146
14  93.0  144
15  79.0  172
16  48.0  244
17  76.0  222
18  96.0  68
19  96.0  58
20  90.0  109
0  49.0  391
1  38.0  326
2  52.0  449
3  55.0  434
4  33.0  347
5  54.0  375
6  65.0  339
7  71.0  192
8  53.0  394
9  85.0  6
10  77.0  227
11  62.0  341
12  89.0  57
13  60.0  166
14  82.0  104
15  77.0  274
16  54.0  337
17  54.0  260
18  82.0  235
19  95.0  62
20  80.0  204
0  53.0  300
1  62.0  399
2  77.0  246
3  89.0  209
4  71.0  256
5  57.0  367
6  89.0  153
7  47.0  236
8  18.0  221
9  64.0  256
10  78.0  162
11  90.0  124
12  90.0  141
13  47.0  249
14  98.0  24
15  90.0  134
16  80.0  218
17  68.0  317
18  94.0  122
19  86.0  149
20  85.0  129
0  61.0  365
1  19.0  354
2  62.0  416
3  49.0  419
4  53.0  458
5  39.0  333
6  28.0  310
7  35.0  251
8  88.0  181
9  46.0  266
10  63.0  316
11  80.0  149
12  93.0  86
13  49.0  265
14  82.0  243
15  51.0  359
16  80.0  170
17  85.0  117
18  63.0  186
19  87.0  169
20  60.0  213
0  23.0  422
1  67.0  390
2  34.0  240
3  27.0  456
4  77.0  295
5  42.0  420
6  70.0  318
7  75.0  245
8  79.0  247
9  98.0  24
10  40.0  321
11  86.0  260
12  54.0  189
13  97.0  46
14  74.0  190
15  47.0  191
16  70.0  285
17  61.0  327
18  26.0  252
19  87.0  219
20  47.0  163
0  28.0  458
1  55.0  379
2  21.0  329
3  54.0  434
4  50.0  367
5  86.0  191
6  71.0  365
7  92.0  35
8  0.0  410
9  77.0  220
10  19.0  284
11  83.0  179
12  75.0  220
13  53.0  318
14  78.0  150
15  97.0  75
16  55.0  214
17  81.0  155
18  74.0  283
19  98.0  47
20  91.0  125
0  14.0  343
1  60.0  419
2  61.0  343
3  62.0  285
4  51.0  407
5  95.0  129
6  60.0  357
7  73.0  171
8  46.0  291
9  80.0  109
10  78.0  274
11  64.0  231
12  57.0  307
13  57.0  272
14  25.0  470
15  44.0  252
16  63.0  213
17  87.0  189
18  77.0  173
19  81.0  203
20  91.0  153
0  40.0  451
1  81.0  320
2  53.0  511
3  93.0  193
4  12.0  481
5  44.0  386
6  61.0  386
7  68.0  272
8  60.0  233
9  37.0  213
10  53.0  281
11  64.0  238
12  74.0  200
13  87.0  120
14  93.0  104
15  86.0  196
16  68.0  331
17  39.0  98
18  65.0  155
19  78.0  228
20  85.0  153
0  71.0  325
1  47.0  393
2  40.0  449
3  32.0  456
4  78.0  255
5  77.0  301
6  49.0  377
7  29.0  553
8  68.0  229
9  60.0  273
10  64.0  230
11  83.0  193
12  73.0  237
13  79.0  237
14  78.0  210
15  93.0  77
16  81.0  134
17  90.0  118
18  80.0  124
19  98.0  22
20  90.0  140
0  43.0  396
1  68.0  404
2  39.0  399
3  16.0  174
4  48.0  456
5  46.0  496
6  65.0  150
7  71.0  302
8  93.0  50
9  76.0  233
10  71.0  200
11  94.0  64
12  79.0  195
13  47.0  293
14  17.0  207
15  67.0  105
16  52.0  249
17  41.0  160
18  98.0  33
19  84.0  219
20  74.0  88
0  37.0  332
1  59.0  412
2  48.0  385
3  69.0  212
4  77.0  294
5  63.0  374
6  66.0  174
7  60.0  343
8  71.0  240
9  96.0  107
10  76.0  148
11  65.0  243
12  60.0  223
13  88.0  190
14  80.0  197
15  81.0  196
16  98.0  36
17  76.0  192
18  66.0  280
19  76.0  180
20  88.0  154
0  25.0  454
1  23.0  245
2  91.0  137
3  65.0  335
4  82.0  204
5  68.0  289
6  35.0  181
7  42.0  300
8  91.0  138
9  44.0  321
10  71.0  284
11  73.0  274
12  98.0  14
13  73.0  166
14  87.0  216
15  62.0  391
16  71.0  301
17  54.0  321
18  37.0  183
19  34.0  194
20  76.0  88
0  53.0  405
1  46.0  439
2  58.0  435
3  70.0  377
4  96.0  178
5  70.0  296
6  91.0  169
7  43.0  346
8  92.0  112
9  47.0  275
10  76.0  200
11  33.0  191
12  58.0  351
13  70.0  328
14  79.0  119
15  85.0  130
16  41.0  205
17  77.0  108
18  51.0  298
19  95.0  105
20  81.0  205
0  61.0  357
1  71.0  381
2  90.0  194
3  47.0  371
4  45.0  404
5  49.0  212
6  31.0  392
7  63.0  371
8  56.0  302
9  59.0  319
10  76.0  242
11  80.0  147
12  66.0  331
13  84.0  152
14  70.0  78
15  75.0  286
16  52.0  222
17  84.0  131
18  86.0  199
19  63.0  168
20  95.0  75
0  45.0  374
1  35.0  305
2  33.0  274
3  57.0  347
4  79.0  308
5  69.0  388
6  52.0  304
7  61.0  350
8  91.0  132
9  46.0  328
10  91.0  123
11  24.0  362
12  77.0  222
13  80.0  272
14  86.0  182
15  44.0  245
16  49.0  354
17  63.0  194
18  84.0  90
19  98.0  35
20  88.0  95
0  51.0  443
1  76.0  259
2  36.0  378
3  31.0  307
4  86.0  158
5  55.0  411
6  33.0  250
7  56.0  295
8  27.0  297
9  41.0  76
10  33.0  362
11  87.0  155
12  60.0  112
13  98.0  30
14  66.0  187
15  63.0  239
16  65.0  228
17  76.0  299
18  36.0  209
19  82.0  202
20  43.0  102
0  45.0  573
1  12.0  367
2  68.0  309
3  49.0  269
4  41.0  375
5  73.0  316
6  57.0  294
7  93.0  75
8  70.0  174
9  59.0  158
10  65.0  347
11  82.0  212
12  71.0  293
13  60.0  296
14  85.0  128
15  90.0  175
16  75.0  69
17  73.0  240
18  50.0  251
19  33.0  290
20  62.0  221
0  75.0  382
1  33.0  304
2  66.0  303
3  48.0  353
4  45.0  359
5  45.0  212
6  59.0  196
7  81.0  191
8  52.0  251
9  94.0  145
10  61.0  228
11  63.0  290
12  86.0  241
13  71.0  190
14  27.0  243
15  70.0  214
16  87.0  188
17  59.0  233
18  53.0  92
19  80.0  203
20  68.0  275
0  66.0  302
1  70.0  331
2  37.0  228
3  49.0  350
4  73.0  296
5  68.0  339
6  78.0  248
7  84.0  187
8  89.0  135
9  75.0  96
10  62.0  346
11  62.0  364
12  58.0  201
13  81.0  189
14  42.0  178
15  81.0  79
16  58.0  340
17  68.0  160
18  75.0  166
19  64.0  289
20  96.0  91
0  62.0  460
1  59.0  402
2  57.0  360
3  57.0  289
4  91.0  182
5  43.0  335
6  91.0  80
7  71.0  268
8  72.0  192
9  67.0  225
10  57.0  186
11  66.0  148
12  79.0  264
13  15.0  125
14  76.0  219
15  76.0  202
16  98.0  27
17  93.0  135
18  56.0  192
19  88.0  193
20  75.0  264
0  52.0  419
1  65.0  390
2  64.0  89
3  78.0  314
4  25.0  291
5  50.0  186
6  94.0  80
7  57.0  266
8  43.0  202
9  53.0  387
10  70.0  333
11  67.0  240
12  81.0  189
13  34.0  160
14  36.0  258
15  70.0  300
16  96.0  88
17  83.0  144
18  55.0  206
19  81.0  231
20  72.0  117
0  47.0  198
1  73.0  386
2  55.0  497
3  85.0  163
4  52.0  429
5  75.0  201
6  16.0  257
7  71.0  191
8  63.0  391
9  59.0  222
10  72.0  290
11  79.0  300
12  93.0  157
13  83.0  233
14  79.0  202
15  91.0  82
16  68.0  255
17  80.0  114
18  79.0  216
19  83.0  175
20  61.0  109
0  40.0  521
1  35.0  531
2  42.0  435
3  61.0  301
4  81.0  284
5  45.0  394
6  34.0  392
7  74.0  291
8  35.0  235
9  81.0  263
10  78.0  291
11  55.0  272
12  72.0  207
13  84.0  149
14  72.0  202
15  56.0  336
16  38.0  214
17  44.0  378
18  81.0  243
19  50.0  236
20  72.0  238
0  68.0  279
1  51.0  248
2  44.0  252
3  43.0  387
4  72.0  276
5  46.0  220
6  70.0  272
7  58.0  248
8  61.0  254
9  90.0  109
10  61.0  358
11  78.0  167
12  57.0  256
13  31.0  288
14  60.0  224
15  95.0  90
16  72.0  271
17  62.0  130
18  44.0  157
19  76.0  235
20  64.0  209
0  62.0  465
1  49.0  501
2  87.0  207
3  44.0  325
4  98.0  31
5  69.0  324
6  65.0  272
7  54.0  280
8  80.0  154
9  95.0  94
10  80.0  283
11  63.0  319
12  91.0  123
13  71.0  182
14  89.0  89
15  78.0  194
16  90.0  89
17  87.0  134
18  62.0  170
19  81.0  223
20  73.0  225
0  16.0  176
1  30.0  337
2  39.0  395
3  32.0  418
4  45.0  278
5  75.0  399
6  34.0  338
7  62.0  208
8  68.0  229
9  60.0  283
10  77.0  110
11  63.0  115
12  60.0  193
13  94.0  91
14  68.0  264
15  70.0  291
16  71.0  155
17  93.0  102
18  85.0  125
19  63.0  278
20  33.0  279
