40  17.0  290
60  4.0  192
80  30.0  390
100  62.0  486
120  72.0  528
140  45.0  559
160  73.0  560
180  86.0  487
200  76.0  529
40  10.0  242
60  11.0  316
80  42.0  437
100  48.0  541
120  42.0  511
140  95.0  540
160  80.0  534
180  40.0  331
200  51.0  553
40  0.0  133
60  60.0  476
80  22.0  493
100  44.0  474
120  54.0  552
140  65.0  481
160  36.0  402
180  93.0  550
200  78.0  510
40  0.0  237
60  24.0  323
80  44.0  483
100  44.0  404
120  53.0  547
140  77.0  509
160  64.0  432
180  78.0  513
200  65.0  490
40  38.0  414
60  19.0  326
80  66.0  495
100  40.0  491
120  37.0  519
140  42.0  422
160  58.0  560
180  60.0  408
200  85.0  566
40  3.0  247
60  0.0  273
80  59.0  510
100  46.0  520
120  53.0  573
140  83.0  558
160  67.0  513
180  93.0  526
200  93.0  521
40  8.0  288
60  49.0  515
80  45.0  404
100  54.0  526
120  43.0  437
140  73.0  525
160  24.0  454
180  88.0  552
200  63.0  533
40  14.0  312
60  29.0  308
80  65.0  561
100  35.0  409
120  72.0  543
140  76.0  525
160  74.0  503
180  90.0  517
200  58.0  527
40  4.0  153
60  9.0  331
80  63.0  484
100  62.0  565
120  61.0  576
140  78.0  581
160  87.0  497
180  77.0  504
200  40.0  385
40  10.0  307
60  21.0  347
80  9.0  412
100  53.0  479
120  49.0  426
140  50.0  363
160  88.0  559
180  60.0  535
200  90.0  555
40  15.0  301
60  45.0  423
80  35.0  359
100  51.0  522
120  57.0  533
140  55.0  454
160  90.0  567
180  72.0  495
200  58.0  503
40  0.0  185
60  33.0  463
80  50.0  460
100  66.0  537
120  62.0  439
140  51.0  382
160  37.0  449
180  55.0  428
200  69.0  506
40  7.0  321
60  44.0  389
80  23.0  447
100  62.0  525
120  66.0  554
140  70.0  456
160  92.0  553
180  61.0  444
200  94.0  552
40  13.0  282
60  31.0  444
80  29.0  457
100  58.0  481
120  81.0  521
140  50.0  417
160  61.0  525
180  73.0  466
200  78.0  536
40  0.0  142
60  40.0  489
80  13.0  497
100  79.0  441
120  36.0  534
140  79.0  492
160  64.0  497
180  52.0  439
200  91.0  524
40  29.0  380
60  33.0  412
80  32.0  310
100  40.0  484
120  81.0  540
140  24.0  462
160  79.0  529
180  50.0  528
200  87.0  519
40  0.0  251
60  31.0  399
80  6.0  255
100  35.0  412
120  36.0  524
140  55.0  520
160  56.0  529
180  96.0  527
200  67.0  536
40  40.0  444
60  7.0  374
80  6.0  319
100  50.0  497
120  81.0  531
140  45.0  462
160  65.0  492
180  36.0  434
200  77.0  517
40  8.0  219
60  14.0  246
80  58.0  523
100  45.0  500
120  83.0  540
140  62.0  544
160  89.0  516
180  64.0  509
200  95.0  515
40  8.0  285
60  49.0  425
80  10.0  322
100  52.0  538
120  48.0  532
140  76.0  491
160  66.0  449
180  66.0  507
200  71.0  528
40  13.0  277
60  22.0  215
80  48.0  455
100  75.0  524
120  60.0  524
140  55.0  538
160  80.0  521
180  31.0  375
200  57.0  535
40  15.0  286
60  19.0  370
80  51.0  471
100  9.0  392
120  44.0  423
140  40.0  503
160  77.0  523
180  80.0  526
200  88.0  558
40  18.0  313
60  6.0  232
80  29.0  431
100  66.0  545
120  51.0  411
140  50.0  529
160  93.0  514
180  66.0  537
200  94.0  507
40  2.0  245
60  44.0  487
80  17.0  455
100  59.0  550
120  85.0  522
140  78.0  541
160  77.0  509
180  53.0  472
200  95.0  537
40  15.0  250
60  25.0  352
80  19.0  393
100  41.0  430
120  77.0  533
140  65.0  459
160  49.0  376
180  87.0  509
200  39.0  421
40  37.0  307
60  18.0  150
80  41.0  340
100  41.0  441
120  60.0  543
140  90.0  518
160  53.0  542
180  54.0  419
200  87.0  501
40  3.0  195
60  54.0  461
80  50.0  525
100  32.0  559
120  51.0  553
140  46.0  470
160  87.0  574
180  79.0  534
200  89.0  567
40  9.0  268
60  39.0  380
80  21.0  466
100  48.0  518
120  66.0  419
140  86.0  511
160  82.0  543
180  87.0  539
200  89.0  529
40  16.0  332
60  22.0  325
80  44.0  444
100  66.0  508
120  14.0  230
140  56.0  491
160  72.0  534
180  94.0  508
200  66.0  557
40  50.0  356
60  45.0  396
80  45.0  525
100  41.0  314
120  55.0  513
140  54.0  437
160  80.0  546
180  79.0  559
200  87.0  547
40  31.0  289
60  11.0  343
80  14.0  371
100  53.0  479
120  76.0  533
140  70.0  505
160  80.0  596
180  82.0  511
200  94.0  530
40  21.0  319
60  35.0  477
80  40.0  471
100  71.0  515
120  66.0  519
140  58.0  501
160  54.0  532
180  73.0  522
200  80.0  533
40  6.0  370
60  49.0  484
80  16.0  213
100  10.0  327
120  85.0  536
140  87.0  552
160  37.0  542
180  73.0  609
200  82.0  541
40  16.0  269
60  22.0  362
80  24.0  298
100  61.0  524
120  63.0  521
140  59.0  505
160  82.0  528
180  95.0  549
200  53.0  474
40  26.0  469
60  24.0  272
80  15.0  518
100  60.0  477
120  65.0  447
140  85.0  520
160  64.0  554
180  74.0  519
200  91.0  530
40  20.0  252
60  38.0  400
80  33.0  448
100  31.0  526
120  32.0  505
140  86.0  537
160  62.0  563
180  92.0  523
200  78.0  507
40  10.0  362
60  40.0  452
80  27.0  380
100  19.0  168
120  64.0  506
140  54.0  416
160  81.0  594
180  52.0  563
200  97.0  553
40  23.0  440
60  18.0  260
80  60.0  543
100  73.0  553
120  31.0  334
140  86.0  524
160  76.0  544
180  84.0  526
200  95.0  554
40  7.0  279
60  12.0  339
80  17.0  450
100  45.0  468
120  67.0  521
140  31.0  344
160  81.0  576
180  87.0  512
200  87.0  530
40  2.0  292
60  16.0  392
80  37.0  494
100  29.0  445
120  71.0  559
140  62.0  516
160  47.0  554
180  84.0  512
200  97.0  533
40  6.0  228
60  23.0  441
80  17.0  357
100  47.0  544
120  49.0  501
140  67.0  585
160  72.0  453
180  19.0  403
200  86.0  542
40  48.0  359
60  12.0  457
80  34.0  381
100  62.0  524
120  58.0  507
140  47.0  574
160  70.0  501
180  93.0  522
200  91.0  518
40  5.0  273
60  7.0  346
80  55.0  366
100  30.0  296
120  46.0  519
140  46.0  378
160  45.0  433
180  84.0  517
200  47.0  480
40  17.0  467
60  22.0  252
80  32.0  473
100  42.0  314
120  48.0  543
140  76.0  522
160  26.0  353
180  72.0  558
200  53.0  449
40  15.0  346
60  22.0  362
80  48.0  507
100  23.0  352
120  81.0  537
140  75.0  526
160  58.0  551
180  57.0  466
200  70.0  526
40  16.0  179
60  22.0  308
80  43.0  461
100  63.0  568
120  48.0  514
140  74.0  542
160  52.0  513
180  74.0  516
200  53.0  432
40  4.0  208
60  50.0  493
80  25.0  513
100  45.0  450
120  76.0  537
140  74.0  553
160  82.0  515
180  59.0  450
200  68.0  540
40  25.0  298
60  20.0  294
80  18.0  442
100  50.0  549
120  76.0  548
140  41.0  504
160  71.0  488
180  72.0  519
200  96.0  531
40  19.0  146
60  27.0  473
80  43.0  540
100  35.0  535
120  31.0  319
140  62.0  605
160  69.0  523
180  89.0  551
200  66.0  462
40  24.0  310
60  41.0  394
80  20.0  368
100  51.0  484
120  81.0  502
140  69.0  512
160  42.0  494
180  65.0  490
200  86.0  535
40  33.0  387
60  42.0  436
80  48.0  501
100  65.0  529
120  42.0  425
140  74.0  514
160  96.0  512
180  72.0  602
200  66.0  529
40  0.0  163
60  12.0  286
80  35.0  489
100  85.0  545
120  35.0  327
140  66.0  481
160  53.0  491
180  95.0  522
200  62.0  563
40  7.0  262
60  9.0  230
80  41.0  508
100  61.0  551
120  68.0  456
140  61.0  402
160  85.0  466
180  71.0  545
200  79.0  550
40  14.0  219
60  26.0  361
80  30.0  387
100  65.0  517
120  59.0  488
140  32.0  341
160  93.0  515
180  90.0  515
200  64.0  512
40  4.0  306
60  17.0  282
80  36.0  429
100  13.0  316
120  70.0  541
140  86.0  519
160  94.0  546
180  69.0  479
200  59.0  548
40  24.0  215
60  17.0  391
80  36.0  493
100  28.0  339
120  27.0  461
140  83.0  550
160  46.0  516
180  61.0  533
200  67.0  429
40  0.0  159
60  48.0  408
80  30.0  364
100  73.0  499
120  44.0  415
140  74.0  521
160  94.0  535
180  92.0  535
200  96.0  554
40  16.0  369
60  39.0  401
80  28.0  365
100  40.0  458
120  79.0  531
140  86.0  574
160  82.0  516
180  58.0  536
200  66.0  403
40  13.0  283
60  5.0  246
80  53.0  510
100  69.0  512
120  75.0  532
140  26.0  382
160  39.0  522
180  51.0  476
200  75.0  517
40  15.0  242
60  32.0  433
80  58.0  384
100  21.0  261
120  60.0  583
140  61.0  556
160  88.0  496
180  61.0  475
200  67.0  534
40  34.0  447
60  9.0  370
80  41.0  376
100  31.0  266
120  77.0  531
140  52.0  524
160  78.0  534
180  70.0  527
200  78.0  564
40  13.0  331
60  7.0  302
80  38.0  428
100  41.0  347
120  32.0  565
140  65.0  514
160  79.0  545
180  43.0  490
200  68.0  484
40  7.0  255
60  9.0  427
80  10.0  359
100  67.0  544
120  37.0  340
140  61.0  587
160  71.0  583
180  88.0  537
200  87.0  534
40  34.0  312
60  14.0  300
80  32.0  367
100  70.0  512
120  38.0  329
140  79.0  486
160  55.0  561
180  58.0  466
200  82.0  549
40  19.0  252
60  28.0  440
80  12.0  318
100  35.0  589
120  60.0  562
140  49.0  489
160  67.0  548
180  82.0  562
200  55.0  436
40  25.0  303
60  20.0  391
80  37.0  395
100  26.0  444
120  61.0  500
140  86.0  513
160  82.0  555
180  81.0  532
200  36.0  441
40  54.0  373
60  14.0  394
80  49.0  374
100  31.0  439
120  37.0  448
140  81.0  577
160  80.0  529
180  72.0  548
200  66.0  504
40  10.0  272
60  7.0  280
80  36.0  366
100  68.0  531
120  47.0  470
140  91.0  531
160  83.0  515
180  71.0  453
200  55.0  428
40  16.0  257
60  9.0  273
80  54.0  454
100  82.0  527
120  39.0  381
140  33.0  465
160  81.0  478
180  51.0  448
200  43.0  528
40  3.0  206
60  7.0  136
80  39.0  410
100  70.0  586
120  39.0  285
140  77.0  472
160  36.0  388
180  72.0  498
200  83.0  569
40  15.0  179
60  34.0  324
80  25.0  488
100  46.0  412
120  67.0  512
140  49.0  440
160  73.0  563
180  41.0  417
200  73.0  589
40  11.0  296
60  24.0  347
80  54.0  430
100  41.0  495
120  76.0  548
140  50.0  411
160  84.0  515
180  77.0  523
200  58.0  523
40  9.0  316
60  38.0  469
80  64.0  531
100  28.0  321
120  52.0  488
140  97.0  533
160  60.0  571
180  40.0  542
200  96.0  530
40  3.0  186
60  11.0  247
80  60.0  517
100  88.0  524
120  68.0  547
140  56.0  501
160  38.0  335
180  76.0  537
200  63.0  523
40  15.0  172
60  33.0  397
80  52.0  517
100  33.0  389
120  55.0  502
140  37.0  466
160  87.0  536
180  84.0  550
200  68.0  544
40  61.0  376
60  41.0  512
80  52.0  567
100  41.0  355
120  83.0  532
140  60.0  546
160  85.0  521
180  71.0  539
200  94.0  541
40  12.0  230
60  53.0  410
80  5.0  338
100  57.0  489
120  48.0  519
140  56.0  431
160  68.0  506
180  47.0  441
200  78.0  513
40  28.0  305
60  22.0  363
80  24.0  334
100  50.0  465
120  73.0  488
140  70.0  546
160  56.0  415
180  85.0  525
200  82.0  537
40  32.0  277
60  16.0  360
80  35.0  477
100  54.0  484
120  68.0  527
140  63.0  522
160  66.0  558
180  68.0  425
200  53.0  432
40  6.0  300
60  39.0  418
80  50.0  471
100  52.0  519
120  50.0  550
140  58.0  532
160  38.0  532
180  55.0  551
200  97.0  512
40  3.0  257
60  26.0  498
80  31.0  478
100  53.0  507
120  38.0  543
140  67.0  506
160  57.0  440
180  66.0  452
200  86.0  574
40  11.0  314
60  58.0  429
80  7.0  174
100  24.0  366
120  23.0  412
140  73.0  419
160  75.0  534
180  85.0  517
200  96.0  526
40  6.0  388
60  43.0  359
80  38.0  421
100  44.0  501
120  38.0  453
140  74.0  519
160  82.0  530
180  89.0  520
200  56.0  542
40  21.0  387
60  80.0  495
80  33.0  519
100  28.0  492
120  54.0  436
140  83.0  538
160  47.0  532
180  81.0  580
200  51.0  522
40  0.0  121
60  44.0  451
80  21.0  339
100  70.0  505
120  82.0  476
140  67.0  579
160  89.0  544
180  79.0  549
200  95.0  558
40  35.0  258
60  16.0  375
80  21.0  440
100  68.0  534
120  69.0  589
140  49.0  399
160  88.0  504
180  74.0  568
200  71.0  494
40  22.0  267
60  23.0  448
80  44.0  477
100  54.0  518
120  75.0  546
140  83.0  516
160  72.0  552
180  90.0  520
200  86.0  560
40  13.0  238
60  26.0  446
80  53.0  525
100  67.0  524
120  58.0  515
140  62.0  559
160  80.0  564
180  71.0  499
200  95.0  506
40  23.0  327
60  27.0  368
80  26.0  343
100  46.0  548
120  73.0  525
140  78.0  517
160  56.0  492
180  80.0  537
200  55.0  508
40  6.0  287
60  5.0  307
80  10.0  329
100  50.0  517
120  48.0  545
140  50.0  539
160  88.0  524
180  79.0  552
200  64.0  530
40  9.0  303
60  34.0  336
80  44.0  469
100  43.0  517
120  86.0  506
140  52.0  468
160  92.0  550
180  93.0  538
200  83.0  532
40  25.0  338
60  32.0  379
80  34.0  376
100  49.0  439
120  66.0  477
140  71.0  516
160  88.0  524
180  66.0  544
200  85.0  538
40  7.0  346
60  10.0  308
80  67.0  521
100  38.0  475
120  79.0  514
140  79.0  549
160  64.0  500
180  40.0  454
200  88.0  571
40  33.0  265
60  33.0  316
80  38.0  467
100  17.0  343
120  24.0  395
140  79.0  594
160  89.0  523
180  74.0  541
200  68.0  542
40  19.0  282
60  19.0  390
80  46.0  441
100  37.0  511
120  54.0  553
140  42.0  411
160  65.0  510
180  75.0  526
200  83.0  523
40  21.0  366
60  15.0  407
80  56.0  509
100  57.0  546
120  63.0  526
140  54.0  496
160  75.0  524
180  82.0  452
200  70.0  490
40  2.0  249
60  58.0  368
80  28.0  448
100  41.0  332
120  85.0  536
140  77.0  511
160  83.0  537
180  67.0  533
200  74.0  483
40  2.0  145
60  12.0  251
80  21.0  440
100  59.0  461
120  47.0  499
140  65.0  424
160  60.0  552
180  94.0  517
200  57.0  526
40  20.0  333
60  26.0  348
80  60.0  565
100  41.0  510
120  54.0  555
140  71.0  466
160  35.0  426
180  53.0  491
200  83.0  546
40  11.0  266
60  10.0  281
80  8.0  309
100  66.0  534
120  85.0  521
140  42.0  508
160  78.0  489
180  69.0  550
200  65.0  555
