50 10.0  4531.0
50 0.0  5000.0
50 0.0  5000.0
50 0.0  5000.0
50 0.0  5000.0
50 6.0  4718.0
50 8.0  4624.0
50 0.0  5000.0
50 0.0  5000.0
50 0.0  5000.0
50 2.0  4907.0
50 15.0  4295.0
50 8.0  4624.0
50 13.0  4389.0
50 18.0  4154.0
50 0.0  5000.0
50 0.0  5000.0
50 0.0  5000.0
50 1.0  4954.0
50 7.0  4671.0
50 2.0  4906.0
50 5.0  4765.0
50 0.0  5000.0
50 3.0  4859.0
50 0.0  5000.0
50 1.0  4953.0
50 0.0  5000.0
50 0.0  5000.0
50 0.0  5000.0
50 2.0  4906.0
50 0.0  5000.0
50 10.0  4532.0
50 0.0  5000.0
50 3.0  4859.0
50 0.0  5000.0
50 0.0  5000.0
50 0.0  5000.0
50 0.0  5000.0
50 0.0  5000.0
50 0.0  5000.0
50 1.0  4953.0
50 0.0  5000.0
50 1.0  4953.0
50 0.0  5000.0
50 0.0  5000.0
50 4.0  4812.0
50 23.0  3919.0
50 12.0  4436.0
50 1.0  4953.0
50 0.0  5000.0
70 41.0  4259.0
70 3.0  6799.0
70 0.0  7000.0
70 23.0  5459.0
70 25.0  5344.0
70 8.0  6464.0
70 5.0  6665.0
70 0.0  7000.0
70 6.0  6598.0
70 6.0  6598.0
70 12.0  6196.0
70 8.0  6464.0
70 31.0  4924.0
70 3.0  6799.0
70 24.0  5392.0
70 36.0  4589.0
70 8.0  6464.0
70 1.0  6933.0
70 0.0  7000.0
70 4.0  6732.0
70 15.0  6002.0
70 0.0  7000.0
70 0.0  7000.0
70 16.0  5929.0
70 0.0  7000.0
70 7.0  6531.0
70 27.0  5192.0
70 0.0  7000.0
70 22.0  5527.0
70 3.0  6799.0
70 7.0  6533.0
70 0.0  7000.0
70 0.0  7000.0
70 19.0  5728.0
70 0.0  7000.0
70 16.0  5928.0
70 19.0  5727.0
70 0.0  7000.0
70 4.0  6732.0
70 8.0  6464.0
70 39.0  4387.0
70 29.0  5057.0
70 0.0  7000.0
70 15.0  5996.0
70 9.0  6397.0
70 35.0  4656.0
70 0.0  7000.0
70 0.0  7000.0
70 5.0  6665.0
70 15.0  5995.0
90 23.0  6999.0
90 16.0  7608.0
90 27.0  6651.0
90 12.0  7956.0
90 37.0  5783.0
90 26.0  6738.0
90 19.0  7347.0
90 49.0  4740.0
90 7.0  8392.0
90 10.0  8131.0
90 16.0  7610.0
90 20.0  7263.0
90 8.0  8306.0
90 0.0  9000.0
90 26.0  6739.0
90 6.0  8478.0
90 2.0  8826.0
90 0.0  9000.0
90 12.0  7959.0
90 16.0  7608.0
90 12.0  7956.0
90 4.0  8652.0
90 0.0  9000.0
90 20.0  7261.0
90 0.0  9000.0
90 17.0  7521.0
90 0.0  9000.0
90 19.0  7347.0
90 23.0  6999.0
90 21.0  7173.0
90 5.0  8565.0
90 0.0  9000.0
90 45.0  5085.0
90 30.0  6390.0
90 6.0  8478.0
90 30.0  6390.0
90 14.0  7782.0
90 16.0  7611.0
90 23.0  6999.0
90 11.0  8044.0
90 1.0  8913.0
90 19.0  7347.0
90 0.0  9000.0
90 0.0  9000.0
90 3.0  8739.0
90 4.0  8652.0
90 22.0  7087.0
90 0.0  9000.0
90 0.0  9000.0
90 22.0  7086.0
110 15.0  9396.0
110 9.0  10039.0
110 6.0  10361.0
110 20.0  8862.0
110 2.0  10786.0
110 19.0  8967.0
110 6.0  10359.0
110 39.0  6829.0
110 64.0  4152.0
110 20.0  8860.0
110 28.0  8004.0
110 19.0  8968.0
110 2.0  10786.0
110 11.0  9826.0
110 0.0  11000.0
110 100.0  301.0
110 24.0  8433.0
110 20.0  8863.0
110 48.0  5865.0
110 5.0  10465.0
110 42.0  6513.0
110 18.0  9075.0
110 47.0  5972.0
110 9.0  10037.0
110 31.0  7687.0
110 10.0  9930.0
110 16.0  9288.0
110 13.0  9610.0
110 33.0  7470.0
110 18.0  9074.0
110 18.0  9076.0
110 21.0  8753.0
110 28.0  8004.0
110 21.0  8753.0
110 17.0  9181.0
110 13.0  9609.0
110 8.0  10144.0
110 24.0  8432.0
110 20.0  8860.0
110 11.0  9823.0
110 19.0  8969.0
110 3.0  10679.0
110 0.0  11000.0
110 38.0  6935.0
110 5.0  10465.0
110 21.0  8753.0
110 39.0  6828.0
110 38.0  6934.0
110 45.0  6186.0
110 0.0  11000.0
130 100.0  301.0
130 39.0  8049.0
130 51.0  6527.0
130 1.0  12873.0
130 45.0  7289.0
130 33.0  8810.0
130 0.0  13000.0
130 42.0  7668.0
130 14.0  11222.0
130 45.0  7286.0
130 39.0  8052.0
130 3.0  12619.0
130 9.0  11858.0
130 18.0  10714.0
130 31.0  9074.0
130 49.0  6777.0
130 20.0  10460.0
130 23.0  10081.0
130 27.0  9571.0
130 55.0  6022.0
130 8.0  11984.0
130 46.0  7159.0
130 43.0  7539.0
130 39.0  8053.0
130 42.0  7674.0
130 22.0  10206.0
130 0.0  13000.0
130 34.0  8686.0
130 45.0  7286.0
130 32.0  8937.0
130 16.0  10969.0
130 0.0  13000.0
130 25.0  9826.0
130 64.0  4873.0
130 28.0  9448.0
130 42.0  7666.0
130 52.0  6397.0
130 34.0  8682.0
130 67.0  4494.0
130 19.0  10587.0
130 10.0  11730.0
130 80.0  2840.0
130 81.0  2715.0
130 26.0  9701.0
130 18.0  10714.0
130 3.0  12619.0
130 62.0  5130.0
130 45.0  7286.0
130 21.0  10333.0
130 22.0  10206.0
150 43.0  8679.0
150 37.0  9563.0
150 43.0  8681.0
150 16.0  12648.0
150 12.0  13237.0
150 41.0  8975.0
150 24.0  11473.0
150 42.0  8827.0
150 42.0  8826.0
150 30.0  10591.0
150 36.0  9710.0
150 0.0  15000.0
150 35.0  9859.0
150 9.0  13677.0
150 31.0  10448.0
150 47.0  8091.0
150 67.0  5154.0
150 36.0  9708.0
150 24.0  11472.0
150 34.0  10006.0
150 27.0  11032.0
150 55.0  6916.0
150 31.0  10449.0
150 51.0  7505.0
150 23.0  11621.0
150 34.0  10005.0
150 92.0  1479.0
150 73.0  4279.0
150 79.0  3390.0
150 62.0  5890.0
150 100.0  300.0
150 4.0  14412.0
150 3.0  14560.0
150 23.0  11620.0
150 80.0  3241.0
150 29.0  10745.0
150 16.0  12649.0
150 100.0  300.0
150 31.0  10445.0
150 28.0  10885.0
150 79.0  3394.0
150 18.0  12354.0
150 58.0  6477.0
150 25.0  11325.0
150 46.0  8239.0
150 56.0  6775.0
150 42.0  8826.0
150 35.0  9855.0
150 29.0  10738.0
150 57.0  6621.0
170 86.0  2644.0
170 76.0  4313.0
170 27.0  12504.0
170 46.0  9320.0
170 52.0  8317.0
170 44.0  9654.0
170 16.0  14328.0
170 85.0  2815.0
170 46.0  9321.0
170 52.0  8322.0
170 62.0  6646.0
170 26.0  12659.0
170 100.0  302.0
170 53.0  8149.0
170 56.0  7652.0
170 71.0  5147.0
170 50.0  8655.0
170 53.0  8155.0
170 46.0  9318.0
170 67.0  5811.0
170 67.0  5813.0
170 67.0  5813.0
170 33.0  11493.0
170 47.0  9152.0
170 7.0  15831.0
170 75.0  4479.0
170 0.0  17000.0
170 88.0  2304.0
170 28.0  12324.0
170 30.0  11990.0
170 57.0  7483.0
170 53.0  8149.0
170 45.0  9489.0
170 70.0  5316.0
170 67.0  5813.0
170 0.0  17000.0
170 26.0  12662.0
170 61.0  6813.0
170 41.0  10154.0
170 7.0  15831.0
170 84.0  2978.0
170 44.0  9656.0
170 58.0  7314.0
170 50.0  8656.0
170 70.0  5313.0
170 91.0  1803.0
170 82.0  3307.0
170 54.0  7998.0
170 82.0  3311.0
170 72.0  4978.0
190 51.0  9466.0
190 76.0  4789.0
190 74.0  5163.0
190 56.0  8532.0
190 0.0  19000.0
190 39.0  11719.0
190 68.0  6286.0
190 14.0  16383.0
190 61.0  7614.0
190 14.0  16390.0
190 79.0  4240.0
190 12.0  16757.0
190 77.0  4604.0
190 70.0  5912.0
190 82.0  3673.0
190 38.0  11894.0
190 99.0  488.0
190 53.0  9090.0
190 68.0  6288.0
190 50.0  9652.0
190 62.0  7410.0
190 50.0  9652.0
190 73.0  5354.0
190 0.0  19000.0
190 62.0  7411.0
190 36.0  12277.0
190 84.0  3293.0
190 52.0  9279.0
190 84.0  3294.0
190 100.0  300.0
190 13.0  16569.0
190 57.0  8342.0
190 51.0  9463.0
190 0.0  19000.0
190 60.0  7781.0
190 55.0  8724.0
190 42.0  11146.0
190 66.0  6661.0
190 72.0  5539.0
190 76.0  4789.0
190 39.0  11707.0
190 73.0  5362.0
190 97.0  873.0
190 63.0  7227.0
190 88.0  2554.0
190 5.0  18142.0
190 55.0  8717.0
190 52.0  9290.0
190 65.0  6848.0
190 67.0  6472.0
210 51.0  10445.0
210 23.0  16244.0
210 68.0  6936.0
210 72.0  6102.0
210 66.0  7340.0
210 11.0  18725.0
210 100.0  300.0
210 63.0  7959.0
210 65.0  7547.0
210 47.0  11271.0
210 62.0  8168.0
210 65.0  7547.0
210 61.0  8378.0
210 71.0  6305.0
210 62.0  8167.0
210 11.0  18723.0
210 43.0  12103.0
210 91.0  2164.0
210 39.0  12927.0
210 82.0  4029.0
210 54.0  9827.0
210 36.0  13549.0
210 96.0  1128.0
210 59.0  8788.0
210 28.0  15204.0
210 55.0  9619.0
210 94.0  1565.0
210 67.0  7137.0
210 46.0  11478.0
210 27.0  15414.0
210 80.0  4454.0
210 52.0  10237.0
210 65.0  7545.0
210 50.0  10651.0
210 59.0  8792.0
210 49.0  10860.0
210 12.0  18519.0
210 70.0  6514.0
210 81.0  4248.0
210 55.0  9629.0
210 100.0  300.0
210 92.0  1958.0
210 40.0  12721.0
210 76.0  5272.0
210 76.0  5300.0
210 81.0  4243.0
210 76.0  5319.0
210 70.0  6511.0
210 100.0  300.0
210 64.0  7755.0
230 0.0  23000.0
230 78.0  5424.0
230 89.0  2800.0
230 68.0  7569.0
230 64.0  8473.0
230 81.0  4620.0
230 71.0  6884.0
230 54.0  10928.0
230 71.0  6887.0
230 46.0  12559.0
230 67.0  7792.0
230 76.0  5760.0
230 85.0  3716.0
230 75.0  5976.0
230 94.0  1670.0
230 65.0  8259.0
230 100.0  300.0
230 58.0  9838.0
230 65.0  8247.0
230 100.0  300.0
230 83.0  4163.0
230 66.0  8033.0
230 41.0  13693.0
230 63.0  8731.0
230 67.0  7795.0
230 87.0  3254.0
230 63.0  8699.0
230 14.0  19826.0
230 100.0  300.0
230 64.0  8474.0
230 56.0  10291.0
230 41.0  13693.0
230 71.0  6888.0
230 92.0  2117.0
230 50.0  11654.0
230 53.0  10969.0
230 57.0  10065.0
230 94.0  1662.0
230 48.0  12104.0
230 68.0  7572.0
230 78.0  5294.0
230 88.0  3029.0
230 70.0  7113.0
230 85.0  3708.0
230 86.0  3486.0
230 57.0  10064.0
230 35.0  15061.0
230 23.0  17779.0
230 67.0  7815.0
230 100.0  300.0
250 100.0  300.0
250 75.0  6482.0
250 67.0  8454.0
250 69.0  7963.0
250 89.0  3019.0
250 85.0  4014.0
250 73.0  6971.0
250 93.0  2032.0
250 63.0  9442.0
250 85.0  4006.0
250 80.0  5278.0
250 93.0  2031.0
250 73.0  6969.0
250 76.0  6230.0
250 77.0  5988.0
250 54.0  11662.0
250 58.0  10682.0
250 51.0  12471.0
250 74.0  6722.0
250 41.0  14873.0
250 100.0  300.0
250 99.0  547.0
250 82.0  4747.0
250 96.0  1289.0
250 100.0  300.0
250 80.0  5292.0
250 95.0  1537.0
250 79.0  5492.0
250 33.0  16857.0
250 82.0  4751.0
250 100.0  300.0
250 47.0  13399.0
250 70.0  7713.0
250 100.0  300.0
250 96.0  1291.0
250 85.0  4005.0
250 87.0  3518.0
250 88.0  3267.0
250 100.0  302.0
250 52.0  12219.0
250 58.0  10675.0
250 96.0  1343.0
250 68.0  8205.0
250 77.0  6000.0
250 88.0  3264.0
250 29.0  17837.0
250 56.0  11169.0
250 88.0  3267.0
250 69.0  7963.0
250 79.0  5489.0
270 30.0  18998.0
270 91.0  2704.0
270 90.0  2976.0
270 88.0  3521.0
270 67.0  9115.0
270 63.0  10179.0
270 77.0  6449.0
270 100.0  300.0
270 79.0  5910.0
270 86.0  4042.0
270 0.0  27000.0
270 69.0  8578.0
270 93.0  2175.0
270 88.0  3506.0
270 58.0  11533.0
270 84.0  4576.0
270 94.0  1902.0
270 83.0  4839.0
270 85.0  4306.0
270 85.0  4310.0
270 99.0  568.0
270 100.0  300.0
270 81.0  5376.0
270 63.0  10182.0
270 70.0  8311.0
270 74.0  7241.0
270 24.0  20592.0
270 96.0  1368.0
270 91.0  2703.0
270 86.0  4040.0
270 82.0  5111.0
270 69.0  8590.0
270 71.0  8052.0
270 80.0  5641.0
270 62.0  10446.0
270 83.0  4846.0
270 92.0  2436.0
270 79.0  5911.0
270 79.0  5913.0
270 96.0  1368.0
270 100.0  300.0
270 85.0  4315.0
270 86.0  4041.0
270 61.0  10719.0
270 97.0  1104.0
270 87.0  3771.0
270 79.0  5911.0
270 81.0  5373.0
270 87.0  3771.0
270 49.0  13919.0
290 98.0  874.0
290 100.0  300.0
290 97.0  1162.0
290 76.0  7189.0
290 83.0  5184.0
290 90.0  3173.0
290 100.0  300.0
290 82.0  5466.0
290 84.0  4893.0
290 98.0  879.0
290 92.0  2599.0
290 64.0  10644.0
290 31.0  20114.0
290 100.0  300.0
290 65.0  10345.0
290 90.0  3171.0
290 72.0  8348.0
290 86.0  4325.0
290 100.0  301.0
290 86.0  4323.0
290 73.0  8060.0
290 65.0  10345.0
290 83.0  5179.0
290 92.0  2600.0
290 100.0  300.0
290 55.0  13215.0
290 90.0  3170.0
290 88.0  3745.0
290 96.0  1448.0
290 76.0  7189.0
290 91.0  2883.0
290 92.0  2597.0
290 98.0  878.0
290 90.0  3174.0
290 55.0  13218.0
290 100.0  300.0
290 95.0  1736.0
290 74.0  7765.0
290 84.0  4902.0
290 92.0  2597.0
290 100.0  300.0
290 94.0  2025.0
290 24.0  22115.0
290 92.0  2596.0
290 81.0  5753.0
290 96.0  1454.0
290 57.0  12646.0
290 82.0  5467.0
290 85.0  4607.0
290 85.0  4605.0
310 91.0  3064.0
310 68.0  10126.0
310 100.0  303.0
310 53.0  14730.0
310 51.0  15347.0
310 85.0  4909.0
310 80.0  6440.0
310 87.0  4303.0
310 95.0  1838.0
310 69.0  9819.0
310 100.0  300.0
310 74.0  8282.0
310 93.0  2450.0
310 45.0  17187.0
310 93.0  2449.0
310 89.0  3685.0
310 77.0  7361.0
310 100.0  300.0
310 97.0  1221.0
310 89.0  3679.0
310 69.0  9817.0
310 100.0  302.0
310 100.0  300.0
310 50.0  15650.0
310 70.0  9514.0
310 98.0  915.0
310 84.0  5213.0
310 75.0  7983.0
310 87.0  4294.0
310 87.0  4293.0
310 92.0  2774.0
310 74.0  8283.0
310 83.0  5526.0
310 64.0  11358.0
310 83.0  5521.0
310 95.0  1867.0
310 96.0  1530.0
310 100.0  300.0
310 67.0  10442.0
310 88.0  3987.0
310 100.0  300.0
310 46.0  16882.0
310 90.0  3370.0
310 96.0  1533.0
310 91.0  3066.0
310 94.0  2142.0
310 96.0  1529.0
310 73.0  8598.0
310 80.0  6441.0
310 100.0  300.0
330 92.0  2916.0
330 79.0  7172.0
330 96.0  1608.0
330 83.0  5862.0
330 91.0  3243.0
330 93.0  2612.0
330 88.0  4224.0
330 89.0  3898.0
330 97.0  1281.0
330 84.0  5534.0
330 81.0  6522.0
330 89.0  3898.0
330 100.0  304.0
330 46.0  17964.0
330 79.0  7167.0
330 92.0  2919.0
330 100.0  300.0
330 94.0  2269.0
330 74.0  8802.0
330 68.0  10764.0
330 81.0  6524.0
330 79.0  7171.0
330 98.0  959.0
330 85.0  5207.0
330 100.0  300.0
330 100.0  300.0
330 100.0  306.0
330 100.0  302.0
330 95.0  1941.0
330 81.0  6522.0
330 77.0  7825.0
330 100.0  300.0
330 100.0  300.0
330 89.0  3902.0
330 98.0  957.0
330 88.0  4229.0
330 96.0  1611.0
330 97.0  1281.0
330 91.0  3243.0
330 97.0  1282.0
330 64.0  12073.0
330 96.0  1608.0
330 69.0  10443.0
330 86.0  4890.0
330 75.0  8477.0
330 79.0  7172.0
330 96.0  1609.0
330 33.0  22209.0
330 78.0  7495.0
330 73.0  9131.0
350 91.0  3424.0
350 100.0  300.0
350 70.0  10711.0
350 86.0  5162.0
350 83.0  6201.0
350 97.0  1344.0
350 92.0  3077.0
350 95.0  2039.0
350 92.0  3076.0
350 88.0  4466.0
350 97.0  1341.0
350 88.0  4479.0
350 91.0  3423.0
350 92.0  3080.0
350 91.0  3433.0
350 94.0  2382.0
350 100.0  300.0
350 100.0  300.0
350 48.0  18349.0
350 87.0  4814.0
350 100.0  300.0
350 83.0  6201.0
350 87.0  4811.0
350 93.0  2740.0
350 100.0  300.0
350 89.0  4120.0
350 98.0  1000.0
350 93.0  2732.0
350 99.0  659.0
350 95.0  2037.0
350 97.0  1343.0
350 90.0  3774.0
350 99.0  647.0
350 97.0  1341.0
350 99.0  647.0
350 100.0  303.0
350 97.0  1343.0
350 75.0  8977.0
350 92.0  3076.0
350 100.0  302.0
350 100.0  301.0
350 97.0  1341.0
350 90.0  3775.0
350 85.0  5508.0
350 85.0  5511.0
350 99.0  647.0
350 84.0  5852.0
350 98.0  995.0
350 99.0  649.0
350 100.0  300.0
