1  36.0  558
2  92.0  150
3  62.0  301
4  45.0  267
5  97.0  16
6  63.0  295
7  57.0  226
1  28.0  384
2  55.0  211
3  76.0  243
4  60.0  299
5  50.0  298
6  42.0  465
7  36.0  315
1  96.0  53
2  70.0  337
3  69.0  258
4  34.0  390
5  67.0  331
6  37.0  455
7  69.0  388
1  64.0  175
2  96.0  16
3  53.0  144
4  43.0  288
5  59.0  247
6  47.0  276
7  76.0  335
1  90.0  148
2  76.0  261
3  76.0  164
4  41.0  231
5  31.0  366
6  39.0  287
7  60.0  308
1  82.0  171
2  44.0  520
3  75.0  357
4  81.0  299
5  38.0  373
6  45.0  482
7  26.0  436
1  38.0  379
2  63.0  276
3  74.0  310
4  85.0  205
5  75.0  242
6  52.0  329
7  52.0  336
1  88.0  228
2  84.0  274
3  53.0  361
4  69.0  256
5  37.0  356
6  79.0  138
7  39.0  398
1  93.0  141
2  77.0  124
3  84.0  191
4  59.0  399
5  49.0  305
6  22.0  412
7  38.0  405
1  72.0  32
2  67.0  219
3  77.0  275
4  60.0  313
5  28.0  323
6  20.0  423
7  73.0  238
1  97.0  30
2  70.0  196
3  92.0  221
4  67.0  284
5  76.0  309
6  48.0  349
7  45.0  285
1  94.0  128
2  59.0  236
3  73.0  275
4  57.0  436
5  47.0  238
6  46.0  457
7  42.0  367
1  81.0  73
2  84.0  195
3  64.0  276
4  8.0  223
5  39.0  385
6  49.0  399
7  48.0  460
1  72.0  343
2  46.0  236
3  13.0  215
4  61.0  304
5  69.0  273
6  52.0  433
7  51.0  405
1  82.0  266
2  86.0  132
3  82.0  180
4  42.0  259
5  81.0  186
6  67.0  257
7  69.0  250
1  95.0  28
2  58.0  163
3  87.0  197
4  44.0  410
5  45.0  214
6  67.0  265
7  70.0  341
1  95.0  53
2  71.0  153
3  43.0  172
4  49.0  232
5  63.0  284
6  93.0  112
7  47.0  385
1  96.0  16
2  93.0  69
3  61.0  212
4  69.0  278
5  47.0  373
6  33.0  400
7  48.0  387
1  55.0  70
2  26.0  373
3  97.0  13
4  88.0  185
5  80.0  344
6  56.0  391
7  51.0  388
1  85.0  185
2  70.0  300
3  67.0  353
4  73.0  271
5  27.0  363
6  69.0  320
7  45.0  235
1  85.0  246
2  87.0  141
3  73.0  189
4  60.0  293
5  45.0  500
6  52.0  411
7  28.0  488
1  54.0  150
2  39.0  117
3  77.0  194
4  30.0  352
5  63.0  188
6  60.0  277
7  41.0  227
1  86.0  133
2  0.0  110
3  91.0  132
4  64.0  370
5  72.0  229
6  39.0  415
7  22.0  270
1  97.0  41
2  91.0  136
3  76.0  307
4  38.0  229
5  48.0  312
6  44.0  380
7  45.0  315
1  88.0  107
2  44.0  226
3  80.0  275
4  80.0  170
5  56.0  416
6  50.0  445
7  54.0  372
1  80.0  288
2  53.0  264
3  63.0  197
4  63.0  336
5  74.0  353
6  34.0  335
7  44.0  388
1  97.0  66
2  88.0  144
3  77.0  260
4  48.0  328
5  39.0  318
6  48.0  294
7  83.0  186
1  79.0  126
2  81.0  247
3  56.0  244
4  54.0  142
5  87.0  250
6  57.0  303
7  93.0  74
1  58.0  385
2  77.0  127
3  70.0  271
4  38.0  337
5  90.0  115
6  67.0  242
7  80.0  173
1  90.0  80
2  43.0  385
3  43.0  193
4  74.0  245
5  75.0  237
6  80.0  184
7  60.0  295
1  82.0  86
2  80.0  245
3  55.0  448
4  78.0  173
5  52.0  352
6  67.0  343
7  77.0  193
1  16.0  351
2  61.0  504
3  96.0  111
4  79.0  79
5  39.0  400
6  41.0  537
7  45.0  374
1  97.0  69
2  61.0  159
3  97.0  64
4  11.0  310
5  44.0  440
6  66.0  305
7  53.0  437
1  95.0  56
2  73.0  245
3  74.0  348
4  94.0  138
5  55.0  403
6  71.0  331
7  97.0  42
1  95.0  67
2  68.0  216
3  92.0  70
4  40.0  334
5  46.0  468
6  46.0  299
7  51.0  201
1  92.0  98
2  62.0  286
3  43.0  212
4  32.0  501
5  68.0  132
6  62.0  365
7  88.0  66
1  85.0  94
2  61.0  447
3  72.0  276
4  52.0  469
5  57.0  134
6  66.0  380
7  38.0  426
1  76.0  199
2  91.0  87
3  59.0  296
4  59.0  268
5  95.0  110
6  36.0  375
7  38.0  519
1  60.0  370
2  81.0  177
3  47.0  223
4  56.0  288
5  58.0  235
6  50.0  342
7  58.0  274
1  14.0  469
2  88.0  184
3  70.0  284
4  72.0  262
5  69.0  145
6  33.0  502
7  33.0  398
1  84.0  222
2  82.0  183
3  52.0  224
4  50.0  250
5  63.0  289
6  33.0  511
7  25.0  366
1  52.0  421
2  55.0  213
3  91.0  190
4  69.0  340
5  31.0  254
6  56.0  345
7  61.0  294
1  85.0  171
2  62.0  374
3  33.0  268
4  47.0  407
5  53.0  312
6  52.0  362
7  38.0  316
1  27.0  258
2  63.0  187
3  42.0  381
4  69.0  327
5  97.0  41
6  49.0  414
7  73.0  229
1  86.0  76
2  72.0  210
3  71.0  238
4  55.0  315
5  68.0  383
6  49.0  342
7  73.0  311
1  94.0  115
2  68.0  304
3  44.0  263
4  73.0  180
5  97.0  51
6  45.0  334
7  33.0  370
1  61.0  263
2  32.0  280
3  67.0  313
4  76.0  298
5  84.0  147
6  35.0  341
7  61.0  333
1  97.0  20
2  53.0  148
3  48.0  312
4  60.0  314
5  65.0  295
6  65.0  365
7  26.0  314
1  95.0  74
2  73.0  164
3  41.0  431
4  78.0  204
5  49.0  328
6  51.0  364
7  40.0  309
1  96.0  127
2  82.0  260
3  74.0  276
4  92.0  59
5  34.0  270
6  88.0  186
7  32.0  397
1  65.0  328
2  82.0  171
3  30.0  458
4  81.0  168
5  64.0  296
6  75.0  292
7  36.0  458
1  97.0  52
2  66.0  323
3  59.0  211
4  44.0  395
5  69.0  327
6  70.0  137
7  69.0  324
1  78.0  201
2  92.0  149
3  50.0  363
4  81.0  386
5  57.0  124
6  44.0  309
7  97.0  63
1  73.0  283
2  53.0  264
3  67.0  169
4  64.0  257
5  59.0  373
6  44.0  445
7  52.0  394
1  94.0  76
2  74.0  137
3  82.0  257
4  77.0  250
5  52.0  293
6  30.0  392
7  45.0  342
1  51.0  218
2  68.0  262
3  75.0  358
4  45.0  308
5  92.0  98
6  19.0  105
7  49.0  326
1  97.0  92
2  89.0  271
3  46.0  364
4  68.0  317
5  38.0  276
6  60.0  346
7  51.0  239
1  97.0  19
2  66.0  340
3  65.0  307
4  57.0  332
5  83.0  197
6  44.0  299
7  36.0  146
1  84.0  152
2  91.0  214
3  70.0  344
4  44.0  318
5  19.0  334
6  82.0  296
7  48.0  469
1  91.0  120
2  66.0  265
3  77.0  220
4  46.0  240
5  70.0  360
6  37.0  421
7  61.0  359
1  79.0  179
2  77.0  137
3  89.0  117
4  61.0  270
5  54.0  351
6  81.0  213
7  75.0  197
1  97.0  67
2  57.0  175
3  61.0  353
4  73.0  228
5  78.0  278
6  47.0  381
7  31.0  280
1  94.0  72
2  71.0  239
3  33.0  288
4  43.0  353
5  65.0  375
6  68.0  361
7  49.0  402
1  67.0  69
2  81.0  193
3  46.0  105
4  32.0  347
5  73.0  144
6  40.0  319
7  53.0  256
1  82.0  189
2  88.0  85
3  76.0  198
4  69.0  319
5  40.0  230
6  60.0  301
7  82.0  173
1  93.0  68
2  39.0  180
3  31.0  277
4  80.0  133
5  78.0  133
6  51.0  363
7  65.0  278
1  94.0  87
2  77.0  342
3  66.0  242
4  69.0  282
5  87.0  185
6  60.0  194
7  65.0  381
1  93.0  82
2  80.0  172
3  91.0  210
4  91.0  180
5  67.0  396
6  26.0  226
7  35.0  334
1  73.0  313
2  70.0  283
3  80.0  175
4  64.0  317
5  97.0  39
6  18.0  349
7  46.0  310
1  50.0  384
2  71.0  269
3  97.0  61
4  27.0  287
5  70.0  269
6  35.0  457
7  57.0  379
1  51.0  469
2  42.0  342
3  90.0  64
4  66.0  288
5  40.0  370
6  54.0  308
7  55.0  356
1  95.0  36
2  87.0  110
3  63.0  337
4  47.0  325
5  49.0  386
6  37.0  391
7  35.0  435
1  90.0  108
2  33.0  372
3  62.0  363
4  39.0  482
5  47.0  337
6  62.0  278
7  52.0  173
1  96.0  31
2  91.0  229
3  27.0  471
4  58.0  368
5  62.0  270
6  39.0  330
7  75.0  278
1  87.0  233
2  95.0  105
3  69.0  250
4  77.0  229
5  50.0  331
6  53.0  432
7  29.0  441
1  56.0  188
2  76.0  254
3  47.0  365
4  55.0  258
5  80.0  292
6  48.0  324
7  54.0  373
1  71.0  233
2  41.0  175
3  65.0  134
4  49.0  272
5  76.0  301
6  84.0  209
7  59.0  233
1  97.0  78
2  44.0  238
3  43.0  374
4  70.0  85
5  53.0  296
6  54.0  332
7  42.0  262
1  89.0  123
2  81.0  101
3  74.0  174
4  71.0  261
5  63.0  359
6  34.0  449
7  34.0  267
1  97.0  38
2  65.0  193
3  73.0  185
4  56.0  332
5  33.0  268
6  64.0  368
7  61.0  409
1  89.0  87
2  95.0  36
3  60.0  218
4  66.0  249
5  48.0  292
6  60.0  365
7  34.0  344
1  97.0  50
2  38.0  454
3  59.0  242
4  85.0  210
5  59.0  322
6  83.0  200
7  50.0  274
1  88.0  102
2  94.0  115
3  72.0  219
4  55.0  190
5  63.0  233
6  22.0  464
7  33.0  386
1  61.0  214
2  20.0  384
3  96.0  30
4  88.0  198
5  49.0  261
6  79.0  298
7  45.0  353
1  68.0  240
2  70.0  285
3  75.0  276
4  86.0  165
5  63.0  283
6  61.0  398
7  55.0  387
1  91.0  113
2  91.0  129
3  31.0  305
4  54.0  352
5  50.0  381
6  74.0  204
7  57.0  408
1  44.0  217
2  94.0  136
3  65.0  224
4  97.0  56
5  52.0  300
6  29.0  331
7  49.0  409
1  90.0  115
2  87.0  150
3  89.0  170
4  34.0  243
5  28.0  223
6  41.0  403
7  70.0  366
1  91.0  48
2  60.0  61
3  60.0  369
4  76.0  166
5  43.0  491
6  18.0  300
7  8.0  457
1  84.0  177
2  62.0  317
3  58.0  275
4  78.0  231
5  41.0  239
6  39.0  429
7  57.0  349
1  85.0  214
2  74.0  330
3  70.0  252
4  63.0  91
5  65.0  268
6  64.0  204
7  44.0  297
1  75.0  303
2  89.0  136
3  69.0  333
4  50.0  381
5  25.0  228
6  65.0  157
7  12.0  380
1  6.0  405
2  55.0  370
3  76.0  192
4  76.0  242
5  39.0  163
6  33.0  449
7  62.0  353
1  97.0  47
2  30.0  241
3  34.0  312
4  62.0  303
5  43.0  449
6  83.0  228
7  67.0  325
1  90.0  25
2  88.0  96
3  80.0  259
4  32.0  416
5  85.0  275
6  55.0  303
7  61.0  352
1  74.0  141
2  0.0  252
3  16.0  362
4  68.0  278
5  58.0  393
6  57.0  329
7  15.0  510
1  86.0  100
2  71.0  313
3  72.0  251
4  80.0  137
5  54.0  361
6  45.0  365
7  67.0  293
1  56.0  167
2  35.0  302
3  84.0  117
4  47.0  223
5  82.0  182
6  63.0  108
7  69.0  411
1  65.0  179
2  90.0  76
3  76.0  258
4  36.0  366
5  68.0  382
6  42.0  419
7  75.0  331
1  59.0  249
2  97.0  39
3  72.0  334
4  85.0  184
5  62.0  347
6  48.0  363
7  20.0  391
