1  69.0  310.0
1  66.0  208.0
1  92.0  53.0
1  67.0  324.0
1  65.0  324.0
1  89.0  218.0
1  69.0  217.0
1  96.0  46.0
1  41.0  368.0
1  87.0  203.0
1  85.0  204.0
1  62.0  299.0
1  63.0  159.0
1  72.0  183.0
1  77.0  320.0
1  85.0  174.0
1  41.0  298.0
1  92.0  102.0
1  72.0  265.0
1  79.0  277.0
1  63.0  217.0
1  67.0  316.0
1  61.0  306.0
1  67.0  226.0
1  68.0  278.0
1  51.0  296.0
1  20.0  222.0
1  80.0  215.0
1  63.0  204.0
1  66.0  122.0
1  50.0  226.0
1  58.0  293.0
1  34.0  261.0
1  84.0  134.0
1  38.0  405.0
1  65.0  231.0
1  54.0  306.0
1  53.0  403.0
1  80.0  236.0
1  62.0  320.0
1  58.0  448.0
1  73.0  278.0
1  83.0  114.0
1  99.0  11.0
1  84.0  140.0
1  46.0  395.0
1  78.0  232.0
1  59.0  315.0
1  77.0  251.0
1  76.0  169.0
2  91.0  151.0
2  69.0  194.0
2  39.0  206.0
2  71.0  188.0
2  72.0  266.0
2  82.0  243.0
2  63.0  338.0
2  78.0  300.0
2  91.0  32.0
2  93.0  93.0
2  71.0  137.0
2  87.0  110.0
2  64.0  204.0
2  84.0  45.0
2  77.0  251.0
2  70.0  288.0
2  91.0  177.0
2  92.0  102.0
2  57.0  215.0
2  76.0  301.0
2  56.0  222.0
2  57.0  291.0
2  78.0  223.0
2  12.0  570.0
2  60.0  308.0
2  72.0  274.0
2  50.0  376.0
2  85.0  119.0
2  45.0  291.0
2  81.0  158.0
2  49.0  254.0
2  83.0  277.0
2  79.0  247.0
2  66.0  114.0
2  81.0  224.0
2  100.0  11.0
2  71.0  224.0
2  62.0  284.0
2  23.0  455.0
2  94.0  71.0
2  66.0  174.0
2  97.0  67.0
2  60.0  120.0
2  34.0  455.0
2  49.0  520.0
2  67.0  72.0
2  68.0  326.0
2  74.0  182.0
2  67.0  291.0
2  63.0  271.0
3  48.0  351.0
3  16.0  273.0
3  69.0  283.0
3  92.0  142.0
3  61.0  122.0
3  46.0  271.0
3  52.0  219.0
3  63.0  272.0
3  76.0  215.0
3  98.0  42.0
3  61.0  35.0
3  67.0  172.0
3  3.0  438.0
3  30.0  378.0
3  70.0  219.0
3  64.0  201.0
3  85.0  230.0
3  65.0  240.0
3  87.0  88.0
3  96.0  54.0
3  65.0  261.0
3  41.0  189.0
3  79.0  109.0
3  95.0  141.0
3  55.0  329.0
3  76.0  248.0
3  34.0  233.0
3  96.0  88.0
3  84.0  98.0
3  74.0  74.0
3  50.0  284.0
3  28.0  243.0
3  61.0  262.0
3  36.0  239.0
3  70.0  240.0
3  29.0  221.0
3  78.0  129.0
3  87.0  158.0
3  73.0  170.0
3  62.0  221.0
3  89.0  171.0
3  64.0  216.0
3  69.0  240.0
3  81.0  124.0
3  79.0  110.0
3  60.0  313.0
3  78.0  264.0
3  79.0  234.0
3  36.0  156.0
3  46.0  257.0
4  77.0  170.0
4  54.0  215.0
4  55.0  120.0
4  84.0  96.0
4  100.0  11.0
4  100.0  21.0
4  85.0  106.0
4  32.0  289.0
4  78.0  89.0
4  52.0  275.0
4  27.0  298.0
4  78.0  166.0
4  47.0  315.0
4  44.0  250.0
4  48.0  353.0
4  60.0  216.0
4  63.0  185.0
4  47.0  209.0
4  44.0  285.0
4  61.0  84.0
4  94.0  56.0
4  73.0  266.0
4  41.0  196.0
4  52.0  396.0
4  68.0  198.0
4  78.0  185.0
4  87.0  185.0
4  63.0  238.0
4  48.0  309.0
4  80.0  46.0
4  53.0  206.0
4  62.0  101.0
4  60.0  279.0
4  73.0  276.0
4  87.0  104.0
4  62.0  204.0
4  71.0  199.0
4  76.0  204.0
4  68.0  258.0
4  66.0  207.0
4  95.0  25.0
4  46.0  194.0
4  47.0  298.0
4  86.0  171.0
4  55.0  246.0
4  77.0  248.0
4  72.0  209.0
4  57.0  210.0
4  79.0  183.0
4  88.0  144.0
5  80.0  149.0
5  18.0  296.0
5  26.0  268.0
5  60.0  362.0
5  67.0  137.0
5  57.0  112.0
5  59.0  239.0
5  72.0  152.0
5  72.0  188.0
5  59.0  229.0
5  88.0  98.0
5  69.0  211.0
5  74.0  112.0
5  62.0  290.0
5  74.0  201.0
5  77.0  183.0
5  72.0  164.0
5  46.0  238.0
5  49.0  256.0
5  78.0  200.0
5  28.0  312.0
5  61.0  283.0
5  44.0  203.0
5  70.0  130.0
5  92.0  35.0
5  44.0  224.0
5  32.0  481.0
5  59.0  283.0
5  61.0  145.0
5  68.0  125.0
5  81.0  195.0
5  57.0  249.0
5  60.0  256.0
5  41.0  323.0
5  45.0  236.0
5  60.0  220.0
5  41.0  185.0
5  37.0  267.0
5  33.0  196.0
5  74.0  135.0
5  80.0  79.0
5  35.0  408.0
5  73.0  157.0
5  69.0  265.0
5  76.0  107.0
5  35.0  303.0
5  58.0  191.0
5  75.0  167.0
5  70.0  188.0
5  41.0  263.0
