1  65.0  222
2  88.0  80
3  79.0  149
4  57.0  269
5  46.0  275
6  38.0  457
7  33.0  487
1  97.0  106
2  53.0  218
3  94.0  85
4  63.0  247
5  76.0  249
6  27.0  543
7  34.0  304
1  95.0  64
2  97.0  58
3  73.0  169
4  50.0  226
5  93.0  67
6  68.0  296
7  71.0  295
1  97.0  99
2  44.0  62
3  38.0  190
4  80.0  250
5  65.0  268
6  88.0  192
7  43.0  383
1  95.0  19
2  70.0  267
3  51.0  293
4  77.0  167
5  70.0  318
6  30.0  412
7  38.0  467
1  97.0  50
2  70.0  369
3  65.0  114
4  74.0  200
5  67.0  267
6  60.0  276
7  49.0  332
1  74.0  163
2  92.0  152
3  61.0  367
4  30.0  403
5  73.0  285
6  68.0  277
7  41.0  369
1  97.0  55
2  47.0  149
3  53.0  357
4  65.0  314
5  92.0  43
6  67.0  391
7  82.0  221
1  17.0  274
2  46.0  254
3  86.0  209
4  36.0  297
5  89.0  46
6  58.0  396
7  38.0  195
1  97.0  36
2  72.0  261
3  57.0  325
4  59.0  373
5  49.0  319
6  81.0  159
7  90.0  75
1  73.0  227
2  91.0  124
3  56.0  304
4  62.0  405
5  53.0  368
6  26.0  170
7  31.0  261
1  97.0  24
2  83.0  189
3  91.0  103
4  40.0  294
5  72.0  155
6  27.0  316
7  58.0  185
1  78.0  115
2  94.0  118
3  86.0  273
4  45.0  424
5  86.0  84
6  83.0  272
7  78.0  140
1  73.0  64
2  85.0  183
3  78.0  295
4  42.0  372
5  83.0  169
6  77.0  315
7  29.0  445
1  89.0  87
2  28.0  144
3  37.0  374
4  50.0  398
5  19.0  397
6  35.0  407
7  43.0  333
1  64.0  241
2  70.0  102
3  56.0  358
4  75.0  250
5  84.0  91
6  66.0  278
7  79.0  203
1  73.0  54
2  87.0  164
3  97.0  61
4  86.0  172
5  51.0  463
6  54.0  336
7  60.0  319
1  97.0  52
2  44.0  348
3  48.0  225
4  46.0  319
5  43.0  488
6  58.0  351
7  40.0  456
1  54.0  104
2  58.0  132
3  58.0  204
4  71.0  209
5  46.0  436
6  52.0  322
7  23.0  461
1  97.0  37
2  55.0  356
3  97.0  18
4  64.0  326
5  55.0  298
6  46.0  287
7  59.0  333
1  91.0  211
2  73.0  154
3  52.0  312
4  42.0  303
5  71.0  315
6  43.0  423
7  43.0  339
1  29.0  303
2  82.0  180
3  69.0  353
4  50.0  397
5  34.0  404
6  38.0  330
7  38.0  217
1  97.0  12
2  48.0  179
3  28.0  302
4  74.0  96
5  69.0  279
6  52.0  235
7  60.0  349
1  68.0  283
2  86.0  198
3  51.0  354
4  30.0  400
5  73.0  177
6  64.0  333
7  58.0  296
1  91.0  104
2  81.0  242
3  67.0  327
4  81.0  212
5  69.0  359
6  59.0  360
7  80.0  148
1  87.0  195
2  83.0  89
3  70.0  360
4  49.0  308
5  87.0  120
6  49.0  278
7  59.0  308
1  69.0  259
2  64.0  241
3  55.0  357
4  34.0  362
5  60.0  269
6  42.0  326
7  71.0  261
1  63.0  365
2  79.0  220
3  67.0  190
4  89.0  102
5  79.0  153
6  53.0  198
7  33.0  462
1  92.0  66
2  85.0  88
3  71.0  241
4  59.0  273
5  64.0  306
6  63.0  376
7  58.0  399
1  97.0  18
2  33.0  303
3  22.0  203
4  87.0  174
5  85.0  202
6  47.0  364
7  61.0  400
1  88.0  158
2  85.0  31
3  48.0  384
4  50.0  373
5  49.0  235
6  72.0  260
7  52.0  395
1  25.0  195
2  82.0  111
3  77.0  260
4  80.0  246
5  53.0  436
6  40.0  448
7  49.0  436
1  73.0  164
2  86.0  106
3  63.0  150
4  57.0  369
5  51.0  447
6  54.0  114
7  6.0  269
1  90.0  186
2  75.0  294
3  92.0  122
4  66.0  261
5  68.0  242
6  28.0  465
7  57.0  128
1  86.0  75
2  83.0  142
3  52.0  379
4  51.0  225
5  44.0  367
6  62.0  359
7  80.0  234
1  97.0  49
2  59.0  162
3  64.0  243
4  37.0  383
5  44.0  170
6  72.0  292
7  31.0  520
1  97.0  38
2  87.0  139
3  78.0  157
4  77.0  298
5  78.0  232
6  77.0  197
7  41.0  450
1  65.0  253
2  97.0  19
3  68.0  290
4  71.0  228
5  23.0  265
6  35.0  310
7  72.0  124
1  86.0  58
2  25.0  236
3  71.0  277
4  89.0  123
5  69.0  284
6  59.0  455
7  39.0  213
1  56.0  432
2  97.0  36
3  14.0  151
4  27.0  404
5  43.0  455
6  16.0  209
7  44.0  409
1  81.0  323
2  65.0  150
3  77.0  202
4  81.0  113
5  60.0  437
6  50.0  379
7  71.0  213
1  49.0  103
2  72.0  225
3  66.0  202
4  62.0  353
5  84.0  212
6  58.0  402
7  44.0  459
1  97.0  66
2  76.0  283
3  39.0  274
4  46.0  323
5  72.0  255
6  79.0  263
7  52.0  301
1  69.0  181
2  82.0  134
3  37.0  309
4  40.0  247
5  64.0  282
6  63.0  238
7  35.0  419
1  66.0  112
2  39.0  461
3  93.0  112
4  65.0  265
5  54.0  374
6  41.0  379
7  27.0  407
1  84.0  247
2  57.0  435
3  21.0  431
4  68.0  327
5  75.0  212
6  65.0  318
7  64.0  308
1  84.0  124
2  83.0  133
3  54.0  454
4  60.0  193
5  65.0  315
6  81.0  298
7  33.0  340
1  51.0  371
2  69.0  263
3  93.0  113
4  56.0  447
5  21.0  490
6  64.0  232
7  47.0  431
1  44.0  328
2  80.0  129
3  91.0  220
4  48.0  353
5  14.0  367
6  59.0  402
7  34.0  418
1  97.0  56
2  94.0  64
3  65.0  315
4  73.0  362
5  33.0  359
6  61.0  268
7  43.0  332
1  97.0  79
2  74.0  134
3  73.0  309
4  65.0  378
5  69.0  348
6  19.0  278
7  24.0  331
1  60.0  415
2  74.0  283
3  28.0  485
4  48.0  181
5  86.0  233
6  51.0  387
7  26.0  387
1  57.0  222
2  39.0  475
3  74.0  299
4  90.0  162
5  65.0  354
6  42.0  385
7  50.0  353
1  93.0  27
2  81.0  245
3  71.0  141
4  24.0  294
5  44.0  482
6  24.0  301
7  50.0  304
1  73.0  159
2  90.0  125
3  85.0  196
4  67.0  285
5  40.0  373
6  71.0  359
7  69.0  418
1  0.0  159
2  45.0  270
3  59.0  382
4  67.0  271
5  57.0  286
6  55.0  240
7  44.0  292
1  91.0  67
2  87.0  162
3  25.0  444
4  50.0  422
5  66.0  229
6  53.0  277
7  6.0  347
1  94.0  66
2  31.0  254
3  89.0  150
4  42.0  295
5  40.0  367
6  62.0  170
7  34.0  217
1  90.0  69
2  27.0  339
3  66.0  334
4  73.0  117
5  64.0  234
6  38.0  304
7  58.0  335
1  76.0  105
2  67.0  353
3  34.0  245
4  62.0  408
5  58.0  325
6  36.0  308
7  48.0  490
1  59.0  81
2  82.0  221
3  86.0  166
4  38.0  412
5  84.0  224
6  18.0  341
7  48.0  435
1  94.0  111
2  0.0  97
3  39.0  192
4  76.0  277
5  64.0  362
6  38.0  347
7  62.0  322
1  97.0  36
2  61.0  168
3  73.0  335
4  46.0  390
5  96.0  190
6  87.0  170
7  54.0  393
1  72.0  221
2  78.0  202
3  89.0  81
4  85.0  197
5  85.0  190
6  41.0  265
7  24.0  264
1  96.0  48
2  95.0  148
3  79.0  290
4  61.0  342
5  83.0  142
6  62.0  308
7  54.0  469
1  40.0  262
2  61.0  386
3  47.0  406
4  50.0  318
5  79.0  191
6  49.0  226
7  85.0  48
1  92.0  104
2  91.0  180
3  65.0  266
4  40.0  193
5  34.0  402
6  47.0  422
7  53.0  359
1  96.0  110
2  97.0  62
3  65.0  336
4  38.0  236
5  47.0  379
6  59.0  201
7  71.0  335
1  75.0  353
2  96.0  37
3  49.0  395
4  71.0  274
5  50.0  338
6  65.0  343
7  76.0  79
1  68.0  95
2  92.0  103
3  52.0  405
4  55.0  257
5  64.0  284
6  57.0  368
7  75.0  139
1  97.0  25
2  60.0  344
3  19.0  374
4  72.0  336
5  34.0  402
6  61.0  258
7  44.0  615
1  97.0  57
2  24.0  267
3  31.0  181
4  59.0  151
5  54.0  314
6  52.0  340
7  74.0  216
1  97.0  32
2  81.0  171
3  61.0  312
4  30.0  442
5  47.0  355
6  41.0  500
7  76.0  209
1  95.0  54
2  62.0  224
3  26.0  414
4  49.0  247
5  41.0  440
6  42.0  467
7  73.0  293
1  62.0  109
2  96.0  30
3  75.0  172
4  56.0  362
5  72.0  254
6  47.0  461
7  70.0  293
1  92.0  32
2  37.0  273
3  44.0  407
4  62.0  142
5  41.0  366
6  79.0  237
7  43.0  390
1  52.0  267
2  80.0  242
3  91.0  80
4  49.0  242
5  72.0  183
6  76.0  181
7  61.0  339
1  97.0  64
2  75.0  143
3  80.0  215
4  90.0  19
5  50.0  418
6  47.0  414
7  45.0  400
1  79.0  124
2  69.0  314
3  88.0  134
4  74.0  128
5  69.0  247
6  76.0  355
7  55.0  162
1  24.0  209
2  93.0  183
3  73.0  300
4  84.0  158
5  87.0  100
6  63.0  378
7  76.0  206
1  75.0  208
2  54.0  230
3  51.0  254
4  88.0  119
5  70.0  266
6  73.0  192
7  70.0  214
1  24.0  253
2  21.0  284
3  58.0  303
4  58.0  417
5  52.0  510
6  32.0  372
7  32.0  312
1  94.0  95
2  63.0  372
3  56.0  170
4  56.0  314
5  80.0  180
6  51.0  429
7  44.0  276
1  97.0  28
2  95.0  61
3  86.0  132
4  33.0  173
5  48.0  380
6  81.0  159
7  25.0  552
1  97.0  75
2  89.0  122
3  40.0  357
4  24.0  245
5  22.0  209
6  68.0  367
7  18.0  291
1  94.0  53
2  34.0  172
3  85.0  113
4  41.0  551
5  53.0  363
6  87.0  141
7  80.0  265
1  97.0  34
2  48.0  583
3  88.0  115
4  65.0  228
5  62.0  268
6  62.0  374
7  44.0  348
1  95.0  64
2  85.0  89
3  71.0  321
4  50.0  277
5  66.0  294
6  56.0  225
7  71.0  301
1  97.0  45
2  89.0  253
3  82.0  161
4  91.0  134
5  23.0  171
6  30.0  307
7  76.0  208
1  86.0  139
2  35.0  250
3  78.0  260
4  66.0  99
5  47.0  87
6  55.0  391
7  35.0  226
1  96.0  48
2  88.0  164
3  22.0  610
4  56.0  352
5  64.0  267
6  70.0  321
7  68.0  304
1  77.0  52
2  30.0  491
3  74.0  269
4  61.0  372
5  55.0  303
6  40.0  457
7  47.0  393
1  97.0  86
2  78.0  93
3  70.0  244
4  60.0  177
5  81.0  205
6  62.0  267
7  35.0  371
1  93.0  133
2  77.0  236
3  45.0  212
4  83.0  141
5  20.0  419
6  82.0  221
7  60.0  367
1  88.0  231
2  96.0  65
3  33.0  415
4  76.0  263
5  75.0  271
6  78.0  176
7  48.0  430
1  93.0  63
2  68.0  157
3  70.0  151
4  54.0  401
5  82.0  183
6  83.0  185
7  41.0  206
1  83.0  231
2  84.0  210
3  85.0  202
4  69.0  394
5  52.0  383
6  29.0  375
7  43.0  431
1  77.0  152
2  87.0  141
3  68.0  299
4  35.0  332
5  49.0  215
6  37.0  297
7  39.0  186
1  58.0  338
2  32.0  407
3  54.0  361
4  25.0  269
5  54.0  290
6  56.0  396
7  65.0  251
1  97.0  41
2  77.0  280
3  47.0  451
4  57.0  251
5  46.0  428
6  55.0  250
7  72.0  297
