1  65.0  415.0
1  37.0  354.0
1  59.0  335.0
1  56.0  342.0
1  36.0  395.0
1  66.0  315.0
1  85.0  223.0
1  38.0  418.0
1  67.0  278.0
1  47.0  264.0
1  45.0  386.0
1  54.0  375.0
1  39.0  443.0
1  82.0  220.0
1  39.0  327.0
1  59.0  321.0
1  71.0  258.0
1  75.0  385.0
1  50.0  277.0
1  71.0  341.0
1  46.0  243.0
1  35.0  331.0
1  38.0  420.0
1  58.0  246.0
1  55.0  423.0
1  48.0  267.0
1  63.0  251.0
1  26.0  279.0
1  50.0  251.0
1  44.0  404.0
1  37.0  367.0
1  13.0  448.0
1  25.0  338.0
1  37.0  375.0
1  19.0  432.0
1  73.0  181.0
1  66.0  403.0
1  58.0  378.0
1  30.0  574.0
1  40.0  153.0
1  22.0  354.0
1  27.0  450.0
1  62.0  277.0
1  34.0  361.0
1  36.0  395.0
1  38.0  427.0
1  49.0  452.0
1  51.0  540.0
1  38.0  504.0
1  47.0  501.0
1  72.0  367.0
1  5.0  474.0
1  54.0  363.0
1  45.0  339.0
1  44.0  407.0
1  35.0  224.0
1  56.0  284.0
1  52.0  444.0
1  40.0  511.0
1  96.0  238.0
1  29.0  500.0
1  55.0  363.0
1  76.0  330.0
1  52.0  289.0
1  32.0  422.0
1  45.0  364.0
1  17.0  608.0
1  56.0  379.0
1  29.0  457.0
1  39.0  435.0
1  50.0  300.0
1  69.0  383.0
1  51.0  417.0
1  43.0  378.0
1  52.0  428.0
1  15.0  355.0
1  36.0  324.0
1  21.0  412.0
1  34.0  485.0
1  36.0  268.0
1  27.0  358.0
1  63.0  321.0
1  35.0  467.0
1  76.0  270.0
1  54.0  321.0
1  46.0  337.0
1  23.0  527.0
1  20.0  379.0
1  67.0  450.0
1  32.0  362.0
1  28.0  321.0
1  42.0  317.0
1  47.0  327.0
1  42.0  423.0
1  49.0  321.0
1  28.0  372.0
1  52.0  433.0
1  36.0  432.0
1  57.0  376.0
1  35.0  370.0
2  21.0  322.0
2  69.0  368.0
2  51.0  209.0
2  53.0  410.0
2  35.0  388.0
2  45.0  435.0
2  34.0  264.0
2  48.0  243.0
2  37.0  325.0
2  42.0  385.0
2  44.0  277.0
2  36.0  471.0
2  86.0  179.0
2  46.0  437.0
2  67.0  402.0
2  34.0  363.0
2  84.0  297.0
2  32.0  277.0
2  32.0  277.0
2  60.0  257.0
2  74.0  360.0
2  68.0  283.0
2  45.0  299.0
2  52.0  452.0
2  70.0  395.0
2  39.0  436.0
2  59.0  428.0
2  75.0  328.0
2  16.0  320.0
2  23.0  396.0
2  50.0  368.0
2  36.0  355.0
2  29.0  407.0
2  42.0  335.0
2  4.0  227.0
2  61.0  371.0
2  71.0  320.0
2  55.0  308.0
2  35.0  331.0
2  41.0  411.0
2  22.0  344.0
2  15.0  383.0
2  54.0  334.0
2  14.0  345.0
2  41.0  464.0
2  38.0  452.0
2  55.0  357.0
2  44.0  342.0
2  59.0  194.0
2  93.0  267.0
2  70.0  220.0
2  35.0  284.0
2  34.0  309.0
2  49.0  366.0
2  67.0  402.0
2  59.0  372.0
2  44.0  368.0
2  58.0  335.0
2  41.0  470.0
2  13.0  276.0
2  42.0  314.0
2  21.0  384.0
2  37.0  282.0
2  35.0  324.0
2  38.0  331.0
2  18.0  337.0
2  56.0  271.0
2  44.0  337.0
2  37.0  349.0
2  40.0  382.0
2  19.0  518.0
2  55.0  421.0
2  72.0  303.0
2  47.0  313.0
2  36.0  280.0
2  46.0  363.0
2  50.0  397.0
2  44.0  495.0
2  51.0  446.0
2  60.0  311.0
2  34.0  267.0
2  33.0  400.0
2  23.0  251.0
2  42.0  435.0
2  45.0  437.0
2  43.0  327.0
2  69.0  354.0
2  43.0  390.0
2  16.0  427.0
2  71.0  340.0
2  37.0  509.0
2  22.0  417.0
2  14.0  405.0
2  46.0  407.0
2  11.0  365.0
2  46.0  370.0
2  52.0  333.0
2  56.0  298.0
2  28.0  273.0
2  33.0  461.0
3  32.0  288.0
3  23.0  277.0
3  21.0  352.0
3  17.0  369.0
3  21.0  289.0
3  26.0  371.0
3  45.0  370.0
3  39.0  242.0
3  26.0  288.0
3  28.0  404.0
3  53.0  416.0
3  24.0  397.0
3  8.0  238.0
3  51.0  358.0
3  13.0  241.0
3  11.0  538.0
3  32.0  379.0
3  69.0  252.0
3  27.0  416.0
3  50.0  354.0
3  28.0  346.0
3  59.0  324.0
3  23.0  260.0
3  59.0  216.0
3  23.0  337.0
3  28.0  393.0
3  13.0  235.0
3  63.0  262.0
3  43.0  365.0
3  51.0  409.0
3  37.0  371.0
3  34.0  361.0
3  23.0  265.0
3  31.0  317.0
3  15.0  219.0
3  61.0  440.0
3  39.0  311.0
3  24.0  481.0
3  16.0  198.0
3  68.0  216.0
3  51.0  306.0
3  17.0  191.0
3  68.0  258.0
3  62.0  267.0
3  19.0  247.0
3  42.0  429.0
3  37.0  285.0
3  59.0  260.0
3  53.0  272.0
3  39.0  271.0
3  17.0  322.0
3  30.0  296.0
3  36.0  404.0
3  48.0  451.0
3  45.0  260.0
3  39.0  351.0
3  30.0  300.0
3  31.0  266.0
3  47.0  260.0
3  10.0  233.0
3  65.0  331.0
3  39.0  203.0
3  35.0  276.0
3  63.0  342.0
3  42.0  245.0
3  61.0  300.0
3  45.0  245.0
3  26.0  220.0
3  31.0  259.0
3  25.0  360.0
3  66.0  336.0
3  31.0  290.0
3  44.0  353.0
3  22.0  254.0
3  20.0  540.0
3  39.0  173.0
3  19.0  212.0
3  51.0  232.0
3  52.0  362.0
3  31.0  186.0
3  45.0  210.0
3  20.0  401.0
3  1.0  79.0
3  29.0  297.0
3  28.0  199.0
3  37.0  323.0
3  46.0  312.0
3  36.0  422.0
3  39.0  336.0
3  31.0  253.0
3  17.0  322.0
3  56.0  428.0
3  20.0  159.0
3  45.0  392.0
3  35.0  368.0
3  31.0  269.0
3  59.0  224.0
3  36.0  167.0
3  52.0  324.0
3  46.0  261.0
4  46.0  339.0
4  41.0  274.0
4  39.0  337.0
4  8.0  155.0
4  33.0  280.0
4  36.0  449.0
4  41.0  375.0
4  22.0  367.0
4  3.0  103.0
4  12.0  199.0
4  23.0  243.0
4  11.0  182.0
4  7.0  350.0
4  49.0  312.0
4  49.0  268.0
4  38.0  259.0
4  27.0  259.0
4  12.0  153.0
4  54.0  242.0
4  18.0  346.0
4  43.0  245.0
4  18.0  334.0
4  40.0  176.0
4  64.0  208.0
4  54.0  284.0
4  44.0  366.0
4  47.0  253.0
4  29.0  199.0
4  35.0  351.0
4  37.0  264.0
4  77.0  320.0
4  16.0  381.0
4  35.0  340.0
4  51.0  243.0
4  17.0  277.0
4  24.0  446.0
4  24.0  304.0
4  19.0  386.0
4  16.0  350.0
4  14.0  293.0
4  29.0  238.0
4  29.0  259.0
4  59.0  295.0
4  41.0  335.0
4  25.0  206.0
4  11.0  258.0
4  28.0  218.0
4  33.0  323.0
4  13.0  357.0
4  32.0  322.0
4  56.0  257.0
4  14.0  301.0
4  49.0  291.0
4  35.0  313.0
4  11.0  411.0
4  32.0  179.0
4  45.0  363.0
4  38.0  276.0
4  14.0  296.0
4  19.0  293.0
4  11.0  275.0
4  17.0  185.0
4  30.0  350.0
4  30.0  225.0
4  55.0  369.0
4  31.0  329.0
4  21.0  230.0
4  12.0  211.0
4  31.0  231.0
4  32.0  195.0
4  20.0  349.0
4  31.0  174.0
4  41.0  348.0
4  18.0  414.0
4  45.0  362.0
4  34.0  215.0
4  19.0  337.0
4  60.0  358.0
4  52.0  324.0
4  26.0  259.0
4  17.0  305.0
4  41.0  331.0
4  4.0  369.0
4  36.0  268.0
4  30.0  251.0
4  35.0  218.0
4  42.0  402.0
4  36.0  325.0
4  41.0  292.0
4  70.0  312.0
4  15.0  372.0
4  49.0  237.0
4  20.0  293.0
4  38.0  257.0
4  25.0  239.0
4  50.0  257.0
4  71.0  302.0
4  53.0  219.0
4  22.0  255.0
4  18.0  296.0
5  44.0  333.0
5  4.0  329.0
5  31.0  281.0
5  38.0  298.0
5  23.0  313.0
5  33.0  285.0
5  27.0  548.0
5  51.0  235.0
5  37.0  201.0
5  31.0  294.0
5  31.0  269.0
5  24.0  264.0
5  36.0  236.0
5  25.0  317.0
5  0.0  232.0
5  15.0  210.0
5  27.0  223.0
5  17.0  231.0
5  41.0  332.0
5  27.0  277.0
5  14.0  162.0
5  18.0  196.0
5  54.0  361.0
5  53.0  278.0
5  0.0  241.0
5  31.0  235.0
5  33.0  366.0
5  19.0  268.0
5  37.0  237.0
5  29.0  216.0
5  17.0  338.0
5  36.0  351.0
5  3.0  149.0
5  35.0  286.0
5  15.0  167.0
5  21.0  202.0
5  19.0  241.0
5  1.0  258.0
5  15.0  218.0
5  51.0  230.0
5  43.0  206.0
5  10.0  89.0
5  32.0  245.0
5  45.0  362.0
5  38.0  214.0
5  27.0  328.0
5  42.0  337.0
5  22.0  258.0
5  34.0  266.0
5  13.0  262.0
5  20.0  263.0
5  34.0  253.0
5  34.0  224.0
5  59.0  243.0
5  39.0  238.0
5  45.0  199.0
5  29.0  259.0
5  5.0  386.0
5  39.0  263.0
5  42.0  351.0
5  28.0  331.0
5  40.0  365.0
5  36.0  412.0
5  20.0  220.0
5  24.0  303.0
5  24.0  312.0
5  32.0  310.0
5  30.0  266.0
5  29.0  378.0
5  22.0  193.0
5  43.0  264.0
5  46.0  241.0
5  21.0  207.0
5  12.0  304.0
5  14.0  278.0
5  37.0  243.0
5  32.0  367.0
5  33.0  507.0
5  50.0  275.0
5  48.0  296.0
5  9.0  203.0
5  48.0  357.0
5  6.0  214.0
5  39.0  351.0
5  21.0  160.0
5  22.0  244.0
5  19.0  174.0
5  22.0  162.0
5  23.0  391.0
5  18.0  354.0
5  4.0  167.0
5  21.0  344.0
5  12.0  277.0
5  18.0  233.0
5  9.0  189.0
5  32.0  245.0
5  33.0  259.0
5  27.0  325.0
5  6.0  266.0
5  35.0  233.0
