1  56.0  509.0
2  26.0  559.0
3  38.0  347.0
4  49.0  359.0
5  30.0  412.0
6  46.0  487.0
7  41.0  462.0
1  87.0  343.0
2  46.0  364.0
3  64.0  464.0
4  62.0  438.0
5  55.0  572.0
6  48.0  432.0
7  54.0  463.0
1  50.0  436.0
2  47.0  382.0
3  39.0  340.0
4  40.0  434.0
5  49.0  573.0
6  44.0  582.0
7  23.0  326.0
1  23.0  513.0
2  69.0  513.0
3  43.0  423.0
4  29.0  569.0
5  37.0  390.0
6  27.0  340.0
7  28.0  577.0
1  83.0  335.0
2  57.0  333.0
3  61.0  416.0
4  29.0  293.0
5  65.0  444.0
6  52.0  480.0
7  31.0  516.0
1  59.0  525.0
2  72.0  366.0
3  24.0  388.0
4  32.0  234.0
5  58.0  431.0
6  46.0  625.0
7  38.0  577.0
1  21.0  259.0
2  28.0  209.0
3  43.0  444.0
4  54.0  474.0
5  43.0  413.0
6  30.0  442.0
7  46.0  442.0
1  34.0  617.0
2  57.0  384.0
3  74.0  444.0
4  21.0  493.0
5  42.0  572.0
6  31.0  486.0
7  34.0  438.0
1  93.0  283.0
2  88.0  323.0
3  46.0  415.0
4  45.0  363.0
5  20.0  223.0
6  32.0  400.0
7  37.0  565.0
1  1.0  345.0
2  76.0  420.0
3  39.0  434.0
4  65.0  358.0
5  52.0  369.0
6  39.0  455.0
7  26.0  464.0
1  22.0  624.0
2  69.0  386.0
3  79.0  468.0
4  29.0  352.0
5  47.0  536.0
6  32.0  394.0
7  30.0  365.0
1  62.0  449.0
2  55.0  478.0
3  59.0  416.0
4  28.0  625.0
5  65.0  405.0
6  15.0  477.0
7  33.0  480.0
1  75.0  328.0
2  67.0  423.0
3  68.0  390.0
4  40.0  500.0
5  27.0  512.0
6  52.0  450.0
7  35.0  411.0
1  18.0  297.0
2  44.0  417.0
3  32.0  346.0
4  26.0  445.0
5  61.0  446.0
6  52.0  405.0
7  31.0  507.0
1  19.0  465.0
2  59.0  340.0
3  22.0  454.0
4  52.0  446.0
5  25.0  603.0
6  56.0  476.0
7  51.0  498.0
1  66.0  376.0
2  50.0  362.0
3  68.0  410.0
4  31.0  561.0
5  39.0  440.0
6  22.0  442.0
7  44.0  589.0
1  31.0  404.0
2  59.0  368.0
3  64.0  323.0
4  35.0  341.0
5  32.0  494.0
6  27.0  415.0
7  28.0  516.0
1  71.0  391.0
2  13.0  144.0
3  58.0  391.0
4  43.0  348.0
5  47.0  562.0
6  37.0  569.0
7  52.0  601.0
1  39.0  538.0
2  48.0  482.0
3  39.0  592.0
4  49.0  380.0
5  56.0  395.0
6  40.0  496.0
7  42.0  597.0
1  68.0  346.0
2  39.0  507.0
3  82.0  374.0
4  62.0  546.0
5  44.0  490.0
6  18.0  454.0
7  34.0  478.0
1  60.0  386.0
2  44.0  485.0
3  25.0  444.0
4  47.0  565.0
5  69.0  410.0
6  53.0  559.0
7  41.0  544.0
1  50.0  213.0
2  30.0  256.0
3  10.0  343.0
4  18.0  489.0
5  37.0  431.0
6  32.0  477.0
7  55.0  535.0
1  47.0  235.0
2  52.0  409.0
3  54.0  427.0
4  56.0  526.0
5  34.0  524.0
6  46.0  476.0
7  38.0  456.0
1  40.0  621.0
2  41.0  550.0
3  42.0  423.0
4  41.0  547.0
5  39.0  530.0
6  26.0  499.0
7  28.0  410.0
1  7.0  171.0
2  45.0  551.0
3  69.0  445.0
4  28.0  626.0
5  24.0  462.0
6  39.0  407.0
7  44.0  482.0
1  33.0  500.0
2  11.0  367.0
3  27.0  428.0
4  20.0  277.0
5  57.0  463.0
6  48.0  451.0
7  40.0  386.0
1  80.0  402.0
2  45.0  382.0
3  24.0  229.0
4  24.0  418.0
5  53.0  467.0
6  41.0  437.0
7  41.0  450.0
1  81.0  309.0
2  57.0  314.0
3  26.0  408.0
4  41.0  487.0
5  22.0  348.0
6  35.0  499.0
7  34.0  493.0
1  22.0  669.0
2  35.0  543.0
3  30.0  369.0
4  20.0  533.0
5  35.0  586.0
6  39.0  387.0
7  41.0  468.0
1  62.0  470.0
2  42.0  506.0
3  44.0  439.0
4  29.0  503.0
5  46.0  522.0
6  47.0  504.0
7  27.0  531.0
1  80.0  339.0
2  30.0  407.0
3  14.0  413.0
4  51.0  495.0
5  40.0  537.0
6  21.0  453.0
7  40.0  361.0
1  77.0  327.0
2  84.0  354.0
3  32.0  574.0
4  32.0  252.0
5  60.0  422.0
6  38.0  479.0
7  31.0  528.0
1  31.0  427.0
2  79.0  327.0
3  59.0  435.0
4  61.0  492.0
5  37.0  674.0
6  40.0  433.0
7  36.0  465.0
1  44.0  417.0
2  70.0  429.0
3  58.0  464.0
4  50.0  421.0
5  33.0  392.0
6  30.0  551.0
7  29.0  466.0
1  17.0  443.0
2  39.0  336.0
3  63.0  401.0
4  28.0  452.0
5  34.0  512.0
6  65.0  457.0
7  42.0  392.0
1  47.0  455.0
2  28.0  619.0
3  14.0  368.0
4  24.0  366.0
5  2.0  593.0
6  44.0  394.0
7  58.0  495.0
1  14.0  186.0
2  23.0  526.0
3  9.0  332.0
4  17.0  290.0
5  32.0  587.0
6  36.0  294.0
7  35.0  337.0
1  54.0  437.0
2  49.0  407.0
3  16.0  573.0
4  36.0  528.0
5  32.0  403.0
6  19.0  417.0
7  42.0  362.0
1  34.0  529.0
2  18.0  282.0
3  48.0  407.0
4  48.0  507.0
5  29.0  381.0
6  30.0  547.0
7  42.0  530.0
1  55.0  403.0
2  25.0  203.0
3  14.0  415.0
4  48.0  550.0
5  76.0  336.0
6  39.0  469.0
7  65.0  399.0
1  5.0  531.0
2  49.0  425.0
3  55.0  433.0
4  42.0  409.0
5  57.0  510.0
6  61.0  424.0
7  31.0  544.0
1  47.0  537.0
2  43.0  283.0
3  27.0  684.0
4  50.0  510.0
5  44.0  406.0
6  32.0  359.0
7  43.0  435.0
1  43.0  453.0
2  48.0  474.0
3  57.0  427.0
4  29.0  781.0
5  34.0  471.0
6  30.0  557.0
7  63.0  446.0
1  67.0  394.0
2  60.0  399.0
3  14.0  395.0
4  55.0  491.0
5  50.0  533.0
6  41.0  457.0
7  22.0  579.0
1  51.0  445.0
2  13.0  289.0
3  47.0  397.0
4  52.0  401.0
5  16.0  211.0
6  34.0  590.0
7  66.0  437.0
1  60.0  381.0
2  44.0  512.0
3  31.0  456.0
4  16.0  345.0
5  40.0  488.0
6  11.0  393.0
7  47.0  388.0
1  42.0  339.0
2  36.0  454.0
3  38.0  436.0
4  40.0  353.0
5  32.0  503.0
6  50.0  501.0
7  39.0  474.0
1  46.0  345.0
2  68.0  338.0
3  50.0  508.0
4  36.0  435.0
5  32.0  540.0
6  49.0  476.0
7  46.0  506.0
1  58.0  358.0
2  41.0  402.0
3  47.0  341.0
4  43.0  348.0
5  38.0  470.0
6  17.0  353.0
7  28.0  575.0
1  16.0  381.0
2  26.0  424.0
3  46.0  514.0
4  39.0  480.0
5  53.0  503.0
6  23.0  367.0
7  24.0  430.0
1  73.0  425.0
2  49.0  524.0
3  56.0  383.0
4  60.0  365.0
5  31.0  594.0
6  16.0  518.0
7  56.0  465.0
1  40.0  416.0
2  34.0  351.0
3  59.0  433.0
4  60.0  399.0
5  31.0  489.0
6  18.0  348.0
7  16.0  545.0
1  27.0  283.0
2  23.0  261.0
3  28.0  332.0
4  62.0  401.0
5  48.0  433.0
6  31.0  360.0
7  55.0  518.0
1  64.0  424.0
2  15.0  200.0
3  39.0  448.0
4  41.0  357.0
5  20.0  467.0
6  18.0  480.0
7  49.0  511.0
1  34.0  371.0
2  43.0  495.0
3  60.0  376.0
4  52.0  434.0
5  32.0  589.0
6  52.0  519.0
7  0.0  183.0
1  39.0  417.0
2  9.0  294.0
3  46.0  459.0
4  26.0  427.0
5  43.0  453.0
6  34.0  505.0
7  47.0  537.0
1  59.0  435.0
2  41.0  508.0
3  50.0  482.0
4  56.0  458.0
5  32.0  332.0
6  62.0  390.0
7  27.0  517.0
1  68.0  499.0
2  40.0  480.0
3  44.0  609.0
4  60.0  372.0
5  51.0  475.0
6  48.0  386.0
7  51.0  412.0
1  60.0  398.0
2  50.0  402.0
3  40.0  443.0
4  56.0  464.0
5  56.0  416.0
6  38.0  415.0
7  25.0  340.0
1  40.0  150.0
2  83.0  362.0
3  36.0  497.0
4  33.0  416.0
5  27.0  532.0
6  53.0  475.0
7  17.0  545.0
1  27.0  453.0
2  37.0  331.0
3  27.0  346.0
4  10.0  400.0
5  21.0  362.0
6  22.0  428.0
7  52.0  535.0
1  64.0  370.0
2  31.0  377.0
3  25.0  309.0
4  28.0  651.0
5  18.0  413.0
6  34.0  505.0
7  31.0  484.0
1  62.0  395.0
2  47.0  455.0
3  25.0  351.0
4  56.0  498.0
5  58.0  332.0
6  31.0  455.0
7  60.0  501.0
1  50.0  497.0
2  36.0  248.0
3  36.0  451.0
4  68.0  388.0
5  27.0  422.0
6  18.0  374.0
7  47.0  518.0
1  59.0  427.0
2  59.0  507.0
3  28.0  233.0
4  47.0  446.0
5  51.0  456.0
6  31.0  536.0
7  20.0  472.0
1  27.0  535.0
2  16.0  598.0
3  53.0  480.0
4  40.0  289.0
5  52.0  452.0
6  49.0  431.0
7  33.0  474.0
1  50.0  498.0
2  61.0  472.0
3  55.0  532.0
4  37.0  472.0
5  19.0  503.0
6  31.0  375.0
7  43.0  526.0
1  49.0  442.0
2  8.0  222.0
3  47.0  508.0
4  59.0  436.0
5  39.0  378.0
6  36.0  508.0
7  22.0  558.0
1  44.0  548.0
2  28.0  559.0
3  19.0  442.0
4  44.0  548.0
5  57.0  468.0
6  32.0  542.0
7  38.0  430.0
1  46.0  390.0
2  46.0  357.0
3  0.0  154.0
4  28.0  581.0
5  29.0  475.0
6  48.0  418.0
7  39.0  467.0
1  66.0  441.0
2  52.0  637.0
3  23.0  345.0
4  54.0  429.0
5  23.0  455.0
6  48.0  509.0
7  32.0  507.0
1  22.0  568.0
2  71.0  337.0
3  55.0  508.0
4  36.0  487.0
5  29.0  327.0
6  19.0  417.0
7  42.0  371.0
1  74.0  415.0
2  35.0  406.0
3  40.0  578.0
4  31.0  309.0
5  52.0  451.0
6  38.0  522.0
7  62.0  422.0
1  59.0  450.0
2  60.0  415.0
3  30.0  359.0
4  65.0  348.0
5  31.0  443.0
6  34.0  657.0
7  21.0  522.0
1  35.0  311.0
2  61.0  389.0
3  53.0  504.0
4  34.0  445.0
5  60.0  406.0
6  45.0  470.0
7  31.0  556.0
1  68.0  340.0
2  36.0  370.0
3  48.0  338.0
4  74.0  357.0
5  34.0  388.0
6  55.0  538.0
7  34.0  413.0
1  59.0  344.0
2  46.0  505.0
3  41.0  512.0
4  39.0  255.0
5  51.0  428.0
6  15.0  272.0
7  33.0  505.0
1  18.0  353.0
2  44.0  376.0
3  49.0  451.0
4  14.0  440.0
5  38.0  490.0
6  34.0  554.0
7  39.0  298.0
1  38.0  401.0
2  50.0  455.0
3  22.0  515.0
4  29.0  473.0
5  23.0  479.0
6  16.0  558.0
7  36.0  397.0
1  65.0  470.0
2  32.0  440.0
3  27.0  474.0
4  42.0  614.0
5  14.0  371.0
6  31.0  389.0
7  27.0  241.0
1  27.0  516.0
2  18.0  465.0
3  59.0  356.0
4  36.0  457.0
5  59.0  327.0
6  77.0  331.0
7  13.0  454.0
1  23.0  495.0
2  29.0  284.0
3  27.0  373.0
4  31.0  596.0
5  39.0  570.0
6  53.0  499.0
7  41.0  480.0
1  36.0  295.0
2  32.0  363.0
3  68.0  436.0
4  60.0  367.0
5  38.0  558.0
6  58.0  417.0
7  64.0  467.0
1  36.0  481.0
2  65.0  438.0
3  11.0  300.0
4  33.0  562.0
5  45.0  436.0
6  56.0  451.0
7  32.0  414.0
1  52.0  466.0
2  49.0  264.0
3  44.0  296.0
4  42.0  481.0
5  37.0  430.0
6  34.0  619.0
7  33.0  453.0
1  60.0  359.0
2  41.0  409.0
3  46.0  347.0
4  47.0  404.0
5  25.0  537.0
6  37.0  650.0
7  40.0  525.0
1  59.0  413.0
2  50.0  448.0
3  49.0  442.0
4  60.0  416.0
5  18.0  306.0
6  64.0  473.0
7  49.0  567.0
1  52.0  337.0
2  15.0  447.0
3  32.0  518.0
4  50.0  536.0
5  22.0  423.0
6  74.0  453.0
7  34.0  439.0
1  32.0  660.0
2  36.0  496.0
3  13.0  362.0
4  35.0  403.0
5  48.0  353.0
6  24.0  462.0
7  35.0  600.0
1  15.0  295.0
2  20.0  469.0
3  65.0  396.0
4  58.0  528.0
5  42.0  360.0
6  39.0  548.0
7  33.0  520.0
1  47.0  480.0
2  66.0  318.0
3  43.0  506.0
4  26.0  447.0
5  46.0  467.0
6  13.0  344.0
7  30.0  505.0
1  45.0  458.0
2  38.0  431.0
3  43.0  450.0
4  56.0  404.0
5  21.0  467.0
6  43.0  548.0
7  35.0  492.0
1  28.0  572.0
2  12.0  139.0
3  20.0  316.0
4  31.0  608.0
5  39.0  508.0
6  33.0  506.0
7  31.0  627.0
1  21.0  405.0
2  34.0  482.0
3  34.0  384.0
4  26.0  439.0
5  51.0  463.0
6  26.0  465.0
7  47.0  553.0
1  34.0  516.0
2  37.0  319.0
3  35.0  427.0
4  21.0  487.0
5  38.0  434.0
6  30.0  568.0
7  76.0  393.0
1  17.0  436.0
2  33.0  502.0
3  31.0  557.0
4  42.0  376.0
5  63.0  386.0
6  53.0  474.0
7  19.0  411.0
1  40.0  620.0
2  18.0  548.0
3  56.0  455.0
4  54.0  388.0
5  26.0  420.0
6  10.0  314.0
7  53.0  444.0
1  86.0  346.0
2  51.0  444.0
3  77.0  406.0
4  60.0  454.0
5  48.0  493.0
6  45.0  523.0
7  14.0  512.0
1  83.0  329.0
2  34.0  408.0
3  40.0  402.0
4  74.0  280.0
5  64.0  422.0
6  26.0  497.0
7  25.0  474.0
1  74.0  378.0
2  33.0  459.0
3  28.0  445.0
4  27.0  289.0
5  39.0  397.0
6  44.0  287.0
7  19.0  596.0
