0  54.0  311
0  21.0  430
0  14.0  529
0  70.0  345
0  45.0  485
0  41.0  353
0  76.0  316
0  62.0  362
0  47.0  392
0  17.0  481
0  37.0  281
0  68.0  363
0  46.0  293
0  39.0  468
0  66.0  440
0  56.0  387
0  38.0  563
0  57.0  499
0  32.0  303
0  40.0  592
0  56.0  381
0  12.0  356
0  19.0  412
0  61.0  364
0  44.0  295
0  68.0  409
0  71.0  378
0  42.0  358
0  27.0  141
0  56.0  444
0  41.0  270
0  63.0  283
0  19.0  297
0  26.0  590
0  43.0  340
0  29.0  301
0  45.0  277
0  21.0  212
0  42.0  423
0  29.0  538
0  11.0  461
0  40.0  431
0  59.0  456
0  42.0  354
0  54.0  283
0  20.0  607
0  25.0  361
0  21.0  420
0  6.0  462
0  13.0  308
0  42.0  442
0  44.0  463
0  35.0  469
0  46.0  361
0  36.0  285
0  77.0  261
0  75.0  333
0  70.0  374
0  27.0  439
0  29.0  330
0  51.0  459
0  36.0  521
0  60.0  353
0  26.0  351
0  68.0  307
0  33.0  470
0  47.0  352
0  55.0  416
0  43.0  414
0  49.0  411
0  27.0  423
0  36.0  373
0  38.0  419
0  38.0  404
0  60.0  376
0  59.0  445
0  23.0  496
0  64.0  436
0  36.0  435
0  70.0  394
0  61.0  348
0  37.0  473
0  31.0  519
0  34.0  226
0  42.0  424
0  56.0  337
0  45.0  540
0  21.0  277
0  67.0  327
0  62.0  323
0  57.0  375
0  49.0  308
0  56.0  537
0  38.0  465
0  40.0  570
0  67.0  344
0  78.0  348
0  72.0  377
0  71.0  382
0  2.0  271
1  18.0  398
1  63.0  406
1  54.0  414
1  30.0  275
1  68.0  373
1  55.0  403
1  52.0  362
1  31.0  345
1  43.0  397
1  59.0  423
1  24.0  421
1  60.0  386
1  66.0  286
1  58.0  428
1  53.0  401
1  70.0  354
1  65.0  408
1  52.0  531
1  66.0  341
1  44.0  367
1  28.0  428
1  20.0  456
1  65.0  377
1  55.0  283
1  62.0  388
1  66.0  421
1  48.0  469
1  38.0  492
1  68.0  341
1  26.0  229
1  64.0  483
1  41.0  465
1  74.0  313
1  46.0  453
1  72.0  360
1  29.0  481
1  49.0  494
1  47.0  370
1  45.0  518
1  34.0  346
1  34.0  432
1  52.0  542
1  60.0  294
1  86.0  275
1  24.0  414
1  61.0  380
1  72.0  350
1  65.0  398
1  75.0  304
1  46.0  358
1  87.0  284
1  54.0  412
1  83.0  321
1  50.0  307
1  56.0  430
1  48.0  339
1  68.0  280
1  34.0  546
1  52.0  415
1  30.0  421
1  29.0  221
1  13.0  392
1  38.0  334
1  30.0  383
1  45.0  411
1  35.0  480
1  35.0  211
1  40.0  474
1  64.0  407
1  24.0  390
1  39.0  356
1  50.0  447
1  50.0  375
1  42.0  361
1  60.0  374
1  70.0  291
1  55.0  392
1  48.0  356
1  42.0  571
1  68.0  425
1  28.0  421
1  12.0  375
1  75.0  393
1  45.0  325
1  28.0  350
1  18.0  556
1  53.0  402
1  76.0  294
1  62.0  386
1  44.0  257
1  39.0  465
1  43.0  252
1  59.0  372
1  69.0  405
1  54.0  426
1  47.0  411
1  43.0  468
1  84.0  304
1  18.0  345
1  43.0  301
2  44.0  543
2  76.0  290
2  39.0  341
2  32.0  292
2  74.0  388
2  34.0  317
2  49.0  459
2  44.0  477
2  76.0  340
2  38.0  344
2  59.0  353
2  44.0  428
2  62.0  351
2  67.0  310
2  65.0  508
2  60.0  389
2  69.0  320
2  84.0  317
2  68.0  333
2  68.0  349
2  60.0  513
2  80.0  308
2  61.0  260
2  35.0  490
2  56.0  366
2  31.0  406
2  50.0  398
2  61.0  441
2  75.0  400
2  38.0  440
2  50.0  614
2  76.0  340
2  49.0  302
2  33.0  382
2  40.0  392
2  65.0  396
2  81.0  322
2  57.0  411
2  38.0  277
2  43.0  500
2  37.0  457
2  75.0  321
2  39.0  493
2  47.0  367
2  56.0  424
2  47.0  362
2  45.0  373
2  63.0  399
2  62.0  357
2  64.0  351
2  53.0  384
2  58.0  475
2  59.0  345
2  31.0  414
2  41.0  440
2  63.0  415
2  70.0  334
2  51.0  324
2  63.0  378
2  34.0  472
2  83.0  297
2  67.0  496
2  37.0  440
2  40.0  462
2  44.0  426
2  78.0  341
2  42.0  550
2  50.0  339
2  27.0  299
2  44.0  365
2  59.0  368
2  51.0  505
2  48.0  309
2  56.0  389
2  40.0  392
2  58.0  435
2  63.0  394
2  16.0  269
2  22.0  299
2  60.0  352
2  66.0  419
2  59.0  380
2  42.0  304
2  15.0  433
2  69.0  309
2  34.0  396
2  57.0  313
2  55.0  415
2  36.0  444
2  43.0  391
2  48.0  414
2  52.0  520
2  47.0  428
2  25.0  222
2  18.0  304
2  15.0  259
2  38.0  566
2  56.0  402
2  36.0  493
2  65.0  388
3  21.0  186
3  51.0  426
3  39.0  298
3  85.0  258
3  33.0  495
3  44.0  341
3  58.0  296
3  58.0  361
3  45.0  273
3  56.0  445
3  60.0  321
3  52.0  323
3  62.0  409
3  44.0  396
3  83.0  297
3  44.0  320
3  29.0  295
3  39.0  438
3  49.0  400
3  26.0  399
3  46.0  435
3  71.0  371
3  49.0  431
3  59.0  263
3  48.0  403
3  54.0  407
3  54.0  275
3  16.0  377
3  21.0  297
3  47.0  486
3  74.0  377
3  45.0  414
3  49.0  469
3  43.0  429
3  27.0  391
3  34.0  545
3  41.0  460
3  54.0  367
3  15.0  364
3  36.0  571
3  40.0  417
3  36.0  495
3  43.0  264
3  24.0  329
3  47.0  607
3  46.0  337
3  28.0  422
3  58.0  338
3  50.0  416
3  42.0  427
3  66.0  345
3  42.0  393
3  54.0  360
3  29.0  325
3  77.0  286
3  56.0  301
3  26.0  223
3  49.0  240
3  68.0  444
3  46.0  660
3  50.0  470
3  67.0  390
3  25.0  195
3  37.0  197
3  65.0  358
3  78.0  340
3  15.0  259
3  50.0  261
3  56.0  351
3  79.0  314
3  42.0  346
3  41.0  440
3  45.0  367
3  55.0  210
3  76.0  336
3  50.0  314
3  57.0  373
3  54.0  273
3  51.0  474
3  33.0  467
3  61.0  338
3  34.0  396
3  51.0  438
3  47.0  528
3  41.0  191
3  45.0  226
3  30.0  476
3  53.0  355
3  54.0  522
3  40.0  310
3  54.0  479
3  19.0  254
3  57.0  382
3  89.0  221
3  67.0  317
3  38.0  436
3  49.0  391
3  45.0  498
3  46.0  356
3  69.0  351
4  64.0  380
4  21.0  195
4  63.0  370
4  77.0  331
4  50.0  439
4  39.0  436
4  31.0  501
4  43.0  450
4  48.0  345
4  18.0  309
4  48.0  375
4  25.0  380
4  43.0  441
4  68.0  370
4  34.0  331
4  55.0  365
4  48.0  407
4  78.0  338
4  42.0  516
4  31.0  419
4  43.0  408
4  63.0  421
4  60.0  314
4  59.0  368
4  34.0  421
4  62.0  405
4  57.0  428
4  44.0  352
4  54.0  388
4  38.0  242
4  25.0  288
4  53.0  366
4  49.0  428
4  56.0  229
4  38.0  278
4  38.0  440
4  62.0  334
4  31.0  412
4  34.0  305
4  73.0  329
4  78.0  352
4  49.0  333
4  56.0  350
4  39.0  543
4  28.0  235
4  32.0  577
4  87.0  277
4  50.0  342
4  45.0  389
4  27.0  237
4  36.0  553
4  49.0  305
4  10.0  358
4  39.0  491
4  51.0  323
4  20.0  420
4  38.0  313
4  39.0  155
4  51.0  425
4  56.0  352
4  34.0  525
4  35.0  466
4  46.0  449
4  51.0  378
4  47.0  367
4  29.0  289
4  66.0  331
4  35.0  373
4  58.0  546
4  78.0  326
4  48.0  418
4  29.0  582
4  71.0  375
4  62.0  467
4  66.0  342
4  40.0  369
4  75.0  298
4  59.0  398
4  19.0  287
4  87.0  271
4  65.0  346
4  58.0  404
4  36.0  308
4  12.0  310
4  54.0  432
4  39.0  445
4  72.0  377
4  73.0  390
4  71.0  386
4  61.0  266
4  31.0  337
4  45.0  413
4  41.0  426
4  65.0  404
4  80.0  328
4  55.0  376
4  41.0  399
4  43.0  418
4  40.0  387
4  54.0  401
5  39.0  482
5  43.0  432
5  28.0  387
5  10.0  488
5  27.0  236
5  29.0  472
5  66.0  339
5  16.0  513
5  59.0  405
5  37.0  500
5  9.0  312
5  29.0  374
5  30.0  455
5  49.0  402
5  31.0  491
5  22.0  453
5  26.0  329
5  40.0  531
5  39.0  440
5  62.0  390
5  74.0  353
5  31.0  638
5  68.0  340
5  65.0  408
5  76.0  374
5  48.0  403
5  34.0  217
5  32.0  369
5  39.0  337
5  85.0  303
5  89.0  296
5  43.0  439
5  30.0  345
5  54.0  283
5  72.0  396
5  44.0  563
5  37.0  513
5  36.0  311
5  71.0  371
5  60.0  346
5  18.0  383
5  30.0  464
5  77.0  345
5  52.0  350
5  63.0  343
5  61.0  449
5  61.0  317
5  37.0  281
5  69.0  261
5  60.0  427
5  31.0  379
5  49.0  320
5  54.0  290
5  36.0  409
5  39.0  321
5  64.0  425
5  59.0  287
5  26.0  169
5  37.0  443
5  30.0  408
5  35.0  213
5  28.0  343
5  66.0  399
5  39.0  399
5  57.0  387
5  28.0  271
5  42.0  324
5  15.0  249
5  26.0  347
5  31.0  480
5  29.0  310
5  51.0  325
5  65.0  453
5  52.0  285
5  64.0  429
5  56.0  333
5  11.0  527
5  18.0  578
5  45.0  370
5  67.0  350
5  45.0  291
5  46.0  433
5  70.0  375
5  40.0  575
5  73.0  363
5  47.0  369
5  65.0  324
5  79.0  396
5  37.0  482
5  36.0  449
5  54.0  465
5  60.0  509
5  52.0  293
5  62.0  392
5  74.0  274
5  44.0  426
5  37.0  304
5  45.0  431
5  62.0  394
5  69.0  299
6  57.0  355
6  33.0  328
6  47.0  479
6  39.0  329
6  13.0  411
6  72.0  291
6  53.0  383
6  21.0  281
6  62.0  477
6  72.0  394
6  17.0  397
6  47.0  370
6  39.0  384
6  24.0  504
6  38.0  263
6  42.0  417
6  70.0  384
6  45.0  263
6  45.0  368
6  58.0  402
6  32.0  445
6  22.0  269
6  62.0  378
6  34.0  488
6  50.0  361
6  28.0  348
6  51.0  397
6  78.0  310
6  21.0  463
6  37.0  362
6  30.0  314
6  35.0  532
6  53.0  474
6  48.0  524
6  24.0  338
6  38.0  537
6  57.0  394
6  37.0  361
6  63.0  393
6  7.0  383
6  55.0  383
6  63.0  425
6  64.0  369
6  30.0  363
6  41.0  357
6  75.0  362
6  37.0  351
6  68.0  406
6  58.0  453
6  66.0  416
6  45.0  326
6  74.0  367
6  55.0  476
6  69.0  437
6  37.0  296
6  93.0  225
6  31.0  536
6  45.0  409
6  65.0  240
6  50.0  402
6  57.0  460
6  6.0  479
6  28.0  406
6  48.0  359
6  62.0  320
6  24.0  497
6  20.0  418
6  26.0  348
6  19.0  306
6  42.0  298
6  37.0  364
6  75.0  399
6  52.0  348
6  80.0  337
6  63.0  423
6  37.0  459
6  29.0  312
6  53.0  196
6  73.0  374
6  52.0  331
6  24.0  654
6  47.0  328
6  39.0  328
6  52.0  372
6  16.0  322
6  35.0  385
6  64.0  252
6  51.0  528
6  57.0  309
6  71.0  340
6  39.0  366
6  78.0  392
6  47.0  321
6  35.0  527
6  58.0  391
6  22.0  352
6  34.0  205
6  43.0  364
6  43.0  540
6  30.0  432
7  66.0  400
7  40.0  429
7  45.0  230
7  62.0  428
7  55.0  399
7  53.0  511
7  27.0  418
7  60.0  608
7  29.0  314
7  59.0  158
7  54.0  313
7  37.0  330
7  86.0  314
7  61.0  250
7  64.0  455
7  56.0  339
7  59.0  538
7  48.0  397
7  44.0  307
7  40.0  643
7  40.0  379
7  48.0  213
7  68.0  351
7  47.0  439
7  10.0  393
7  22.0  306
7  35.0  369
7  71.0  399
7  48.0  470
7  50.0  384
7  40.0  497
7  43.0  327
7  42.0  404
7  63.0  484
7  62.0  391
7  84.0  315
7  48.0  411
7  29.0  587
7  28.0  347
7  80.0  287
7  44.0  414
7  31.0  430
7  34.0  418
7  53.0  351
7  62.0  382
7  53.0  294
7  3.0  361
7  60.0  473
7  66.0  326
7  49.0  403
7  32.0  380
7  30.0  273
7  69.0  344
7  12.0  296
7  45.0  367
7  50.0  300
7  39.0  296
7  45.0  343
7  36.0  422
7  65.0  403
7  19.0  361
7  61.0  384
7  49.0  447
7  38.0  294
7  61.0  265
7  49.0  414
7  81.0  268
7  38.0  410
7  50.0  243
7  9.0  657
7  53.0  433
7  33.0  344
7  31.0  509
7  23.0  289
7  41.0  551
7  75.0  282
7  47.0  209
7  48.0  440
7  43.0  526
7  75.0  315
7  57.0  402
7  62.0  357
7  40.0  409
7  55.0  345
7  36.0  408
7  24.0  451
7  45.0  327
7  29.0  675
7  32.0  378
7  51.0  374
7  58.0  434
7  55.0  474
7  52.0  387
7  52.0  387
7  18.0  521
7  28.0  488
7  54.0  428
7  62.0  294
7  57.0  448
7  36.0  453
8  69.0  381
8  26.0  409
8  80.0  322
8  46.0  345
8  44.0  364
8  65.0  193
8  38.0  398
8  18.0  254
8  52.0  241
8  48.0  421
8  50.0  381
8  45.0  372
8  21.0  242
8  47.0  410
8  48.0  453
8  48.0  472
8  40.0  463
8  62.0  358
8  63.0  296
8  40.0  497
8  60.0  414
8  65.0  398
8  54.0  536
8  46.0  294
8  43.0  456
8  78.0  301
8  21.0  377
8  50.0  466
8  19.0  163
8  45.0  450
8  50.0  361
8  56.0  477
8  69.0  377
8  42.0  439
8  37.0  199
8  25.0  273
8  80.0  328
8  60.0  463
8  51.0  247
8  82.0  319
8  77.0  300
8  33.0  410
8  22.0  233
8  11.0  378
8  71.0  347
8  72.0  238
8  81.0  274
8  31.0  331
8  81.0  308
8  74.0  330
8  61.0  429
8  59.0  382
8  16.0  165
8  31.0  266
8  58.0  348
8  80.0  332
8  8.0  285
8  64.0  316
8  40.0  352
8  41.0  270
8  64.0  295
8  58.0  463
8  82.0  325
8  33.0  400
8  32.0  321
8  39.0  301
8  69.0  370
8  57.0  388
8  35.0  511
8  37.0  373
8  47.0  205
8  38.0  410
8  30.0  360
8  46.0  402
8  63.0  194
8  34.0  267
8  47.0  483
8  29.0  383
8  36.0  390
8  53.0  425
8  36.0  508
8  23.0  426
8  6.0  392
8  32.0  458
8  40.0  501
8  63.0  457
8  56.0  343
8  58.0  281
8  52.0  421
8  39.0  495
8  53.0  492
8  63.0  392
8  51.0  337
8  31.0  574
8  61.0  270
8  48.0  344
8  37.0  297
8  53.0  313
8  58.0  366
8  52.0  279
9  21.0  324
9  51.0  303
9  43.0  574
9  55.0  228
9  25.0  171
9  80.0  310
9  77.0  296
9  43.0  290
9  63.0  388
9  40.0  466
9  47.0  218
9  28.0  274
9  63.0  375
9  50.0  296
9  50.0  439
9  58.0  322
9  48.0  446
9  37.0  432
9  56.0  378
9  33.0  470
9  73.0  321
9  62.0  269
9  64.0  439
9  51.0  312
9  62.0  371
9  64.0  396
9  60.0  403
9  55.0  352
9  50.0  278
9  36.0  396
9  46.0  334
9  17.0  509
9  27.0  261
9  35.0  359
9  74.0  399
9  43.0  319
9  90.0  269
9  45.0  504
9  88.0  276
9  38.0  464
9  56.0  462
9  63.0  343
9  58.0  473
9  33.0  455
9  51.0  462
9  26.0  317
9  31.0  414
9  77.0  309
9  57.0  331
9  59.0  399
9  60.0  377
9  27.0  187
9  48.0  362
9  46.0  275
9  59.0  470
9  45.0  346
9  66.0  419
9  12.0  362
9  43.0  322
9  38.0  299
9  57.0  421
9  60.0  450
9  58.0  326
9  83.0  234
9  70.0  283
9  42.0  373
9  56.0  357
9  55.0  360
9  58.0  304
9  51.0  402
9  62.0  448
9  49.0  347
9  62.0  437
9  46.0  330
9  63.0  369
9  53.0  371
9  45.0  403
9  67.0  367
9  49.0  294
9  48.0  374
9  60.0  321
9  66.0  297
9  48.0  498
9  62.0  421
9  41.0  424
9  37.0  391
9  51.0  414
9  65.0  377
9  34.0  398
9  49.0  331
9  24.0  521
9  60.0  382
9  59.0  385
9  43.0  441
9  35.0  529
9  49.0  287
9  60.0  445
9  40.0  481
9  46.0  454
9  33.0  348
10  29.0  202
10  26.0  257
10  45.0  313
10  63.0  472
10  30.0  716
10  59.0  409
10  62.0  350
10  56.0  325
10  16.0  534
10  33.0  397
10  59.0  485
10  36.0  353
10  53.0  446
10  72.0  270
10  40.0  365
10  53.0  394
10  27.0  383
10  70.0  347
10  29.0  492
10  50.0  175
10  75.0  316
10  55.0  305
10  51.0  530
10  29.0  409
10  59.0  402
10  45.0  404
10  66.0  234
10  73.0  208
10  46.0  505
10  56.0  372
10  37.0  555
10  41.0  369
10  82.0  289
10  52.0  407
10  68.0  322
10  60.0  363
10  67.0  442
10  24.0  287
10  41.0  409
10  43.0  287
10  70.0  398
10  49.0  447
10  44.0  367
10  18.0  437
10  68.0  476
10  54.0  399
10  30.0  280
10  10.0  380
10  42.0  345
10  47.0  278
10  53.0  433
10  64.0  329
10  45.0  501
10  43.0  389
10  25.0  511
10  57.0  309
10  40.0  508
10  70.0  297
10  44.0  422
10  23.0  313
10  25.0  393
10  43.0  382
10  17.0  469
10  70.0  296
10  57.0  419
10  63.0  355
10  23.0  279
10  65.0  382
10  46.0  393
10  57.0  370
10  52.0  355
10  75.0  330
10  67.0  299
10  44.0  346
10  48.0  509
10  30.0  309
10  33.0  545
10  46.0  470
10  27.0  280
10  50.0  485
10  72.0  332
10  51.0  354
10  57.0  356
10  53.0  289
10  53.0  475
10  69.0  457
10  47.0  462
10  54.0  405
10  22.0  507
10  44.0  388
10  73.0  366
10  64.0  377
10  48.0  407
10  46.0  393
10  45.0  311
10  85.0  294
10  74.0  392
10  60.0  357
10  64.0  374
10  45.0  323
11  19.0  411
11  71.0  340
11  52.0  451
11  72.0  343
11  18.0  467
11  77.0  321
11  87.0  223
11  67.0  278
11  46.0  499
11  35.0  452
11  39.0  271
11  30.0  327
11  26.0  397
11  52.0  341
11  61.0  360
11  34.0  432
11  46.0  340
11  27.0  240
11  72.0  375
11  23.0  410
11  77.0  293
11  64.0  354
11  46.0  321
11  45.0  344
11  20.0  245
11  41.0  251
11  53.0  595
11  41.0  453
11  16.0  237
11  75.0  372
11  60.0  439
11  76.0  373
11  55.0  493
11  31.0  494
11  30.0  461
11  70.0  392
11  46.0  426
11  66.0  363
11  37.0  371
11  77.0  348
11  54.0  350
11  67.0  305
11  40.0  504
11  72.0  302
11  48.0  348
11  39.0  431
11  48.0  493
11  60.0  287
11  24.0  491
11  30.0  524
11  43.0  364
11  71.0  326
11  67.0  313
11  41.0  357
11  29.0  466
11  37.0  486
11  65.0  270
11  70.0  419
11  70.0  355
11  29.0  359
11  22.0  271
11  22.0  365
11  72.0  388
11  58.0  406
11  39.0  534
11  49.0  397
11  27.0  537
11  72.0  308
11  43.0  360
11  61.0  427
11  63.0  399
11  50.0  356
11  50.0  378
11  38.0  416
11  16.0  466
11  55.0  412
11  45.0  341
11  36.0  217
11  72.0  314
11  45.0  421
11  51.0  429
11  63.0  468
11  58.0  375
11  50.0  262
11  61.0  399
11  56.0  309
11  49.0  294
11  47.0  399
11  46.0  416
11  42.0  490
11  73.0  307
11  54.0  311
11  51.0  435
11  29.0  335
11  65.0  368
11  60.0  442
11  70.0  267
11  35.0  419
11  45.0  332
11  54.0  429
12  67.0  323
12  59.0  436
12  26.0  597
12  45.0  358
12  10.0  185
12  78.0  303
12  76.0  209
12  69.0  329
12  37.0  469
12  36.0  320
12  54.0  289
12  45.0  456
12  61.0  255
12  77.0  396
12  34.0  476
12  44.0  241
12  87.0  303
12  32.0  372
12  85.0  294
12  29.0  378
12  47.0  353
12  53.0  362
12  78.0  341
12  63.0  207
12  26.0  467
12  27.0  489
12  32.0  452
12  65.0  332
12  54.0  233
12  36.0  196
12  79.0  288
12  26.0  547
12  38.0  562
12  46.0  483
12  66.0  354
12  55.0  448
12  70.0  286
12  43.0  486
12  35.0  327
12  21.0  220
12  69.0  415
12  47.0  376
12  56.0  344
12  48.0  342
12  55.0  364
12  29.0  568
12  39.0  366
12  67.0  335
12  56.0  421
12  64.0  445
12  22.0  578
12  66.0  413
12  66.0  339
12  71.0  164
12  58.0  411
12  56.0  346
12  56.0  435
12  35.0  209
12  45.0  429
12  59.0  305
12  45.0  505
12  52.0  465
12  62.0  360
12  26.0  426
12  53.0  374
12  50.0  410
12  50.0  311
12  44.0  479
12  27.0  429
12  72.0  185
12  56.0  376
12  67.0  179
12  40.0  499
12  76.0  254
12  37.0  432
12  52.0  349
12  76.0  319
12  56.0  492
12  51.0  326
12  37.0  302
12  75.0  402
12  68.0  351
12  31.0  335
12  35.0  470
12  26.0  257
12  48.0  309
12  26.0  421
12  68.0  308
12  51.0  369
12  49.0  286
12  75.0  379
12  51.0  382
12  30.0  291
12  49.0  451
12  71.0  334
12  56.0  501
12  42.0  427
12  53.0  438
12  23.0  342
12  35.0  317
13  66.0  314
13  55.0  389
13  68.0  411
13  37.0  384
13  21.0  422
13  48.0  293
13  55.0  442
13  77.0  283
13  59.0  410
13  35.0  414
13  46.0  362
13  36.0  291
13  21.0  461
13  81.0  311
13  58.0  489
13  64.0  500
13  46.0  520
13  36.0  294
13  45.0  344
13  32.0  545
13  55.0  426
13  76.0  299
13  72.0  322
13  50.0  381
13  61.0  84
13  64.0  365
13  31.0  231
13  46.0  470
13  74.0  265
13  40.0  476
13  79.0  332
13  67.0  253
13  67.0  399
13  66.0  381
13  28.0  387
13  31.0  367
13  24.0  415
13  35.0  476
13  64.0  413
13  21.0  444
13  56.0  430
13  56.0  451
13  42.0  237
13  45.0  499
13  76.0  344
13  78.0  296
13  76.0  328
13  46.0  274
13  74.0  338
13  49.0  431
13  54.0  379
13  35.0  430
13  41.0  480
13  44.0  232
13  42.0  315
13  59.0  327
13  38.0  521
13  74.0  316
13  58.0  406
13  35.0  177
13  62.0  268
13  76.0  359
13  60.0  335
13  55.0  437
13  59.0  413
13  56.0  430
13  55.0  466
13  49.0  168
13  33.0  495
13  57.0  194
13  75.0  307
13  48.0  337
13  41.0  512
13  49.0  400
13  34.0  409
13  80.0  280
13  47.0  491
13  47.0  495
13  49.0  428
13  67.0  351
13  36.0  255
13  80.0  276
13  47.0  195
13  8.0  376
13  50.0  499
13  41.0  222
13  43.0  543
13  52.0  293
13  57.0  347
13  31.0  408
13  56.0  400
13  33.0  568
13  45.0  271
13  63.0  263
13  53.0  429
13  28.0  352
13  67.0  311
13  21.0  515
13  41.0  625
13  71.0  435
14  65.0  400
14  50.0  305
14  62.0  402
14  47.0  417
14  65.0  431
14  86.0  332
14  56.0  336
14  26.0  153
14  47.0  402
14  24.0  427
14  35.0  521
14  37.0  458
14  33.0  360
14  59.0  480
14  87.0  275
14  32.0  527
14  35.0  278
14  66.0  330
14  55.0  395
14  82.0  319
14  52.0  495
14  52.0  325
14  59.0  392
14  48.0  484
14  58.0  285
14  37.0  303
14  46.0  423
14  85.0  284
14  36.0  476
14  27.0  506
14  59.0  386
14  54.0  290
14  53.0  435
14  30.0  317
14  17.0  530
14  60.0  418
14  69.0  391
14  71.0  331
14  57.0  171
14  53.0  468
14  36.0  426
14  43.0  396
14  48.0  397
14  72.0  373
14  60.0  330
14  48.0  479
14  58.0  280
14  71.0  305
14  50.0  528
14  57.0  357
14  43.0  366
14  57.0  350
14  72.0  353
14  31.0  304
14  45.0  420
14  37.0  501
14  48.0  386
14  61.0  379
14  23.0  414
14  25.0  215
14  67.0  180
14  15.0  413
14  59.0  369
14  76.0  233
14  79.0  310
14  56.0  496
14  63.0  354
14  52.0  230
14  41.0  346
14  46.0  495
14  49.0  397
14  61.0  369
14  39.0  329
14  36.0  386
14  59.0  383
14  48.0  486
14  28.0  251
14  83.0  332
14  83.0  334
14  64.0  385
14  62.0  399
14  48.0  554
14  79.0  333
14  64.0  336
14  50.0  435
14  69.0  393
14  74.0  304
14  59.0  520
14  32.0  471
14  55.0  389
14  46.0  213
14  63.0  339
14  63.0  346
14  46.0  587
14  46.0  359
14  84.0  326
14  60.0  378
14  49.0  438
14  71.0  246
14  76.0  317
15  64.0  386
15  52.0  366
15  43.0  458
15  42.0  288
15  35.0  580
15  54.0  457
15  26.0  517
15  41.0  603
15  45.0  383
15  35.0  425
15  58.0  415
15  36.0  248
15  41.0  351
15  72.0  411
15  38.0  491
15  39.0  516
15  24.0  522
15  57.0  372
15  60.0  418
15  43.0  442
15  57.0  372
15  64.0  415
15  64.0  398
15  45.0  355
15  27.0  371
15  24.0  357
15  51.0  386
15  43.0  457
15  36.0  459
15  50.0  377
15  61.0  420
15  50.0  371
15  60.0  411
15  77.0  242
15  53.0  464
15  37.0  373
15  3.0  414
15  14.0  314
15  31.0  504
15  42.0  373
15  32.0  279
15  58.0  409
15  60.0  384
15  61.0  361
15  56.0  406
15  38.0  482
15  58.0  486
15  64.0  314
15  71.0  379
15  63.0  408
15  33.0  320
15  53.0  227
15  27.0  386
15  47.0  356
15  36.0  567
15  46.0  295
15  52.0  362
15  36.0  241
15  35.0  649
15  43.0  223
15  66.0  384
15  83.0  231
15  44.0  404
15  68.0  254
15  45.0  270
15  30.0  253
15  80.0  317
15  35.0  364
15  34.0  480
15  70.0  336
15  29.0  639
15  77.0  346
15  62.0  291
15  53.0  473
15  54.0  480
15  49.0  386
15  44.0  433
15  62.0  348
15  66.0  326
15  64.0  325
15  60.0  423
15  53.0  411
15  52.0  289
15  50.0  418
15  58.0  505
15  50.0  246
15  39.0  244
15  48.0  550
15  55.0  315
15  58.0  418
15  17.0  350
15  42.0  430
15  61.0  426
15  43.0  384
15  64.0  418
15  43.0  432
15  64.0  385
15  61.0  379
15  42.0  309
15  61.0  307
16  44.0  508
16  64.0  367
16  43.0  256
16  61.0  255
16  61.0  226
16  45.0  396
16  44.0  353
16  66.0  267
16  55.0  415
16  33.0  361
16  70.0  421
16  24.0  171
16  74.0  233
16  62.0  468
16  8.0  261
16  59.0  170
16  57.0  441
16  58.0  486
16  54.0  271
16  47.0  278
16  30.0  312
16  71.0  362
16  54.0  209
16  38.0  509
16  39.0  251
16  35.0  385
16  30.0  317
16  51.0  264
16  47.0  397
16  33.0  199
16  70.0  334
16  65.0  286
16  72.0  303
16  53.0  380
16  60.0  211
16  61.0  478
16  52.0  386
16  38.0  521
16  87.0  223
16  55.0  300
16  75.0  213
16  61.0  334
16  70.0  322
16  59.0  354
16  64.0  225
16  72.0  350
16  53.0  331
16  56.0  397
16  66.0  395
16  53.0  262
16  89.0  302
16  40.0  444
16  55.0  444
16  48.0  456
16  57.0  395
16  76.0  348
16  38.0  383
16  46.0  113
16  38.0  355
16  39.0  501
16  27.0  321
16  33.0  285
16  65.0  320
16  52.0  438
16  62.0  190
16  30.0  381
16  72.0  311
16  69.0  368
16  22.0  218
16  64.0  367
16  42.0  393
16  21.0  435
16  77.0  351
16  26.0  423
16  51.0  435
16  50.0  421
16  39.0  482
16  57.0  348
16  64.0  390
16  35.0  460
16  60.0  228
16  45.0  417
16  62.0  314
16  43.0  333
16  69.0  238
16  32.0  338
16  23.0  674
16  70.0  206
16  50.0  405
16  46.0  489
16  30.0  382
16  58.0  408
16  40.0  256
16  67.0  381
16  35.0  403
16  67.0  281
16  57.0  366
16  21.0  327
16  39.0  424
16  59.0  364
17  80.0  250
17  35.0  262
17  45.0  473
17  78.0  367
17  68.0  314
17  49.0  541
17  53.0  324
17  71.0  279
17  32.0  388
17  69.0  411
17  60.0  436
17  40.0  360
17  59.0  312
17  65.0  389
17  58.0  491
17  32.0  431
17  28.0  364
17  32.0  347
17  54.0  361
17  77.0  353
17  44.0  359
17  56.0  436
17  15.0  364
17  68.0  289
17  30.0  424
17  75.0  401
17  49.0  419
17  42.0  401
17  64.0  370
17  40.0  298
17  57.0  388
17  75.0  236
17  53.0  448
17  43.0  462
17  63.0  366
17  66.0  471
17  61.0  408
17  53.0  253
17  45.0  486
17  60.0  536
17  40.0  234
17  87.0  268
17  54.0  453
17  32.0  457
17  40.0  315
17  23.0  378
17  39.0  419
17  76.0  179
17  84.0  232
17  37.0  290
17  60.0  353
17  36.0  462
17  62.0  334
17  52.0  427
17  51.0  502
17  72.0  313
17  32.0  388
17  30.0  390
17  27.0  374
17  45.0  588
17  52.0  451
17  62.0  476
17  58.0  384
17  63.0  437
17  44.0  341
17  55.0  433
17  66.0  474
17  73.0  301
17  26.0  383
17  75.0  372
17  66.0  258
17  70.0  376
17  44.0  369
17  87.0  216
17  37.0  504
17  35.0  462
17  31.0  437
17  50.0  494
17  50.0  403
17  75.0  270
17  69.0  301
17  62.0  451
17  39.0  705
17  54.0  357
17  44.0  582
17  36.0  308
17  56.0  400
17  35.0  264
17  65.0  398
17  56.0  336
17  67.0  192
17  73.0  342
17  41.0  412
17  54.0  275
17  47.0  421
17  45.0  276
17  61.0  392
17  31.0  430
17  60.0  273
17  76.0  301
18  23.0  422
18  71.0  332
18  40.0  429
18  33.0  490
18  64.0  234
18  72.0  361
18  77.0  347
18  38.0  357
18  49.0  476
18  53.0  490
18  51.0  469
18  54.0  478
18  65.0  422
18  72.0  175
18  33.0  450
18  71.0  143
18  56.0  279
18  73.0  273
18  39.0  506
18  66.0  381
18  63.0  390
18  54.0  410
18  56.0  408
18  47.0  464
18  54.0  340
18  53.0  435
18  40.0  368
18  54.0  389
18  34.0  486
18  45.0  627
18  53.0  340
18  44.0  397
18  51.0  361
18  56.0  401
18  44.0  358
18  40.0  503
18  64.0  367
18  34.0  445
18  52.0  314
18  70.0  361
18  22.0  214
18  58.0  409
18  23.0  486
18  78.0  246
18  84.0  335
18  80.0  259
18  56.0  472
18  68.0  187
18  51.0  479
18  85.0  143
18  35.0  258
18  58.0  368
18  40.0  473
18  30.0  420
18  35.0  382
18  73.0  289
18  45.0  401
18  43.0  346
18  60.0  263
18  51.0  294
18  35.0  378
18  56.0  300
18  64.0  370
18  50.0  271
18  61.0  367
18  39.0  365
18  97.0  241
18  59.0  160
18  34.0  211
18  69.0  277
18  30.0  441
18  62.0  148
18  56.0  376
18  51.0  510
18  75.0  337
18  45.0  364
18  78.0  348
18  58.0  310
18  42.0  324
18  70.0  281
18  61.0  460
18  55.0  471
18  38.0  629
18  38.0  219
18  43.0  488
18  58.0  375
18  29.0  361
18  84.0  247
18  48.0  484
18  68.0  404
18  39.0  484
18  61.0  369
18  56.0  368
18  55.0  392
18  68.0  326
18  62.0  307
18  44.0  561
18  56.0  295
18  66.0  373
18  75.0  186
19  67.0  377
19  61.0  364
19  63.0  396
19  66.0  290
19  56.0  277
19  78.0  340
19  45.0  326
19  48.0  235
19  78.0  306
19  41.0  507
19  24.0  459
19  46.0  563
19  68.0  224
19  49.0  452
19  45.0  371
19  46.0  266
19  65.0  410
19  47.0  197
19  76.0  345
19  56.0  397
19  51.0  414
19  51.0  378
19  42.0  485
19  56.0  339
19  61.0  428
19  64.0  381
19  41.0  329
19  52.0  402
19  48.0  211
19  65.0  352
19  64.0  325
19  50.0  226
19  59.0  480
19  49.0  185
19  41.0  290
19  46.0  397
19  28.0  365
19  63.0  203
19  70.0  289
19  30.0  307
19  36.0  552
19  71.0  396
19  50.0  506
19  59.0  365
19  67.0  272
19  51.0  385
19  51.0  409
19  44.0  346
19  61.0  256
19  73.0  290
19  39.0  428
19  55.0  381
19  72.0  342
19  56.0  219
19  67.0  289
19  35.0  448
19  40.0  353
19  63.0  189
19  63.0  410
19  43.0  435
19  48.0  395
19  54.0  392
19  53.0  413
19  56.0  373
19  44.0  321
19  71.0  273
19  62.0  459
19  77.0  247
19  51.0  483
19  50.0  188
19  41.0  384
19  64.0  342
19  74.0  253
19  43.0  310
19  40.0  337
19  57.0  263
19  69.0  338
19  52.0  424
19  56.0  307
19  56.0  336
19  52.0  444
19  51.0  392
19  26.0  536
19  40.0  334
19  41.0  580
19  39.0  465
19  62.0  378
19  50.0  432
19  54.0  380
19  55.0  385
19  50.0  402
19  51.0  186
19  60.0  403
19  48.0  333
19  41.0  304
19  24.0  269
19  52.0  306
19  55.0  243
19  62.0  291
19  36.0  285
20  37.0  471
20  66.0  235
20  47.0  392
20  23.0  469
20  46.0  259
20  46.0  349
20  40.0  501
20  32.0  205
20  48.0  491
20  48.0  464
20  63.0  275
20  54.0  405
20  64.0  356
20  39.0  352
20  67.0  403
20  59.0  361
20  64.0  399
20  48.0  244
20  44.0  281
20  47.0  331
20  28.0  459
20  36.0  357
20  63.0  199
20  68.0  205
20  65.0  283
20  61.0  265
20  65.0  483
20  71.0  372
20  67.0  456
20  70.0  277
20  42.0  453
20  44.0  369
20  39.0  370
20  50.0  519
20  71.0  212
20  58.0  396
20  59.0  320
20  60.0  363
20  44.0  474
20  65.0  448
20  66.0  291
20  67.0  353
20  85.0  218
20  81.0  255
20  44.0  345
20  57.0  310
20  51.0  420
20  44.0  426
20  63.0  339
20  77.0  280
20  64.0  361
20  67.0  242
20  67.0  404
20  77.0  327
20  69.0  239
20  37.0  500
20  25.0  562
20  65.0  384
20  41.0  363
20  61.0  325
20  34.0  235
20  30.0  367
20  39.0  342
20  64.0  286
20  95.0  248
20  50.0  412
20  49.0  211
20  33.0  486
20  37.0  355
20  45.0  397
20  71.0  177
20  83.0  226
20  68.0  396
20  62.0  213
20  18.0  636
20  47.0  386
20  73.0  400
20  33.0  511
20  63.0  275
20  65.0  316
20  61.0  254
20  64.0  325
20  52.0  370
20  35.0  387
20  43.0  393
20  53.0  489
20  73.0  354
20  82.0  233
20  48.0  322
20  37.0  524
20  81.0  341
20  61.0  336
20  61.0  407
20  55.0  327
20  56.0  411
20  38.0  500
20  36.0  394
20  36.0  434
20  70.0  312
20  50.0  416
