0  75.0  740.0
0  46.0  583.0
0  50.0  721.0
0  60.0  835.0
0  36.0  727.0
0  69.0  598.0
0  23.0  372.0
0  19.0  410.0
0  65.0  911.0
0  40.0  545.0
0  30.0  621.0
0  50.0  666.0
0  44.0  731.0
0  57.0  856.0
0  69.0  851.0
0  31.0  464.0
0  39.0  653.0
0  54.0  746.0
0  41.0  488.0
0  6.0  295.0
0  57.0  979.0
0  68.0  597.0
0  75.0  991.0
0  68.0  928.0
0  47.0  467.0
0  43.0  548.0
0  46.0  467.0
0  40.0  579.0
0  49.0  835.0
0  74.0  921.0
0  44.0  617.0
0  58.0  854.0
0  19.0  574.0
0  31.0  692.0
0  15.0  266.0
0  49.0  448.0
0  72.0  835.0
0  35.0  849.0
0  66.0  818.0
0  64.0  769.0
0  51.0  687.0
0  72.0  878.0
0  34.0  673.0
0  62.0  990.0
0  36.0  531.0
0  62.0  765.0
0  59.0  841.0
0  49.0  610.0
0  79.0  889.0
0  25.0  526.0
0  52.0  936.0
0  71.0  994.0
0  36.0  798.0
0  52.0  907.0
0  45.0  740.0
0  72.0  872.0
0  40.0  576.0
0  70.0  747.0
0  42.0  699.0
0  29.0  536.0
0  40.0  697.0
0  63.0  761.0
0  36.0  697.0
0  25.0  618.0
0  39.0  782.0
0  41.0  1007.0
0  43.0  759.0
0  62.0  771.0
0  74.0  911.0
0  63.0  671.0
0  20.0  354.0
0  35.0  674.0
0  71.0  960.0
0  43.0  678.0
0  55.0  913.0
0  54.0  731.0
0  26.0  394.0
0  32.0  750.0
0  35.0  594.0
0  86.0  915.0
0  41.0  553.0
0  49.0  850.0
0  36.0  719.0
0  53.0  803.0
0  52.0  727.0
0  53.0  850.0
0  67.0  882.0
0  30.0  628.0
0  15.0  701.0
0  30.0  425.0
0  47.0  793.0
0  22.0  450.0
0  57.0  802.0
0  60.0  636.0
0  41.0  769.0
0  39.0  697.0
0  40.0  641.0
0  49.0  735.0
0  26.0  573.0
0  53.0  790.0
