1  66.0  3465.0
1  52.0  4906.0
1  15.0  8545.0
1  63.0  3829.0
1  21.0  7966.0
1  73.0  2810.0
1  49.0  5198.0
1  81.0  2065.0
1  54.0  4708.0
1  0.0  10000.0
1  0.0  10000.0
1  38.0  6253.0
1  60.0  4124.0
1  37.0  6328.0
1  99.0  109.0
1  9.0  9128.0
1  99.0  114.0
1  35.0  6576.0
1  0.0  10000.0
1  68.0  3263.0
1  44.0  5688.0
1  10.0  9021.0
1  11.0  8934.0
1  34.0  6668.0
1  93.0  740.0
1  57.0  4344.0
1  1.0  9905.0
1  0.0  10000.0
1  91.0  989.0
1  8.0  9219.0
1  84.0  1691.0
1  90.0  1063.0
1  29.0  7183.0
1  0.0  10000.0
1  0.0  10000.0
1  32.0  6898.0
1  68.0  3200.0
1  81.0  2012.0
1  87.0  1355.0
1  34.0  6706.0
1  100.0  300.0
1  100.0  104.0
1  29.0  7189.0
1  71.0  2930.0
1  58.0  4297.0
1  76.0  2524.0
1  30.0  7067.0
1  80.0  2112.0
1  79.0  2157.0
1  0.0  10000.0
1  71.0  2980.0
1  93.0  748.0
1  0.0  10000.0
1  0.0  10000.0
1  98.0  398.0
1  83.0  1789.0
1  27.0  7381.0
1  80.0  2088.0
1  45.0  5635.0
1  45.0  5641.0
1  94.0  604.0
1  74.0  2810.0
1  42.0  5907.0
1  99.0  124.0
1  100.0  100.0
1  84.0  1693.0
1  0.0  10000.0
1  0.0  10000.0
1  44.0  5695.0
1  87.0  1315.0
1  63.0  3740.0
1  31.0  6931.0
1  53.0  4807.0
1  0.0  10000.0
1  0.0  10000.0
1  59.0  4169.0
1  47.0  5378.0
1  80.0  2162.0
1  15.0  8545.0
1  72.0  2874.0
1  80.0  2211.0
1  95.0  500.0
1  77.0  2329.0
1  77.0  2379.0
1  94.0  820.0
1  75.0  2564.0
1  78.0  2286.0
1  30.0  7087.0
1  0.0  10000.0
1  84.0  1684.0
1  22.0  7845.0
1  71.0  2939.0
1  98.0  204.0
1  71.0  2963.0
1  8.0  9224.0
1  76.0  2429.0
1  48.0  5255.0
1  0.0  10000.0
1  10.0  9030.0
1  41.0  5900.0
2  16.0  8438.0
2  25.0  7550.0
2  45.0  5605.0
2  79.0  2115.0
2  34.0  6672.0
2  63.0  3893.0
2  60.0  4113.0
2  1.0  9902.0
2  1.0  9903.0
2  28.0  7256.0
2  79.0  2198.0
2  76.0  2455.0
2  0.0  10000.0
2  75.0  2578.0
2  71.0  3008.0
2  53.0  4784.0
2  1.0  9902.0
2  1.0  9903.0
2  72.0  2839.0
2  44.0  5641.0
2  91.0  905.0
2  50.0  5117.0
2  9.0  9119.0
2  50.0  5101.0
2  78.0  2268.0
2  9.0  9119.0
2  47.0  5387.0
2  8.0  9226.0
2  100.0  24.0
2  29.0  7186.0
2  38.0  6318.0
2  83.0  1730.0
2  15.0  8545.0
2  67.0  3385.0
2  46.0  5514.0
2  70.0  3064.0
2  59.0  4221.0
2  38.0  6251.0
2  28.0  7257.0
2  16.0  8431.0
2  0.0  10000.0
2  25.0  7551.0
2  0.0  10000.0
2  65.0  3582.0
2  6.0  9412.0
2  18.0  8254.0
2  100.0  41.0
2  10.0  9030.0
2  12.0  8836.0
2  47.0  5349.0
2  28.0  7258.0
2  77.0  2475.0
2  52.0  4907.0
2  0.0  10000.0
2  53.0  4810.0
2  94.0  610.0
2  39.0  6202.0
2  88.0  1222.0
2  96.0  410.0
2  91.0  991.0
2  63.0  3819.0
2  75.0  2575.0
2  56.0  4453.0
2  0.0  10000.0
2  0.0  10000.0
2  28.0  7237.0
2  64.0  3706.0
2  47.0  5383.0
2  6.0  9406.0
2  75.0  2652.0
2  55.0  4580.0
2  92.0  887.0
2  63.0  3772.0
2  46.0  5512.0
2  58.0  4245.0
2  100.0  99.0
2  18.0  8255.0
2  28.0  7229.0
2  54.0  4676.0
2  63.0  3778.0
2  84.0  1649.0
2  0.0  10000.0
2  71.0  2999.0
2  58.0  4259.0
2  12.0  8822.0
2  11.0  8926.0
2  43.0  5792.0
2  2.0  9807.0
2  77.0  2401.0
2  99.0  209.0
2  86.0  1420.0
2  12.0  8836.0
2  89.0  1154.0
2  39.0  6161.0
2  88.0  1386.0
2  4.0  9612.0
2  0.0  10000.0
2  0.0  10000.0
2  29.0  7162.0
2  92.0  863.0
3  68.0  3241.0
3  72.0  2845.0
3  34.0  6685.0
3  0.0  10000.0
3  95.0  541.0
3  48.0  5295.0
3  79.0  2195.0
3  40.0  6075.0
3  57.0  4401.0
3  22.0  7829.0
3  97.0  323.0
3  43.0  5777.0
3  0.0  10000.0
3  60.0  4078.0
3  16.0  8440.0
3  67.0  3501.0
3  63.0  3759.0
3  85.0  1648.0
3  69.0  3244.0
3  31.0  6974.0
3  63.0  3793.0
3  95.0  555.0
3  8.0  9224.0
3  100.0  200.0
3  32.0  6880.0
3  28.0  7231.0
3  26.0  7468.0
3  22.0  7854.0
3  12.0  8836.0
3  43.0  5782.0
3  9.0  9131.0
3  21.0  7950.0
3  95.0  620.0
3  29.0  7180.0
3  25.0  7519.0
3  60.0  4031.0
3  10.0  9030.0
3  28.0  7255.0
3  75.0  2595.0
3  32.0  6857.0
3  51.0  4966.0
3  48.0  5344.0
3  13.0  8748.0
3  49.0  5174.0
3  20.0  8048.0
3  25.0  7567.0
3  18.0  8244.0
3  74.0  2714.0
3  54.0  4686.0
3  38.0  6291.0
3  89.0  1179.0
3  72.0  2873.0
3  61.0  3968.0
3  81.0  2076.0
3  38.0  6268.0
3  61.0  3929.0
3  10.0  9002.0
3  96.0  409.0
3  27.0  7336.0
3  67.0  3347.0
3  68.0  3266.0
3  18.0  8243.0
3  23.0  7746.0
3  55.0  4665.0
3  43.0  5808.0
3  21.0  7962.0
3  79.0  2277.0
3  68.0  3214.0
3  41.0  5989.0
3  13.0  8739.0
3  35.0  6570.0
3  98.0  507.0
3  55.0  4593.0
3  77.0  2348.0
3  8.0  9210.0
3  100.0  66.0
3  34.0  6656.0
3  28.0  7289.0
3  56.0  4420.0
3  86.0  1572.0
3  35.0  6574.0
3  44.0  5702.0
3  93.0  793.0
3  40.0  6047.0
3  51.0  4980.0
3  7.0  9319.0
3  70.0  3111.0
3  15.0  8545.0
3  31.0  6913.0
3  45.0  5596.0
3  70.0  3106.0
3  35.0  6559.0
3  56.0  4503.0
3  7.0  9319.0
3  6.0  9417.0
3  10.0  9022.0
3  7.0  9314.0
3  27.0  7354.0
3  100.0  109.0
3  8.0  9217.0
4  32.0  6842.0
4  92.0  846.0
4  26.0  7447.0
4  43.0  5786.0
4  60.0  4030.0
4  22.0  7836.0
4  58.0  4255.0
4  92.0  880.0
4  35.0  6605.0
4  37.0  6369.0
4  88.0  1285.0
4  28.0  7267.0
4  48.0  5224.0
4  37.0  6414.0
4  57.0  4365.0
4  85.0  1670.0
4  47.0  5438.0
4  46.0  5413.0
4  11.0  8912.0
4  14.0  8634.0
4  0.0  10000.0
4  23.0  7754.0
4  19.0  8123.0
4  90.0  1000.0
4  53.0  4775.0
4  12.0  8832.0
4  100.0  25.0
4  43.0  5808.0
4  6.0  9412.0
4  16.0  8437.0
4  30.0  7065.0
4  6.0  9415.0
4  72.0  2876.0
4  94.0  623.0
4  14.0  8634.0
4  69.0  3162.0
4  28.0  7240.0
4  53.0  4863.0
4  0.0  10000.0
4  26.0  7477.0
4  86.0  1489.0
4  0.0  10000.0
4  0.0  10000.0
4  12.0  8824.0
4  24.0  7664.0
4  10.0  9021.0
4  81.0  2011.0
4  60.0  4127.0
4  27.0  7378.0
4  52.0  4958.0
4  41.0  5980.0
4  35.0  6583.0
4  26.0  7447.0
4  76.0  2485.0
4  27.0  7371.0
4  32.0  6856.0
4  25.0  7564.0
4  31.0  6937.0
4  74.0  2647.0
4  49.0  5207.0
4  8.0  9208.0
4  60.0  4086.0
4  60.0  4060.0
4  16.0  8436.0
4  60.0  4060.0
4  38.0  6235.0
4  68.0  3363.0
4  21.0  7959.0
4  78.0  2255.0
4  46.0  5461.0
4  61.0  3996.0
4  43.0  5753.0
4  100.0  5.0
4  24.0  7656.0
4  82.0  1822.0
4  48.0  5249.0
4  9.0  9127.0
4  22.0  7844.0
4  87.0  1308.0
4  86.0  1418.0
4  76.0  2400.0
4  26.0  7470.0
4  35.0  6528.0
4  77.0  2302.0
4  49.0  5156.0
4  56.0  4433.0
4  32.0  6871.0
4  74.0  2636.0
4  64.0  3721.0
4  51.0  4971.0
4  55.0  4615.0
4  13.0  8726.0
4  79.0  2162.0
4  100.0  50.0
4  16.0  8431.0
4  25.0  7554.0
4  43.0  5784.0
4  34.0  6687.0
4  91.0  965.0
4  64.0  3680.0
5  39.0  6185.0
5  55.0  4599.0
5  57.0  4432.0
5  29.0  7186.0
5  40.0  6061.0
5  44.0  5664.0
5  62.0  3838.0
5  12.0  8842.0
5  33.0  6774.0
5  34.0  6682.0
5  23.0  7737.0
5  25.0  7557.0
5  30.0  7027.0
5  15.0  8529.0
5  45.0  5512.0
5  33.0  6770.0
5  30.0  7085.0
5  30.0  7079.0
5  53.0  4760.0
5  75.0  2584.0
5  32.0  6868.0
5  11.0  8922.0
5  44.0  5667.0
5  39.0  6196.0
5  36.0  6474.0
5  72.0  2911.0
5  57.0  4333.0
5  27.0  7371.0
5  31.0  6924.0
5  46.0  5454.0
5  0.0  10000.0
5  0.0  10000.0
5  55.0  4604.0
5  12.0  8835.0
5  26.0  7474.0
5  32.0  6896.0
5  19.0  8139.0
5  37.0  6371.0
5  49.0  5171.0
5  85.0  1552.0
5  58.0  4233.0
5  19.0  8152.0
5  46.0  5451.0
5  26.0  7451.0
5  69.0  3165.0
5  17.0  8349.0
5  74.0  2693.0
5  81.0  1956.0
5  63.0  3716.0
5  40.0  6081.0
5  41.0  5989.0
5  54.0  4621.0
5  63.0  3783.0
5  47.0  5394.0
5  33.0  6755.0
5  34.0  6667.0
5  19.0  8148.0
5  24.0  7640.0
5  27.0  7368.0
5  100.0  110.0
5  30.0  7056.0
5  73.0  2802.0
5  9.0  9123.0
5  39.0  6203.0
5  89.0  1290.0
5  1.0  9902.0
5  0.0  10000.0
5  49.0  5145.0
5  50.0  5104.0
5  31.0  6949.0
5  88.0  1230.0
5  26.0  7457.0
5  18.0  8256.0
5  72.0  2919.0
5  22.0  7842.0
5  62.0  3902.0
5  37.0  6396.0
5  50.0  5106.0
5  96.0  594.0
5  47.0  5384.0
5  35.0  6592.0
5  35.0  6562.0
5  56.0  4473.0
5  10.0  9028.0
5  28.0  7259.0
5  75.0  2621.0
5  42.0  5870.0
5  18.0  8241.0
5  100.0  200.0
5  34.0  6672.0
5  21.0  7948.0
5  53.0  4792.0
5  29.0  7171.0
5  64.0  3682.0
5  69.0  3205.0
5  27.0  7383.0
5  73.0  2798.0
5  1.0  9903.0
5  59.0  4178.0
5  2.0  9806.0
6  80.0  2161.0
6  53.0  4733.0
6  35.0  6605.0
6  16.0  8435.0
6  56.0  4497.0
6  46.0  5494.0
6  50.0  5071.0
6  18.0  8237.0
6  28.0  7265.0
6  33.0  6758.0
6  16.0  8440.0
6  45.0  5558.0
6  13.0  8738.0
6  36.0  6492.0
6  97.0  334.0
6  32.0  6828.0
6  60.0  4123.0
6  1.0  9903.0
6  18.0  8265.0
6  61.0  3981.0
6  40.0  6030.0
6  63.0  3759.0
6  57.0  4413.0
6  19.0  8149.0
6  37.0  6396.0
6  25.0  7539.0
6  25.0  7558.0
6  100.0  65.0
6  22.0  7866.0
6  35.0  6581.0
6  43.0  5764.0
6  63.0  3827.0
6  39.0  6118.0
6  30.0  7084.0
6  48.0  5287.0
6  9.0  9127.0
6  17.0  8345.0
6  7.0  9315.0
6  27.0  7338.0
6  30.0  7079.0
6  27.0  7358.0
6  12.0  8815.0
6  88.0  1298.0
6  55.0  4596.0
6  36.0  6488.0
6  84.0  1626.0
6  57.0  4406.0
6  28.0  7274.0
6  68.0  3292.0
6  25.0  7556.0
6  25.0  7559.0
6  11.0  8924.0
6  42.0  5856.0
6  25.0  7568.0
6  62.0  3865.0
6  32.0  6939.0
6  68.0  3305.0
6  85.0  1586.0
6  40.0  6093.0
6  31.0  6939.0
6  15.0  8537.0
6  55.0  4646.0
6  37.0  6412.0
6  35.0  6577.0
6  80.0  2077.0
6  40.0  6089.0
6  28.0  7269.0
6  36.0  6470.0
6  13.0  8704.0
6  76.0  2431.0
6  26.0  7453.0
6  66.0  3426.0
6  16.0  8441.0
6  42.0  5873.0
6  11.0  8931.0
6  43.0  5779.0
6  30.0  7062.0
6  66.0  3470.0
6  31.0  6970.0
6  59.0  4142.0
6  36.0  6492.0
6  47.0  5351.0
6  21.0  7949.0
6  24.0  7666.0
6  14.0  8632.0
6  47.0  5363.0
6  23.0  7766.0
6  36.0  6493.0
6  30.0  7073.0
6  43.0  5751.0
6  74.0  2635.0
6  35.0  6582.0
6  63.0  3714.0
6  23.0  7749.0
6  65.0  3626.0
6  71.0  2981.0
6  38.0  6287.0
6  0.0  10000.0
6  74.0  2749.0
6  4.0  9605.0
