50  11.0  4472.0
50  66.0  1778.0
50  55.0  2259.0
50  42.0  2931.0
50  5.0  4755.0
50  42.0  2938.0
50  6.0  4702.0
50  45.0  2844.0
50  61.0  1962.0
50  0.0  5000.0
50  57.0  2188.0
50  57.0  2207.0
50  0.0  5000.0
50  27.0  3675.0
50  72.0  1466.0
50  50.0  2515.0
50  17.0  4192.0
50  44.0  2836.0
50  11.0  4462.0
50  0.0  5000.0
50  18.0  4101.0
50  8.0  4615.0
50  30.0  3509.0
50  5.0  4764.0
50  0.0  5000.0
50  86.0  711.0
50  8.0  4609.0
50  13.0  4371.0
50  3.0  4854.0
50  4.0  4804.0
50  7.0  4657.0
50  14.0  4342.0
50  14.0  4322.0
50  6.0  4718.0
50  19.0  4090.0
50  74.0  1309.0
50  18.0  4139.0
50  0.0  5000.0
50  2.0  4904.0
50  0.0  5000.0
50  0.0  5000.0
50  62.0  1923.0
50  36.0  3244.0
50  0.0  5000.0
50  0.0  5000.0
50  0.0  5000.0
50  30.0  3536.0
50  0.0  5000.0
50  0.0  5000.0
50  28.0  3646.0
70  80.0  1432.0
70  22.0  5505.0
70  0.0  7000.0
70  65.0  2519.0
70  31.0  4898.0
70  40.0  4281.0
70  47.0  3768.0
70  50.0  3578.0
70  2.0  6866.0
70  32.0  4792.0
70  38.0  4368.0
70  63.0  2665.0
70  4.0  6728.0
70  14.0  6062.0
70  54.0  3238.0
70  42.0  4099.0
70  5.0  6665.0
70  20.0  5652.0
70  33.0  4737.0
70  41.0  4179.0
70  11.0  6261.0
70  11.0  6258.0
70  20.0  5646.0
70  20.0  5601.0
70  19.0  5725.0
70  43.0  4049.0
70  65.0  2477.0
70  31.0  4892.0
70  54.0  3296.0
70  43.0  4025.0
70  20.0  5631.0
70  17.0  5849.0
70  79.0  1518.0
70  3.0  6797.0
70  31.0  4865.0
70  19.0  5677.0
70  83.0  1355.0
70  29.0  5054.0
70  100.0  9.0
70  31.0  4873.0
70  37.0  4495.0
70  10.0  6321.0
70  21.0  5536.0
70  52.0  3465.0
70  4.0  6728.0
70  0.0  7000.0
70  40.0  4287.0
70  15.0  5980.0
70  28.0  5104.0
70  55.0  3236.0
90  41.0  5351.0
90  19.0  7330.0
90  56.0  4016.0
90  42.0  5276.0
90  69.0  2852.0
90  31.0  6264.0
90  67.0  2992.0
90  49.0  4657.0
90  57.0  3994.0
90  32.0  6195.0
90  29.0  6428.0
90  41.0  5387.0
90  26.0  6726.0
90  40.0  5470.0
90  59.0  3723.0
90  54.0  4150.0
90  85.0  1357.0
90  6.0  8476.0
90  97.0  370.0
90  16.0  7602.0
90  23.0  6987.0
90  96.0  559.0
90  69.0  2997.0
90  32.0  6169.0
90  68.0  2953.0
90  78.0  2013.0
90  65.0  3218.0
90  27.0  6576.0
90  85.0  1403.0
90  82.0  1706.0
90  48.0  4785.0
90  21.0  7148.0
90  74.0  2527.0
90  30.0  6365.0
90  53.0  4352.0
90  48.0  4716.0
90  53.0  4341.0
90  38.0  5648.0
90  17.0  7504.0
90  38.0  5636.0
90  5.0  8555.0
90  66.0  3069.0
90  19.0  7330.0
90  17.0  7523.0
90  60.0  3654.0
90  43.0  5208.0
90  65.0  3302.0
90  34.0  5992.0
90  32.0  6177.0
90  9.0  8211.0
110  82.0  2143.0
110  39.0  6793.0
110  0.0  11000.0
110  79.0  2497.0
110  55.0  5044.0
110  77.0  2572.0
110  97.0  460.0
110  81.0  2186.0
110  85.0  1846.0
110  82.0  2071.0
110  14.0  9499.0
110  71.0  3261.0
110  32.0  7570.0
110  26.0  8219.0
110  32.0  7545.0
110  97.0  357.0
110  11.0  9823.0
110  39.0  6760.0
110  86.0  1581.0
110  19.0  8968.0
110  49.0  5757.0
110  45.0  6122.0
110  90.0  1101.0
110  52.0  5366.0
110  45.0  6158.0
110  39.0  6803.0
110  36.0  7129.0
110  57.0  4784.0
110  36.0  7116.0
110  7.0  10247.0
110  64.0  4096.0
110  25.0  8325.0
110  28.0  7945.0
110  29.0  7863.0
110  40.0  6647.0
110  32.0  7577.0
110  32.0  7546.0
110  44.0  6237.0
110  51.0  5442.0
110  50.0  5650.0
110  4.0  10570.0
110  64.0  4140.0
110  90.0  1159.0
110  96.0  440.0
110  32.0  7553.0
110  56.0  4973.0
110  38.0  6915.0
110  79.0  2329.0
110  87.0  1605.0
110  22.0  8637.0
130  8.0  11973.0
130  93.0  1058.0
130  27.0  9571.0
130  46.0  7116.0
130  47.0  6954.0
130  25.0  9819.0
130  89.0  1448.0
130  95.0  690.0
130  57.0  5734.0
130  100.0  22.0
130  47.0  7041.0
130  84.0  2231.0
130  52.0  6334.0
130  47.0  6991.0
130  40.0  7920.0
130  64.0  4783.0
130  40.0  7864.0
130  69.0  4148.0
130  87.0  1759.0
130  53.0  6196.0
130  57.0  5658.0
130  62.0  5053.0
130  62.0  5079.0
130  55.0  6007.0
130  68.0  4277.0
130  42.0  7595.0
130  18.0  10714.0
130  78.0  2952.0
130  47.0  7032.0
130  51.0  6475.0
130  8.0  11978.0
130  27.0  9567.0
130  34.0  8650.0
130  65.0  4635.0
130  13.0  11336.0
130  49.0  6684.0
130  32.0  8924.0
130  74.0  3480.0
130  92.0  1108.0
130  12.0  11476.0
130  78.0  2942.0
130  70.0  3953.0
130  71.0  3812.0
130  56.0  5832.0
130  55.0  5932.0
130  55.0  5894.0
130  71.0  3871.0
130  26.0  9700.0
130  47.0  7001.0
130  100.0  200.0
150  52.0  7296.0
150  87.0  2088.0
150  60.0  6143.0
150  72.0  4361.0
150  47.0  8069.0
150  82.0  2827.0
150  97.0  552.0
150  39.0  9234.0
150  38.0  9401.0
150  59.0  6263.0
150  18.0  12357.0
150  100.0  207.0
150  56.0  6765.0
150  66.0  5199.0
150  41.0  8945.0
150  81.0  2992.0
150  46.0  8239.0
150  90.0  1647.0
150  83.0  2762.0
150  51.0  7423.0
150  88.0  1823.0
150  40.0  9085.0
150  32.0  10296.0
150  89.0  1727.0
150  100.0  148.0
150  82.0  2701.0
150  42.0  8793.0
150  63.0  5693.0
150  51.0  7450.0
150  40.0  9120.0
150  68.0  4955.0
150  83.0  2564.0
150  52.0  7333.0
150  4.0  14415.0
150  76.0  3739.0
150  37.0  9527.0
150  0.0  15000.0
150  37.0  9547.0
150  100.0  300.0
150  60.0  6170.0
150  28.0  10878.0
150  82.0  2754.0
150  69.0  4752.0
150  91.0  1378.0
150  100.0  87.0
150  31.0  10405.0
150  52.0  7280.0
150  27.0  10990.0
150  94.0  1091.0
150  91.0  1438.0
170  60.0  6982.0
170  67.0  5814.0
170  56.0  7616.0
170  64.0  6316.0
170  100.0  18.0
170  57.0  7449.0
170  91.0  1680.0
170  91.0  1620.0
170  77.0  4056.0
170  73.0  4639.0
170  71.0  5085.0
170  98.0  479.0
170  50.0  8642.0
170  89.0  2067.0
170  57.0  7480.0
170  58.0  7235.0
170  68.0  5572.0
170  45.0  9459.0
170  82.0  3164.0
170  97.0  527.0
170  78.0  3933.0
170  86.0  2516.0
170  89.0  1897.0
170  74.0  4587.0
170  72.0  4866.0
170  54.0  7920.0
170  87.0  2399.0
170  90.0  1909.0
170  28.0  12300.0
170  57.0  7464.0
170  89.0  2069.0
170  69.0  5426.0
170  100.0  155.0
170  96.0  887.0
170  69.0  5420.0
170  65.0  6098.0
170  88.0  2154.0
170  91.0  1726.0
170  39.0  10480.0
170  85.0  2683.0
170  57.0  7443.0
170  37.0  10775.0
170  39.0  10473.0
170  63.0  6411.0
170  88.0  2159.0
170  100.0  162.0
170  72.0  4941.0
170  66.0  5916.0
170  23.0  13151.0
170  91.0  1632.0
190  100.0  147.0
190  88.0  2336.0
190  100.0  37.0
190  59.0  7956.0
190  100.0  131.0
190  60.0  7781.0
190  62.0  7337.0
190  96.0  859.0
190  27.0  13946.0
190  95.0  1106.0
190  55.0  8720.0
190  42.0  11134.0
190  43.0  10956.0
190  90.0  2041.0
190  97.0  587.0
190  50.0  9659.0
190  98.0  600.0
190  90.0  2082.0
190  45.0  10593.0
190  65.0  6845.0
190  99.0  206.0
190  90.0  2055.0
190  45.0  10577.0
190  70.0  5749.0
190  94.0  1261.0
190  98.0  418.0
190  78.0  4344.0
190  62.0  7341.0
190  80.0  3962.0
190  95.0  1147.0
190  68.0  6231.0
190  92.0  1665.0
190  27.0  13951.0
190  86.0  2817.0
190  84.0  3217.0
190  77.0  4458.0
190  99.0  491.0
190  84.0  3278.0
190  99.0  364.0
190  87.0  2731.0
190  75.0  4799.0
190  95.0  1003.0
190  60.0  7725.0
190  96.0  843.0
190  65.0  6802.0
190  50.0  9617.0
190  56.0  8487.0
190  69.0  6050.0
190  15.0  16180.0
190  36.0  12265.0
210  85.0  3399.0
210  61.0  8338.0
210  93.0  1607.0
210  96.0  1040.0
210  81.0  4186.0
210  89.0  2498.0
210  100.0  209.0
210  77.0  5067.0
210  95.0  1124.0
210  89.0  2442.0
210  31.0  14583.0
210  99.0  339.0
210  79.0  4651.0
210  57.0  9201.0
210  95.0  1191.0
210  95.0  1178.0
210  84.0  3456.0
210  81.0  4273.0
210  63.0  7925.0
210  96.0  995.0
210  80.0  4308.0
210  52.0  10168.0
210  79.0  4578.0
210  94.0  1265.0
210  75.0  5393.0
210  69.0  6653.0
210  90.0  2275.0
210  87.0  2787.0
210  94.0  1406.0
210  95.0  1258.0
210  79.0  4598.0
210  65.0  7522.0
210  61.0  8380.0
210  93.0  1474.0
210  82.0  3913.0
210  95.0  1113.0
210  90.0  2194.0
210  97.0  838.0
210  77.0  5061.0
210  92.0  1719.0
210  92.0  1856.0
210  97.0  757.0
210  84.0  3516.0
210  77.0  4950.0
210  61.0  8311.0
210  76.0  5210.0
210  82.0  3965.0
210  83.0  3730.0
210  89.0  2407.0
210  80.0  4374.0
230  76.0  5710.0
230  86.0  3481.0
230  83.0  4102.0
230  98.0  592.0
230  100.0  54.0
230  75.0  5853.0
230  79.0  5035.0
230  74.0  6151.0
230  96.0  1088.0
230  55.0  10519.0
230  93.0  1706.0
230  82.0  4327.0
230  98.0  639.0
230  81.0  4592.0
230  79.0  4946.0
230  81.0  4497.0
230  93.0  1714.0
230  82.0  4223.0
230  92.0  1961.0
230  92.0  1994.0
230  83.0  4061.0
230  69.0  7277.0
230  53.0  10913.0
230  58.0  9801.0
230  71.0  6837.0
230  68.0  7548.0
230  100.0  109.0
230  85.0  3677.0
230  94.0  1480.0
230  100.0  29.0
230  94.0  1505.0
230  96.0  1037.0
230  67.0  7734.0
230  73.0  6363.0
230  96.0  970.0
230  53.0  10973.0
230  100.0  105.0
230  72.0  6598.0
230  64.0  8472.0
230  100.0  205.0
230  79.0  4975.0
230  85.0  3584.0
230  89.0  2733.0
230  99.0  352.0
230  92.0  1979.0
230  91.0  2290.0
230  77.0  5363.0
230  35.0  15053.0
230  64.0  8441.0
230  100.0  37.0
250  80.0  5194.0
250  76.0  6174.0
250  30.0  17586.0
250  92.0  2186.0
250  100.0  112.0
250  61.0  9876.0
250  75.0  6392.0
250  97.0  822.0
250  72.0  7091.0
250  89.0  3017.0
250  56.0  11133.0
250  99.0  363.0
250  88.0  3122.0
250  96.0  1154.0
250  77.0  5995.0
250  90.0  2634.0
250  56.0  11172.0
250  93.0  1995.0
250  84.0  4118.0
250  36.0  16109.0
250  93.0  1918.0
250  88.0  3210.0
250  81.0  4942.0
250  87.0  3454.0
250  81.0  4905.0
250  44.0  14112.0
250  68.0  8205.0
250  88.0  3258.0
250  100.0  83.0
250  66.0  8710.0
250  100.0  126.0
250  94.0  1689.0
250  98.0  650.0
250  78.0  5727.0
250  76.0  6122.0
250  90.0  2603.0
250  100.0  247.0
250  100.0  189.0
250  82.0  4617.0
250  85.0  3921.0
250  85.0  3978.0
250  76.0  6168.0
250  79.0  5411.0
250  100.0  101.0
250  64.0  9158.0
250  100.0  168.0
250  81.0  4935.0
250  96.0  1239.0
250  65.0  8910.0
250  100.0  205.0
270  92.0  2449.0
270  96.0  1259.0
270  100.0  151.0
270  99.0  488.0
270  97.0  1036.0
270  85.0  4239.0
270  99.0  468.0
270  94.0  1840.0
270  98.0  676.0
270  90.0  2927.0
270  35.0  17648.0
270  100.0  300.0
270  88.0  3439.0
270  100.0  98.0
270  84.0  4539.0
270  68.0  8846.0
270  86.0  3913.0
270  94.0  1824.0
270  93.0  2110.0
270  100.0  185.0
270  100.0  131.0
270  89.0  3187.0
270  84.0  4470.0
270  99.0  384.0
270  100.0  106.0
270  63.0  10160.0
270  97.0  922.0
270  88.0  3490.0
270  92.0  2228.0
270  94.0  1835.0
270  98.0  716.0
270  95.0  1540.0
270  71.0  8008.0
270  86.0  3900.0
270  99.0  489.0
270  92.0  2322.0
270  68.0  8748.0
270  100.0  300.0
270  94.0  1884.0
270  100.0  308.0
270  84.0  4434.0
270  100.0  286.0
270  93.0  2023.0
270  95.0  1579.0
270  81.0  5363.0
270  100.0  80.0
270  76.0  6714.0
270  95.0  1568.0
270  96.0  1275.0
270  100.0  193.0
290  91.0  2804.0
290  100.0  29.0
290  91.0  2806.0
290  94.0  1978.0
290  96.0  1401.0
290  100.0  250.0
290  93.0  2237.0
290  99.0  501.0
290  99.0  314.0
290  89.0  3277.0
290  96.0  1355.0
290  93.0  2235.0
290  100.0  300.0
290  93.0  2214.0
290  100.0  119.0
290  92.0  2598.0
290  98.0  783.0
290  100.0  200.0
290  99.0  533.0
290  99.0  551.0
290  94.0  1947.0
290  91.0  2843.0
290  82.0  5387.0
290  100.0  200.0
290  95.0  1657.0
290  100.0  300.0
290  90.0  3122.0
290  53.0  13794.0
290  80.0  5989.0
290  93.0  2188.0
290  98.0  699.0
290  38.0  18096.0
290  98.0  726.0
290  83.0  5189.0
290  82.0  5417.0
290  100.0  207.0
290  100.0  225.0
290  100.0  128.0
290  87.0  3951.0
290  99.0  388.0
290  93.0  2259.0
290  97.0  976.0
290  100.0  74.0
290  83.0  5080.0
290  73.0  7910.0
290  90.0  2987.0
290  97.0  1103.0
290  92.0  2504.0
290  100.0  200.0
290  100.0  75.0
310  90.0  3257.0
310  100.0  134.0
310  81.0  6103.0
310  96.0  1424.0
310  99.0  444.0
310  99.0  454.0
310  100.0  128.0
310  98.0  905.0
310  88.0  3847.0
310  92.0  2686.0
310  93.0  2362.0
310  91.0  3016.0
310  93.0  2319.0
310  98.0  824.0
310  83.0  5487.0
310  100.0  180.0
310  85.0  4857.0
310  85.0  4738.0
310  95.0  1682.0
310  90.0  3138.0
310  96.0  1377.0
310  100.0  203.0
310  89.0  3677.0
310  97.0  1086.0
310  89.0  3674.0
310  67.0  10400.0
310  97.0  1191.0
310  97.0  1220.0
310  99.0  525.0
310  100.0  238.0
310  100.0  133.0
310  92.0  2644.0
310  97.0  1040.0
310  98.0  750.0
310  40.0  18753.0
310  94.0  2131.0
310  99.0  519.0
310  96.0  1483.0
310  97.0  1211.0
310  66.0  10720.0
310  95.0  1836.0
310  100.0  200.0
310  100.0  84.0
310  95.0  1736.0
310  90.0  3268.0
310  85.0  4849.0
310  100.0  214.0
310  80.0  6448.0
310  91.0  2963.0
310  100.0  282.0
330  100.0  11.0
330  100.0  191.0
330  100.0  136.0
330  78.0  7510.0
330  100.0  229.0
330  100.0  219.0
330  97.0  1094.0
330  100.0  188.0
330  100.0  184.0
330  87.0  4382.0
330  100.0  88.0
330  100.0  103.0
330  60.0  13322.0
330  97.0  1099.0
330  97.0  1072.0
330  100.0  4.0
330  91.0  3188.0
330  86.0  4862.0
330  98.0  887.0
330  95.0  1845.0
330  93.0  2362.0
330  100.0  141.0
330  95.0  1860.0
330  100.0  46.0
330  100.0  300.0
330  99.0  559.0
330  93.0  2577.0
330  98.0  793.0
330  100.0  162.0
330  100.0  238.0
330  97.0  1231.0
330  95.0  1777.0
330  99.0  363.0
330  100.0  133.0
330  100.0  203.0
330  80.0  6818.0
330  100.0  190.0
330  96.0  1444.0
330  100.0  169.0
330  92.0  2827.0
330  100.0  8.0
330  97.0  1191.0
330  93.0  2552.0
330  86.0  4771.0
330  100.0  222.0
330  94.0  2050.0
330  99.0  477.0
330  91.0  3192.0
330  93.0  2475.0
330  84.0  5512.0
350  100.0  12.0
350  100.0  175.0
350  83.0  6114.0
350  83.0  6172.0
350  95.0  1807.0
350  81.0  6828.0
350  77.0  8244.0
350  85.0  5480.0
350  98.0  958.0
350  100.0  228.0
350  93.0  2584.0
350  100.0  300.0
350  65.0  12411.0
350  88.0  4408.0
350  98.0  885.0
350  100.0  103.0
350  97.0  1308.0
350  100.0  300.0
350  92.0  3042.0
350  77.0  8225.0
350  100.0  194.0
350  99.0  373.0
350  100.0  300.0
350  95.0  1873.0
350  94.0  2393.0
350  94.0  2247.0
350  97.0  1293.0
350  100.0  74.0
350  40.0  21100.0
350  82.0  6470.0
350  93.0  2652.0
350  100.0  300.0
350  95.0  2003.0
350  100.0  156.0
350  86.0  4990.0
350  75.0  8959.0
350  100.0  122.0
350  100.0  194.0
350  100.0  239.0
350  88.0  4415.0
350  100.0  300.0
350  100.0  188.0
350  99.0  501.0
350  93.0  2688.0
350  97.0  1307.0
350  96.0  1662.0
350  94.0  2294.0
350  98.0  918.0
350  97.0  1326.0
350  96.0  1554.0
