1  68.0  347
2  27.0  291
3  47.0  493
4  23.0  452
5  34.0  372
6  31.0  537
7  38.0  584
1  55.0  437
2  0.0  181
3  91.0  265
4  71.0  405
5  56.0  578
6  66.0  278
7  70.0  352
1  79.0  314
2  55.0  410
3  29.0  555
4  81.0  332
5  47.0  448
6  30.0  465
7  39.0  492
1  59.0  196
2  60.0  326
3  32.0  537
4  40.0  394
5  22.0  332
6  50.0  485
7  53.0  360
1  30.0  445
2  22.0  290
3  42.0  429
4  74.0  324
5  58.0  420
6  39.0  484
7  20.0  411
1  50.0  359
2  33.0  273
3  51.0  390
4  56.0  399
5  45.0  353
6  47.0  303
7  60.0  405
1  44.0  313
2  41.0  313
3  67.0  420
4  67.0  370
5  46.0  514
6  51.0  488
7  57.0  425
1  41.0  322
2  55.0  522
3  41.0  544
4  37.0  409
5  36.0  398
6  88.0  336
7  67.0  362
1  48.0  356
2  29.0  439
3  61.0  546
4  33.0  345
5  83.0  284
6  27.0  569
7  34.0  529
1  41.0  410
2  77.0  371
3  71.0  304
4  53.0  396
5  36.0  495
6  57.0  408
7  16.0  553
1  73.0  414
2  47.0  518
3  51.0  439
4  61.0  446
5  42.0  438
6  49.0  296
7  42.0  444
1  26.0  291
2  26.0  408
3  31.0  359
4  11.0  127
5  33.0  246
6  44.0  431
7  37.0  566
1  50.0  328
2  76.0  419
3  39.0  331
4  27.0  321
5  11.0  271
6  26.0  243
7  32.0  379
1  35.0  420
2  32.0  394
3  48.0  321
4  25.0  372
5  35.0  255
6  32.0  336
7  32.0  509
1  26.0  309
2  57.0  446
3  31.0  335
4  44.0  360
5  64.0  410
6  29.0  465
7  43.0  354
1  81.0  352
2  71.0  293
3  58.0  312
4  50.0  377
5  41.0  427
6  42.0  441
7  40.0  388
1  70.0  403
2  63.0  372
3  48.0  471
4  53.0  398
5  65.0  404
6  42.0  459
7  39.0  452
1  54.0  429
2  19.0  267
3  61.0  311
4  87.0  297
5  28.0  344
6  58.0  400
7  58.0  425
1  41.0  426
2  11.0  349
3  28.0  351
4  60.0  342
5  35.0  415
6  25.0  551
7  77.0  391
1  63.0  407
2  26.0  425
3  6.0  230
4  55.0  457
5  46.0  353
6  45.0  599
7  25.0  363
1  74.0  346
2  61.0  423
3  48.0  371
4  37.0  442
5  25.0  439
6  41.0  356
7  23.0  400
1  25.0  522
2  47.0  376
3  69.0  380
4  61.0  407
5  51.0  336
6  31.0  430
7  27.0  428
1  89.0  282
2  13.0  382
3  67.0  341
4  40.0  602
5  35.0  339
6  26.0  553
7  44.0  465
1  82.0  346
2  41.0  329
3  62.0  353
4  43.0  332
5  33.0  361
6  24.0  456
7  61.0  373
1  79.0  306
2  64.0  352
3  43.0  427
4  35.0  435
5  28.0  477
6  39.0  415
7  44.0  595
1  71.0  399
2  86.0  312
3  57.0  353
4  38.0  360
5  66.0  431
6  32.0  519
7  17.0  550
1  60.0  422
2  53.0  415
3  66.0  317
4  35.0  491
5  30.0  494
6  17.0  259
7  29.0  443
1  52.0  495
2  51.0  355
3  48.0  424
4  32.0  373
5  46.0  479
6  34.0  432
7  35.0  549
1  16.0  373
2  40.0  242
3  38.0  567
4  54.0  416
5  69.0  376
6  54.0  457
7  27.0  415
1  26.0  409
2  18.0  356
3  73.0  304
4  54.0  469
5  43.0  402
6  23.0  332
7  26.0  358
1  16.0  414
2  35.0  279
3  48.0  491
4  48.0  290
5  68.0  332
6  64.0  305
7  38.0  413
1  25.0  266
2  61.0  643
3  51.0  380
4  41.0  472
5  54.0  323
6  27.0  348
7  40.0  285
1  59.0  363
2  50.0  572
3  51.0  400
4  34.0  465
5  44.0  507
6  66.0  360
7  74.0  356
1  67.0  386
2  66.0  331
3  58.0  339
4  74.0  273
5  30.0  365
6  39.0  495
7  38.0  479
1  18.0  502
2  61.0  437
3  71.0  425
4  74.0  358
5  25.0  439
6  19.0  258
7  23.0  442
1  22.0  606
2  52.0  382
3  29.0  231
4  32.0  343
5  66.0  288
6  56.0  357
7  46.0  561
1  56.0  352
2  48.0  321
3  76.0  313
4  75.0  325
5  40.0  416
6  35.0  463
7  21.0  319
1  52.0  369
2  48.0  393
3  62.0  351
4  36.0  558
5  21.0  315
6  18.0  668
7  17.0  390
1  53.0  505
2  18.0  295
3  50.0  396
4  60.0  482
5  46.0  404
6  31.0  530
7  39.0  488
1  11.0  274
2  33.0  440
3  39.0  626
4  68.0  330
5  45.0  256
6  57.0  527
7  37.0  408
1  49.0  415
2  54.0  345
3  84.0  322
4  46.0  490
5  36.0  429
6  31.0  464
7  51.0  320
1  62.0  387
2  69.0  327
3  52.0  364
4  60.0  391
5  69.0  375
6  28.0  336
7  27.0  507
1  58.0  418
2  24.0  261
3  63.0  396
4  75.0  346
5  52.0  380
6  40.0  215
7  53.0  355
1  39.0  440
2  59.0  480
3  29.0  530
4  29.0  376
5  32.0  546
6  42.0  422
7  68.0  446
1  58.0  516
2  37.0  565
3  71.0  345
4  19.0  370
5  57.0  440
6  28.0  557
7  55.0  416
1  63.0  356
2  57.0  436
3  35.0  381
4  43.0  290
5  50.0  281
6  54.0  418
7  38.0  420
1  25.0  290
2  29.0  296
3  76.0  354
4  55.0  325
5  55.0  296
6  44.0  533
7  50.0  486
1  42.0  435
2  20.0  264
3  44.0  329
4  79.0  349
5  67.0  317
6  32.0  390
7  54.0  438
1  82.0  362
2  52.0  390
3  45.0  366
4  37.0  375
5  64.0  363
6  61.0  473
7  19.0  535
1  51.0  342
2  47.0  277
3  63.0  293
4  56.0  327
5  51.0  456
6  38.0  437
7  47.0  443
1  16.0  456
2  36.0  464
3  47.0  530
4  68.0  433
5  26.0  436
6  42.0  540
7  31.0  335
1  85.0  310
2  65.0  399
3  51.0  441
4  43.0  400
5  20.0  460
6  53.0  377
7  80.0  331
1  94.0  244
2  39.0  346
3  29.0  521
4  68.0  387
5  58.0  376
6  33.0  327
7  54.0  357
1  19.0  265
2  40.0  348
3  43.0  485
4  48.0  454
5  66.0  463
6  67.0  308
7  39.0  450
1  21.0  600
2  51.0  275
3  66.0  398
4  49.0  426
5  48.0  432
6  47.0  460
7  42.0  477
1  56.0  531
2  10.0  347
3  65.0  358
4  25.0  520
5  40.0  392
6  41.0  530
7  49.0  373
1  24.0  355
2  36.0  340
3  53.0  445
4  23.0  334
5  45.0  496
6  68.0  432
7  34.0  527
1  48.0  430
2  62.0  380
3  37.0  517
4  38.0  452
5  57.0  435
6  33.0  413
7  43.0  406
1  30.0  541
2  47.0  238
3  60.0  345
4  55.0  315
5  25.0  253
6  32.0  473
7  26.0  491
1  52.0  377
2  76.0  329
3  30.0  463
4  33.0  449
5  45.0  416
6  22.0  224
7  39.0  460
1  35.0  263
2  45.0  304
3  43.0  419
4  29.0  615
5  22.0  331
6  46.0  382
7  27.0  504
1  38.0  597
2  69.0  407
3  24.0  419
4  45.0  464
5  33.0  459
6  56.0  319
7  86.0  322
1  46.0  347
2  23.0  535
3  45.0  398
4  12.0  320
5  65.0  314
6  29.0  403
7  60.0  404
1  85.0  326
2  39.0  447
3  26.0  387
4  44.0  374
5  41.0  523
6  44.0  515
7  42.0  367
1  11.0  590
2  81.0  360
3  23.0  218
4  44.0  610
5  28.0  316
6  19.0  186
7  7.0  309
1  47.0  524
2  70.0  333
3  57.0  456
4  25.0  454
5  70.0  381
6  27.0  425
7  52.0  541
1  46.0  463
2  15.0  330
3  25.0  266
4  7.0  242
5  65.0  470
6  43.0  560
7  41.0  489
1  36.0  474
2  61.0  465
3  75.0  366
4  51.0  433
5  47.0  425
6  48.0  529
7  40.0  445
1  75.0  365
2  46.0  334
3  44.0  311
4  16.0  403
5  36.0  478
6  59.0  447
7  35.0  331
1  36.0  557
2  68.0  275
3  53.0  386
4  65.0  346
5  21.0  546
6  42.0  503
7  75.0  364
1  67.0  354
2  49.0  375
3  42.0  473
4  30.0  241
5  60.0  402
6  45.0  394
7  29.0  300
1  35.0  487
2  48.0  445
3  57.0  298
4  37.0  399
5  18.0  432
6  73.0  413
7  25.0  457
1  43.0  501
2  31.0  295
3  30.0  482
4  50.0  513
5  71.0  417
6  63.0  355
7  21.0  335
1  53.0  381
2  36.0  293
3  33.0  516
4  54.0  438
5  40.0  421
6  67.0  354
7  36.0  418
1  73.0  311
2  37.0  308
3  53.0  407
4  21.0  290
5  31.0  340
6  31.0  314
7  30.0  319
1  28.0  509
2  53.0  374
3  75.0  313
4  60.0  456
5  44.0  372
6  30.0  611
7  59.0  400
1  23.0  283
2  32.0  203
3  33.0  452
4  71.0  370
5  67.0  269
6  52.0  456
7  35.0  479
1  54.0  446
2  32.0  331
3  50.0  480
4  31.0  516
5  42.0  458
6  54.0  391
7  13.0  475
1  56.0  290
2  73.0  378
3  54.0  456
4  35.0  480
5  45.0  319
6  46.0  355
7  31.0  537
1  55.0  375
2  57.0  264
3  45.0  421
4  44.0  417
5  43.0  348
6  41.0  402
7  51.0  494
1  70.0  363
2  62.0  420
3  42.0  296
4  48.0  426
5  29.0  498
6  50.0  506
7  32.0  370
1  62.0  299
2  38.0  329
3  23.0  198
4  35.0  326
5  44.0  403
6  21.0  454
7  40.0  433
1  75.0  203
2  23.0  293
3  21.0  285
4  64.0  272
5  62.0  466
6  38.0  416
7  22.0  455
1  47.0  345
2  63.0  344
3  21.0  440
4  60.0  522
5  42.0  394
6  12.0  433
7  34.0  551
1  32.0  515
2  69.0  376
3  40.0  518
4  47.0  462
5  29.0  352
6  34.0  461
7  23.0  509
1  52.0  551
2  60.0  428
3  67.0  290
4  31.0  434
5  39.0  375
6  38.0  414
7  44.0  434
1  38.0  374
2  40.0  421
3  27.0  476
4  49.0  309
5  81.0  330
6  49.0  307
7  39.0  457
1  46.0  546
2  17.0  247
3  49.0  446
4  28.0  441
5  38.0  396
6  28.0  304
7  48.0  436
1  72.0  375
2  49.0  397
3  83.0  277
4  44.0  560
5  45.0  403
6  27.0  412
7  28.0  379
1  63.0  352
2  59.0  351
3  28.0  295
4  73.0  371
5  58.0  373
6  39.0  487
7  44.0  213
1  44.0  407
2  29.0  392
3  50.0  284
4  59.0  393
5  48.0  492
6  30.0  459
7  41.0  394
1  43.0  455
2  74.0  296
3  52.0  437
4  41.0  508
5  45.0  441
6  38.0  334
7  14.0  212
1  46.0  381
2  66.0  346
3  43.0  347
4  51.0  365
5  31.0  344
6  61.0  350
7  21.0  635
1  41.0  400
2  33.0  453
3  19.0  276
4  50.0  405
5  50.0  360
6  44.0  518
7  54.0  417
1  44.0  351
2  61.0  374
3  17.0  548
4  64.0  404
5  42.0  568
6  21.0  569
7  50.0  359
1  7.0  337
2  53.0  346
3  83.0  281
4  50.0  433
5  32.0  463
6  41.0  499
7  44.0  609
1  48.0  516
2  39.0  325
3  25.0  492
4  32.0  291
5  40.0  386
6  20.0  506
7  52.0  508
1  15.0  389
2  49.0  421
3  55.0  389
4  46.0  368
5  31.0  496
6  34.0  482
7  28.0  399
1  61.0  324
2  97.0  244
3  27.0  518
4  24.0  345
5  19.0  299
6  78.0  314
7  48.0  380
1  54.0  384
2  13.0  267
3  38.0  321
4  43.0  412
5  69.0  371
6  52.0  381
7  26.0  400
