2  50.0  979
4  26.0  1457
6  36.5  2333
8  49.125  3505
10  38.600000000000001  3858
12  39.75  4033
14  34.0  4641
16  30.125  4925
18  42.944444444444443  5744
20  35.950000000000003  5839
2  57.5  1091
4  49.5  1664
6  32.666666666666664  2208
8  39.625  3129
10  35.0  3804
12  34.25  4223
14  39.571428571428569  4784
16  37.4375  5308
18  36.666666666666664  5890
20  34.75  6025
2  46.5  737
4  29.0  1762
6  41.5  2152
8  41.375  2983
10  42.600000000000001  3992
12  40.333333333333336  4300
14  39.0  4506
16  31.0625  4944
18  35.333333333333336  5798
20  38.350000000000001  6491
2  44.0  773
4  41.25  1828
6  51.166666666666664  2643
8  42.5  3310
10  41.799999999999997  3802
12  36.666666666666664  4257
14  47.142857142857146  5082
16  44.9375  5711
18  36.611111111111114  5982
20  33.200000000000003  5836
2  59.0  761
4  44.0  1857
6  42.333333333333336  2647
8  43.875  3279
10  32.0  3315
12  42.333333333333336  4328
14  44.071428571428569  4967
16  36.5  5333
18  39.722222222222221  5744
20  35.200000000000003  6106
2  40.0  903
4  36.75  1798
6  41.833333333333336  2555
8  32.25  3046
10  46.600000000000001  4018
12  41.166666666666664  4001
14  40.714285714285715  5307
16  44.1875  5776
18  32.5  5597
20  41.0  6120
2  23.0  895
4  30.5  1363
6  42.166666666666664  2476
8  46.75  3170
10  47.299999999999997  3738
12  39.916666666666664  4635
14  38.571428571428569  4963
16  40.25  5511
18  40.722222222222221  5762
20  37.049999999999997  5871
2  64.0  1052
4  34.5  1473
6  50.666666666666664  2663
8  50.125  3218
10  33.200000000000003  3488
12  31.5  4296
14  42.714285714285715  5065
16  42.25  5423
18  37.666666666666664  5719
20  40.850000000000001  6028
2  29.0  744
4  48.5  1704
6  41.833333333333336  2462
8  40.75  3153
10  45.299999999999997  4117
12  45.166666666666664  4677
14  36.428571428571431  4847
16  48.3125  5465
18  45.166666666666664  5825
20  31.699999999999999  5760
2  44.0  984
4  45.25  2001
6  63.666666666666664  2889
8  44.625  3103
10  37.299999999999997  3889
12  41.833333333333336  4369
14  41.357142857142854  4704
16  35.8125  5150
18  38.722222222222221  5528
20  36.899999999999999  5554
2  54.0  935
4  57.5  1975
6  45.166666666666664  2441
8  41.875  3513
10  46.5  3867
12  35.833333333333336  4185
14  49.714285714285715  5309
16  37.6875  5045
18  37.944444444444443  5840
20  37.799999999999997  6276
2  63.5  1035
4  46.25  1809
6  40.166666666666664  2585
8  45.875  3268
10  44.299999999999997  3960
12  50.166666666666664  4920
14  44.5  5038
16  39.375  4802
18  35.333333333333336  5907
20  38.350000000000001  6229
2  55.0  1063
4  50.0  2031
6  37.166666666666664  2563
8  46.875  3208
10  55.399999999999999  4248
12  42.333333333333336  4473
14  33.785714285714285  4390
16  30.375  4737
18  37.611111111111114  5604
20  38.799999999999997  5981
2  41.0  774
4  49.75  1576
6  50.666666666666664  2793
8  47.625  3183
10  50.0  4230
12  38.166666666666664  4313
14  37.714285714285715  5031
16  40.6875  4914
18  44.777777777777779  6082
20  38.899999999999999  6066
2  46.5  905
4  48.0  1965
6  44.5  2418
8  48.375  3398
10  47.100000000000001  4253
12  49.416666666666664  4485
14  41.642857142857146  4914
16  49.5  5591
18  39.611111111111114  5779
20  40.950000000000003  5897
2  38.0  894
4  41.75  1723
6  45.666666666666664  2312
8  35.25  2529
10  42.799999999999997  4035
12  43.916666666666664  5051
14  31.928571428571427  4662
16  41.9375  5578
18  29.333333333333332  5706
20  40.600000000000001  6396
2  47.5  1059
4  37.75  1496
6  42.333333333333336  2665
8  40.75  3184
10  38.5  3565
12  48.166666666666664  4403
14  45.214285714285715  4877
16  32.6875  4722
18  35.444444444444443  5384
20  42.600000000000001  6357
2  59.5  1092
4  60.5  1895
6  39.666666666666664  2444
8  51.0  3280
10  35.5  3597
12  41.5  4474
14  40.0  5037
16  43.125  5419
18  32.833333333333336  5257
20  35.899999999999999  6033
2  51.0  1028
4  43.25  1802
6  55.166666666666664  2716
8  25.5  2635
10  43.899999999999999  3966
12  46.416666666666664  4347
14  43.642857142857146  4847
16  37.875  5295
18  39.888888888888886  5665
20  38.25  6493
2  64.0  1033
4  39.25  1723
6  41.166666666666664  2597
8  34.25  3169
10  47.100000000000001  4007
12  39.166666666666664  4539
14  42.571428571428569  4887
16  38.375  5474
18  42.944444444444443  5785
20  45.399999999999999  6413
2  40.0  1034
4  49.25  1858
6  57.166666666666664  2630
8  52.5  3272
10  40.700000000000003  3544
12  39.5  4379
14  31.714285714285715  4397
16  42.4375  5253
18  37.277777777777779  5371
20  34.5  5720
2  55.0  1012
4  35.5  1554
6  41.0  2391
8  42.875  3257
10  33.799999999999997  3650
12  44.916666666666664  4829
14  40.714285714285715  4722
16  43.375  5540
18  40.444444444444443  5796
20  36.799999999999997  6056
2  53.5  1069
4  38.25  1863
6  47.5  2699
8  51.875  3349
10  37.100000000000001  3994
12  43.25  4554
14  40.071428571428569  5286
16  40.375  5108
18  38.333333333333336  6048
20  35.5  6178
2  36.0  798
4  43.0  1789
6  44.0  2536
8  41.875  3097
10  38.799999999999997  3614
12  34.75  4324
14  46.5  4991
16  36.5625  4955
18  37.166666666666664  5519
20  38.950000000000003  6457
2  33.0  799
4  43.5  1910
6  37.333333333333336  2650
8  47.5  3147
10  37.600000000000001  3784
12  45.083333333333336  4533
14  41.214285714285715  4841
16  42.0  5221
18  33.666666666666664  5881
20  37.350000000000001  6073
2  39.5  866
4  59.75  1805
6  47.5  2555
8  44.625  3064
10  44.600000000000001  3939
12  34.166666666666664  4511
14  37.0  4592
16  43.75  5482
18  41.555555555555557  5952
20  42.149999999999999  6588
2  43.0  1031
4  63.75  1957
6  57.0  2622
8  45.125  3305
10  47.200000000000003  3951
12  45.083333333333336  4472
14  33.428571428571431  4662
16  42.6875  5640
18  40.722222222222221  6086
20  38.0  5802
2  44.5  746
4  53.25  1853
6  48.0  2734
8  44.625  3129
10  37.200000000000003  3763
12  41.333333333333336  4240
14  36.357142857142854  4607
16  41.5  5060
18  31.722222222222221  5179
20  34.0  5899
2  51.0  926
4  37.0  1715
6  36.0  2077
8  48.25  3033
10  33.600000000000001  3568
12  45.25  4304
14  46.714285714285715  4901
16  30.5625  4599
18  38.944444444444443  5574
20  39.299999999999997  6237
2  39.5  732
4  30.75  1625
6  40.5  2603
8  39.625  3024
10  45.799999999999997  4043
12  44.333333333333336  4669
14  42.214285714285715  5180
16  38.75  5532
18  44.555555555555557  5803
20  33.25  6088
2  60.5  964
4  41.25  1564
6  54.5  2685
8  46.0  3157
10  44.399999999999999  3866
12  33.083333333333336  3997
14  37.642857142857146  4731
16  38.5  5777
18  39.5  5587
20  41.299999999999997  6236
2  19.5  746
4  44.75  1723
6  41.5  2653
8  40.25  3131
10  45.299999999999997  4052
12  36.0  4358
14  38.857142857142854  5241
16  48.5  5562
18  42.388888888888886  5911
20  38.450000000000003  5857
2  48.0  910
4  30.0  1640
6  40.5  2604
8  43.625  2955
10  41.600000000000001  3856
12  40.833333333333336  4474
14  40.928571428571431  5216
16  36.3125  5047
18  42.0  5639
20  42.350000000000001  6257
2  58.0  968
4  58.0  1875
6  51.333333333333336  2528
8  36.75  3019
10  39.600000000000001  3551
12  37.333333333333336  4222
14  37.714285714285715  4759
16  44.25  5619
18  35.944444444444443  5354
20  40.049999999999997  6028
2  58.5  1050
4  39.5  1652
6  43.0  2513
8  38.25  2889
10  35.899999999999999  3706
12  46.333333333333336  4631
14  37.714285714285715  5033
16  36.375  5369
18  46.888888888888886  5885
20  33.549999999999997  6424
2  56.5  1070
4  43.75  1735
6  55.0  2722
8  62.25  3444
10  50.5  3954
12  44.666666666666664  4459
14  34.571428571428569  4456
16  38.1875  5297
18  40.777777777777779  6083
20  46.100000000000001  6689
2  24.5  701
4  34.25  1438
6  45.333333333333336  2442
8  63.5  3406
10  44.5  3730
12  44.333333333333336  4561
14  42.714285714285715  5025
16  40.6875  4940
18  45.777777777777779  6141
20  35.5  6031
2  46.0  933
4  43.25  1747
6  43.166666666666664  2478
8  37.0  2988
10  45.700000000000003  4015
12  35.0  3985
14  43.857142857142854  5300
16  39.4375  5224
18  38.5  5649
20  36.799999999999997  5900
2  51.0  960
4  46.25  1805
6  54.666666666666664  2663
8  39.0  3193
10  43.700000000000003  3674
12  37.583333333333336  4360
14  39.428571428571431  4822
16  35.75  5057
18  33.444444444444443  5401
20  35.450000000000003  6397
2  11.0  786
4  45.5  1841
6  39.833333333333336  2605
8  52.125  3070
10  47.5  4267
12  48.666666666666664  4571
14  39.785714285714285  4569
16  45.5  5766
18  40.166666666666664  5760
20  38.549999999999997  6051
2  59.5  934
4  44.0  1831
6  34.333333333333336  2313
8  44.0  3136
10  43.899999999999999  3697
12  48.416666666666664  4627
14  33.0  4619
16  35.375  5235
18  39.277777777777779  5859
20  36.200000000000003  6078
2  81.0  938
4  47.25  1898
6  39.666666666666664  2611
8  47.375  3284
10  36.399999999999999  3606
12  38.583333333333336  4556
14  39.285714285714285  4839
16  43.25  5551
18  39.388888888888886  5776
20  39.200000000000003  6156
2  46.5  1007
4  48.25  1796
6  50.333333333333336  2595
8  41.375  3421
10  49.700000000000003  4174
12  42.833333333333336  4676
14  38.0  5007
16  36.5625  5362
18  39.055555555555557  5599
20  39.850000000000001  6526
2  18.5  784
4  30.5  1904
6  37.833333333333336  2497
8  40.75  3195
10  46.299999999999997  4202
12  44.583333333333336  4533
14  44.714285714285715  4831
16  41.1875  5903
18  39.944444444444443  5893
20  36.049999999999997  5908
2  59.0  994
4  45.0  1654
6  43.833333333333336  2500
8  48.375  3438
10  35.299999999999997  4075
12  33.916666666666664  3950
14  34.642857142857146  4814
16  44.5625  5549
18  33.277777777777779  5821
20  29.850000000000001  5772
2  50.5  1011
4  44.25  1726
6  37.0  2077
8  47.125  3175
10  46.600000000000001  4111
12  41.0  4345
14  42.5  4730
16  37.5625  4991
18  38.666666666666664  5770
20  32.5  5746
2  53.0  1058
4  51.5  1839
6  43.833333333333336  2478
8  54.75  3365
10  53.700000000000003  4212
12  44.75  4737
14  38.071428571428569  4636
16  46.4375  5665
18  32.611111111111114  5361
20  33.899999999999999  5821
2  52.0  901
4  51.75  1907
6  42.333333333333336  2560
8  47.875  3198
10  41.5  4091
12  37.5  4251
14  40.642857142857146  4896
16  40.75  5583
18  37.222222222222221  5623
20  29.949999999999999  5451
2  60.5  1074
4  39.25  1646
6  37.833333333333336  2223
8  42.875  3087
10  48.700000000000003  4190
12  44.416666666666664  4485
14  37.428571428571431  5180
16  32.8125  5031
18  40.722222222222221  6093
20  36.100000000000001  6342
2  49.5  1053
4  91.25  1969
6  34.333333333333336  2306
8  39.875  3076
10  36.299999999999997  4093
12  44.0  4081
14  38.285714285714285  4817
16  41.5625  5266
18  35.277777777777779  5252
20  32.700000000000003  5427
2  60.0  906
4  45.75  2007
6  44.5  2391
8  55.5  3687
10  41.700000000000003  3729
12  46.0  4359
14  44.785714285714285  5096
16  33.4375  5254
18  39.222222222222221  5762
20  34.399999999999999  6170
2  43.5  895
4  35.25  1535
6  49.166666666666664  2551
8  48.25  3537
10  41.0  3627
12  42.25  4394
14  41.928571428571431  4844
16  38.875  5310
18  47.333333333333336  6094
20  38.049999999999997  6163
2  54.5  1024
4  44.25  1788
6  48.166666666666664  2249
8  48.0  3243
10  41.700000000000003  3926
12  36.333333333333336  4369
14  37.714285714285715  4972
16  36.0  5060
18  41.888888888888886  6103
20  41.299999999999997  6398
2  41.5  868
4  27.5  1747
6  47.666666666666664  2552
8  33.875  3123
10  29.100000000000001  3234
12  45.916666666666664  4520
14  45.785714285714285  4982
16  37.5  5396
18  40.666666666666664  5881
20  32.700000000000003  5824
2  31.5  919
4  31.75  1794
6  41.833333333333336  2504
8  40.75  3321
10  37.600000000000001  3693
12  47.083333333333336  4420
14  41.928571428571431  4778
16  40.125  5501
18  37.666666666666664  6395
20  36.899999999999999  5837
2  50.5  1000
4  40.0  1687
6  41.5  2753
8  43.125  3050
10  43.5  3814
12  40.166666666666664  4515
14  34.428571428571431  4646
16  41.75  5370
18  36.611111111111114  5542
20  40.5  5990
2  31.0  843
4  42.0  1707
6  45.333333333333336  2497
8  30.75  2611
10  43.5  3845
12  41.25  4359
14  45.642857142857146  5126
16  39.875  5427
18  36.277777777777779  5485
20  35.549999999999997  5913
2  43.0  831
4  38.25  1504
6  40.0  2359
8  41.875  3249
10  51.799999999999997  4117
12  37.416666666666664  4227
14  44.357142857142854  4677
16  38.875  5212
18  39.555555555555557  5993
20  40.799999999999997  6293
2  36.0  806
4  51.5  1786
6  48.833333333333336  2373
8  37.375  2769
10  42.100000000000001  3581
12  39.416666666666664  4572
14  44.857142857142854  4869
16  38.125  4987
18  37.444444444444443  5820
20  40.25  5939
2  46.5  915
4  40.0  2051
6  40.0  2589
8  33.625  2828
10  39.299999999999997  3812
12  44.333333333333336  4091
14  41.0  4941
16  45.375  5770
18  38.055555555555557  5688
20  38.850000000000001  6099
2  62.0  1037
4  41.75  1901
6  56.833333333333336  2933
8  47.375  3221
10  36.600000000000001  3527
12  32.666666666666664  3913
14  39.071428571428569  4857
16  40.5  5480
18  40.166666666666664  5937
20  39.799999999999997  6355
2  47.0  825
4  40.5  1883
6  44.166666666666664  2704
8  49.75  3045
10  53.200000000000003  4349
12  38.75  4116
14  42.285714285714285  4985
16  34.75  4814
18  42.055555555555557  5722
20  41.649999999999999  6232
2  57.5  1042
4  55.75  1933
6  38.0  2604
8  46.375  3412
10  35.600000000000001  3640
12  33.583333333333336  4203
14  36.357142857142854  4529
16  40.6875  5138
18  42.0  5734
20  38.899999999999999  6390
2  31.0  941
4  54.0  1982
6  38.5  2631
8  39.75  3116
10  36.899999999999999  3374
12  42.583333333333336  4783
14  41.214285714285715  4587
16  42.125  5506
18  44.0  6043
20  32.049999999999997  5183
2  65.5  1001
4  54.5  1896
6  43.0  2358
8  48.75  3215
10  35.899999999999999  3455
12  43.166666666666664  4369
14  49.285714285714285  4850
16  42.6875  5692
18  41.611111111111114  5544
20  39.549999999999997  6104
2  55.0  1028
4  35.0  1550
6  36.833333333333336  2643
8  41.0  3176
10  40.399999999999999  3481
12  35.833333333333336  4112
14  46.785714285714285  4711
16  37.0625  5335
18  36.555555555555557  5391
20  35.100000000000001  6202
2  56.0  926
4  43.5  1969
6  58.333333333333336  2835
8  53.375  3292
10  38.899999999999999  4076
12  36.5  4102
14  40.428571428571431  5095
16  30.6875  5089
18  41.444444444444443  5953
20  42.299999999999997  6730
2  67.0  936
4  53.75  1930
6  53.833333333333336  2521
8  44.625  3306
10  34.0  3209
12  38.25  4502
14  36.357142857142854  4238
16  42.6875  5842
18  40.277777777777779  6047
20  37.950000000000003  5962
2  49.0  928
4  35.0  1625
6  64.666666666666671  2947
8  49.125  3148
10  42.899999999999999  3804
12  39.5  4110
14  43.0  5303
16  39.75  5081
18  38.333333333333336  5954
20  34.549999999999997  6001
2  43.0  994
4  36.0  1694
6  47.0  2601
8  40.0  3180
10  35.399999999999999  4138
12  42.833333333333336  4438
14  41.0  4729
16  44.5625  5598
18  39.555555555555557  6154
20  36.299999999999997  5781
2  61.5  1000
4  39.75  1705
6  43.333333333333336  2696
8  39.875  3173
10  43.700000000000003  3781
12  35.583333333333336  4210
14  36.071428571428569  4944
16  42.75  5650
18  42.333333333333336  6250
20  32.700000000000003  5724
2  47.0  979
4  54.0  1615
6  32.666666666666664  2078
8  43.75  3552
10  39.5  3985
12  41.916666666666664  4294
14  39.285714285714285  4731
16  44.8125  5880
18  40.055555555555557  5738
20  37.799999999999997  6342
2  43.5  899
4  36.75  1664
6  44.333333333333336  2619
8  52.625  3668
10  44.0  4280
12  46.75  4832
14  43.642857142857146  5067
16  40.4375  5251
18  31.277777777777779  5620
20  39.5  6214
2  39.0  800
4  47.75  1586
6  57.333333333333336  2658
8  46.375  3359
10  50.700000000000003  4048
12  39.083333333333336  4098
14  43.285714285714285  5254
16  42.875  5779
18  34.388888888888886  5255
20  45.0  6482
2  50.0  795
4  38.25  1711
6  27.833333333333332  2371
8  36.625  3137
10  32.899999999999999  3733
12  39.333333333333336  4238
14  39.142857142857146  4856
16  43.875  5482
18  42.777777777777779  6186
20  43.75  6708
2  55.0  887
4  50.75  2086
6  44.166666666666664  2413
8  43.875  3357
10  41.0  3874
12  76.916666666666671  4702
14  42.642857142857146  5143
16  46.75  5455
18  36.277777777777779  5533
20  42.25  6182
2  33.0  736
4  48.75  1925
6  38.833333333333336  2488
8  33.375  2899
10  45.399999999999999  4078
12  32.75  3910
14  41.0  4633
16  40.875  5309
18  36.388888888888886  5851
20  35.75  5558
2  54.0  942
4  39.25  1889
6  27.166666666666668  2067
8  35.625  3230
10  41.200000000000003  3721
12  44.25  4340
14  43.642857142857146  4907
16  34.8125  5224
18  37.055555555555557  5894
20  36.25  6113
2  60.5  1032
4  54.0  1924
6  35.333333333333336  2505
8  41.875  3231
10  44.5  3798
12  40.333333333333336  4123
14  51.928571428571431  5595
16  41.625  5464
18  35.777777777777779  5468
20  37.450000000000003  6300
2  25.0  858
4  37.5  1688
6  47.833333333333336  2699
8  44.0  3014
10  49.299999999999997  4009
12  49.166666666666664  4634
14  39.357142857142854  4896
16  34.25  5118
18  35.833333333333336  5797
20  40.25  5973
2  52.0  914
4  35.5  1376
6  43.333333333333336  2405
8  41.0  3437
10  39.899999999999999  3669
12  37.5  4259
14  41.571428571428569  4573
16  32.25  4992
18  34.111111111111114  5815
20  36.0  5884
2  54.5  1027
4  53.25  1959
6  47.833333333333336  2599
8  48.0  3563
10  43.899999999999999  3980
12  44.833333333333336  4507
14  42.642857142857146  5298
16  40.375  5288
18  42.0  6145
20  37.75  5865
2  42.0  927
4  70.0  1925
6  48.333333333333336  2463
8  35.25  3051
10  43.399999999999999  3776
12  41.916666666666664  4374
14  41.357142857142854  4826
16  43.5  5140
18  41.388888888888886  5522
20  43.600000000000001  6183
2  50.5  911
4  34.25  1446
6  34.0  2233
8  43.75  3399
10  42.200000000000003  3515
12  48.5  4718
14  39.785714285714285  4490
16  44.5  5698
18  42.0  5898
20  37.75  6215
2  50.0  1026
4  40.75  1516
6  51.166666666666664  2799
8  42.5  3517
10  41.399999999999999  3971
12  40.166666666666664  4463
14  40.857142857142854  5124
16  44.8125  5722
18  37.5  5412
20  37.799999999999997  5922
2  62.0  1004
4  34.0  1546
6  51.666666666666664  2612
8  39.625  3054
10  46.899999999999999  3537
12  41.75  4514
14  35.142857142857146  4501
16  36.6875  5035
18  43.666666666666664  5938
20  45.450000000000003  6540
2  43.0  864
4  34.5  1740
6  40.333333333333336  2516
8  41.125  3380
10  41.799999999999997  3780
12  35.166666666666664  4335
14  45.571428571428569  5096
16  35.9375  5314
18  46.444444444444443  6013
20  37.450000000000003  5978
2  58.0  935
4  20.5  1443
6  42.833333333333336  2430
8  47.25  3357
10  38.799999999999997  3586
12  45.0  4354
14  41.642857142857146  5044
16  36.5625  5423
18  32.444444444444443  5426
20  38.299999999999997  6123
2  47.0  854
4  54.25  1991
6  41.0  2610
8  52.625  3739
10  38.399999999999999  3634
12  37.75  4337
14  47.571428571428569  5482
16  32.625  4914
18  36.888888888888886  5684
20  39.200000000000003  6402
2  39.5  999
4  52.75  1912
6  38.833333333333336  2453
8  30.625  2833
10  46.0  3990
12  33.0  3826
14  43.0  4892
16  38.0  5346
18  41.722222222222221  5874
20  40.950000000000003  6293
2  36.5  974
4  43.5  1918
6  44.666666666666664  2184
8  37.0  3195
10  45.100000000000001  3939
12  47.666666666666664  4826
14  41.714285714285715  4665
16  36.4375  5515
18  39.888888888888886  5495
20  41.399999999999999  6489
2  28.5  929
4  48.25  1961
6  43.666666666666664  2556
8  40.625  3432
10  45.799999999999997  3854
12  43.583333333333336  4460
14  42.428571428571431  4544
16  40.1875  5658
18  42.277777777777779  5859
20  41.200000000000003  6377
2  47.5  908
4  42.75  1784
6  45.666666666666664  2358
8  39.125  3180
10  37.0  3800
12  43.916666666666664  4661
14  38.285714285714285  4740
16  36.5625  5272
18  36.0  5180
20  34.25  5932
2  65.5  1005
4  52.5  1761
6  45.666666666666664  2548
8  53.25  3378
10  40.5  3907
12  33.416666666666664  4221
14  37.928571428571431  4822
16  43.4375  5191
18  42.777777777777779  6030
20  33.799999999999997  5620
2  31.0  880
4  29.0  1530
6  40.5  2756
8  47.0  3473
10  34.0  3536
12  45.75  4833
14  45.428571428571431  5296
16  41.625  5171
18  38.277777777777779  5350
20  36.600000000000001  6179
2  32.0  862
4  31.25  1249
6  43.333333333333336  2635
8  39.375  3197
10  41.5  4104
12  38.25  4562
14  42.285714285714285  5354
16  35.0  5015
18  38.611111111111114  5783
20  36.299999999999997  5936
2  59.0  1058
4  42.25  1639
6  36.166666666666664  2390
8  47.375  3138
10  42.0  3961
12  44.666666666666664  4490
14  37.5  4609
16  42.9375  5269
18  32.5  5111
20  33.25  6328
2  25.5  826
4  55.25  1994
6  39.333333333333336  2596
8  39.5  3014
10  33.399999999999999  3399
12  36.25  4211
14  42.071428571428569  5003
16  31.8125  5120
18  42.388888888888886  5909
20  37.0  5719
2  43.0  784
4  49.5  1933
6  35.5  2327
8  46.625  3545
10  33.600000000000001  3981
12  41.833333333333336  4180
14  47.428571428571431  5153
16  31.25  5083
18  36.666666666666664  5973
20  33.450000000000003  5477
2  30.5  807
4  41.5  1841
6  37.5  2267
8  25.625  2222
10  50.100000000000001  4310
12  40.666666666666664  4399
14  40.714285714285715  4640
16  31.375  4771
18  33.111111111111114  5820
20  34.450000000000003  6401
