1  38.0  603.0
1  32.0  590.0
1  66.0  744.0
1  69.0  802.0
1  37.0  607.0
1  63.0  879.0
1  64.0  850.0
1  52.0  688.0
1  41.0  738.0
1  76.0  754.0
1  38.0  565.0
1  62.0  825.0
1  47.0  639.0
1  75.0  863.0
1  65.0  859.0
1  47.0  667.0
1  49.0  625.0
1  75.0  850.0
1  38.0  742.0
1  58.0  760.0
1  53.0  612.0
1  57.0  789.0
1  63.0  580.0
1  76.0  823.0
1  63.0  648.0
1  35.0  724.0
1  79.0  658.0
1  78.0  888.0
1  50.0  859.0
1  59.0  894.0
1  20.0  576.0
1  45.0  627.0
1  47.0  599.0
1  47.0  730.0
1  30.0  599.0
1  65.0  706.0
1  41.0  602.0
1  31.0  548.0
1  61.0  635.0
1  44.0  592.0
1  36.0  619.0
1  44.0  621.0
1  50.0  669.0
1  40.0  518.0
1  69.0  733.0
1  30.0  597.0
1  28.0  467.0
1  38.0  763.0
1  35.0  481.0
1  59.0  714.0
1  54.0  788.0
1  81.0  849.0
1  68.0  829.0
1  54.0  646.0
1  44.0  585.0
1  45.0  539.0
1  28.0  448.0
1  42.0  701.0
1  35.0  593.0
1  42.0  587.0
1  69.0  842.0
1  53.0  945.0
1  31.0  778.0
1  50.0  786.0
1  29.0  606.0
1  20.0  578.0
1  21.0  514.0
1  43.0  628.0
1  28.0  499.0
1  63.0  546.0
1  62.0  784.0
1  44.0  711.0
1  70.0  814.0
1  48.0  875.0
1  50.0  644.0
1  72.0  857.0
1  41.0  755.0
1  43.0  753.0
1  52.0  825.0
1  56.0  576.0
1  73.0  806.0
1  55.0  577.0
1  59.0  758.0
1  28.0  566.0
1  62.0  771.0
1  34.0  528.0
1  46.0  747.0
1  62.0  764.0
1  45.0  795.0
1  22.0  444.0
1  58.0  831.0
1  50.0  847.0
1  38.0  692.0
1  36.0  735.0
1  40.0  610.0
1  45.0  624.0
1  47.0  748.0
1  50.0  683.0
1  32.0  628.0
1  47.0  637.0
2  38.0  511.0
2  32.0  697.0
2  66.0  863.0
2  67.0  815.0
2  47.0  819.0
2  35.0  463.0
2  26.0  525.0
2  26.0  204.0
2  77.0  929.0
2  30.0  378.0
2  54.0  990.0
2  62.0  720.0
2  33.0  631.0
2  63.0  820.0
2  50.0  987.0
2  39.0  676.0
2  66.0  885.0
2  48.0  689.0
2  58.0  968.0
2  57.0  937.0
2  73.0  719.0
2  49.0  657.0
2  72.0  899.0
2  56.0  851.0
2  39.0  382.0
2  17.0  310.0
2  28.0  425.0
2  15.0  395.0
2  67.0  807.0
2  48.0  707.0
2  61.0  696.0
2  43.0  633.0
2  13.0  470.0
2  68.0  925.0
2  42.0  891.0
2  12.0  338.0
2  59.0  1117.0
2  66.0  835.0
2  79.0  820.0
2  67.0  681.0
2  25.0  598.0
2  18.0  571.0
2  40.0  661.0
2  43.0  684.0
2  42.0  759.0
2  46.0  746.0
2  55.0  803.0
2  62.0  871.0
2  37.0  577.0
2  42.0  469.0
2  66.0  660.0
2  40.0  888.0
2  64.0  734.0
2  24.0  242.0
2  43.0  765.0
2  63.0  933.0
2  41.0  584.0
2  71.0  782.0
2  68.0  868.0
2  34.0  585.0
2  38.0  660.0
2  69.0  1027.0
2  69.0  854.0
2  24.0  495.0
2  23.0  496.0
2  38.0  621.0
2  41.0  695.0
2  50.0  555.0
2  5.0  395.0
2  22.0  494.0
2  33.0  407.0
2  60.0  724.0
2  44.0  569.0
2  56.0  771.0
2  49.0  821.0
2  37.0  515.0
2  20.0  675.0
2  53.0  901.0
2  49.0  674.0
2  83.0  825.0
2  74.0  1181.0
2  36.0  805.0
2  12.0  429.0
2  64.0  732.0
2  32.0  636.0
2  58.0  646.0
2  65.0  792.0
2  70.0  820.0
2  39.0  644.0
2  15.0  285.0
2  38.0  531.0
2  84.0  952.0
2  58.0  768.0
2  48.0  688.0
2  50.0  756.0
2  33.0  479.0
2  67.0  814.0
2  55.0  651.0
2  32.0  733.0
2  75.0  949.0
3  18.0  702.0
3  57.0  680.0
3  23.0  439.0
3  44.0  586.0
3  37.0  522.0
3  20.0  452.0
3  24.0  585.0
3  46.0  617.0
3  53.0  881.0
3  37.0  776.0
3  27.0  441.0
3  31.0  729.0
3  10.0  272.0
3  29.0  461.0
3  15.0  165.0
3  86.0  755.0
3  21.0  522.0
3  54.0  734.0
3  27.0  532.0
3  38.0  779.0
3  44.0  653.0
3  45.0  749.0
3  62.0  743.0
3  41.0  603.0
3  53.0  624.0
3  66.0  828.0
3  63.0  728.0
3  44.0  653.0
3  49.0  705.0
3  43.0  764.0
3  19.0  280.0
3  69.0  927.0
3  63.0  748.0
3  16.0  362.0
3  33.0  658.0
3  27.0  444.0
3  45.0  652.0
3  34.0  568.0
3  38.0  784.0
3  72.0  723.0
3  35.0  723.0
3  36.0  784.0
3  29.0  517.0
3  32.0  600.0
3  34.0  506.0
3  27.0  638.0
3  45.0  602.0
3  57.0  842.0
3  44.0  608.0
3  83.0  1067.0
3  51.0  517.0
3  39.0  621.0
3  59.0  820.0
3  39.0  501.0
3  62.0  950.0
3  58.0  726.0
3  46.0  524.0
3  31.0  606.0
3  36.0  528.0
3  20.0  464.0
3  26.0  489.0
3  48.0  539.0
3  49.0  575.0
3  57.0  570.0
3  70.0  774.0
3  35.0  752.0
3  46.0  691.0
3  32.0  706.0
3  12.0  481.0
3  46.0  611.0
3  71.0  820.0
3  73.0  1079.0
3  91.0  1112.0
3  43.0  540.0
3  45.0  645.0
3  57.0  890.0
3  30.0  556.0
3  25.0  633.0
3  17.0  585.0
3  38.0  472.0
3  29.0  828.0
3  52.0  680.0
3  40.0  833.0
3  40.0  521.0
3  29.0  492.0
3  12.0  401.0
3  13.0  453.0
3  80.0  783.0
3  73.0  817.0
3  36.0  600.0
3  66.0  706.0
3  67.0  864.0
3  34.0  336.0
3  63.0  779.0
3  28.0  588.0
3  7.0  737.0
3  44.0  595.0
3  32.0  630.0
3  81.0  1112.0
3  15.0  431.0
4  50.0  507.0
4  53.0  772.0
4  74.0  986.0
4  59.0  757.0
4  30.0  574.0
4  60.0  988.0
4  43.0  723.0
4  32.0  526.0
4  35.0  593.0
4  21.0  447.0
4  28.0  542.0
4  48.0  793.0
4  34.0  369.0
4  22.0  354.0
4  53.0  880.0
4  60.0  764.0
4  76.0  878.0
4  67.0  695.0
4  31.0  652.0
4  45.0  567.0
4  23.0  540.0
4  61.0  756.0
4  50.0  854.0
4  34.0  643.0
4  70.0  730.0
4  34.0  460.0
4  48.0  743.0
4  53.0  523.0
4  16.0  363.0
4  48.0  672.0
4  52.0  807.0
4  71.0  780.0
4  9.0  535.0
4  38.0  561.0
4  41.0  707.0
4  13.0  502.0
4  60.0  677.0
4  32.0  685.0
4  39.0  837.0
4  32.0  555.0
4  36.0  501.0
4  16.0  306.0
4  42.0  560.0
4  32.0  596.0
4  53.0  702.0
4  31.0  536.0
4  64.0  799.0
4  32.0  526.0
4  35.0  685.0
4  73.0  839.0
4  62.0  665.0
4  52.0  1039.0
4  33.0  503.0
4  38.0  575.0
4  36.0  771.0
4  56.0  810.0
4  43.0  617.0
4  32.0  812.0
4  48.0  856.0
4  63.0  751.0
4  60.0  1043.0
4  25.0  375.0
4  41.0  568.0
4  28.0  632.0
4  37.0  619.0
4  59.0  760.0
4  37.0  715.0
4  35.0  585.0
4  61.0  760.0
4  33.0  612.0
4  69.0  1041.0
4  48.0  606.0
4  62.0  657.0
4  47.0  561.0
4  33.0  595.0
4  58.0  691.0
4  32.0  455.0
4  39.0  727.0
4  31.0  491.0
4  11.0  427.0
4  49.0  705.0
4  71.0  836.0
4  70.0  931.0
4  27.0  452.0
4  61.0  912.0
4  40.0  592.0
4  36.0  660.0
4  72.0  833.0
4  6.0  283.0
4  38.0  591.0
4  68.0  748.0
4  25.0  530.0
4  50.0  847.0
4  35.0  642.0
4  41.0  750.0
4  30.0  560.0
4  6.0  349.0
4  34.0  645.0
4  41.0  676.0
4  43.0  608.0
5  41.0  756.0
5  21.0  602.0
5  26.0  522.0
5  64.0  966.0
5  49.0  762.0
5  60.0  814.0
5  39.0  943.0
5  38.0  845.0
5  57.0  603.0
5  31.0  553.0
5  36.0  537.0
5  38.0  685.0
5  31.0  570.0
5  54.0  769.0
5  26.0  530.0
5  26.0  475.0
5  58.0  929.0
5  45.0  881.0
5  32.0  469.0
5  53.0  612.0
5  38.0  501.0
5  72.0  966.0
5  44.0  381.0
5  30.0  576.0
5  29.0  599.0
5  52.0  621.0
5  26.0  504.0
5  53.0  611.0
5  55.0  668.0
5  61.0  694.0
5  28.0  482.0
5  37.0  449.0
5  51.0  803.0
5  38.0  626.0
5  53.0  655.0
5  59.0  785.0
5  71.0  1100.0
5  19.0  453.0
5  51.0  740.0
5  29.0  456.0
5  52.0  670.0
5  56.0  654.0
5  64.0  587.0
5  74.0  723.0
5  41.0  627.0
5  31.0  582.0
5  22.0  781.0
5  31.0  636.0
5  63.0  824.0
5  57.0  749.0
5  45.0  725.0
5  57.0  907.0
5  33.0  562.0
5  59.0  511.0
5  57.0  767.0
5  46.0  789.0
5  36.0  670.0
5  26.0  665.0
5  16.0  403.0
5  38.0  519.0
5  51.0  726.0
5  15.0  509.0
5  17.0  500.0
5  26.0  640.0
5  43.0  641.0
5  23.0  566.0
5  41.0  725.0
5  77.0  1122.0
5  10.0  573.0
5  55.0  914.0
5  60.0  749.0
5  27.0  570.0
5  36.0  497.0
5  44.0  757.0
5  30.0  593.0
5  57.0  590.0
5  59.0  812.0
5  47.0  574.0
5  32.0  512.0
5  31.0  556.0
5  49.0  876.0
5  36.0  619.0
5  42.0  808.0
5  56.0  794.0
5  44.0  954.0
5  73.0  1130.0
5  69.0  795.0
5  77.0  927.0
5  64.0  843.0
5  28.0  832.0
5  44.0  725.0
5  57.0  760.0
5  30.0  658.0
5  25.0  202.0
5  35.0  562.0
5  39.0  667.0
5  47.0  702.0
5  75.0  942.0
5  30.0  484.0
5  78.0  1167.0
