1  29.0  351
2  70.0  500
3  27.0  376
4  34.0  538
5  63.0  522
6  41.0  621
7  55.0  556
1  60.0  494
2  23.0  377
3  50.0  550
4  50.0  518
5  55.0  536
6  53.0  540
7  44.0  476
1  43.0  516
2  37.0  531
3  32.0  386
4  23.0  489
5  68.0  491
6  42.0  481
7  37.0  405
1  61.0  512
2  50.0  473
3  55.0  603
4  64.0  487
5  17.0  501
6  65.0  628
7  36.0  567
1  50.0  455
2  8.0  352
3  31.0  457
4  67.0  517
5  22.0  551
6  50.0  518
7  47.0  563
1  50.0  431
2  30.0  390
3  43.0  533
4  69.0  553
5  69.0  531
6  40.0  481
7  36.0  626
1  26.0  328
2  34.0  330
3  44.0  537
4  34.0  332
5  48.0  400
6  66.0  532
7  35.0  550
1  34.0  457
2  97.0  552
3  59.0  510
4  39.0  496
5  54.0  435
6  44.0  603
7  22.0  530
1  88.0  522
2  39.0  503
3  50.0  521
4  66.0  625
5  53.0  562
6  33.0  571
7  38.0  536
1  88.0  506
2  79.0  504
3  43.0  430
4  40.0  467
5  34.0  512
6  25.0  507
7  43.0  614
1  47.0  478
2  13.0  480
3  59.0  503
4  43.0  499
5  48.0  518
6  37.0  325
7  49.0  408
1  56.0  499
2  87.0  509
3  48.0  483
4  74.0  513
5  57.0  502
6  39.0  544
7  33.0  364
1  39.0  319
2  60.0  439
3  38.0  503
4  65.0  528
5  39.0  407
6  69.0  452
7  37.0  564
1  63.0  511
2  52.0  533
3  23.0  294
4  44.0  406
5  38.0  566
6  50.0  518
7  66.0  698
1  79.0  512
2  36.0  332
3  29.0  462
4  54.0  482
5  33.0  500
6  70.0  477
7  45.0  421
1  57.0  487
2  53.0  506
3  23.0  529
4  29.0  516
5  47.0  508
6  45.0  488
7  61.0  569
1  41.0  382
2  69.0  522
3  60.0  549
4  50.0  490
5  52.0  508
6  58.0  581
7  15.0  379
1  53.0  500
2  59.0  336
3  60.0  535
4  60.0  565
5  80.0  521
6  36.0  515
7  37.0  414
1  78.0  498
2  63.0  479
3  51.0  506
4  51.0  463
5  44.0  535
6  62.0  552
7  59.0  549
1  33.0  518
2  46.0  486
3  71.0  516
4  67.0  598
5  39.0  455
6  31.0  463
7  42.0  504
1  71.0  503
2  37.0  364
3  26.0  347
4  68.0  533
5  24.0  409
6  31.0  526
7  37.0  595
1  40.0  386
2  71.0  528
3  33.0  544
4  49.0  520
5  66.0  534
6  19.0  335
7  34.0  468
1  34.0  448
2  86.0  505
3  68.0  523
4  39.0  461
5  54.0  483
6  60.0  563
7  18.0  504
1  62.0  530
2  31.0  454
3  49.0  473
4  64.0  543
5  19.0  434
6  55.0  556
7  47.0  465
1  16.0  505
2  38.0  528
3  21.0  425
4  26.0  528
5  51.0  538
6  27.0  546
7  37.0  567
1  54.0  482
2  97.0  524
3  26.0  308
4  78.0  533
5  54.0  584
6  42.0  459
7  25.0  503
1  66.0  465
2  69.0  509
3  54.0  529
4  35.0  416
5  69.0  542
6  42.0  587
7  45.0  545
1  64.0  490
2  38.0  430
3  51.0  563
4  38.0  453
5  20.0  303
6  38.0  498
7  41.0  464
1  30.0  488
2  29.0  335
3  69.0  485
4  41.0  430
5  37.0  523
6  58.0  534
7  38.0  467
1  26.0  291
2  7.0  319
3  72.0  550
4  53.0  512
5  80.0  527
6  20.0  395
7  35.0  535
1  75.0  492
2  48.0  354
3  84.0  504
4  35.0  364
5  37.0  591
6  59.0  474
7  76.0  568
1  7.0  310
2  47.0  372
3  50.0  533
4  46.0  533
5  48.0  533
6  16.0  389
7  56.0  523
1  66.0  502
2  66.0  550
3  62.0  554
4  73.0  596
5  73.0  553
6  28.0  342
7  21.0  377
1  28.0  333
2  32.0  511
3  53.0  514
4  68.0  600
5  34.0  539
6  36.0  469
7  45.0  577
1  36.0  350
2  64.0  508
3  73.0  520
4  41.0  404
5  42.0  576
6  32.0  272
7  26.0  430
1  69.0  519
2  60.0  441
3  50.0  543
4  36.0  370
5  70.0  531
6  45.0  590
7  44.0  419
1  64.0  507
2  35.0  500
3  87.0  519
4  81.0  513
5  33.0  540
6  39.0  602
7  51.0  567
1  25.0  399
2  32.0  521
3  53.0  478
4  13.0  262
5  38.0  520
6  48.0  623
7  43.0  693
1  83.0  518
2  60.0  425
3  31.0  511
4  49.0  496
5  47.0  500
6  51.0  494
7  28.0  541
1  61.0  522
2  67.0  512
3  16.0  247
4  56.0  626
5  75.0  518
6  45.0  476
7  48.0  580
1  96.0  517
2  64.0  519
3  60.0  493
4  48.0  560
5  53.0  561
6  40.0  584
7  41.0  294
1  58.0  514
2  29.0  497
3  30.0  378
4  41.0  492
5  66.0  501
6  27.0  327
7  54.0  547
1  39.0  533
2  28.0  403
3  28.0  536
4  43.0  424
5  56.0  378
6  16.0  257
7  72.0  524
1  22.0  361
2  65.0  468
3  56.0  540
4  23.0  472
5  12.0  241
6  48.0  514
7  37.0  607
1  71.0  501
2  34.0  417
3  20.0  359
4  63.0  537
5  41.0  520
6  29.0  584
7  52.0  560
1  69.0  503
2  10.0  462
3  64.0  444
4  39.0  432
5  42.0  590
6  28.0  490
7  18.0  572
1  48.0  425
2  32.0  454
3  49.0  527
4  55.0  518
5  75.0  544
6  59.0  622
7  22.0  576
1  52.0  425
2  72.0  474
3  49.0  420
4  58.0  565
5  5.0  318
6  8.0  440
7  36.0  539
1  60.0  522
2  59.0  519
3  39.0  497
4  44.0  600
5  26.0  343
6  22.0  491
7  18.0  456
1  85.0  517
2  70.0  524
3  42.0  403
4  43.0  434
5  51.0  671
6  45.0  555
7  31.0  458
1  49.0  526
2  53.0  424
3  27.0  420
4  67.0  609
5  33.0  344
6  44.0  453
7  41.0  574
1  71.0  473
2  21.0  469
3  27.0  470
4  34.0  423
5  47.0  469
6  43.0  559
7  23.0  495
1  36.0  357
2  47.0  449
3  64.0  545
4  58.0  533
5  42.0  502
6  36.0  546
7  42.0  648
1  72.0  520
2  32.0  317
3  73.0  563
4  33.0  566
5  24.0  430
6  40.0  427
7  38.0  593
1  35.0  441
2  18.0  284
3  38.0  370
4  29.0  496
5  69.0  555
6  50.0  520
7  63.0  547
1  69.0  506
2  67.0  559
3  51.0  496
4  54.0  507
5  52.0  606
6  57.0  578
7  24.0  533
1  49.0  529
2  50.0  489
3  49.0  487
4  26.0  241
5  49.0  616
6  43.0  558
7  31.0  429
1  43.0  476
2  48.0  513
3  38.0  526
4  72.0  478
5  40.0  454
6  56.0  538
7  26.0  429
1  63.0  514
2  19.0  322
3  36.0  346
4  42.0  534
5  32.0  510
6  27.0  465
7  22.0  493
1  25.0  404
2  50.0  509
3  56.0  528
4  46.0  539
5  53.0  523
6  43.0  560
7  50.0  618
1  53.0  486
2  73.0  523
3  68.0  557
4  32.0  522
5  64.0  604
6  64.0  633
7  54.0  644
1  57.0  519
2  68.0  521
3  65.0  525
4  65.0  527
5  41.0  548
6  43.0  532
7  73.0  507
1  73.0  508
2  25.0  515
3  54.0  510
4  34.0  519
5  38.0  546
6  78.0  613
7  44.0  601
1  68.0  456
2  62.0  515
3  24.0  363
4  18.0  380
5  41.0  372
6  18.0  296
7  43.0  599
1  54.0  516
2  37.0  482
3  24.0  433
4  40.0  557
5  43.0  415
6  49.0  577
7  37.0  544
1  67.0  499
2  47.0  481
3  37.0  290
4  48.0  452
5  59.0  500
6  26.0  593
7  25.0  468
1  29.0  506
2  28.0  367
3  34.0  316
4  48.0  530
5  36.0  495
6  15.0  569
7  45.0  594
1  54.0  501
2  68.0  516
3  38.0  437
4  37.0  516
5  66.0  562
6  51.0  561
7  35.0  609
1  82.0  497
2  44.0  510
3  38.0  453
4  39.0  513
5  38.0  450
6  28.0  329
7  33.0  526
1  59.0  467
2  43.0  454
3  60.0  505
4  50.0  515
5  43.0  504
6  46.0  545
7  33.0  519
1  20.0  531
2  30.0  273
3  84.0  530
4  34.0  400
5  32.0  456
6  63.0  630
7  74.0  563
1  92.0  505
2  14.0  487
3  46.0  488
4  38.0  442
5  36.0  588
6  55.0  526
7  41.0  569
1  41.0  334
2  25.0  394
3  58.0  544
4  40.0  493
5  23.0  442
6  40.0  518
7  28.0  433
1  59.0  470
2  44.0  518
3  63.0  500
4  71.0  521
5  14.0  505
6  34.0  588
7  52.0  448
1  41.0  394
2  37.0  428
3  30.0  512
4  36.0  527
5  14.0  290
6  41.0  513
7  31.0  585
1  58.0  494
2  39.0  462
3  32.0  513
4  58.0  581
5  55.0  526
6  45.0  593
7  53.0  531
1  12.0  291
2  79.0  523
3  45.0  451
4  48.0  499
5  53.0  476
6  33.0  621
7  26.0  470
1  62.0  465
2  31.0  486
3  29.0  505
4  61.0  518
5  22.0  495
6  45.0  478
7  25.0  603
1  42.0  494
2  77.0  523
3  54.0  480
4  45.0  559
5  41.0  452
6  31.0  549
7  35.0  612
1  31.0  392
2  64.0  458
3  57.0  490
4  35.0  570
5  55.0  560
6  39.0  463
7  48.0  546
1  6.0  213
2  32.0  450
3  63.0  487
4  38.0  490
5  58.0  469
6  41.0  454
7  67.0  596
1  21.0  507
2  22.0  286
3  83.0  508
4  53.0  506
5  25.0  551
6  47.0  549
7  26.0  244
1  52.0  516
2  62.0  460
3  80.0  565
4  58.0  611
5  49.0  516
6  34.0  515
7  46.0  589
1  59.0  512
2  84.0  503
3  56.0  505
4  19.0  450
5  35.0  448
6  27.0  573
7  43.0  595
1  48.0  515
2  40.0  366
3  10.0  338
4  34.0  489
5  40.0  482
6  37.0  472
7  21.0  484
1  51.0  514
2  42.0  484
3  61.0  502
4  51.0  387
5  24.0  515
6  61.0  613
7  34.0  526
1  53.0  514
2  65.0  515
3  36.0  492
4  59.0  487
5  47.0  623
6  57.0  663
7  41.0  676
1  60.0  474
2  86.0  523
3  70.0  531
4  60.0  605
5  84.0  548
6  57.0  607
7  7.0  322
1  42.0  482
2  74.0  494
3  74.0  547
4  38.0  467
5  51.0  589
6  32.0  569
7  33.0  596
1  43.0  496
2  41.0  479
3  35.0  385
4  61.0  534
5  26.0  471
6  41.0  455
7  51.0  575
1  76.0  518
2  61.0  529
3  19.0  307
4  41.0  532
5  21.0  471
6  36.0  658
7  34.0  531
1  57.0  511
2  49.0  442
3  24.0  352
4  41.0  543
5  48.0  534
6  38.0  457
7  30.0  395
1  41.0  481
2  9.0  197
3  39.0  503
4  43.0  512
5  69.0  524
6  59.0  555
7  32.0  509
1  15.0  337
2  31.0  456
3  35.0  347
4  58.0  520
5  35.0  546
6  28.0  516
7  48.0  522
1  28.0  512
2  36.0  483
3  51.0  511
4  25.0  309
5  46.0  473
6  52.0  464
7  42.0  622
1  45.0  498
2  89.0  500
3  86.0  537
4  52.0  551
5  45.0  550
6  39.0  473
7  29.0  512
1  85.0  461
2  44.0  448
3  45.0  394
4  49.0  593
5  48.0  562
6  35.0  454
7  18.0  425
1  36.0  514
2  66.0  535
3  64.0  545
4  70.0  450
5  22.0  570
6  42.0  544
7  42.0  523
1  41.0  516
2  33.0  371
3  21.0  446
4  19.0  269
5  42.0  454
6  44.0  541
7  51.0  610
1  25.0  411
2  75.0  537
3  64.0  503
4  83.0  500
5  51.0  476
6  52.0  529
7  22.0  620
