0  45.600000000000001  3884
0  45.100000000000001  3879
0  34.0  3619
0  35.799999999999997  3941
0  41.799999999999997  3713
0  39.899999999999999  3906
0  44.399999999999999  3845
0  49.0  3864
0  45.5  3719
0  47.5  3812
0  43.399999999999999  3978
0  41.899999999999999  3750
0  47.0  3956
0  42.299999999999997  3811
0  43.0  3793
0  49.299999999999997  4111
0  44.600000000000001  3777
0  44.200000000000003  3831
0  41.299999999999997  3669
0  44.799999999999997  4013
0  48.0  4371
0  47.100000000000001  3805
0  43.299999999999997  3601
0  43.600000000000001  4010
0  38.799999999999997  3497
0  45.299999999999997  4116
0  48.600000000000001  4072
0  44.100000000000001  4026
0  40.299999999999997  3648
0  34.0  3410
0  40.799999999999997  4056
0  38.100000000000001  3396
0  44.700000000000003  3745
0  43.399999999999999  3973
0  37.600000000000001  4019
0  47.399999999999999  4043
0  40.200000000000003  3811
0  36.5  3354
0  41.799999999999997  3622
0  41.5  3876
0  42.100000000000001  3529
0  33.399999999999999  3646
0  48.600000000000001  4053
0  37.700000000000003  3902
0  35.100000000000001  3012
0  40.0  3695
0  44.100000000000001  3821
0  44.899999999999999  3689
0  39.399999999999999  3506
0  41.299999999999997  3379
0  52.399999999999999  4298
0  42.799999999999997  3752
0  41.100000000000001  3628
0  45.799999999999997  3916
0  49.399999999999999  3757
0  42.799999999999997  3756
0  42.600000000000001  3721
0  41.299999999999997  3972
0  46.0  3960
0  47.899999999999999  3950
0  42.399999999999999  3705
0  36.5  3286
0  41.299999999999997  3764
0  47.5  3926
0  51.0  3887
0  40.899999999999999  3791
0  52.0  3978
0  33.200000000000003  3765
0  53.600000000000001  4153
0  38.899999999999999  3787
0  46.700000000000003  4105
0  45.600000000000001  3886
0  46.899999999999999  3992
0  37.600000000000001  3383
0  58.899999999999999  4297
0  33.399999999999999  3503
0  32.700000000000003  3525
0  52.700000000000003  4004
0  52.0  4182
0  45.5  4189
0  55.399999999999999  4121
0  43.600000000000001  3636
0  40.399999999999999  3871
0  44.5  4192
0  39.799999999999997  3591
0  40.200000000000003  4041
0  42.399999999999999  3732
0  49.0  4132
0  43.299999999999997  3655
0  50.799999999999997  4037
0  54.600000000000001  4295
0  47.399999999999999  3666
0  43.799999999999997  3819
0  38.399999999999999  3687
0  47.100000000000001  3779
0  34.700000000000003  3462
0  36.0  3273
0  41.799999999999997  4006
0  44.600000000000001  3596
0  44.799999999999997  4013
