0  44.0  329.0
0  56.0  350.0
0  53.0  438.0
0  67.0  318.0
0  66.0  285.0
0  27.0  304.0
0  51.0  376.0
0  45.0  354.0
0  46.0  505.0
0  62.0  368.0
0  49.0  312.0
0  51.0  475.0
0  10.0  208.0
0  27.0  477.0
0  61.0  314.0
0  40.0  568.0
0  47.0  389.0
0  20.0  307.0
0  51.0  347.0
0  67.0  352.0
0  49.0  311.0
0  64.0  426.0
0  35.0  577.0
0  61.0  330.0
0  70.0  352.0
0  32.0  405.0
0  69.0  397.0
0  89.0  290.0
0  34.0  235.0
0  21.0  388.0
0  73.0  312.0
0  54.0  388.0
0  44.0  508.0
0  58.0  279.0
0  59.0  452.0
0  48.0  517.0
0  49.0  396.0
0  43.0  368.0
0  35.0  344.0
0  39.0  482.0
0  34.0  222.0
0  82.0  320.0
0  50.0  291.0
0  42.0  322.0
0  50.0  389.0
0  27.0  455.0
0  40.0  461.0
0  80.0  264.0
0  60.0  322.0
0  50.0  481.0
0  26.0  435.0
0  80.0  326.0
0  64.0  413.0
0  46.0  362.0
0  74.0  330.0
0  73.0  277.0
0  36.0  356.0
0  52.0  400.0
0  33.0  430.0
0  72.0  371.0
0  28.0  180.0
0  51.0  412.0
0  28.0  317.0
0  40.0  269.0
0  62.0  295.0
0  31.0  371.0
0  42.0  427.0
0  28.0  276.0
0  60.0  379.0
0  36.0  368.0
0  37.0  554.0
0  34.0  297.0
0  29.0  216.0
0  48.0  261.0
0  27.0  319.0
0  33.0  485.0
0  62.0  449.0
0  23.0  342.0
0  40.0  337.0
0  43.0  371.0
0  55.0  330.0
0  53.0  250.0
0  40.0  387.0
0  21.0  258.0
0  42.0  405.0
0  22.0  582.0
0  39.0  529.0
0  61.0  313.0
0  39.0  393.0
0  50.0  427.0
0  37.0  375.0
0  39.0  447.0
0  77.0  314.0
0  48.0  475.0
0  71.0  432.0
0  55.0  375.0
0  70.0  394.0
0  37.0  442.0
0  50.0  407.0
0  35.0  447.0
1  61.0  429.0
1  25.0  252.0
1  70.0  324.0
1  45.0  382.0
1  49.0  424.0
1  55.0  499.0
1  39.0  336.0
1  49.0  329.0
1  28.0  317.0
1  83.0  207.0
1  31.0  483.0
1  33.0  433.0
1  42.0  373.0
1  46.0  347.0
1  61.0  392.0
1  39.0  427.0
1  76.0  382.0
1  46.0  415.0
1  76.0  336.0
1  73.0  388.0
1  72.0  264.0
1  80.0  316.0
1  70.0  360.0
1  52.0  425.0
1  58.0  323.0
1  89.0  297.0
1  44.0  229.0
1  64.0  295.0
1  43.0  570.0
1  50.0  194.0
1  73.0  239.0
1  48.0  324.0
1  78.0  282.0
1  25.0  563.0
1  83.0  219.0
1  33.0  429.0
1  67.0  377.0
1  75.0  230.0
1  55.0  280.0
1  31.0  400.0
1  48.0  479.0
1  29.0  418.0
1  24.0  422.0
1  41.0  382.0
1  54.0  263.0
1  42.0  257.0
1  44.0  398.0
1  82.0  337.0
1  42.0  423.0
1  61.0  294.0
1  16.0  285.0
1  73.0  342.0
1  49.0  338.0
1  59.0  198.0
1  59.0  411.0
1  78.0  316.0
1  53.0  432.0
1  81.0  324.0
1  51.0  362.0
1  56.0  332.0
1  66.0  275.0
1  86.0  308.0
1  49.0  330.0
1  78.0  271.0
1  50.0  403.0
1  56.0  315.0
1  99.0  210.0
1  59.0  281.0
1  65.0  392.0
1  49.0  400.0
1  73.0  246.0
1  40.0  418.0
1  68.0  346.0
1  40.0  443.0
1  46.0  328.0
1  51.0  420.0
1  83.0  246.0
1  45.0  337.0
1  25.0  267.0
1  61.0  336.0
1  26.0  344.0
1  28.0  394.0
1  29.0  235.0
1  57.0  469.0
1  49.0  377.0
1  20.0  463.0
1  43.0  325.0
1  49.0  326.0
1  70.0  344.0
1  63.0  455.0
1  23.0  260.0
1  48.0  374.0
1  23.0  211.0
1  56.0  443.0
1  49.0  250.0
1  40.0  460.0
1  49.0  262.0
1  95.0  173.0
1  24.0  314.0
1  80.0  283.0
2  40.0  310.0
2  25.0  321.0
2  29.0  345.0
2  69.0  283.0
2  48.0  415.0
2  50.0  434.0
2  96.0  208.0
2  15.0  493.0
2  80.0  309.0
2  42.0  223.0
2  97.0  147.0
2  82.0  260.0
2  60.0  220.0
2  72.0  358.0
2  77.0  391.0
2  47.0  382.0
2  43.0  412.0
2  23.0  390.0
2  46.0  497.0
2  31.0  411.0
2  86.0  242.0
2  56.0  390.0
2  51.0  498.0
2  59.0  450.0
2  40.0  402.0
2  43.0  528.0
2  60.0  366.0
2  78.0  150.0
2  75.0  330.0
2  50.0  220.0
2  83.0  341.0
2  77.0  306.0
2  18.0  301.0
2  25.0  452.0
2  58.0  408.0
2  61.0  272.0
2  74.0  287.0
2  73.0  380.0
2  64.0  312.0
2  68.0  319.0
2  70.0  363.0
2  67.0  327.0
2  64.0  324.0
2  25.0  337.0
2  99.0  177.0
2  64.0  276.0
2  39.0  178.0
2  64.0  229.0
2  50.0  391.0
2  59.0  203.0
2  3.0  524.0
2  65.0  406.0
2  80.0  240.0
2  55.0  390.0
2  95.0  120.0
2  74.0  337.0
2  59.0  374.0
2  60.0  300.0
2  35.0  246.0
2  61.0  376.0
2  50.0  434.0
2  52.0  319.0
2  33.0  406.0
2  63.0  396.0
2  51.0  414.0
2  55.0  270.0
2  51.0  333.0
2  56.0  418.0
2  49.0  309.0
2  57.0  495.0
2  50.0  238.0
2  73.0  396.0
2  68.0  430.0
2  79.0  234.0
2  85.0  274.0
2  75.0  254.0
2  41.0  403.0
2  53.0  328.0
2  34.0  292.0
2  65.0  368.0
2  27.0  378.0
2  44.0  366.0
2  70.0  123.0
2  45.0  442.0
2  80.0  199.0
2  51.0  348.0
2  39.0  460.0
2  81.0  260.0
2  34.0  420.0
2  48.0  253.0
2  36.0  393.0
2  80.0  184.0
2  48.0  270.0
2  40.0  304.0
2  53.0  427.0
2  52.0  372.0
2  82.0  295.0
2  78.0  258.0
2  61.0  325.0
2  48.0  543.0
3  73.0  244.0
3  37.0  463.0
3  27.0  371.0
3  30.0  384.0
3  79.0  238.0
3  22.0  442.0
3  79.0  295.0
3  24.0  266.0
3  57.0  285.0
3  96.0  129.0
3  71.0  253.0
3  67.0  360.0
3  43.0  263.0
3  31.0  369.0
3  43.0  494.0
3  32.0  257.0
3  89.0  169.0
3  65.0  338.0
3  64.0  291.0
3  40.0  351.0
3  88.0  251.0
3  34.0  328.0
3  53.0  397.0
3  75.0  295.0
3  73.0  255.0
3  79.0  177.0
3  16.0  392.0
3  35.0  305.0
3  63.0  351.0
3  55.0  424.0
3  61.0  298.0
3  53.0  284.0
3  66.0  268.0
3  62.0  344.0
3  42.0  399.0
3  55.0  345.0
3  33.0  399.0
3  66.0  393.0
3  29.0  275.0
3  26.0  424.0
3  48.0  383.0
3  29.0  227.0
3  47.0  337.0
3  77.0  327.0
3  61.0  341.0
3  47.0  330.0
3  90.0  268.0
3  45.0  123.0
3  59.0  321.0
3  42.0  365.0
3  83.0  216.0
3  38.0  381.0
3  79.0  230.0
3  82.0  155.0
3  67.0  376.0
3  57.0  577.0
3  49.0  358.0
3  89.0  234.0
3  52.0  331.0
3  18.0  229.0
3  29.0  346.0
3  53.0  330.0
3  61.0  310.0
3  75.0  252.0
3  48.0  281.0
3  66.0  340.0
3  27.0  238.0
3  45.0  395.0
3  20.0  444.0
3  73.0  315.0
3  74.0  303.0
3  37.0  306.0
3  23.0  274.0
3  88.0  156.0
3  48.0  294.0
3  45.0  258.0
3  66.0  254.0
3  57.0  366.0
3  60.0  376.0
3  50.0  266.0
3  85.0  240.0
3  75.0  256.0
3  72.0  259.0
3  69.0  269.0
3  50.0  314.0
3  52.0  392.0
3  58.0  217.0
3  77.0  289.0
3  54.0  291.0
3  23.0  281.0
3  57.0  387.0
3  61.0  421.0
3  51.0  349.0
3  81.0  313.0
3  85.0  206.0
3  29.0  280.0
3  39.0  272.0
3  25.0  242.0
3  54.0  327.0
3  48.0  294.0
4  29.0  565.0
4  79.0  93.0
4  57.0  312.0
4  71.0  159.0
4  59.0  338.0
4  44.0  404.0
4  77.0  201.0
4  86.0  147.0
4  60.0  303.0
4  46.0  366.0
4  52.0  275.0
4  15.0  331.0
4  37.0  361.0
4  61.0  439.0
4  79.0  239.0
4  76.0  169.0
4  53.0  250.0
4  78.0  295.0
4  42.0  257.0
4  15.0  286.0
4  16.0  385.0
4  65.0  217.0
4  57.0  214.0
4  58.0  364.0
4  30.0  450.0
4  35.0  406.0
4  78.0  309.0
4  80.0  113.0
4  67.0  314.0
4  66.0  320.0
4  79.0  149.0
4  81.0  271.0
4  89.0  165.0
4  47.0  288.0
4  92.0  43.0
4  18.0  417.0
4  40.0  424.0
4  63.0  253.0
4  60.0  161.0
4  41.0  300.0
4  81.0  256.0
4  53.0  388.0
4  38.0  236.0
4  75.0  201.0
4  54.0  379.0
4  37.0  348.0
4  90.0  193.0
4  54.0  312.0
4  73.0  200.0
4  66.0  292.0
4  67.0  126.0
4  67.0  303.0
4  54.0  382.0
4  87.0  115.0
4  84.0  185.0
4  97.0  76.0
4  49.0  343.0
4  71.0  299.0
4  66.0  315.0
4  83.0  143.0
4  65.0  279.0
4  25.0  479.0
4  94.0  202.0
4  62.0  393.0
4  55.0  496.0
4  21.0  307.0
4  49.0  446.0
4  66.0  359.0
4  66.0  321.0
4  53.0  493.0
4  20.0  227.0
4  42.0  226.0
4  88.0  170.0
4  73.0  291.0
4  43.0  354.0
4  77.0  297.0
4  84.0  269.0
4  78.0  150.0
4  79.0  302.0
4  58.0  418.0
4  54.0  410.0
4  73.0  357.0
4  72.0  295.0
4  43.0  231.0
4  84.0  45.0
4  22.0  269.0
4  60.0  220.0
4  61.0  438.0
4  43.0  274.0
4  42.0  378.0
4  42.0  330.0
4  59.0  228.0
4  58.0  260.0
4  38.0  398.0
4  56.0  404.0
4  70.0  424.0
4  58.0  285.0
4  75.0  286.0
4  61.0  125.0
4  75.0  231.0
5  23.0  407.0
5  49.0  301.0
5  56.0  345.0
5  95.0  151.0
5  70.0  384.0
5  46.0  290.0
5  55.0  89.0
5  69.0  262.0
5  86.0  119.0
5  89.0  170.0
5  22.0  247.0
5  62.0  108.0
5  47.0  400.0
5  44.0  444.0
5  66.0  284.0
5  68.0  218.0
5  52.0  238.0
5  75.0  261.0
5  43.0  427.0
5  45.0  405.0
5  49.0  527.0
5  54.0  322.0
5  23.0  264.0
5  45.0  424.0
5  68.0  252.0
5  28.0  122.0
5  71.0  206.0
5  8.0  312.0
5  41.0  345.0
5  70.0  213.0
5  30.0  281.0
5  52.0  343.0
5  95.0  98.0
5  66.0  334.0
5  65.0  235.0
5  73.0  254.0
5  54.0  278.0
5  88.0  138.0
5  84.0  226.0
5  38.0  430.0
5  53.0  388.0
5  78.0  316.0
5  21.0  340.0
5  74.0  314.0
5  76.0  292.0
5  34.0  245.0
5  70.0  386.0
5  46.0  374.0
5  46.0  396.0
5  70.0  250.0
5  59.0  280.0
5  46.0  359.0
5  62.0  325.0
5  75.0  182.0
5  89.0  219.0
5  35.0  336.0
5  99.0  48.0
5  73.0  274.0
5  48.0  303.0
5  87.0  211.0
5  47.0  186.0
5  22.0  220.0
5  59.0  336.0
5  78.0  286.0
5  29.0  359.0
5  38.0  509.0
5  72.0  236.0
5  73.0  311.0
5  62.0  281.0
5  28.0  236.0
5  73.0  265.0
5  71.0  241.0
5  44.0  329.0
5  61.0  412.0
5  46.0  279.0
5  66.0  257.0
5  27.0  196.0
5  65.0  286.0
5  100.0  128.0
5  66.0  268.0
5  24.0  219.0
5  45.0  267.0
5  54.0  269.0
5  73.0  246.0
5  43.0  361.0
5  60.0  367.0
5  59.0  245.0
5  74.0  309.0
5  64.0  268.0
5  53.0  272.0
5  26.0  462.0
5  81.0  300.0
5  88.0  222.0
5  38.0  223.0
5  51.0  500.0
5  89.0  242.0
5  42.0  335.0
5  85.0  212.0
5  36.0  232.0
5  46.0  234.0
6  74.0  177.0
6  64.0  272.0
6  66.0  445.0
6  64.0  267.0
6  76.0  271.0
6  48.0  474.0
6  32.0  380.0
6  37.0  311.0
6  73.0  228.0
6  57.0  226.0
6  93.0  106.0
6  96.0  141.0
6  11.0  276.0
6  45.0  329.0
6  75.0  357.0
6  62.0  169.0
6  75.0  293.0
6  22.0  237.0
6  52.0  221.0
6  31.0  269.0
6  54.0  193.0
6  94.0  191.0
6  56.0  283.0
6  39.0  422.0
6  98.0  84.0
6  95.0  134.0
6  45.0  325.0
6  26.0  409.0
6  82.0  209.0
6  74.0  168.0
6  22.0  211.0
6  64.0  301.0
6  44.0  392.0
6  37.0  336.0
6  76.0  239.0
6  35.0  289.0
6  41.0  419.0
6  89.0  72.0
6  65.0  149.0
6  73.0  326.0
6  70.0  93.0
6  80.0  213.0
6  51.0  429.0
6  53.0  341.0
6  18.0  160.0
6  75.0  182.0
6  61.0  334.0
6  63.0  203.0
6  63.0  293.0
6  82.0  197.0
6  66.0  413.0
6  89.0  192.0
6  48.0  255.0
6  58.0  270.0
6  17.0  360.0
6  78.0  140.0
6  63.0  325.0
6  70.0  298.0
6  65.0  146.0
6  56.0  477.0
6  48.0  366.0
6  73.0  209.0
6  62.0  216.0
6  64.0  349.0
6  90.0  125.0
6  45.0  317.0
6  60.0  358.0
6  67.0  347.0
6  38.0  442.0
6  53.0  339.0
6  85.0  206.0
6  72.0  255.0
6  66.0  240.0
6  86.0  128.0
6  58.0  308.0
6  72.0  319.0
6  52.0  353.0
6  51.0  231.0
6  55.0  228.0
6  63.0  359.0
6  31.0  286.0
6  55.0  445.0
6  53.0  272.0
6  58.0  281.0
6  43.0  303.0
6  40.0  384.0
6  70.0  286.0
6  34.0  380.0
6  76.0  105.0
6  62.0  361.0
6  35.0  315.0
6  92.0  104.0
6  91.0  154.0
6  47.0  252.0
6  60.0  343.0
6  42.0  380.0
6  70.0  198.0
6  67.0  245.0
6  40.0  309.0
6  78.0  184.0
7  79.0  256.0
7  86.0  114.0
7  92.0  125.0
7  35.0  305.0
7  87.0  103.0
7  53.0  242.0
7  63.0  219.0
7  66.0  215.0
7  98.0  164.0
7  69.0  307.0
7  87.0  310.0
7  52.0  250.0
7  18.0  258.0
7  100.0  8.0
7  70.0  294.0
7  48.0  381.0
7  51.0  371.0
7  86.0  217.0
7  43.0  486.0
7  99.0  61.0
7  27.0  435.0
7  60.0  135.0
7  68.0  332.0
7  69.0  400.0
7  51.0  319.0
7  73.0  259.0
7  73.0  306.0
7  60.0  400.0
7  83.0  15.0
7  60.0  304.0
7  85.0  304.0
7  53.0  219.0
7  85.0  143.0
7  91.0  48.0
7  48.0  419.0
7  53.0  262.0
7  89.0  267.0
7  55.0  345.0
7  34.0  239.0
7  37.0  130.0
7  64.0  341.0
7  48.0  392.0
7  87.0  196.0
7  55.0  366.0
7  88.0  132.0
7  83.0  204.0
7  71.0  314.0
7  42.0  214.0
7  73.0  296.0
7  56.0  284.0
7  37.0  444.0
7  68.0  261.0
7  58.0  205.0
7  63.0  302.0
7  80.0  203.0
7  83.0  233.0
7  60.0  475.0
7  97.0  23.0
7  85.0  143.0
7  43.0  283.0
7  26.0  246.0
7  93.0  103.0
7  58.0  279.0
7  72.0  279.0
7  78.0  258.0
7  94.0  128.0
7  42.0  523.0
7  40.0  215.0
7  53.0  362.0
7  41.0  373.0
7  51.0  439.0
7  20.0  380.0
7  76.0  250.0
7  32.0  318.0
7  49.0  105.0
7  24.0  246.0
7  98.0  55.0
7  15.0  343.0
7  83.0  178.0
7  60.0  260.0
7  65.0  249.0
7  44.0  514.0
7  68.0  231.0
7  94.0  136.0
7  42.0  162.0
7  65.0  226.0
7  50.0  342.0
7  43.0  268.0
7  40.0  248.0
7  56.0  319.0
7  90.0  137.0
7  62.0  348.0
7  40.0  359.0
7  75.0  180.0
7  60.0  321.0
7  58.0  417.0
7  68.0  259.0
7  51.0  339.0
7  40.0  313.0
7  25.0  382.0
8  71.0  158.0
8  52.0  326.0
8  67.0  236.0
8  92.0  72.0
8  100.0  44.0
8  56.0  295.0
8  39.0  193.0
8  48.0  411.0
8  55.0  380.0
8  75.0  250.0
8  91.0  109.0
8  59.0  289.0
8  92.0  103.0
8  63.0  373.0
8  72.0  137.0
8  64.0  258.0
8  55.0  407.0
8  50.0  349.0
8  77.0  147.0
8  57.0  142.0
8  63.0  125.0
8  86.0  129.0
8  62.0  296.0
8  47.0  307.0
8  100.0  18.0
8  60.0  208.0
8  68.0  260.0
8  73.0  268.0
8  57.0  309.0
8  52.0  255.0
8  66.0  260.0
8  99.0  69.0
8  57.0  278.0
8  61.0  280.0
8  45.0  496.0
8  7.0  199.0
8  40.0  299.0
8  38.0  445.0
8  71.0  351.0
8  21.0  219.0
8  72.0  247.0
8  71.0  282.0
8  53.0  229.0
8  52.0  136.0
8  78.0  226.0
8  66.0  330.0
8  23.0  266.0
8  94.0  86.0
8  85.0  143.0
8  62.0  247.0
8  44.0  208.0
8  43.0  339.0
8  36.0  129.0
8  32.0  230.0
8  70.0  202.0
8  78.0  180.0
8  37.0  284.0
8  88.0  198.0
8  79.0  303.0
8  80.0  220.0
8  40.0  443.0
8  74.0  349.0
8  80.0  202.0
8  54.0  488.0
8  62.0  313.0
8  87.0  204.0
8  97.0  142.0
8  58.0  276.0
8  77.0  230.0
8  71.0  112.0
8  47.0  69.0
8  48.0  188.0
8  73.0  300.0
8  75.0  228.0
8  45.0  452.0
8  76.0  265.0
8  70.0  100.0
8  80.0  232.0
8  43.0  310.0
8  96.0  62.0
8  77.0  136.0
8  79.0  228.0
8  77.0  222.0
8  65.0  356.0
8  70.0  321.0
8  75.0  158.0
8  85.0  87.0
8  32.0  223.0
8  85.0  157.0
8  82.0  116.0
8  60.0  322.0
8  53.0  64.0
8  74.0  154.0
8  8.0  319.0
8  80.0  301.0
8  50.0  269.0
8  69.0  239.0
8  50.0  319.0
8  73.0  328.0
8  61.0  333.0
9  83.0  184.0
9  34.0  257.0
9  52.0  196.0
9  37.0  355.0
9  89.0  182.0
9  80.0  166.0
9  75.0  156.0
9  61.0  189.0
9  20.0  436.0
9  54.0  295.0
9  42.0  250.0
9  97.0  53.0
9  59.0  391.0
9  38.0  376.0
9  80.0  242.0
9  82.0  189.0
9  56.0  378.0
9  63.0  173.0
9  34.0  587.0
9  33.0  433.0
9  42.0  398.0
9  17.0  285.0
9  49.0  259.0
9  41.0  344.0
9  57.0  200.0
9  67.0  284.0
9  52.0  219.0
9  80.0  205.0
9  73.0  210.0
9  74.0  316.0
9  79.0  190.0
9  95.0  70.0
9  91.0  79.0
9  40.0  405.0
9  40.0  265.0
9  88.0  197.0
9  58.0  217.0
9  63.0  347.0
9  98.0  61.0
9  60.0  246.0
9  33.0  289.0
9  83.0  205.0
9  63.0  153.0
9  73.0  243.0
9  47.0  222.0
9  44.0  251.0
9  91.0  133.0
9  87.0  88.0
9  48.0  284.0
9  63.0  229.0
9  78.0  218.0
9  78.0  128.0
9  81.0  283.0
9  62.0  146.0
9  68.0  252.0
9  33.0  257.0
9  83.0  184.0
9  74.0  207.0
9  97.0  173.0
9  74.0  334.0
9  72.0  334.0
9  71.0  236.0
9  52.0  334.0
9  97.0  72.0
9  75.0  260.0
9  61.0  229.0
9  81.0  211.0
9  59.0  296.0
9  79.0  191.0
9  78.0  147.0
9  66.0  133.0
9  53.0  262.0
9  81.0  198.0
9  88.0  89.0
9  66.0  296.0
9  55.0  278.0
9  69.0  209.0
9  90.0  208.0
9  84.0  256.0
9  68.0  242.0
9  39.0  400.0
9  53.0  300.0
9  64.0  217.0
9  42.0  283.0
9  72.0  64.0
9  48.0  419.0
9  54.0  338.0
9  42.0  192.0
9  34.0  265.0
9  72.0  217.0
9  48.0  390.0
9  82.0  196.0
9  67.0  258.0
9  49.0  170.0
9  42.0  345.0
9  84.0  162.0
9  100.0  6.0
9  45.0  357.0
9  35.0  264.0
9  51.0  216.0
10  66.0  346.0
10  62.0  148.0
10  51.0  204.0
10  43.0  269.0
10  88.0  188.0
10  99.0  133.0
10  71.0  262.0
10  82.0  65.0
10  60.0  331.0
10  57.0  221.0
10  61.0  273.0
10  24.0  306.0
10  82.0  79.0
10  55.0  424.0
10  65.0  295.0
10  63.0  341.0
10  80.0  220.0
10  99.0  54.0
10  90.0  131.0
10  84.0  169.0
10  78.0  265.0
10  82.0  109.0
10  52.0  423.0
10  77.0  226.0
10  54.0  253.0
10  72.0  280.0
10  75.0  91.0
10  91.0  169.0
10  78.0  200.0
10  12.0  292.0
10  73.0  249.0
10  37.0  271.0
10  80.0  228.0
10  68.0  321.0
10  33.0  382.0
10  44.0  231.0
10  33.0  234.0
10  68.0  246.0
10  67.0  405.0
10  75.0  313.0
10  48.0  520.0
10  36.0  273.0
10  29.0  264.0
10  95.0  113.0
10  95.0  91.0
10  91.0  99.0
10  75.0  126.0
10  50.0  195.0
10  100.0  34.0
10  88.0  222.0
10  74.0  164.0
10  55.0  226.0
10  64.0  235.0
10  30.0  89.0
10  86.0  134.0
10  90.0  147.0
10  59.0  261.0
10  97.0  102.0
10  97.0  97.0
10  91.0  77.0
10  67.0  136.0
10  76.0  230.0
10  92.0  118.0
10  60.0  212.0
10  74.0  231.0
10  46.0  281.0
10  43.0  370.0
10  82.0  196.0
10  31.0  239.0
10  32.0  191.0
10  66.0  397.0
10  77.0  233.0
10  74.0  213.0
10  93.0  98.0
10  39.0  195.0
10  66.0  205.0
10  63.0  276.0
10  49.0  84.0
10  96.0  51.0
10  87.0  159.0
10  78.0  242.0
10  88.0  102.0
10  60.0  199.0
10  68.0  374.0
10  53.0  112.0
10  75.0  214.0
10  74.0  211.0
10  64.0  251.0
10  72.0  257.0
10  80.0  137.0
10  35.0  280.0
10  58.0  332.0
10  63.0  308.0
10  96.0  54.0
10  84.0  189.0
10  87.0  130.0
10  77.0  288.0
10  55.0  349.0
10  86.0  172.0
10  54.0  283.0
11  77.0  194.0
11  64.0  238.0
11  70.0  259.0
11  59.0  295.0
11  73.0  92.0
11  75.0  316.0
11  99.0  4.0
11  56.0  405.0
11  93.0  103.0
11  82.0  200.0
11  80.0  185.0
11  83.0  178.0
11  60.0  216.0
11  77.0  255.0
11  93.0  104.0
11  79.0  263.0
11  83.0  156.0
11  86.0  133.0
11  73.0  184.0
11  74.0  282.0
11  81.0  144.0
11  76.0  112.0
11  76.0  185.0
11  59.0  287.0
11  86.0  52.0
11  57.0  313.0
11  95.0  68.0
11  93.0  152.0
11  79.0  100.0
11  70.0  263.0
11  61.0  239.0
11  89.0  100.0
11  81.0  275.0
11  93.0  88.0
11  81.0  118.0
11  65.0  284.0
11  34.0  237.0
11  57.0  250.0
11  60.0  176.0
11  76.0  174.0
11  44.0  199.0
11  70.0  205.0
11  46.0  229.0
11  28.0  223.0
11  73.0  137.0
11  100.0  109.0
11  76.0  165.0
11  64.0  262.0
11  45.0  291.0
11  86.0  125.0
11  82.0  148.0
11  65.0  296.0
11  59.0  229.0
11  62.0  304.0
11  52.0  271.0
11  64.0  128.0
11  73.0  272.0
11  86.0  195.0
11  44.0  170.0
11  74.0  228.0
11  100.0  62.0
11  95.0  131.0
11  98.0  63.0
11  69.0  325.0
11  72.0  252.0
11  65.0  306.0
11  86.0  109.0
11  95.0  100.0
11  86.0  164.0
11  87.0  181.0
11  83.0  180.0
11  21.0  157.0
11  57.0  166.0
11  86.0  133.0
11  94.0  138.0
11  73.0  116.0
11  54.0  357.0
11  89.0  212.0
11  58.0  130.0
11  64.0  263.0
11  46.0  335.0
11  84.0  301.0
11  74.0  181.0
11  82.0  172.0
11  100.0  7.0
11  83.0  137.0
11  44.0  365.0
11  84.0  217.0
11  38.0  235.0
11  35.0  307.0
11  27.0  225.0
11  78.0  282.0
11  45.0  250.0
11  83.0  158.0
11  74.0  301.0
11  73.0  185.0
11  69.0  157.0
11  86.0  208.0
11  57.0  169.0
11  92.0  120.0
12  34.0  205.0
12  75.0  212.0
12  61.0  204.0
12  61.0  200.0
12  96.0  79.0
12  58.0  215.0
12  60.0  324.0
12  73.0  249.0
12  55.0  143.0
12  79.0  285.0
12  51.0  206.0
12  62.0  236.0
12  77.0  236.0
12  69.0  323.0
12  82.0  88.0
12  69.0  314.0
12  95.0  89.0
12  39.0  398.0
12  84.0  237.0
12  84.0  173.0
12  89.0  150.0
12  30.0  307.0
12  61.0  308.0
12  44.0  413.0
12  85.0  242.0
12  60.0  204.0
12  39.0  311.0
12  78.0  38.0
12  94.0  122.0
12  43.0  238.0
12  91.0  197.0
12  70.0  161.0
12  75.0  92.0
12  36.0  242.0
12  70.0  161.0
12  64.0  179.0
12  73.0  266.0
12  68.0  306.0
12  95.0  146.0
12  67.0  289.0
12  58.0  253.0
12  83.0  95.0
12  67.0  234.0
12  71.0  172.0
12  91.0  114.0
12  39.0  511.0
12  65.0  268.0
12  59.0  302.0
12  52.0  258.0
12  80.0  106.0
12  43.0  362.0
12  81.0  123.0
12  67.0  221.0
12  33.0  256.0
12  60.0  178.0
12  97.0  81.0
12  71.0  243.0
12  45.0  178.0
12  96.0  10.0
12  31.0  262.0
12  48.0  284.0
12  96.0  37.0
12  50.0  330.0
12  70.0  222.0
12  49.0  298.0
12  85.0  151.0
12  57.0  94.0
12  100.0  1.0
12  74.0  104.0
12  96.0  113.0
12  76.0  278.0
12  55.0  244.0
12  74.0  276.0
12  60.0  309.0
12  58.0  298.0
12  70.0  333.0
12  100.0  4.0
12  54.0  198.0
12  82.0  192.0
12  77.0  161.0
12  85.0  157.0
12  51.0  269.0
12  70.0  246.0
12  78.0  273.0
12  54.0  142.0
12  75.0  244.0
12  45.0  218.0
12  68.0  218.0
12  76.0  246.0
12  44.0  403.0
12  88.0  78.0
12  86.0  65.0
12  32.0  235.0
12  87.0  158.0
12  46.0  219.0
12  92.0  79.0
12  70.0  225.0
12  31.0  483.0
12  38.0  266.0
12  62.0  310.0
13  49.0  318.0
13  45.0  329.0
13  50.0  263.0
13  79.0  136.0
13  21.0  350.0
13  81.0  163.0
13  84.0  152.0
13  62.0  255.0
13  84.0  153.0
13  64.0  188.0
13  57.0  150.0
13  45.0  263.0
13  68.0  235.0
13  66.0  278.0
13  25.0  354.0
13  73.0  218.0
13  60.0  303.0
13  81.0  219.0
13  67.0  247.0
13  99.0  73.0
13  51.0  255.0
13  81.0  78.0
13  90.0  116.0
13  79.0  147.0
13  97.0  58.0
13  93.0  65.0
13  97.0  126.0
13  63.0  286.0
13  64.0  350.0
13  67.0  184.0
13  90.0  131.0
13  51.0  277.0
13  65.0  304.0
13  82.0  171.0
13  49.0  229.0
13  56.0  363.0
13  76.0  133.0
13  67.0  268.0
13  96.0  66.0
13  93.0  75.0
13  67.0  232.0
13  91.0  64.0
13  55.0  240.0
13  33.0  430.0
13  45.0  410.0
13  73.0  203.0
13  70.0  178.0
13  57.0  275.0
13  63.0  374.0
13  41.0  294.0
13  93.0  83.0
13  92.0  69.0
13  83.0  226.0
13  81.0  245.0
13  46.0  199.0
13  46.0  198.0
13  42.0  303.0
13  83.0  156.0
13  77.0  233.0
13  46.0  218.0
13  81.0  179.0
13  84.0  228.0
13  50.0  249.0
13  94.0  44.0
13  12.0  340.0
13  93.0  121.0
13  38.0  265.0
13  40.0  274.0
13  56.0  224.0
13  89.0  123.0
13  77.0  91.0
13  69.0  201.0
13  87.0  154.0
13  31.0  354.0
13  72.0  104.0
13  55.0  330.0
13  61.0  234.0
13  55.0  170.0
13  61.0  172.0
13  85.0  208.0
13  70.0  247.0
13  90.0  147.0
13  66.0  174.0
13  73.0  312.0
13  65.0  198.0
13  63.0  277.0
13  44.0  361.0
13  74.0  288.0
13  72.0  196.0
13  88.0  184.0
13  99.0  26.0
13  82.0  101.0
13  80.0  92.0
13  83.0  220.0
13  34.0  197.0
13  89.0  138.0
13  66.0  176.0
13  98.0  25.0
13  77.0  108.0
13  100.0  4.0
14  47.0  200.0
14  46.0  251.0
14  98.0  62.0
14  98.0  61.0
14  55.0  311.0
14  63.0  142.0
14  49.0  287.0
14  21.0  263.0
14  95.0  99.0
14  88.0  23.0
14  56.0  150.0
14  93.0  104.0
14  88.0  168.0
14  91.0  99.0
14  90.0  96.0
14  59.0  202.0
14  80.0  190.0
14  81.0  277.0
14  44.0  134.0
14  77.0  223.0
14  70.0  160.0
14  60.0  152.0
14  58.0  344.0
14  87.0  111.0
14  50.0  181.0
14  77.0  181.0
14  100.0  0.0
14  78.0  168.0
14  50.0  442.0
14  100.0  15.0
14  63.0  251.0
14  83.0  221.0
14  84.0  174.0
14  68.0  399.0
14  58.0  171.0
14  81.0  118.0
14  71.0  237.0
14  94.0  89.0
14  55.0  182.0
14  85.0  88.0
14  40.0  228.0
14  69.0  245.0
14  53.0  374.0
14  69.0  202.0
14  91.0  145.0
14  43.0  213.0
14  85.0  91.0
14  79.0  248.0
14  100.0  0.0
14  82.0  203.0
14  85.0  115.0
14  81.0  74.0
14  66.0  213.0
14  73.0  264.0
14  70.0  338.0
14  85.0  124.0
14  75.0  199.0
14  80.0  240.0
14  96.0  40.0
14  59.0  118.0
14  50.0  258.0
14  76.0  246.0
14  49.0  371.0
14  71.0  258.0
14  99.0  24.0
14  80.0  210.0
14  97.0  127.0
14  49.0  189.0
14  89.0  117.0
14  86.0  104.0
14  74.0  169.0
14  37.0  390.0
14  82.0  174.0
14  37.0  397.0
14  93.0  143.0
14  97.0  36.0
14  79.0  295.0
14  80.0  71.0
14  98.0  81.0
14  71.0  159.0
14  52.0  221.0
14  76.0  244.0
14  60.0  306.0
14  90.0  91.0
14  84.0  184.0
14  63.0  105.0
14  100.0  14.0
14  87.0  50.0
14  79.0  244.0
14  93.0  95.0
14  78.0  133.0
14  84.0  142.0
14  87.0  133.0
14  71.0  270.0
14  30.0  358.0
14  67.0  275.0
14  71.0  311.0
14  100.0  9.0
14  80.0  219.0
14  41.0  315.0
15  100.0  17.0
15  77.0  227.0
15  90.0  141.0
15  49.0  267.0
15  91.0  148.0
15  75.0  219.0
15  51.0  224.0
15  78.0  105.0
15  60.0  147.0
15  99.0  58.0
15  87.0  179.0
15  84.0  191.0
15  89.0  62.0
15  100.0  6.0
15  75.0  235.0
15  61.0  209.0
15  96.0  140.0
15  61.0  231.0
15  88.0  154.0
15  85.0  191.0
15  80.0  144.0
15  64.0  187.0
15  59.0  237.0
15  81.0  94.0
15  54.0  297.0
15  82.0  168.0
15  71.0  175.0
15  67.0  47.0
15  100.0  0.0
15  99.0  10.0
15  53.0  288.0
15  90.0  153.0
15  50.0  341.0
15  81.0  262.0
15  88.0  150.0
15  62.0  314.0
15  90.0  99.0
15  57.0  307.0
15  89.0  113.0
15  79.0  134.0
15  84.0  103.0
15  76.0  239.0
15  63.0  262.0
15  52.0  289.0
15  83.0  86.0
15  92.0  95.0
15  89.0  203.0
15  55.0  177.0
15  98.0  36.0
15  28.0  231.0
15  62.0  242.0
15  54.0  151.0
15  86.0  123.0
15  90.0  140.0
15  86.0  196.0
15  39.0  236.0
15  63.0  211.0
15  78.0  205.0
15  70.0  286.0
15  73.0  133.0
15  98.0  48.0
15  55.0  291.0
15  86.0  92.0
15  78.0  210.0
15  96.0  78.0
15  79.0  95.0
15  82.0  159.0
15  83.0  169.0
15  57.0  267.0
15  83.0  197.0
15  94.0  50.0
15  86.0  182.0
15  75.0  182.0
15  40.0  203.0
15  91.0  129.0
15  78.0  60.0
15  86.0  117.0
15  72.0  364.0
15  86.0  125.0
15  88.0  166.0
15  93.0  90.0
15  71.0  217.0
15  87.0  116.0
15  100.0  37.0
15  68.0  176.0
15  41.0  286.0
15  100.0  28.0
15  97.0  21.0
15  85.0  207.0
15  87.0  174.0
15  66.0  134.0
15  75.0  156.0
15  77.0  235.0
15  55.0  385.0
15  82.0  145.0
15  25.0  162.0
15  68.0  169.0
15  78.0  217.0
15  67.0  264.0
15  59.0  226.0
16  69.0  186.0
16  88.0  106.0
16  56.0  284.0
16  83.0  58.0
16  84.0  179.0
16  91.0  44.0
16  71.0  253.0
16  71.0  101.0
16  86.0  139.0
16  42.0  258.0
16  67.0  248.0
16  58.0  231.0
16  38.0  382.0
16  69.0  79.0
16  84.0  225.0
16  87.0  108.0
16  75.0  210.0
16  60.0  210.0
16  64.0  171.0
16  98.0  27.0
16  40.0  392.0
16  66.0  250.0
16  69.0  42.0
16  31.0  177.0
16  98.0  23.0
16  41.0  520.0
16  83.0  155.0
16  79.0  175.0
16  82.0  174.0
16  83.0  195.0
16  90.0  112.0
16  66.0  256.0
16  83.0  220.0
16  83.0  172.0
16  90.0  162.0
16  79.0  215.0
16  87.0  30.0
16  94.0  62.0
16  96.0  53.0
16  58.0  242.0
16  83.0  144.0
16  93.0  66.0
16  34.0  253.0
16  72.0  217.0
16  75.0  107.0
16  37.0  292.0
16  75.0  163.0
16  99.0  25.0
16  71.0  287.0
16  95.0  55.0
16  50.0  418.0
16  75.0  191.0
16  83.0  142.0
16  55.0  192.0
16  63.0  122.0
16  58.0  280.0
16  76.0  276.0
16  91.0  141.0
16  95.0  88.0
16  89.0  55.0
16  14.0  470.0
16  96.0  31.0
16  39.0  245.0
16  91.0  87.0
16  81.0  205.0
16  81.0  165.0
16  95.0  87.0
16  98.0  92.0
16  69.0  105.0
16  67.0  80.0
16  79.0  223.0
16  78.0  39.0
16  75.0  88.0
16  73.0  199.0
16  81.0  235.0
16  40.0  427.0
16  94.0  63.0
16  78.0  106.0
16  78.0  199.0
16  74.0  210.0
16  97.0  31.0
16  52.0  230.0
16  100.0  15.0
16  88.0  89.0
16  63.0  201.0
16  73.0  233.0
16  96.0  48.0
16  75.0  220.0
16  84.0  110.0
16  91.0  144.0
16  91.0  117.0
16  87.0  145.0
16  67.0  267.0
16  68.0  147.0
16  57.0  331.0
16  92.0  129.0
16  64.0  148.0
16  71.0  224.0
16  73.0  215.0
16  54.0  323.0
17  83.0  198.0
17  88.0  160.0
17  90.0  111.0
17  86.0  180.0
17  81.0  225.0
17  96.0  79.0
17  88.0  166.0
17  86.0  144.0
17  100.0  18.0
17  55.0  268.0
17  57.0  339.0
17  100.0  30.0
17  98.0  18.0
17  53.0  212.0
17  58.0  209.0
17  89.0  151.0
17  68.0  176.0
17  97.0  47.0
17  73.0  272.0
17  66.0  185.0
17  80.0  150.0
17  59.0  214.0
17  85.0  196.0
17  52.0  172.0
17  83.0  226.0
17  71.0  135.0
17  79.0  81.0
17  39.0  206.0
17  81.0  180.0
17  99.0  19.0
17  82.0  246.0
17  98.0  40.0
17  84.0  170.0
17  47.0  294.0
17  92.0  158.0
17  69.0  197.0
17  70.0  240.0
17  98.0  51.0
17  72.0  168.0
17  62.0  265.0
17  71.0  284.0
17  92.0  29.0
17  85.0  103.0
17  97.0  60.0
17  67.0  102.0
17  83.0  192.0
17  100.0  24.0
17  98.0  25.0
17  93.0  95.0
17  70.0  155.0
17  72.0  206.0
17  54.0  237.0
17  93.0  51.0
17  83.0  202.0
17  91.0  115.0
17  55.0  144.0
17  100.0  6.0
17  94.0  112.0
17  65.0  300.0
17  83.0  265.0
17  97.0  62.0
17  76.0  131.0
17  89.0  112.0
17  92.0  61.0
17  80.0  221.0
17  51.0  190.0
17  67.0  236.0
17  73.0  270.0
17  55.0  157.0
17  100.0  23.0
17  68.0  216.0
17  84.0  140.0
17  90.0  82.0
17  83.0  243.0
17  83.0  168.0
17  76.0  160.0
17  92.0  92.0
17  80.0  155.0
17  88.0  173.0
17  86.0  150.0
17  52.0  171.0
17  70.0  112.0
17  84.0  93.0
17  87.0  86.0
17  93.0  168.0
17  56.0  328.0
17  67.0  302.0
17  89.0  137.0
17  99.0  10.0
17  75.0  116.0
17  93.0  126.0
17  70.0  164.0
17  65.0  116.0
17  80.0  192.0
17  42.0  113.0
17  57.0  161.0
17  80.0  207.0
17  56.0  213.0
17  33.0  246.0
17  57.0  261.0
18  75.0  208.0
18  95.0  93.0
18  92.0  89.0
18  83.0  111.0
18  82.0  207.0
18  84.0  89.0
18  38.0  257.0
18  100.0  13.0
18  96.0  61.0
18  98.0  29.0
18  42.0  426.0
18  93.0  104.0
18  68.0  165.0
18  93.0  113.0
18  75.0  203.0
18  89.0  124.0
18  71.0  269.0
18  63.0  154.0
18  89.0  114.0
18  68.0  223.0
18  56.0  245.0
18  95.0  71.0
18  73.0  224.0
18  82.0  219.0
18  74.0  253.0
18  81.0  208.0
18  100.0  1.0
18  85.0  175.0
18  56.0  74.0
18  52.0  315.0
18  74.0  202.0
18  100.0  23.0
18  76.0  240.0
18  87.0  133.0
18  55.0  119.0
18  63.0  173.0
18  54.0  197.0
18  100.0  6.0
18  79.0  201.0
18  100.0  22.0
18  94.0  68.0
18  90.0  63.0
18  95.0  105.0
18  52.0  212.0
18  51.0  224.0
18  85.0  171.0
18  86.0  135.0
18  84.0  165.0
18  55.0  236.0
18  100.0  22.0
18  79.0  226.0
18  94.0  129.0
18  82.0  59.0
18  46.0  357.0
18  81.0  82.0
18  87.0  117.0
18  84.0  87.0
18  85.0  212.0
18  74.0  77.0
18  71.0  109.0
18  66.0  288.0
18  73.0  198.0
18  80.0  297.0
18  85.0  144.0
18  95.0  55.0
18  94.0  49.0
18  86.0  176.0
18  76.0  231.0
18  60.0  305.0
18  99.0  77.0
18  85.0  200.0
18  75.0  112.0
18  49.0  310.0
18  84.0  176.0
18  78.0  242.0
18  91.0  67.0
18  76.0  189.0
18  74.0  213.0
18  93.0  33.0
18  83.0  203.0
18  66.0  121.0
18  59.0  176.0
18  75.0  98.0
18  87.0  134.0
18  78.0  138.0
18  97.0  53.0
18  90.0  121.0
18  53.0  214.0
18  76.0  182.0
18  64.0  247.0
18  91.0  121.0
18  91.0  73.0
18  84.0  151.0
18  93.0  116.0
18  85.0  42.0
18  92.0  83.0
18  79.0  201.0
18  85.0  204.0
18  67.0  171.0
18  84.0  121.0
19  91.0  24.0
19  76.0  203.0
19  24.0  180.0
19  84.0  104.0
19  41.0  158.0
19  86.0  98.0
19  92.0  79.0
19  83.0  155.0
19  75.0  226.0
19  96.0  45.0
19  74.0  106.0
19  47.0  163.0
19  61.0  242.0
19  65.0  202.0
19  75.0  177.0
19  90.0  119.0
19  93.0  140.0
19  77.0  130.0
19  48.0  224.0
19  87.0  108.0
19  67.0  58.0
19  81.0  184.0
19  80.0  239.0
19  84.0  72.0
19  86.0  153.0
19  83.0  178.0
19  61.0  272.0
19  81.0  83.0
19  80.0  179.0
19  78.0  207.0
19  65.0  135.0
19  82.0  140.0
19  56.0  190.0
19  77.0  317.0
19  95.0  43.0
19  74.0  237.0
19  95.0  134.0
19  55.0  250.0
19  87.0  37.0
19  58.0  258.0
19  64.0  125.0
19  56.0  256.0
19  70.0  208.0
19  68.0  234.0
19  81.0  151.0
19  53.0  156.0
19  100.0  5.0
19  72.0  265.0
19  83.0  134.0
19  62.0  337.0
19  83.0  171.0
19  86.0  108.0
19  88.0  122.0
19  100.0  19.0
19  71.0  190.0
19  75.0  166.0
19  78.0  224.0
19  61.0  273.0
19  59.0  160.0
19  96.0  64.0
19  70.0  266.0
19  65.0  129.0
19  79.0  213.0
19  82.0  175.0
19  39.0  310.0
19  79.0  67.0
19  60.0  146.0
19  81.0  253.0
19  94.0  84.0
19  78.0  211.0
19  57.0  136.0
19  82.0  100.0
19  78.0  212.0
19  64.0  240.0
19  70.0  147.0
19  54.0  154.0
19  91.0  64.0
19  74.0  223.0
19  85.0  196.0
19  67.0  315.0
19  30.0  192.0
19  71.0  253.0
19  93.0  105.0
19  100.0  9.0
19  83.0  146.0
19  85.0  73.0
19  67.0  262.0
19  68.0  224.0
19  74.0  203.0
19  96.0  51.0
19  84.0  217.0
19  99.0  30.0
19  81.0  151.0
19  36.0  250.0
19  71.0  149.0
19  76.0  206.0
19  77.0  56.0
19  72.0  162.0
19  92.0  93.0
19  94.0  36.0
20  86.0  157.0
20  52.0  241.0
20  80.0  162.0
20  78.0  172.0
20  59.0  100.0
20  87.0  82.0
20  52.0  193.0
20  67.0  181.0
20  79.0  197.0
20  72.0  301.0
20  72.0  66.0
20  86.0  149.0
20  21.0  311.0
20  85.0  92.0
20  87.0  56.0
20  81.0  131.0
20  57.0  231.0
20  93.0  44.0
20  63.0  281.0
20  42.0  144.0
20  72.0  61.0
20  60.0  444.0
20  71.0  90.0
20  74.0  195.0
20  90.0  177.0
20  52.0  225.0
20  68.0  251.0
20  76.0  207.0
20  71.0  171.0
20  83.0  194.0
20  100.0  0.0
20  74.0  242.0
20  83.0  138.0
20  52.0  246.0
20  71.0  265.0
20  93.0  46.0
20  79.0  180.0
20  75.0  205.0
20  76.0  156.0
20  93.0  71.0
20  90.0  93.0
20  86.0  208.0
20  70.0  186.0
20  97.0  69.0
20  91.0  94.0
20  78.0  246.0
20  80.0  230.0
20  93.0  114.0
20  76.0  264.0
20  95.0  120.0
20  66.0  139.0
20  71.0  131.0
20  97.0  87.0
20  44.0  201.0
20  71.0  269.0
20  79.0  150.0
20  60.0  182.0
20  80.0  184.0
20  84.0  156.0
20  92.0  69.0
20  74.0  260.0
20  84.0  196.0
20  91.0  148.0
20  57.0  171.0
20  88.0  199.0
20  91.0  124.0
20  87.0  156.0
20  63.0  152.0
20  78.0  103.0
20  100.0  6.0
20  44.0  364.0
20  92.0  61.0
20  89.0  116.0
20  84.0  105.0
20  70.0  139.0
20  100.0  8.0
20  100.0  6.0
20  81.0  231.0
20  58.0  136.0
20  52.0  196.0
20  87.0  166.0
20  95.0  93.0
20  51.0  258.0
20  97.0  66.0
20  68.0  189.0
20  56.0  192.0
20  93.0  68.0
20  78.0  183.0
20  92.0  175.0
20  77.0  167.0
20  97.0  95.0
20  66.0  138.0
20  67.0  250.0
20  67.0  183.0
20  30.0  119.0
20  78.0  159.0
20  77.0  145.0
20  95.0  135.0
20  75.0  133.0
20  57.0  286.0
