40  28.0  261
60  14.0  256
80  26.0  391
100  22.0  249
120  58.0  488
140  89.0  315
160  80.0  423
180  75.0  394
200  98.0  230
40  0.0  124
60  8.0  332
80  80.0  300
100  24.0  222
120  60.0  442
140  64.0  363
160  60.0  515
180  52.0  407
200  59.0  506
40  10.0  219
60  66.0  300
80  51.0  387
100  43.0  441
120  58.0  292
140  25.0  387
160  64.0  275
180  55.0  391
200  90.0  329
40  77.0  212
60  11.0  148
80  32.0  182
100  41.0  347
120  62.0  256
140  64.0  273
160  71.0  325
180  83.0  325
200  42.0  381
40  11.0  270
60  16.0  345
80  33.0  371
100  42.0  216
120  14.0  173
140  86.0  310
160  76.0  419
180  70.0  319
200  86.0  293
40  16.0  206
60  27.0  260
80  48.0  279
100  52.0  387
120  56.0  182
140  74.0  324
160  77.0  457
180  70.0  395
200  65.0  657
40  15.0  228
60  32.0  282
80  61.0  337
100  27.0  359
120  64.0  517
140  75.0  427
160  70.0  502
180  58.0  566
200  87.0  375
40  23.0  247
60  3.0  189
80  21.0  284
100  66.0  393
120  54.0  484
140  40.0  261
160  91.0  291
180  64.0  422
200  60.0  455
40  23.0  267
60  9.0  396
80  21.0  279
100  66.0  428
120  81.0  282
140  48.0  260
160  46.0  295
180  65.0  418
200  89.0  319
40  1.0  161
60  11.0  407
80  18.0  287
100  67.0  490
120  69.0  417
140  84.0  263
160  82.0  305
180  51.0  369
200  92.0  247
40  6.0  131
60  47.0  225
80  43.0  444
100  47.0  365
120  57.0  467
140  58.0  618
160  78.0  411
180  98.0  226
200  77.0  265
40  30.0  299
60  15.0  275
80  28.0  467
100  64.0  415
120  21.0  284
140  79.0  358
160  35.0  540
180  69.0  396
200  68.0  384
40  34.0  222
60  50.0  237
80  31.0  353
100  31.0  305
120  16.0  379
140  48.0  432
160  46.0  186
180  85.0  371
200  95.0  307
40  5.0  250
60  20.0  287
80  43.0  348
100  36.0  298
120  43.0  697
140  82.0  364
160  75.0  334
180  59.0  341
200  76.0  368
40  0.0  223
60  16.0  546
80  48.0  368
100  21.0  184
120  96.0  229
140  72.0  381
160  73.0  462
180  91.0  356
200  57.0  302
40  7.0  136
60  35.0  314
80  32.0  276
100  56.0  312
120  60.0  261
140  44.0  441
160  80.0  424
180  63.0  504
200  72.0  583
40  3.0  164
60  29.0  279
80  20.0  271
100  41.0  529
120  81.0  334
140  55.0  339
160  61.0  407
180  82.0  328
200  88.0  316
40  6.0  279
60  18.0  227
80  4.0  217
100  41.0  396
120  48.0  476
140  51.0  249
160  75.0  273
180  93.0  279
200  91.0  309
40  10.0  238
60  12.0  368
80  28.0  385
100  39.0  364
120  42.0  377
140  71.0  418
160  79.0  394
180  67.0  698
200  83.0  365
40  29.0  211
60  18.0  353
80  7.0  499
100  57.0  415
120  40.0  409
140  54.0  448
160  50.0  510
180  42.0  348
200  45.0  544
40  16.0  246
60  13.0  297
80  38.0  381
100  56.0  342
120  45.0  290
140  44.0  488
160  79.0  374
180  90.0  286
200  79.0  379
40  4.0  190
60  35.0  330
80  82.0  268
100  25.0  401
120  66.0  390
140  96.0  258
160  50.0  336
180  89.0  314
200  63.0  297
40  7.0  216
60  46.0  326
80  77.0  348
100  29.0  353
120  74.0  331
140  74.0  277
160  69.0  386
180  61.0  261
200  89.0  327
40  47.0  294
60  42.0  285
80  49.0  355
100  47.0  335
120  40.0  385
140  41.0  369
160  79.0  260
180  75.0  384
200  75.0  374
40  5.0  91
60  24.0  247
80  37.0  399
100  32.0  325
120  68.0  357
140  46.0  460
160  81.0  333
180  45.0  550
200  96.0  261
40  25.0  188
60  41.0  430
80  37.0  303
100  56.0  328
120  51.0  380
140  61.0  489
160  59.0  384
180  96.0  235
200  92.0  279
40  0.0  109
60  2.0  277
80  36.0  366
100  30.0  344
120  38.0  384
140  63.0  280
160  95.0  253
180  65.0  365
200  91.0  328
40  0.0  287
60  33.0  309
80  34.0  386
100  47.0  499
120  72.0  410
140  72.0  451
160  83.0  293
180  82.0  312
200  75.0  392
40  11.0  232
60  18.0  238
80  22.0  367
100  65.0  372
120  53.0  313
140  39.0  410
160  49.0  359
180  79.0  370
200  88.0  364
40  17.0  276
60  13.0  202
80  30.0  430
100  37.0  359
120  41.0  510
140  92.0  279
160  81.0  339
180  50.0  569
200  86.0  415
40  6.0  172
60  21.0  237
80  51.0  442
100  72.0  330
120  61.0  403
140  84.0  312
160  91.0  312
180  84.0  379
200  78.0  296
40  0.0  166
60  37.0  272
80  48.0  481
100  20.0  456
120  19.0  293
140  42.0  370
160  70.0  459
180  79.0  411
200  91.0  259
40  27.0  301
60  11.0  221
80  22.0  420
100  46.0  332
120  36.0  455
140  55.0  487
160  63.0  456
180  60.0  408
200  83.0  417
40  9.0  266
60  33.0  212
80  0.0  124
100  38.0  442
120  83.0  325
140  54.0  307
160  76.0  291
180  77.0  322
200  79.0  492
40  4.0  223
60  3.0  452
80  36.0  448
100  6.0  223
120  83.0  305
140  41.0  457
160  87.0  310
180  76.0  432
200  86.0  374
40  1.0  254
60  10.0  238
80  27.0  394
100  50.0  417
120  34.0  316
140  63.0  245
160  54.0  439
180  92.0  277
200  82.0  376
40  33.0  269
60  9.0  234
80  49.0  454
100  46.0  399
120  75.0  333
140  48.0  374
160  35.0  330
180  98.0  230
200  83.0  349
40  13.0  323
60  26.0  369
80  25.0  236
100  21.0  436
120  73.0  434
140  61.0  269
160  80.0  432
180  83.0  317
200  79.0  425
40  12.0  334
60  40.0  280
80  68.0  310
100  1.0  369
120  55.0  467
140  54.0  515
160  76.0  413
180  62.0  405
200  78.0  525
40  6.0  184
60  20.0  344
80  5.0  349
100  70.0  388
120  69.0  204
140  90.0  315
160  57.0  338
180  70.0  635
200  90.0  321
40  45.0  283
60  25.0  251
80  70.0  378
100  53.0  440
120  77.0  340
140  48.0  484
160  88.0  324
180  46.0  319
200  83.0  393
40  12.0  229
60  17.0  347
80  41.0  351
100  43.0  487
120  58.0  420
140  56.0  373
160  58.0  220
180  63.0  539
200  51.0  445
40  16.0  244
60  18.0  320
80  34.0  515
100  47.0  412
120  48.0  321
140  71.0  414
160  67.0  384
180  37.0  321
200  66.0  541
40  11.0  281
60  8.0  403
80  45.0  422
100  61.0  381
120  63.0  406
140  78.0  383
160  80.0  311
180  62.0  395
200  89.0  328
40  0.0  167
60  27.0  218
80  30.0  352
100  35.0  259
120  33.0  378
140  95.0  234
160  57.0  450
180  89.0  279
200  94.0  274
40  10.0  177
60  47.0  333
80  50.0  470
100  16.0  390
120  51.0  401
140  60.0  429
160  74.0  335
180  70.0  551
200  52.0  370
40  15.0  340
60  16.0  398
80  26.0  337
100  22.0  434
120  77.0  336
140  64.0  273
160  55.0  355
180  69.0  232
200  38.0  417
40  10.0  158
60  38.0  264
80  44.0  585
100  19.0  373
120  73.0  365
140  55.0  416
160  96.0  265
180  31.0  432
200  93.0  288
40  5.0  95
60  67.0  299
80  26.0  372
100  27.0  418
120  62.0  409
140  68.0  357
160  74.0  291
180  51.0  355
200  85.0  238
40  5.0  199
60  16.0  310
80  29.0  355
100  47.0  445
120  42.0  353
140  78.0  433
160  59.0  616
180  72.0  343
200  50.0  398
40  17.0  182
60  32.0  269
80  49.0  306
100  35.0  299
120  63.0  396
140  47.0  552
160  69.0  310
180  75.0  395
200  33.0  376
40  33.0  227
60  12.0  365
80  21.0  300
100  38.0  364
120  51.0  379
140  47.0  354
160  61.0  358
180  79.0  461
200  78.0  382
40  5.0  272
60  64.0  388
80  50.0  434
100  56.0  408
120  54.0  423
140  53.0  330
160  57.0  321
180  77.0  440
200  49.0  538
40  6.0  258
60  7.0  302
80  45.0  380
100  56.0  380
120  27.0  245
140  51.0  386
160  65.0  377
180  81.0  445
200  91.0  317
40  21.0  278
60  68.0  318
80  19.0  320
100  13.0  320
120  85.0  318
140  71.0  367
160  59.0  419
180  95.0  285
200  49.0  511
40  24.0  285
60  33.0  182
80  55.0  338
100  43.0  589
120  48.0  541
140  87.0  338
160  82.0  319
180  57.0  632
200  79.0  217
40  17.0  246
60  4.0  189
80  56.0  473
100  36.0  405
120  43.0  463
140  23.0  355
160  75.0  300
180  80.0  399
200  98.0  217
40  10.0  313
60  47.0  312
80  34.0  340
100  65.0  242
120  53.0  516
140  64.0  593
160  80.0  292
180  83.0  266
200  63.0  279
40  20.0  179
60  18.0  241
80  65.0  310
100  54.0  360
120  41.0  355
140  72.0  470
160  61.0  371
180  98.0  226
200  86.0  324
40  24.0  166
60  15.0  220
80  27.0  356
100  32.0  294
120  91.0  272
140  50.0  357
160  80.0  346
180  56.0  328
200  88.0  268
40  21.0  225
60  21.0  230
80  11.0  352
100  36.0  417
120  43.0  271
140  77.0  297
160  59.0  408
180  93.0  275
200  57.0  351
40  16.0  267
60  14.0  235
80  29.0  356
100  37.0  499
120  41.0  253
140  74.0  406
160  70.0  447
180  71.0  383
200  62.0  408
40  27.0  305
60  15.0  211
80  32.0  290
100  42.0  307
120  36.0  515
140  74.0  285
160  66.0  433
180  16.0  421
200  82.0  403
40  10.0  189
60  28.0  399
80  30.0  266
100  43.0  339
120  56.0  395
140  65.0  337
160  72.0  350
180  87.0  368
200  84.0  412
40  18.0  321
60  15.0  263
80  41.0  407
100  31.0  345
120  71.0  408
140  45.0  247
160  83.0  304
180  97.0  261
200  84.0  339
40  27.0  308
60  10.0  302
80  27.0  338
100  32.0  347
120  12.0  428
140  88.0  333
160  68.0  397
180  49.0  450
200  96.0  255
40  27.0  270
60  0.0  220
80  51.0  414
100  67.0  408
120  38.0  369
140  47.0  399
160  88.0  305
180  82.0  244
200  93.0  263
40  7.0  380
60  9.0  416
80  44.0  322
100  43.0  358
120  86.0  325
140  79.0  319
160  65.0  322
180  85.0  374
200  96.0  252
40  9.0  171
60  26.0  377
80  16.0  329
100  42.0  477
120  59.0  305
140  50.0  441
160  65.0  521
180  76.0  433
200  81.0  357
40  26.0  314
60  30.0  319
80  19.0  507
100  78.0  355
120  48.0  483
140  36.0  517
160  63.0  378
180  57.0  444
200  94.0  303
40  11.0  221
60  6.0  324
80  39.0  217
100  35.0  372
120  83.0  314
140  53.0  468
160  72.0  279
180  62.0  517
200  93.0  317
40  21.0  252
60  44.0  370
80  57.0  308
100  59.0  456
120  70.0  362
140  83.0  297
160  98.0  216
180  43.0  405
200  71.0  504
40  50.0  260
60  17.0  225
80  28.0  538
100  36.0  333
120  81.0  343
140  38.0  246
160  51.0  347
180  25.0  461
200  64.0  315
40  0.0  166
60  53.0  319
80  23.0  290
100  24.0  267
120  92.0  256
140  77.0  341
160  84.0  364
180  42.0  309
200  76.0  363
40  24.0  267
60  22.0  488
80  22.0  309
100  24.0  379
120  38.0  476
140  48.0  235
160  58.0  344
180  86.0  384
200  69.0  444
40  9.0  167
60  8.0  417
80  38.0  450
100  79.0  342
120  60.0  383
140  51.0  363
160  80.0  373
180  82.0  296
200  76.0  401
40  29.0  349
60  22.0  380
80  53.0  373
100  58.0  337
120  36.0  557
140  71.0  407
160  86.0  342
180  66.0  457
200  96.0  232
40  5.0  203
60  21.0  489
80  59.0  381
100  82.0  281
120  34.0  342
140  76.0  431
160  68.0  438
180  93.0  302
200  45.0  390
40  0.0  229
60  46.0  221
80  18.0  280
100  25.0  453
120  45.0  566
140  80.0  424
160  52.0  379
180  82.0  375
200  93.0  271
40  10.0  339
60  24.0  305
80  23.0  421
100  20.0  418
120  71.0  238
140  54.0  436
160  90.0  271
180  79.0  284
200  98.0  224
40  8.0  180
60  12.0  266
80  60.0  386
100  66.0  317
120  76.0  315
140  50.0  252
160  86.0  328
180  59.0  455
200  74.0  500
40  4.0  228
60  15.0  357
80  36.0  289
100  67.0  454
120  91.0  279
140  67.0  528
160  65.0  371
180  98.0  229
200  56.0  523
40  2.0  235
60  21.0  313
80  14.0  448
100  80.0  311
120  57.0  327
140  92.0  257
160  73.0  371
180  66.0  553
200  53.0  485
40  6.0  185
60  49.0  251
80  8.0  367
100  15.0  425
120  60.0  488
140  53.0  244
160  76.0  404
180  83.0  423
200  90.0  316
40  29.0  279
60  29.0  455
80  47.0  265
100  33.0  346
120  47.0  364
140  72.0  340
160  84.0  385
180  71.0  338
200  55.0  273
40  13.0  285
60  30.0  346
80  48.0  468
100  50.0  435
120  72.0  343
140  27.0  471
160  71.0  373
180  98.0  222
200  84.0  385
40  8.0  263
60  20.0  365
80  45.0  369
100  65.0  349
120  60.0  535
140  72.0  345
160  87.0  342
180  39.0  515
200  96.0  259
40  8.0  272
60  33.0  245
80  56.0  416
100  17.0  438
120  40.0  284
140  46.0  309
160  44.0  343
180  88.0  308
200  73.0  361
40  10.0  254
60  39.0  311
80  23.0  286
100  43.0  340
120  69.0  332
140  51.0  406
160  87.0  284
180  82.0  362
200  56.0  413
40  17.0  306
60  18.0  366
80  48.0  329
100  58.0  343
120  43.0  472
140  67.0  306
160  56.0  259
180  59.0  450
200  70.0  507
40  1.0  171
60  4.0  275
80  11.0  288
100  60.0  351
120  18.0  217
140  52.0  366
160  65.0  517
180  73.0  459
200  80.0  436
40  21.0  337
60  6.0  180
80  35.0  395
100  55.0  453
120  78.0  328
140  57.0  344
160  32.0  191
180  56.0  461
200  91.0  319
40  9.0  271
60  19.0  382
80  53.0  394
100  53.0  526
120  65.0  415
140  48.0  401
160  56.0  261
180  67.0  297
200  97.0  251
40  10.0  238
60  6.0  378
80  55.0  325
100  80.0  309
120  81.0  363
140  47.0  385
160  74.0  368
180  91.0  337
200  87.0  384
40  4.0  218
60  24.0  284
80  6.0  490
100  49.0  404
120  51.0  479
140  57.0  399
160  77.0  279
180  54.0  392
200  64.0  363
40  1.0  206
60  26.0  432
80  36.0  307
100  50.0  388
120  89.0  238
140  19.0  180
160  68.0  309
180  86.0  271
200  88.0  353
40  3.0  317
60  19.0  190
80  34.0  373
100  57.0  379
120  38.0  438
140  82.0  336
160  86.0  370
180  75.0  235
200  76.0  559
40  0.0  234
60  12.0  232
80  72.0  275
100  41.0  296
120  73.0  343
140  92.0  239
160  84.0  329
180  66.0  275
200  16.0  375
40  10.0  267
60  25.0  316
80  41.0  461
100  57.0  431
120  51.0  329
140  42.0  444
160  43.0  358
180  39.0  599
200  77.0  290
40  1.0  292
60  11.0  325
80  2.0  329
100  52.0  372
120  24.0  412
140  33.0  553
160  59.0  499
180  76.0  341
200  90.0  339
