40  24.600000000000001  1409
60  46.799999999999997  1497
80  55.799999999999997  1453
100  46.299999999999997  2135
120  62.200000000000003  2215
140  61.399999999999999  2205
160  67.299999999999997  1968
180  75.400000000000006  2252
200  69.900000000000006  2084
40  24.100000000000001  1134
60  35.399999999999999  1390
80  50.100000000000001  1869
100  56.899999999999999  1707
120  72.400000000000006  1902
140  67.900000000000006  1883
160  72.799999999999997  1957
180  64.799999999999997  2024
200  87.700000000000003  2005
