1  32.0  439.0
2  64.0  495.0
3  90.0  500.0
4  52.0  474.0
5  49.0  405.0
6  38.0  424.0
7  52.0  439.0
1  26.0  488.0
2  42.0  439.0
3  49.0  481.0
4  40.0  438.0
5  32.0  385.0
6  31.0  412.0
7  42.0  468.0
1  80.0  460.0
2  42.0  460.0
3  38.0  400.0
4  45.0  469.0
5  15.0  421.0
6  37.0  336.0
7  33.0  464.0
1  60.0  480.0
2  40.0  353.0
3  24.0  412.0
4  70.0  497.0
5  36.0  471.0
6  33.0  334.0
7  55.0  485.0
1  44.0  493.0
2  69.0  489.0
3  68.0  500.0
4  41.0  423.0
5  64.0  480.0
6  35.0  413.0
7  41.0  400.0
1  57.0  500.0
2  49.0  475.0
3  50.0  489.0
4  78.0  488.0
5  75.0  499.0
6  10.0  406.0
7  41.0  377.0
1  4.0  296.0
2  34.0  387.0
3  38.0  442.0
4  73.0  476.0
5  41.0  376.0
6  15.0  299.0
7  66.0  479.0
1  68.0  494.0
2  31.0  326.0
3  49.0  447.0
4  54.0  452.0
5  64.0  474.0
6  35.0  498.0
7  28.0  401.0
1  67.0  500.0
2  47.0  318.0
3  46.0  301.0
4  46.0  498.0
5  38.0  470.0
6  49.0  467.0
7  38.0  446.0
1  60.0  500.0
2  86.0  500.0
3  72.0  500.0
4  4.0  165.0
5  59.0  497.0
6  33.0  448.0
7  44.0  494.0
1  57.0  496.0
2  70.0  495.0
3  33.0  469.0
4  55.0  497.0
5  44.0  422.0
6  15.0  371.0
7  37.0  412.0
1  68.0  495.0
2  42.0  403.0
3  40.0  500.0
4  54.0  500.0
5  32.0  329.0
6  60.0  458.0
7  55.0  453.0
1  92.0  495.0
2  39.0  498.0
3  68.0  491.0
4  37.0  409.0
5  41.0  464.0
6  61.0  500.0
7  49.0  457.0
1  39.0  500.0
2  37.0  429.0
3  37.0  375.0
4  38.0  492.0
5  53.0  494.0
6  22.0  391.0
7  31.0  401.0
1  36.0  345.0
2  67.0  483.0
3  69.0  498.0
4  39.0  471.0
5  47.0  488.0
6  21.0  415.0
7  41.0  492.0
1  58.0  455.0
2  37.0  442.0
3  27.0  352.0
4  71.0  500.0
5  59.0  360.0
6  39.0  401.0
7  52.0  454.0
1  78.0  500.0
2  23.0  385.0
3  80.0  500.0
4  42.0  386.0
5  49.0  476.0
6  47.0  416.0
7  40.0  449.0
1  48.0  422.0
2  55.0  386.0
3  40.0  443.0
4  58.0  496.0
5  32.0  357.0
6  22.0  260.0
7  44.0  478.0
1  29.0  453.0
2  58.0  392.0
3  23.0  318.0
4  81.0  500.0
5  46.0  493.0
6  54.0  482.0
7  61.0  495.0
1  30.0  326.0
2  81.0  483.0
3  49.0  426.0
4  46.0  373.0
5  57.0  499.0
6  60.0  494.0
7  38.0  473.0
1  37.0  339.0
2  67.0  481.0
3  22.0  448.0
4  32.0  451.0
5  51.0  424.0
6  42.0  363.0
7  19.0  370.0
1  0.0  211.0
2  39.0  452.0
3  64.0  447.0
4  67.0  478.0
5  53.0  500.0
6  33.0  419.0
7  28.0  421.0
1  54.0  458.0
2  33.0  491.0
3  32.0  364.0
4  48.0  483.0
5  50.0  496.0
6  31.0  376.0
7  51.0  471.0
1  62.0  500.0
2  37.0  497.0
3  62.0  481.0
4  37.0  325.0
5  20.0  348.0
6  50.0  493.0
7  52.0  479.0
1  52.0  500.0
2  56.0  479.0
3  54.0  421.0
4  40.0  303.0
5  6.0  410.0
6  41.0  335.0
7  70.0  493.0
1  59.0  481.0
2  25.0  408.0
3  68.0  490.0
4  35.0  338.0
5  42.0  476.0
6  43.0  471.0
7  26.0  443.0
1  9.0  424.0
2  37.0  421.0
3  39.0  454.0
4  50.0  443.0
5  48.0  450.0
6  44.0  390.0
7  38.0  495.0
1  36.0  447.0
2  69.0  500.0
3  34.0  421.0
4  32.0  301.0
5  54.0  468.0
6  87.0  500.0
7  47.0  456.0
1  20.0  357.0
2  63.0  484.0
3  28.0  362.0
4  52.0  487.0
5  56.0  477.0
6  48.0  465.0
7  41.0  414.0
1  57.0  425.0
2  15.0  486.0
3  47.0  457.0
4  59.0  500.0
5  42.0  415.0
6  36.0  430.0
7  52.0  496.0
1  48.0  493.0
2  61.0  500.0
3  35.0  468.0
4  46.0  404.0
5  56.0  490.0
6  21.0  278.0
7  46.0  476.0
1  49.0  499.0
2  69.0  500.0
3  40.0  497.0
4  57.0  462.0
5  35.0  353.0
6  21.0  389.0
7  45.0  475.0
1  61.0  500.0
2  51.0  347.0
3  48.0  457.0
4  30.0  360.0
5  35.0  426.0
6  41.0  398.0
7  36.0  363.0
1  16.0  466.0
2  47.0  403.0
3  52.0  500.0
4  49.0  500.0
5  83.0  494.0
6  73.0  500.0
7  56.0  428.0
1  42.0  500.0
2  56.0  473.0
3  29.0  442.0
4  57.0  482.0
5  47.0  441.0
6  40.0  435.0
7  27.0  439.0
1  22.0  226.0
2  47.0  482.0
3  26.0  462.0
4  70.0  474.0
5  71.0  500.0
6  16.0  398.0
7  28.0  444.0
1  9.0  367.0
2  70.0  470.0
3  62.0  500.0
4  52.0  368.0
5  61.0  493.0
6  38.0  470.0
7  34.0  478.0
1  59.0  447.0
2  33.0  466.0
3  78.0  500.0
4  38.0  395.0
5  44.0  492.0
6  59.0  460.0
7  39.0  468.0
1  74.0  500.0
2  32.0  410.0
3  36.0  334.0
4  49.0  488.0
5  75.0  480.0
6  26.0  429.0
7  48.0  480.0
1  41.0  493.0
2  45.0  344.0
3  32.0  490.0
4  75.0  496.0
5  58.0  384.0
6  44.0  474.0
7  50.0  480.0
1  55.0  461.0
2  50.0  498.0
3  63.0  496.0
4  67.0  500.0
5  63.0  478.0
6  65.0  500.0
7  46.0  459.0
1  35.0  407.0
2  39.0  478.0
3  88.0  469.0
4  57.0  492.0
5  68.0  464.0
6  61.0  499.0
7  38.0  449.0
1  14.0  323.0
2  29.0  357.0
3  62.0  464.0
4  39.0  385.0
5  51.0  458.0
6  25.0  362.0
7  49.0  462.0
1  62.0  488.0
2  32.0  456.0
3  35.0  483.0
4  50.0  405.0
5  45.0  499.0
6  37.0  487.0
7  37.0  423.0
1  46.0  465.0
2  34.0  403.0
3  24.0  454.0
4  52.0  462.0
5  20.0  318.0
6  37.0  461.0
7  43.0  467.0
1  77.0  499.0
2  42.0  377.0
3  55.0  467.0
4  56.0  487.0
5  20.0  353.0
6  38.0  497.0
7  34.0  459.0
1  26.0  379.0
2  70.0  490.0
3  44.0  463.0
4  60.0  477.0
5  45.0  470.0
6  38.0  429.0
7  40.0  393.0
1  83.0  463.0
2  53.0  492.0
3  22.0  318.0
4  76.0  500.0
5  47.0  438.0
6  50.0  449.0
7  32.0  443.0
1  37.0  444.0
2  52.0  490.0
3  40.0  484.0
4  68.0  473.0
5  51.0  475.0
6  67.0  466.0
7  19.0  344.0
1  28.0  499.0
2  26.0  447.0
3  38.0  411.0
4  58.0  496.0
5  38.0  437.0
6  44.0  500.0
7  39.0  386.0
1  42.0  482.0
2  60.0  443.0
3  42.0  499.0
4  67.0  472.0
5  48.0  497.0
6  42.0  460.0
7  49.0  489.0
1  75.0  458.0
2  60.0  496.0
3  10.0  312.0
4  43.0  444.0
5  46.0  451.0
6  29.0  440.0
7  22.0  470.0
1  57.0  487.0
2  60.0  500.0
3  53.0  410.0
4  55.0  429.0
5  35.0  392.0
6  50.0  455.0
7  26.0  356.0
1  42.0  331.0
2  43.0  430.0
3  15.0  337.0
4  41.0  435.0
5  39.0  481.0
6  38.0  330.0
7  53.0  462.0
1  48.0  500.0
2  70.0  448.0
3  41.0  440.0
4  30.0  417.0
5  27.0  459.0
6  64.0  439.0
7  70.0  497.0
1  74.0  500.0
2  76.0  470.0
3  29.0  484.0
4  49.0  499.0
5  37.0  362.0
6  20.0  405.0
7  7.0  303.0
1  19.0  258.0
2  21.0  293.0
3  43.0  496.0
4  39.0  421.0
5  53.0  476.0
6  71.0  481.0
7  72.0  478.0
1  30.0  338.0
2  76.0  500.0
3  48.0  459.0
4  83.0  500.0
5  73.0  488.0
6  43.0  441.0
7  48.0  487.0
1  29.0  356.0
2  53.0  419.0
3  28.0  230.0
4  72.0  500.0
5  46.0  488.0
6  37.0  352.0
7  37.0  474.0
1  42.0  445.0
2  81.0  489.0
3  73.0  500.0
4  63.0  495.0
5  29.0  386.0
6  65.0  496.0
7  67.0  493.0
1  67.0  485.0
2  36.0  303.0
3  54.0  467.0
4  45.0  391.0
5  24.0  386.0
6  54.0  492.0
7  59.0  460.0
1  92.0  500.0
2  43.0  422.0
3  44.0  486.0
4  41.0  373.0
5  25.0  289.0
6  56.0  484.0
7  44.0  380.0
1  55.0  500.0
2  44.0  496.0
3  52.0  492.0
4  52.0  480.0
5  65.0  500.0
6  37.0  469.0
7  26.0  363.0
1  35.0  472.0
2  31.0  429.0
3  53.0  493.0
4  33.0  338.0
5  31.0  370.0
6  29.0  330.0
7  27.0  453.0
1  77.0  499.0
2  37.0  500.0
3  18.0  240.0
4  28.0  463.0
5  31.0  330.0
6  41.0  484.0
7  44.0  461.0
1  37.0  486.0
2  24.0  248.0
3  68.0  497.0
4  46.0  500.0
5  43.0  495.0
6  23.0  444.0
7  38.0  439.0
1  28.0  410.0
2  65.0  500.0
3  60.0  487.0
4  18.0  370.0
5  26.0  416.0
6  48.0  462.0
7  38.0  481.0
1  56.0  457.0
2  10.0  456.0
3  29.0  490.0
4  28.0  455.0
5  41.0  500.0
6  35.0  390.0
7  64.0  482.0
1  50.0  453.0
2  52.0  425.0
3  52.0  500.0
4  43.0  496.0
5  31.0  373.0
6  45.0  408.0
7  32.0  419.0
1  33.0  405.0
2  86.0  493.0
3  68.0  500.0
4  16.0  377.0
5  40.0  438.0
6  49.0  421.0
7  47.0  454.0
1  49.0  428.0
2  47.0  498.0
3  41.0  480.0
4  42.0  478.0
5  73.0  500.0
6  60.0  498.0
7  56.0  498.0
1  65.0  478.0
2  60.0  493.0
3  71.0  483.0
4  49.0  500.0
5  36.0  458.0
6  23.0  343.0
7  29.0  441.0
1  39.0  495.0
2  70.0  486.0
3  45.0  386.0
4  54.0  486.0
5  27.0  483.0
6  72.0  436.0
7  54.0  476.0
1  5.0  444.0
2  41.0  489.0
3  59.0  495.0
4  42.0  481.0
5  33.0  346.0
6  34.0  383.0
7  42.0  478.0
1  46.0  456.0
2  17.0  275.0
3  55.0  474.0
4  39.0  307.0
5  14.0  331.0
6  57.0  500.0
7  34.0  460.0
1  39.0  494.0
2  35.0  435.0
3  57.0  499.0
4  45.0  480.0
5  39.0  399.0
6  56.0  500.0
7  44.0  467.0
1  8.0  309.0
2  50.0  364.0
3  54.0  500.0
4  45.0  484.0
5  48.0  459.0
6  22.0  417.0
7  18.0  353.0
1  58.0  500.0
2  22.0  288.0
3  42.0  487.0
4  59.0  498.0
5  50.0  480.0
6  17.0  292.0
7  40.0  472.0
1  16.0  344.0
2  34.0  435.0
3  44.0  486.0
4  55.0  486.0
5  35.0  483.0
6  29.0  455.0
7  37.0  488.0
1  31.0  500.0
2  59.0  487.0
3  72.0  497.0
4  41.0  457.0
5  90.0  500.0
6  32.0  386.0
7  31.0  401.0
1  46.0  356.0
2  70.0  500.0
3  34.0  493.0
4  40.0  410.0
5  51.0  462.0
6  45.0  477.0
7  41.0  430.0
1  29.0  382.0
2  27.0  382.0
3  34.0  259.0
4  36.0  361.0
5  30.0  481.0
6  70.0  500.0
7  56.0  500.0
1  61.0  490.0
2  32.0  397.0
3  76.0  500.0
4  83.0  500.0
5  56.0  446.0
6  14.0  394.0
7  16.0  352.0
1  70.0  473.0
2  44.0  497.0
3  38.0  426.0
4  31.0  441.0
5  77.0  498.0
6  54.0  499.0
7  36.0  485.0
1  30.0  465.0
2  44.0  453.0
3  68.0  427.0
4  23.0  409.0
5  29.0  275.0
6  37.0  432.0
7  40.0  492.0
1  63.0  462.0
2  82.0  446.0
3  75.0  491.0
4  45.0  364.0
5  47.0  442.0
6  18.0  250.0
7  47.0  466.0
1  65.0  449.0
2  48.0  421.0
3  54.0  452.0
4  35.0  450.0
5  56.0  496.0
6  24.0  322.0
7  43.0  440.0
1  19.0  383.0
2  36.0  425.0
3  77.0  497.0
4  27.0  399.0
5  60.0  455.0
6  24.0  382.0
7  39.0  379.0
1  51.0  473.0
2  54.0  491.0
3  31.0  452.0
4  52.0  499.0
5  65.0  476.0
6  22.0  458.0
7  49.0  437.0
1  58.0  411.0
2  19.0  316.0
3  74.0  500.0
4  63.0  465.0
5  46.0  410.0
6  48.0  500.0
7  29.0  436.0
1  67.0  500.0
2  42.0  440.0
3  46.0  386.0
4  70.0  480.0
5  29.0  404.0
6  62.0  470.0
7  41.0  489.0
1  58.0  483.0
2  42.0  473.0
3  67.0  500.0
4  45.0  436.0
5  5.0  326.0
6  51.0  481.0
7  46.0  353.0
1  37.0  474.0
2  14.0  401.0
3  34.0  301.0
4  38.0  477.0
5  44.0  429.0
6  49.0  493.0
7  52.0  483.0
1  71.0  494.0
2  45.0  438.0
3  53.0  458.0
4  26.0  427.0
5  49.0  440.0
6  41.0  424.0
7  33.0  413.0
1  77.0  500.0
2  53.0  479.0
3  59.0  500.0
4  40.0  460.0
5  36.0  427.0
6  29.0  426.0
7  26.0  451.0
1  55.0  500.0
2  51.0  382.0
3  57.0  497.0
4  73.0  500.0
5  28.0  415.0
6  54.0  465.0
7  45.0  499.0
1  71.0  471.0
2  67.0  493.0
3  54.0  496.0
4  42.0  347.0
5  25.0  394.0
6  47.0  460.0
7  28.0  440.0
1  22.0  299.0
2  39.0  400.0
3  37.0  483.0
4  36.0  405.0
5  33.0  429.0
6  64.0  456.0
7  44.0  378.0
1  47.0  437.0
2  41.0  500.0
3  71.0  498.0
4  43.0  486.0
5  52.0  478.0
6  81.0  500.0
7  67.0  500.0
1  47.0  371.0
2  70.0  458.0
3  13.0  477.0
4  40.0  367.0
5  29.0  365.0
6  35.0  401.0
7  45.0  372.0
