40  17.0  219
60  15.0  391
80  25.0  435
100  82.0  511
120  16.0  300
140  84.0  522
160  61.0  507
180  75.0  474
200  89.0  514
40  19.0  261
60  15.0  387
80  0.0  284
100  52.0  516
120  76.0  510
140  49.0  530
160  45.0  432
180  70.0  476
200  70.0  512
40  19.0  398
60  40.0  401
80  31.0  389
100  40.0  428
120  42.0  480
140  80.0  475
160  72.0  510
180  98.0  514
200  61.0  412
40  46.0  389
60  28.0  342
80  13.0  292
100  63.0  545
120  69.0  528
140  40.0  413
160  93.0  494
180  72.0  525
200  64.0  479
40  29.0  322
60  45.0  386
80  45.0  478
100  71.0  502
120  52.0  453
140  91.0  497
160  89.0  517
180  45.0  455
200  80.0  532
40  31.0  335
60  38.0  417
80  45.0  482
100  59.0  506
120  56.0  509
140  70.0  518
160  66.0  516
180  73.0  465
200  79.0  517
40  11.0  210
60  28.0  391
80  35.0  288
100  16.0  287
120  83.0  520
140  72.0  516
160  88.0  515
180  71.0  527
200  83.0  529
40  7.0  249
60  5.0  375
80  33.0  319
100  40.0  361
120  45.0  454
140  30.0  512
160  71.0  520
180  88.0  533
200  55.0  364
40  8.0  105
60  13.0  222
80  8.0  343
100  83.0  498
120  41.0  409
140  48.0  359
160  84.0  534
180  64.0  465
200  60.0  524
40  17.0  297
60  30.0  313
80  36.0  477
100  41.0  393
120  57.0  454
140  72.0  449
160  65.0  531
180  96.0  516
200  53.0  447
40  5.0  202
60  32.0  498
80  13.0  371
100  49.0  506
120  56.0  515
140  61.0  528
160  80.0  504
180  78.0  512
200  91.0  510
40  12.0  260
60  29.0  339
80  48.0  462
100  42.0  422
120  63.0  501
140  55.0  531
160  94.0  503
180  93.0  516
200  75.0  528
40  13.0  270
60  52.0  409
80  27.0  385
100  55.0  423
120  59.0  529
140  62.0  495
160  96.0  520
180  68.0  472
200  57.0  504
40  11.0  220
60  7.0  218
80  9.0  275
100  51.0  480
120  56.0  453
140  58.0  515
160  24.0  376
180  92.0  529
200  58.0  404
40  26.0  315
60  21.0  343
80  21.0  346
100  49.0  478
120  54.0  470
140  30.0  307
160  37.0  427
180  46.0  456
200  84.0  524
40  24.0  274
60  12.0  339
80  37.0  463
100  44.0  521
120  69.0  542
140  62.0  524
160  90.0  520
180  97.0  514
200  77.0  489
40  20.0  273
60  24.0  373
80  43.0  442
100  29.0  360
120  79.0  517
140  47.0  387
160  73.0  512
180  81.0  513
200  62.0  463
40  9.0  193
60  33.0  400
80  32.0  396
100  43.0  394
120  59.0  524
140  42.0  351
160  70.0  504
180  63.0  424
200  79.0  460
40  2.0  312
60  25.0  347
80  28.0  460
100  61.0  518
120  88.0  517
140  48.0  432
160  80.0  482
180  35.0  353
200  97.0  517
40  25.0  311
60  27.0  342
80  43.0  422
100  7.0  226
120  43.0  460
140  60.0  420
160  90.0  512
180  92.0  513
200  66.0  515
40  15.0  188
60  25.0  398
80  11.0  350
100  36.0  405
120  81.0  514
140  76.0  478
160  89.0  508
180  49.0  465
200  63.0  423
40  0.0  150
60  28.0  324
80  47.0  362
100  49.0  442
120  75.0  518
140  68.0  523
160  92.0  520
180  75.0  524
200  95.0  516
40  8.0  110
60  17.0  339
80  65.0  520
100  68.0  517
120  62.0  457
140  84.0  484
160  58.0  493
180  65.0  504
200  96.0  508
40  5.0  204
60  11.0  401
80  25.0  510
100  27.0  287
120  45.0  367
140  55.0  368
160  83.0  519
180  32.0  308
200  82.0  480
40  17.0  231
60  44.0  423
80  40.0  472
100  85.0  513
120  61.0  466
140  64.0  516
160  63.0  485
180  83.0  504
200  60.0  513
40  22.0  297
60  4.0  156
80  52.0  456
100  65.0  502
120  31.0  408
140  62.0  448
160  36.0  399
180  62.0  463
200  85.0  534
40  35.0  288
60  18.0  388
80  54.0  514
100  39.0  511
120  65.0  491
140  26.0  375
160  79.0  501
180  52.0  492
200  98.0  585
40  17.0  349
60  59.0  504
80  38.0  469
100  71.0  502
120  65.0  512
140  81.0  512
160  66.0  494
180  52.0  497
200  61.0  503
40  8.0  280
60  16.0  380
80  36.0  426
100  58.0  481
120  76.0  514
140  55.0  400
160  38.0  399
180  78.0  441
200  78.0  516
40  14.0  233
60  37.0  364
80  13.0  257
100  62.0  429
120  35.0  369
140  57.0  463
160  60.0  420
180  76.0  506
200  58.0  508
40  32.0  325
60  18.0  321
80  52.0  465
100  65.0  487
120  78.0  496
140  81.0  511
160  81.0  476
180  81.0  508
200  74.0  517
40  26.0  432
60  24.0  368
80  23.0  344
100  27.0  467
120  35.0  454
140  84.0  515
160  90.0  526
180  66.0  507
200  78.0  506
40  28.0  274
60  37.0  473
80  26.0  382
100  47.0  433
120  88.0  502
140  81.0  476
160  79.0  502
180  79.0  497
200  91.0  524
40  2.0  183
60  14.0  344
80  22.0  265
100  62.0  512
120  44.0  404
140  50.0  503
160  73.0  524
180  75.0  526
200  77.0  516
40  66.0  415
60  31.0  384
80  25.0  409
100  50.0  428
120  49.0  527
140  65.0  499
160  51.0  407
180  91.0  511
200  92.0  510
40  35.0  343
60  24.0  336
80  17.0  392
100  57.0  424
120  56.0  505
140  57.0  519
160  71.0  527
180  53.0  500
200  83.0  518
40  23.0  303
60  22.0  411
80  62.0  518
100  55.0  501
120  58.0  371
140  35.0  511
160  77.0  495
180  53.0  504
200  54.0  464
40  21.0  249
60  30.0  331
80  71.0  505
100  42.0  451
120  82.0  445
140  87.0  514
160  86.0  504
180  42.0  490
200  87.0  511
40  1.0  203
60  1.0  257
80  63.0  523
100  43.0  411
120  37.0  346
140  86.0  514
160  77.0  522
180  39.0  375
200  90.0  527
40  26.0  403
60  22.0  328
80  24.0  310
100  48.0  490
120  55.0  518
140  75.0  509
160  37.0  397
180  86.0  513
200  87.0  526
40  7.0  214
60  30.0  393
80  26.0  384
100  22.0  457
120  66.0  498
140  80.0  506
160  85.0  543
180  89.0  517
200  81.0  506
40  35.0  390
60  21.0  353
80  41.0  451
100  75.0  502
120  56.0  479
140  37.0  311
160  55.0  527
180  92.0  520
200  95.0  515
40  34.0  345
60  23.0  318
80  50.0  411
100  39.0  486
120  66.0  515
140  43.0  445
160  75.0  518
180  75.0  502
200  62.0  493
40  6.0  116
60  20.0  313
80  15.0  412
100  62.0  508
120  49.0  515
140  55.0  371
160  28.0  424
180  67.0  510
200  51.0  544
40  0.0  156
60  26.0  238
80  45.0  474
100  41.0  423
120  70.0  428
140  25.0  326
160  86.0  524
180  54.0  454
200  80.0  510
40  17.0  348
60  25.0  341
80  46.0  464
100  87.0  514
120  18.0  474
140  66.0  517
160  84.0  516
180  45.0  451
200  89.0  475
40  8.0  318
60  5.0  320
80  59.0  421
100  50.0  467
120  65.0  529
140  49.0  519
160  40.0  414
180  67.0  508
200  64.0  515
40  36.0  224
60  22.0  354
80  23.0  318
100  45.0  512
120  58.0  508
140  47.0  434
160  70.0  460
180  57.0  484
200  42.0  413
40  20.0  222
60  0.0  221
80  50.0  428
100  30.0  455
120  24.0  263
140  34.0  356
160  68.0  522
180  85.0  493
200  70.0  521
40  5.0  208
60  12.0  408
80  20.0  432
100  35.0  509
120  76.0  522
140  59.0  492
160  95.0  521
180  81.0  540
200  91.0  500
40  7.0  170
60  16.0  355
80  28.0  441
100  22.0  440
120  55.0  536
140  76.0  477
160  80.0  500
180  93.0  509
200  56.0  441
40  6.0  321
60  22.0  423
80  52.0  467
100  47.0  372
120  41.0  460
140  90.0  508
160  80.0  510
180  87.0  515
200  50.0  384
40  23.0  330
60  9.0  420
80  57.0  465
100  71.0  508
120  42.0  519
140  48.0  459
160  45.0  488
180  45.0  426
200  88.0  535
40  37.0  401
60  36.0  447
80  57.0  465
100  24.0  349
120  54.0  442
140  47.0  469
160  80.0  518
180  74.0  511
200  92.0  526
40  17.0  219
60  20.0  262
80  44.0  475
100  15.0  280
120  37.0  367
140  73.0  522
160  70.0  421
180  81.0  524
200  50.0  535
40  10.0  174
60  47.0  387
80  70.0  447
100  64.0  501
120  59.0  475
140  76.0  516
160  84.0  507
180  58.0  470
200  48.0  510
40  12.0  233
60  47.0  339
80  23.0  299
100  44.0  518
120  55.0  516
140  75.0  509
160  46.0  436
180  79.0  523
200  66.0  418
40  45.0  368
60  17.0  242
80  20.0  327
100  24.0  307
120  31.0  382
140  70.0  542
160  54.0  495
180  43.0  371
200  69.0  515
40  7.0  150
60  29.0  382
80  26.0  500
100  57.0  512
120  92.0  502
140  24.0  363
160  42.0  444
180  86.0  532
200  64.0  399
40  26.0  356
60  19.0  161
80  40.0  378
100  36.0  378
120  79.0  526
140  66.0  475
160  97.0  506
180  92.0  527
200  92.0  513
40  13.0  325
60  38.0  445
80  61.0  455
100  30.0  396
120  78.0  504
140  56.0  515
160  68.0  516
180  58.0  395
200  39.0  431
40  11.0  226
60  6.0  242
80  55.0  493
100  51.0  501
120  29.0  369
140  55.0  471
160  64.0  524
180  89.0  527
200  77.0  521
40  27.0  257
60  10.0  227
80  53.0  440
100  31.0  510
120  56.0  487
140  37.0  344
160  71.0  534
180  92.0  507
200  67.0  421
40  19.0  394
60  33.0  320
80  39.0  446
100  64.0  512
120  55.0  420
140  74.0  498
160  91.0  504
180  91.0  522
200  92.0  525
40  54.0  325
60  16.0  355
80  40.0  437
100  56.0  509
120  37.0  505
140  55.0  511
160  55.0  397
180  65.0  530
200  93.0  530
40  27.0  330
60  29.0  268
80  29.0  382
100  73.0  519
120  67.0  504
140  84.0  507
160  33.0  294
180  57.0  511
200  91.0  512
40  0.0  163
60  17.0  329
80  37.0  419
100  73.0  468
120  58.0  458
140  75.0  514
160  89.0  495
180  71.0  508
200  58.0  522
40  20.0  169
60  34.0  484
80  57.0  462
100  71.0  480
120  36.0  377
140  49.0  474
160  76.0  492
180  73.0  520
200  78.0  521
40  5.0  218
60  55.0  483
80  41.0  453
100  79.0  491
120  68.0  511
140  89.0  519
160  86.0  511
180  72.0  472
200  43.0  437
40  10.0  353
60  26.0  469
80  25.0  440
100  74.0  523
120  86.0  512
140  38.0  475
160  53.0  407
180  69.0  524
200  92.0  498
40  13.0  202
60  18.0  388
80  32.0  461
100  44.0  386
120  56.0  509
140  73.0  509
160  72.0  496
180  74.0  528
200  97.0  531
40  22.0  357
60  4.0  213
80  49.0  523
100  20.0  299
120  63.0  482
140  44.0  482
160  46.0  519
180  87.0  515
200  87.0  530
40  20.0  250
60  32.0  446
80  27.0  286
100  61.0  501
120  10.0  240
140  31.0  336
160  57.0  520
180  82.0  538
200  97.0  515
40  1.0  198
60  48.0  454
80  13.0  329
100  40.0  429
120  34.0  446
140  62.0  496
160  77.0  466
180  81.0  518
200  37.0  424
40  8.0  270
60  7.0  242
80  47.0  433
100  34.0  496
120  53.0  494
140  73.0  523
160  90.0  508
180  68.0  504
200  86.0  471
40  3.0  166
60  4.0  358
80  36.0  514
100  17.0  160
120  55.0  495
140  50.0  453
160  87.0  506
180  73.0  425
200  64.0  520
40  10.0  295
60  8.0  405
80  60.0  468
100  49.0  472
120  50.0  482
140  55.0  512
160  84.0  516
180  74.0  514
200  74.0  524
40  21.0  398
60  8.0  408
80  62.0  521
100  27.0  367
120  36.0  512
140  32.0  350
160  77.0  540
180  81.0  480
200  84.0  521
40  39.0  432
60  17.0  429
80  16.0  447
100  52.0  479
120  36.0  370
140  77.0  521
160  80.0  496
180  63.0  528
200  88.0  519
40  22.0  240
60  20.0  374
80  31.0  386
100  12.0  497
120  37.0  337
140  49.0  441
160  68.0  508
180  77.0  498
200  38.0  516
40  9.0  276
60  26.0  396
80  45.0  447
100  68.0  477
120  33.0  471
140  75.0  504
160  69.0  458
180  87.0  518
200  91.0  520
40  8.0  218
60  40.0  431
80  67.0  496
100  60.0  482
120  61.0  514
140  67.0  465
160  86.0  517
180  87.0  529
200  41.0  427
40  17.0  214
60  16.0  339
80  27.0  249
100  11.0  440
120  43.0  456
140  53.0  520
160  65.0  523
180  82.0  524
200  86.0  517
40  25.0  272
60  6.0  204
80  8.0  298
100  40.0  497
120  25.0  422
140  45.0  457
160  80.0  518
180  91.0  523
200  78.0  465
40  22.0  286
60  46.0  461
80  46.0  470
100  27.0  430
120  9.0  356
140  52.0  435
160  66.0  493
180  84.0  514
200  67.0  502
40  0.0  143
60  7.0  238
80  56.0  430
100  76.0  524
120  74.0  512
140  69.0  486
160  93.0  515
180  75.0  515
200  73.0  486
40  10.0  367
60  26.0  296
80  64.0  526
100  6.0  182
120  33.0  353
140  98.0  506
160  98.0  509
180  68.0  456
200  89.0  505
40  22.0  376
60  17.0  331
80  39.0  362
100  23.0  275
120  26.0  418
140  39.0  407
160  79.0  523
180  13.0  285
200  94.0  503
40  3.0  293
60  44.0  418
80  31.0  387
100  36.0  488
120  34.0  369
140  88.0  519
160  82.0  510
180  78.0  524
200  78.0  499
40  22.0  363
60  41.0  374
80  45.0  478
100  39.0  449
120  57.0  531
140  69.0  498
160  95.0  518
180  31.0  363
200  76.0  509
40  0.0  138
60  98.0  523
80  71.0  507
100  50.0  341
120  29.0  449
140  68.0  511
160  47.0  454
180  77.0  468
200  82.0  558
40  3.0  205
60  10.0  269
80  45.0  405
100  80.0  512
120  52.0  490
140  64.0  519
160  67.0  448
180  86.0  514
200  91.0  513
40  15.0  319
60  26.0  373
80  64.0  512
100  25.0  346
120  59.0  514
140  61.0  450
160  63.0  496
180  42.0  522
200  67.0  512
40  6.0  210
60  7.0  357
80  34.0  401
100  55.0  483
120  68.0  529
140  65.0  532
160  88.0  517
180  82.0  484
200  98.0  542
40  8.0  282
60  33.0  362
80  45.0  499
100  63.0  500
120  57.0  498
140  90.0  514
160  29.0  390
180  81.0  535
200  90.0  522
40  7.0  289
60  17.0  340
80  27.0  314
100  62.0  453
120  29.0  335
140  60.0  480
160  63.0  506
180  81.0  478
200  98.0  519
40  14.0  349
60  3.0  333
80  19.0  294
100  43.0  435
120  66.0  516
140  77.0  518
160  67.0  534
180  66.0  405
200  96.0  525
40  26.0  338
60  48.0  422
80  37.0  461
100  27.0  399
120  45.0  520
140  72.0  544
160  54.0  495
180  70.0  507
200  66.0  442
40  5.0  161
60  11.0  194
80  51.0  463
100  62.0  496
120  92.0  511
140  46.0  380
160  70.0  506
180  76.0  486
200  79.0  519
40  24.0  293
60  41.0  389
80  36.0  386
100  59.0  522
120  81.0  524
140  59.0  419
160  62.0  508
180  68.0  497
200  64.0  477
