0  64.0  1111.0
0  22.0  1833.0
1  46.0  1284.0
1  33.0  1791.0
2  58.0  1044.0
2  100.0  200.0
3  18.0  2276.0
3  28.0  1480.0
4  77.0  777.0
4  42.0  1242.0
5  20.0  1338.0
5  78.0  599.0
6  69.0  909.0
6  81.0  664.0
7  80.0  482.0
7  78.0  633.0
8  37.0  1195.0
8  49.0  1288.0
9  100.0  14.0
9  89.0  282.0
10  79.0  545.0
10  34.0  1382.0
11  100.0  1.0
11  90.0  295.0
12  91.0  235.0
12  67.0  906.0
13  90.0  236.0
13  100.0  28.0
14  73.0  644.0
14  100.0  13.0
15  98.0  94.0
15  99.0  54.0
16  87.0  383.0
16  78.0  627.0
17  85.0  457.0
17  66.0  943.0
18  74.0  261.0
18  97.0  103.0
19  90.0  330.0
19  74.0  771.0
20  75.0  544.0
20  92.0  201.0
