0  7.333333333333333  1601
1  12.333333333333334  1431
2  25.0  1650
3  28.333333333333332  1332
4  25.333333333333332  1525
5  61.333333333333336  694
6  20.333333333333332  1371
7  61.0  775
8  65.666666666666671  745
9  63.333333333333336  835
10  48.666666666666664  1055
11  34.0  1019
12  81.0  443
13  67.0  710
14  59.666666666666664  589
15  96.0  92
16  68.0  415
17  74.0  335
18  71.333333333333329  429
19  90.0  156
20  69.333333333333329  377
0  21.666666666666668  1221
1  17.666666666666668  1403
2  35.0  1233
3  21.0  1212
4  23.0  1507
5  14.666666666666666  1346
6  31.333333333333332  1266
7  65.0  542
8  31.333333333333332  1040
9  43.666666666666664  927
10  55.0  735
11  30.333333333333332  955
12  46.666666666666664  627
13  62.333333333333336  521
14  73.666666666666671  238
15  56.333333333333336  728
16  74.333333333333329  363
17  41.0  917
18  70.666666666666671  761
19  95.0  62
20  49.666666666666664  731
