1  16.0  331
2  46.0  500
3  60.0  540
4  40.0  486
5  35.0  533
6  41.0  407
7  25.0  534
1  64.0  488
2  36.0  424
3  59.0  519
4  65.0  529
5  53.0  626
6  49.0  442
7  18.0  454
1  21.0  315
2  54.0  508
3  65.0  511
4  65.0  464
5  45.0  573
6  52.0  696
7  42.0  464
1  8.0  298
2  21.0  339
3  75.0  579
4  8.0  363
5  69.0  575
6  52.0  517
7  46.0  319
1  45.0  342
2  63.0  515
3  53.0  505
4  52.0  539
5  40.0  449
6  52.0  516
7  47.0  540
1  76.0  500
2  54.0  404
3  52.0  504
4  53.0  520
5  48.0  548
6  41.0  546
7  27.0  627
1  74.0  512
2  68.0  519
3  23.0  301
4  29.0  487
5  55.0  523
6  40.0  478
7  17.0  424
1  26.0  506
2  14.0  289
3  42.0  508
4  29.0  542
5  58.0  563
6  32.0  495
7  37.0  583
1  64.0  392
2  74.0  519
3  71.0  540
4  39.0  517
5  50.0  462
6  30.0  619
7  6.0  295
1  80.0  505
2  60.0  541
3  63.0  437
4  26.0  455
5  40.0  489
6  15.0  471
7  56.0  559
1  70.0  506
2  65.0  502
3  55.0  483
4  25.0  397
5  28.0  291
6  30.0  452
7  40.0  508
1  27.0  349
2  31.0  479
3  8.0  362
4  45.0  410
5  44.0  339
6  57.0  592
7  37.0  470
1  19.0  316
2  43.0  383
3  32.0  419
4  62.0  521
5  60.0  616
6  36.0  514
7  34.0  535
1  0.0  158
2  28.0  492
3  46.0  453
4  66.0  536
5  53.0  558
6  52.0  457
7  45.0  420
1  78.0  476
2  40.0  546
3  26.0  509
4  25.0  375
5  32.0  533
6  57.0  584
7  18.0  513
1  15.0  344
2  53.0  511
3  68.0  538
4  47.0  483
5  35.0  381
6  35.0  518
7  37.0  498
1  29.0  504
2  52.0  524
3  11.0  310
4  48.0  451
5  50.0  480
6  32.0  456
7  34.0  436
1  50.0  501
2  15.0  323
3  27.0  385
4  54.0  572
5  32.0  515
6  88.0  618
7  64.0  582
1  30.0  520
2  94.0  508
3  44.0  433
4  23.0  408
5  61.0  540
6  31.0  466
7  44.0  404
1  45.0  264
2  51.0  484
3  48.0  500
4  27.0  402
5  17.0  478
6  15.0  539
7  20.0  431
1  33.0  433
2  64.0  522
3  74.0  555
4  42.0  469
5  74.0  550
6  67.0  552
7  46.0  508
1  61.0  429
2  19.0  247
3  55.0  461
4  26.0  469
5  65.0  580
6  37.0  431
7  31.0  363
1  53.0  487
2  14.0  141
3  36.0  485
4  51.0  373
5  59.0  626
6  11.0  552
7  35.0  588
1  10.0  274
2  0.0  69
3  62.0  527
4  42.0  457
5  30.0  556
6  17.0  309
7  23.0  467
1  86.0  508
2  54.0  508
3  28.0  382
4  41.0  518
5  27.0  523
6  66.0  556
7  29.0  483
1  58.0  459
2  79.0  493
3  49.0  523
4  49.0  542
5  45.0  503
6  50.0  510
7  60.0  503
1  34.0  494
2  79.0  491
3  36.0  396
4  49.0  424
5  30.0  408
6  56.0  534
7  38.0  534
1  73.0  510
2  23.0  515
3  37.0  508
4  46.0  480
5  64.0  511
6  31.0  460
7  44.0  425
1  34.0  509
2  37.0  514
3  71.0  527
4  40.0  527
5  27.0  481
6  27.0  391
7  40.0  527
1  42.0  412
2  34.0  495
3  32.0  386
4  39.0  547
5  34.0  499
6  43.0  555
7  33.0  634
1  59.0  486
2  75.0  527
3  25.0  400
4  53.0  546
5  33.0  594
6  54.0  662
7  37.0  545
1  39.0  449
2  64.0  439
3  52.0  514
4  46.0  484
5  50.0  589
6  27.0  411
7  41.0  540
1  31.0  382
2  12.0  182
3  37.0  511
4  29.0  457
5  33.0  524
6  62.0  571
7  44.0  532
1  54.0  469
2  67.0  510
3  41.0  549
4  26.0  366
5  53.0  498
6  27.0  582
7  34.0  398
1  45.0  341
2  51.0  514
3  84.0  505
4  37.0  565
5  26.0  531
6  54.0  574
7  37.0  556
1  84.0  508
2  63.0  516
3  20.0  321
4  45.0  524
5  36.0  587
6  5.0  335
7  64.0  543
1  26.0  382
2  45.0  494
3  64.0  551
4  50.0  467
5  45.0  551
6  46.0  649
7  50.0  516
1  14.0  313
2  34.0  470
3  59.0  471
4  14.0  248
5  27.0  525
6  54.0  588
7  42.0  594
1  52.0  524
2  63.0  494
3  70.0  540
4  21.0  417
5  29.0  482
6  28.0  513
7  33.0  605
1  0.0  193
2  49.0  524
3  66.0  519
4  40.0  489
5  72.0  473
6  52.0  561
7  61.0  424
1  79.0  514
2  29.0  491
3  32.0  397
4  25.0  535
5  64.0  583
6  35.0  683
7  27.0  527
1  85.0  513
2  45.0  513
3  54.0  469
4  48.0  464
5  70.0  493
6  30.0  557
7  24.0  434
1  74.0  501
2  66.0  495
3  25.0  505
4  35.0  441
5  59.0  553
6  36.0  489
7  42.0  596
1  79.0  476
2  43.0  413
3  54.0  541
4  30.0  509
5  40.0  411
6  62.0  565
7  57.0  484
1  58.0  466
2  59.0  533
3  31.0  461
4  84.0  575
5  52.0  508
6  30.0  494
7  54.0  588
1  15.0  381
2  57.0  533
3  29.0  418
4  51.0  579
5  51.0  559
6  58.0  490
7  76.0  568
1  17.0  231
2  61.0  536
3  39.0  406
4  45.0  533
5  29.0  314
6  48.0  535
7  37.0  490
1  73.0  505
2  49.0  482
3  35.0  474
4  49.0  529
5  24.0  427
6  37.0  521
7  50.0  539
1  76.0  504
2  41.0  504
3  49.0  503
4  37.0  547
5  24.0  360
6  45.0  541
7  39.0  420
1  25.0  363
2  57.0  529
3  48.0  538
4  53.0  539
5  34.0  484
6  33.0  580
7  55.0  644
1  55.0  513
2  33.0  415
3  58.0  515
4  43.0  524
5  59.0  538
6  24.0  465
7  54.0  570
1  84.0  508
2  55.0  465
3  43.0  551
4  26.0  478
5  50.0  596
6  38.0  530
7  35.0  349
1  51.0  494
2  67.0  490
3  26.0  530
4  44.0  405
5  42.0  488
6  24.0  475
7  56.0  521
1  31.0  492
2  17.0  241
3  66.0  529
4  22.0  397
5  50.0  497
6  50.0  604
7  32.0  482
1  63.0  483
2  74.0  523
3  44.0  500
4  74.0  509
5  24.0  304
6  53.0  550
7  52.0  463
1  76.0  512
2  28.0  510
3  50.0  500
4  21.0  413
5  72.0  453
6  52.0  511
7  29.0  498
1  37.0  502
2  69.0  523
3  18.0  325
4  63.0  526
5  4.0  361
6  33.0  480
7  53.0  562
1  35.0  454
2  65.0  464
3  83.0  527
4  61.0  523
5  55.0  467
6  63.0  595
7  24.0  515
1  53.0  501
2  35.0  447
3  52.0  405
4  46.0  571
5  46.0  441
6  24.0  417
7  63.0  528
1  75.0  482
2  44.0  399
3  29.0  369
4  45.0  383
5  47.0  452
6  48.0  552
7  34.0  534
1  29.0  470
2  52.0  429
3  49.0  477
4  55.0  588
5  41.0  542
6  51.0  511
7  17.0  439
1  50.0  485
2  59.0  470
3  44.0  365
4  35.0  526
5  56.0  549
6  48.0  618
7  34.0  596
1  47.0  302
2  32.0  501
3  48.0  476
4  58.0  519
5  39.0  364
6  42.0  426
7  32.0  598
1  54.0  498
2  58.0  464
3  59.0  548
4  59.0  513
5  63.0  473
6  21.0  376
7  50.0  502
1  55.0  389
2  65.0  502
3  21.0  477
4  15.0  458
5  37.0  612
6  67.0  602
7  23.0  503
1  55.0  495
2  47.0  522
3  56.0  481
4  81.0  475
5  52.0  525
6  30.0  598
7  28.0  556
1  15.0  332
2  94.0  525
3  63.0  442
4  44.0  475
5  56.0  489
6  46.0  510
7  37.0  583
1  23.0  402
2  56.0  542
3  49.0  534
4  28.0  294
5  57.0  554
6  55.0  654
7  42.0  430
1  5.0  413
2  65.0  521
3  59.0  436
4  37.0  495
5  25.0  495
6  54.0  515
7  20.0  446
1  29.0  283
2  59.0  435
3  36.0  474
4  44.0  525
5  12.0  424
6  20.0  481
7  33.0  530
1  44.0  495
2  16.0  377
3  37.0  519
4  50.0  543
5  33.0  394
6  53.0  544
7  29.0  497
1  51.0  510
2  55.0  490
3  29.0  461
4  50.0  507
5  41.0  522
6  55.0  506
7  25.0  458
1  47.0  508
2  45.0  494
3  55.0  407
4  49.0  397
5  40.0  539
6  37.0  558
7  51.0  468
1  72.0  519
2  78.0  539
3  35.0  555
4  18.0  436
5  72.0  507
6  57.0  543
7  21.0  605
1  70.0  499
2  46.0  365
3  88.0  458
4  54.0  577
5  47.0  471
6  33.0  566
7  13.0  503
1  76.0  509
2  35.0  515
3  56.0  522
4  51.0  601
5  14.0  643
6  39.0  474
7  39.0  608
1  43.0  395
2  39.0  383
3  34.0  436
4  61.0  467
5  31.0  335
6  23.0  400
7  35.0  543
1  16.0  519
2  26.0  530
3  20.0  352
4  52.0  567
5  48.0  562
6  29.0  400
7  55.0  652
1  70.0  459
2  81.0  511
3  57.0  469
4  30.0  413
5  64.0  516
6  18.0  412
7  45.0  398
1  33.0  322
2  25.0  369
3  80.0  537
4  40.0  426
5  48.0  504
6  49.0  452
7  46.0  551
1  33.0  508
2  35.0  440
3  24.0  434
4  37.0  354
5  46.0  615
6  42.0  520
7  16.0  306
1  5.0  212
2  41.0  502
3  30.0  434
4  55.0  540
5  41.0  389
6  39.0  509
7  28.0  290
1  24.0  311
2  38.0  472
3  18.0  451
4  42.0  462
5  49.0  497
6  41.0  512
7  44.0  411
1  22.0  434
2  82.0  543
3  42.0  525
4  15.0  278
5  46.0  625
6  23.0  496
7  31.0  577
1  29.0  415
2  40.0  474
3  47.0  472
4  61.0  476
5  38.0  634
6  57.0  526
7  56.0  564
1  48.0  516
2  37.0  451
3  34.0  454
4  73.0  527
5  16.0  462
6  69.0  551
7  32.0  562
1  69.0  506
2  36.0  540
3  54.0  470
4  30.0  391
5  53.0  480
6  55.0  560
7  41.0  526
1  67.0  520
2  49.0  408
3  69.0  527
4  7.0  236
5  47.0  463
6  39.0  538
7  23.0  506
1  69.0  510
2  45.0  511
3  41.0  413
4  35.0  561
5  58.0  521
6  53.0  480
7  31.0  608
1  40.0  518
2  76.0  501
3  30.0  340
4  72.0  533
5  43.0  507
6  66.0  556
7  40.0  549
1  43.0  469
2  65.0  505
3  31.0  501
4  20.0  415
5  59.0  539
6  50.0  531
7  56.0  530
1  80.0  503
2  42.0  488
3  32.0  340
4  43.0  496
5  43.0  531
6  49.0  564
7  78.0  548
1  38.0  504
2  7.0  432
3  65.0  507
4  56.0  535
5  31.0  445
6  69.0  498
7  36.0  556
1  60.0  429
2  87.0  516
3  18.0  247
4  60.0  555
5  29.0  425
6  45.0  433
7  25.0  715
1  52.0  518
2  63.0  453
3  60.0  514
4  27.0  495
5  18.0  378
6  49.0  610
7  27.0  490
1  89.0  521
2  28.0  470
3  33.0  511
4  80.0  487
5  31.0  510
6  43.0  556
7  57.0  612
1  30.0  466
2  76.0  491
3  65.0  527
4  45.0  395
5  46.0  525
6  16.0  318
7  37.0  470
1  64.0  480
2  46.0  496
3  32.0  377
4  68.0  512
5  49.0  528
6  69.0  542
7  50.0  529
1  31.0  439
2  68.0  514
3  52.0  477
4  62.0  494
5  42.0  529
6  56.0  468
7  68.0  535
1  6.0  252
2  51.0  514
3  48.0  448
4  42.0  514
5  56.0  593
6  51.0  589
7  31.0  417
