0  47.0  526
1  35.0  346
2  53.0  451
3  44.0  419
4  59.0  338
5  63.0  372
6  29.0  400
7  46.0  283
8  43.0  366
9  68.0  348
10  50.0  418
11  69.0  229
12  82.0  236
13  78.0  247
14  81.0  151
15  48.0  231
16  74.0  164
17  47.0  212
18  72.0  105
19  59.0  201
20  95.0  86
0  36.0  446
1  15.0  612
2  43.0  313
3  36.0  403
4  78.0  242
5  94.0  173
6  74.0  233
7  28.0  263
8  50.0  254
9  79.0  263
10  70.0  247
11  65.0  261
12  81.0  222
13  90.0  122
14  53.0  402
15  75.0  95
16  88.0  136
17  96.0  72
18  83.0  67
19  77.0  198
20  79.0  151
0  53.0  441
1  27.0  415
2  38.0  262
3  65.0  341
4  22.0  329
5  52.0  444
6  77.0  303
7  78.0  284
8  52.0  273
9  53.0  210
10  88.0  118
11  77.0  226
12  37.0  360
13  52.0  437
14  67.0  243
15  90.0  161
16  86.0  94
17  79.0  146
18  58.0  272
19  45.0  201
20  83.0  184
0  34.0  379
1  60.0  395
2  26.0  208
3  24.0  277
4  43.0  313
5  56.0  230
6  31.0  204
7  24.0  514
8  69.0  342
9  60.0  183
10  53.0  153
11  44.0  285
12  78.0  239
13  85.0  217
14  79.0  145
15  59.0  324
16  76.0  239
17  60.0  178
18  68.0  127
19  47.0  243
20  82.0  237
0  66.0  243
1  39.0  452
2  29.0  287
3  68.0  324
4  61.0  277
5  63.0  235
6  69.0  367
7  72.0  240
8  30.0  313
9  55.0  139
10  34.0  355
11  56.0  266
12  46.0  239
13  73.0  125
14  69.0  155
15  50.0  369
16  58.0  261
17  89.0  58
18  81.0  270
19  65.0  326
20  76.0  282
0  60.0  383
1  50.0  354
2  50.0  367
3  26.0  266
4  40.0  321
5  84.0  131
6  66.0  149
7  73.0  244
8  39.0  224
9  76.0  169
10  58.0  311
11  49.0  174
12  55.0  265
13  80.0  141
14  86.0  196
15  45.0  191
16  76.0  222
17  93.0  66
18  72.0  254
19  77.0  121
20  40.0  196
0  7.0  381
1  55.0  318
2  40.0  369
3  35.0  391
4  83.0  230
5  68.0  342
6  75.0  280
7  81.0  210
8  74.0  220
9  67.0  370
10  65.0  252
11  59.0  397
12  97.0  18
13  83.0  202
14  7.0  462
15  96.0  28
16  54.0  280
17  97.0  45
18  49.0  205
19  91.0  194
20  58.0  77
0  68.0  345
1  38.0  355
2  40.0  292
3  46.0  322
4  93.0  74
5  47.0  427
6  34.0  503
7  71.0  156
8  47.0  96
9  63.0  309
10  72.0  276
11  95.0  96
12  64.0  223
13  52.0  392
14  76.0  228
15  86.0  177
16  70.0  373
17  86.0  234
18  73.0  169
19  87.0  216
20  97.0  74
0  58.0  244
1  28.0  191
2  45.0  412
3  77.0  313
4  77.0  307
5  89.0  207
6  80.0  223
7  72.0  251
8  88.0  172
9  66.0  307
10  64.0  288
11  54.0  314
12  85.0  158
13  78.0  265
14  34.0  317
15  92.0  140
16  31.0  395
17  59.0  177
18  77.0  138
19  74.0  225
20  85.0  150
0  41.0  386
1  38.0  278
2  48.0  519
3  78.0  296
4  61.0  165
5  55.0  314
6  27.0  542
7  57.0  328
8  73.0  100
9  82.0  194
10  60.0  393
11  62.0  334
12  74.0  276
13  43.0  230
14  62.0  317
15  93.0  81
16  90.0  137
17  78.0  264
18  88.0  139
19  94.0  163
20  80.0  168
0  53.0  336
1  34.0  539
2  50.0  513
3  37.0  382
4  11.0  367
5  74.0  280
6  50.0  231
7  44.0  286
8  40.0  168
9  77.0  262
10  83.0  87
11  84.0  89
12  75.0  245
13  85.0  102
14  36.0  242
15  57.0  369
16  87.0  197
17  93.0  53
18  79.0  211
19  87.0  117
20  58.0  320
0  27.0  493
1  51.0  343
2  33.0  345
3  57.0  455
4  33.0  387
5  61.0  241
6  55.0  376
7  97.0  62
8  65.0  280
9  37.0  355
10  78.0  184
11  80.0  297
12  49.0  321
13  75.0  269
14  46.0  187
15  68.0  175
16  85.0  182
17  97.0  22
18  66.0  243
19  68.0  247
20  89.0  20
0  43.0  426
1  49.0  498
2  61.0  445
3  54.0  506
4  26.0  184
5  52.0  313
6  54.0  353
7  75.0  312
8  42.0  367
9  86.0  108
10  40.0  359
11  76.0  362
12  53.0  217
13  71.0  251
14  91.0  156
15  89.0  176
16  89.0  126
17  67.0  286
18  24.0  327
19  54.0  330
20  91.0  110
0  54.0  354
1  57.0  376
2  49.0  276
3  56.0  405
4  79.0  290
5  86.0  214
6  76.0  213
7  93.0  170
8  78.0  317
9  49.0  489
10  82.0  164
11  27.0  300
12  60.0  187
13  53.0  317
14  95.0  84
15  78.0  253
16  36.0  155
17  82.0  128
18  78.0  103
19  62.0  198
20  75.0  162
0  50.0  223
1  73.0  309
2  54.0  367
3  39.0  514
4  23.0  358
5  8.0  385
6  36.0  340
7  62.0  241
8  22.0  370
9  88.0  204
10  93.0  56
11  72.0  281
12  60.0  270
13  58.0  189
14  69.0  218
15  73.0  227
16  52.0  251
17  95.0  29
18  82.0  244
19  66.0  302
20  56.0  134
0  41.0  399
1  16.0  252
2  40.0  324
3  44.0  535
4  70.0  311
5  48.0  147
6  78.0  235
7  46.0  283
8  86.0  127
9  37.0  297
10  40.0  262
11  48.0  381
12  55.0  171
13  68.0  318
14  59.0  200
15  56.0  279
16  82.0  205
17  86.0  71
18  79.0  249
19  84.0  96
20  72.0  195
0  29.0  431
1  41.0  345
2  46.0  378
3  62.0  220
4  73.0  293
5  41.0  350
6  68.0  357
7  58.0  230
8  85.0  179
9  76.0  219
10  53.0  395
11  97.0  32
12  24.0  147
13  69.0  223
14  79.0  219
15  43.0  260
16  75.0  98
17  19.0  85
18  78.0  203
19  77.0  187
20  62.0  277
0  40.0  319
1  53.0  173
2  60.0  327
3  43.0  420
4  58.0  423
5  75.0  130
6  91.0  174
7  68.0  338
8  57.0  276
9  88.0  234
10  55.0  267
11  42.0  341
12  82.0  137
13  38.0  285
14  97.0  25
15  58.0  171
16  84.0  101
17  94.0  105
18  68.0  226
19  83.0  190
20  91.0  130
0  45.0  416
1  37.0  355
2  32.0  376
3  57.0  405
4  50.0  351
5  43.0  273
6  30.0  479
7  93.0  59
8  68.0  183
9  85.0  116
10  50.0  295
11  61.0  381
12  60.0  327
13  76.0  288
14  97.0  54
15  32.0  262
16  73.0  211
17  77.0  315
18  66.0  333
19  97.0  21
20  50.0  244
0  33.0  288
1  60.0  373
2  61.0  193
3  58.0  389
4  55.0  443
5  66.0  333
6  66.0  350
7  28.0  250
8  33.0  305
9  66.0  294
10  38.0  374
11  65.0  283
12  89.0  131
13  72.0  212
14  97.0  33
15  74.0  148
16  66.0  259
17  84.0  162
18  95.0  138
19  77.0  190
20  48.0  310
0  40.0  665
1  39.0  369
2  80.0  315
3  51.0  378
4  71.0  280
5  82.0  239
6  69.0  327
7  58.0  251
8  88.0  187
9  66.0  204
10  80.0  208
11  91.0  124
12  86.0  216
13  92.0  96
14  61.0  218
15  48.0  170
16  85.0  162
17  84.0  123
18  43.0  259
19  68.0  304
20  87.0  115
0  29.0  412
1  81.0  260
2  78.0  304
3  55.0  366
4  69.0  330
5  65.0  198
6  69.0  279
7  46.0  339
8  76.0  203
9  95.0  127
10  49.0  411
11  83.0  232
12  50.0  262
13  68.0  236
14  77.0  188
15  73.0  235
16  39.0  257
17  50.0  341
18  66.0  247
19  51.0  457
20  75.0  260
0  31.0  394
1  47.0  397
2  61.0  381
3  82.0  236
4  56.0  386
5  22.0  256
6  77.0  331
7  57.0  276
8  63.0  321
9  97.0  80
10  19.0  221
11  84.0  118
12  48.0  348
13  70.0  272
14  48.0  313
15  36.0  185
16  59.0  235
17  93.0  94
18  88.0  130
19  82.0  139
20  80.0  111
0  65.0  379
1  51.0  392
2  59.0  243
3  78.0  332
4  48.0  346
5  35.0  487
6  61.0  219
7  61.0  365
8  60.0  420
9  85.0  156
10  84.0  138
11  95.0  108
12  40.0  351
13  46.0  362
14  92.0  105
15  68.0  274
16  91.0  128
17  71.0  200
18  60.0  173
19  48.0  230
20  76.0  215
0  38.0  401
1  52.0  439
2  32.0  342
3  70.0  263
4  16.0  328
5  47.0  322
6  91.0  116
7  13.0  297
8  55.0  226
9  74.0  273
10  42.0  328
11  47.0  165
12  62.0  257
13  93.0  81
14  75.0  80
15  90.0  120
16  55.0  133
17  88.0  122
18  90.0  96
19  90.0  89
20  69.0  99
0  38.0  550
1  48.0  389
2  55.0  368
3  73.0  360
4  57.0  336
5  48.0  267
6  59.0  483
7  84.0  228
8  77.0  189
9  6.0  186
10  79.0  176
11  64.0  261
12  75.0  129
13  77.0  143
14  83.0  125
15  81.0  133
16  79.0  31
17  64.0  272
18  50.0  304
19  70.0  159
20  68.0  224
0  16.0  242
1  49.0  443
2  41.0  495
3  79.0  344
4  23.0  254
5  32.0  307
6  87.0  250
7  80.0  203
8  64.0  296
9  65.0  294
10  70.0  352
11  88.0  175
12  85.0  278
13  92.0  117
14  70.0  200
15  84.0  195
16  85.0  209
17  87.0  116
18  79.0  238
19  82.0  116
20  44.0  132
0  62.0  354
1  26.0  192
2  51.0  479
3  63.0  297
4  69.0  313
5  30.0  528
6  52.0  368
7  56.0  406
8  36.0  288
9  77.0  234
10  82.0  191
11  97.0  141
12  77.0  259
13  42.0  221
14  45.0  210
15  97.0  90
16  49.0  480
17  67.0  373
18  58.0  331
19  92.0  159
20  45.0  316
0  42.0  318
1  25.0  459
2  42.0  555
3  34.0  270
4  33.0  399
5  59.0  193
6  41.0  410
7  85.0  193
8  26.0  280
9  72.0  259
10  78.0  227
11  60.0  279
12  94.0  99
13  81.0  202
14  97.0  25
15  42.0  309
16  65.0  319
17  82.0  202
18  71.0  256
19  91.0  48
20  97.0  17
0  82.0  307
1  14.0  483
2  70.0  233
3  50.0  332
4  90.0  182
5  48.0  346
6  58.0  186
7  20.0  499
8  77.0  116
9  34.0  360
10  89.0  122
11  83.0  214
12  52.0  312
13  46.0  397
14  65.0  262
15  79.0  118
16  84.0  174
17  79.0  160
18  79.0  245
19  75.0  293
20  25.0  215
0  64.0  338
1  53.0  480
2  55.0  344
3  61.0  299
4  73.0  139
5  40.0  406
6  23.0  392
7  21.0  451
8  45.0  279
9  59.0  306
10  84.0  152
11  68.0  314
12  97.0  99
13  65.0  244
14  52.0  240
15  65.0  328
16  63.0  190
17  62.0  280
18  87.0  111
19  68.0  332
20  80.0  225
0  24.0  306
1  73.0  376
2  59.0  349
3  59.0  335
4  83.0  237
5  82.0  237
6  46.0  409
7  20.0  215
8  80.0  219
9  72.0  238
10  13.0  250
11  79.0  286
12  85.0  202
13  27.0  166
14  46.0  221
15  30.0  331
16  69.0  300
17  73.0  284
18  88.0  92
19  89.0  189
20  63.0  165
0  56.0  367
1  60.0  435
2  54.0  240
3  16.0  298
4  59.0  317
5  57.0  255
6  57.0  327
7  39.0  304
8  53.0  257
9  53.0  210
10  55.0  433
11  70.0  169
12  56.0  237
13  83.0  169
14  97.0  41
15  79.0  126
16  70.0  271
17  84.0  217
18  70.0  265
19  84.0  166
20  74.0  255
0  69.0  302
1  39.0  381
2  36.0  345
3  45.0  363
4  36.0  350
5  59.0  370
6  71.0  221
7  39.0  394
8  87.0  161
9  78.0  304
10  87.0  157
11  41.0  433
12  80.0  237
13  79.0  102
14  37.0  506
15  84.0  213
16  93.0  64
17  83.0  101
18  73.0  199
19  76.0  276
20  88.0  118
0  68.0  381
1  61.0  421
2  42.0  391
3  86.0  168
4  48.0  271
5  49.0  368
6  60.0  174
7  49.0  388
8  62.0  363
9  89.0  59
10  89.0  187
11  42.0  347
12  73.0  222
13  77.0  290
14  97.0  25
15  53.0  259
16  75.0  249
17  95.0  83
18  90.0  137
19  53.0  293
20  92.0  122
0  38.0  519
1  38.0  395
2  65.0  379
3  92.0  92
4  85.0  288
5  59.0  186
6  70.0  346
7  32.0  347
8  75.0  387
9  27.0  256
10  54.0  267
11  65.0  178
12  70.0  279
13  71.0  169
14  65.0  231
15  40.0  181
16  66.0  197
17  84.0  143
18  81.0  173
19  97.0  35
20  88.0  158
0  78.0  369
1  75.0  332
2  15.0  339
3  71.0  414
4  29.0  380
5  69.0  254
6  57.0  269
7  73.0  325
8  70.0  300
9  76.0  121
10  60.0  230
11  62.0  321
12  86.0  188
13  50.0  339
14  49.0  389
15  94.0  130
16  53.0  359
17  81.0  192
18  74.0  274
19  55.0  233
20  97.0  47
0  67.0  356
1  20.0  312
2  32.0  420
3  92.0  102
4  24.0  184
5  46.0  289
6  79.0  260
7  48.0  311
8  43.0  412
9  37.0  316
10  62.0  257
11  65.0  338
12  89.0  74
13  78.0  207
14  97.0  21
15  42.0  321
16  89.0  92
17  71.0  296
18  54.0  319
19  77.0  346
20  28.0  201
0  28.0  349
1  32.0  543
2  51.0  349
3  47.0  462
4  50.0  361
5  77.0  269
6  77.0  175
7  63.0  322
8  73.0  164
9  63.0  200
10  81.0  297
11  80.0  203
12  70.0  222
13  76.0  261
14  77.0  135
15  40.0  233
16  94.0  60
17  71.0  184
18  54.0  156
19  74.0  245
20  87.0  171
0  45.0  265
1  35.0  647
2  61.0  434
3  64.0  355
4  47.0  404
5  57.0  309
6  68.0  219
7  47.0  318
8  60.0  342
9  91.0  137
10  34.0  240
11  44.0  358
12  70.0  99
13  74.0  200
14  72.0  299
15  90.0  219
16  83.0  124
17  67.0  311
18  91.0  91
19  97.0  82
20  88.0  193
0  46.0  499
1  47.0  346
2  76.0  348
3  31.0  319
4  78.0  224
5  49.0  308
6  63.0  186
7  23.0  493
8  72.0  283
9  60.0  222
10  46.0  208
11  61.0  279
12  89.0  49
13  38.0  287
14  64.0  169
15  82.0  125
16  62.0  208
17  79.0  105
18  92.0  24
19  61.0  235
20  76.0  252
0  50.0  338
1  39.0  327
2  30.0  455
3  79.0  173
4  61.0  236
5  28.0  390
6  30.0  210
7  67.0  267
8  19.0  191
9  83.0  151
10  60.0  299
11  45.0  454
12  55.0  254
13  59.0  144
14  93.0  85
15  60.0  259
16  65.0  144
17  35.0  337
18  83.0  128
19  95.0  50
20  95.0  114
0  43.0  423
1  47.0  346
2  77.0  264
3  64.0  462
4  66.0  229
5  39.0  567
6  64.0  352
7  51.0  392
8  86.0  39
9  88.0  168
10  32.0  166
11  57.0  306
12  97.0  56
13  70.0  229
14  64.0  300
15  59.0  257
16  95.0  60
17  75.0  204
18  42.0  267
19  53.0  362
20  75.0  189
0  34.0  435
1  26.0  518
2  66.0  411
3  59.0  434
4  56.0  447
5  52.0  242
6  69.0  337
7  63.0  291
8  21.0  357
9  73.0  283
10  44.0  262
11  44.0  227
12  75.0  172
13  84.0  226
14  93.0  51
15  81.0  136
16  87.0  161
17  76.0  144
18  55.0  230
19  72.0  150
20  79.0  216
0  26.0  338
1  53.0  247
2  18.0  255
3  46.0  329
4  41.0  268
5  78.0  229
6  68.0  341
7  55.0  350
8  90.0  197
9  70.0  173
10  58.0  146
11  66.0  233
12  58.0  192
13  72.0  184
14  95.0  31
15  90.0  141
16  69.0  213
17  63.0  385
18  69.0  303
19  49.0  138
20  58.0  110
0  45.0  269
1  20.0  211
2  43.0  338
3  39.0  336
4  68.0  199
5  35.0  350
6  46.0  364
7  65.0  239
8  71.0  368
9  57.0  343
10  81.0  88
11  85.0  288
12  51.0  345
13  97.0  36
14  84.0  124
15  68.0  233
16  81.0  169
17  81.0  139
18  52.0  256
19  51.0  473
20  62.0  208
0  59.0  374
1  42.0  452
2  43.0  186
3  34.0  329
4  54.0  405
5  32.0  327
6  58.0  300
7  51.0  346
8  26.0  359
9  32.0  375
10  32.0  262
11  50.0  284
12  56.0  278
13  69.0  247
14  68.0  119
15  88.0  142
16  81.0  270
17  97.0  20
18  84.0  132
19  81.0  172
20  71.0  243
0  48.0  310
1  32.0  408
2  49.0  299
3  63.0  199
4  28.0  419
5  65.0  189
6  64.0  276
7  54.0  325
8  52.0  391
9  62.0  224
10  86.0  124
11  55.0  469
12  78.0  276
13  90.0  149
14  55.0  327
15  81.0  53
16  96.0  8
17  69.0  207
18  88.0  142
19  79.0  213
20  74.0  130
0  40.0  448
1  67.0  312
2  28.0  539
3  77.0  292
4  58.0  368
5  29.0  281
6  59.0  317
7  39.0  316
8  73.0  253
9  72.0  170
10  82.0  170
11  69.0  234
12  54.0  231
13  54.0  214
14  70.0  154
15  82.0  93
16  69.0  324
17  97.0  14
18  55.0  182
19  53.0  224
20  79.0  190
0  43.0  184
1  75.0  268
2  55.0  426
3  57.0  322
4  88.0  189
5  81.0  153
6  94.0  126
7  93.0  74
8  70.0  251
9  92.0  135
10  36.0  335
11  26.0  284
12  49.0  266
13  63.0  354
14  61.0  167
15  57.0  248
16  73.0  400
17  49.0  268
18  54.0  228
19  55.0  171
20  50.0  293
0  29.0  515
1  70.0  368
2  75.0  352
3  89.0  220
4  57.0  365
5  67.0  409
6  61.0  515
7  81.0  280
8  19.0  214
9  74.0  223
10  30.0  297
11  69.0  375
12  69.0  172
13  22.0  325
14  78.0  217
15  29.0  142
16  69.0  175
17  69.0  155
18  80.0  156
19  72.0  160
20  72.0  116
0  5.0  335
1  70.0  293
2  80.0  302
3  92.0  109
4  68.0  334
5  69.0  359
6  53.0  382
7  67.0  335
8  40.0  211
9  77.0  228
10  70.0  157
11  77.0  254
12  65.0  228
13  56.0  226
14  49.0  293
15  63.0  305
16  67.0  257
17  87.0  182
18  67.0  204
19  86.0  83
20  61.0  229
0  77.0  301
1  78.0  340
2  53.0  323
3  74.0  363
4  16.0  201
5  18.0  336
6  92.0  95
7  62.0  323
8  82.0  110
9  53.0  185
10  39.0  151
11  55.0  375
12  71.0  246
13  68.0  260
14  75.0  253
15  60.0  213
16  56.0  303
17  80.0  188
18  84.0  115
19  36.0  325
20  66.0  216
0  53.0  432
1  43.0  346
2  38.0  395
3  41.0  556
4  67.0  318
5  91.0  110
6  73.0  217
7  41.0  364
8  44.0  376
9  58.0  340
10  95.0  107
11  93.0  76
12  31.0  366
13  31.0  145
14  80.0  110
15  82.0  156
16  92.0  106
17  78.0  212
18  86.0  129
19  64.0  247
20  84.0  129
0  61.0  494
1  68.0  303
2  83.0  321
3  49.0  475
4  77.0  330
5  58.0  429
6  72.0  289
7  48.0  353
8  43.0  385
9  79.0  287
10  73.0  244
11  73.0  291
12  20.0  269
13  77.0  163
14  78.0  92
15  85.0  190
16  55.0  316
17  36.0  300
18  84.0  161
19  73.0  257
20  73.0  191
0  57.0  454
1  18.0  591
2  56.0  386
3  65.0  288
4  85.0  246
5  25.0  542
6  38.0  205
7  57.0  244
8  13.0  263
9  14.0  305
10  73.0  196
11  65.0  198
12  54.0  345
13  70.0  116
14  91.0  159
15  60.0  236
16  60.0  279
17  55.0  128
18  80.0  102
19  85.0  185
20  90.0  153
0  46.0  452
1  48.0  269
2  29.0  294
3  76.0  293
4  29.0  345
5  69.0  283
6  30.0  371
7  97.0  82
8  56.0  345
9  66.0  251
10  59.0  305
11  45.0  241
12  60.0  323
13  38.0  422
14  51.0  99
15  45.0  210
16  46.0  200
17  69.0  141
18  77.0  139
19  85.0  191
20  85.0  164
0  40.0  550
1  26.0  343
2  42.0  399
3  49.0  437
4  68.0  289
5  89.0  204
6  78.0  228
7  85.0  164
8  75.0  296
9  17.0  335
10  38.0  363
11  43.0  315
12  69.0  248
13  80.0  227
14  67.0  340
15  70.0  276
16  93.0  86
17  96.0  162
18  86.0  171
19  84.0  178
20  79.0  115
0  56.0  349
1  70.0  298
2  64.0  182
3  82.0  316
4  54.0  263
5  50.0  253
6  44.0  322
7  93.0  177
8  53.0  376
9  82.0  267
10  63.0  320
11  93.0  64
12  33.0  320
13  79.0  201
14  36.0  273
15  82.0  103
16  91.0  90
17  78.0  149
18  38.0  212
19  94.0  84
20  71.0  202
0  72.0  335
1  22.0  349
2  88.0  240
3  44.0  390
4  74.0  347
5  67.0  320
6  62.0  333
7  63.0  304
8  82.0  228
9  91.0  117
10  80.0  27
11  81.0  316
12  82.0  72
13  93.0  70
14  51.0  325
15  74.0  71
16  81.0  309
17  64.0  171
18  45.0  343
19  56.0  240
20  72.0  192
0  16.0  269
1  49.0  346
2  58.0  325
3  30.0  482
4  49.0  400
5  72.0  243
6  61.0  262
7  81.0  89
8  91.0  229
9  48.0  340
10  65.0  277
11  48.0  439
12  92.0  121
13  50.0  324
14  58.0  206
15  90.0  138
16  63.0  179
17  67.0  168
18  89.0  124
19  93.0  148
20  68.0  211
0  73.0  366
1  61.0  368
2  68.0  302
3  33.0  290
4  92.0  147
5  79.0  140
6  54.0  395
7  66.0  229
8  68.0  303
9  92.0  121
10  85.0  305
11  72.0  228
12  84.0  99
13  62.0  297
14  92.0  109
15  45.0  325
16  92.0  73
17  68.0  275
18  80.0  231
19  96.0  109
20  67.0  330
0  34.0  295
1  55.0  407
2  79.0  308
3  24.0  214
4  64.0  303
5  93.0  143
6  82.0  204
7  68.0  256
8  64.0  271
9  67.0  232
10  57.0  299
11  18.0  340
12  95.0  128
13  76.0  170
14  46.0  226
15  45.0  160
16  78.0  38
17  94.0  25
18  73.0  252
19  74.0  291
20  57.0  283
0  69.0  363
1  31.0  410
2  75.0  235
3  47.0  232
4  69.0  236
5  75.0  332
6  75.0  224
7  67.0  146
8  79.0  155
9  70.0  209
10  56.0  316
11  62.0  227
12  61.0  193
13  91.0  63
14  46.0  282
15  42.0  215
16  83.0  236
17  62.0  73
18  62.0  345
19  82.0  116
20  74.0  271
0  67.0  356
1  28.0  351
2  38.0  423
3  48.0  331
4  83.0  269
5  69.0  381
6  35.0  232
7  75.0  244
8  61.0  299
9  65.0  250
10  85.0  160
11  62.0  225
12  72.0  223
13  26.0  279
14  28.0  133
15  85.0  127
16  79.0  190
17  97.0  69
18  85.0  238
19  78.0  94
20  62.0  192
0  39.0  551
1  56.0  339
2  66.0  272
3  36.0  316
4  48.0  255
5  34.0  336
6  88.0  192
7  83.0  269
8  54.0  304
9  55.0  263
10  62.0  347
11  74.0  252
12  45.0  184
13  30.0  355
14  87.0  213
15  69.0  251
16  65.0  293
17  79.0  213
18  67.0  352
19  64.0  299
20  74.0  142
0  35.0  432
1  54.0  213
2  73.0  316
3  33.0  443
4  85.0  229
5  87.0  210
6  34.0  238
7  56.0  474
8  71.0  212
9  27.0  309
10  44.0  292
11  36.0  272
12  97.0  19
13  71.0  157
14  78.0  75
15  80.0  286
16  78.0  278
17  87.0  111
18  65.0  205
19  65.0  208
20  87.0  99
0  41.0  383
1  52.0  265
2  63.0  415
3  61.0  378
4  48.0  342
5  78.0  329
6  60.0  291
7  64.0  163
8  88.0  177
9  85.0  151
10  79.0  258
11  51.0  175
12  62.0  192
13  75.0  286
14  74.0  110
15  77.0  219
16  46.0  140
17  28.0  456
18  88.0  142
19  42.0  340
20  85.0  116
0  22.0  326
1  67.0  238
2  69.0  271
3  94.0  103
4  55.0  280
5  47.0  243
6  89.0  137
7  95.0  80
8  54.0  206
9  59.0  305
10  76.0  221
11  46.0  176
12  64.0  297
13  38.0  299
14  62.0  217
15  26.0  397
16  44.0  278
17  65.0  186
18  58.0  344
19  93.0  97
20  47.0  115
0  43.0  480
1  12.0  337
2  61.0  399
3  66.0  342
4  54.0  269
5  41.0  395
6  54.0  295
7  14.0  317
8  81.0  180
9  69.0  137
10  96.0  64
11  79.0  174
12  87.0  201
13  52.0  385
14  61.0  280
15  97.0  81
16  82.0  218
17  71.0  209
18  83.0  201
19  62.0  148
20  83.0  228
0  30.0  527
1  54.0  336
2  24.0  318
3  46.0  353
4  83.0  141
5  64.0  297
6  57.0  430
7  29.0  143
8  24.0  285
9  59.0  401
10  56.0  410
11  97.0  56
12  69.0  212
13  56.0  295
14  75.0  243
15  68.0  219
16  97.0  32
17  84.0  175
18  78.0  116
19  62.0  235
20  40.0  256
0  48.0  346
1  44.0  404
2  28.0  406
3  25.0  387
4  56.0  409
5  65.0  403
6  39.0  373
7  41.0  452
8  79.0  234
9  86.0  213
10  28.0  181
11  65.0  153
12  74.0  254
13  70.0  224
14  65.0  346
15  41.0  179
16  52.0  329
17  61.0  282
18  65.0  290
19  93.0  84
20  75.0  93
0  59.0  477
1  23.0  297
2  59.0  267
3  55.0  187
4  54.0  299
5  61.0  358
6  83.0  89
7  49.0  483
8  49.0  384
9  42.0  352
10  97.0  51
11  12.0  328
12  60.0  208
13  60.0  213
14  42.0  237
15  59.0  211
16  54.0  442
17  91.0  100
18  97.0  55
19  92.0  75
20  96.0  23
0  49.0  416
1  74.0  348
2  31.0  348
3  75.0  358
4  48.0  358
5  52.0  278
6  68.0  165
7  65.0  192
8  77.0  279
9  75.0  264
10  61.0  271
11  83.0  192
12  65.0  344
13  42.0  269
14  42.0  317
15  44.0  189
16  62.0  268
17  72.0  266
18  74.0  136
19  30.0  235
20  80.0  135
0  51.0  431
1  74.0  286
2  35.0  437
3  62.0  252
4  46.0  297
5  64.0  190
6  58.0  293
7  17.0  310
8  39.0  514
9  39.0  275
10  77.0  147
11  58.0  225
12  46.0  208
13  47.0  193
14  97.0  59
15  67.0  258
16  53.0  402
17  83.0  73
18  94.0  128
19  74.0  214
20  60.0  329
0  69.0  404
1  35.0  320
2  43.0  297
3  64.0  505
4  84.0  221
5  48.0  523
6  43.0  260
7  37.0  330
8  29.0  190
9  66.0  269
10  47.0  82
11  63.0  310
12  54.0  230
13  70.0  196
14  80.0  245
15  86.0  172
16  58.0  275
17  63.0  203
18  60.0  185
19  78.0  67
20  90.0  202
0  55.0  430
1  60.0  344
2  55.0  440
3  54.0  349
4  58.0  332
5  43.0  306
6  81.0  251
7  83.0  154
8  66.0  275
9  84.0  267
10  33.0  353
11  43.0  223
12  85.0  176
13  81.0  137
14  61.0  238
15  45.0  231
16  63.0  473
17  95.0  39
18  95.0  45
19  75.0  202
20  97.0  34
0  27.0  410
1  55.0  266
2  85.0  211
3  38.0  285
4  43.0  485
5  54.0  368
6  68.0  288
7  44.0  326
8  87.0  184
9  48.0  292
10  70.0  359
11  93.0  172
12  86.0  54
13  80.0  226
14  16.0  284
15  52.0  353
16  87.0  158
17  81.0  190
18  67.0  218
19  49.0  201
20  74.0  133
0  40.0  495
1  40.0  276
2  38.0  377
3  71.0  247
4  63.0  355
5  30.0  331
6  67.0  384
7  22.0  324
8  62.0  276
9  68.0  227
10  73.0  288
11  85.0  228
12  90.0  198
13  43.0  242
14  86.0  97
15  58.0  325
16  94.0  108
17  49.0  235
18  53.0  192
19  96.0  26
20  38.0  277
0  45.0  491
1  19.0  296
2  41.0  420
3  39.0  399
4  45.0  551
5  66.0  441
6  89.0  96
7  27.0  218
8  27.0  437
9  74.0  194
10  44.0  529
11  86.0  193
12  62.0  294
13  84.0  125
14  72.0  212
15  15.0  247
16  97.0  24
17  80.0  211
18  61.0  266
19  72.0  74
20  73.0  116
0  40.0  252
1  37.0  416
2  43.0  288
3  54.0  522
4  46.0  332
5  53.0  299
6  88.0  63
7  53.0  488
8  68.0  46
9  89.0  158
10  89.0  180
11  29.0  286
12  70.0  274
13  63.0  136
14  47.0  343
15  87.0  181
16  97.0  43
17  75.0  102
18  58.0  314
19  83.0  60
20  73.0  205
0  75.0  352
1  47.0  464
2  79.0  269
3  26.0  336
4  56.0  377
5  37.0  472
6  64.0  358
7  53.0  313
8  77.0  234
9  77.0  133
10  92.0  77
11  95.0  74
12  66.0  318
13  93.0  163
14  76.0  261
15  54.0  330
16  89.0  128
17  61.0  258
18  72.0  327
19  78.0  116
20  81.0  137
0  44.0  292
1  53.0  275
2  56.0  361
3  41.0  304
4  87.0  127
5  47.0  241
6  68.0  211
7  62.0  378
8  89.0  223
9  77.0  146
10  81.0  231
11  91.0  153
12  39.0  272
13  53.0  418
14  89.0  132
15  97.0  44
16  82.0  148
17  73.0  134
18  66.0  248
19  78.0  282
20  72.0  206
0  37.0  472
1  54.0  443
2  68.0  317
3  68.0  325
4  59.0  332
5  91.0  159
6  59.0  280
7  55.0  235
8  53.0  363
9  68.0  313
10  81.0  175
11  83.0  214
12  61.0  402
13  65.0  216
14  80.0  174
15  71.0  200
16  91.0  138
17  37.0  104
18  97.0  26
19  77.0  187
20  67.0  217
0  55.0  391
1  46.0  514
2  18.0  369
3  73.0  344
4  68.0  394
5  77.0  308
6  35.0  312
7  66.0  346
8  53.0  408
9  67.0  295
10  85.0  173
11  70.0  255
12  50.0  119
13  59.0  267
14  97.0  96
15  91.0  90
16  76.0  243
17  97.0  59
18  82.0  83
19  88.0  122
20  68.0  218
0  30.0  416
1  65.0  426
2  34.0  435
3  68.0  296
4  65.0  376
5  31.0  103
6  79.0  254
7  86.0  180
8  65.0  375
9  84.0  188
10  71.0  269
11  66.0  338
12  49.0  298
13  72.0  305
14  58.0  283
15  74.0  281
16  97.0  26
17  68.0  232
18  74.0  281
19  58.0  199
20  92.0  174
0  19.0  397
1  70.0  276
2  68.0  397
3  48.0  437
4  44.0  418
5  85.0  237
6  46.0  286
7  37.0  332
8  70.0  328
9  77.0  260
10  73.0  330
11  52.0  284
12  68.0  199
13  64.0  244
14  89.0  116
15  97.0  35
16  83.0  172
17  97.0  77
18  85.0  189
19  94.0  131
20  74.0  325
0  49.0  411
1  47.0  384
2  56.0  263
3  45.0  412
4  61.0  267
5  44.0  279
6  97.0  73
7  50.0  517
8  58.0  336
9  72.0  237
10  71.0  159
11  63.0  225
12  50.0  304
13  73.0  195
14  38.0  259
15  80.0  141
16  70.0  294
17  77.0  174
18  71.0  246
19  70.0  47
20  83.0  74
0  57.0  444
1  41.0  394
2  65.0  375
3  43.0  215
4  30.0  530
5  59.0  379
6  43.0  215
7  57.0  331
8  81.0  126
9  57.0  391
10  37.0  301
11  93.0  36
12  86.0  163
13  75.0  153
14  96.0  85
15  94.0  131
16  75.0  208
17  88.0  157
18  84.0  89
19  32.0  248
20  76.0  170
0  80.0  296
1  44.0  598
2  52.0  359
3  57.0  354
4  53.0  346
5  54.0  379
6  75.0  238
7  22.0  267
8  71.0  236
9  48.0  333
10  63.0  250
11  52.0  210
12  70.0  291
13  70.0  237
14  74.0  314
15  84.0  138
16  64.0  139
17  78.0  264
18  81.0  192
19  68.0  255
20  96.0  117
0  55.0  414
1  60.0  479
2  57.0  387
3  34.0  289
4  59.0  376
5  17.0  303
6  49.0  398
7  90.0  131
8  29.0  252
9  83.0  234
10  59.0  303
11  74.0  163
12  64.0  100
13  84.0  186
14  62.0  340
15  44.0  451
16  71.0  334
17  62.0  126
18  60.0  212
19  44.0  574
20  97.0  52
0  56.0  306
1  65.0  509
2  54.0  472
3  61.0  239
4  39.0  293
5  55.0  333
6  59.0  266
7  46.0  384
8  92.0  138
9  60.0  331
10  58.0  199
11  65.0  248
12  67.0  310
13  88.0  153
14  61.0  264
15  16.0  493
16  91.0  88
17  87.0  48
18  87.0  182
19  60.0  371
20  59.0  205
0  57.0  394
1  83.0  311
2  83.0  223
3  71.0  335
4  37.0  422
5  57.0  366
6  44.0  274
7  80.0  175
8  38.0  143
9  76.0  116
10  22.0  267
11  38.0  248
12  82.0  162
13  76.0  186
14  97.0  25
15  40.0  286
16  91.0  98
17  82.0  120
18  51.0  102
19  63.0  285
20  68.0  160
0  47.0  270
1  71.0  358
2  74.0  296
3  69.0  342
4  75.0  273
5  56.0  216
6  36.0  354
7  68.0  127
8  35.0  271
9  53.0  293
10  72.0  331
11  32.0  494
12  97.0  51
13  43.0  156
14  80.0  221
15  64.0  226
16  88.0  77
17  43.0  279
18  76.0  102
19  31.0  152
20  78.0  172
0  47.0  385
1  59.0  438
2  41.0  516
3  37.0  467
4  37.0  461
5  69.0  380
6  39.0  404
7  75.0  191
8  79.0  265
9  78.0  192
10  92.0  95
11  35.0  297
12  77.0  248
13  16.0  287
14  59.0  315
15  34.0  238
16  94.0  15
17  80.0  124
18  92.0  100
19  38.0  295
20  87.0  172
0  40.0  641
1  15.0  355
2  73.0  258
3  65.0  300
4  54.0  408
5  51.0  336
6  76.0  298
7  36.0  297
8  62.0  269
9  86.0  210
10  43.0  296
11  40.0  222
12  51.0  291
13  72.0  196
14  85.0  150
15  83.0  189
16  63.0  226
17  93.0  80
18  83.0  146
19  39.0  217
20  82.0  49
0  45.0  459
1  64.0  305
2  45.0  280
3  65.0  264
4  59.0  238
5  42.0  229
6  13.0  293
7  52.0  419
8  60.0  237
9  58.0  226
10  68.0  271
11  75.0  138
12  73.0  230
13  50.0  200
14  81.0  151
15  65.0  161
16  91.0  112
17  64.0  222
18  68.0  302
19  38.0  336
20  82.0  140
0  60.0  496
1  75.0  206
2  71.0  327
3  88.0  205
4  79.0  276
5  52.0  174
6  52.0  383
7  91.0  114
8  49.0  255
9  75.0  254
10  91.0  117
11  88.0  174
12  87.0  101
13  29.0  346
14  97.0  34
15  73.0  164
16  28.0  323
17  76.0  129
18  41.0  170
19  51.0  436
20  91.0  120
0  30.0  533
1  53.0  511
2  74.0  316
3  27.0  405
4  81.0  145
5  53.0  258
6  74.0  316
7  86.0  193
8  73.0  292
9  72.0  113
10  68.0  292
11  81.0  167
12  76.0  291
13  57.0  260
14  75.0  231
15  58.0  316
16  56.0  253
17  72.0  85
18  82.0  216
19  95.0  44
20  75.0  184
0  42.0  270
1  45.0  330
2  37.0  317
3  79.0  209
4  70.0  329
5  80.0  182
6  63.0  320
7  71.0  302
8  64.0  339
9  25.0  359
10  71.0  252
11  97.0  25
12  71.0  176
13  97.0  40
14  79.0  100
15  60.0  352
16  37.0  245
17  60.0  310
18  75.0  302
19  62.0  128
20  82.0  188
