1  42.0  627
2  36.0  670
3  44.0  638
4  6.0  342
5  24.0  671
6  12.0  432
7  34.0  436
1  33.0  645
2  18.0  226
3  7.0  505
4  23.0  629
5  33.0  518
6  12.0  650
7  33.0  282
1  9.0  517
2  12.0  203
3  38.0  639
4  3.0  848
5  34.0  448
6  47.0  504
7  41.0  415
1  14.0  221
2  13.0  552
3  25.0  467
4  24.0  409
5  16.0  690
6  21.0  493
7  9.0  330
1  18.0  649
2  14.0  710
3  25.0  459
4  3.0  705
5  13.0  425
6  26.0  442
7  17.0  431
1  40.0  675
2  13.0  602
3  18.0  603
4  16.0  549
5  25.0  462
6  26.0  414
7  0.0  543
1  27.0  754
2  22.0  509
3  26.0  577
4  32.0  609
5  11.0  472
6  26.0  425
7  14.0  560
1  23.0  469
2  32.0  588
3  34.0  560
4  3.0  390
5  29.0  474
6  18.0  612
7  31.0  468
1  28.0  429
2  42.0  582
3  59.0  459
4  16.0  455
5  51.0  532
6  13.0  536
7  41.0  582
1  40.0  614
2  25.0  502
3  7.0  652
4  11.0  354
5  37.0  487
6  19.0  610
7  27.0  563
1  16.0  469
2  37.0  621
3  14.0  534
4  9.0  756
5  21.0  596
6  19.0  472
7  23.0  655
1  51.0  604
2  11.0  596
3  15.0  494
4  42.0  521
5  16.0  528
6  15.0  584
7  17.0  650
1  53.0  585
2  13.0  436
3  40.0  470
4  25.0  498
5  22.0  523
6  9.0  429
7  30.0  584
1  46.0  401
2  14.0  477
3  29.0  613
4  59.0  456
5  46.0  468
6  40.0  526
7  52.0  478
1  2.0  704
2  11.0  418
3  12.0  496
4  28.0  648
5  4.0  474
6  28.0  546
7  26.0  652
1  56.0  485
2  37.0  592
3  18.0  595
4  58.0  523
5  42.0  503
6  27.0  293
7  39.0  445
1  41.0  681
2  32.0  598
3  31.0  429
4  24.0  640
5  25.0  528
6  23.0  559
7  16.0  479
1  26.0  734
2  15.0  690
3  7.0  425
4  17.0  634
5  34.0  626
6  30.0  338
7  19.0  525
1  19.0  672
2  18.0  346
3  13.0  533
4  37.0  575
5  46.0  599
6  46.0  471
7  23.0  717
1  67.0  571
2  36.0  423
3  44.0  691
4  32.0  455
5  14.0  607
6  19.0  625
7  26.0  475
1  1.0  633
2  43.0  391
3  26.0  463
4  19.0  429
5  28.0  488
6  26.0  469
7  19.0  402
1  21.0  687
2  20.0  360
3  20.0  456
4  14.0  491
5  25.0  432
6  35.0  463
7  7.0  594
1  21.0  651
2  36.0  484
3  20.0  455
4  29.0  582
5  32.0  495
6  36.0  461
7  54.0  565
1  60.0  617
2  36.0  471
3  22.0  610
4  17.0  332
5  11.0  707
6  34.0  310
7  27.0  405
1  23.0  567
2  32.0  609
3  23.0  491
4  20.0  351
5  30.0  666
6  19.0  502
7  18.0  457
1  26.0  664
2  30.0  472
3  20.0  458
4  50.0  622
5  32.0  523
6  27.0  515
7  20.0  554
1  7.0  328
2  17.0  615
3  18.0  529
4  48.0  558
5  44.0  557
6  18.0  623
7  17.0  560
1  13.0  532
2  26.0  355
3  9.0  544
4  15.0  545
5  29.0  561
6  34.0  501
7  25.0  523
1  17.0  332
2  26.0  420
3  50.0  515
4  31.0  535
5  37.0  524
6  24.0  440
7  28.0  573
1  46.0  533
2  42.0  581
3  44.0  483
4  35.0  555
5  1.0  410
6  11.0  224
7  26.0  491
1  39.0  558
2  22.0  740
3  49.0  621
4  8.0  794
5  43.0  431
6  20.0  497
7  17.0  677
1  21.0  649
2  26.0  570
3  22.0  479
4  30.0  552
5  8.0  281
6  19.0  442
7  39.0  618
1  0.0  477
2  3.0  627
3  24.0  613
4  30.0  575
5  4.0  389
6  33.0  498
7  8.0  605
1  29.0  792
2  28.0  643
3  36.0  496
4  22.0  325
5  23.0  656
6  17.0  628
7  20.0  593
1  1.0  565
2  37.0  675
3  0.0  691
4  11.0  301
5  9.0  581
6  39.0  504
7  31.0  520
1  21.0  641
2  5.0  575
3  15.0  458
4  29.0  542
5  0.0  443
6  40.0  547
7  32.0  658
1  29.0  427
2  25.0  700
3  28.0  637
4  9.0  312
5  11.0  442
6  20.0  375
7  16.0  805
1  32.0  534
2  43.0  635
3  18.0  342
4  58.0  515
5  8.0  519
6  24.0  541
7  16.0  593
1  0.0  316
2  26.0  402
3  38.0  698
4  30.0  457
5  26.0  534
6  33.0  620
7  21.0  620
1  6.0  450
2  25.0  530
3  29.0  577
4  39.0  875
5  14.0  624
6  12.0  528
7  16.0  499
1  20.0  569
2  40.0  688
3  43.0  361
4  10.0  583
5  9.0  470
6  40.0  569
7  27.0  350
1  39.0  491
2  32.0  651
3  14.0  518
4  17.0  504
5  33.0  674
6  32.0  631
7  30.0  702
1  6.0  567
2  24.0  678
3  47.0  576
4  17.0  721
5  2.0  471
6  51.0  441
7  45.0  530
1  11.0  651
2  10.0  425
3  14.0  374
4  45.0  473
5  32.0  572
6  13.0  481
7  20.0  607
1  20.0  585
2  15.0  647
3  7.0  381
4  15.0  588
5  24.0  618
6  17.0  513
7  18.0  658
1  31.0  651
2  11.0  507
3  0.0  168
4  35.0  579
5  39.0  324
6  47.0  529
7  18.0  556
1  28.0  787
2  46.0  668
3  27.0  687
4  28.0  661
5  32.0  609
6  19.0  551
7  31.0  602
1  32.0  483
2  57.0  515
3  43.0  623
4  43.0  490
5  20.0  715
6  4.0  574
7  41.0  661
1  83.0  396
2  34.0  670
3  41.0  569
4  32.0  508
5  43.0  561
6  42.0  375
7  9.0  403
1  0.0  305
2  20.0  474
3  16.0  767
4  25.0  721
5  12.0  486
6  9.0  286
7  31.0  559
1  41.0  481
2  18.0  713
3  39.0  529
4  31.0  542
5  25.0  584
6  12.0  547
7  10.0  371
1  32.0  477
2  28.0  557
3  27.0  464
4  13.0  592
5  17.0  378
6  12.0  641
7  8.0  421
1  0.0  593
2  41.0  652
3  39.0  571
4  19.0  530
5  25.0  593
6  42.0  548
7  50.0  486
1  39.0  705
2  26.0  475
3  19.0  641
4  38.0  513
5  11.0  390
6  7.0  460
7  53.0  515
1  23.0  540
2  34.0  585
3  23.0  731
4  41.0  676
5  19.0  586
6  11.0  552
7  19.0  687
1  27.0  499
2  44.0  490
3  41.0  546
4  20.0  612
5  18.0  501
6  14.0  515
7  16.0  323
1  11.0  691
2  9.0  413
3  23.0  365
4  25.0  425
5  28.0  830
6  14.0  530
7  26.0  546
1  44.0  509
2  16.0  554
3  29.0  493
4  32.0  540
5  42.0  514
6  17.0  571
7  14.0  537
1  0.0  351
2  15.0  618
3  33.0  484
4  19.0  511
5  48.0  603
6  72.0  483
7  36.0  655
1  18.0  420
2  47.0  519
3  24.0  523
4  25.0  521
5  22.0  658
6  32.0  528
7  47.0  483
1  32.0  413
2  20.0  652
3  39.0  501
4  42.0  566
5  27.0  586
6  12.0  469
7  38.0  634
1  4.0  541
2  26.0  715
3  37.0  582
4  9.0  793
5  8.0  482
6  26.0  622
7  26.0  363
1  53.0  569
2  0.0  279
3  16.0  446
4  12.0  709
5  13.0  650
6  28.0  612
7  24.0  517
1  35.0  588
2  5.0  606
3  19.0  663
4  42.0  550
5  26.0  436
6  18.0  625
7  21.0  451
1  37.0  387
2  4.0  489
3  22.0  362
4  39.0  611
5  36.0  580
6  64.0  395
7  21.0  575
1  62.0  369
2  25.0  392
3  27.0  548
4  34.0  696
5  22.0  531
6  32.0  527
7  33.0  653
1  17.0  492
2  12.0  709
3  11.0  582
4  30.0  496
5  37.0  392
6  50.0  492
7  17.0  630
1  53.0  343
2  2.0  814
3  35.0  575
4  13.0  416
5  27.0  567
6  44.0  553
7  36.0  516
1  49.0  787
2  7.0  455
3  19.0  551
4  45.0  582
5  12.0  514
6  20.0  553
7  13.0  428
1  32.0  640
2  5.0  622
3  34.0  600
4  31.0  683
5  20.0  419
6  16.0  630
7  38.0  596
1  27.0  374
2  21.0  695
3  52.0  601
4  23.0  510
5  10.0  636
6  49.0  497
7  18.0  635
1  26.0  592
2  30.0  666
3  29.0  611
4  21.0  755
5  27.0  489
6  25.0  434
7  11.0  561
1  29.0  818
2  34.0  356
3  40.0  579
4  19.0  574
5  22.0  441
6  37.0  417
7  15.0  747
1  62.0  471
2  33.0  500
3  40.0  371
4  49.0  526
5  36.0  471
6  29.0  421
7  37.0  489
1  20.0  415
2  61.0  528
3  0.0  447
4  44.0  497
5  18.0  573
6  28.0  599
7  11.0  628
1  0.0  236
2  15.0  567
3  18.0  565
4  31.0  565
5  27.0  575
6  20.0  601
7  31.0  440
1  22.0  493
2  49.0  594
3  7.0  260
4  9.0  682
5  6.0  726
6  12.0  519
7  6.0  436
1  20.0  579
2  12.0  702
3  5.0  513
4  30.0  638
5  53.0  583
6  33.0  535
7  19.0  590
1  12.0  684
2  37.0  590
3  22.0  563
4  40.0  581
5  24.0  511
6  28.0  576
7  19.0  552
1  37.0  581
2  25.0  691
3  14.0  602
4  21.0  385
5  45.0  502
6  35.0  645
7  32.0  358
1  33.0  569
2  27.0  454
3  10.0  336
4  31.0  608
5  16.0  490
6  24.0  650
7  26.0  554
1  1.0  577
2  21.0  728
3  23.0  594
4  30.0  732
5  36.0  464
6  31.0  556
7  27.0  653
1  41.0  508
2  13.0  418
3  27.0  676
4  23.0  503
5  13.0  298
6  19.0  590
7  24.0  497
1  31.0  329
2  9.0  589
3  27.0  465
4  46.0  622
5  30.0  450
6  19.0  563
7  42.0  497
1  21.0  389
2  38.0  604
3  30.0  534
4  17.0  590
5  48.0  536
6  29.0  360
7  26.0  536
1  19.0  801
2  39.0  614
3  36.0  547
4  10.0  288
5  29.0  641
6  30.0  529
7  19.0  727
1  21.0  742
2  38.0  682
3  16.0  383
4  40.0  658
5  26.0  506
6  30.0  584
7  16.0  627
1  42.0  684
2  44.0  564
3  33.0  748
4  22.0  476
5  0.0  501
6  16.0  765
7  52.0  472
1  22.0  432
2  58.0  572
3  4.0  510
4  54.0  458
5  7.0  272
6  12.0  360
7  39.0  565
1  20.0  576
2  31.0  585
3  21.0  426
4  34.0  513
5  29.0  613
6  19.0  518
7  22.0  593
1  29.0  607
2  10.0  627
3  37.0  753
4  8.0  558
5  19.0  705
6  20.0  648
7  29.0  419
1  18.0  488
2  4.0  504
3  26.0  450
4  42.0  534
5  16.0  530
6  19.0  642
7  56.0  545
1  2.0  600
2  23.0  708
3  15.0  531
4  11.0  391
5  14.0  472
6  19.0  501
7  24.0  661
1  22.0  553
2  41.0  707
3  23.0  605
4  15.0  728
5  13.0  574
6  58.0  512
7  24.0  612
1  37.0  555
2  34.0  424
3  5.0  361
4  25.0  506
5  13.0  595
6  22.0  520
7  29.0  721
1  42.0  444
2  31.0  375
3  22.0  625
4  50.0  481
5  19.0  205
6  11.0  448
7  31.0  442
1  24.0  571
2  29.0  564
3  30.0  578
4  47.0  613
5  24.0  417
6  31.0  433
7  8.0  525
1  7.0  715
2  15.0  625
3  38.0  666
4  28.0  662
5  21.0  504
6  42.0  620
7  45.0  589
1  67.0  470
2  2.0  404
3  26.0  464
4  42.0  498
5  45.0  645
6  23.0  677
7  36.0  585
1  40.0  590
2  10.0  351
3  50.0  503
4  7.0  571
5  0.0  411
6  52.0  519
7  22.0  638
