0  1  0.0  10000.0
0  1  0.0  10000.0
0  1  11.0  8933.0
0  1  0.0  10000.0
0  1  23.0  7769.0
0  1  22.0  7866.0
0  1  12.0  8837.0
0  1  0.0  10000.0
0  1  8.0  9224.0
0  1  0.0  10000.0
0  1  6.0  9420.0
0  1  6.0  9421.0
0  1  54.0  4763.0
0  1  0.0  10000.0
0  1  4.0  9612.0
0  1  0.0  10000.0
0  1  11.0  8934.0
0  1  0.0  10000.0
0  1  0.0  10000.0
0  1  12.0  8838.0
0  1  35.0  6605.0
0  1  0.0  10000.0
0  1  0.0  10000.0
0  1  0.0  10000.0
0  1  100.0  300.0
0  1  6.0  9418.0
0  1  11.0  8933.0
0  1  0.0  10000.0
0  1  20.0  8060.0
0  1  0.0  10000.0
0  1  38.0  6316.0
0  1  1.0  9903.0
0  1  24.0  7672.0
0  1  0.0  10000.0
0  1  21.0  7964.0
0  1  0.0  10000.0
0  1  0.0  10000.0
0  1  0.0  10000.0
0  1  0.0  10000.0
0  1  0.0  10000.0
0  1  0.0  10000.0
0  1  6.0  9418.0
0  1  21.0  7963.0
0  1  0.0  10000.0
0  1  51.0  5065.0
0  1  57.0  4471.0
0  1  10.0  9030.0
0  1  46.0  5538.0
0  1  0.0  10000.0
0  1  0.0  10000.0
0  1  0.0  10000.0
0  1  0.0  10000.0
0  1  0.0  10000.0
0  1  33.0  6799.0
0  1  0.0  10000.0
0  1  0.0  10000.0
0  1  0.0  10000.0
0  1  6.0  9418.0
0  1  80.0  2240.0
0  1  9.0  9129.0
0  1  21.0  7969.0
0  1  26.0  7478.0
0  1  0.0  10000.0
0  1  0.0  10000.0
0  1  4.0  9612.0
0  1  1.0  9903.0
0  1  0.0  10000.0
0  1  16.0  8449.0
0  1  5.0  9515.0
0  1  0.0  10000.0
0  1  0.0  10000.0
0  1  0.0  10000.0
0  1  0.0  10000.0
0  1  5.0  9516.0
0  1  20.0  8060.0
0  1  0.0  10000.0
0  1  81.0  2144.0
0  1  5.0  9515.0
0  1  17.0  8352.0
0  1  0.0  10000.0
0  1  0.0  10000.0
0  1  0.0  10000.0
0  1  5.0  9515.0
0  1  0.0  10000.0
0  1  0.0  10000.0
0  1  25.0  7577.0
0  1  0.0  10000.0
0  1  25.0  7576.0
0  1  0.0  10000.0
0  1  0.0  10000.0
0  1  0.0  10000.0
0  1  30.0  7091.0
0  1  0.0  10000.0
0  1  0.0  10000.0
0  1  8.0  9225.0
0  1  0.0  10000.0
0  1  4.0  9612.0
0  1  0.0  10000.0
0  1  14.0  8643.0
0  1  43.0  5829.0
0  1  0.0  10000.0
0  1  0.0  10000.0
0  1  0.0  10000.0
0  1  3.0  9710.0
0  1  0.0  10000.0
0  1  36.0  6508.0
0  1  35.0  6605.0
0  1  52.0  4956.0
0  1  8.0  9225.0
0  1  21.0  7965.0
0  1  0.0  10000.0
0  1  18.0  8254.0
0  1  0.0  10000.0
0  1  0.0  10000.0
0  1  1.0  9903.0
0  1  0.0  10000.0
0  1  0.0  10000.0
0  1  7.0  9321.0
0  1  0.0  10000.0
0  1  16.0  8449.0
0  1  20.0  8061.0
0  1  6.0  9418.0
0  1  0.0  10000.0
0  1  12.0  8836.0
0  1  0.0  10000.0
0  1  0.0  10000.0
0  1  0.0  10000.0
0  1  10.0  9031.0
0  1  0.0  10000.0
0  1  25.0  7575.0
0  1  14.0  8643.0
0  1  9.0  9127.0
0  1  11.0  8933.0
0  1  0.0  10000.0
0  1  13.0  8740.0
0  1  1.0  9904.0
0  1  26.0  7479.0
0  1  4.0  9612.0
0  1  2.0  9806.0
0  1  17.0  8351.0
0  1  22.0  7866.0
0  1  0.0  10000.0
0  1  0.0  10000.0
0  1  0.0  10000.0
0  1  0.0  10000.0
0  1  9.0  9127.0
0  1  0.0  10000.0
0  1  0.0  10000.0
0  1  6.0  9418.0
0  1  13.0  8739.0
0  1  47.0  5441.0
0  1  0.0  10000.0
0  1  0.0  10000.0
0  1  21.0  7963.0
0  1  2.0  9806.0
0  1  13.0  8739.0
0  1  0.0  10000.0
0  1  3.0  9709.0
0  1  0.0  10000.0
0  1  44.0  5733.0
0  1  0.0  10000.0
0  1  0.0  10000.0
0  1  3.0  9709.0
0  1  0.0  10000.0
0  1  0.0  10000.0
0  1  9.0  9127.0
0  1  0.0  10000.0
0  1  33.0  6800.0
0  1  9.0  9127.0
0  1  0.0  10000.0
0  1  0.0  10000.0
0  1  0.0  10000.0
0  1  0.0  10000.0
0  1  8.0  9224.0
0  1  9.0  9127.0
0  1  10.0  9030.0
0  1  3.0  9709.0
0  1  23.0  7845.0
0  1  0.0  10000.0
0  1  15.0  8545.0
0  1  0.0  10000.0
0  1  4.0  9612.0
0  1  6.0  9419.0
0  1  15.0  8546.0
0  1  30.0  7091.0
0  1  0.0  10000.0
0  1  0.0  10000.0
0  1  0.0  10000.0
0  1  6.0  9419.0
0  1  0.0  10000.0
0  1  0.0  10000.0
0  1  0.0  10000.0
0  1  0.0  10000.0
0  1  0.0  10000.0
0  1  27.0  7381.0
0  1  26.0  7478.0
0  1  8.0  9224.0
0  1  0.0  10000.0
0  1  0.0  10000.0
0  1  6.0  9419.0
0  2  14.0  8642.0
0  2  19.0  8160.0
0  2  0.0  10000.0
0  2  0.0  10000.0
0  2  0.0  10000.0
0  2  12.0  8836.0
0  2  0.0  10000.0
0  2  39.0  6217.0
0  2  12.0  8836.0
0  2  0.0  10000.0
0  2  0.0  10000.0
0  2  9.0  9127.0
0  2  2.0  9806.0
0  2  5.0  9515.0
0  2  0.0  10000.0
0  2  9.0  9128.0
0  2  21.0  7963.0
0  2  3.0  9709.0
0  2  47.0  5447.0
0  2  35.0  6607.0
0  2  8.0  9226.0
0  2  1.0  9903.0
0  2  11.0  8933.0
0  2  0.0  10000.0
0  2  6.0  9418.0
0  2  0.0  10000.0
0  2  0.0  10000.0
0  2  4.0  9612.0
0  2  5.0  9515.0
0  2  4.0  9612.0
0  2  5.0  9515.0
0  2  29.0  7187.0
0  2  6.0  9418.0
0  2  34.0  6705.0
0  2  0.0  10000.0
0  2  8.0  9224.0
0  2  16.0  8449.0
0  2  4.0  9612.0
0  2  9.0  9127.0
0  2  5.0  9515.0
0  2  24.0  7672.0
0  2  0.0  10000.0
0  2  9.0  9127.0
0  2  17.0  8351.0
0  2  0.0  10000.0
0  2  0.0  10000.0
0  2  0.0  10000.0
0  2  4.0  9612.0
0  2  15.0  8546.0
0  2  0.0  10000.0
0  2  0.0  10000.0
0  2  0.0  10000.0
0  2  0.0  10000.0
0  2  0.0  10000.0
0  2  0.0  10000.0
0  2  15.0  8546.0
0  2  5.0  9515.0
0  2  2.0  9806.0
0  2  7.0  9321.0
0  2  0.0  10000.0
0  2  0.0  10000.0
0  2  10.0  9030.0
0  2  6.0  9418.0
0  2  22.0  7866.0
0  2  21.0  7964.0
0  2  11.0  8933.0
0  2  8.0  9224.0
0  2  12.0  8836.0
0  2  17.0  8351.0
0  2  0.0  10000.0
0  2  15.0  8545.0
0  2  17.0  8352.0
0  2  9.0  9127.0
0  2  45.0  5637.0
0  2  11.0  8933.0
0  2  0.0  10000.0
0  2  10.0  9030.0
0  2  9.0  9129.0
0  2  0.0  10000.0
0  2  5.0  9515.0
0  2  0.0  10000.0
0  2  20.0  8060.0
0  2  1.0  9903.0
0  2  0.0  10000.0
0  2  35.0  6607.0
0  2  0.0  10000.0
0  2  17.0  8352.0
0  2  0.0  10000.0
0  2  25.0  7576.0
0  2  14.0  8642.0
0  2  13.0  8739.0
0  2  71.0  3113.0
0  2  5.0  9518.0
0  2  0.0  10000.0
0  2  0.0  10000.0
0  2  13.0  8740.0
0  2  5.0  9515.0
0  2  4.0  9612.0
0  2  0.0  10000.0
0  2  0.0  10000.0
0  2  35.0  6605.0
0  2  6.0  9418.0
0  2  0.0  10000.0
0  2  0.0  10000.0
0  2  17.0  8355.0
0  2  0.0  10000.0
0  2  12.0  8837.0
0  2  0.0  10000.0
0  2  8.0  9224.0
0  2  0.0  10000.0
0  2  0.0  10000.0
0  2  0.0  10000.0
0  2  21.0  7964.0
0  2  8.0  9224.0
0  2  0.0  10000.0
0  2  0.0  10000.0
0  2  13.0  8740.0
0  2  7.0  9321.0
0  2  6.0  9418.0
0  2  9.0  9127.0
0  2  0.0  10000.0
0  2  5.0  9515.0
0  2  0.0  10000.0
0  2  8.0  9225.0
0  2  26.0  7479.0
0  2  11.0  8933.0
0  2  37.0  6411.0
0  2  28.0  7285.0
0  2  0.0  10000.0
0  2  29.0  7187.0
0  2  3.0  9709.0
0  2  12.0  8838.0
0  2  4.0  9612.0
0  2  23.0  7769.0
0  2  7.0  9321.0
0  2  6.0  9418.0
0  2  0.0  10000.0
0  2  19.0  8157.0
0  2  0.0  10000.0
0  2  16.0  8451.0
0  2  0.0  10000.0
0  2  19.0  8158.0
0  2  10.0  9031.0
0  2  10.0  9030.0
0  2  4.0  9613.0
0  2  0.0  10000.0
0  2  0.0  10000.0
0  2  0.0  10000.0
0  2  0.0  10000.0
0  2  0.0  10000.0
0  2  7.0  9321.0
0  2  0.0  10000.0
0  2  0.0  10000.0
0  2  0.0  10000.0
0  2  6.0  9418.0
0  2  2.0  9806.0
0  2  39.0  6218.0
0  2  10.0  9030.0
0  2  0.0  10000.0
0  2  32.0  6896.0
0  2  0.0  10000.0
0  2  0.0  10000.0
0  2  0.0  10000.0
0  2  21.0  7965.0
0  2  14.0  8642.0
0  2  8.0  9225.0
0  2  0.0  10000.0
0  2  6.0  9418.0
0  2  17.0  8352.0
0  2  10.0  9030.0
0  2  36.0  6518.0
0  2  29.0  7187.0
0  2  11.0  8933.0
0  2  14.0  8643.0
0  2  4.0  9613.0
0  2  10.0  9030.0
0  2  5.0  9515.0
0  2  0.0  10000.0
0  2  11.0  8934.0
0  2  5.0  9516.0
0  2  0.0  10000.0
0  2  0.0  10000.0
0  2  0.0  10000.0
0  2  26.0  7478.0
0  2  0.0  10000.0
0  2  32.0  6896.0
0  2  15.0  8545.0
0  2  21.0  7963.0
0  2  4.0  9612.0
0  2  6.0  9418.0
0  2  11.0  8933.0
0  2  10.0  9030.0
0  2  6.0  9418.0
0  2  20.0  8060.0
0  2  4.0  9612.0
0  2  2.0  9806.0
0  2  0.0  10000.0
0  2  0.0  10000.0
0  2  9.0  9127.0
0  2  4.0  9612.0
0  3  6.0  9418.0
0  3  26.0  7479.0
0  3  5.0  9515.0
0  3  0.0  10000.0
0  3  1.0  9903.0
0  3  10.0  9030.0
0  3  15.0  8546.0
0  3  0.0  10000.0
0  3  18.0  8255.0
0  3  0.0  10000.0
0  3  5.0  9515.0
0  3  6.0  9419.0
0  3  11.0  8936.0
0  3  9.0  9127.0
0  3  12.0  8836.0
0  3  0.0  10000.0
0  3  5.0  9515.0
0  3  0.0  10000.0
0  3  0.0  10000.0
0  3  2.0  9806.0
0  3  5.0  9515.0
0  3  9.0  9127.0
0  3  40.0  6120.0
0  3  0.0  10000.0
0  3  0.0  10000.0
0  3  0.0  10000.0
0  3  22.0  7868.0
0  3  15.0  8545.0
0  3  14.0  8644.0
0  3  4.0  9612.0
0  3  16.0  8448.0
0  3  0.0  10000.0
0  3  11.0  8933.0
0  3  14.0  8642.0
0  3  6.0  9418.0
0  3  16.0  8448.0
0  3  0.0  10000.0
0  3  12.0  8836.0
0  3  0.0  10000.0
0  3  2.0  9806.0
0  3  2.0  9806.0
0  3  24.0  7672.0
0  3  15.0  8627.0
0  3  1.0  9903.0
0  3  0.0  10000.0
0  3  0.0  10000.0
0  3  0.0  10000.0
0  3  7.0  9321.0
0  3  0.0  10000.0
0  3  8.0  9224.0
0  3  13.0  8739.0
0  3  18.0  8254.0
0  3  1.0  9903.0
0  3  0.0  10000.0
0  3  3.0  9709.0
0  3  0.0  10000.0
0  3  7.0  9321.0
0  3  3.0  9709.0
0  3  7.0  9321.0
0  3  0.0  10000.0
0  3  14.0  8643.0
0  3  0.0  10000.0
0  3  5.0  9515.0
0  3  6.0  9418.0
0  3  30.0  7090.0
0  3  46.0  5538.0
0  3  11.0  8933.0
0  3  11.0  8933.0
0  3  7.0  9323.0
0  3  16.0  8450.0
0  3  23.0  7769.0
0  3  0.0  10000.0
0  3  13.0  8740.0
0  3  21.0  7964.0
0  3  5.0  9515.0
0  3  54.0  4762.0
0  3  6.0  9418.0
0  3  17.0  8351.0
0  3  7.0  9321.0
0  3  3.0  9709.0
0  3  0.0  10000.0
0  3  7.0  9321.0
0  3  3.0  9709.0
0  3  2.0  9806.0
0  3  7.0  9321.0
0  3  17.0  8351.0
0  3  0.0  10000.0
0  3  17.0  8351.0
0  3  0.0  10000.0
0  3  2.0  9806.0
0  3  19.0  8157.0
0  3  13.0  8739.0
0  3  14.0  8643.0
0  3  25.0  7576.0
0  3  8.0  9224.0
0  3  14.0  8642.0
0  3  0.0  10000.0
0  3  5.0  9515.0
0  3  22.0  7866.0
0  3  12.0  8836.0
0  3  36.0  6508.0
0  3  16.0  8448.0
0  3  1.0  9903.0
0  3  59.0  4277.0
0  3  17.0  8351.0
0  3  30.0  7090.0
0  3  15.0  8545.0
0  3  12.0  8838.0
0  3  12.0  8836.0
0  3  26.0  7478.0
0  3  0.0  10000.0
0  3  5.0  9515.0
0  3  6.0  9418.0
0  3  1.0  9903.0
0  3  0.0  10000.0
0  3  3.0  9710.0
0  3  0.0  10000.0
0  3  2.0  9807.0
0  3  7.0  9321.0
0  3  9.0  9128.0
0  3  0.0  10000.0
0  3  0.0  10000.0
0  3  12.0  8836.0
0  3  0.0  10000.0
0  3  0.0  10000.0
0  3  15.0  8545.0
0  3  61.0  4083.0
0  3  2.0  9808.0
0  3  4.0  9612.0
0  3  12.0  8836.0
0  3  0.0  10000.0
0  3  7.0  9323.0
0  3  8.0  9224.0
0  3  10.0  9031.0
0  3  8.0  9224.0
0  3  0.0  10000.0
0  3  4.0  9613.0
0  3  17.0  8353.0
0  3  39.0  6217.0
0  3  39.0  6217.0
0  3  7.0  9321.0
0  3  13.0  8739.0
0  3  8.0  9224.0
0  3  0.0  10000.0
0  3  22.0  7867.0
0  3  0.0  10000.0
0  3  20.0  8060.0
0  3  26.0  7479.0
0  3  0.0  10000.0
0  3  0.0  10000.0
0  3  5.0  9515.0
0  3  10.0  9030.0
0  3  3.0  9709.0
0  3  11.0  8933.0
0  3  20.0  8060.0
0  3  0.0  10000.0
0  3  4.0  9612.0
0  3  0.0  10000.0
0  3  8.0  9224.0
0  3  0.0  10000.0
0  3  11.0  8933.0
0  3  29.0  7187.0
0  3  0.0  10000.0
0  3  0.0  10000.0
0  3  0.0  10000.0
0  3  13.0  8739.0
0  3  2.0  9806.0
0  3  1.0  9903.0
0  3  0.0  10000.0
0  3  18.0  8255.0
0  3  2.0  9806.0
0  3  11.0  8934.0
0  3  0.0  10000.0
0  3  0.0  10000.0
0  3  23.0  7769.0
0  3  2.0  9806.0
0  3  0.0  10000.0
0  3  19.0  8157.0
0  3  8.0  9224.0
0  3  9.0  9127.0
0  3  3.0  9709.0
0  3  5.0  9515.0
0  3  4.0  9614.0
0  3  10.0  9030.0
0  3  2.0  9806.0
0  3  0.0  10000.0
0  3  13.0  8739.0
0  3  22.0  7866.0
0  3  0.0  10000.0
0  3  14.0  8642.0
0  3  36.0  6508.0
0  3  12.0  8839.0
0  3  5.0  9515.0
0  3  7.0  9321.0
0  3  2.0  9806.0
0  3  3.0  9709.0
0  3  0.0  10000.0
0  3  10.0  9031.0
0  3  0.0  10000.0
0  3  3.0  9709.0
0  4  34.0  6702.0
0  4  0.0  10000.0
0  4  17.0  8353.0
0  4  19.0  8157.0
0  4  1.0  9903.0
0  4  10.0  9030.0
0  4  0.0  10000.0
0  4  8.0  9226.0
0  4  12.0  8836.0
0  4  12.0  8837.0
0  4  0.0  10000.0
0  4  10.0  9031.0
0  4  0.0  10000.0
0  4  0.0  10000.0
0  4  0.0  10000.0
0  4  7.0  9321.0
0  4  5.0  9515.0
0  4  22.0  7866.0
0  4  0.0  10000.0
0  4  0.0  10000.0
0  4  7.0  9321.0
0  4  4.0  9613.0
0  4  20.0  8060.0
0  4  12.0  8836.0
0  4  0.0  10000.0
0  4  11.0  8933.0
0  4  29.0  7188.0
0  4  16.0  8448.0
0  4  12.0  8836.0
0  4  0.0  10000.0
0  4  2.0  9806.0
0  4  0.0  10000.0
0  4  12.0  8836.0
0  4  18.0  8254.0
0  4  25.0  7576.0
0  4  0.0  10000.0
0  4  17.0  8351.0
0  4  0.0  10000.0
0  4  0.0  10000.0
0  4  2.0  9806.0
0  4  5.0  9515.0
0  4  5.0  9515.0
0  4  33.0  6799.0
0  4  28.0  7285.0
0  4  9.0  9127.0
0  4  0.0  10000.0
0  4  3.0  9709.0
0  4  14.0  8642.0
0  4  23.0  7770.0
0  4  0.0  10000.0
0  4  2.0  9806.0
0  4  2.0  9806.0
0  4  3.0  9709.0
0  4  12.0  8837.0
0  4  2.0  9806.0
0  4  0.0  10000.0
0  4  4.0  9612.0
0  4  2.0  9808.0
0  4  0.0  10000.0
0  4  10.0  9030.0
0  4  2.0  9806.0
0  4  0.0  10000.0
0  4  7.0  9321.0
0  4  15.0  8545.0
0  4  12.0  8836.0
0  4  13.0  8739.0
0  4  0.0  10000.0
0  4  4.0  9612.0
0  4  0.0  10000.0
0  4  23.0  7771.0
0  4  0.0  10000.0
0  4  34.0  6702.0
0  4  12.0  8838.0
0  4  2.0  9806.0
0  4  12.0  8836.0
0  4  0.0  10000.0
0  4  4.0  9612.0
0  4  0.0  10000.0
0  4  2.0  9806.0
0  4  18.0  8257.0
0  4  0.0  10000.0
0  4  0.0  10000.0
0  4  29.0  7187.0
0  4  10.0  9030.0
0  4  5.0  9515.0
0  4  6.0  9421.0
0  4  17.0  8351.0
0  4  17.0  8352.0
0  4  6.0  9418.0
0  4  3.0  9709.0
0  4  10.0  9030.0
0  4  1.0  9903.0
0  4  4.0  9612.0
0  4  15.0  8545.0
0  4  9.0  9127.0
0  4  0.0  10000.0
0  4  5.0  9515.0
0  4  2.0  9806.0
0  4  10.0  9030.0
0  4  1.0  9903.0
0  4  3.0  9709.0
0  4  13.0  8740.0
0  4  9.0  9127.0
0  4  1.0  9903.0
0  4  0.0  10000.0
0  4  0.0  10000.0
0  4  11.0  8933.0
0  4  3.0  9709.0
0  4  12.0  8836.0
0  4  0.0  10000.0
0  4  3.0  9710.0
0  4  30.0  7090.0
0  4  0.0  10000.0
0  4  1.0  9903.0
0  4  2.0  9806.0
0  4  1.0  9903.0
0  4  8.0  9224.0
0  4  25.0  7575.0
0  4  47.0  5444.0
0  4  11.0  8933.0
0  4  0.0  10000.0
0  4  82.0  2046.0
0  4  18.0  8255.0
0  4  18.0  8254.0
0  4  3.0  9709.0
0  4  8.0  9224.0
0  4  0.0  10000.0
0  4  0.0  10000.0
0  4  3.0  9709.0
0  4  4.0  9612.0
0  4  17.0  8351.0
0  4  16.0  8448.0
0  4  8.0  9224.0
0  4  7.0  9321.0
0  4  3.0  9709.0
0  4  0.0  10000.0
0  4  22.0  7867.0
0  4  4.0  9612.0
0  4  24.0  7678.0
0  4  25.0  7575.0
0  4  6.0  9418.0
0  4  0.0  10000.0
0  4  16.0  8451.0
0  4  8.0  9224.0
0  4  22.0  7866.0
0  4  0.0  10000.0
0  4  9.0  9127.0
0  4  18.0  8257.0
0  4  0.0  10000.0
0  4  21.0  7965.0
0  4  0.0  10000.0
0  4  1.0  9903.0
0  4  16.0  8449.0
0  4  25.0  7575.0
0  4  26.0  7479.0
0  4  24.0  7672.0
0  4  0.0  10000.0
0  4  0.0  10000.0
0  4  19.0  8158.0
0  4  9.0  9127.0
0  4  14.0  8642.0
0  4  3.0  9709.0
0  4  0.0  10000.0
0  4  0.0  10000.0
0  4  6.0  9418.0
0  4  9.0  9127.0
0  4  1.0  9903.0
0  4  11.0  8933.0
0  4  6.0  9418.0
0  4  0.0  10000.0
0  4  29.0  7187.0
0  4  4.0  9613.0
0  4  2.0  9806.0
0  4  2.0  9806.0
0  4  25.0  7576.0
0  4  0.0  10000.0
0  4  7.0  9321.0
0  4  17.0  8351.0
0  4  2.0  9806.0
0  4  24.0  7672.0
0  4  3.0  9709.0
0  4  6.0  9418.0
0  4  15.0  8545.0
0  4  0.0  10000.0
0  4  3.0  9709.0
0  4  2.0  9806.0
0  4  4.0  9613.0
0  4  31.0  6994.0
0  4  32.0  6896.0
0  4  9.0  9127.0
0  4  14.0  8643.0
0  4  7.0  9321.0
0  4  3.0  9709.0
0  4  2.0  9806.0
0  4  26.0  7479.0
0  4  9.0  9127.0
0  4  1.0  9903.0
0  4  1.0  9903.0
0  4  13.0  8740.0
0  4  13.0  8740.0
0  5  8.0  9224.0
0  5  4.0  9612.0
0  5  1.0  9903.0
0  5  23.0  7769.0
0  5  1.0  9903.0
0  5  7.0  9321.0
0  5  7.0  9321.0
0  5  6.0  9418.0
0  5  0.0  10000.0
0  5  5.0  9515.0
0  5  2.0  9807.0
0  5  12.0  8836.0
0  5  9.0  9128.0
0  5  27.0  7389.0
0  5  6.0  9418.0
0  5  0.0  10000.0
0  5  9.0  9127.0
0  5  2.0  9806.0
0  5  27.0  7381.0
0  5  1.0  9903.0
0  5  7.0  9321.0
0  5  9.0  9127.0
0  5  20.0  8063.0
0  5  15.0  8545.0
0  5  20.0  8060.0
0  5  11.0  8933.0
0  5  0.0  10000.0
0  5  1.0  9903.0
0  5  6.0  9418.0
0  5  8.0  9224.0
0  5  3.0  9709.0
0  5  4.0  9610.0
0  5  2.0  9806.0
0  5  9.0  9128.0
0  5  2.0  9806.0
0  5  0.0  10000.0
0  5  12.0  8838.0
0  5  5.0  9515.0
0  5  5.0  9515.0
0  5  0.0  10000.0
0  5  4.0  9612.0
0  5  3.0  9709.0
0  5  6.0  9418.0
0  5  3.0  9709.0
0  5  2.0  9806.0
0  5  3.0  9709.0
0  5  1.0  9903.0
0  5  15.0  8546.0
0  5  2.0  9806.0
0  5  0.0  10000.0
0  5  3.0  9709.0
0  5  10.0  9030.0
0  5  1.0  9904.0
0  5  9.0  9128.0
0  5  3.0  9711.0
0  5  6.0  9418.0
0  5  6.0  9418.0
0  5  3.0  9709.0
0  5  21.0  7964.0
0  5  0.0  10000.0
0  5  11.0  8934.0
0  5  8.0  9224.0
0  5  0.0  10000.0
0  5  23.0  7771.0
0  5  7.0  9321.0
0  5  0.0  10000.0
0  5  13.0  8741.0
0  5  8.0  9224.0
0  5  10.0  9030.0
0  5  28.0  7284.0
0  5  4.0  9612.0
0  5  13.0  8739.0
0  5  15.0  8545.0
0  5  7.0  9321.0
0  5  2.0  9806.0
0  5  15.0  8545.0
0  5  6.0  9418.0
0  5  9.0  9128.0
0  5  8.0  9224.0
0  5  6.0  9418.0
0  5  9.0  9127.0
0  5  6.0  9418.0
0  5  3.0  9709.0
0  5  5.0  9515.0
0  5  1.0  9903.0
0  5  0.0  10000.0
0  5  47.0  5441.0
0  5  100.0  300.0
0  5  11.0  8933.0
0  5  16.0  8450.0
0  5  76.0  2628.0
0  5  24.0  7672.0
0  5  6.0  9419.0
0  5  17.0  8351.0
0  5  9.0  9128.0
0  5  0.0  10000.0
0  5  8.0  9224.0
0  5  0.0  10000.0
0  5  53.0  4859.0
0  5  2.0  9806.0
0  5  6.0  9418.0
0  5  18.0  8255.0
0  5  18.0  8254.0
0  5  9.0  9127.0
0  5  0.0  10000.0
0  5  0.0  10000.0
0  5  0.0  10000.0
0  5  0.0  10000.0
0  5  0.0  10000.0
0  5  18.0  8254.0
0  5  1.0  9903.0
0  5  11.0  8933.0
0  5  16.0  8448.0
0  5  11.0  8933.0
0  5  4.0  9612.0
0  5  3.0  9709.0
0  5  4.0  9612.0
0  5  1.0  9903.0
0  5  10.0  9030.0
0  5  7.0  9321.0
0  5  21.0  7963.0
0  5  56.0  4568.0
0  5  20.0  8060.0
0  5  2.0  9806.0
0  5  2.0  9806.0
0  5  14.0  8643.0
0  5  0.0  10000.0
0  5  0.0  10000.0
0  5  3.0  9709.0
0  5  4.0  9612.0
0  5  17.0  8353.0
0  5  6.0  9418.0
0  5  9.0  9127.0
0  5  15.0  8545.0
0  5  6.0  9418.0
0  5  6.0  9418.0
0  5  14.0  8643.0
0  5  2.0  9806.0
0  5  9.0  9127.0
0  5  22.0  7867.0
0  5  16.0  8448.0
0  5  6.0  9418.0
0  5  13.0  8739.0
0  5  6.0  9418.0
0  5  16.0  8449.0
0  5  64.0  3792.0
0  5  0.0  10000.0
0  5  11.0  8933.0
0  5  0.0  10000.0
0  5  24.0  7673.0
0  5  2.0  9807.0
0  5  12.0  8836.0
0  5  0.0  10000.0
0  5  11.0  8933.0
0  5  1.0  9903.0
0  5  6.0  9419.0
0  5  5.0  9515.0
0  5  1.0  9903.0
0  5  22.0  7867.0
0  5  42.0  5926.0
0  5  9.0  9127.0
0  5  11.0  8933.0
0  5  0.0  10000.0
0  5  12.0  8836.0
0  5  0.0  10000.0
0  5  3.0  9710.0
0  5  0.0  10000.0
0  5  9.0  9127.0
0  5  3.0  9709.0
0  5  16.0  8448.0
0  5  11.0  8933.0
0  5  9.0  9127.0
0  5  2.0  9806.0
0  5  25.0  7575.0
0  5  0.0  10000.0
0  5  8.0  9224.0
0  5  3.0  9709.0
0  5  1.0  9903.0
0  5  27.0  7387.0
0  5  25.0  7576.0
0  5  100.0  300.0
0  5  11.0  8934.0
0  5  4.0  9612.0
0  5  18.0  8254.0
0  5  1.0  9903.0
0  5  2.0  9806.0
0  5  0.0  10000.0
0  5  0.0  10000.0
0  5  6.0  9418.0
0  5  1.0  9903.0
0  5  36.0  6508.0
0  5  3.0  9709.0
0  5  25.0  7575.0
0  5  0.0  10000.0
0  5  3.0  9709.0
0  5  68.0  3405.0
0  5  13.0  8739.0
0  5  11.0  8933.0
0  5  13.0  8739.0
0  5  9.0  9128.0
0  6  0.0  10000.0
0  6  3.0  9709.0
0  6  4.0  9612.0
0  6  0.0  10000.0
0  6  9.0  9127.0
0  6  5.0  9515.0
0  6  7.0  9321.0
0  6  4.0  9612.0
0  6  3.0  9709.0
0  6  24.0  7672.0
0  6  0.0  10000.0
0  6  4.0  9612.0
0  6  0.0  10000.0
0  6  12.0  8839.0
0  6  2.0  9806.0
0  6  16.0  8449.0
0  6  0.0  10000.0
0  6  0.0  10000.0
0  6  19.0  8157.0
0  6  3.0  9709.0
0  6  1.0  9903.0
0  6  17.0  8353.0
0  6  6.0  9418.0
0  6  0.0  10000.0
0  6  1.0  9903.0
0  6  14.0  8642.0
0  6  3.0  9709.0
0  6  3.0  9709.0
0  6  11.0  8933.0
0  6  7.0  9321.0
0  6  8.0  9224.0
0  6  3.0  9709.0
0  6  0.0  10000.0
0  6  12.0  8837.0
0  6  16.0  8449.0
0  6  4.0  9613.0
0  6  28.0  7284.0
0  6  2.0  9806.0
0  6  0.0  10000.0
0  6  5.0  9515.0
0  6  15.0  8546.0
0  6  5.0  9515.0
0  6  2.0  9806.0
0  6  1.0  9903.0
0  6  13.0  8739.0
0  6  25.0  7575.0
0  6  11.0  8933.0
0  6  0.0  10000.0
0  6  7.0  9321.0
0  6  18.0  8254.0
0  6  9.0  9128.0
0  6  11.0  8933.0
0  6  13.0  8741.0
0  6  13.0  8741.0
0  6  13.0  8739.0
0  6  0.0  10000.0
0  6  3.0  9709.0
0  6  3.0  9709.0
0  6  6.0  9418.0
0  6  0.0  10000.0
0  6  4.0  9612.0
0  6  3.0  9709.0
0  6  35.0  6609.0
0  6  13.0  8742.0
0  6  4.0  9612.0
0  6  6.0  9418.0
0  6  9.0  9127.0
0  6  9.0  9127.0
0  6  0.0  10000.0
0  6  9.0  9127.0
0  6  14.0  8642.0
0  6  1.0  9903.0
0  6  6.0  9418.0
0  6  6.0  9418.0
0  6  7.0  9321.0
0  6  4.0  9612.0
0  6  3.0  9709.0
0  6  0.0  10000.0
0  6  30.0  7090.0
0  6  1.0  9903.0
0  6  28.0  7287.0
0  6  0.0  10000.0
0  6  0.0  10000.0
0  6  4.0  9612.0
0  6  7.0  9323.0
0  6  5.0  9515.0
0  6  14.0  8642.0
0  6  19.0  8157.0
0  6  5.0  9515.0
0  6  16.0  8451.0
0  6  4.0  9612.0
0  6  6.0  9418.0
0  6  10.0  9030.0
0  6  0.0  10000.0
0  6  22.0  7866.0
0  6  12.0  8837.0
0  6  2.0  9806.0
0  6  1.0  9903.0
0  6  0.0  10000.0
0  6  4.0  9612.0
0  6  7.0  9321.0
0  6  63.0  3892.0
0  6  20.0  8060.0
0  6  7.0  9322.0
0  6  15.0  8547.0
0  6  0.0  10000.0
0  6  7.0  9321.0
0  6  0.0  10000.0
0  6  8.0  9224.0
0  6  7.0  9322.0
0  6  3.0  9709.0
0  6  6.0  9418.0
0  6  6.0  9418.0
0  6  11.0  8933.0
0  6  6.0  9418.0
0  6  0.0  10000.0
0  6  0.0  10000.0
0  6  0.0  10000.0
0  6  9.0  9127.0
0  6  1.0  9903.0
0  6  11.0  8934.0
0  6  19.0  8157.0
0  6  35.0  6605.0
0  6  1.0  9903.0
0  6  6.0  9418.0
0  6  0.0  10000.0
0  6  10.0  9030.0
0  6  1.0  9903.0
0  6  1.0  9903.0
0  6  23.0  7771.0
0  6  0.0  10000.0
0  6  5.0  9515.0
0  6  0.0  10000.0
0  6  5.0  9515.0
0  6  9.0  9127.0
0  6  14.0  8642.0
0  6  3.0  9709.0
0  6  13.0  8739.0
0  6  17.0  8353.0
0  6  5.0  9515.0
0  6  12.0  8836.0
0  6  15.0  8545.0
0  6  3.0  9709.0
0  6  13.0  8739.0
0  6  4.0  9612.0
0  6  40.0  6120.0
0  6  8.0  9224.0
0  6  14.0  8642.0
0  6  10.0  9030.0
0  6  3.0  9709.0
0  6  32.0  6896.0
0  6  22.0  7867.0
0  6  0.0  10000.0
0  6  11.0  8933.0
0  6  7.0  9321.0
0  6  3.0  9711.0
0  6  9.0  9127.0
0  6  10.0  9030.0
0  6  39.0  6219.0
0  6  0.0  10000.0
0  6  3.0  9709.0
0  6  11.0  8933.0
0  6  5.0  9515.0
0  6  0.0  10000.0
0  6  16.0  8454.0
0  6  5.0  9516.0
0  6  1.0  9903.0
0  6  13.0  8739.0
0  6  5.0  9515.0
0  6  7.0  9321.0
0  6  1.0  9903.0
0  6  15.0  8545.0
0  6  6.0  9418.0
0  6  0.0  10000.0
0  6  12.0  8836.0
0  6  10.0  9030.0
0  6  5.0  9516.0
0  6  8.0  9230.0
0  6  6.0  9419.0
0  6  4.0  9612.0
0  6  9.0  9128.0
0  6  15.0  8546.0
0  6  11.0  8933.0
0  6  0.0  10000.0
0  6  2.0  9806.0
0  6  27.0  7384.0
0  6  9.0  9127.0
0  6  4.0  9612.0
0  6  4.0  9612.0
0  6  14.0  8643.0
0  6  7.0  9322.0
0  6  8.0  9224.0
0  6  6.0  9418.0
0  6  1.0  9903.0
0  6  5.0  9515.0
0  6  0.0  10000.0
0  6  8.0  9224.0
0  6  16.0  8448.0
0  6  15.0  8546.0
0  6  2.0  9806.0
0  7  0.0  10000.0
0  7  14.0  8643.0
0  7  2.0  9806.0
0  7  1.0  9903.0
0  7  15.0  8546.0
0  7  50.0  5152.0
0  7  16.0  8449.0
0  7  1.0  9904.0
0  7  4.0  9612.0
0  7  7.0  9321.0
0  7  0.0  10000.0
0  7  14.0  8642.0
0  7  3.0  9709.0
0  7  1.0  9903.0
0  7  15.0  8545.0
0  7  3.0  9710.0
0  7  12.0  8836.0
0  7  32.0  6896.0
0  7  0.0  10000.0
0  7  9.0  9127.0
0  7  5.0  9515.0
0  7  8.0  9225.0
0  7  14.0  8643.0
0  7  0.0  10000.0
0  7  11.0  8934.0
0  7  16.0  8448.0
0  7  3.0  9709.0
0  7  1.0  9903.0
0  7  0.0  10000.0
0  7  3.0  9709.0
0  7  6.0  9418.0
0  7  3.0  9709.0
0  7  7.0  9321.0
0  7  3.0  9709.0
0  7  11.0  8934.0
0  7  3.0  9711.0
0  7  0.0  10000.0
0  7  0.0  10000.0
0  7  12.0  8836.0
0  7  11.0  8933.0
0  7  0.0  10000.0
0  7  2.0  9806.0
0  7  25.0  7575.0
0  7  3.0  9709.0
0  7  3.0  9709.0
0  7  1.0  9903.0
0  7  1.0  9903.0
0  7  5.0  9515.0
0  7  0.0  10000.0
0  7  1.0  9903.0
0  7  12.0  8837.0
0  7  3.0  9709.0
0  7  27.0  7382.0
0  7  6.0  9418.0
0  7  0.0  10000.0
0  7  10.0  9030.0
0  7  14.0  8644.0
0  7  5.0  9515.0
0  7  23.0  7769.0
0  7  2.0  9806.0
0  7  7.0  9321.0
0  7  37.0  6414.0
0  7  14.0  8642.0
0  7  13.0  8739.0
0  7  8.0  9224.0
0  7  19.0  8157.0
0  7  3.0  9709.0
0  7  16.0  8450.0
0  7  2.0  9806.0
0  7  8.0  9224.0
0  7  18.0  8257.0
0  7  5.0  9515.0
0  7  14.0  8643.0
0  7  0.0  10000.0
0  7  0.0  10000.0
0  7  9.0  9127.0
0  7  2.0  9806.0
0  7  12.0  8836.0
0  7  10.0  9030.0
0  7  9.0  9129.0
0  7  0.0  10000.0
0  7  2.0  9806.0
0  7  0.0  10000.0
0  7  12.0  8836.0
0  7  12.0  8837.0
0  7  9.0  9127.0
0  7  0.0  10000.0
0  7  10.0  9031.0
0  7  8.0  9224.0
0  7  9.0  9127.0
0  7  27.0  7381.0
0  7  11.0  8933.0
0  7  10.0  9030.0
0  7  7.0  9321.0
0  7  8.0  9224.0
0  7  17.0  8351.0
0  7  8.0  9225.0
0  7  13.0  8740.0
0  7  0.0  10000.0
0  7  2.0  9813.0
0  7  3.0  9709.0
0  7  2.0  9806.0
0  7  11.0  8933.0
0  7  6.0  9418.0
0  7  8.0  9224.0
0  7  6.0  9418.0
0  7  18.0  8254.0
0  7  0.0  10000.0
0  7  14.0  8642.0
0  7  15.0  8545.0
0  7  1.0  9903.0
0  7  7.0  9321.0
0  7  0.0  10000.0
0  7  61.0  4084.0
0  7  5.0  9515.0
0  7  25.0  7575.0
0  7  14.0  8642.0
0  7  0.0  10000.0
0  7  17.0  8351.0
0  7  7.0  9321.0
0  7  0.0  10000.0
0  7  4.0  9612.0
0  7  11.0  8933.0
0  7  3.0  9709.0
0  7  4.0  9612.0
0  7  10.0  9030.0
0  7  20.0  8060.0
0  7  5.0  9515.0
0  7  6.0  9420.0
0  7  7.0  9321.0
0  7  0.0  10000.0
0  7  38.0  6315.0
0  7  12.0  8836.0
0  7  3.0  9709.0
0  7  0.0  10000.0
0  7  0.0  10000.0
0  7  4.0  9612.0
0  7  3.0  9709.0
0  7  11.0  8933.0
0  7  11.0  8933.0
0  7  1.0  9903.0
0  7  0.0  10000.0
0  7  45.0  5639.0
0  7  8.0  9224.0
0  7  1.0  9903.0
0  7  10.0  9030.0
0  7  19.0  8157.0
0  7  4.0  9612.0
0  7  26.0  7478.0
0  7  2.0  9806.0
0  7  2.0  9806.0
0  7  2.0  9806.0
0  7  6.0  9418.0
0  7  9.0  9127.0
0  7  11.0  8933.0
0  7  5.0  9515.0
0  7  20.0  8061.0
0  7  0.0  10000.0
0  7  13.0  8739.0
0  7  4.0  9612.0
0  7  8.0  9224.0
0  7  0.0  10000.0
0  7  1.0  9903.0
0  7  4.0  9612.0
0  7  11.0  8933.0
0  7  0.0  10000.0
0  7  17.0  8351.0
0  7  1.0  9903.0
0  7  10.0  9030.0
0  7  3.0  9709.0
0  7  3.0  9709.0
0  7  14.0  8643.0
0  7  10.0  9030.0
0  7  2.0  9806.0
0  7  3.0  9710.0
0  7  0.0  10000.0
0  7  7.0  9321.0
0  7  9.0  9127.0
0  7  0.0  10000.0
0  7  1.0  9903.0
0  7  0.0  10000.0
0  7  8.0  9224.0
0  7  0.0  10000.0
0  7  0.0  10000.0
0  7  19.0  8158.0
0  7  1.0  9903.0
0  7  2.0  9806.0
0  7  12.0  8836.0
0  7  6.0  9418.0
0  7  1.0  9903.0
0  7  8.0  9224.0
0  7  15.0  8546.0
0  7  7.0  9321.0
0  7  6.0  9418.0
0  7  5.0  9515.0
0  7  15.0  8546.0
0  7  19.0  8157.0
0  7  8.0  9225.0
0  7  10.0  9030.0
0  7  4.0  9612.0
0  8  11.0  8933.0
0  8  9.0  9127.0
0  8  2.0  9806.0
0  8  14.0  8642.0
0  8  30.0  7090.0
0  8  5.0  9515.0
0  8  12.0  8837.0
0  8  10.0  9030.0
0  8  14.0  8642.0
0  8  4.0  9613.0
0  8  13.0  8739.0
0  8  24.0  7672.0
0  8  1.0  9903.0
0  8  7.0  9321.0
0  8  0.0  10000.0
0  8  5.0  9515.0
0  8  0.0  10000.0
0  8  6.0  9419.0
0  8  6.0  9418.0
0  8  12.0  8836.0
0  8  0.0  10000.0
0  8  9.0  9127.0
0  8  3.0  9709.0
0  8  7.0  9321.0
0  8  7.0  9321.0
0  8  8.0  9224.0
0  8  6.0  9418.0
0  8  10.0  9030.0
0  8  0.0  10000.0
0  8  5.0  9515.0
0  8  2.0  9806.0
0  8  1.0  9903.0
0  8  1.0  9903.0
0  8  3.0  9709.0
0  8  2.0  9808.0
0  8  8.0  9226.0
0  8  2.0  9806.0
0  8  15.0  8550.0
0  8  40.0  6120.0
0  8  4.0  9612.0
0  8  3.0  9709.0
0  8  1.0  9903.0
0  8  3.0  9709.0
0  8  11.0  8934.0
0  8  2.0  9806.0
0  8  15.0  8545.0
0  8  3.0  9712.0
0  8  2.0  9806.0
0  8  4.0  9612.0
0  8  7.0  9321.0
0  8  0.0  10000.0
0  8  0.0  10000.0
0  8  23.0  7769.0
0  8  3.0  9709.0
0  8  3.0  9709.0
0  8  4.0  9612.0
0  8  7.0  9321.0
0  8  24.0  7674.0
0  8  3.0  9709.0
0  8  7.0  9321.0
0  8  5.0  9515.0
0  8  6.0  9418.0
0  8  3.0  9709.0
0  8  53.0  4861.0
0  8  4.0  9612.0
0  8  15.0  8545.0
0  8  3.0  9709.0
0  8  8.0  9225.0
0  8  42.0  5929.0
0  8  4.0  9612.0
0  8  12.0  8836.0
0  8  5.0  9515.0
0  8  3.0  9709.0
0  8  13.0  8739.0
0  8  12.0  8836.0
0  8  16.0  8448.0
0  8  3.0  9709.0
0  8  0.0  10000.0
0  8  1.0  9903.0
0  8  4.0  9612.0
0  8  11.0  8933.0
0  8  5.0  9515.0
0  8  2.0  9806.0
0  8  0.0  10000.0
0  8  7.0  9321.0
0  8  0.0  10000.0
0  8  23.0  7770.0
0  8  8.0  9224.0
0  8  4.0  9612.0
0  8  16.0  8448.0
0  8  7.0  9322.0
0  8  0.0  10000.0
0  8  8.0  9224.0
0  8  5.0  9515.0
0  8  11.0  8933.0
0  8  30.0  7090.0
0  8  8.0  9224.0
0  8  5.0  9516.0
0  8  2.0  9807.0
0  8  4.0  9612.0
0  8  1.0  9903.0
0  8  12.0  8838.0
0  8  51.0  5053.0
0  8  11.0  8933.0
0  8  5.0  9516.0
0  8  6.0  9418.0
0  8  3.0  9710.0
0  8  0.0  10000.0
0  8  8.0  9224.0
0  8  5.0  9515.0
0  8  14.0  8643.0
0  8  12.0  8836.0
0  8  1.0  9903.0
0  8  17.0  8351.0
0  8  3.0  9709.0
0  8  20.0  8070.0
0  8  13.0  8739.0
0  8  3.0  9709.0
0  8  13.0  8739.0
0  8  7.0  9321.0
0  8  3.0  9709.0
0  8  15.0  8547.0
0  8  12.0  8837.0
0  8  33.0  6799.0
0  8  3.0  9709.0
0  8  4.0  9612.0
0  8  21.0  7963.0
0  8  2.0  9806.0
0  8  3.0  9709.0
0  8  5.0  9515.0
0  8  33.0  6799.0
0  8  14.0  8642.0
0  8  2.0  9807.0
0  8  17.0  8352.0
0  8  11.0  8933.0
0  8  6.0  9418.0
0  8  8.0  9225.0
0  8  11.0  8933.0
0  8  68.0  3406.0
0  8  5.0  9515.0
0  8  2.0  9806.0
0  8  0.0  10000.0
0  8  13.0  8742.0
0  8  0.0  10000.0
0  8  11.0  8933.0
0  8  7.0  9321.0
0  8  0.0  10000.0
0  8  1.0  9903.0
0  8  19.0  8157.0
0  8  1.0  9903.0
0  8  5.0  9515.0
0  8  1.0  9903.0
0  8  0.0  10000.0
0  8  24.0  7674.0
0  8  4.0  9612.0
0  8  21.0  7980.0
0  8  13.0  8739.0
0  8  14.0  8643.0
0  8  7.0  9321.0
0  8  11.0  8933.0
0  8  42.0  5927.0
0  8  9.0  9127.0
0  8  1.0  9903.0
0  8  23.0  7769.0
0  8  3.0  9709.0
0  8  6.0  9419.0
0  8  1.0  9903.0
0  8  7.0  9321.0
0  8  1.0  9903.0
0  8  14.0  8642.0
0  8  0.0  10000.0
0  8  2.0  9806.0
0  8  0.0  10000.0
0  8  3.0  9709.0
0  8  0.0  10000.0
0  8  12.0  8837.0
0  8  9.0  9128.0
0  8  5.0  9515.0
0  8  9.0  9127.0
0  8  19.0  8157.0
0  8  17.0  8351.0
0  8  0.0  10000.0
0  8  0.0  10000.0
0  8  8.0  9224.0
0  8  54.0  4762.0
0  8  39.0  6219.0
0  8  0.0  10000.0
0  8  3.0  9710.0
0  8  7.0  9321.0
0  8  10.0  9030.0
0  8  6.0  9418.0
0  8  8.0  9225.0
0  8  2.0  9806.0
0  8  14.0  8643.0
0  8  6.0  9418.0
0  8  3.0  9709.0
0  8  6.0  9418.0
0  8  19.0  8158.0
0  8  8.0  9224.0
0  8  14.0  8643.0
0  9  8.0  9224.0
0  9  4.0  9612.0
0  9  3.0  9709.0
0  9  10.0  9030.0
0  9  4.0  9612.0
0  9  13.0  8740.0
0  9  0.0  10000.0
0  9  13.0  8739.0
0  9  5.0  9515.0
0  9  15.0  8550.0
0  9  0.0  10000.0
0  9  10.0  9033.0
0  9  3.0  9709.0
0  9  12.0  8836.0
0  9  4.0  9613.0
0  9  1.0  9903.0
0  9  11.0  8934.0
0  9  5.0  9515.0
0  9  11.0  8934.0
0  9  14.0  8656.0
0  9  9.0  9128.0
0  9  6.0  9418.0
0  9  10.0  9030.0
0  9  2.0  9806.0
0  9  9.0  9127.0
0  9  11.0  8933.0
0  9  10.0  9032.0
0  9  7.0  9322.0
0  9  1.0  9903.0
0  9  15.0  8545.0
0  9  9.0  9127.0
0  9  7.0  9322.0
0  9  2.0  9806.0
0  9  4.0  9612.0
0  9  6.0  9418.0
0  9  12.0  8836.0
0  9  13.0  8739.0
0  9  4.0  9612.0
0  9  7.0  9321.0
0  9  8.0  9224.0
0  9  8.0  9224.0
0  9  12.0  8836.0
0  9  0.0  10000.0
0  9  0.0  10000.0
0  9  14.0  8642.0
0  9  2.0  9806.0
0  9  3.0  9709.0
0  9  4.0  9613.0
0  9  1.0  9904.0
0  9  0.0  10000.0
0  9  6.0  9418.0
0  9  36.0  6508.0
0  9  2.0  9806.0
0  9  1.0  9903.0
0  9  3.0  9709.0
0  9  2.0  9806.0
0  9  1.0  9903.0
0  9  12.0  8838.0
0  9  27.0  7383.0
0  9  8.0  9224.0
0  9  24.0  7674.0
0  9  2.0  9806.0
0  9  23.0  7771.0
0  9  1.0  9903.0
0  9  2.0  9806.0
0  9  7.0  9321.0
0  9  10.0  9030.0
0  9  15.0  8545.0
0  9  5.0  9515.0
0  9  15.0  8545.0
0  9  13.0  8739.0
0  9  4.0  9612.0
0  9  10.0  9030.0
0  9  16.0  8448.0
0  9  5.0  9515.0
0  9  10.0  9030.0
0  9  11.0  8935.0
0  9  14.0  8642.0
0  9  8.0  9224.0
0  9  17.0  8351.0
0  9  21.0  7964.0
0  9  3.0  9709.0
0  9  0.0  10000.0
0  9  3.0  9709.0
0  9  7.0  9321.0
0  9  6.0  9423.0
0  9  1.0  9903.0
0  9  8.0  9224.0
0  9  0.0  10000.0
0  9  3.0  9709.0
0  9  9.0  9127.0
0  9  20.0  8060.0
0  9  3.0  9709.0
0  9  4.0  9614.0
0  9  6.0  9419.0
0  9  0.0  10000.0
0  9  20.0  8061.0
0  9  10.0  9030.0
0  9  16.0  8449.0
0  9  3.0  9709.0
0  9  11.0  8933.0
0  9  6.0  9418.0
0  9  8.0  9224.0
0  9  5.0  9515.0
0  9  4.0  9613.0
0  9  13.0  8739.0
0  9  7.0  9321.0
0  9  22.0  7866.0
0  9  3.0  9709.0
0  9  11.0  8933.0
0  9  15.0  8546.0
0  9  12.0  8837.0
0  9  9.0  9127.0
0  9  25.0  7576.0
0  9  0.0  10000.0
0  9  15.0  8546.0
0  9  11.0  8933.0
0  9  0.0  10000.0
0  9  35.0  6606.0
0  9  2.0  9806.0
0  9  0.0  10000.0
0  9  0.0  10000.0
0  9  16.0  8448.0
0  9  8.0  9224.0
0  9  0.0  10000.0
0  9  12.0  8836.0
0  9  2.0  9806.0
0  9  4.0  9612.0
0  9  0.0  10000.0
0  9  4.0  9612.0
0  9  2.0  9809.0
0  9  1.0  9903.0
0  9  29.0  7188.0
0  9  9.0  9127.0
0  9  5.0  9517.0
0  9  16.0  8448.0
0  9  3.0  9709.0
0  9  5.0  9515.0
0  9  19.0  8159.0
0  9  24.0  7672.0
0  9  5.0  9515.0
0  9  6.0  9419.0
0  9  9.0  9127.0
0  9  21.0  7963.0
0  9  15.0  8545.0
0  9  10.0  9030.0
0  9  12.0  8843.0
0  9  9.0  9127.0
0  9  19.0  8157.0
0  9  6.0  9418.0
0  9  2.0  9806.0
0  9  16.0  8449.0
0  9  4.0  9612.0
0  9  0.0  10000.0
0  9  1.0  9903.0
0  9  0.0  10000.0
0  9  32.0  6896.0
0  9  17.0  8351.0
0  9  28.0  7285.0
0  9  4.0  9612.0
0  9  9.0  9127.0
0  9  7.0  9321.0
0  9  26.0  7478.0
0  9  1.0  9903.0
0  9  39.0  6225.0
0  9  0.0  10000.0
0  9  22.0  7866.0
0  9  6.0  9418.0
0  9  9.0  9127.0
0  9  24.0  7672.0
0  9  0.0  10000.0
0  9  9.0  9127.0
0  9  2.0  9806.0
0  9  5.0  9515.0
0  9  15.0  8545.0
0  9  7.0  9321.0
0  9  22.0  7866.0
0  9  3.0  9709.0
0  9  12.0  8836.0
0  9  10.0  9030.0
0  9  4.0  9612.0
0  9  15.0  8545.0
0  9  5.0  9515.0
0  9  11.0  8933.0
0  9  17.0  8352.0
0  9  7.0  9321.0
0  9  22.0  7866.0
0  9  2.0  9806.0
0  9  12.0  8836.0
0  9  13.0  8739.0
0  9  12.0  8836.0
0  9  8.0  9224.0
0  9  36.0  6510.0
0  9  12.0  8841.0
0  9  3.0  9709.0
0  9  0.0  10000.0
0  9  10.0  9030.0
0  9  5.0  9515.0
0  9  1.0  9903.0
0  9  3.0  9709.0
0  10  42.0  5926.0
0  10  24.0  7674.0
0  10  0.0  10000.0
0  10  6.0  9420.0
0  10  14.0  8643.0
0  10  4.0  9612.0
0  10  26.0  7488.0
0  10  1.0  9903.0
0  10  1.0  9903.0
0  10  3.0  9709.0
0  10  0.0  10000.0
0  10  15.0  8545.0
0  10  1.0  9903.0
0  10  10.0  9030.0
0  10  4.0  9612.0
0  10  0.0  10000.0
0  10  6.0  9419.0
0  10  11.0  8933.0
0  10  19.0  8159.0
0  10  1.0  9903.0
0  10  5.0  9515.0
0  10  1.0  9903.0
0  10  10.0  9031.0
0  10  2.0  9806.0
0  10  1.0  9903.0
0  10  2.0  9806.0
0  10  10.0  9030.0
0  10  3.0  9710.0
0  10  5.0  9515.0
0  10  3.0  9709.0
0  10  1.0  9903.0
0  10  2.0  9808.0
0  10  1.0  9903.0
0  10  9.0  9127.0
0  10  7.0  9321.0
0  10  15.0  8545.0
0  10  20.0  8060.0
0  10  24.0  7672.0
0  10  20.0  8061.0
0  10  6.0  9418.0
0  10  6.0  9418.0
0  10  8.0  9224.0
0  10  12.0  8836.0
0  10  14.0  8642.0
0  10  1.0  9903.0
0  10  1.0  9903.0
0  10  0.0  10000.0
0  10  5.0  9515.0
0  10  5.0  9515.0
0  10  5.0  9515.0
0  10  14.0  8642.0
0  10  4.0  9612.0
0  10  17.0  8351.0
0  10  1.0  9903.0
0  10  19.0  8160.0
0  10  1.0  9903.0
0  10  0.0  10000.0
0  10  2.0  9806.0
0  10  1.0  9903.0
0  10  0.0  10000.0
0  10  19.0  8158.0
0  10  1.0  9903.0
0  10  6.0  9418.0
0  10  0.0  10000.0
0  10  0.0  10000.0
0  10  13.0  8740.0
0  10  7.0  9321.0
0  10  7.0  9321.0
0  10  17.0  8351.0
0  10  5.0  9515.0
0  10  1.0  9903.0
0  10  10.0  9030.0
0  10  14.0  8719.0
0  10  7.0  9321.0
0  10  21.0  7963.0
0  10  10.0  9032.0
0  10  4.0  9612.0
0  10  13.0  8739.0
0  10  3.0  9709.0
0  10  1.0  9903.0
0  10  15.0  8545.0
0  10  8.0  9224.0
0  10  6.0  9418.0
0  10  13.0  8739.0
0  10  16.0  8449.0
0  10  1.0  9903.0
0  10  14.0  8646.0
0  10  5.0  9516.0
0  10  41.0  6023.0
0  10  23.0  7772.0
0  10  4.0  9612.0
0  10  4.0  9612.0
0  10  2.0  9806.0
0  10  18.0  8254.0
0  10  3.0  9712.0
0  10  0.0  10000.0
0  10  5.0  9515.0
0  10  15.0  8546.0
0  10  0.0  10000.0
0  10  28.0  7284.0
0  10  10.0  9030.0
0  10  29.0  7188.0
0  10  14.0  8643.0
0  10  28.0  7285.0
0  10  10.0  9030.0
0  10  6.0  9420.0
0  10  14.0  8642.0
0  10  15.0  8545.0
0  10  32.0  6896.0
0  10  5.0  9515.0
0  10  13.0  8739.0
0  10  1.0  9903.0
0  10  9.0  9127.0
0  10  9.0  9130.0
0  10  7.0  9321.0
0  10  0.0  10000.0
0  10  20.0  8060.0
0  10  9.0  9129.0
0  10  16.0  8449.0
0  10  2.0  9806.0
0  10  12.0  8837.0
0  10  7.0  9321.0
0  10  5.0  9515.0
0  10  0.0  10000.0
0  10  27.0  7382.0
0  10  1.0  9903.0
0  10  15.0  8545.0
0  10  5.0  9516.0
0  10  5.0  9515.0
0  10  0.0  10000.0
0  10  0.0  10000.0
0  10  0.0  10000.0
0  10  11.0  8933.0
0  10  3.0  9709.0
0  10  20.0  8060.0
0  10  15.0  8545.0
0  10  7.0  9321.0
0  10  27.0  7382.0
0  10  15.0  8545.0
0  10  11.0  8934.0
0  10  3.0  9709.0
0  10  8.0  9225.0
0  10  5.0  9515.0
0  10  0.0  10000.0
0  10  19.0  8157.0
0  10  0.0  10000.0
0  10  20.0  8060.0
0  10  36.0  6508.0
0  10  8.0  9224.0
0  10  17.0  8351.0
0  10  2.0  9806.0
0  10  5.0  9515.0
0  10  8.0  9224.0
0  10  0.0  10000.0
0  10  20.0  8060.0
0  10  7.0  9321.0
0  10  14.0  8642.0
0  10  15.0  8545.0
0  10  12.0  8836.0
0  10  9.0  9127.0
0  10  13.0  8747.0
0  10  7.0  9321.0
0  10  10.0  9030.0
0  10  3.0  9709.0
0  10  21.0  7963.0
0  10  17.0  8351.0
0  10  16.0  8449.0
0  10  10.0  9030.0
0  10  22.0  7868.0
0  10  21.0  7963.0
0  10  23.0  7769.0
0  10  3.0  9710.0
0  10  5.0  9515.0
0  10  3.0  9709.0
0  10  3.0  9709.0
0  10  3.0  9709.0
0  10  6.0  9418.0
0  10  26.0  7479.0
0  10  3.0  9710.0
0  10  0.0  10000.0
0  10  21.0  7965.0
0  10  3.0  9709.0
0  10  10.0  9030.0
0  10  3.0  9709.0
0  10  7.0  9321.0
0  10  10.0  9030.0
0  10  6.0  9418.0
0  10  8.0  9224.0
0  10  1.0  9903.0
0  10  2.0  9806.0
0  10  8.0  9224.0
0  10  8.0  9224.0
0  10  35.0  6606.0
0  10  0.0  10000.0
0  10  15.0  8545.0
0  10  5.0  9515.0
0  10  6.0  9418.0
0  10  5.0  9515.0
0  10  5.0  9515.0
0  10  4.0  9612.0
