1  68.0  313
2  73.0  300
3  77.0  293
4  82.0  239
5  47.0  313
6  59.0  406
7  52.0  302
1  46.0  139
2  95.0  40
3  41.0  307
4  32.0  271
5  66.0  262
6  27.0  309
7  52.0  403
1  84.0  158
2  66.0  146
3  56.0  183
4  50.0  253
5  56.0  283
6  72.0  242
7  65.0  373
1  67.0  152
2  81.0  373
3  76.0  236
4  23.0  132
5  86.0  96
6  60.0  352
7  47.0  424
1  30.0  192
2  97.0  30
3  89.0  196
4  49.0  286
5  85.0  127
6  36.0  278
7  54.0  418
1  97.0  56
2  73.0  209
3  79.0  276
4  54.0  354
5  28.0  283
6  83.0  182
7  59.0  376
1  23.0  366
2  96.0  47
3  89.0  131
4  51.0  257
5  34.0  271
6  44.0  406
7  38.0  393
1  81.0  167
2  55.0  205
3  92.0  209
4  47.0  409
5  72.0  325
6  38.0  501
7  59.0  326
1  45.0  239
2  78.0  141
3  52.0  355
4  50.0  394
5  81.0  281
6  60.0  320
7  76.0  185
1  95.0  79
2  81.0  226
3  81.0  335
4  51.0  432
5  37.0  236
6  45.0  344
7  79.0  168
1  69.0  244
2  97.0  63
3  64.0  267
4  82.0  295
5  49.0  374
6  75.0  270
7  42.0  422
1  88.0  133
2  97.0  39
3  78.0  116
4  67.0  178
5  61.0  322
6  90.0  100
7  53.0  359
1  96.0  16
2  71.0  130
3  46.0  207
4  51.0  300
5  18.0  223
6  35.0  305
7  56.0  390
1  69.0  385
2  43.0  185
3  72.0  353
4  40.0  412
5  56.0  214
6  56.0  132
7  61.0  301
1  66.0  107
2  69.0  325
3  73.0  170
4  61.0  340
5  84.0  129
6  89.0  211
7  57.0  434
1  36.0  217
2  92.0  127
3  45.0  410
4  62.0  266
5  24.0  290
6  29.0  439
7  55.0  410
1  78.0  83
2  66.0  223
3  78.0  193
4  56.0  307
5  94.0  90
6  65.0  312
7  57.0  327
1  97.0  51
2  62.0  228
3  41.0  445
4  72.0  333
5  66.0  230
6  82.0  159
7  23.0  403
1  49.0  196
2  26.0  354
3  58.0  331
4  63.0  367
5  41.0  149
6  46.0  421
7  34.0  363
1  97.0  34
2  65.0  128
3  75.0  245
4  32.0  339
5  68.0  314
6  82.0  208
7  44.0  369
1  97.0  55
2  42.0  379
3  83.0  166
4  69.0  271
5  84.0  197
6  55.0  482
7  30.0  520
1  97.0  45
2  44.0  221
3  73.0  267
4  56.0  307
5  57.0  384
6  54.0  430
7  39.0  424
1  79.0  94
2  69.0  244
3  41.0  334
4  73.0  240
5  52.0  302
6  43.0  313
7  25.0  401
1  82.0  220
2  77.0  198
3  71.0  185
4  70.0  402
5  38.0  504
6  38.0  261
7  29.0  479
1  72.0  184
2  51.0  387
3  78.0  268
4  80.0  64
5  43.0  399
6  59.0  249
7  44.0  359
1  40.0  361
2  80.0  67
3  42.0  381
4  80.0  242
5  47.0  331
6  33.0  327
7  57.0  381
1  76.0  262
2  72.0  295
3  78.0  298
4  53.0  316
5  69.0  250
6  46.0  459
7  60.0  377
1  27.0  392
2  60.0  350
3  94.0  37
4  42.0  289
5  77.0  166
6  74.0  162
7  44.0  313
1  56.0  298
2  84.0  70
3  63.0  209
4  62.0  275
5  73.0  226
6  48.0  381
7  63.0  281
1  81.0  148
2  84.0  157
3  93.0  58
4  86.0  196
5  49.0  365
6  66.0  416
7  24.0  676
1  39.0  368
2  86.0  225
3  86.0  94
4  48.0  299
5  67.0  280
6  93.0  102
7  46.0  372
1  80.0  73
2  80.0  213
3  32.0  287
4  51.0  282
5  76.0  332
6  62.0  449
7  47.0  437
1  63.0  151
2  84.0  138
3  48.0  241
4  67.0  218
5  21.0  420
6  24.0  241
7  35.0  390
1  75.0  160
2  93.0  64
3  74.0  258
4  61.0  328
5  38.0  465
6  22.0  315
7  44.0  302
1  97.0  39
2  47.0  383
3  75.0  319
4  97.0  47
5  47.0  348
6  43.0  317
7  38.0  379
1  20.0  428
2  78.0  145
3  12.0  361
4  69.0  410
5  42.0  392
6  41.0  377
7  64.0  344
1  59.0  347
2  51.0  106
3  83.0  190
4  97.0  15
5  74.0  341
6  46.0  433
7  77.0  270
1  87.0  147
2  74.0  140
3  90.0  184
4  42.0  362
5  58.0  430
6  35.0  445
7  75.0  116
1  86.0  128
2  91.0  108
3  75.0  213
4  92.0  119
5  90.0  147
6  72.0  357
7  59.0  324
1  97.0  38
2  82.0  148
3  62.0  190
4  63.0  177
5  49.0  289
6  52.0  427
7  30.0  580
1  57.0  451
2  85.0  118
3  89.0  231
4  29.0  536
5  62.0  348
6  80.0  271
7  50.0  323
1  97.0  58
2  87.0  139
3  80.0  247
4  52.0  314
5  47.0  265
6  34.0  478
7  40.0  257
1  49.0  434
2  27.0  541
3  63.0  172
4  87.0  188
5  85.0  207
6  42.0  319
7  52.0  501
1  97.0  52
2  93.0  81
3  81.0  170
4  88.0  121
5  72.0  220
6  85.0  59
7  46.0  371
1  97.0  47
2  94.0  61
3  86.0  135
4  51.0  414
5  38.0  228
6  38.0  347
7  24.0  351
1  54.0  317
2  75.0  313
3  79.0  189
4  75.0  141
5  80.0  170
6  26.0  302
7  27.0  419
1  97.0  29
2  80.0  224
3  20.0  229
4  91.0  156
5  48.0  318
6  29.0  381
7  71.0  258
1  92.0  60
2  53.0  387
3  49.0  388
4  32.0  147
5  61.0  316
6  28.0  321
7  60.0  271
1  71.0  389
2  88.0  180
3  64.0  271
4  87.0  127
5  61.0  289
6  65.0  269
7  21.0  478
1  85.0  170
2  97.0  55
3  48.0  406
4  69.0  273
5  79.0  193
6  56.0  363
7  32.0  414
1  75.0  336
2  78.0  279
3  35.0  210
4  77.0  246
5  91.0  90
6  36.0  269
7  34.0  364
1  59.0  306
2  51.0  236
3  69.0  239
4  43.0  397
5  63.0  307
6  49.0  338
7  52.0  460
1  53.0  125
2  72.0  93
3  68.0  177
4  69.0  196
5  33.0  132
6  49.0  400
7  56.0  289
1  96.0  12
2  87.0  218
3  47.0  270
4  92.0  124
5  60.0  344
6  57.0  436
7  47.0  392
1  97.0  25
2  87.0  166
3  94.0  42
4  31.0  632
5  43.0  378
6  62.0  410
7  36.0  513
1  81.0  91
2  57.0  232
3  75.0  272
4  53.0  299
5  59.0  320
6  49.0  245
7  97.0  47
1  59.0  90
2  69.0  389
3  83.0  255
4  36.0  372
5  25.0  478
6  64.0  347
7  67.0  287
1  31.0  371
2  71.0  109
3  79.0  296
4  59.0  332
5  75.0  267
6  58.0  327
7  51.0  312
1  95.0  57
2  63.0  269
3  74.0  187
4  77.0  318
5  87.0  108
6  60.0  304
7  56.0  405
1  11.0  523
2  59.0  338
3  22.0  328
4  89.0  129
5  52.0  246
6  59.0  283
7  80.0  95
1  90.0  72
2  72.0  152
3  48.0  464
4  65.0  360
5  80.0  214
6  65.0  376
7  19.0  439
1  96.0  65
2  75.0  187
3  42.0  160
4  30.0  313
5  49.0  303
6  76.0  211
7  48.0  501
1  92.0  111
2  94.0  27
3  87.0  118
4  88.0  104
5  37.0  342
6  33.0  420
7  24.0  294
1  72.0  215
2  92.0  114
3  58.0  361
4  65.0  300
5  86.0  179
6  58.0  335
7  53.0  360
1  84.0  226
2  71.0  240
3  87.0  169
4  52.0  406
5  35.0  371
6  70.0  253
7  28.0  305
1  97.0  41
2  25.0  278
3  51.0  242
4  51.0  267
5  23.0  392
6  57.0  360
7  49.0  428
1  87.0  111
2  65.0  234
3  44.0  311
4  25.0  203
5  48.0  414
6  85.0  277
7  62.0  212
1  76.0  257
2  67.0  297
3  79.0  245
4  65.0  391
5  35.0  221
6  60.0  427
7  47.0  272
1  71.0  337
2  68.0  345
3  57.0  152
4  75.0  279
5  77.0  289
6  71.0  307
7  69.0  290
1  96.0  24
2  66.0  312
3  93.0  46
4  79.0  171
5  32.0  316
6  77.0  158
7  85.0  173
1  6.0  376
2  76.0  267
3  46.0  191
4  50.0  423
5  87.0  68
6  54.0  305
7  55.0  308
1  81.0  156
2  66.0  196
3  56.0  323
4  68.0  301
5  78.0  225
6  61.0  208
7  36.0  416
1  97.0  19
2  67.0  264
3  68.0  254
4  32.0  261
5  68.0  266
6  78.0  205
7  44.0  308
1  97.0  85
2  71.0  72
3  58.0  235
4  24.0  365
5  58.0  366
6  40.0  364
7  76.0  314
1  95.0  42
2  96.0  63
3  79.0  308
4  62.0  314
5  39.0  255
6  79.0  320
7  42.0  436
1  49.0  334
2  79.0  205
3  55.0  276
4  65.0  240
5  67.0  329
6  91.0  84
7  34.0  226
1  97.0  61
2  23.0  217
3  69.0  238
4  65.0  205
5  60.0  205
6  79.0  259
7  57.0  348
1  83.0  153
2  81.0  88
3  80.0  190
4  47.0  241
5  41.0  271
6  58.0  423
7  66.0  326
1  80.0  177
2  73.0  194
3  91.0  216
4  92.0  63
5  60.0  307
6  56.0  329
7  55.0  334
1  93.0  67
2  66.0  100
3  88.0  120
4  73.0  272
5  48.0  378
6  72.0  289
7  67.0  323
1  95.0  63
2  65.0  305
3  56.0  329
4  54.0  302
5  44.0  376
6  28.0  499
7  38.0  462
1  73.0  139
2  90.0  119
3  36.0  308
4  63.0  226
5  41.0  293
6  32.0  332
7  51.0  373
1  97.0  19
2  84.0  203
3  88.0  130
4  20.0  297
5  35.0  331
6  75.0  204
7  27.0  368
1  97.0  37
2  66.0  306
3  83.0  221
4  93.0  250
5  48.0  381
6  47.0  409
7  57.0  290
1  74.0  190
2  84.0  154
3  47.0  367
4  68.0  171
5  16.0  373
6  51.0  333
7  43.0  346
1  58.0  177
2  61.0  385
3  78.0  245
4  58.0  274
5  37.0  402
6  46.0  320
7  25.0  222
1  87.0  142
2  76.0  199
3  50.0  416
4  85.0  135
5  83.0  181
6  47.0  437
7  50.0  335
1  34.0  108
2  68.0  223
3  95.0  109
4  34.0  339
5  52.0  283
6  62.0  230
7  51.0  410
1  77.0  251
2  72.0  317
3  67.0  177
4  58.0  340
5  64.0  429
6  40.0  347
7  51.0  356
1  95.0  39
2  83.0  260
3  65.0  323
4  51.0  167
5  83.0  218
6  58.0  338
7  36.0  490
1  91.0  142
2  86.0  158
3  58.0  387
4  84.0  229
5  44.0  240
6  97.0  38
7  50.0  416
1  97.0  20
2  70.0  219
3  57.0  312
4  69.0  97
5  44.0  249
6  50.0  300
7  74.0  219
1  75.0  193
2  81.0  288
3  74.0  145
4  32.0  285
5  79.0  244
6  56.0  355
7  59.0  273
1  63.0  219
2  85.0  111
3  93.0  124
4  37.0  244
5  57.0  247
6  49.0  262
7  59.0  425
1  95.0  51
2  79.0  264
3  62.0  261
4  31.0  268
5  26.0  333
6  56.0  449
7  56.0  392
1  85.0  163
2  62.0  229
3  69.0  220
4  49.0  317
5  25.0  295
6  37.0  376
7  45.0  505
1  25.0  485
2  97.0  51
3  47.0  429
4  69.0  206
5  81.0  293
6  65.0  421
7  24.0  336
1  75.0  109
2  90.0  117
3  81.0  174
4  72.0  379
5  59.0  292
6  95.0  131
7  74.0  320
1  94.0  49
2  38.0  296
3  47.0  246
4  60.0  367
5  73.0  166
6  53.0  352
7  65.0  331
1  54.0  192
2  91.0  64
3  66.0  144
4  17.0  252
5  65.0  280
6  73.0  294
7  44.0  302
