0  21.0  808
1  14.333333333333334  1308
2  55.0  810
3  19.666666666666668  1389
4  51.333333333333336  1044
5  46.333333333333336  915
6  19.333333333333332  1626
7  58.0  803
8  77.666666666666671  668
9  40.666666666666664  725
10  25.0  1033
11  74.0  495
12  60.666666666666664  552
13  19.333333333333332  1259
14  79.333333333333329  340
15  56.666666666666664  662
16  73.0  419
17  55.333333333333336  670
18  63.333333333333336  606
19  66.0  744
20  62.333333333333336  548
0  22.0  998
1  14.0  1553
2  14.0  1183
3  21.666666666666668  1313
4  34.0  1040
5  34.333333333333336  951
6  32.0  894
7  26.666666666666668  1288
8  24.333333333333332  1355
9  49.0  947
10  24.0  1202
11  75.666666666666671  687
12  54.333333333333336  774
13  30.666666666666668  1180
14  62.666666666666664  590
15  48.0  925
16  44.0  566
17  59.333333333333336  409
18  66.666666666666671  433
19  69.666666666666671  368
20  87.0  255
0  7.333333333333333  1459
1  8.6666666666666661  1537
2  26.333333333333332  1448
3  34.333333333333336  991
4  16.0  907
5  60.333333333333336  618
6  29.666666666666668  1177
7  46.333333333333336  1058
8  56.666666666666664  1046
9  13.0  1138
10  80.0  412
11  63.0  624
12  63.666666666666664  871
13  72.333333333333329  449
14  32.666666666666664  922
15  55.333333333333336  762
16  51.333333333333336  1055
17  45.0  951
18  82.333333333333329  236
19  60.0  445
20  41.666666666666664  1146
0  17.333333333333332  1681
1  17.0  1248
2  30.0  694
3  29.333333333333332  1545
4  30.333333333333332  1091
5  22.333333333333332  1143
6  11.666666666666666  1315
7  27.333333333333332  714
8  41.333333333333336  899
9  53.666666666666664  909
10  17.333333333333332  1597
11  47.666666666666664  990
12  65.666666666666671  587
13  44.666666666666664  1006
14  37.333333333333336  1030
15  64.333333333333329  710
16  79.666666666666671  346
17  67.333333333333329  385
18  42.666666666666664  667
19  77.333333333333329  447
20  50.666666666666664  882
0  18.333333333333332  1574
1  9.3333333333333339  1333
2  18.0  1281
3  23.666666666666668  1325
4  37.0  873
5  28.333333333333332  1138
6  17.666666666666668  1104
7  50.0  533
8  51.666666666666664  747
9  66.333333333333329  484
10  48.333333333333336  872
11  52.666666666666664  575
12  46.333333333333336  1014
13  64.666666666666671  563
14  55.666666666666664  491
15  68.666666666666671  464
16  45.333333333333336  1193
17  63.333333333333336  537
18  40.666666666666664  911
19  53.333333333333336  648
20  61.0  453
0  9.3333333333333339  1496
1  13.666666666666666  1013
2  24.333333333333332  1558
3  46.666666666666664  994
4  26.333333333333332  1376
5  43.0  1144
6  26.333333333333332  1353
7  31.0  696
8  24.333333333333332  1001
9  35.333333333333336  1064
10  55.333333333333336  793
11  42.0  742
12  86.666666666666671  197
13  48.666666666666664  888
14  91.0  193
15  69.0  559
16  47.666666666666664  920
17  53.0  534
18  72.0  285
19  66.666666666666671  594
20  52.666666666666664  486
0  7.666666666666667  1367
1  19.0  1745
2  24.0  1806
3  33.666666666666664  860
4  18.0  1399
5  42.0  1034
6  51.333333333333336  812
7  51.333333333333336  893
8  26.333333333333332  985
9  42.666666666666664  990
10  32.666666666666664  1358
11  73.666666666666671  527
12  38.0  1057
13  53.333333333333336  816
14  43.666666666666664  938
15  66.333333333333329  551
16  57.333333333333336  512
17  83.333333333333329  266
18  79.0  380
19  59.666666666666664  638
20  73.666666666666671  464
0  16.666666666666668  1645
1  31.666666666666668  1100
2  29.666666666666668  1422
3  23.666666666666668  1518
4  17.666666666666668  1450
5  20.333333333333332  706
6  58.0  556
7  31.666666666666668  1390
8  43.0  972
9  26.666666666666668  1245
10  62.0  370
11  50.333333333333336  618
12  45.666666666666664  836
13  45.666666666666664  760
14  39.666666666666664  804
15  44.666666666666664  766
16  40.333333333333336  1034
17  40.333333333333336  1046
18  75.666666666666671  437
19  50.333333333333336  702
20  55.666666666666664  737
0  14.0  1486
1  9.3333333333333339  1564
2  5.333333333333333  1200
3  8.6666666666666661  1300
4  26.0  1374
5  31.333333333333332  1198
6  22.0  1311
7  24.333333333333332  1466
8  57.0  584
9  43.333333333333336  1016
10  49.0  909
11  34.666666666666664  1139
12  47.666666666666664  815
13  81.0  230
14  51.333333333333336  689
15  38.666666666666664  1018
16  75.666666666666671  563
17  67.666666666666671  633
18  60.0  601
19  57.333333333333336  500
20  26.333333333333332  905
0  19.666666666666668  1611
1  13.666666666666666  1202
2  29.333333333333332  1175
3  35.333333333333336  1096
4  41.0  967
5  20.0  1249
6  22.0  1227
7  30.666666666666668  1283
8  19.666666666666668  1505
9  42.0  1088
10  65.0  593
11  51.0  805
12  69.0  579
13  34.666666666666664  1072
14  67.666666666666671  568
15  62.333333333333336  826
16  81.333333333333329  156
17  68.0  634
18  70.0  350
19  53.333333333333336  565
20  88.666666666666671  176
0  15.666666666666666  1302
1  0.66666666666666663  1312
2  22.0  1173
3  51.333333333333336  849
4  45.0  1067
5  37.666666666666664  1259
6  69.0  607
7  32.666666666666664  1002
8  53.333333333333336  970
9  54.666666666666664  845
10  51.666666666666664  824
11  38.333333333333336  1129
12  66.666666666666671  553
13  50.666666666666664  1116
14  95.0  64
15  75.666666666666671  391
16  44.0  923
17  57.333333333333336  648
18  82.333333333333329  290
19  76.0  436
20  94.666666666666671  103
0  12.333333333333334  1083
1  33.666666666666664  1484
2  17.0  1634
3  24.0  1608
4  20.0  1755
5  36.0  1377
6  15.333333333333334  1445
7  55.333333333333336  813
8  42.0  588
9  28.0  1065
10  44.333333333333336  1116
11  58.666666666666664  705
12  33.333333333333336  1020
13  59.0  490
14  48.666666666666664  953
15  33.0  951
16  60.0  635
17  62.333333333333336  571
18  52.333333333333336  924
19  51.666666666666664  714
20  73.333333333333329  344
0  24.333333333333332  1862
1  20.333333333333332  1307
2  10.666666666666666  1473
3  40.333333333333336  933
4  13.666666666666666  1393
5  35.666666666666664  1159
6  55.666666666666664  703
7  46.666666666666664  890
8  20.0  1250
9  33.666666666666664  785
10  29.333333333333332  712
11  88.333333333333329  203
12  34.0  1322
13  32.666666666666664  871
14  77.333333333333329  489
15  61.666666666666664  457
16  81.333333333333329  334
17  33.0  907
18  78.0  475
19  57.333333333333336  891
20  44.333333333333336  611
0  12.333333333333334  1722
1  13.333333333333334  1652
2  22.333333333333332  1560
3  19.333333333333332  932
4  35.333333333333336  1581
5  14.333333333333334  953
6  18.0  1112
7  38.333333333333336  1153
8  47.0  1126
9  48.666666666666664  576
10  52.0  795
11  51.333333333333336  820
12  44.666666666666664  945
13  77.666666666666671  428
14  65.333333333333329  518
15  82.666666666666671  367
16  52.666666666666664  970
17  78.0  320
18  46.333333333333336  812
19  63.0  438
20  30.0  1367
0  7.333333333333333  1503
1  21.666666666666668  1688
2  20.0  806
3  23.666666666666668  898
4  44.333333333333336  729
5  46.333333333333336  812
6  24.0  894
7  34.333333333333336  1486
8  28.333333333333332  1217
9  83.0  310
10  41.666666666666664  1048
11  28.333333333333332  1189
12  63.333333333333336  684
13  64.666666666666671  617
14  77.333333333333329  358
15  45.333333333333336  1034
16  55.666666666666664  608
17  71.0  413
18  63.666666666666664  483
19  54.333333333333336  358
20  69.666666666666671  432
0  23.333333333333332  1583
1  6.0  1372
2  22.666666666666668  1122
3  8.6666666666666661  1593
4  18.666666666666668  1222
5  31.0  1252
6  20.333333333333332  1136
7  19.0  1191
8  41.333333333333336  1179
9  19.0  1034
10  55.0  571
11  70.666666666666671  388
12  60.0  536
13  41.666666666666664  877
14  45.0  577
15  41.333333333333336  863
16  49.0  917
17  50.333333333333336  837
18  91.666666666666671  157
19  54.333333333333336  545
20  54.333333333333336  607
0  16.333333333333332  1713
1  21.0  1382
2  14.0  1801
3  32.0  1048
4  19.333333333333332  1155
5  39.0  1319
6  32.0  1145
7  25.666666666666668  1595
8  50.666666666666664  851
9  32.666666666666664  1371
10  44.0  991
11  54.0  708
12  47.333333333333336  1013
13  89.333333333333329  177
14  67.333333333333329  451
15  39.666666666666664  1183
16  59.0  654
17  51.333333333333336  495
18  57.333333333333336  542
19  93.0  49
20  59.666666666666664  296
0  20.333333333333332  1367
1  18.0  1623
2  25.0  1198
3  23.333333333333332  1180
4  8.3333333333333339  1421
5  40.666666666666664  1057
6  12.0  1537
7  37.666666666666664  970
8  56.666666666666664  748
9  44.666666666666664  869
10  64.0  665
11  62.333333333333336  668
12  56.666666666666664  552
13  52.666666666666664  482
14  39.666666666666664  1120
15  48.666666666666664  767
16  74.0  493
17  56.0  639
18  48.333333333333336  933
19  47.333333333333336  645
20  71.666666666666671  545
0  5.666666666666667  1296
1  17.333333333333332  1383
2  12.0  1704
3  20.0  1651
4  25.666666666666668  1095
5  32.0  1377
6  64.666666666666671  502
7  34.333333333333336  955
8  50.666666666666664  619
9  13.666666666666666  802
10  58.333333333333336  662
11  43.333333333333336  1131
12  24.333333333333332  1051
13  49.0  918
14  63.666666666666664  553
15  33.0  928
16  79.666666666666671  417
17  62.666666666666664  384
18  73.333333333333329  461
19  91.0  196
20  42.666666666666664  756
0  9.6666666666666661  1522
1  32.666666666666664  1358
2  27.0  1390
3  38.666666666666664  757
4  32.666666666666664  778
5  27.333333333333332  1329
6  19.666666666666668  1153
7  33.666666666666664  977
8  31.333333333333332  909
9  78.666666666666671  367
10  58.333333333333336  725
11  59.666666666666664  619
12  41.333333333333336  1033
13  37.333333333333336  663
14  50.333333333333336  573
15  48.0  764
16  43.666666666666664  751
17  80.333333333333329  211
18  55.0  698
19  62.333333333333336  489
20  51.333333333333336  752
0  24.666666666666668  1007
1  8.0  1442
2  14.666666666666666  1630
3  37.0  1254
4  19.0  1306
5  22.333333333333332  1454
6  22.333333333333332  1000
7  64.666666666666671  730
8  25.333333333333332  1341
9  37.0  951
10  17.333333333333332  1308
11  33.666666666666664  869
12  59.0  480
13  43.0  1188
14  63.666666666666664  812
15  33.333333333333336  661
16  78.333333333333329  591
17  61.333333333333336  739
18  47.666666666666664  1034
19  20.333333333333332  867
20  69.0  503
0  8.6666666666666661  1300
1  18.0  1787
2  13.0  1332
3  72.666666666666671  528
4  16.0  1477
5  25.666666666666668  1186
6  23.0  1390
7  40.666666666666664  930
8  71.333333333333329  504
9  56.333333333333336  1053
10  37.333333333333336  983
11  63.666666666666664  480
12  45.0  951
13  62.333333333333336  607
14  47.666666666666664  820
15  45.333333333333336  674
16  46.666666666666664  740
17  58.0  580
18  42.666666666666664  1169
19  42.0  902
20  87.333333333333329  144
0  13.666666666666666  1484
1  21.0  1181
2  10.666666666666666  1057
3  16.333333333333332  1203
4  23.666666666666668  869
5  83.333333333333329  307
6  67.666666666666671  430
7  37.0  1138
8  80.666666666666671  282
9  34.333333333333336  981
10  89.333333333333329  398
11  92.0  158
12  36.333333333333336  1341
13  55.666666666666664  855
14  65.0  577
15  47.666666666666664  622
16  88.666666666666671  152
17  46.666666666666664  1032
18  46.333333333333336  756
19  65.666666666666671  472
20  71.333333333333329  438
0  18.666666666666668  1409
1  18.666666666666668  1472
2  26.0  1275
3  16.0  1460
4  38.333333333333336  1045
5  38.666666666666664  1156
6  44.666666666666664  902
7  36.666666666666664  1037
8  38.666666666666664  1064
9  38.666666666666664  1129
10  46.0  876
11  30.666666666666668  1049
12  42.666666666666664  936
13  53.666666666666664  724
14  44.0  1243
15  75.333333333333329  484
16  54.666666666666664  649
17  51.666666666666664  641
18  77.666666666666671  492
19  70.333333333333329  743
20  62.666666666666664  564
0  14.333333333333334  1392
1  14.666666666666666  1313
2  18.0  1687
3  22.666666666666668  1387
4  12.333333333333334  759
5  19.666666666666668  1625
6  10.666666666666666  1591
7  37.0  939
8  21.0  1048
9  53.666666666666664  491
10  44.333333333333336  992
11  68.666666666666671  492
12  49.333333333333336  931
13  89.666666666666671  223
14  65.666666666666671  592
15  68.666666666666671  606
16  60.0  799
17  54.0  492
18  52.666666666666664  476
19  76.0  452
20  87.333333333333329  188
0  27.666666666666668  1405
1  20.666666666666668  1936
2  24.0  1277
3  16.0  1157
4  35.666666666666664  861
5  30.0  968
6  36.0  960
7  33.666666666666664  916
8  31.0  989
9  50.333333333333336  1181
10  30.0  1103
11  46.333333333333336  758
12  50.0  1103
13  51.333333333333336  746
14  45.333333333333336  1045
15  68.666666666666671  716
16  46.333333333333336  888
17  65.0  636
18  50.666666666666664  1160
19  56.666666666666664  774
20  69.333333333333329  602
0  18.0  1126
1  21.333333333333332  1434
2  41.666666666666664  1079
3  25.0  1265
4  27.333333333333332  1272
5  24.666666666666668  1380
6  28.0  957
7  46.0  898
8  50.0  797
9  47.666666666666664  706
10  31.333333333333332  1226
11  57.0  900
12  38.0  1006
13  60.0  519
14  47.666666666666664  770
15  45.666666666666664  755
16  53.333333333333336  911
17  46.0  1006
18  69.333333333333329  486
19  72.0  413
20  77.333333333333329  364
0  9.6666666666666661  1228
1  21.0  1306
2  40.333333333333336  1190
3  28.333333333333332  1591
4  26.666666666666668  1442
5  19.333333333333332  1400
6  28.333333333333332  1343
7  35.333333333333336  780
8  40.0  978
9  28.0  807
10  53.0  893
11  53.333333333333336  820
12  55.333333333333336  799
13  65.666666666666671  757
14  49.0  741
15  64.666666666666671  651
16  76.333333333333329  445
17  47.0  915
18  66.0  503
19  69.0  384
20  60.0  272
0  18.666666666666668  1410
1  15.0  1416
2  25.333333333333332  1319
3  20.666666666666668  1359
4  23.333333333333332  1103
5  33.333333333333336  1029
6  26.333333333333332  1152
7  64.0  670
8  50.666666666666664  785
9  37.0  1019
10  34.666666666666664  675
11  52.0  855
12  67.333333333333329  610
13  55.666666666666664  920
14  34.333333333333336  968
15  80.333333333333329  280
16  37.0  1094
17  61.333333333333336  632
18  36.666666666666664  981
19  53.0  694
20  79.333333333333329  294
0  18.0  1329
1  19.333333333333332  853
2  26.333333333333332  1239
3  20.0  1160
4  24.0  1233
5  18.333333333333332  1552
6  34.0  724
7  72.333333333333329  655
8  14.333333333333334  1335
9  30.0  906
10  38.333333333333336  927
11  44.666666666666664  732
12  76.333333333333329  516
13  61.333333333333336  703
14  85.666666666666671  238
15  72.666666666666671  626
16  55.666666666666664  755
17  54.0  671
18  77.0  399
19  55.333333333333336  512
20  67.666666666666671  440
0  12.333333333333334  1902
1  11.333333333333334  1028
2  25.666666666666668  1151
3  30.666666666666668  1022
4  32.666666666666664  1357
5  20.0  495
6  39.333333333333336  907
7  33.666666666666664  1195
8  27.333333333333332  848
9  57.0  876
10  54.666666666666664  784
11  31.333333333333332  1313
12  40.0  710
13  42.666666666666664  841
14  78.0  393
15  67.666666666666671  481
16  68.333333333333329  381
17  30.666666666666668  943
18  57.0  910
19  62.333333333333336  553
20  47.333333333333336  671
0  11.666666666666666  1913
1  16.333333333333332  1475
2  7.666666666666667  1392
3  12.666666666666666  1444
4  24.666666666666668  1239
5  28.333333333333332  1115
6  40.666666666666664  1152
7  80.333333333333329  417
8  38.666666666666664  1318
9  28.0  829
10  49.333333333333336  953
11  35.666666666666664  1066
12  65.333333333333329  606
13  29.666666666666668  1723
14  56.666666666666664  659
15  51.666666666666664  991
16  63.0  280
17  24.333333333333332  1295
18  75.0  252
19  61.0  565
20  97.0  28
0  11.666666666666666  1397
1  5.0  1850
2  45.333333333333336  3070
3  7.333333333333333  1102
4  38.333333333333336  1328
5  25.666666666666668  1448
6  35.333333333333336  1069
7  60.333333333333336  699
8  48.333333333333336  834
9  53.333333333333336  777
10  30.0  1180
11  64.666666666666671  630
12  71.333333333333329  346
13  66.0  434
14  45.333333333333336  953
15  71.666666666666671  503
16  69.333333333333329  585
17  64.666666666666671  426
18  61.666666666666664  751
19  56.666666666666664  650
20  44.0  679
0  4.666666666666667  1347
1  21.333333333333332  1508
2  27.666666666666668  1232
3  23.666666666666668  1577
4  25.333333333333332  1047
5  27.0  1313
6  32.0  1313
7  24.333333333333332  1480
8  62.333333333333336  789
9  87.666666666666671  283
10  64.333333333333329  552
11  48.0  705
12  50.666666666666664  1203
13  43.666666666666664  830
14  68.333333333333329  334
15  39.666666666666664  1042
16  49.666666666666664  955
17  54.333333333333336  529
18  58.666666666666664  525
19  70.666666666666671  489
20  41.0  936
0  21.333333333333332  1492
1  21.0  1248
2  32.666666666666664  1689
3  12.666666666666666  1132
4  50.666666666666664  813
5  10.0  1030
6  53.666666666666664  622
7  77.666666666666671  367
8  36.0  1470
9  40.333333333333336  925
10  73.666666666666671  629
11  77.333333333333329  485
12  48.333333333333336  589
13  64.333333333333329  534
14  58.0  813
15  78.333333333333329  336
16  57.333333333333336  497
17  39.333333333333336  1026
18  70.333333333333329  394
19  80.666666666666671  402
20  76.333333333333329  370
0  21.0  1651
1  20.333333333333332  1397
2  15.0  1577
3  33.333333333333336  1012
4  24.0  1620
5  25.666666666666668  1292
6  74.333333333333329  507
7  52.333333333333336  764
8  77.0  425
9  44.0  980
10  32.0  1052
11  42.333333333333336  708
12  40.0  1130
13  73.666666666666671  555
14  54.666666666666664  700
15  71.333333333333329  554
16  80.666666666666671  414
17  56.666666666666664  695
18  67.333333333333329  691
19  38.0  964
20  53.666666666666664  1283
0  15.333333333333334  1656
1  23.333333333333332  1341
2  22.666666666666668  1076
3  45.0  1354
4  73.0  675
5  31.666666666666668  751
6  35.0  1407
7  33.0  1119
8  55.666666666666664  659
9  54.0  940
10  48.666666666666664  853
11  60.333333333333336  723
12  59.333333333333336  684
13  73.333333333333329  305
14  46.0  798
15  61.666666666666664  806
16  63.0  639
17  42.666666666666664  736
18  74.0  330
19  83.0  318
20  94.666666666666671  67
0  23.333333333333332  1055
1  14.333333333333334  1608
2  27.666666666666668  1696
3  25.666666666666668  1638
4  19.0  991
5  19.333333333333332  1144
6  40.666666666666664  954
7  19.666666666666668  1127
8  36.0  1225
9  29.666666666666668  994
10  40.333333333333336  1149
11  59.666666666666664  807
12  48.0  873
13  53.666666666666664  546
14  36.666666666666664  602
15  50.333333333333336  659
16  46.333333333333336  842
17  77.666666666666671  237
18  50.0  908
19  59.333333333333336  851
20  94.333333333333329  62
0  8.0  1773
1  14.0  1212
2  31.0  1125
3  41.333333333333336  907
4  22.0  1172
5  44.0  756
6  21.0  974
7  17.333333333333332  1277
8  14.666666666666666  1283
9  30.0  1398
10  87.333333333333329  112
11  57.333333333333336  546
12  53.0  804
13  38.333333333333336  1008
14  44.666666666666664  1023
15  67.0  564
16  57.666666666666664  362
17  68.666666666666671  364
18  69.666666666666671  495
19  47.666666666666664  866
20  42.333333333333336  594
0  21.333333333333332  1444
1  21.0  1452
2  22.333333333333332  1149
3  13.333333333333334  1156
4  22.666666666666668  741
5  35.333333333333336  1176
6  33.333333333333336  1180
7  61.0  860
8  49.666666666666664  712
9  46.666666666666664  1112
10  28.333333333333332  1067
11  56.666666666666664  483
12  40.333333333333336  928
13  32.333333333333336  827
14  46.0  649
15  72.333333333333329  573
16  63.333333333333336  455
17  57.0  819
18  78.666666666666671  209
19  75.333333333333329  443
20  43.0  997
0  17.0  1534
1  13.666666666666666  1076
2  24.333333333333332  1178
3  21.333333333333332  1173
4  20.0  1148
5  18.666666666666668  870
6  19.666666666666668  1249
7  54.333333333333336  1007
8  37.0  1223
9  59.0  714
10  46.666666666666664  873
11  68.0  525
12  35.666666666666664  929
13  63.666666666666664  699
14  40.666666666666664  1004
15  77.0  441
16  60.333333333333336  570
17  64.666666666666671  418
18  55.333333333333336  505
19  63.333333333333336  505
20  49.666666666666664  768
0  12.333333333333334  1529
1  25.333333333333332  1095
2  15.666666666666666  1268
3  22.666666666666668  1725
4  15.666666666666666  1141
5  42.333333333333336  1130
6  41.0  860
7  34.333333333333336  1177
8  40.666666666666664  1115
9  32.0  1279
10  62.0  870
11  35.0  715
12  56.333333333333336  754
13  46.333333333333336  793
14  37.333333333333336  1061
15  50.0  722
16  59.666666666666664  607
17  92.0  144
18  56.0  839
19  94.0  138
20  68.0  506
0  20.666666666666668  1469
1  12.0  1509
2  20.0  1343
3  13.333333333333334  991
4  43.333333333333336  1238
5  28.333333333333332  1332
6  41.0  1293
7  32.666666666666664  1190
8  52.333333333333336  655
9  45.333333333333336  1195
10  77.0  446
11  61.0  572
12  36.666666666666664  943
13  43.666666666666664  827
14  82.666666666666671  436
15  40.0  942
16  23.666666666666668  1381
17  49.666666666666664  669
18  40.0  566
19  45.666666666666664  699
20  73.0  389
0  16.0  1610
1  12.666666666666666  1145
2  16.666666666666668  1451
3  17.666666666666668  1435
4  33.333333333333336  1390
5  16.666666666666668  1513
6  15.0  1425
7  12.666666666666666  1423
8  72.666666666666671  440
9  34.0  838
10  43.333333333333336  865
11  81.666666666666671  214
12  39.666666666666664  686
13  44.333333333333336  1122
14  65.333333333333329  847
15  18.0  1178
16  59.333333333333336  664
17  52.666666666666664  1082
18  50.0  1000
19  47.333333333333336  745
20  55.333333333333336  670
0  23.0  1549
1  16.666666666666668  1276
2  16.666666666666668  1283
3  12.333333333333334  1501
4  25.333333333333332  1062
5  19.666666666666668  1482
6  32.0  937
7  61.666666666666664  779
8  36.333333333333336  985
9  32.666666666666664  1040
10  55.333333333333336  1183
11  57.0  773
12  56.333333333333336  892
13  48.666666666666664  958
14  75.0  520
15  49.0  791
16  26.666666666666668  939
17  75.0  343
18  58.333333333333336  617
19  64.333333333333329  590
20  76.333333333333329  315
0  14.666666666666666  1281
1  17.666666666666668  1218
2  12.333333333333334  1533
3  23.333333333333332  929
4  44.333333333333336  1237
5  29.333333333333332  955
6  26.666666666666668  915
7  31.0  1060
8  29.0  1247
9  20.333333333333332  944
10  21.666666666666668  1421
11  58.333333333333336  469
12  64.333333333333329  541
13  41.0  887
14  33.0  908
15  53.0  907
16  53.0  703
17  77.0  277
18  62.333333333333336  569
19  57.666666666666664  574
20  51.666666666666664  724
0  29.0  1270
1  18.0  1440
2  14.0  1255
3  25.333333333333332  1376
4  28.666666666666668  1131
5  19.666666666666668  944
6  33.666666666666664  1129
7  22.333333333333332  819
8  60.666666666666664  661
9  42.666666666666664  1132
10  72.333333333333329  480
11  63.666666666666664  852
12  43.666666666666664  882
13  54.0  755
14  56.0  463
15  68.666666666666671  631
16  46.333333333333336  956
17  41.0  1095
18  67.666666666666671  531
19  61.333333333333336  513
20  71.0  651
0  11.333333333333334  1151
1  13.333333333333334  1355
2  21.0  1246
3  19.333333333333332  1381
4  21.333333333333332  1277
5  40.333333333333336  890
6  26.666666666666668  1314
7  23.333333333333332  900
8  34.666666666666664  920
9  40.666666666666664  805
10  50.333333333333336  914
11  82.333333333333329  282
12  70.0  540
13  38.333333333333336  1113
14  29.0  896
15  41.0  1082
16  55.0  669
17  73.0  348
18  66.666666666666671  574
19  66.0  504
20  92.0  170
0  20.333333333333332  968
1  25.333333333333332  1323
2  17.0  1550
3  27.333333333333332  1422
4  39.333333333333336  943
5  43.333333333333336  1047
6  32.333333333333336  1159
7  68.333333333333329  522
8  48.333333333333336  962
9  43.666666666666664  940
10  50.0  780
11  31.0  1063
12  48.666666666666664  746
13  76.0  446
14  59.333333333333336  666
15  59.666666666666664  609
16  50.333333333333336  749
17  95.333333333333329  55
18  56.333333333333336  583
19  67.0  431
20  77.666666666666671  272
0  15.666666666666666  1338
1  12.666666666666666  1408
2  17.333333333333332  1305
3  15.666666666666666  1320
4  9.6666666666666661  1260
5  15.666666666666666  1174
6  46.333333333333336  927
7  39.0  831
8  42.666666666666664  1033
9  37.333333333333336  993
10  48.333333333333336  939
11  41.666666666666664  835
12  44.0  1152
13  66.666666666666671  479
14  68.333333333333329  604
15  64.333333333333329  342
16  39.333333333333336  1005
17  52.333333333333336  923
18  42.666666666666664  728
19  65.0  420
20  83.666666666666671  279
0  19.333333333333332  1348
1  17.333333333333332  1550
2  6.0  1408
3  24.333333333333332  1575
4  41.0  1237
5  51.666666666666664  720
6  29.333333333333332  1442
7  62.0  547
8  41.333333333333336  899
9  60.0  587
10  29.333333333333332  1073
11  50.333333333333336  567
12  57.0  548
13  48.333333333333336  705
14  37.666666666666664  903
15  62.333333333333336  472
16  53.333333333333336  887
17  76.0  244
18  46.666666666666664  881
19  82.666666666666671  219
20  55.666666666666664  906
0  26.0  1387
1  7.666666666666667  1632
2  20.0  1333
3  21.666666666666668  1407
4  22.666666666666668  1283
5  42.0  1185
6  37.333333333333336  1011
7  50.0  1011
8  43.333333333333336  953
9  61.666666666666664  711
10  49.0  675
11  65.333333333333329  705
12  40.333333333333336  843
13  36.666666666666664  831
14  33.333333333333336  810
15  33.666666666666664  1271
16  70.333333333333329  633
17  74.333333333333329  483
18  74.333333333333329  320
19  44.333333333333336  942
20  67.0  445
0  19.666666666666668  1293
1  23.0  1425
2  24.0  1234
3  13.0  1161
4  19.333333333333332  1721
5  26.0  1087
6  32.333333333333336  1072
7  32.333333333333336  1235
8  50.0  665
9  59.0  667
10  29.333333333333332  770
11  31.333333333333332  916
12  48.666666666666664  819
13  41.333333333333336  705
14  72.666666666666671  298
15  67.333333333333329  467
16  82.333333333333329  415
17  43.333333333333336  1018
18  42.666666666666664  791
19  57.333333333333336  509
20  64.333333333333329  439
0  26.0  1473
1  26.0  1113
2  18.333333333333332  1341
3  16.666666666666668  1063
4  46.333333333333336  901
5  18.666666666666668  974
6  30.0  969
7  48.666666666666664  905
8  44.333333333333336  828
9  85.666666666666671  294
10  46.0  720
11  71.666666666666671  497
12  46.333333333333336  794
13  42.0  723
14  87.0  230
15  54.0  717
16  53.333333333333336  815
17  73.0  534
18  51.333333333333336  840
19  54.666666666666664  673
20  91.666666666666671  111
0  19.0  1388
1  25.0  1476
2  30.0  1122
3  27.0  1194
4  27.333333333333332  978
5  33.0  1084
6  31.333333333333332  788
7  30.333333333333332  1252
8  42.333333333333336  1125
9  56.666666666666664  902
10  58.333333333333336  648
11  66.333333333333329  442
12  67.0  590
13  82.0  218
14  52.333333333333336  738
15  35.0  781
16  52.666666666666664  773
17  52.333333333333336  883
18  86.333333333333329  235
19  48.666666666666664  933
20  69.666666666666671  628
0  9.6666666666666661  1439
1  16.666666666666668  1049
2  8.6666666666666661  1507
3  23.666666666666668  1470
4  22.333333333333332  1099
5  43.333333333333336  927
6  57.0  762
7  45.0  918
8  40.333333333333336  1116
9  39.0  734
10  33.0  1034
11  41.666666666666664  913
12  58.333333333333336  781
13  74.0  427
14  47.666666666666664  797
15  77.0  196
16  44.0  929
17  49.0  634
18  49.666666666666664  770
19  69.0  678
20  65.666666666666671  661
0  14.0  1572
1  20.333333333333332  1475
2  21.0  965
3  71.666666666666671  462
4  48.666666666666664  1172
5  32.0  1146
6  45.0  1189
7  44.333333333333336  865
8  44.0  972
9  29.666666666666668  1068
10  31.333333333333332  1220
11  42.0  776
12  87.666666666666671  77
13  39.333333333333336  1103
14  80.666666666666671  316
15  21.333333333333332  736
16  80.0  341
17  63.0  487
18  60.333333333333336  630
19  54.666666666666664  733
20  70.666666666666671  548
0  10.333333333333334  1708
1  20.0  1542
2  24.333333333333332  1395
3  18.666666666666668  1882
4  37.0  1291
5  36.666666666666664  1348
6  30.0  1103
7  22.333333333333332  1108
8  33.0  977
9  62.666666666666664  697
10  19.0  1589
11  43.0  856
12  49.0  1084
13  31.0  1014
14  50.0  756
15  34.333333333333336  870
16  34.666666666666664  904
17  61.666666666666664  756
18  78.0  528
19  59.0  698
20  58.333333333333336  682
0  12.0  1947
1  10.666666666666666  1118
2  9.6666666666666661  1549
3  42.666666666666664  1013
4  18.666666666666668  944
5  38.0  1060
6  16.333333333333332  1039
7  32.666666666666664  1094
8  32.333333333333336  1193
9  41.666666666666664  987
10  50.666666666666664  913
11  51.333333333333336  788
12  51.333333333333336  1115
13  56.666666666666664  628
14  29.0  1031
15  85.333333333333329  272
16  57.333333333333336  677
17  73.0  502
18  66.666666666666671  469
19  77.666666666666671  430
20  87.666666666666671  189
0  20.666666666666668  1768
1  21.0  1460
2  30.666666666666668  1307
3  19.0  1668
4  22.666666666666668  1812
5  40.333333333333336  1086
6  56.0  892
7  63.666666666666664  842
8  35.0  1080
9  41.0  870
10  27.666666666666668  868
11  53.0  458
12  42.333333333333336  981
13  58.333333333333336  749
14  56.666666666666664  777
15  76.333333333333329  406
16  52.666666666666664  702
17  59.333333333333336  359
18  76.0  310
19  80.0  410
20  70.333333333333329  432
0  17.666666666666668  1387
1  10.0  872
2  12.666666666666666  1671
3  7.0  1320
4  23.0  1522
5  41.333333333333336  1002
6  35.333333333333336  1093
7  50.333333333333336  755
8  33.666666666666664  832
9  59.333333333333336  820
10  54.333333333333336  467
11  41.666666666666664  938
12  70.333333333333329  644
13  31.0  1104
14  34.666666666666664  896
15  53.0  657
16  94.666666666666671  86
17  50.666666666666664  816
18  85.666666666666671  190
19  56.666666666666664  606
20  60.666666666666664  755
0  18.666666666666668  1548
1  16.333333333333332  1648
2  16.333333333333332  1390
3  15.0  1510
4  25.333333333333332  1351
5  43.0  1037
6  29.333333333333332  1337
7  36.333333333333336  1245
8  43.333333333333336  1246
9  68.666666666666671  676
10  54.666666666666664  1133
11  46.666666666666664  806
12  37.666666666666664  803
13  71.333333333333329  438
14  93.0  96
15  54.333333333333336  898
16  75.333333333333329  360
17  81.666666666666671  351
18  87.333333333333329  180
19  78.666666666666671  292
20  83.0  243
0  14.0  1681
1  28.0  1450
2  17.666666666666668  1952
3  29.333333333333332  1204
4  25.333333333333332  1211
5  27.0  1215
6  85.0  157
7  31.666666666666668  1531
8  56.0  843
9  14.333333333333334  1244
10  29.333333333333332  1293
11  29.666666666666668  1004
12  41.666666666666664  1258
13  48.0  639
14  70.666666666666671  583
15  80.666666666666671  168
16  58.333333333333336  482
17  65.666666666666671  435
18  65.666666666666671  770
19  80.0  251
20  64.0  528
0  12.666666666666666  1338
1  7.666666666666667  1670
2  12.333333333333334  2034
3  30.333333333333332  1219
4  16.666666666666668  1050
5  26.666666666666668  977
6  21.0  1339
7  24.0  694
8  48.333333333333336  921
9  32.0  1512
10  48.0  840
11  63.333333333333336  538
12  64.0  663
13  55.666666666666664  705
14  65.333333333333329  744
15  50.333333333333336  895
16  61.333333333333336  791
17  58.666666666666664  612
18  46.666666666666664  912
19  76.666666666666671  234
20  56.666666666666664  496
0  9.0  1522
1  22.333333333333332  1479
2  32.666666666666664  1492
3  31.666666666666668  834
4  12.0  1405
5  42.333333333333336  1181
6  40.333333333333336  1140
7  41.666666666666664  757
8  37.333333333333336  1029
9  29.333333333333332  1370
10  39.0  1228
11  92.333333333333329  170
12  42.333333333333336  754
13  54.333333333333336  911
14  46.0  789
15  78.0  477
16  82.666666666666671  489
17  94.333333333333329  139
18  55.333333333333336  643
19  73.666666666666671  284
20  73.333333333333329  519
0  19.666666666666668  1393
1  16.0  1391
2  25.666666666666668  1422
3  24.666666666666668  1084
4  28.666666666666668  1527
5  74.666666666666671  276
6  33.333333333333336  1338
7  50.0  1208
8  39.0  1307
9  46.666666666666664  908
10  45.666666666666664  1202
11  49.666666666666664  764
12  39.0  898
13  50.666666666666664  816
14  38.333333333333336  899
15  52.333333333333336  693
16  45.0  1065
17  76.0  421
18  62.666666666666664  747
19  81.666666666666671  313
20  71.0  607
0  0.0  935
1  10.0  1481
2  32.666666666666664  1353
3  14.333333333333334  1322
4  19.666666666666668  1376
5  19.0  1291
6  64.666666666666671  499
7  60.0  518
8  26.333333333333332  954
9  32.333333333333336  1088
10  56.333333333333336  626
11  58.333333333333336  711
12  36.333333333333336  1368
13  77.0  456
14  45.333333333333336  651
15  49.666666666666664  856
16  63.0  577
17  58.333333333333336  660
18  69.0  538
19  35.0  995
20  77.333333333333329  315
0  4.666666666666667  1056
1  14.0  1325
2  19.0  1286
3  27.666666666666668  1132
4  21.0  979
5  60.333333333333336  735
6  62.666666666666664  710
7  25.333333333333332  1108
8  40.0  1109
9  46.0  857
10  39.666666666666664  1343
11  56.666666666666664  725
12  43.666666666666664  807
13  50.666666666666664  758
14  72.666666666666671  428
15  73.666666666666671  451
16  34.0  831
17  63.666666666666664  581
18  70.666666666666671  504
19  73.333333333333329  385
20  60.333333333333336  616
0  17.666666666666668  1168
1  20.0  1405
2  16.666666666666668  1680
3  18.0  1173
4  31.333333333333332  1204
5  17.0  1348
6  39.333333333333336  1059
7  19.666666666666668  1073
8  62.666666666666664  572
9  42.666666666666664  1120
10  59.0  798
11  44.333333333333336  859
12  56.333333333333336  658
13  65.0  514
14  52.333333333333336  540
15  69.333333333333329  490
16  73.0  434
17  76.333333333333329  479
18  52.0  827
19  58.0  513
20  67.666666666666671  451
0  12.666666666666666  1561
1  22.0  1280
2  17.0  1547
3  16.333333333333332  1450
4  9.0  1264
5  14.666666666666666  1404
6  27.666666666666668  1170
7  45.666666666666664  841
8  37.333333333333336  695
9  62.0  692
10  59.666666666666664  713
11  58.0  862
12  66.0  749
13  53.666666666666664  723
14  70.666666666666671  563
15  44.0  882
16  63.0  522
17  94.333333333333329  126
18  49.666666666666664  744
19  67.0  528
20  74.666666666666671  483
0  3.0  1266
1  22.0  1463
2  17.333333333333332  1534
3  30.666666666666668  1443
4  31.0  1133
5  33.0  1241
6  25.0  1173
7  49.666666666666664  945
8  47.0  1029
9  77.0  520
10  35.333333333333336  1316
11  51.333333333333336  586
12  31.666666666666668  1069
13  43.333333333333336  854
14  84.333333333333329  242
15  58.333333333333336  452
16  42.333333333333336  806
17  76.0  322
18  52.0  727
19  76.666666666666671  364
20  57.333333333333336  870
0  10.666666666666666  1454
1  22.0  1754
2  28.666666666666668  1141
3  22.0  1114
4  30.333333333333332  1546
5  35.666666666666664  858
6  65.0  748
7  32.333333333333336  1385
8  33.666666666666664  994
9  50.666666666666664  1106
10  50.0  755
11  66.333333333333329  684
12  47.666666666666664  885
13  52.0  905
14  28.666666666666668  891
15  49.333333333333336  984
16  57.0  592
17  76.333333333333329  398
18  57.333333333333336  876
19  52.666666666666664  948
20  79.0  328
0  19.333333333333332  1419
1  24.333333333333332  1450
2  13.0  1180
3  28.0  1145
4  38.333333333333336  569
5  18.666666666666668  1227
6  82.0  256
7  46.666666666666664  1163
8  32.333333333333336  1265
9  24.333333333333332  1534
10  59.0  880
11  88.333333333333329  363
12  50.333333333333336  682
13  25.0  1197
14  73.0  365
15  44.333333333333336  807
17  30.0  1134
18  78.333333333333329  309
19  61.0  506
20  68.666666666666671  442
0  20.0  1343
1  33.333333333333336  1475
2  24.333333333333332  1749
3  20.0  1634
4  25.0  1302
5  54.666666666666664  701
6  20.0  1290
7  16.0  844
8  34.0  1104
9  52.0  678
10  41.0  693
11  52.0  709
12  40.0  1301
13  66.666666666666671  454
14  60.666666666666664  612
15  48.666666666666664  902
16  91.333333333333329  154
17  60.333333333333336  665
18  56.666666666666664  751
19  64.333333333333329  575
20  61.333333333333336  724
0  17.0  1259
1  21.666666666666668  1579
2  31.333333333333332  933
3  19.666666666666668  1758
4  19.0  1259
5  45.0  971
6  21.0  1262
7  37.333333333333336  903
8  69.666666666666671  587
9  30.333333333333332  793
10  64.666666666666671  400
11  40.0  973
12  60.666666666666664  536
13  61.0  791
14  39.0  918
15  65.0  670
16  65.666666666666671  583
17  87.333333333333329  288
18  76.666666666666671  403
19  92.0  156
20  46.0  968
0  12.333333333333334  1301
1  13.666666666666666  1548
2  29.0  1844
3  26.666666666666668  1167
4  42.666666666666664  804
5  34.666666666666664  1166
6  84.0  343
7  35.666666666666664  1149
8  36.333333333333336  1103
9  32.0  998
10  20.333333333333332  842
11  41.0  690
12  46.666666666666664  899
13  51.333333333333336  659
14  62.0  690
15  83.666666666666671  112
16  60.0  372
17  69.333333333333329  517
18  35.666666666666664  911
19  60.333333333333336  283
20  66.333333333333329  426
0  14.333333333333334  1645
1  20.666666666666668  1246
2  24.666666666666668  1120
3  16.333333333333332  1091
4  18.0  1335
5  9.3333333333333339  1297
6  27.666666666666668  1561
7  37.0  952
8  19.0  1198
9  29.333333333333332  1281
10  42.333333333333336  1016
11  59.666666666666664  368
12  50.333333333333336  767
13  38.666666666666664  698
14  45.333333333333336  831
15  80.0  420
16  21.333333333333332  974
17  91.333333333333329  115
18  35.333333333333336  1241
19  54.333333333333336  520
20  57.666666666666664  678
0  8.6666666666666661  1202
1  19.666666666666668  1214
2  24.666666666666668  1627
3  25.0  1492
4  44.333333333333336  1406
5  27.0  1307
6  32.0  1619
7  24.333333333333332  1018
8  73.666666666666671  773
9  21.0  844
10  71.333333333333329  716
11  54.0  877
12  31.0  1140
13  55.333333333333336  660
14  52.333333333333336  768
15  56.666666666666664  688
16  58.666666666666664  668
17  72.333333333333329  322
18  74.666666666666671  449
19  86.333333333333329  229
20  62.666666666666664  513
0  21.666666666666668  1440
1  23.0  1909
2  16.0  1727
3  35.0  1212
4  28.333333333333332  1534
5  30.333333333333332  1741
6  29.333333333333332  1024
7  42.333333333333336  968
8  45.333333333333336  764
9  30.333333333333332  1309
10  32.0  1119
11  60.333333333333336  951
12  65.0  411
13  67.0  516
14  44.0  560
15  39.0  954
16  86.666666666666671  100
17  50.666666666666664  905
18  68.333333333333329  525
19  55.666666666666664  796
20  54.0  649
0  23.333333333333332  1159
1  20.666666666666668  1421
2  13.333333333333334  1255
3  31.0  1012
4  35.666666666666664  880
5  36.0  986
6  38.0  843
7  23.333333333333332  1237
8  51.333333333333336  967
9  38.333333333333336  820
10  39.333333333333336  858
11  55.666666666666664  820
12  29.333333333333332  993
13  56.666666666666664  669
14  61.333333333333336  736
15  64.0  597
16  56.0  613
17  38.333333333333336  847
18  74.666666666666671  491
19  56.666666666666664  685
20  91.333333333333329  129
0  11.666666666666666  1381
1  11.333333333333334  1487
2  24.333333333333332  1614
3  13.333333333333334  1734
4  39.0  1219
5  32.0  815
6  32.666666666666664  942
7  71.333333333333329  357
8  36.333333333333336  785
9  34.0  1318
10  67.0  195
11  63.666666666666664  612
12  32.666666666666664  1120
13  85.0  310
14  46.666666666666664  851
15  41.0  781
16  80.333333333333329  490
17  39.666666666666664  1054
18  53.666666666666664  606
19  91.0  137
20  27.333333333333332  1049
0  12.0  1624
1  10.666666666666666  998
2  20.333333333333332  1420
3  27.333333333333332  1329
4  38.0  980
5  57.333333333333336  819
6  48.333333333333336  799
7  23.0  949
8  45.0  858
9  38.0  1210
10  61.666666666666664  712
11  43.333333333333336  694
12  68.333333333333329  450
13  53.333333333333336  818
14  70.333333333333329  557
15  58.0  704
16  50.0  1009
17  71.0  310
18  79.666666666666671  474
19  48.0  634
20  95.333333333333329  129
0  14.666666666666666  1480
1  8.6666666666666661  1249
2  26.666666666666668  1634
3  10.666666666666666  1202
4  17.333333333333332  1020
5  17.666666666666668  1227
6  19.666666666666668  1512
7  28.0  1523
8  21.666666666666668  995
9  82.0  445
10  22.666666666666668  1414
11  53.333333333333336  745
12  89.333333333333329  132
13  66.666666666666671  747
14  82.666666666666671  308
15  59.0  605
16  72.666666666666671  407
17  57.333333333333336  537
18  52.0  840
19  62.0  605
20  57.0  833
0  12.333333333333334  1240
1  20.333333333333332  1379
2  21.333333333333332  1180
3  22.0  1255
4  17.666666666666668  1407
5  14.333333333333334  1292
6  30.333333333333332  1057
7  41.666666666666664  1012
8  24.666666666666668  1043
9  54.666666666666664  937
10  46.0  866
11  58.0  821
12  34.666666666666664  737
13  58.0  709
14  68.0  637
15  53.666666666666664  659
16  51.666666666666664  790
17  54.0  975
18  69.333333333333329  575
19  83.0  352
20  46.0  609
0  24.333333333333332  1417
1  21.666666666666668  1208
2  20.333333333333332  1394
3  11.666666666666666  1207
4  41.0  1039
5  38.0  1375
6  44.333333333333336  1187
7  26.0  1029
8  60.0  842
9  37.333333333333336  787
10  55.0  821
11  62.333333333333336  756
12  52.333333333333336  813
13  73.666666666666671  382
14  81.0  349
15  67.666666666666671  827
16  39.0  629
17  66.333333333333329  745
18  60.0  617
19  63.333333333333336  493
20  82.666666666666671  286
0  11.333333333333334  1387
1  11.666666666666666  1211
2  28.333333333333332  1360
3  24.333333333333332  1446
4  40.0  1150
5  32.333333333333336  1094
6  58.666666666666664  522
7  33.666666666666664  1192
8  41.333333333333336  798
9  33.666666666666664  1064
10  47.333333333333336  576
11  53.0  734
12  45.0  1051
13  36.333333333333336  941
14  48.666666666666664  617
15  66.0  632
16  72.333333333333329  249
17  65.0  562
18  59.666666666666664  582
19  73.0  348
20  53.666666666666664  637
0  26.0  1232
1  16.0  1423
2  29.0  1124
3  26.0  1135
4  17.333333333333332  1021
5  17.0  1398
6  22.0  1009
7  40.666666666666664  918
8  48.0  950
9  30.333333333333332  1019
10  55.666666666666664  670
11  51.0  394
12  28.666666666666668  996
13  39.0  972
14  44.666666666666664  918
15  60.333333333333336  813
16  53.0  549
17  64.333333333333329  499
18  54.333333333333336  738
19  86.333333333333329  280
20  54.333333333333336  749
0  22.0  1246
1  9.0  1885
2  21.333333333333332  1867
3  32.666666666666664  1281
4  48.333333333333336  961
5  26.0  1343
6  38.333333333333336  1216
7  39.0  965
8  70.0  567
9  44.0  666
10  26.666666666666668  1234
11  79.666666666666671  341
12  53.666666666666664  859
13  51.0  607
14  66.333333333333329  436
15  57.333333333333336  744
16  85.0  341
17  73.666666666666671  191
18  39.666666666666664  996
19  51.666666666666664  814
20  64.0  785
0  9.0  1423
1  22.666666666666668  1169
2  9.0  1336
3  47.0  730
4  52.333333333333336  817
5  22.0  1441
6  37.333333333333336  968
7  58.0  643
8  50.0  770
9  35.666666666666664  961
10  40.333333333333336  1355
11  29.333333333333332  1170
12  72.333333333333329  503
13  61.666666666666664  423
14  42.0  696
15  68.0  815
16  38.666666666666664  1100
17  82.0  238
18  40.333333333333336  972
19  53.666666666666664  718
20  65.333333333333329  540
0  10.666666666666666  993
1  24.0  1164
2  9.6666666666666661  1416
3  24.333333333333332  1408
4  24.0  1335
5  47.0  764
6  45.0  1064
7  43.666666666666664  671
8  28.333333333333332  1331
9  32.666666666666664  1148
10  57.0  572
11  60.0  812
12  38.666666666666664  1101
13  71.0  622
14  43.0  714
15  57.0  780
16  42.0  999
17  89.333333333333329  187
18  49.333333333333336  685
19  45.333333333333336  620
20  52.333333333333336  632
0  13.666666666666666  1316
1  17.333333333333332  1630
2  33.333333333333336  781
3  13.666666666666666  973
4  28.666666666666668  1508
5  12.666666666666666  1508
6  48.0  922
7  34.0  962
8  40.333333333333336  808
9  62.0  638
10  21.666666666666668  1339
11  65.666666666666671  530
12  70.666666666666671  517
13  55.666666666666664  531
14  46.0  494
15  69.666666666666671  544
16  64.666666666666671  260
17  76.666666666666671  245
18  49.333333333333336  934
19  45.666666666666664  825
20  63.666666666666664  466
0  22.0  1441
1  10.666666666666666  1000
2  23.0  1471
3  25.0  1265
4  31.0  1070
5  49.666666666666664  1217
6  29.0  1366
7  20.333333333333332  1030
8  32.666666666666664  1243
9  47.0  886
10  39.333333333333336  1176
11  74.0  381
12  43.666666666666664  725
13  71.0  528
14  66.333333333333329  371
15  81.0  280
16  26.666666666666668  759
17  71.666666666666671  685
18  56.666666666666664  571
19  69.0  605
20  45.333333333333336  771
0  10.0  1728
1  19.333333333333332  1341
2  32.333333333333336  1237
3  24.333333333333332  1215
4  31.333333333333332  934
5  25.0  1394
6  31.0  1066
7  49.666666666666664  444
8  42.333333333333336  782
9  35.666666666666664  977
10  63.666666666666664  671
11  42.0  989
12  79.333333333333329  351
13  38.666666666666664  829
14  74.333333333333329  451
15  51.333333333333336  843
16  51.333333333333336  431
17  46.333333333333336  997
18  65.333333333333329  709
19  63.666666666666664  723
20  41.0  714
0  29.666666666666668  1354
1  32.666666666666664  1567
2  25.333333333333332  1158
3  11.666666666666666  1698
4  32.333333333333336  1330
5  46.0  768
6  33.333333333333336  1119
7  57.0  821
8  35.333333333333336  1192
9  45.666666666666664  911
10  30.666666666666668  1150
11  34.666666666666664  1009
12  52.666666666666664  435
13  63.333333333333336  626
14  76.666666666666671  368
15  78.666666666666671  363
16  86.333333333333329  290
17  42.666666666666664  880
18  35.333333333333336  1064
19  65.666666666666671  597
20  48.666666666666664  610
0  13.0  1501
1  20.0  1326
2  20.333333333333332  1111
3  13.666666666666666  1382
4  17.0  1240
5  17.666666666666668  1437
6  59.666666666666664  621
7  30.666666666666668  1320
8  32.0  1005
9  26.666666666666668  1347
10  80.333333333333329  361
11  55.0  762
12  21.666666666666668  1240
13  70.333333333333329  688
14  34.0  1004
15  63.666666666666664  694
16  53.666666666666664  589
17  55.0  702
18  84.0  260
19  54.666666666666664  469
20  64.0  508
0  20.666666666666668  1354
1  29.0  1541
2  15.0  1471
3  18.666666666666668  1779
4  29.333333333333332  1662
5  44.333333333333336  1054
6  24.666666666666668  918
7  28.666666666666668  1193
8  42.0  962
9  50.333333333333336  931
10  51.666666666666664  939
11  35.333333333333336  877
12  38.666666666666664  703
13  83.333333333333329  376
14  76.333333333333329  384
15  90.0  141
16  49.333333333333336  872
17  53.0  676
18  88.666666666666671  190
19  54.666666666666664  778
20  81.666666666666671  289
0  15.666666666666666  1505
1  31.0  1403
2  20.333333333333332  1478
3  19.333333333333332  1478
4  6.666666666666667  1421
5  31.0  1081
6  35.333333333333336  1074
7  30.333333333333332  1254
8  22.666666666666668  2017
9  57.666666666666664  711
10  45.0  1055
11  65.666666666666671  610
12  37.666666666666664  933
13  56.666666666666664  872
14  25.0  1175
15  55.0  692
16  82.666666666666671  325
17  43.0  752
18  39.0  1066
19  81.0  395
20  52.666666666666664  710
0  12.0  1614
1  13.333333333333334  1707
2  16.0  1437
3  38.333333333333336  996
4  18.0  1397
5  31.0  1193
6  42.0  923
7  36.0  1114
8  34.0  1198
9  44.666666666666664  737
10  59.0  318
11  58.0  938
12  53.333333333333336  570
13  48.0  677
14  47.333333333333336  1052
15  56.666666666666664  611
16  84.0  204
17  70.0  418
18  64.333333333333329  435
19  79.666666666666671  329
20  54.0  583
0  4.666666666666667  1104
1  18.666666666666668  1067
2  24.0  1064
3  14.0  1386
4  30.666666666666668  940
5  33.666666666666664  914
6  19.0  1063
7  57.333333333333336  557
8  41.0  767
9  33.666666666666664  1154
10  59.333333333333336  641
11  74.333333333333329  344
12  70.333333333333329  509
13  41.666666666666664  938
14  50.333333333333336  800
15  66.0  429
16  50.666666666666664  691
17  90.0  190
18  82.666666666666671  267
19  79.333333333333329  265
20  53.333333333333336  826
0  20.666666666666668  1304
1  16.333333333333332  1594
2  8.0  1058
3  30.666666666666668  1191
4  7.333333333333333  1424
5  21.666666666666668  1302
6  20.333333333333332  1401
7  33.666666666666664  935
8  47.666666666666664  754
9  37.0  942
10  57.333333333333336  960
11  64.333333333333329  559
12  74.0  284
13  55.666666666666664  687
14  89.333333333333329  109
15  52.0  677
16  54.0  902
17  84.666666666666671  355
18  61.333333333333336  838
19  82.0  328
20  62.0  519
