1  22.0  449.0
1  33.0  381.0
1  50.0  349.0
1  90.0  234.0
1  56.0  452.0
1  73.0  327.0
1  38.0  509.0
1  47.0  394.0
1  73.0  437.0
1  13.0  477.0
1  49.0  602.0
1  78.0  324.0
1  55.0  409.0
1  36.0  423.0
1  0.0  610.0
1  31.0  359.0
1  50.0  517.0
1  76.0  346.0
1  42.0  414.0
1  88.0  264.0
2  46.0  501.0
2  49.0  328.0
2  59.0  408.0
2  66.0  378.0
2  60.0  398.0
2  27.0  360.0
2  76.0  282.0
2  65.0  402.0
2  2.0  934.0
2  66.0  336.0
2  69.0  393.0
2  59.0  360.0
2  66.0  283.0
2  38.0  518.0
2  54.0  471.0
2  53.0  468.0
2  38.0  426.0
2  61.0  233.0
2  52.0  379.0
2  39.0  518.0
3  48.0  297.0
3  52.0  399.0
3  24.0  345.0
3  23.0  300.0
3  64.0  379.0
3  46.0  252.0
3  53.0  315.0
3  13.0  386.0
3  64.0  345.0
3  27.0  424.0
3  46.0  395.0
3  85.0  310.0
3  48.0  306.0
3  43.0  428.0
3  40.0  254.0
3  0.0  222.0
3  19.0  199.0
3  100.0  200.0
3  27.0  232.0
3  73.0  342.0
4  59.0  296.0
4  34.0  620.0
4  53.0  272.0
4  35.0  369.0
4  55.0  343.0
4  82.0  299.0
4  75.0  296.0
4  60.0  333.0
4  62.0  201.0
4  25.0  348.0
4  59.0  247.0
4  85.0  296.0
4  31.0  302.0
4  47.0  274.0
4  76.0  337.0
4  19.0  379.0
4  43.0  420.0
4  54.0  324.0
4  20.0  372.0
4  20.0  214.0
5  51.0  362.0
5  69.0  389.0
5  42.0  371.0
5  8.0  188.0
5  100.0  200.0
5  77.0  249.0
5  37.0  399.0
5  48.0  240.0
5  46.0  526.0
5  41.0  360.0
5  39.0  407.0
5  28.0  541.0
5  51.0  379.0
5  4.0  705.0
5  6.0  484.0
5  24.0  233.0
5  35.0  373.0
5  43.0  429.0
5  44.0  282.0
5  46.0  263.0
