1  63.0  305
2  75.0  178
3  86.0  154
4  74.0  332
5  88.0  106
6  45.0  444
7  36.0  396
1  97.0  31
2  89.0  75
3  51.0  281
4  84.0  204
5  36.0  279
6  27.0  208
7  75.0  317
1  97.0  23
2  24.0  436
3  96.0  134
4  57.0  269
5  47.0  307
6  45.0  519
7  54.0  351
1  85.0  144
2  59.0  254
3  71.0  267
4  54.0  339
5  40.0  494
6  66.0  176
7  46.0  278
1  96.0  66
2  68.0  130
3  60.0  292
4  83.0  175
5  88.0  76
6  34.0  355
7  97.0  225
1  91.0  97
2  85.0  165
3  64.0  321
4  62.0  151
5  92.0  105
6  30.0  311
7  51.0  372
1  97.0  62
2  85.0  170
3  87.0  167
4  88.0  120
5  80.0  162
6  46.0  351
7  34.0  263
1  44.0  398
2  58.0  274
3  44.0  213
4  61.0  245
5  32.0  430
6  89.0  123
7  43.0  473
1  0.0  475
2  70.0  177
3  69.0  181
4  58.0  228
5  59.0  424
6  33.0  300
7  84.0  155
1  97.0  46
2  64.0  382
3  75.0  228
4  96.0  51
5  33.0  367
6  66.0  367
7  44.0  355
1  95.0  119
2  92.0  79
3  92.0  129
4  67.0  230
5  60.0  370
6  18.0  242
7  40.0  477
1  94.0  67
2  93.0  117
3  61.0  417
4  73.0  191
5  34.0  344
6  33.0  333
7  48.0  407
1  72.0  207
2  74.0  246
3  70.0  215
4  69.0  206
5  63.0  361
6  16.0  586
7  20.0  447
1  97.0  33
2  43.0  261
3  66.0  345
4  74.0  166
5  36.0  347
6  57.0  396
7  63.0  228
1  97.0  76
2  57.0  372
3  97.0  56
4  58.0  343
5  70.0  333
6  40.0  247
7  62.0  342
1  34.0  298
2  58.0  358
3  88.0  161
4  46.0  362
5  19.0  210
6  54.0  401
7  64.0  373
1  92.0  95
2  81.0  205
3  61.0  247
4  87.0  49
5  69.0  306
6  45.0  378
7  53.0  278
1  87.0  135
2  57.0  287
3  77.0  328
4  72.0  237
5  85.0  64
6  97.0  45
7  43.0  423
1  95.0  54
2  29.0  238
3  57.0  459
4  67.0  351
5  66.0  242
6  49.0  358
7  23.0  209
1  58.0  85
2  89.0  105
3  71.0  286
4  61.0  145
5  34.0  327
6  65.0  344
7  50.0  272
1  70.0  83
2  51.0  340
3  85.0  140
4  47.0  251
5  43.0  357
6  52.0  424
7  33.0  385
1  81.0  159
2  92.0  200
3  73.0  340
4  38.0  150
5  67.0  258
6  40.0  467
7  47.0  411
1  80.0  23
2  58.0  359
3  17.0  318
4  68.0  247
5  45.0  378
6  62.0  331
7  73.0  155
1  62.0  257
2  87.0  133
3  87.0  160
4  75.0  322
5  48.0  355
6  89.0  197
7  68.0  383
1  97.0  206
2  38.0  553
3  47.0  210
4  41.0  303
5  69.0  307
6  48.0  296
7  84.0  147
1  49.0  179
2  79.0  191
3  86.0  248
4  54.0  414
5  65.0  325
6  56.0  224
7  69.0  283
1  59.0  300
2  81.0  187
3  66.0  291
4  57.0  216
5  47.0  248
6  60.0  210
7  44.0  459
1  49.0  252
2  94.0  93
3  60.0  315
4  69.0  280
5  39.0  364
6  35.0  387
7  68.0  386
1  89.0  129
2  51.0  263
3  70.0  186
4  73.0  248
5  52.0  253
6  54.0  349
7  89.0  148
1  59.0  317
2  92.0  161
3  80.0  63
4  79.0  190
5  73.0  317
6  9.0  370
7  21.0  513
1  72.0  150
2  72.0  282
3  73.0  257
4  43.0  411
5  39.0  354
6  52.0  178
7  38.0  469
1  36.0  335
2  73.0  216
3  62.0  249
4  68.0  313
5  67.0  289
6  34.0  336
7  49.0  300
1  97.0  63
2  74.0  225
3  49.0  288
4  82.0  172
5  83.0  247
6  79.0  300
7  69.0  260
1  97.0  49
2  54.0  278
3  77.0  299
4  66.0  351
5  47.0  235
6  45.0  404
7  57.0  313
1  96.0  71
2  86.0  88
3  93.0  19
4  46.0  268
5  64.0  214
6  73.0  248
7  18.0  270
1  97.0  28
2  86.0  159
3  94.0  151
4  75.0  290
5  67.0  211
6  31.0  526
7  54.0  326
1  92.0  123
2  88.0  117
3  76.0  236
4  50.0  253
5  71.0  276
6  84.0  164
7  50.0  333
1  85.0  284
2  28.0  335
3  87.0  136
4  56.0  185
5  48.0  379
6  38.0  353
7  82.0  185
1  84.0  241
2  94.0  89
3  48.0  265
4  63.0  201
5  65.0  156
6  46.0  277
7  50.0  225
1  57.0  129
2  33.0  318
3  56.0  247
4  72.0  130
5  77.0  193
6  68.0  249
7  84.0  130
1  83.0  202
2  85.0  122
3  20.0  493
4  42.0  344
5  74.0  156
6  38.0  294
7  59.0  360
1  96.0  25
2  76.0  206
3  79.0  276
4  28.0  293
5  41.0  321
6  35.0  384
7  37.0  349
1  71.0  278
2  15.0  528
3  80.0  155
4  79.0  120
5  87.0  74
6  60.0  99
7  58.0  185
1  95.0  30
2  17.0  432
3  91.0  90
4  85.0  112
5  71.0  279
6  33.0  383
7  42.0  398
1  93.0  111
2  59.0  281
3  48.0  184
4  51.0  366
5  56.0  282
6  60.0  241
7  59.0  359
1  97.0  30
2  88.0  158
3  35.0  362
4  31.0  501
5  62.0  374
6  89.0  124
7  40.0  382
1  78.0  266
2  50.0  473
3  97.0  50
4  93.0  188
5  40.0  291
6  34.0  435
7  79.0  177
1  93.0  50
2  56.0  445
3  17.0  164
4  97.0  101
5  78.0  264
6  77.0  206
7  61.0  251
1  30.0  415
2  75.0  54
3  75.0  197
4  45.0  245
5  33.0  399
6  48.0  444
7  87.0  149
1  95.0  37
2  66.0  403
3  65.0  250
4  97.0  63
5  48.0  312
6  33.0  272
7  50.0  384
1  89.0  76
2  72.0  192
3  58.0  271
4  79.0  267
5  44.0  356
6  71.0  209
7  56.0  425
1  60.0  378
2  92.0  113
3  80.0  196
4  59.0  276
5  21.0  275
6  20.0  394
7  13.0  469
1  91.0  56
2  72.0  57
3  65.0  310
4  71.0  327
5  78.0  218
6  50.0  478
7  42.0  379
1  80.0  119
2  70.0  193
3  85.0  228
4  48.0  316
5  85.0  106
6  29.0  491
7  41.0  365
1  70.0  166
2  87.0  147
3  71.0  266
4  49.0  488
5  60.0  405
6  59.0  456
7  35.0  331
1  97.0  113
2  80.0  142
3  72.0  306
4  97.0  15
5  48.0  427
6  35.0  277
7  83.0  142
1  35.0  309
2  64.0  219
3  58.0  342
4  47.0  220
5  32.0  296
6  41.0  333
7  49.0  194
1  58.0  109
2  76.0  249
3  65.0  254
4  63.0  326
5  79.0  169
6  76.0  242
7  25.0  460
1  97.0  91
2  33.0  215
3  92.0  110
4  61.0  388
5  90.0  136
6  22.0  375
7  97.0  12
1  85.0  37
2  81.0  123
3  85.0  99
4  40.0  434
5  61.0  355
6  85.0  164
7  23.0  274
1  95.0  5
2  84.0  315
3  56.0  414
4  63.0  355
5  50.0  380
6  81.0  225
7  61.0  312
1  12.0  366
2  39.0  167
3  89.0  265
4  97.0  75
5  47.0  278
6  58.0  232
7  38.0  400
1  77.0  86
2  81.0  154
3  86.0  111
4  57.0  310
5  62.0  204
6  68.0  321
7  35.0  232
1  92.0  150
2  73.0  286
3  64.0  303
4  54.0  343
5  46.0  446
6  37.0  197
7  49.0  387
1  97.0  28
2  78.0  110
3  87.0  106
4  43.0  306
5  37.0  436
6  48.0  339
7  34.0  487
1  97.0  27
2  70.0  94
3  63.0  357
4  58.0  199
5  56.0  338
6  84.0  203
7  28.0  252
1  93.0  58
2  65.0  290
3  78.0  186
4  29.0  527
5  74.0  182
6  72.0  326
7  50.0  300
1  64.0  400
2  23.0  321
3  70.0  237
4  47.0  266
5  60.0  320
6  34.0  481
7  48.0  411
1  93.0  87
2  75.0  134
3  79.0  223
4  97.0  66
5  42.0  399
6  44.0  435
7  43.0  456
1  50.0  158
2  82.0  190
3  81.0  320
4  50.0  319
5  75.0  306
6  44.0  374
7  38.0  326
1  86.0  104
2  97.0  42
3  58.0  318
4  51.0  279
5  61.0  279
6  59.0  287
7  53.0  178
1  74.0  195
2  93.0  56
3  32.0  340
4  58.0  219
5  25.0  396
6  66.0  337
7  58.0  257
1  96.0  43
2  60.0  387
3  39.0  185
4  69.0  352
5  54.0  426
6  21.0  393
7  36.0  380
1  91.0  120
2  77.0  230
3  44.0  424
4  76.0  184
5  30.0  329
6  54.0  390
7  68.0  332
1  11.0  199
2  63.0  342
3  67.0  318
4  36.0  279
5  69.0  344
6  53.0  328
7  51.0  329
1  92.0  77
2  65.0  346
3  70.0  148
4  43.0  377
5  84.0  217
6  55.0  381
7  32.0  318
1  81.0  126
2  64.0  314
3  53.0  203
4  24.0  370
5  90.0  144
6  67.0  331
7  29.0  549
1  60.0  282
2  48.0  441
3  27.0  232
4  70.0  313
5  37.0  403
6  43.0  244
7  56.0  328
1  82.0  187
2  20.0  340
3  73.0  207
4  42.0  322
5  76.0  188
6  87.0  109
7  50.0  390
1  89.0  117
2  79.0  179
3  51.0  231
4  78.0  180
5  52.0  237
6  38.0  413
7  65.0  328
1  60.0  205
2  78.0  110
3  91.0  159
4  42.0  418
5  66.0  361
6  54.0  378
7  85.0  237
1  92.0  110
2  75.0  285
3  35.0  277
4  94.0  56
5  56.0  329
6  44.0  419
7  37.0  472
1  55.0  330
2  10.0  241
3  46.0  424
4  73.0  204
5  67.0  387
6  62.0  248
7  67.0  194
1  93.0  74
2  69.0  279
3  87.0  125
4  49.0  285
5  33.0  432
6  27.0  144
7  19.0  424
1  97.0  31
2  58.0  192
3  68.0  279
4  64.0  292
5  78.0  180
6  52.0  391
7  55.0  496
1  69.0  409
2  95.0  91
3  68.0  215
4  83.0  270
5  0.0  238
6  45.0  396
7  57.0  370
1  39.0  204
2  96.0  117
3  50.0  235
4  76.0  93
5  41.0  462
6  62.0  359
7  60.0  283
1  57.0  244
2  36.0  580
3  77.0  171
4  78.0  331
5  57.0  428
6  90.0  170
7  59.0  424
1  20.0  192
2  42.0  423
3  73.0  210
4  49.0  350
5  97.0  43
6  42.0  446
7  21.0  376
1  51.0  303
2  37.0  165
3  48.0  231
4  73.0  240
5  71.0  249
6  76.0  56
7  59.0  319
1  88.0  131
2  78.0  256
3  86.0  146
4  64.0  367
5  59.0  275
6  58.0  340
7  58.0  450
1  70.0  89
2  90.0  146
3  63.0  307
4  49.0  393
5  27.0  360
6  72.0  358
7  31.0  263
1  68.0  277
2  72.0  322
3  91.0  166
4  41.0  478
5  80.0  111
6  50.0  433
7  76.0  157
1  24.0  357
2  94.0  112
3  72.0  253
4  61.0  249
5  70.0  342
6  97.0  69
7  63.0  307
1  85.0  113
2  76.0  286
3  75.0  224
4  78.0  287
5  43.0  210
6  65.0  354
7  68.0  348
1  94.0  81
2  35.0  285
3  90.0  127
4  77.0  118
5  83.0  179
6  29.0  365
7  28.0  429
1  84.0  201
2  84.0  177
3  79.0  217
4  77.0  229
5  43.0  391
6  54.0  365
7  33.0  403
1  38.0  296
2  58.0  290
3  91.0  70
4  60.0  285
5  61.0  258
6  62.0  264
7  38.0  316
1  97.0  58
2  74.0  117
3  61.0  277
4  90.0  134
5  66.0  343
6  70.0  323
7  32.0  484
1  91.0  65
2  86.0  241
3  57.0  310
4  77.0  200
5  77.0  297
6  54.0  307
7  60.0  354
