0  21.666666666666668  863
1  58.666666666666664  823
2  45.333333333333336  817
3  58.333333333333336  926
4  56.333333333333336  763
5  64.333333333333329  689
6  61.0  841
7  42.0  824
8  58.333333333333336  760
9  54.333333333333336  729
10  67.0  511
11  64.666666666666671  566
12  58.666666666666664  729
13  64.666666666666671  671
14  49.333333333333336  396
15  67.0  502
16  64.666666666666671  665
17  79.666666666666671  583
18  76.666666666666671  432
19  83.666666666666671  382
20  66.666666666666671  400
0  45.666666666666664  913
1  34.333333333333336  814
2  46.666666666666664  1093
3  51.333333333333336  948
4  55.333333333333336  666
5  42.333333333333336  785
6  51.666666666666664  819
7  64.0  683
8  64.333333333333329  510
9  51.333333333333336  618
10  84.0  469
11  71.666666666666671  695
12  73.333333333333329  689
13  65.333333333333329  442
14  53.333333333333336  571
15  62.333333333333336  495
16  64.0  762
17  74.333333333333329  448
18  69.666666666666671  479
19  78.666666666666671  442
20  79.333333333333329  453
0  46.333333333333336  1112
1  55.333333333333336  1028
2  45.333333333333336  674
3  44.0  881
4  62.666666666666664  747
5  56.333333333333336  781
6  55.0  942
7  58.666666666666664  816
8  84.0  366
9  58.666666666666664  700
10  68.333333333333329  637
11  66.333333333333329  721
12  70.666666666666671  582
13  62.333333333333336  468
14  75.333333333333329  502
15  56.0  414
16  74.333333333333329  511
17  75.333333333333329  505
18  69.666666666666671  637
19  71.333333333333329  572
20  66.333333333333329  369
0  51.0  1112
1  58.0  828
2  32.333333333333336  1279
3  27.333333333333332  749
4  48.666666666666664  864
5  45.333333333333336  819
6  71.333333333333329  659
7  30.666666666666668  887
8  73.666666666666671  722
9  50.666666666666664  827
10  56.333333333333336  507
11  61.0  567
12  51.666666666666664  889
13  73.0  494
14  63.333333333333336  516
15  65.333333333333329  474
16  86.0  386
17  61.333333333333336  581
18  69.666666666666671  362
19  74.666666666666671  410
20  75.0  376
0  47.666666666666664  1042
1  47.333333333333336  878
2  69.0  809
3  72.333333333333329  929
4  67.666666666666671  499
5  30.0  633
6  59.333333333333336  641
7  88.0  462
8  64.666666666666671  729
9  52.0  533
10  58.333333333333336  632
11  71.0  489
12  64.666666666666671  483
13  63.666666666666664  571
14  65.0  608
15  80.0  408
16  80.666666666666671  485
17  67.666666666666671  376
18  57.333333333333336  653
