2  73.0  691
4  39.0  1260
6  40.833333333333336  2351
8  35.25  2519
10  38.299999999999997  2618
12  44.833333333333336  3389
14  43.714285714285715  3710
16  40.8125  3607
18  42.111111111111114  4473
20  41.299999999999997  4583
2  48.0  570
4  59.0  1715
6  36.0  2038
8  46.5  2699
10  35.899999999999999  2939
12  34.083333333333336  2785
14  33.214285714285715  3542
16  45.9375  3819
18  46.111111111111114  4647
20  41.649999999999999  4372
2  56.0  774
4  42.25  1297
6  45.0  1986
8  41.875  2321
10  48.399999999999999  3051
12  41.916666666666664  3379
14  38.071428571428569  3832
16  44.3125  3549
18  34.0  4044
20  34.25  4554
2  44.0  701
4  60.5  1331
6  39.333333333333336  1773
8  43.625  2452
10  38.100000000000001  2939
12  45.416666666666664  3150
14  40.928571428571431  3853
16  40.6875  4090
18  41.388888888888886  4032
20  37.0  4944
2  56.5  739
4  52.75  1559
6  46.333333333333336  2190
8  57.625  2231
10  37.600000000000001  3054
12  44.416666666666664  2917
14  38.642857142857146  3766
16  34.6875  3958
18  42.944444444444443  4604
20  39.25  4767
2  26.5  752
4  45.25  1318
6  37.833333333333336  1907
8  41.0  2618
10  50.0  2936
12  47.166666666666664  2927
14  49.5  3943
16  49.5  3918
18  37.388888888888886  4490
20  38.5  4702
2  42.0  898
4  45.5  1481
6  43.833333333333336  2133
8  45.625  2397
10  44.200000000000003  2824
12  44.833333333333336  3225
14  42.0  3586
16  40.625  3881
18  47.333333333333336  4464
20  33.149999999999999  4100
2  34.5  693
4  46.0  1383
6  38.833333333333336  1678
8  46.75  2478
10  34.5  2783
12  40.583333333333336  3073
14  41.0  3448
16  37.25  4150
18  41.833333333333336  4295
20  36.350000000000001  4664
2  48.5  877
4  34.25  1234
6  56.166666666666664  2027
8  42.25  2487
10  47.799999999999997  2828
12  41.0  3367
14  41.714285714285715  3487
16  46.9375  4183
18  46.5  4219
20  36.049999999999997  4572
2  39.5  844
4  54.25  1428
6  41.166666666666664  1977
8  37.875  2527
10  47.399999999999999  2854
12  39.25  3056
14  34.857142857142854  3927
16  43.1875  3993
18  39.888888888888886  4274
20  39.0  4297
2  65.5  859
4  38.75  1536
6  51.833333333333336  2041
8  43.75  2401
10  43.799999999999997  2968
12  40.583333333333336  3041
14  38.857142857142854  3658
16  41.875  3924
18  44.444444444444443  4283
20  42.0  4513
2  59.0  739
4  49.75  1510
6  44.5  1728
8  43.75  2423
10  36.200000000000003  2982
12  42.416666666666664  3388
14  40.071428571428569  3309
16  42.5625  4047
18  36.944444444444443  4269
20  38.75  5055
2  51.5  804
4  46.75  1541
6  42.833333333333336  1683
8  48.875  2682
10  39.100000000000001  2819
12  48.916666666666664  3367
14  48.5  3096
16  45.5625  4168
18  39.166666666666664  4663
20  42.149999999999999  4607
2  40.0  484
4  52.0  1119
6  38.833333333333336  2415
8  55.625  2390
10  42.799999999999997  2965
12  38.333333333333336  3594
14  33.428571428571431  3616
16  36.0  4163
18  41.333333333333336  4273
20  35.200000000000003  4362
2  44.0  735
4  26.75  1399
6  46.0  2016
8  37.375  2257
10  37.5  3135
12  42.25  3238
14  38.428571428571431  3353
16  34.6875  4288
18  35.111111111111114  4093
20  33.100000000000001  4440
2  45.0  718
4  38.25  1185
6  44.166666666666664  2109
8  42.75  2713
10  43.5  2708
12  39.333333333333336  3146
14  39.857142857142854  3411
16  42.0  4405
18  34.388888888888886  3930
20  41.100000000000001  4730
2  30.0  681
4  44.5  1556
6  44.666666666666664  2200
8  47.625  2321
10  34.899999999999999  2984
12  25.75  3107
14  35.285714285714285  3365
16  37.6875  3828
18  42.111111111111114  4071
20  33.350000000000001  4323
2  54.5  768
4  45.25  1425
6  47.833333333333336  1833
8  49.5  2133
10  34.899999999999999  2682
12  48.083333333333336  3085
14  40.357142857142854  3803
16  44.5  4207
18  45.111111111111114  4508
20  31.300000000000001  5035
2  51.5  832
4  40.0  1390
6  37.5  1933
8  42.375  2524
10  41.799999999999997  2996
12  31.916666666666668  3349
14  36.285714285714285  4109
16  45.375  3659
18  32.333333333333336  4315
20  42.600000000000001  4423
2  41.5  658
4  38.75  1626
6  50.0  1911
8  42.5  2537
10  38.399999999999999  2889
12  38.083333333333336  3068
14  34.285714285714285  3516
16  39.5625  3694
18  34.277777777777779  4768
20  42.75  4911
2  47.0  998
4  49.25  1298
6  42.666666666666664  2069
8  49.375  2758
10  38.600000000000001  3226
12  50.583333333333336  3349
14  41.714285714285715  3594
16  41.1875  3945
18  45.555555555555557  4113
20  37.450000000000003  4438
2  49.0  925
4  53.25  1418
6  39.166666666666664  1990
8  43.25  2278
10  43.700000000000003  2951
12  45.666666666666664  3491
14  43.571428571428569  3772
16  41.6875  4064
18  31.944444444444443  3860
20  36.950000000000003  4573
2  63.0  729
4  44.25  1230
6  39.166666666666664  1754
8  54.25  2557
10  38.100000000000001  2795
12  38.666666666666664  3969
14  40.5  3381
16  41.5625  3828
18  39.833333333333336  4434
20  43.25  4790
2  58.0  568
4  44.75  1490
6  51.666666666666664  2128
8  46.125  2459
10  47.5  2938
12  45.25  3581
14  39.285714285714285  3965
16  38.25  4066
18  40.777777777777779  4260
20  41.600000000000001  4388
2  44.5  722
4  48.25  1056
6  36.166666666666664  2110
8  49.75  2272
10  50.799999999999997  3371
12  45.666666666666664  3611
14  41.857142857142854  3412
16  35.4375  4048
18  39.666666666666664  4438
20  48.399999999999999  4231
2  69.0  648
4  35.25  1670
6  44.5  1560
8  50.0  2224
10  34.200000000000003  2514
12  47.75  3140
14  46.357142857142854  3724
16  39.0  4400
18  46.555555555555557  3940
20  40.0  4346
2  58.0  808
4  49.5  1157
6  57.0  1885
8  48.375  2398
10  44.399999999999999  3013
12  40.083333333333336  3105
14  42.0  4146
16  36.5  3898
18  33.388888888888886  4517
20  37.700000000000003  4704
2  68.5  709
4  57.75  1358
6  47.166666666666664  2109
8  54.125  2468
10  43.200000000000003  3090
12  45.416666666666664  3301
14  36.142857142857146  3435
16  42.5625  4110
18  41.777777777777779  4354
20  46.100000000000001  4590
2  47.0  858
4  47.25  1248
6  47.0  2052
8  47.875  2228
10  40.600000000000001  2869
12  35.666666666666664  2571
14  40.571428571428569  3755
16  42.3125  4294
18  40.222222222222221  4428
20  39.5  4561
2  75.5  621
4  54.75  1508
6  40.166666666666664  1993
8  41.875  2466
10  47.299999999999997  3047
12  41.916666666666664  3441
14  38.785714285714285  3529
16  36.125  3375
18  40.388888888888886  4175
20  37.450000000000003  4058
2  42.0  828
4  52.25  1205
6  41.833333333333336  1998
8  47.875  2534
10  39.299999999999997  2954
12  42.083333333333336  3538
14  32.714285714285715  3291
16  27.6875  3675
18  38.111111111111114  4216
20  45.25  4433
2  68.0  716
4  46.5  1591
6  44.5  1731
8  41.375  2488
10  36.200000000000003  2758
12  46.666666666666664  2960
14  45.714285714285715  4026
16  41.625  4017
18  38.444444444444443  4273
20  38.299999999999997  4566
2  38.5  832
4  47.75  1303
6  48.5  2037
8  51.5  2827
10  37.0  2800
12  43.0  3114
14  34.571428571428569  3843
16  41.0  3872
18  37.333333333333336  4146
20  42.399999999999999  4475
2  47.5  711
4  46.0  1309
6  49.833333333333336  1825
8  42.75  2576
10  28.199999999999999  3053
12  31.583333333333332  3444
14  33.142857142857146  3625
16  34.4375  4115
18  39.944444444444443  4149
20  38.399999999999999  4552
2  43.0  743
4  57.25  1421
6  46.666666666666664  2044
8  43.625  2463
10  55.299999999999997  3006
12  46.0  3040
14  37.5  3574
16  39.75  3737
18  41.777777777777779  4308
20  31.350000000000001  4402
2  34.0  618
4  37.5  1480
6  54.333333333333336  1770
8  31.5  2617
10  43.5  2902
12  36.333333333333336  3138
14  40.571428571428569  3669
16  42.875  3988
18  39.0  4243
20  41.049999999999997  4654
2  67.0  756
4  67.25  1531
6  48.166666666666664  2074
8  44.25  2354
10  39.399999999999999  2596
12  41.5  3450
14  40.285714285714285  3678
16  50.0625  3908
18  31.722222222222221  4363
20  37.850000000000001  4359
2  46.0  745
4  63.25  1297
6  41.166666666666664  1930
8  47.25  2782
10  46.299999999999997  2920
12  35.416666666666664  3408
14  40.285714285714285  3724
16  45.4375  4082
18  40.111111111111114  4354
20  42.799999999999997  5031
2  52.5  514
4  64.5  1334
6  41.5  2016
8  49.0  2276
10  46.799999999999997  3159
12  44.833333333333336  3370
14  44.571428571428569  3632
16  41.5625  3789
18  39.444444444444443  4005
20  33.100000000000001  4735
2  38.5  768
4  38.75  1675
6  36.166666666666664  2057
8  33.5  2884
10  37.5  3007
12  36.916666666666664  3359
14  39.142857142857146  3514
16  42.0625  3995
18  41.888888888888886  4010
20  39.5  4484
2  55.5  587
4  49.25  1367
6  51.5  1799
8  44.5  2595
10  48.0  2960
12  39.25  3664
14  44.428571428571431  3299
16  43.4375  3922
18  33.555555555555557  4234
20  35.100000000000001  4745
2  47.0  682
4  35.75  1132
6  44.333333333333336  1686
8  48.125  2393
10  53.799999999999997  2923
12  35.583333333333336  3199
14  40.571428571428569  3903
16  41.5625  3466
18  32.722222222222221  4399
20  31.0  4542
2  46.0  658
4  20.0  1084
6  53.5  1934
8  38.0  2346
10  44.399999999999999  2822
12  41.416666666666664  3454
14  42.285714285714285  3676
16  45.0625  4081
18  43.444444444444443  4711
20  38.299999999999997  4844
2  77.0  567
4  39.5  1293
6  41.666666666666664  2184
8  43.125  2354
10  41.5  2933
12  36.5  3141
14  39.571428571428569  3793
16  40.75  4022
18  41.833333333333336  4195
20  42.399999999999999  4369
2  29.0  858
4  30.25  1620
6  46.166666666666664  1900
8  49.5  2346
10  38.100000000000001  2510
12  40.5  3082
14  33.714285714285715  3798
16  45.0  3781
18  34.666666666666664  4123
20  33.450000000000003  4466
2  65.0  527
4  42.0  1140
6  48.666666666666664  2068
8  47.5  2613
10  45.399999999999999  2692
12  40.666666666666664  3344
14  38.642857142857146  3511
16  43.5625  3782
18  32.833333333333336  3915
20  33.950000000000003  4240
2  49.5  686
4  37.25  1267
6  44.5  1911
8  32.5  2295
10  41.299999999999997  3063
12  39.0  3348
14  45.0  3717
16  36.625  3885
18  41.0  4090
20  37.600000000000001  4246
2  41.0  518
4  52.0  1317
6  55.0  1847
8  47.0  2739
10  42.299999999999997  3143
12  47.0  3170
14  39.857142857142854  3528
16  41.5625  3577
18  36.111111111111114  3693
20  35.049999999999997  4304
2  52.5  1000
4  46.0  1579
6  44.0  1979
8  50.375  2362
10  34.200000000000003  2869
12  36.75  3526
14  46.214285714285715  3628
16  41.75  3942
18  41.111111111111114  4292
20  44.0  4570
2  56.0  672
4  55.75  1432
6  36.166666666666664  1912
8  43.875  2422
10  37.200000000000003  3037
12  39.916666666666664  3131
14  49.928571428571431  3553
16  41.8125  3972
18  33.166666666666664  4761
20  43.600000000000001  4856
2  55.5  949
4  46.0  1624
6  36.833333333333336  2173
8  49.0  2630
10  37.100000000000001  2658
12  39.166666666666664  3363
14  47.285714285714285  3396
16  39.1875  4461
18  40.111111111111114  4438
20  34.549999999999997  3988
2  50.5  949
4  35.5  1448
6  54.166666666666664  2141
8  31.625  2390
10  46.399999999999999  2919
12  36.416666666666664  3197
14  47.785714285714285  3718
16  38.0  3742
18  40.611111111111114  4096
20  37.850000000000001  4495
2  27.0  702
4  48.75  1584
6  52.666666666666664  1954
8  45.125  2064
10  44.5  2929
12  41.416666666666664  3240
14  39.714285714285715  4177
16  44.9375  3979
18  37.111111111111114  4385
20  37.649999999999999  4065
2  73.5  639
4  54.0  1176
6  34.833333333333336  1878
8  41.5  2669
10  43.200000000000003  2919
12  40.25  3210
14  43.428571428571431  3376
16  36.75  4171
18  38.444444444444443  4449
20  40.950000000000003  4136
2  66.0  728
4  42.5  1421
6  33.666666666666664  2028
8  45.125  2480
10  44.600000000000001  2832
12  41.0  3769
14  35.928571428571431  3787
16  41.0625  3933
18  36.888888888888886  4295
20  37.950000000000003  4689
2  30.5  983
4  31.0  1467
6  38.0  1536
8  36.25  2160
10  45.0  2972
12  44.166666666666664  3534
14  34.428571428571431  3376
16  39.8125  3550
18  38.0  4309
20  41.0  4398
2  47.5  1053
4  44.25  1407
6  48.833333333333336  1873
8  49.75  2459
10  41.799999999999997  2934
12  43.583333333333336  3194
14  44.785714285714285  3439
16  38.75  4516
18  40.444444444444443  4142
20  34.200000000000003  4436
2  54.5  633
4  35.25  1047
6  52.0  1722
8  58.0  2146
10  39.700000000000003  2938
12  38.5  3219
14  34.285714285714285  3656
16  38.0  3765
18  37.055555555555557  4401
20  46.75  4601
2  35.5  925
4  58.0  1455
6  55.166666666666664  1906
8  42.25  2556
10  41.100000000000001  2727
12  45.583333333333336  3212
14  44.214285714285715  3410
16  34.375  3811
18  32.111111111111114  3921
20  39.049999999999997  4848
2  48.5  855
4  44.25  1274
6  46.666666666666664  1672
8  46.0  2267
10  47.100000000000001  2974
12  42.833333333333336  3164
14  41.428571428571431  3660
16  41.1875  3838
18  35.111111111111114  4234
20  46.100000000000001  4555
2  42.5  950
4  41.75  1651
6  39.166666666666664  2037
8  36.125  2101
10  44.200000000000003  3059
12  46.833333333333336  3222
14  41.071428571428569  3586
16  35.25  4284
18  43.666666666666664  4332
20  33.0  4495
2  51.0  852
4  44.25  1476
6  38.0  2073
8  53.875  2347
10  45.5  2843
12  43.416666666666664  3027
14  36.428571428571431  3707
16  40.9375  3870
18  38.166666666666664  4340
20  33.799999999999997  4261
2  60.0  702
4  43.25  1692
6  57.833333333333336  2033
8  41.5  2626
10  41.399999999999999  3330
12  47.416666666666664  3273
14  35.428571428571431  3801
16  30.0625  3696
18  44.222222222222221  4031
20  38.75  5100
2  47.0  722
4  44.0  1420
6  54.166666666666664  1694
8  37.375  2359
10  50.100000000000001  2613
12  42.416666666666664  3308
14  41.642857142857146  3546
16  41.6875  4378
18  43.944444444444443  4517
20  43.600000000000001  4633
2  55.0  769
4  34.25  1389
6  36.333333333333336  1976
8  48.375  2281
10  47.5  3144
12  43.25  3174
14  50.928571428571431  3539
16  44.5625  3847
18  38.611111111111114  4089
20  36.850000000000001  4300
2  46.5  977
4  56.0  1266
6  36.666666666666664  1807
8  53.875  2611
10  45.5  2840
12  45.083333333333336  3421
14  42.285714285714285  3800
16  43.25  4146
18  36.888888888888886  4285
20  35.5  4766
2  50.5  712
4  39.75  1333
6  49.5  1833
8  47.875  2523
10  52.399999999999999  2865
12  53.583333333333336  3122
14  39.785714285714285  3764
16  37.5625  4091
18  41.944444444444443  4515
20  34.649999999999999  4578
2  46.5  756
4  56.0  1402
6  50.666666666666664  1824
8  40.875  2440
10  51.799999999999997  2879
12  32.25  2915
14  37.857142857142854  3619
16  39.0  4133
18  32.388888888888886  4623
20  47.700000000000003  4861
2  36.5  750
4  42.75  1531
6  51.0  1948
8  44.75  2809
10  46.600000000000001  3062
12  41.75  3541
14  52.142857142857146  3834
16  44.25  4069
18  37.222222222222221  4117
20  30.399999999999999  4630
2  48.0  639
4  47.0  1272
6  47.666666666666664  1988
8  40.375  2154
10  45.399999999999999  2950
12  40.083333333333336  3482
14  42.642857142857146  3787
16  43.875  4218
18  34.333333333333336  4493
20  41.450000000000003  4211
2  23.5  693
4  45.75  1500
6  49.5  2031
8  46.125  2339
10  37.299999999999997  2796
12  41.75  3224
14  38.857142857142854  3695
16  41.8125  3962
18  34.555555555555557  4211
20  41.149999999999999  4533
2  46.5  753
4  40.0  1481
6  61.0  2090
8  49.625  2382
10  37.200000000000003  3133
12  41.416666666666664  3536
14  44.071428571428569  3414
16  42.875  4244
18  35.666666666666664  4344
20  44.299999999999997  4632
2  40.0  455
4  49.5  1557
6  52.333333333333336  2066
8  39.5  2526
10  34.799999999999997  2601
12  41.416666666666664  3085
14  36.5  3414
16  43.3125  4010
18  42.5  4522
20  39.0  4504
2  41.0  858
4  39.5  1383
6  45.333333333333336  2262
8  52.75  2349
10  48.799999999999997  3033
12  37.5  3820
14  38.928571428571431  3737
16  37.1875  3771
18  33.444444444444443  4299
20  42.799999999999997  4498
2  38.0  742
4  43.5  1570
6  33.0  1920
8  42.0  2283
10  44.100000000000001  2865
12  45.25  3002
14  47.714285714285715  3551
16  36.5625  4457
18  36.944444444444443  4210
20  38.200000000000003  4333
2  61.0  706
4  56.25  1292
6  50.166666666666664  2133
8  36.75  2178
10  42.700000000000003  2867
12  47.833333333333336  3244
14  36.857142857142854  3761
16  45.375  3582
18  42.611111111111114  4227
20  31.25  3873
2  66.0  597
4  42.0  1144
6  48.166666666666664  1992
8  33.5  2150
10  41.5  2897
12  40.916666666666664  3505
14  41.5  3801
16  42.25  3582
18  42.055555555555557  4327
20  43.350000000000001  4411
2  41.0  869
4  41.0  1345
6  51.333333333333336  1905
8  41.5  2233
10  47.0  2988
12  37.25  3456
14  34.785714285714285  3499
16  40.0  3962
18  34.444444444444443  4326
20  43.200000000000003  4388
2  58.5  660
4  50.0  1528
6  44.333333333333336  1872
8  34.375  2533
10  40.700000000000003  2780
12  41.75  3170
14  36.285714285714285  3771
16  42.3125  4205
18  38.333333333333336  4093
20  44.25  4828
2  53.5  849
4  53.0  1435
6  44.0  1425
8  39.375  2654
10  41.600000000000001  2959
12  41.416666666666664  3302
14  45.214285714285715  3597
16  46.8125  3666
18  49.555555555555557  4102
20  33.450000000000003  4661
2  51.0  601
4  51.5  1312
6  45.166666666666664  1713
8  49.25  2665
10  50.399999999999999  2871
12  47.0  3043
14  43.357142857142854  3825
16  38.5625  4118
18  38.055555555555557  4653
20  27.5  3589
2  51.5  798
4  50.5  1478
6  44.5  1983
8  40.25  2514
10  42.399999999999999  2848
12  43.833333333333336  3372
14  38.928571428571431  4031
16  39.1875  3943
18  35.388888888888886  4479
20  34.25  4506
2  34.0  928
4  59.75  1264
6  36.666666666666664  2152
8  45.25  2314
10  38.399999999999999  2895
12  37.416666666666664  2780
14  46.428571428571431  3380
16  37.8125  3764
18  37.833333333333336  4412
20  35.399999999999999  4816
2  38.0  634
4  58.5  1287
6  43.333333333333336  2118
8  37.75  2553
10  48.299999999999997  2972
12  40.666666666666664  3725
14  46.642857142857146  3614
16  32.4375  3826
18  42.666666666666664  4153
20  34.649999999999999  4818
2  50.0  672
4  47.25  1530
6  43.333333333333336  1948
8  39.5  2510
10  47.899999999999999  2697
12  28.25  3075
14  37.857142857142854  3802
16  39.25  3779
18  41.777777777777779  4518
20  31.149999999999999  4672
2  39.0  827
4  54.25  1397
6  40.833333333333336  1979
8  50.25  2654
10  39.5  2915
12  38.5  3178
14  37.714285714285715  4030
16  29.9375  3882
18  42.833333333333336  3900
20  36.100000000000001  4501
2  38.5  495
4  69.25  1338
6  34.666666666666664  2376
8  51.375  2646
10  46.299999999999997  3047
12  47.666666666666664  3175
14  35.5  3392
16  36.8125  3977
18  40.111111111111114  4504
20  38.600000000000001  4696
2  61.0  784
4  43.25  1301
6  50.0  2090
8  37.875  2718
10  42.200000000000003  2802
12  42.916666666666664  3519
14  39.571428571428569  3417
16  40.8125  3742
18  43.0  3824
20  38.700000000000003  4671
2  48.5  633
4  51.5  1382
6  43.0  2260
8  50.875  2328
10  43.899999999999999  2935
12  36.5  3199
14  40.0  3451
16  39.75  4261
18  38.666666666666664  4497
20  41.75  4441
2  37.5  582
4  44.25  1421
6  42.666666666666664  1700
8  37.125  2071
10  39.600000000000001  2917
12  44.166666666666664  3450
14  39.0  3376
16  33.6875  3563
18  35.277777777777779  4022
20  43.899999999999999  4425
2  53.5  733
4  36.5  1488
6  62.666666666666664  1882
8  38.25  2503
10  35.0  2943
12  39.0  3502
14  35.857142857142854  3797
16  46.3125  3938
18  41.333333333333336  4486
20  35.350000000000001  4215
2  58.5  709
4  47.0  1224
6  57.333333333333336  2151
8  35.5  2585
10  42.799999999999997  3102
12  46.0  3403
14  40.071428571428569  3350
16  39.125  4160
18  45.611111111111114  4289
20  39.299999999999997  4745
2  38.5  566
4  35.0  1172
6  43.333333333333336  2116
8  40.5  2781
10  38.299999999999997  2741
12  40.0  3211
14  41.071428571428569  3915
16  36.5  3794
18  41.222222222222221  4006
20  38.700000000000003  4540
2  35.5  633
4  57.0  1335
6  45.0  1938
8  38.25  2563
10  43.700000000000003  2970
12  31.416666666666668  3313
14  37.714285714285715  3638
16  40.5625  3836
18  38.777777777777779  4034
20  40.049999999999997  4736
2  60.0  763
4  52.5  1226
6  47.833333333333336  1931
8  50.875  2490
10  44.700000000000003  3069
12  41.083333333333336  3393
14  47.214285714285715  3894
16  36.0  3477
18  42.666666666666664  4144
20  33.549999999999997  4531
2  50.5  808
4  45.5  1177
6  50.0  2283
8  45.375  2357
10  41.299999999999997  2886
12  37.0  3502
14  38.357142857142854  3808
16  37.0625  4122
18  37.555555555555557  4329
20  37.149999999999999  4510
2  36.5  593
4  60.5  1237
6  39.166666666666664  1737
8  44.25  2244
10  30.800000000000001  2644
12  35.583333333333336  3386
14  41.928571428571431  4438
16  31.3125  3650
18  31.777777777777779  4001
20  33.950000000000003  4662
2  38.5  913
4  46.25  1246
6  47.666666666666664  1811
8  41.625  2432
10  46.100000000000001  2304
12  37.5  3350
14  46.571428571428569  3869
16  42.4375  4115
18  37.555555555555557  3816
20  42.149999999999999  4415
2  58.0  628
4  89.5  978
6  49.166666666666664  2207
8  40.5  2592
10  47.0  2973
12  50.583333333333336  3093
14  41.071428571428569  3547
16  38.125  4246
18  39.833333333333336  4177
20  41.100000000000001  4251
2  45.0  728
4  40.75  1414
6  50.0  1800
8  51.25  2672
10  39.299999999999997  2820
12  35.166666666666664  3577
14  29.714285714285715  3495
16  32.9375  3887
18  39.444444444444443  4100
20  34.899999999999999  4921
