1  40.0  546.0
2  41.0  439.0
3  59.0  466.0
4  56.0  531.0
5  42.0  296.0
6  17.0  364.0
7  7.0  322.0
1  36.0  246.0
2  44.0  362.0
3  49.0  530.0
4  40.0  485.0
5  44.0  414.0
6  12.0  457.0
7  42.0  421.0
1  48.0  514.0
2  26.0  560.0
3  46.0  502.0
4  36.0  551.0
5  41.0  498.0
6  21.0  523.0
7  37.0  536.0
1  93.0  284.0
2  51.0  402.0
3  29.0  507.0
4  55.0  450.0
5  34.0  502.0
6  52.0  527.0
7  33.0  438.0
1  50.0  398.0
2  31.0  679.0
3  48.0  450.0
4  73.0  365.0
5  40.0  423.0
6  39.0  341.0
7  67.0  488.0
1  40.0  250.0
2  48.0  344.0
3  27.0  336.0
4  25.0  362.0
5  57.0  318.0
6  43.0  606.0
7  31.0  471.0
1  83.0  393.0
2  24.0  315.0
3  40.0  360.0
4  37.0  424.0
5  27.0  463.0
6  35.0  478.0
7  28.0  565.0
1  26.0  550.0
2  24.0  298.0
3  67.0  423.0
4  53.0  490.0
5  41.0  527.0
6  25.0  394.0
7  24.0  403.0
1  23.0  440.0
2  44.0  503.0
3  61.0  356.0
4  39.0  522.0
5  36.0  394.0
6  26.0  558.0
7  58.0  542.0
1  39.0  342.0
2  58.0  487.0
3  22.0  438.0
4  15.0  301.0
5  27.0  332.0
6  63.0  452.0
7  10.0  337.0
1  32.0  684.0
2  47.0  456.0
3  30.0  336.0
4  42.0  411.0
5  61.0  398.0
6  42.0  546.0
7  39.0  557.0
1  64.0  403.0
2  61.0  408.0
3  44.0  389.0
4  59.0  405.0
5  44.0  459.0
6  37.0  354.0
7  35.0  346.0
1  43.0  434.0
2  42.0  558.0
3  75.0  437.0
4  53.0  398.0
5  27.0  416.0
6  35.0  523.0
7  39.0  510.0
1  68.0  449.0
2  72.0  387.0
3  44.0  426.0
4  44.0  438.0
5  38.0  653.0
6  42.0  528.0
7  35.0  463.0
1  59.0  450.0
2  41.0  504.0
3  57.0  537.0
4  35.0  444.0
5  38.0  520.0
6  22.0  496.0
7  42.0  438.0
1  64.0  380.0
2  66.0  380.0
3  30.0  448.0
4  25.0  434.0
5  26.0  362.0
6  17.0  371.0
7  33.0  659.0
1  50.0  470.0
2  32.0  397.0
3  58.0  467.0
4  10.0  524.0
5  45.0  488.0
6  34.0  446.0
7  32.0  289.0
1  53.0  475.0
2  0.0  204.0
3  75.0  475.0
4  47.0  378.0
5  28.0  538.0
6  52.0  488.0
7  50.0  489.0
1  26.0  357.0
2  60.0  558.0
3  52.0  507.0
4  60.0  400.0
5  37.0  505.0
6  23.0  499.0
7  34.0  420.0
1  39.0  421.0
2  70.0  405.0
3  36.0  354.0
4  38.0  507.0
5  33.0  461.0
6  43.0  414.0
7  43.0  307.0
1  55.0  394.0
2  75.0  421.0
3  28.0  318.0
4  35.0  442.0
5  43.0  459.0
6  38.0  429.0
7  29.0  528.0
1  10.0  338.0
2  20.0  229.0
3  22.0  477.0
4  58.0  388.0
5  33.0  487.0
6  52.0  501.0
7  42.0  577.0
1  49.0  543.0
2  62.0  426.0
3  38.0  375.0
4  43.0  306.0
5  22.0  573.0
6  25.0  456.0
7  54.0  608.0
1  15.0  350.0
2  54.0  507.0
3  37.0  473.0
4  49.0  424.0
5  31.0  403.0
6  42.0  361.0
7  40.0  430.0
1  20.0  519.0
2  72.0  413.0
3  29.0  392.0
4  39.0  382.0
5  33.0  357.0
6  38.0  502.0
7  37.0  581.0
1  48.0  322.0
2  43.0  328.0
3  27.0  565.0
4  64.0  409.0
5  51.0  361.0
6  50.0  562.0
7  43.0  313.0
1  34.0  635.0
2  43.0  317.0
3  24.0  483.0
4  37.0  481.0
5  65.0  486.0
6  23.0  442.0
7  34.0  388.0
1  24.0  328.0
2  64.0  495.0
3  56.0  451.0
4  31.0  524.0
5  70.0  453.0
6  29.0  283.0
7  34.0  548.0
1  66.0  436.0
2  44.0  317.0
3  39.0  346.0
4  53.0  374.0
5  44.0  372.0
6  35.0  578.0
7  47.0  490.0
1  6.0  615.0
2  65.0  394.0
3  49.0  506.0
4  35.0  422.0
5  57.0  540.0
6  28.0  577.0
7  28.0  492.0
1  9.0  203.0
2  37.0  450.0
3  37.0  434.0
4  49.0  605.0
5  66.0  401.0
6  30.0  383.0
7  32.0  371.0
1  54.0  417.0
2  61.0  370.0
3  53.0  480.0
4  35.0  335.0
5  35.0  501.0
6  45.0  407.0
7  22.0  392.0
1  61.0  417.0
2  20.0  197.0
3  42.0  481.0
4  24.0  329.0
5  85.0  316.0
6  54.0  402.0
7  30.0  337.0
1  49.0  411.0
2  43.0  484.0
3  61.0  435.0
4  29.0  354.0
5  24.0  403.0
6  32.0  376.0
7  42.0  421.0
1  54.0  462.0
2  37.0  515.0
3  51.0  450.0
4  29.0  397.0
5  20.0  387.0
6  45.0  485.0
7  43.0  433.0
1  37.0  620.0
2  28.0  275.0
3  34.0  502.0
4  38.0  510.0
5  35.0  418.0
6  28.0  400.0
7  39.0  310.0
1  75.0  315.0
2  42.0  499.0
3  48.0  344.0
4  51.0  484.0
5  29.0  408.0
6  50.0  500.0
7  34.0  508.0
1  47.0  452.0
2  34.0  554.0
3  69.0  430.0
4  41.0  538.0
5  40.0  458.0
6  50.0  542.0
7  41.0  496.0
1  43.0  321.0
2  13.0  650.0
3  27.0  395.0
4  21.0  199.0
5  55.0  539.0
6  36.0  546.0
7  35.0  552.0
1  38.0  403.0
2  47.0  425.0
3  48.0  624.0
4  40.0  312.0
5  36.0  512.0
6  30.0  457.0
7  41.0  546.0
1  84.0  295.0
2  24.0  603.0
3  22.0  536.0
4  23.0  363.0
5  49.0  396.0
6  31.0  362.0
7  47.0  533.0
1  49.0  433.0
2  12.0  244.0
3  27.0  503.0
4  21.0  338.0
5  23.0  506.0
6  15.0  309.0
7  43.0  571.0
1  59.0  398.0
2  75.0  440.0
3  60.0  452.0
4  47.0  464.0
5  32.0  472.0
6  51.0  349.0
7  8.0  495.0
1  35.0  402.0
2  28.0  578.0
3  13.0  445.0
4  48.0  291.0
5  29.0  530.0
6  11.0  366.0
7  41.0  528.0
1  44.0  360.0
2  72.0  380.0
3  49.0  516.0
4  51.0  507.0
5  34.0  526.0
6  44.0  512.0
7  54.0  453.0
1  16.0  352.0
2  59.0  449.0
3  55.0  506.0
4  51.0  437.0
5  58.0  445.0
6  34.0  423.0
7  31.0  510.0
1  51.0  461.0
2  22.0  507.0
3  41.0  572.0
4  35.0  411.0
5  38.0  540.0
6  17.0  645.0
7  48.0  509.0
1  36.0  441.0
2  38.0  398.0
3  9.0  159.0
4  46.0  530.0
5  42.0  496.0
6  40.0  524.0
7  49.0  463.0
1  66.0  345.0
2  44.0  460.0
3  32.0  481.0
4  35.0  387.0
5  37.0  526.0
6  15.0  545.0
7  17.0  563.0
1  49.0  566.0
2  56.0  418.0
3  63.0  470.0
4  30.0  365.0
5  18.0  659.0
6  57.0  422.0
7  78.0  359.0
1  39.0  708.0
2  71.0  374.0
3  39.0  433.0
4  36.0  517.0
5  42.0  506.0
6  24.0  342.0
7  32.0  424.0
1  4.0  473.0
2  46.0  338.0
3  30.0  388.0
4  46.0  465.0
5  68.0  392.0
6  31.0  395.0
7  51.0  497.0
1  26.0  441.0
2  44.0  345.0
3  27.0  564.0
4  17.0  354.0
5  49.0  389.0
6  24.0  562.0
7  25.0  440.0
1  38.0  523.0
2  55.0  328.0
3  47.0  430.0
4  35.0  387.0
5  17.0  474.0
6  32.0  526.0
7  41.0  407.0
1  60.0  377.0
2  59.0  424.0
3  35.0  613.0
4  59.0  454.0
5  25.0  556.0
6  23.0  514.0
7  29.0  585.0
1  72.0  376.0
2  48.0  384.0
3  54.0  473.0
4  27.0  479.0
5  40.0  355.0
6  40.0  557.0
7  37.0  470.0
1  42.0  330.0
2  46.0  508.0
3  47.0  454.0
4  35.0  447.0
5  27.0  566.0
6  47.0  603.0
7  52.0  509.0
1  9.0  412.0
2  68.0  381.0
3  46.0  418.0
4  22.0  338.0
5  54.0  506.0
6  61.0  494.0
7  28.0  469.0
1  54.0  341.0
2  66.0  337.0
3  28.0  536.0
4  47.0  399.0
5  45.0  477.0
6  41.0  421.0
7  37.0  471.0
1  21.0  243.0
2  59.0  439.0
3  60.0  387.0
4  30.0  457.0
5  49.0  451.0
6  30.0  515.0
7  35.0  433.0
1  64.0  347.0
2  49.0  412.0
3  93.0  286.0
4  24.0  548.0
5  75.0  424.0
6  26.0  428.0
7  43.0  478.0
1  63.0  345.0
2  32.0  462.0
3  57.0  498.0
4  37.0  568.0
5  46.0  481.0
6  37.0  463.0
7  39.0  536.0
1  58.0  429.0
2  20.0  443.0
3  11.0  181.0
4  48.0  566.0
5  56.0  491.0
6  30.0  527.0
7  28.0  543.0
1  81.0  367.0
2  40.0  498.0
3  53.0  479.0
4  42.0  572.0
5  14.0  423.0
6  27.0  383.0
7  16.0  579.0
1  66.0  391.0
2  46.0  523.0
3  36.0  347.0
4  44.0  368.0
5  54.0  379.0
6  79.0  369.0
7  40.0  384.0
1  29.0  359.0
2  25.0  509.0
3  62.0  479.0
4  47.0  491.0
5  20.0  307.0
6  20.0  360.0
7  40.0  381.0
1  17.0  249.0
2  65.0  460.0
3  15.0  352.0
4  8.0  339.0
5  30.0  503.0
6  25.0  458.0
7  32.0  441.0
1  84.0  334.0
2  39.0  559.0
3  60.0  444.0
4  55.0  510.0
5  35.0  587.0
6  22.0  615.0
7  29.0  497.0
1  48.0  452.0
2  25.0  358.0
3  34.0  558.0
4  35.0  436.0
5  17.0  521.0
6  30.0  486.0
7  28.0  232.0
1  14.0  209.0
2  17.0  160.0
3  45.0  322.0
4  40.0  519.0
5  42.0  484.0
6  64.0  394.0
7  35.0  495.0
1  44.0  502.0
2  34.0  439.0
3  51.0  524.0
4  35.0  535.0
5  17.0  388.0
6  24.0  338.0
7  33.0  494.0
1  47.0  263.0
2  39.0  590.0
3  10.0  354.0
4  70.0  451.0
5  31.0  421.0
6  65.0  387.0
7  22.0  615.0
1  54.0  604.0
2  42.0  312.0
3  30.0  291.0
4  35.0  533.0
5  34.0  461.0
6  34.0  434.0
7  55.0  442.0
1  60.0  284.0
2  57.0  394.0
3  53.0  490.0
4  32.0  449.0
5  48.0  483.0
6  69.0  336.0
7  25.0  363.0
1  45.0  568.0
2  28.0  371.0
3  37.0  465.0
4  63.0  423.0
5  39.0  590.0
6  29.0  528.0
7  68.0  391.0
1  75.0  413.0
2  16.0  317.0
3  20.0  390.0
4  57.0  406.0
5  47.0  500.0
6  46.0  565.0
7  27.0  352.0
1  51.0  364.0
2  53.0  398.0
3  38.0  461.0
4  40.0  330.0
5  38.0  466.0
6  22.0  341.0
7  47.0  460.0
1  27.0  561.0
2  52.0  533.0
3  55.0  551.0
4  31.0  398.0
5  46.0  585.0
6  49.0  526.0
7  61.0  463.0
1  46.0  204.0
2  35.0  426.0
3  62.0  416.0
4  71.0  485.0
5  35.0  473.0
6  34.0  619.0
7  53.0  418.0
1  29.0  323.0
2  40.0  344.0
3  41.0  323.0
4  37.0  496.0
5  37.0  407.0
6  54.0  442.0
7  54.0  436.0
1  36.0  402.0
2  10.0  346.0
3  37.0  457.0
4  32.0  443.0
5  37.0  449.0
6  25.0  333.0
7  55.0  450.0
1  15.0  358.0
2  45.0  510.0
3  49.0  367.0
4  25.0  523.0
5  34.0  491.0
6  24.0  586.0
7  53.0  472.0
1  46.0  331.0
2  17.0  392.0
3  16.0  335.0
4  36.0  646.0
5  50.0  428.0
6  51.0  313.0
7  46.0  600.0
1  74.0  347.0
2  39.0  712.0
3  56.0  429.0
4  37.0  377.0
5  27.0  516.0
6  43.0  372.0
7  60.0  429.0
1  37.0  563.0
2  71.0  430.0
3  47.0  517.0
4  65.0  449.0
5  67.0  456.0
6  64.0  449.0
7  51.0  409.0
1  34.0  382.0
2  30.0  453.0
3  49.0  437.0
4  38.0  340.0
5  27.0  481.0
6  45.0  525.0
7  33.0  447.0
1  74.0  327.0
2  30.0  498.0
3  32.0  311.0
4  69.0  429.0
5  20.0  208.0
6  25.0  329.0
7  42.0  558.0
1  18.0  283.0
2  27.0  502.0
3  47.0  457.0
4  43.0  522.0
5  38.0  362.0
6  35.0  394.0
7  20.0  394.0
1  59.0  436.0
2  54.0  469.0
3  72.0  374.0
4  45.0  342.0
5  54.0  449.0
6  23.0  398.0
7  33.0  411.0
1  29.0  366.0
2  33.0  346.0
3  68.0  406.0
4  24.0  422.0
5  47.0  456.0
6  12.0  330.0
7  22.0  482.0
1  59.0  441.0
2  28.0  507.0
3  47.0  548.0
4  64.0  426.0
5  51.0  547.0
6  34.0  364.0
7  27.0  532.0
1  67.0  421.0
2  28.0  253.0
3  17.0  218.0
4  39.0  454.0
5  64.0  431.0
6  44.0  636.0
7  17.0  439.0
1  63.0  410.0
2  23.0  309.0
3  67.0  512.0
4  39.0  496.0
5  58.0  414.0
6  33.0  412.0
7  60.0  488.0
1  31.0  430.0
2  31.0  659.0
3  44.0  422.0
4  67.0  416.0
5  34.0  385.0
6  42.0  395.0
7  26.0  418.0
1  54.0  396.0
2  58.0  467.0
3  29.0  329.0
4  60.0  448.0
5  45.0  551.0
6  42.0  473.0
7  39.0  479.0
1  28.0  317.0
2  33.0  259.0
3  58.0  401.0
4  42.0  413.0
5  57.0  526.0
6  28.0  564.0
7  25.0  487.0
1  49.0  305.0
2  26.0  528.0
3  45.0  404.0
4  40.0  399.0
5  68.0  373.0
6  35.0  601.0
7  38.0  541.0
1  77.0  375.0
2  42.0  402.0
3  61.0  369.0
4  19.0  497.0
5  50.0  567.0
6  20.0  397.0
7  45.0  547.0
1  78.0  361.0
2  50.0  491.0
3  37.0  492.0
4  55.0  419.0
5  48.0  453.0
6  30.0  450.0
7  26.0  536.0
1  54.0  523.0
2  47.0  427.0
3  64.0  444.0
4  31.0  395.0
5  42.0  493.0
6  34.0  470.0
7  48.0  471.0
