50  30.0  3501.0
50  0.0  5000.0
50  57.0  2208.0
50  3.0  4857.0
50  27.0  3677.0
50  53.0  2367.0
50  53.0  2350.0
50  9.0  4562.0
50  27.0  3673.0
50  6.0  4706.0
50  59.0  2176.0
50  0.0  5000.0
50  17.0  4174.0
50  42.0  2912.0
50  2.0  4904.0
50  99.0  53.0
50  47.0  2697.0
50  42.0  3029.0
50  40.0  3034.0
50  7.0  4662.0
50  62.0  1909.0
50  0.0  5000.0
50  72.0  1420.0
50  29.0  3598.0
50  0.0  5000.0
50  25.0  3766.0
50  2.0  4904.0
50  21.0  3960.0
50  13.0  4370.0
50  5.0  4765.0
50  36.0  3222.0
50  39.0  3135.0
50  30.0  3512.0
50  13.0  4372.0
50  35.0  3301.0
50  64.0  1875.0
50  93.0  407.0
50  4.0  4805.0
50  52.0  2454.0
50  58.0  2104.0
50  44.0  2819.0
50  0.0  5000.0
50  65.0  1760.0
50  80.0  1070.0
50  36.0  3252.0
50  50.0  2559.0
50  37.0  3151.0
50  6.0  4719.0
50  15.0  4290.0
50  63.0  1870.0
70  48.0  3742.0
70  83.0  1238.0
70  26.0  5258.0
70  90.0  736.0
70  1.0  6932.0
70  0.0  7000.0
70  29.0  5016.0
70  21.0  5553.0
70  34.0  4692.0
70  9.0  6395.0
70  67.0  2316.0
70  26.0  5236.0
70  6.0  6598.0
70  47.0  3780.0
70  15.0  5982.0
70  0.0  7000.0
70  38.0  4393.0
70  46.0  3826.0
70  72.0  1996.0
70  57.0  3060.0
70  59.0  2974.0
70  3.0  6798.0
70  28.0  5070.0
70  41.0  4212.0
70  32.0  4828.0
70  30.0  4954.0
70  87.0  983.0
70  39.0  4329.0
70  96.0  288.0
70  23.0  5422.0
70  55.0  3253.0
70  2.0  6864.0
70  4.0  6732.0
70  61.0  2742.0
70  9.0  6388.0
70  47.0  3768.0
70  60.0  2860.0
70  45.0  3854.0
70  2.0  6864.0
70  0.0  7000.0
70  30.0  4955.0
70  35.0  4632.0
70  27.0  5152.0
70  41.0  4212.0
70  22.0  5523.0
70  38.0  4407.0
70  7.0  6522.0
70  34.0  4687.0
70  12.0  6175.0
70  32.0  4815.0
90  13.0  7869.0
90  0.0  9000.0
90  59.0  3771.0
90  30.0  6329.0
90  54.0  4162.0
90  80.0  1881.0
90  38.0  5630.0
90  92.0  738.0
90  54.0  4204.0
90  26.0  6719.0
90  53.0  4319.0
90  57.0  4041.0
90  12.0  7932.0
90  0.0  9000.0
90  0.0  9000.0
90  77.0  2111.0
90  1.0  8913.0
90  10.0  8120.0
90  0.0  9000.0
90  67.0  2988.0
90  47.0  4788.0
90  0.0  9000.0
90  27.0  6624.0
90  46.0  4999.0
90  57.0  3897.0
90  54.0  4248.0
90  10.0  8129.0
90  76.0  2261.0
90  34.0  5977.0
90  40.0  5524.0
90  53.0  4295.0
90  0.0  9000.0
90  53.0  4306.0
90  69.0  2828.0
90  14.0  7770.0
90  38.0  5587.0
90  17.0  7507.0
90  0.0  9000.0
90  0.0  9000.0
90  36.0  5833.0
90  29.0  6449.0
90  8.0  8305.0
90  65.0  3228.0
90  89.0  995.0
90  7.0  8392.0
90  53.0  4352.0
90  23.0  6980.0
90  59.0  3754.0
90  29.0  6449.0
90  37.0  5728.0
110  72.0  3141.0
110  6.0  10358.0
110  83.0  1897.0
110  40.0  6649.0
110  28.0  7944.0
110  62.0  4256.0
110  75.0  2901.0
110  74.0  2971.0
110  30.0  7785.0
110  0.0  11000.0
110  62.0  4286.0
110  74.0  2890.0
110  46.0  5982.0
110  41.0  6613.0
110  23.0  8527.0
110  38.0  6879.0
110  34.0  7353.0
110  81.0  2114.0
110  0.0  11000.0
110  23.0  8522.0
110  51.0  5405.0
110  22.0  8661.0
110  0.0  11000.0
110  25.0  8285.0
110  65.0  3923.0
110  39.0  6802.0
110  35.0  7232.0
110  27.0  8092.0
110  54.0  5123.0
110  94.0  673.0
110  62.0  4253.0
110  41.0  6536.0
110  0.0  11000.0
110  79.0  2426.0
110  82.0  2079.0
110  84.0  1795.0
110  91.0  1037.0
110  22.0  8646.0
110  55.0  5075.0
110  22.0  8639.0
110  95.0  610.0
110  51.0  5507.0
110  44.0  6248.0
110  17.0  9173.0
110  36.0  7120.0
110  81.0  2232.0
110  68.0  3598.0
110  55.0  5025.0
110  59.0  4600.0
110  36.0  7093.0
130  75.0  3415.0
130  84.0  2170.0
130  90.0  1326.0
130  71.0  3884.0
130  7.0  12108.0
130  67.0  4437.0
130  100.0  100.0
130  76.0  3286.0
130  78.0  2963.0
130  45.0  7229.0
130  21.0  10313.0
130  33.0  8789.0
130  55.0  6023.0
130  35.0  8546.0
130  37.0  8278.0
130  56.0  5829.0
130  12.0  11468.0
130  53.0  6222.0
130  15.0  11088.0
130  63.0  4924.0
130  0.0  13000.0
130  81.0  2515.0
130  87.0  1722.0
130  37.0  8265.0
130  66.0  4568.0
130  100.0  93.0
130  50.0  6650.0
130  68.0  4283.0
130  33.0  8809.0
130  78.0  3026.0
130  32.0  8938.0
130  59.0  5395.0
130  61.0  5195.0
130  81.0  2564.0
130  82.0  2435.0
130  83.0  2295.0
130  32.0  8917.0
130  76.0  3198.0
130  83.0  2234.0
130  91.0  1191.0
130  100.0  155.0
130  95.0  684.0
130  48.0  6851.0
130  89.0  1487.0
130  54.0  6122.0
130  3.0  12613.0
130  0.0  13000.0
130  15.0  11097.0
130  47.0  7003.0
130  37.0  8299.0
150  72.0  4312.0
150  20.0  12060.0
150  48.0  7929.0
150  100.0  21.0
150  79.0  3187.0
150  77.0  3523.0
150  40.0  9094.0
150  83.0  2700.0
150  57.0  6579.0
150  35.0  9855.0
150  30.0  10568.0
150  45.0  8309.0
150  77.0  3626.0
150  94.0  1063.0
150  55.0  6915.0
150  71.0  4506.0
150  60.0  6090.0
150  67.0  5113.0
150  56.0  6727.0
150  97.0  507.0
150  81.0  2975.0
150  77.0  3612.0
150  76.0  3756.0
150  82.0  2910.0
150  66.0  5144.0
150  67.0  5121.0
150  86.0  2195.0
150  21.0  11897.0
150  61.0  5983.0
150  58.0  6438.0
150  94.0  974.0
150  40.0  9125.0
150  82.0  2753.0
150  91.0  1581.0
150  44.0  8500.0
150  44.0  8529.0
150  78.0  3422.0
150  36.0  9697.0
150  98.0  347.0
150  71.0  4429.0
150  97.0  529.0
150  96.0  705.0
150  36.0  9701.0
150  15.0  12801.0
150  13.0  13089.0
150  85.0  2348.0
150  75.0  3918.0
150  62.0  5748.0
150  100.0  206.0
150  64.0  5557.0
170  91.0  1730.0
170  68.0  5537.0
170  70.0  5317.0
170  78.0  3814.0
170  62.0  6644.0
170  10.0  15329.0
170  67.0  5706.0
170  99.0  191.0
170  100.0  105.0
170  1.0  16833.0
170  56.0  7635.0
170  74.0  4639.0
170  76.0  4200.0
170  54.0  7954.0
170  89.0  2023.0
170  100.0  200.0
170  93.0  1331.0
170  90.0  1926.0
170  58.0  7256.0
170  83.0  3130.0
170  56.0  7638.0
170  22.0  13305.0
170  32.0  11599.0
170  77.0  3927.0
170  36.0  10993.0
170  100.0  130.0
170  67.0  5739.0
170  82.0  3243.0
170  20.0  13640.0
170  81.0  3334.0
170  55.0  7769.0
170  57.0  7458.0
170  79.0  3693.0
170  77.0  4025.0
170  80.0  3572.0
170  78.0  3852.0
170  47.0  9139.0
170  67.0  5760.0
170  60.0  6908.0
170  52.0  8250.0
170  77.0  3954.0
170  69.0  5388.0
170  75.0  4423.0
170  41.0  10136.0
170  59.0  7149.0
170  73.0  4715.0
170  78.0  3877.0
170  78.0  3918.0
170  0.0  17000.0
170  81.0  3335.0
190  71.0  5686.0
190  50.0  9652.0
190  72.0  5482.0
190  34.0  12606.0
190  54.0  8879.0
190  100.0  117.0
190  67.0  6452.0
190  65.0  6825.0
190  42.0  11117.0
190  78.0  4381.0
190  100.0  104.0
190  66.0  6637.0
190  60.0  7691.0
190  81.0  3810.0
190  93.0  1475.0
190  67.0  6380.0
190  97.0  755.0
190  59.0  7895.0
190  31.0  13204.0
190  25.0  14332.0
190  98.0  476.0
190  85.0  2938.0
190  85.0  3168.0
190  65.0  6959.0
190  84.0  3188.0
190  76.0  4677.0
190  83.0  3375.0
190  71.0  5574.0
190  15.0  16196.0
190  88.0  2466.0
190  87.0  2624.0
190  76.0  4778.0
190  84.0  3211.0
190  65.0  6764.0
190  68.0  6250.0
190  67.0  6464.0
190  100.0  200.0
190  79.0  4121.0
190  95.0  988.0
190  78.0  4315.0
190  77.0  4456.0
190  97.0  753.0
190  80.0  3985.0
190  76.0  4743.0
190  63.0  7159.0
190  70.0  5817.0
190  100.0  88.0
190  81.0  3719.0
190  80.0  3925.0
190  50.0  9651.0
210  63.0  7941.0
210  84.0  3589.0
210  93.0  1536.0
210  98.0  473.0
210  51.0  10422.0
210  86.0  3091.0
210  79.0  4571.0
210  89.0  2377.0
210  67.0  7043.0
210  88.0  2705.0
210  79.0  4611.0
210  85.0  3322.0
210  68.0  6881.0
210  73.0  5850.0
210  86.0  3130.0
210  58.0  8992.0
210  71.0  6213.0
210  78.0  4689.0
210  47.0  11272.0
210  97.0  727.0
210  85.0  3323.0
210  93.0  1578.0
210  75.0  5389.0
210  90.0  2340.0
210  75.0  5401.0
210  100.0  218.0
210  92.0  1819.0
210  100.0  164.0
210  69.0  6658.0
210  80.0  4366.0
210  71.0  6212.0
210  68.0  6880.0
210  98.0  522.0
210  54.0  9790.0
210  100.0  6.0
210  85.0  3394.0
210  81.0  4170.0
210  100.0  127.0
210  92.0  1920.0
210  100.0  122.0
210  60.0  8550.0
210  97.0  673.0
210  76.0  5186.0
210  95.0  1128.0
210  81.0  4190.0
210  77.0  4929.0
210  75.0  5447.0
210  75.0  5445.0
210  63.0  7926.0
210  48.0  11023.0
230  62.0  8924.0
230  82.0  4277.0
230  51.0  11316.0
230  100.0  16.0
230  100.0  191.0
230  94.0  1520.0
230  93.0  1845.0
230  62.0  8921.0
230  88.0  2829.0
230  49.0  11846.0
230  94.0  1670.0
230  56.0  10276.0
230  100.0  102.0
230  100.0  145.0
230  53.0  10913.0
230  83.0  3993.0
230  79.0  4995.0
230  67.0  7766.0
230  66.0  7934.0
230  100.0  300.0
230  99.0  323.0
230  71.0  6849.0
230  82.0  4325.0
230  87.0  3182.0
230  88.0  2956.0
230  100.0  93.0
230  81.0  4579.0
230  100.0  102.0
230  57.0  10067.0
230  100.0  63.0
230  89.0  2689.0
230  99.0  535.0
230  96.0  1086.0
230  80.0  4819.0
230  66.0  7962.0
230  57.0  10071.0
230  66.0  7995.0
230  94.0  1641.0
230  94.0  1495.0
230  93.0  1742.0
230  86.0  3455.0
230  89.0  2677.0
230  76.0  5681.0
230  45.0  12764.0
230  85.0  3565.0
230  99.0  306.0
230  83.0  4112.0
230  100.0  204.0
230  88.0  2907.0
230  95.0  1278.0
