2  46.0  656
4  42.75  1745
6  46.0  1842
8  37.75  2271
10  43.899999999999999  3009
12  44.833333333333336  3324
14  38.214285714285715  3595
16  35.375  3960
18  41.888888888888886  4452
20  43.950000000000003  4452
2  34.5  719
4  25.25  1602
6  41.166666666666664  2116
8  43.625  2315
10  41.5  2898
12  47.25  3174
14  37.428571428571431  3884
16  34.5  3767
18  35.444444444444443  3929
20  34.299999999999997  4261
2  49.0  647
4  44.75  1889
6  49.5  1973
8  49.0  2355
10  46.600000000000001  3027
12  48.166666666666664  2950
14  38.285714285714285  3621
16  40.0  4223
18  31.888888888888889  4257
20  29.399999999999999  4707
2  57.0  920
4  37.0  1237
6  40.833333333333336  1756
8  40.375  2554
10  39.600000000000001  2376
12  38.416666666666664  3589
14  37.642857142857146  3545
16  36.5  3622
18  30.166666666666668  4429
20  35.399999999999999  4859
2  61.0  793
4  38.0  1086
6  56.666666666666664  2408
8  39.625  2426
10  40.299999999999997  3197
12  32.416666666666664  3576
14  43.071428571428569  4087
16  36.125  3885
18  44.5  4435
20  39.200000000000003  4644
2  23.0  824
4  49.75  1331
6  43.5  1732
8  35.25  2737
10  47.899999999999999  2915
12  40.916666666666664  3420
14  37.357142857142854  4089
16  44.6875  3973
18  42.611111111111114  4452
20  39.399999999999999  4355
2  29.0  918
4  40.5  1553
6  48.666666666666664  2146
8  34.0  2574
10  41.799999999999997  2911
12  35.333333333333336  3121
14  40.214285714285715  3529
16  41.875  3684
18  37.0  4150
20  30.800000000000001  4833
2  40.0  728
4  41.75  1359
6  35.333333333333336  1794
8  52.0  2222
10  48.200000000000003  2732
12  45.166666666666664  3427
14  38.571428571428569  4066
16  36.375  4227
18  49.555555555555557  4676
20  35.350000000000001  4404
2  56.5  850
4  39.0  1440
6  40.666666666666664  1896
8  42.5  2515
10  36.600000000000001  2749
12  36.5  3646
14  31.285714285714285  3457
16  39.375  3738
18  35.333333333333336  4308
20  35.549999999999997  4361
2  56.0  698
4  42.75  1147
6  43.666666666666664  1987
8  33.25  1983
10  48.200000000000003  3143
12  51.833333333333336  3612
14  47.428571428571431  3713
16  42.9375  3987
18  71.777777777777771  3068
20  39.25  4296
2  40.0  953
4  49.0  1438
6  48.666666666666664  2065
8  34.625  2434
10  41.100000000000001  3331
12  35.166666666666664  2742
14  42.5  3445
16  33.5625  3901
18  43.888888888888886  4360
20  35.350000000000001  4170
2  48.5  605
4  30.5  1486
6  53.833333333333336  1673
8  53.375  2391
10  58.5  2686
12  41.75  2928
14  32.642857142857146  3757
16  40.1875  4122
18  43.833333333333336  4296
20  31.5  4264
2  56.5  697
4  48.5  1527
6  47.666666666666664  2186
8  38.25  2335
10  47.399999999999999  2808
12  41.0  3034
14  36.785714285714285  3496
16  30.75  3831
18  40.388888888888886  4410
20  39.799999999999997  4541
2  44.5  818
4  43.5  1558
6  44.666666666666664  2079
8  39.0  2729
10  52.799999999999997  2751
12  37.333333333333336  3489
14  37.785714285714285  3476
16  39.125  3712
18  35.388888888888886  4156
20  38.600000000000001  4523
2  50.5  694
4  32.0  1432
6  43.333333333333336  1938
8  33.125  2571
10  46.200000000000003  3189
12  48.5  3174
14  37.785714285714285  3150
16  38.5  3977
18  36.0  4278
20  43.600000000000001  4504
2  60.0  807
4  42.75  1402
6  42.333333333333336  1729
8  53.375  2184
10  41.600000000000001  2517
12  51.25  3260
14  32.857142857142854  3501
16  44.25  4215
18  33.833333333333336  4524
20  37.75  4578
2  37.5  747
4  50.25  1676
6  47.166666666666664  1831
8  41.0  2300
10  37.0  3084
12  44.166666666666664  3513
14  41.285714285714285  3894
16  42.125  4329
18  35.111111111111114  4162
20  28.449999999999999  4442
2  57.5  660
4  37.0  1495
6  31.5  2024
8  35.875  2687
10  43.200000000000003  3155
12  41.333333333333336  3170
14  34.928571428571431  3810
16  38.375  3565
18  40.444444444444443  4307
20  42.149999999999999  4194
2  51.0  665
4  35.25  1432
6  36.0  1951
8  36.75  2431
10  32.0  3162
12  44.083333333333336  3520
14  37.785714285714285  3457
16  34.25  4026
18  30.388888888888889  4480
20  36.149999999999999  4766
2  40.0  605
4  60.5  1309
6  41.5  2160
8  43.75  2648
10  46.200000000000003  2707
12  42.666666666666664  3514
14  52.928571428571431  3372
16  37.875  4252
18  37.444444444444443  4636
20  42.0  4593
2  50.5  994
4  49.75  1481
6  33.5  1880
8  39.375  2306
10  46.299999999999997  2626
12  45.583333333333336  3163
14  42.071428571428569  3220
16  39.25  3704
18  46.0  4410
20  38.399999999999999  4404
2  45.5  906
4  38.5  1030
6  43.333333333333336  2276
8  35.625  2552
10  45.899999999999999  2792
12  36.833333333333336  3183
14  52.214285714285715  3424
16  46.5625  3903
18  42.166666666666664  4476
20  31.0  4331
2  73.5  705
4  48.25  1240
6  39.166666666666664  1722
8  53.0  2689
10  42.100000000000001  2915
12  42.75  3388
14  40.214285714285715  3651
16  40.4375  4417
18  41.0  3958
20  38.299999999999997  4406
2  30.0  674
4  37.0  1267
6  47.5  2253
8  42.875  2306
10  39.299999999999997  2733
12  37.416666666666664  3382
14  37.285714285714285  3946
16  37.9375  4082
18  33.166666666666664  4262
20  37.850000000000001  4501
2  54.5  619
4  46.5  1226
6  43.333333333333336  2057
8  49.25  2437
10  51.100000000000001  2794
12  37.583333333333336  3351
14  41.285714285714285  3370
16  35.0625  3776
18  41.055555555555557  4482
20  43.399999999999999  4861
2  45.5  914
4  34.5  1591
6  29.166666666666668  2021
8  27.375  2501
10  39.700000000000003  3044
12  39.916666666666664  3120
14  42.071428571428569  3985
16  47.625  4055
18  39.611111111111114  5065
20  36.75  4558
2  39.0  932
4  50.75  1205
6  59.0  1753
8  44.125  2594
10  46.5  2698
12  33.833333333333336  3056
14  46.5  3895
16  45.75  3938
18  41.888888888888886  4001
20  41.350000000000001  4984
2  62.0  567
4  58.75  1395
6  34.166666666666664  1880
8  53.25  2651
10  33.399999999999999  2913
12  43.166666666666664  3506
14  41.214285714285715  3574
16  36.375  4145
18  38.222222222222221  4433
20  43.700000000000003  4326
2  54.5  535
4  51.5  1334
6  48.333333333333336  2045
8  52.625  2736
10  45.200000000000003  3159
12  39.5  3102
14  36.928571428571431  3493
16  35.0  3684
18  32.5  4249
20  36.700000000000003  4317
2  41.5  792
4  60.75  1298
6  34.333333333333336  2019
8  48.875  3008
10  33.299999999999997  3005
12  32.166666666666664  3534
14  49.071428571428569  3353
16  37.625  4347
18  32.833333333333336  3896
20  42.549999999999997  4340
2  48.5  1040
4  45.0  1433
6  36.5  1952
8  42.75  2538
10  33.600000000000001  2824
12  38.916666666666664  2980
14  43.571428571428569  3664
16  30.6875  4223
18  46.055555555555557  4060
20  34.149999999999999  4383
2  31.0  576
4  40.75  1239
6  35.5  1785
8  43.375  2626
10  38.899999999999999  2720
12  38.75  3257
14  35.428571428571431  3779
16  41.5  3731
18  37.5  4201
20  35.350000000000001  4612
2  41.0  697
4  28.75  1638
6  45.833333333333336  1675
8  34.625  2692
10  46.399999999999999  2985
12  38.166666666666664  3459
14  35.428571428571431  3881
16  40.1875  4109
18  38.0  4765
20  37.950000000000003  4843
2  47.0  564
4  48.75  1464
6  41.0  2185
8  44.625  2680
10  35.799999999999997  3553
12  38.583333333333336  3599
14  44.5  3954
16  47.0  4033
18  32.5  4592
20  34.350000000000001  4227
2  24.5  653
4  49.25  1383
6  45.833333333333336  2185
8  41.5  2487
10  52.700000000000003  2996
12  47.25  3385
14  41.714285714285715  3691
16  31.875  3915
18  45.055555555555557  4249
20  32.950000000000003  4702
2  49.0  831
4  43.25  1965
6  30.5  1996
8  48.625  2356
10  45.100000000000001  3025
12  33.583333333333336  2864
14  38.142857142857146  3738
16  44.0  3680
18  48.444444444444443  4219
20  43.299999999999997  4631
2  39.0  709
4  34.25  1260
6  45.833333333333336  2077
8  47.5  2318
10  38.399999999999999  2639
12  41.333333333333336  2949
14  40.214285714285715  3703
16  38.75  4318
18  37.666666666666664  4378
20  34.75  4394
2  45.5  412
4  37.5  1581
6  44.166666666666664  1973
8  40.125  2394
10  47.600000000000001  2909
12  41.0  3174
14  44.857142857142854  3541
16  39.875  3608
18  35.0  4311
20  38.450000000000003  4755
2  66.5  587
4  38.0  1680
6  45.833333333333336  2077
8  43.75  2710
10  42.100000000000001  3119
12  39.833333333333336  3378
14  43.571428571428569  3670
16  39.75  3927
18  45.0  3992
20  39.649999999999999  4812
2  53.0  754
4  59.75  1162
6  54.5  1955
8  46.0  2553
10  50.0  3106
12  47.333333333333336  3502
14  39.857142857142854  3362
16  42.8125  4101
18  37.277777777777779  4421
20  35.200000000000003  4643
2  41.5  665
4  36.5  1300
6  51.5  1755
8  36.375  2552
10  44.600000000000001  3131
12  58.583333333333336  3269
14  36.571428571428569  3540
16  46.125  3950
18  39.722222222222221  4529
20  35.350000000000001  4336
2  25.0  730
4  52.75  1387
6  51.833333333333336  1747
8  38.125  2365
10  41.0  2923
12  45.0  3764
14  43.0  4070
16  40.75  3888
18  32.222222222222221  3877
20  32.899999999999999  4804
2  41.0  767
4  55.0  1399
6  37.166666666666664  1805
8  32.625  2534
10  46.399999999999999  2843
12  49.416666666666664  3154
14  41.5  3507
16  41.625  4136
18  38.555555555555557  4172
20  43.299999999999997  4634
2  49.0  774
4  48.75  1395
6  34.833333333333336  2077
8  42.5  2507
10  45.100000000000001  2849
12  43.583333333333336  3566
14  40.714285714285715  3448
16  40.25  4022
18  35.777777777777779  4531
20  42.950000000000003  4881
2  30.0  776
4  36.0  1452
6  42.333333333333336  1534
8  35.625  2549
10  34.5  3040
12  38.083333333333336  3126
14  43.071428571428569  3703
16  36.8125  3823
18  40.944444444444443  3999
20  36.100000000000001  4915
2  67.0  686
4  45.75  1523
6  47.5  2236
8  47.375  2508
10  34.600000000000001  3187
12  43.416666666666664  2909
14  50.285714285714285  4002
16  40.1875  4134
18  43.333333333333336  4297
20  40.450000000000003  4534
2  66.5  628
4  58.5  1382
6  40.5  1818
8  37.25  2306
10  36.799999999999997  3138
12  40.416666666666664  3940
14  37.5  4041
16  38.6875  3706
18  41.777777777777779  4542
20  43.950000000000003  4538
2  28.0  584
4  55.0  1627
6  43.833333333333336  1771
8  46.125  2622
10  46.100000000000001  3145
12  44.583333333333336  3247
14  39.642857142857146  3827
16  43.375  4001
18  36.777777777777779  4104
20  40.649999999999999  4808
2  59.5  690
4  61.5  1371
6  36.333333333333336  1568
8  52.0  2622
10  41.899999999999999  2870
12  39.75  3322
14  42.714285714285715  3758
16  42.125  3847
18  37.0  4319
20  35.600000000000001  4331
2  45.5  910
4  38.75  1296
6  36.0  1740
8  38.0  2370
10  40.899999999999999  2813
12  38.833333333333336  3394
14  36.428571428571431  3580
16  30.875  3305
18  36.555555555555557  4085
20  32.200000000000003  4665
2  32.5  546
4  29.25  1406
6  51.5  2249
8  46.75  2420
10  49.0  3325
12  36.583333333333336  2993
14  37.285714285714285  3827
16  35.1875  3474
18  38.111111111111114  4423
20  31.449999999999999  4287
2  49.5  989
4  35.25  1115
6  45.666666666666664  1857
8  57.0  2614
10  44.0  2916
12  43.25  3419
14  39.785714285714285  3721
16  46.75  3964
18  41.944444444444443  3961
20  40.700000000000003  4243
2  56.5  768
4  42.25  1106
6  49.333333333333336  2010
8  50.875  2253
10  43.0  2814
12  44.25  3332
14  33.928571428571431  3710
16  50.0625  3734
18  38.777777777777779  4345
20  36.950000000000003  5088
2  70.0  593
4  47.75  1369
6  47.0  1956
8  45.5  2474
10  42.5  2780
12  42.25  3115
14  38.642857142857146  3467
16  36.25  4121
18  39.555555555555557  4258
20  30.699999999999999  4558
2  60.5  757
4  43.25  1650
6  53.333333333333336  1905
8  41.125  2333
10  39.700000000000003  2952
12  51.0  3467
14  49.0  3560
16  42.6875  3836
18  42.166666666666664  4311
20  43.0  4499
2  41.0  769
4  45.5  1579
6  38.666666666666664  2252
8  46.25  2586
10  43.600000000000001  2958
12  29.5  3439
14  42.642857142857146  3748
16  45.625  3732
18  33.444444444444443  3719
20  43.600000000000001  4367
2  41.5  875
4  42.25  1582
6  45.833333333333336  1984
8  38.25  2614
10  36.299999999999997  2716
12  38.416666666666664  3081
14  33.928571428571431  3583
16  42.75  3862
18  34.444444444444443  4019
20  41.600000000000001  4300
2  36.5  643
4  48.75  1072
6  42.333333333333336  1867
8  37.625  2372
10  40.5  2617
12  42.416666666666664  3455
14  43.785714285714285  3716
16  52.5  3953
18  43.5  4052
20  39.75  4370
2  48.5  803
4  46.25  1424
6  49.166666666666664  1845
8  46.75  2696
10  49.399999999999999  2952
12  36.916666666666664  3495
14  40.714285714285715  3776
16  36.75  3719
18  35.555555555555557  4352
20  35.149999999999999  4692
2  54.0  602
4  51.0  1500
6  48.333333333333336  1800
8  36.625  2237
10  35.899999999999999  2778
12  43.25  3439
14  43.928571428571431  3266
16  44.8125  4356
18  45.888888888888886  4587
20  38.850000000000001  4266
2  53.5  666
4  38.0  1406
6  49.833333333333336  1825
8  36.375  2538
10  43.399999999999999  3138
12  38.916666666666664  3051
14  32.428571428571431  4029
16  49.3125  3816
18  49.055555555555557  4335
20  44.299999999999997  4701
2  49.5  737
4  40.25  1195
6  42.833333333333336  2183
8  39.875  2414
10  40.799999999999997  2624
12  44.916666666666664  3595
14  39.428571428571431  3528
16  44.375  3898
18  38.833333333333336  4124
20  41.049999999999997  4473
2  39.0  589
4  51.0  1105
6  47.166666666666664  1912
8  33.875  2197
10  38.799999999999997  2869
12  48.25  2975
14  40.142857142857146  3655
16  39.0625  3936
18  38.055555555555557  3925
20  40.649999999999999  4723
2  65.0  773
4  30.5  1114
6  47.166666666666664  2197
8  36.625  2729
10  32.299999999999997  2908
12  25.333333333333332  3208
14  42.142857142857146  3830
16  41.75  3693
18  50.722222222222221  4407
20  41.600000000000001  4528
2  52.5  723
4  59.5  1407
6  56.0  1744
8  47.125  2640
10  50.700000000000003  3053
12  31.5  3617
14  40.928571428571431  3627
16  37.8125  4150
18  35.444444444444443  4364
20  40.25  4571
2  38.5  731
4  26.25  1499
6  37.666666666666664  1969
8  38.625  2643
10  42.100000000000001  2761
12  52.5  3049
14  40.142857142857146  3556
16  46.125  3890
18  40.833333333333336  4569
20  41.0  4655
2  48.5  816
4  46.0  1576
6  40.333333333333336  2050
8  49.375  2483
10  42.200000000000003  3081
12  51.666666666666664  3263
14  36.428571428571431  3254
16  39.625  3973
18  43.666666666666664  4175
20  37.600000000000001  4795
2  19.5  576
4  30.25  1122
6  65.833333333333329  1822
8  35.25  2816
10  43.200000000000003  2609
12  41.083333333333336  3114
14  33.357142857142854  3447
16  40.3125  4039
18  48.444444444444443  4008
20  34.0  4564
2  45.0  550
4  53.25  1386
6  47.5  2174
8  42.625  2736
10  46.700000000000003  2689
12  42.333333333333336  3396
14  48.071428571428569  3579
16  44.1875  4077
18  42.222222222222221  4349
20  44.549999999999997  4448
2  43.0  671
4  39.0  1632
6  55.833333333333336  1717
8  40.75  2653
10  44.0  2530
12  39.083333333333336  3407
14  30.0  3568
16  36.375  4118
18  43.611111111111114  3901
20  37.950000000000003  4181
2  72.5  717
4  51.75  1518
6  30.333333333333332  1897
8  41.25  2500
10  40.0  2993
12  48.083333333333336  3366
14  40.0  3592
16  41.375  3978
18  43.5  4466
20  43.450000000000003  4791
2  39.0  781
4  20.5  1416
6  44.5  2089
8  45.375  2546
10  42.5  2997
12  39.333333333333336  3494
14  32.285714285714285  3972
16  37.0625  3965
18  38.888888888888886  4256
20  41.149999999999999  4719
2  52.0  668
4  53.75  1431
6  42.833333333333336  1884
8  49.125  2248
10  48.200000000000003  3065
12  48.5  3293
14  44.714285714285715  3893
16  34.5  3797
18  64.944444444444443  2844
20  35.350000000000001  4900
2  65.5  707
4  34.0  1331
6  54.333333333333336  2100
8  40.125  2448
10  48.299999999999997  2658
12  49.916666666666664  3433
14  45.714285714285715  3877
16  42.0  4183
18  42.277777777777779  4405
20  36.799999999999997  4618
2  38.0  720
4  45.75  1320
6  40.666666666666664  2173
8  26.75  1957
10  40.399999999999999  3035
12  40.25  3414
14  52.071428571428569  3304
16  41.3125  3865
18  37.666666666666664  4663
20  35.450000000000003  4724
2  41.0  754
4  37.0  1123
6  49.166666666666664  1956
8  41.625  2221
10  51.0  2689
12  48.25  3097
14  41.785714285714285  3728
16  42.75  3930
18  36.388888888888886  4565
20  37.799999999999997  4975
2  47.5  625
4  52.0  1320
6  48.333333333333336  2203
8  39.75  2509
10  37.600000000000001  2510
12  44.75  3206
14  44.0  3622
16  38.1875  4036
18  40.0  4054
20  41.75  4434
2  39.0  638
4  41.75  1138
6  40.666666666666664  1755
8  33.0  2506
10  42.600000000000001  2976
12  36.083333333333336  3457
14  51.714285714285715  3847
16  39.0625  3543
18  40.111111111111114  4139
20  39.75  4545
2  49.5  721
4  59.75  1346
6  34.833333333333336  2090
8  33.75  2283
10  50.799999999999997  2822
12  42.166666666666664  2998
14  33.0  3831
16  34.5625  4102
18  41.833333333333336  4541
20  33.049999999999997  4808
2  54.5  784
4  29.5  1560
6  43.333333333333336  2140
8  43.125  2375
10  43.5  3027
12  40.833333333333336  3134
14  44.714285714285715  3771
16  41.125  4032
18  40.444444444444443  4282
20  38.399999999999999  4452
2  49.0  706
4  48.25  1233
6  40.166666666666664  2068
8  47.75  2426
10  40.799999999999997  3158
12  32.916666666666664  3188
14  42.642857142857146  3519
16  39.6875  4026
18  44.666666666666664  3989
20  43.299999999999997  4781
2  57.5  657
4  51.0  1434
6  39.5  1876
8  32.375  2367
10  39.600000000000001  2718
12  49.416666666666664  3278
14  45.071428571428569  3406
16  36.3125  3924
18  42.888888888888886  4462
20  39.350000000000001  4494
2  52.0  592
4  58.25  1377
6  42.0  1880
8  43.25  2631
10  42.899999999999999  3353
12  41.5  2907
14  45.857142857142854  3745
16  44.0625  3770
18  36.722222222222221  4723
20  40.25  4654
2  34.0  731
4  41.25  1500
6  46.166666666666664  1891
8  42.75  2851
10  40.600000000000001  2695
12  35.75  3166
14  47.571428571428569  3533
16  44.6875  3880
18  40.777777777777779  4665
20  34.049999999999997  4803
2  34.5  490
4  55.5  1218
6  52.333333333333336  1692
8  40.375  2618
10  41.0  2771
12  46.666666666666664  3420
14  37.214285714285715  3918
16  29.25  3561
18  40.5  4290
20  37.649999999999999  4933
2  56.5  768
4  30.0  1307
6  30.0  1954
8  42.125  2509
10  37.700000000000003  2937
12  44.0  3209
14  35.714285714285715  3894
16  39.3125  4320
18  42.055555555555557  4339
20  34.899999999999999  4274
2  48.5  681
4  27.0  1217
6  48.166666666666664  2149
8  33.375  2460
10  30.600000000000001  3014
12  49.166666666666664  3285
14  45.142857142857146  3795
16  31.25  4213
18  31.0  4075
20  41.049999999999997  4605
2  42.0  754
4  42.0  1251
6  46.333333333333336  2114
8  41.375  2262
10  52.700000000000003  2634
12  41.0  3170
14  45.071428571428569  3568
16  45.0  4174
18  46.222222222222221  4137
20  35.049999999999997  4582
2  43.5  761
4  35.75  1581
6  45.333333333333336  1993
8  40.625  2674
10  41.0  3203
12  45.083333333333336  3427
14  40.142857142857146  3359
16  40.625  4094
18  43.222222222222221  4543
20  37.75  4078
2  62.0  612
4  49.0  1798
6  41.5  1728
8  43.125  2459
10  47.100000000000001  3131
12  48.333333333333336  3109
14  44.785714285714285  3586
16  39.8125  4249
18  35.166666666666664  4243
20  39.350000000000001  4074
2  34.5  546
4  43.75  1220
6  42.666666666666664  2123
8  40.375  2489
10  51.799999999999997  2831
12  43.5  3180
14  46.357142857142854  3856
16  39.8125  4009
18  38.444444444444443  3976
20  37.399999999999999  4735
2  52.5  887
4  56.75  1419
6  38.166666666666664  1980
8  57.375  2458
10  39.5  2697
12  38.166666666666664  3480
14  45.785714285714285  3679
16  46.1875  3874
18  36.166666666666664  3990
20  38.5  4558
2  44.5  672
4  42.25  1294
6  54.5  1961
8  36.125  2180
10  47.399999999999999  2566
12  37.833333333333336  2993
14  42.142857142857146  3521
16  35.25  3275
18  42.444444444444443  4484
20  37.649999999999999  4563
2  43.5  775
4  52.75  1592
6  40.166666666666664  1741
8  30.625  2608
10  39.5  2937
12  36.0  2923
14  49.857142857142854  3607
16  40.125  3638
18  38.111111111111114  4166
20  46.950000000000003  5018
2  32.5  702
4  62.75  1467
6  35.0  2168
8  39.75  2653
10  48.700000000000003  2786
12  48.25  3164
14  43.571428571428569  3927
16  42.0  3731
18  37.0  4193
20  38.399999999999999  4168
2  31.5  548
4  36.0  1612
6  49.166666666666664  1830
8  47.125  2390
10  34.5  2865
12  31.416666666666668  2741
14  51.214285714285715  3701
16  40.9375  4106
18  37.555555555555557  4240
20  34.950000000000003  4531
2  58.0  838
4  53.5  1406
6  47.166666666666664  1818
8  37.375  2460
10  43.700000000000003  2904
12  46.5  3422
14  48.785714285714285  3796
16  37.8125  3651
18  28.611111111111111  4467
20  36.799999999999997  4591
2  44.5  869
4  52.75  1388
6  46.0  1625
8  53.125  2493
10  43.399999999999999  2875
12  41.416666666666664  3568
14  44.642857142857146  3595
16  48.5  3800
18  39.555555555555557  4188
20  41.149999999999999  4680
2  22.5  604
4  40.5  1445
6  45.666666666666664  2087
8  40.5  2444
10  30.0  2990
12  35.0  3140
14  40.357142857142854  3836
16  40.5625  4155
18  39.277777777777779  4437
20  36.5  4521
2  41.5  677
4  39.0  2031
6  38.833333333333336  2379
8  39.5  2504
10  38.200000000000003  3251
12  41.916666666666664  3329
14  39.0  3759
16  48.0625  3934
18  33.333333333333336  3969
20  30.550000000000001  4640
