0  2  4.0  9613.0
0  2  26.0  7481.0
0  2  9.0  9127.0
0  2  22.0  7866.0
0  2  0.0  10000.0
0  2  39.0  6217.0
0  2  85.0  1760.0
0  2  29.0  7188.0
0  2  53.0  4863.0
0  2  13.0  8740.0
0  2  36.0  6508.0
0  2  52.0  4960.0
0  2  59.0  4278.0
0  2  49.0  5247.0
0  2  0.0  10000.0
0  2  0.0  10000.0
0  2  39.0  6217.0
0  2  64.0  3845.0
0  2  39.0  6217.0
0  2  0.0  10000.0
0  2  25.0  7577.0
0  2  29.0  7191.0
0  2  5.0  9516.0
0  2  26.0  7479.0
0  2  16.0  8451.0
0  2  53.0  4860.0
0  2  14.0  8642.0
0  2  1.0  9904.0
0  2  35.0  6605.0
0  2  92.0  1076.0
0  2  49.0  5247.0
0  2  17.0  8351.0
0  2  20.0  8064.0
0  2  61.0  4084.0
0  2  22.0  7868.0
0  2  34.0  6703.0
0  2  71.0  3115.0
0  2  67.0  3503.0
0  2  28.0  7285.0
0  2  59.0  4278.0
0  2  66.0  3598.0
0  2  20.0  8061.0
0  2  39.0  6218.0
0  2  15.0  8545.0
0  2  12.0  8839.0
0  2  36.0  6510.0
0  2  35.0  6605.0
0  2  69.0  3310.0
0  2  24.0  7672.0
0  2  59.0  4278.0
0  2  56.0  4579.0
0  2  28.0  7288.0
0  2  20.0  8063.0
0  2  33.0  6799.0
0  2  8.0  9224.0
0  2  31.0  6994.0
0  2  45.0  5636.0
0  2  22.0  7868.0
0  2  47.0  5442.0
0  2  46.0  5538.0
0  2  64.0  3795.0
0  2  9.0  9127.0
0  2  0.0  10000.0
0  2  30.0  7094.0
0  2  29.0  7187.0
0  2  22.0  7866.0
0  2  28.0  7294.0
0  2  52.0  4961.0
0  2  12.0  8836.0
0  2  18.0  8255.0
0  2  21.0  7963.0
0  2  15.0  8545.0
0  2  47.0  5441.0
0  2  34.0  6702.0
0  2  59.0  4284.0
0  2  19.0  8159.0
0  2  62.0  3988.0
0  2  21.0  7966.0
0  2  43.0  5832.0
0  2  9.0  9127.0
0  2  0.0  10000.0
0  2  16.0  8449.0
0  2  42.0  5927.0
0  2  67.0  3504.0
0  2  0.0  10000.0
0  2  24.0  7673.0
0  2  25.0  7575.0
0  2  34.0  6703.0
0  2  57.0  4471.0
0  2  14.0  8645.0
0  2  92.0  1079.0
0  2  29.0  7188.0
0  2  66.0  3598.0
0  2  76.0  2628.0
0  2  42.0  5927.0
0  2  33.0  6801.0
0  2  2.0  9806.0
0  2  30.0  7104.0
0  2  25.0  7581.0
0  2  24.0  7672.0
1  2  42.0  5895.0
1  2  38.0  6317.0
1  2  6.0  9418.0
1  2  65.0  3639.0
1  2  22.0  7866.0
1  2  92.0  1076.0
1  2  31.0  6993.0
1  2  16.0  8449.0
1  2  26.0  7479.0
1  2  45.0  5637.0
1  2  8.0  9224.0
1  2  29.0  7178.0
1  2  21.0  7965.0
1  2  58.0  4374.0
1  2  10.0  9030.0
1  2  100.0  300.0
1  2  29.0  7190.0
1  2  62.0  3988.0
1  2  60.0  4187.0
1  2  34.0  6693.0
1  2  34.0  6686.0
1  2  34.0  6708.0
1  2  67.0  3527.0
1  2  63.0  3842.0
1  2  76.0  2560.0
1  2  54.0  4764.0
1  2  35.0  6611.0
1  2  45.0  5629.0
1  2  48.0  5319.0
1  2  64.0  3795.0
1  2  44.0  5723.0
1  2  30.0  7682.0
1  2  57.0  4427.0
1  2  17.0  8353.0
1  2  8.0  9224.0
1  2  49.0  5230.0
1  2  32.0  6899.0
1  2  3.0  9710.0
1  2  43.0  5817.0
1  2  52.0  4957.0
1  2  29.0  7188.0
1  2  23.0  7771.0
1  2  13.0  8740.0
1  2  60.0  4183.0
1  2  25.0  7552.0
1  2  29.0  7187.0
1  2  52.0  4931.0
1  2  55.0  4666.0
1  2  55.0  4667.0
1  2  16.0  8448.0
1  2  50.0  5151.0
1  2  23.0  7769.0
1  2  70.0  3211.0
1  2  22.0  7866.0
1  2  72.0  3013.0
1  2  45.0  5639.0
1  2  12.0  8824.0
1  2  30.0  7091.0
1  2  17.0  8352.0
1  2  11.0  8933.0
1  2  9.0  9127.0
1  2  59.0  4260.0
1  2  74.0  2748.0
1  2  63.0  3892.0
1  2  33.0  6802.0
1  2  100.0  300.0
1  2  65.0  3695.0
1  2  31.0  6994.0
1  2  78.0  2414.0
1  2  18.0  8251.0
1  2  42.0  5928.0
1  2  15.0  8548.0
1  2  48.0  5347.0
1  2  75.0  2690.0
1  2  84.0  1852.0
1  2  30.0  7090.0
1  2  21.0  7963.0
1  2  25.0  7575.0
1  2  21.0  7964.0
1  2  21.0  7963.0
1  2  6.0  9419.0
1  2  23.0  7771.0
1  2  56.0  4515.0
1  2  50.0  5111.0
1  2  51.0  5030.0
1  2  53.0  4824.0
1  2  37.0  6416.0
1  2  31.0  6972.0
1  2  34.0  6703.0
1  2  63.0  3892.0
1  2  45.0  5617.0
1  2  41.0  6016.0
1  2  49.0  5211.0
1  2  32.0  6896.0
1  2  27.0  7380.0
1  2  46.0  5496.0
1  2  41.0  6023.0
1  2  0.0  10000.0
1  2  28.0  7292.0
1  2  38.0  6324.0
2  2  86.0  1659.0
2  2  44.0  5700.0
2  2  73.0  2882.0
2  2  36.0  6512.0
2  2  45.0  5607.0
2  2  36.0  6508.0
2  2  45.0  5613.0
2  2  16.0  8449.0
2  2  25.0  7575.0
2  2  17.0  8335.0
2  2  60.0  4156.0
2  2  33.0  6801.0
2  2  24.0  7672.0
2  2  7.0  9321.0
2  2  34.0  6702.0
2  2  0.0  10000.0
2  2  15.0  8545.0
2  2  52.0  4967.0
2  2  65.0  3638.0
2  2  68.0  3390.0
2  2  37.0  6412.0
2  2  77.0  2483.0
2  2  55.0  4630.0
2  2  32.0  6898.0
2  2  20.0  8040.0
2  2  49.0  5204.0
2  2  75.0  2680.0
2  2  99.0  301.0
2  2  30.0  7073.0
2  2  25.0  7582.0
2  2  70.0  3213.0
2  2  96.0  598.0
2  2  56.0  4540.0
2  2  44.0  5732.0
2  2  30.0  7093.0
2  2  27.0  7380.0
2  2  16.0  8448.0
2  2  83.0  1924.0
2  2  12.0  8839.0
2  2  40.0  6126.0
2  2  12.0  8837.0
2  2  51.0  5043.0
2  2  37.0  6411.0
2  2  2.0  9808.0
2  2  29.0  7188.0
2  2  28.0  7284.0
2  2  71.0  3082.0
2  2  77.0  2463.0
2  2  65.0  3645.0
2  2  8.0  9224.0
2  2  75.0  2611.0
2  2  0.0  10000.0
2  2  62.0  3956.0
2  2  81.0  2106.0
2  2  24.0  7672.0
2  2  33.0  6799.0
2  2  72.0  2906.0
2  2  25.0  7575.0
2  2  0.0  10000.0
2  2  0.0  10000.0
2  2  43.0  5829.0
2  2  12.0  8847.0
2  2  24.0  7672.0
2  2  18.0  8250.0
2  2  49.0  5219.0
2  2  17.0  8336.0
2  2  51.0  5011.0
2  2  42.0  5926.0
2  2  43.0  5832.0
2  2  27.0  7385.0
2  2  19.0  8148.0
2  2  24.0  7672.0
2  2  41.0  6024.0
2  2  51.0  5051.0
2  2  24.0  7663.0
2  2  14.0  8642.0
2  2  30.0  7091.0
2  2  43.0  5832.0
2  2  71.0  3077.0
2  2  39.0  6209.0
2  2  90.0  1273.0
2  2  51.0  5002.0
2  2  59.0  4283.0
2  2  43.0  5833.0
2  2  28.0  7264.0
2  2  60.0  4127.0
2  2  14.0  8642.0
2  2  36.0  6511.0
2  2  21.0  7944.0
2  2  45.0  5601.0
2  2  32.0  6888.0
2  2  38.0  6295.0
2  2  21.0  7964.0
2  2  60.0  4123.0
2  2  25.0  7578.0
2  2  15.0  8545.0
2  2  58.0  4374.0
2  2  60.0  4135.0
2  2  39.0  6223.0
2  2  43.0  5787.0
3  2  99.0  315.0
3  2  62.0  3894.0
3  2  73.0  2779.0
3  2  100.0  300.0
3  2  40.0  6125.0
3  2  0.0  10000.0
3  2  54.0  4709.0
3  2  100.0  230.0
3  2  83.0  1949.0
3  2  0.0  10000.0
3  2  86.0  1572.0
3  2  38.0  6316.0
3  2  53.0  4808.0
3  2  38.0  6290.0
3  2  72.0  2879.0
3  2  51.0  5053.0
3  2  26.0  7479.0
3  2  39.0  6217.0
3  2  63.0  3892.0
3  2  69.0  3307.0
3  2  22.0  7870.0
3  2  40.0  6055.0
3  2  56.0  4513.0
3  2  4.0  9612.0
3  2  50.0  5151.0
3  2  46.0  5543.0
3  2  53.0  4806.0
3  2  44.0  5695.0
3  2  61.0  4074.0
3  2  47.0  5442.0
3  2  15.0  8546.0
3  2  0.0  10000.0
3  2  25.0  7576.0
3  2  22.0  7868.0
3  2  51.0  5008.0
3  2  72.0  2983.0
3  2  31.0  6993.0
3  2  27.0  7383.0
3  2  9.0  9129.0
3  2  1.0  9904.0
3  2  62.0  3925.0
3  2  100.0  209.0
3  2  76.0  2573.0
3  2  45.0  5635.0
3  2  33.0  6801.0
3  2  56.0  4460.0
3  2  35.0  6597.0
3  2  0.0  10000.0
3  2  0.0  10000.0
3  2  67.0  3437.0
3  2  90.0  1182.0
3  2  47.0  5417.0
3  2  23.0  7749.0
3  2  42.0  5859.0
3  2  100.0  226.0
3  2  11.0  8933.0
3  2  60.0  4144.0
3  2  52.0  4888.0
3  2  24.0  7672.0
3  2  45.0  5640.0
3  2  54.0  4713.0
3  2  100.0  218.0
3  2  0.0  10000.0
3  2  64.0  3750.0
3  2  45.0  5593.0
3  2  7.0  9321.0
3  2  33.0  6777.0
3  2  33.0  6778.0
3  2  93.0  991.0
3  2  52.0  4965.0
3  2  66.0  3533.0
3  2  11.0  8933.0
3  2  48.0  5322.0
3  2  33.0  6766.0
3  2  73.0  2868.0
3  2  44.0  5689.0
3  2  67.0  3434.0
3  2  26.0  7479.0
3  2  28.0  7273.0
3  2  47.0  5394.0
3  2  62.0  3902.0
3  2  49.0  5187.0
3  2  54.0  4716.0
3  2  89.0  1194.0
3  2  65.0  3652.0
3  2  81.0  2043.0
3  2  40.0  6093.0
3  2  74.0  2779.0
3  2  63.0  3825.0
3  2  0.0  10000.0
3  2  94.0  802.0
3  2  40.0  6083.0
3  2  0.0  10000.0
3  2  23.0  7769.0
3  2  45.0  5640.0
3  2  89.0  1207.0
3  2  8.0  9225.0
3  2  53.0  4807.0
3  2  81.0  2143.0
3  2  61.0  4036.0
4  2  45.0  5600.0
4  2  78.0  2316.0
4  2  8.0  9225.0
4  2  60.0  4151.0
4  2  51.0  5057.0
4  2  82.0  1847.0
4  2  0.0  10000.0
4  2  94.0  788.0
4  2  79.0  2288.0
4  2  28.0  7284.0
4  2  45.0  5606.0
4  2  3.0  9709.0
4  2  38.0  6315.0
4  2  97.0  351.0
4  2  100.0  201.0
4  2  51.0  5013.0
4  2  57.0  4430.0
4  2  74.0  2632.0
4  2  85.0  1590.0
4  2  50.0  5144.0
4  2  89.0  1353.0
4  2  65.0  3634.0
4  2  31.0  6993.0
4  2  26.0  7460.0
4  2  92.0  1076.0
4  2  26.0  7469.0
4  2  26.0  7458.0
4  2  87.0  1442.0
4  2  11.0  8917.0
4  2  35.0  6585.0
4  2  86.0  1445.0
4  2  64.0  3734.0
4  2  43.0  5806.0
4  2  8.0  9224.0
4  2  72.0  2964.0
4  2  19.0  8157.0
4  2  0.0  10000.0
4  2  26.0  7479.0
4  2  39.0  6177.0
4  2  12.0  8838.0
4  2  44.0  5704.0
4  2  72.0  2935.0
4  2  41.0  5994.0
4  2  36.0  6509.0
4  2  51.0  5008.0
4  2  0.0  10000.0
4  2  28.0  7272.0
4  2  5.0  9515.0
4  2  17.0  8356.0
4  2  23.0  7773.0
4  2  94.0  793.0
4  2  35.0  6602.0
4  2  57.0  4477.0
4  2  31.0  6966.0
4  2  55.0  4642.0
4  2  48.0  5313.0
4  2  85.0  1590.0
4  2  79.0  2185.0
4  2  63.0  3792.0
4  2  38.0  6277.0
4  2  34.0  6644.0
4  2  54.0  4716.0
4  2  23.0  7748.0
4  2  100.0  18.0
4  2  14.0  8634.0
4  2  38.0  6277.0
4  2  71.0  2994.0
4  2  100.0  200.0
4  2  33.0  6733.0
4  2  50.0  5152.0
4  2  32.0  6895.0
4  2  47.0  5441.0
4  2  72.0  2998.0
4  2  69.0  3228.0
4  2  83.0  1839.0
4  2  15.0  8531.0
4  2  59.0  4231.0
4  2  92.0  921.0
4  2  64.0  3727.0
4  2  64.0  3772.0
4  2  81.0  2072.0
4  2  36.0  6510.0
4  2  28.0  7285.0
4  2  58.0  4290.0
4  2  12.0  8828.0
4  2  28.0  7284.0
4  2  70.0  3106.0
4  2  54.0  4696.0
4  2  95.0  625.0
4  2  31.0  6998.0
4  2  72.0  2946.0
4  2  64.0  3798.0
4  2  59.0  4194.0
4  2  64.0  3736.0
4  2  60.0  4112.0
4  2  91.0  1010.0
4  2  77.0  2464.0
4  2  48.0  5307.0
4  2  70.0  3213.0
4  2  53.0  4816.0
5  2  44.0  5660.0
5  2  71.0  3024.0
5  2  23.0  7727.0
5  2  41.0  5989.0
5  2  87.0  1410.0
5  2  83.0  1868.0
5  2  0.0  10000.0
5  2  96.0  561.0
5  2  91.0  1089.0
5  2  85.0  1538.0
5  2  69.0  3187.0
5  2  72.0  2952.0
5  2  91.0  978.0
5  2  97.0  329.0
5  2  100.0  200.0
5  2  71.0  3082.0
5  2  22.0  7867.0
5  2  89.0  1282.0
5  2  58.0  4305.0
5  2  56.0  4526.0
5  2  40.0  6120.0
5  2  36.0  6509.0
5  2  68.0  3374.0
5  2  69.0  3219.0
5  2  24.0  7674.0
5  2  85.0  1558.0
5  2  20.0  8040.0
5  2  72.0  2878.0
5  2  47.0  5356.0
5  2  100.0  83.0
5  2  42.0  5892.0
5  2  0.0  10000.0
5  2  67.0  3431.0
5  2  62.0  3925.0
5  2  37.0  6415.0
5  2  87.0  1408.0
5  2  9.0  9123.0
5  2  72.0  2960.0
5  2  81.0  2006.0
5  2  52.0  4967.0
5  2  98.0  296.0
5  2  32.0  6879.0
5  2  27.0  7381.0
5  2  24.0  7658.0
5  2  41.0  5990.0
5  2  10.0  9020.0
5  2  23.0  7769.0
5  2  74.0  2842.0
5  2  3.0  9709.0
5  2  2.0  9806.0
5  2  40.0  6123.0
5  2  86.0  1519.0
5  2  67.0  3402.0
5  2  56.0  4554.0
5  2  87.0  1401.0
5  2  16.0  8448.0
5  2  55.0  4611.0
5  2  92.0  850.0
5  2  68.0  3340.0
5  2  67.0  3443.0
5  2  41.0  5980.0
5  2  40.0  6123.0
5  2  91.0  1173.0
5  2  58.0  4311.0
5  2  100.0  200.0
5  2  48.0  5314.0
5  2  25.0  7577.0
5  2  52.0  4925.0
5  2  27.0  7354.0
5  2  85.0  1671.0
5  2  48.0  5344.0
5  2  40.0  6065.0
5  2  23.0  7753.0
5  2  15.0  8527.0
5  2  81.0  2065.0
5  2  79.0  2221.0
5  2  21.0  7964.0
5  2  58.0  4296.0
5  2  42.0  5886.0
5  2  39.0  6225.0
5  2  72.0  2962.0
5  2  60.0  4109.0
5  2  35.0  6553.0
5  2  65.0  3644.0
5  2  79.0  2219.0
5  2  86.0  1416.0
5  2  51.0  5055.0
5  2  95.0  595.0
5  2  29.0  7191.0
5  2  0.0  10000.0
5  2  45.0  5577.0
5  2  22.0  7866.0
5  2  64.0  3666.0
5  2  26.0  7478.0
5  2  36.0  6489.0
5  2  42.0  5862.0
5  2  58.0  4346.0
5  2  46.0  5493.0
5  2  58.0  4280.0
5  2  64.0  3693.0
6  2  89.0  1264.0
6  2  44.0  5673.0
6  2  51.0  4960.0
6  2  23.0  7770.0
6  2  86.0  1471.0
6  2  51.0  5054.0
6  2  100.0  112.0
6  2  60.0  4095.0
6  2  53.0  4807.0
6  2  0.0  10000.0
6  2  57.0  4370.0
6  2  78.0  2436.0
6  2  73.0  2832.0
6  2  88.0  1376.0
6  2  94.0  641.0
6  2  37.0  6414.0
6  2  96.0  592.0
6  2  37.0  6371.0
6  2  25.0  7578.0
6  2  0.0  10000.0
6  2  81.0  2067.0
6  2  78.0  2360.0
6  2  61.0  3972.0
6  2  67.0  3502.0
6  2  89.0  1278.0
6  2  22.0  7877.0
6  2  76.0  2525.0
6  2  39.0  6218.0
6  2  48.0  5304.0
6  2  61.0  4025.0
6  2  80.0  2074.0
6  2  59.0  4200.0
6  2  100.0  62.0
6  2  56.0  4459.0
6  2  67.0  3441.0
6  2  100.0  122.0
6  2  79.0  2213.0
6  2  76.0  2563.0
6  2  13.0  8729.0
6  2  54.0  4698.0
6  2  84.0  1678.0
6  2  37.0  6396.0
6  2  27.0  7381.0
6  2  77.0  2425.0
6  2  48.0  5347.0
6  2  93.0  774.0
6  2  100.0  300.0
6  2  100.0  85.0
6  2  65.0  3599.0
6  2  42.0  5842.0
6  2  25.0  7550.0
6  2  9.0  9129.0
6  2  100.0  61.0
6  2  59.0  4280.0
6  2  31.0  6975.0
6  2  54.0  4671.0
6  2  76.0  2513.0
6  2  61.0  4111.0
6  2  95.0  595.0
6  2  95.0  657.0
6  2  56.0  4469.0
6  2  62.0  3934.0
6  2  68.0  3337.0
6  2  80.0  2094.0
6  2  75.0  2656.0
6  2  40.0  6081.0
6  2  73.0  2796.0
6  2  88.0  1273.0
6  2  86.0  1593.0
6  2  92.0  942.0
6  2  47.0  5387.0
6  2  44.0  5732.0
6  2  33.0  6799.0
6  2  62.0  3876.0
6  2  33.0  6770.0
6  2  78.0  2451.0
6  2  90.0  1180.0
6  2  74.0  2664.0
6  2  77.0  2435.0
6  2  36.0  6449.0
6  2  57.0  4392.0
6  2  54.0  4710.0
6  2  79.0  2128.0
6  2  0.0  10000.0
6  2  21.0  7952.0
6  2  68.0  3337.0
6  2  33.0  6766.0
6  2  71.0  3044.0
6  2  45.0  5610.0
6  2  38.0  6291.0
6  2  97.0  360.0
6  2  85.0  1646.0
6  2  77.0  2427.0
6  2  22.0  7835.0
6  2  43.0  5793.0
6  2  62.0  3940.0
6  2  48.0  5264.0
6  2  71.0  3058.0
6  2  58.0  4333.0
6  2  0.0  10000.0
7  2  80.0  2080.0
7  2  35.0  6607.0
7  2  82.0  1913.0
7  2  97.0  402.0
7  2  88.0  1324.0
7  2  83.0  1818.0
7  2  5.0  9563.0
7  2  60.0  4038.0
7  2  40.0  6120.0
7  2  18.0  8263.0
7  2  61.0  3932.0
7  2  0.0  10000.0
7  2  77.0  2410.0
7  2  55.0  4618.0
7  2  62.0  3933.0
7  2  71.0  3013.0
7  2  85.0  1540.0
7  2  100.0  300.0
7  2  96.0  410.0
7  2  79.0  2242.0
7  2  3.0  9709.0
7  2  62.0  3860.0
7  2  88.0  1271.0
7  2  60.0  4184.0
7  2  40.0  6098.0
7  2  100.0  23.0
7  2  37.0  6391.0
7  2  48.0  5351.0
7  2  69.0  3183.0
7  2  100.0  200.0
7  2  36.0  6422.0
7  2  74.0  2683.0
7  2  52.0  4956.0
7  2  36.0  6485.0
7  2  84.0  1732.0
7  2  34.0  6654.0
7  2  90.0  1076.0
7  2  14.0  8642.0
7  2  59.0  4229.0
7  2  75.0  2634.0
7  2  100.0  43.0
7  2  76.0  2490.0
7  2  50.0  5106.0
7  2  56.0  4560.0
7  2  71.0  2957.0
7  2  41.0  5994.0
7  2  57.0  4420.0
7  2  91.0  999.0
7  2  29.0  7163.0
7  2  61.0  3961.0
7  2  42.0  5852.0
7  2  83.0  1869.0
7  2  84.0  1746.0
7  2  100.0  90.0
7  2  39.0  6178.0
7  2  61.0  3922.0
7  2  47.0  5410.0
7  2  62.0  3976.0
7  2  52.0  4907.0
7  2  62.0  3929.0
7  2  0.0  10000.0
7  2  73.0  2794.0
7  2  70.0  3174.0
7  2  20.0  8063.0
7  2  71.0  2954.0
7  2  99.0  208.0
7  2  75.0  2662.0
7  2  82.0  2045.0
7  2  93.0  848.0
7  2  85.0  1707.0
7  2  53.0  4797.0
7  2  46.0  5542.0
7  2  0.0  10000.0
7  2  70.0  3149.0
7  2  35.0  6558.0
7  2  89.0  1148.0
7  2  94.0  610.0
7  2  91.0  981.0
7  2  66.0  3510.0
7  2  72.0  2955.0
7  2  59.0  4105.0
7  2  100.0  45.0
7  2  42.0  5896.0
7  2  0.0  10000.0
7  2  47.0  5420.0
7  2  98.0  232.0
7  2  29.0  7161.0
7  2  66.0  3471.0
7  2  100.0  47.0
7  2  38.0  6315.0
7  2  0.0  10000.0
7  2  47.0  5407.0
7  2  83.0  1763.0
7  2  88.0  1344.0
7  2  89.0  1297.0
7  2  49.0  5210.0
7  2  72.0  2949.0
7  2  73.0  2851.0
7  2  88.0  1211.0
7  2  72.0  2889.0
8  2  77.0  2404.0
8  2  79.0  2155.0
8  2  90.0  1000.0
8  2  92.0  867.0
8  2  100.0  128.0
8  2  96.0  453.0
8  2  73.0  2817.0
8  2  78.0  2312.0
8  2  14.0  8635.0
8  2  61.0  3965.0
8  2  53.0  4784.0
8  2  66.0  3443.0
8  2  90.0  1040.0
8  2  20.0  8060.0
8  2  59.0  4219.0
8  2  57.0  4419.0
8  2  55.0  4599.0
8  2  91.0  969.0
8  2  100.0  1.0
8  2  73.0  2795.0
8  2  67.0  3328.0
8  2  84.0  1724.0
8  2  79.0  2167.0
8  2  91.0  949.0
8  2  73.0  2750.0
8  2  31.0  6986.0
8  2  82.0  1821.0
8  2  100.0  70.0
8  2  72.0  2937.0
8  2  70.0  3077.0
8  2  79.0  2131.0
8  2  75.0  2686.0
8  2  0.0  10000.0
8  2  74.0  2668.0
8  2  36.0  6473.0
8  2  79.0  2194.0
8  2  87.0  1388.0
8  2  75.0  2673.0
8  2  68.0  3287.0
8  2  78.0  2252.0
8  2  91.0  970.0
8  2  94.0  744.0
8  2  74.0  2705.0
8  2  87.0  1330.0
8  2  0.0  10000.0
8  2  0.0  10000.0
8  2  53.0  4802.0
8  2  86.0  1532.0
8  2  82.0  1858.0
8  2  97.0  423.0
8  2  100.0  200.0
8  2  0.0  10000.0
8  2  41.0  5961.0
8  2  100.0  300.0
8  2  93.0  725.0
8  2  96.0  575.0
8  2  39.0  6220.0
8  2  88.0  1291.0
8  2  79.0  2222.0
8  2  47.0  5378.0
8  2  81.0  2045.0
8  2  75.0  2512.0
8  2  11.0  8922.0
8  2  80.0  2056.0
8  2  10.0  9030.0
8  2  95.0  550.0
8  2  79.0  2215.0
8  2  11.0  8934.0
8  2  84.0  1685.0
8  2  80.0  2054.0
8  2  81.0  1953.0
8  2  68.0  3226.0
8  2  0.0  10000.0
8  2  79.0  2171.0
8  2  91.0  901.0
8  2  67.0  3359.0
8  2  90.0  1100.0
8  2  42.0  5906.0
8  2  88.0  1375.0
8  2  95.0  511.0
8  2  65.0  3666.0
8  2  99.0  160.0
8  2  33.0  6803.0
8  2  61.0  4023.0
8  2  47.0  5443.0
8  2  71.0  2936.0
8  2  36.0  6508.0
8  2  94.0  798.0
8  2  100.0  27.0
8  2  63.0  3772.0
8  2  40.0  6088.0
8  2  44.0  5688.0
8  2  82.0  1844.0
8  2  83.0  1765.0
8  2  81.0  1918.0
8  2  76.0  2479.0
8  2  88.0  1280.0
8  2  90.0  1091.0
8  2  67.0  3437.0
8  2  82.0  1827.0
9  2  58.0  4310.0
9  2  44.0  5736.0
9  2  47.0  5335.0
9  2  16.0  8452.0
9  2  62.0  3888.0
9  2  66.0  3429.0
9  2  100.0  100.0
9  2  84.0  1624.0
9  2  79.0  2261.0
9  2  77.0  2360.0
9  2  78.0  2265.0
9  2  72.0  2823.0
9  2  83.0  1809.0
9  2  46.0  5443.0
9  2  92.0  1016.0
9  2  90.0  1139.0
9  2  84.0  1668.0
9  2  84.0  1695.0
9  2  61.0  3986.0
9  2  0.0  10000.0
9  2  75.0  2658.0
9  2  97.0  309.0
9  2  39.0  6165.0
9  2  85.0  1576.0
9  2  48.0  5281.0
9  2  67.0  3381.0
9  2  66.0  3523.0
9  2  65.0  3659.0
9  2  74.0  2635.0
9  2  62.0  3899.0
9  2  54.0  4702.0
9  2  92.0  845.0
9  2  85.0  1607.0
9  2  96.0  523.0
9  2  51.0  4972.0
9  2  67.0  3347.0
9  2  71.0  3003.0
9  2  83.0  1871.0
9  2  43.0  5779.0
9  2  73.0  2798.0
9  2  97.0  348.0
9  2  72.0  2930.0
9  2  100.0  31.0
9  2  97.0  407.0
9  2  95.0  500.0
9  2  74.0  2717.0
9  2  53.0  4753.0
9  2  89.0  1205.0
9  2  100.0  12.0
9  2  56.0  4568.0
9  2  93.0  798.0
9  2  49.0  5253.0
9  2  15.0  8546.0
9  2  82.0  1872.0
9  2  83.0  1827.0
9  2  70.0  3052.0
9  2  77.0  2439.0
9  2  96.0  532.0
9  2  93.0  905.0
9  2  80.0  2022.0
9  2  79.0  2271.0
9  2  64.0  3754.0
9  2  72.0  2853.0
9  2  0.0  10000.0
9  2  44.0  5693.0
9  2  58.0  4322.0
9  2  92.0  846.0
9  2  0.0  10000.0
9  2  13.0  8739.0
9  2  84.0  1689.0
9  2  85.0  1634.0
9  2  82.0  1901.0
9  2  92.0  904.0
9  2  100.0  215.0
9  2  50.0  5054.0
9  2  48.0  5281.0
9  2  73.0  2781.0
9  2  78.0  2253.0
9  2  55.0  4592.0
9  2  72.0  2828.0
9  2  61.0  4084.0
9  2  12.0  8831.0
9  2  80.0  2063.0
9  2  90.0  1181.0
9  2  41.0  5959.0
9  2  74.0  2678.0
9  2  84.0  1698.0
9  2  89.0  1380.0
9  2  0.0  10000.0
9  2  100.0  79.0
9  2  100.0  22.0
9  2  77.0  2361.0
9  2  93.0  722.0
9  2  72.0  2853.0
9  2  38.0  6276.0
9  2  100.0  119.0
9  2  90.0  1067.0
9  2  41.0  6028.0
9  2  100.0  203.0
9  2  97.0  325.0
10  2  59.0  4170.0
10  2  47.0  5391.0
10  2  72.0  2958.0
10  2  98.0  205.0
10  2  72.0  2821.0
10  2  39.0  6217.0
10  2  84.0  1659.0
10  2  98.0  262.0
10  2  39.0  6191.0
10  2  96.0  452.0
10  2  28.0  7256.0
10  2  22.0  7857.0
10  2  100.0  89.0
10  2  100.0  6.0
10  2  96.0  463.0
10  2  47.0  5324.0
10  2  73.0  2805.0
10  2  91.0  991.0
10  2  78.0  2212.0
10  2  15.0  8545.0
10  2  42.0  5857.0
10  2  74.0  2688.0
10  2  93.0  766.0
10  2  79.0  2310.0
10  2  62.0  3932.0
10  2  66.0  3440.0
10  2  56.0  4453.0
10  2  84.0  1702.0
10  2  71.0  3085.0
10  2  56.0  4518.0
10  2  94.0  647.0
10  2  92.0  826.0
10  2  82.0  1976.0
10  2  63.0  3763.0
10  2  74.0  2650.0
10  2  100.0  57.0
10  2  86.0  1596.0
10  2  96.0  435.0
10  2  71.0  3024.0
10  2  92.0  836.0
10  2  8.0  9224.0
10  2  93.0  774.0
10  2  92.0  915.0
10  2  66.0  3425.0
10  2  52.0  4867.0
10  2  84.0  1702.0
10  2  60.0  4106.0
10  2  93.0  758.0
10  2  59.0  4252.0
10  2  37.0  6402.0
10  2  29.0  7148.0
10  2  74.0  2628.0
10  2  84.0  1682.0
10  2  48.0  5321.0
10  2  65.0  3621.0
10  2  87.0  1403.0
10  2  33.0  6801.0
10  2  16.0  8432.0
10  2  97.0  303.0
10  2  96.0  421.0
10  2  71.0  2990.0
10  2  87.0  1327.0
10  2  80.0  2105.0
10  2  71.0  2971.0
10  2  76.0  2444.0
10  2  86.0  1529.0
10  2  100.0  211.0
10  2  0.0  10000.0
10  2  63.0  3820.0
10  2  82.0  1863.0
10  2  30.0  7091.0
10  2  85.0  1580.0
10  2  85.0  1510.0
10  2  68.0  3326.0
10  2  35.0  6608.0
10  2  76.0  2519.0
10  2  46.0  5466.0
10  2  66.0  3425.0
10  2  50.0  5060.0
10  2  85.0  1600.0
10  2  65.0  3637.0
10  2  0.0  10000.0
10  2  93.0  709.0
10  2  70.0  3101.0
10  2  42.0  5843.0
10  2  79.0  2195.0
10  2  100.0  21.0
10  2  50.0  5123.0
10  2  76.0  2442.0
10  2  88.0  1376.0
10  2  70.0  3055.0
10  2  92.0  849.0
10  2  91.0  943.0
10  2  40.0  6092.0
10  2  68.0  3270.0
10  2  89.0  1136.0
10  2  84.0  1646.0
10  2  43.0  5776.0
10  2  45.0  5593.0
10  2  94.0  621.0
11  2  93.0  736.0
11  2  82.0  1973.0
11  2  79.0  2160.0
11  2  84.0  1684.0
11  2  28.0  7257.0
11  2  41.0  5982.0
11  2  71.0  3051.0
11  2  84.0  1768.0
11  2  100.0  133.0
11  2  100.0  28.0
11  2  61.0  4030.0
11  2  94.0  796.0
11  2  46.0  5403.0
11  2  86.0  1467.0
11  2  83.0  1803.0
11  2  93.0  754.0
11  2  77.0  2427.0
11  2  62.0  3846.0
11  2  52.0  4873.0
11  2  100.0  26.0
11  2  59.0  4278.0
11  2  84.0  1634.0
11  2  38.0  6317.0
11  2  52.0  4924.0
11  2  68.0  3257.0
11  2  73.0  2797.0
11  2  81.0  1917.0
11  2  92.0  922.0
11  2  83.0  1741.0
11  2  11.0  8924.0
11  2  100.0  26.0
11  2  96.0  401.0
11  2  33.0  6767.0
11  2  100.0  40.0
11  2  95.0  610.0
11  2  64.0  3623.0
11  2  59.0  4153.0
11  2  36.0  6508.0
11  2  100.0  78.0
11  2  61.0  4025.0
11  2  72.0  2865.0
11  2  99.0  163.0
11  2  82.0  1827.0
11  2  62.0  3923.0
11  2  73.0  2811.0
11  2  84.0  1639.0
11  2  100.0  55.0
11  2  94.0  610.0
11  2  64.0  3657.0
11  2  93.0  715.0
11  2  95.0  541.0
11  2  0.0  10000.0
11  2  97.0  345.0
11  2  0.0  10000.0
11  2  93.0  739.0
11  2  56.0  4425.0
11  2  53.0  4758.0
11  2  86.0  1488.0
11  2  37.0  6414.0
11  2  0.0  10000.0
11  2  88.0  1235.0
11  2  90.0  1053.0
11  2  38.0  6314.0
11  2  98.0  222.0
11  2  43.0  5832.0
11  2  70.0  3070.0
11  2  0.0  10000.0
11  2  84.0  1690.0
11  2  82.0  1914.0
11  2  95.0  594.0
11  2  76.0  2575.0
11  2  61.0  4076.0
11  2  85.0  1534.0
11  2  91.0  974.0
11  2  80.0  2018.0
11  2  64.0  3668.0
11  2  85.0  1567.0
11  2  46.0  5497.0
11  2  43.0  5762.0
11  2  62.0  3848.0
11  2  59.0  4194.0
11  2  84.0  1676.0
11  2  99.0  118.0
11  2  85.0  1551.0
11  2  100.0  15.0
11  2  81.0  2051.0
11  2  52.0  4880.0
11  2  62.0  3987.0
11  2  73.0  2818.0
11  2  0.0  10000.0
11  2  78.0  2285.0
11  2  66.0  3500.0
11  2  94.0  629.0
11  2  87.0  1374.0
11  2  90.0  1019.0
11  2  75.0  2564.0
11  2  85.0  1585.0
11  2  29.0  7163.0
11  2  89.0  1129.0
11  2  92.0  807.0
12  2  84.0  1640.0
12  2  100.0  14.0
12  2  96.0  498.0
12  2  92.0  985.0
12  2  59.0  4188.0
12  2  58.0  4380.0
12  2  77.0  2382.0
12  2  70.0  3060.0
12  2  62.0  3923.0
12  2  83.0  1761.0
12  2  78.0  2276.0
12  2  94.0  610.0
12  2  94.0  658.0
12  2  81.0  2051.0
12  2  66.0  3520.0
12  2  66.0  3454.0
12  2  100.0  26.0
12  2  100.0  100.0
12  2  79.0  2194.0
12  2  80.0  2050.0
12  2  0.0  10000.0
12  2  89.0  1155.0
12  2  67.0  3329.0
12  2  81.0  2143.0
12  2  80.0  2093.0
12  2  58.0  4306.0
12  2  75.0  2536.0
12  2  47.0  5385.0
12  2  94.0  699.0
12  2  65.0  3696.0
12  2  94.0  689.0
12  2  87.0  1355.0
12  2  98.0  253.0
12  2  95.0  688.0
12  2  100.0  200.0
12  2  81.0  1984.0
12  2  82.0  1844.0
12  2  70.0  3065.0
12  2  26.0  7474.0
12  2  86.0  1479.0
12  2  89.0  1197.0
12  2  99.0  103.0
12  2  93.0  705.0
12  2  56.0  4479.0
12  2  100.0  102.0
12  2  99.0  154.0
12  2  83.0  1793.0
12  2  81.0  1946.0
12  2  100.0  213.0
12  2  68.0  3306.0
12  2  97.0  335.0
12  2  79.0  2101.0
12  2  48.0  5296.0
12  2  99.0  120.0
12  2  40.0  6082.0
12  2  49.0  5203.0
12  2  53.0  4784.0
12  2  100.0  30.0
12  2  95.0  577.0
12  2  100.0  3.0
12  2  87.0  1440.0
12  2  63.0  3831.0
12  2  90.0  1182.0
12  2  90.0  1067.0
12  2  66.0  3607.0
12  2  89.0  1232.0
12  2  58.0  4334.0
12  2  87.0  1378.0
12  2  72.0  2939.0
12  2  82.0  1991.0
12  2  93.0  771.0
12  2  93.0  755.0
12  2  96.0  408.0
12  2  0.0  10000.0
12  2  98.0  219.0
12  2  65.0  3556.0
12  2  0.0  10000.0
12  2  77.0  2359.0
12  2  76.0  2471.0
12  2  100.0  13.0
12  2  60.0  4039.0
12  2  97.0  313.0
12  2  100.0  149.0
12  2  40.0  6095.0
12  2  100.0  112.0
12  2  89.0  1109.0
12  2  82.0  1824.0
12  2  57.0  4320.0
12  2  100.0  28.0
12  2  94.0  639.0
12  2  82.0  2000.0
12  2  92.0  946.0
12  2  94.0  802.0
12  2  100.0  3.0
12  2  84.0  1726.0
12  2  98.0  298.0
12  2  82.0  1971.0
12  2  27.0  7381.0
12  2  56.0  4470.0
12  2  97.0  351.0
13  2  86.0  1489.0
13  2  82.0  1913.0
13  2  96.0  438.0
13  2  57.0  4317.0
13  2  55.0  4630.0
13  2  81.0  1999.0
13  2  0.0  10000.0
13  2  64.0  3611.0
13  2  71.0  2979.0
13  2  74.0  2700.0
13  2  80.0  2025.0
13  2  60.0  4047.0
13  2  53.0  4808.0
13  2  92.0  835.0
13  2  99.0  170.0
13  2  85.0  1575.0
13  2  88.0  1304.0
13  2  97.0  354.0
13  2  44.0  5645.0
13  2  100.0  2.0
13  2  86.0  1487.0
13  2  85.0  1585.0
13  2  87.0  1315.0
13  2  44.0  5635.0
13  2  27.0  7381.0
13  2  70.0  3059.0
13  2  95.0  594.0
13  2  63.0  3820.0
13  2  100.0  231.0
13  2  52.0  4956.0
13  2  98.0  258.0
13  2  54.0  4701.0
13  2  100.0  58.0
13  2  0.0  10000.0
13  2  92.0  877.0
13  2  95.0  532.0
13  2  7.0  9321.0
13  2  93.0  715.0
13  2  76.0  2555.0
13  2  100.0  111.0
13  2  98.0  311.0
13  2  100.0  41.0
13  2  90.0  1007.0
13  2  100.0  300.0
13  2  72.0  2850.0
13  2  69.0  3125.0
13  2  79.0  2215.0
13  2  94.0  690.0
13  2  80.0  2104.0
13  2  80.0  2002.0
13  2  98.0  272.0
13  2  81.0  2071.0
13  2  100.0  100.0
13  2  100.0  170.0
13  2  93.0  711.0
13  2  70.0  3051.0
13  2  74.0  2652.0
13  2  83.0  1745.0
13  2  89.0  1177.0
13  2  62.0  3862.0
13  2  91.0  933.0
13  2  86.0  1464.0
13  2  90.0  1015.0
13  2  100.0  75.0
13  2  87.0  1350.0
13  2  94.0  668.0
13  2  71.0  3015.0
13  2  100.0  16.0
13  2  100.0  109.0
13  2  100.0  21.0
13  2  90.0  1065.0
13  2  93.0  756.0
13  2  86.0  1450.0
13  2  68.0  3270.0
13  2  67.0  3376.0
13  2  71.0  3057.0
13  2  1.0  9903.0
13  2  81.0  2064.0
13  2  63.0  3748.0
13  2  45.0  5531.0
13  2  19.0  8122.0
13  2  78.0  2300.0
13  2  77.0  2374.0
13  2  97.0  330.0
13  2  83.0  1733.0
13  2  100.0  7.0
13  2  69.0  3162.0
13  2  100.0  59.0
13  2  91.0  900.0
13  2  94.0  679.0
13  2  60.0  4128.0
13  2  100.0  21.0
13  2  100.0  1.0
13  2  100.0  145.0
13  2  83.0  1700.0
13  2  91.0  914.0
13  2  92.0  880.0
13  2  66.0  3494.0
13  2  91.0  934.0
13  2  23.0  7746.0
14  2  88.0  1293.0
14  2  73.0  2774.0
14  2  97.0  363.0
14  2  60.0  4050.0
14  2  80.0  2031.0
14  2  100.0  12.0
14  2  73.0  2773.0
14  2  86.0  1481.0
14  2  85.0  1572.0
14  2  79.0  2167.0
14  2  95.0  567.0
14  2  93.0  1000.0
14  2  96.0  546.0
14  2  89.0  1159.0
14  2  97.0  351.0
14  2  55.0  4578.0
14  2  70.0  3076.0
14  2  65.0  3570.0
14  2  100.0  8.0
14  2  72.0  2901.0
14  2  65.0  3525.0
14  2  87.0  1337.0
14  2  96.0  406.0
14  2  100.0  16.0
14  2  31.0  6963.0
14  2  53.0  4758.0
14  2  38.0  6270.0
14  2  100.0  5.0
14  2  98.0  210.0
14  2  78.0  2255.0
14  2  83.0  1767.0
14  2  98.0  220.0
14  2  100.0  209.0
14  2  52.0  4823.0
14  2  57.0  4311.0
14  2  69.0  3207.0
14  2  87.0  1358.0
14  2  81.0  1947.0
14  2  75.0  2670.0
14  2  100.0  57.0
14  2  86.0  1414.0
14  2  97.0  410.0
14  2  61.0  3937.0
14  2  85.0  1599.0
14  2  83.0  1832.0
14  2  85.0  1563.0
14  2  82.0  1801.0
14  2  73.0  2824.0
14  2  81.0  1928.0
14  2  100.0  3.0
14  2  63.0  3765.0
14  2  50.0  5066.0
14  2  64.0  3651.0
14  2  100.0  45.0
14  2  84.0  1620.0
14  2  86.0  1434.0
14  2  68.0  3341.0
14  2  80.0  2120.0
14  2  100.0  35.0
14  2  83.0  1748.0
14  2  84.0  1675.0
14  2  77.0  2411.0
14  2  44.0  5654.0
14  2  68.0  3216.0
14  2  96.0  456.0
14  2  100.0  40.0
14  2  70.0  3025.0
14  2  100.0  129.0
14  2  71.0  2972.0
14  2  89.0  1159.0
14  2  70.0  3091.0
14  2  0.0  10000.0
14  2  28.0  7271.0
14  2  44.0  5679.0
14  2  100.0  10.0
14  2  78.0  2398.0
14  2  81.0  2041.0
14  2  91.0  998.0
14  2  96.0  437.0
14  2  90.0  1092.0
14  2  87.0  1365.0
14  2  100.0  56.0
14  2  43.0  5748.0
14  2  92.0  818.0
14  2  82.0  1887.0
14  2  83.0  1761.0
14  2  91.0  1032.0
14  2  71.0  2971.0
14  2  50.0  5088.0
14  2  94.0  684.0
14  2  55.0  4593.0
14  2  82.0  1876.0
14  2  92.0  829.0
14  2  75.0  2541.0
14  2  95.0  566.0
14  2  77.0  2334.0
14  2  77.0  2302.0
14  2  79.0  2230.0
14  2  89.0  1192.0
14  2  73.0  2881.0
15  2  67.0  3369.0
15  2  76.0  2476.0
15  2  100.0  89.0
15  2  91.0  1014.0
15  2  96.0  401.0
15  2  100.0  27.0
15  2  71.0  2990.0
15  2  92.0  881.0
15  2  93.0  777.0
15  2  82.0  1827.0
15  2  59.0  4281.0
15  2  91.0  989.0
15  2  66.0  3493.0
15  2  92.0  902.0
15  2  82.0  1865.0
15  2  91.0  961.0
15  2  76.0  2520.0
15  2  62.0  3897.0
15  2  81.0  1993.0
15  2  88.0  1257.0
15  2  80.0  2046.0
15  2  70.0  3092.0
15  2  100.0  10.0
15  2  72.0  2855.0
15  2  100.0  205.0
15  2  82.0  1809.0
15  2  84.0  1655.0
15  2  86.0  1448.0
15  2  73.0  2750.0
15  2  100.0  139.0
15  2  73.0  2827.0
15  2  97.0  393.0
15  2  59.0  4170.0
15  2  74.0  2704.0
15  2  89.0  1126.0
15  2  63.0  3807.0
15  2  74.0  2749.0
15  2  76.0  2449.0
15  2  83.0  1850.0
15  2  86.0  1519.0
15  2  26.0  7461.0
15  2  83.0  1761.0
15  2  41.0  5963.0
15  2  100.0  103.0
15  2  88.0  1254.0
15  2  93.0  706.0
15  2  93.0  729.0
15  2  93.0  762.0
15  2  67.0  3360.0
15  2  75.0  2537.0
15  2  90.0  1042.0
15  2  96.0  424.0
15  2  0.0  10000.0
15  2  55.0  4576.0
15  2  83.0  1741.0
15  2  83.0  1754.0
15  2  89.0  1214.0
15  2  75.0  2603.0
15  2  100.0  9.0
15  2  76.0  2400.0
15  2  88.0  1245.0
15  2  93.0  734.0
15  2  74.0  2711.0
15  2  100.0  134.0
15  2  70.0  3102.0
15  2  67.0  3331.0
15  2  100.0  57.0
15  2  71.0  2928.0
15  2  82.0  1819.0
15  2  98.0  277.0
15  2  64.0  3736.0
15  2  92.0  834.0
15  2  90.0  1063.0
15  2  92.0  820.0
15  2  76.0  2547.0
15  2  100.0  2.0
15  2  81.0  1958.0
15  2  100.0  12.0
15  2  95.0  513.0
15  2  54.0  4624.0
15  2  91.0  961.0
15  2  100.0  94.0
15  2  100.0  10.0
15  2  100.0  2.0
15  2  100.0  95.0
15  2  97.0  309.0
15  2  95.0  578.0
15  2  78.0  2201.0
15  2  86.0  1499.0
15  2  88.0  1222.0
15  2  86.0  1462.0
15  2  69.0  3154.0
15  2  76.0  2440.0
15  2  87.0  1362.0
15  2  92.0  902.0
15  2  76.0  2469.0
15  2  46.0  5492.0
15  2  58.0  4271.0
15  2  86.0  1404.0
15  2  91.0  911.0
16  2  85.0  1514.0
16  2  100.0  5.0
16  2  94.0  636.0
16  2  100.0  10.0
16  2  52.0  4855.0
16  2  74.0  2682.0
16  2  96.0  413.0
16  2  85.0  1711.0
16  2  56.0  4484.0
16  2  79.0  2115.0
16  2  100.0  117.0
16  2  81.0  2023.0
16  2  81.0  1943.0
16  2  87.0  1300.0
16  2  88.0  1229.0
16  2  93.0  701.0
16  2  62.0  3874.0
16  2  85.0  1515.0
16  2  94.0  608.0
16  2  89.0  1189.0
16  2  59.0  4105.0
16  2  91.0  1006.0
16  2  100.0  33.0
16  2  97.0  309.0
16  2  95.0  526.0
16  2  60.0  4082.0
16  2  31.0  6993.0
16  2  65.0  3515.0
16  2  79.0  2205.0
16  2  95.0  518.0
16  2  89.0  1111.0
16  2  77.0  2387.0
16  2  69.0  3118.0
16  2  64.0  3629.0
16  2  100.0  66.0
16  2  99.0  108.0
16  2  94.0  655.0
16  2  79.0  2157.0
16  2  77.0  2383.0
16  2  87.0  1313.0
16  2  100.0  11.0
16  2  87.0  1329.0
16  2  56.0  4530.0
16  2  100.0  71.0
16  2  100.0  21.0
16  2  91.0  905.0
16  2  79.0  2187.0
16  2  93.0  714.0
16  2  58.0  4249.0
16  2  63.0  3743.0
16  2  100.0  28.0
16  2  98.0  244.0
16  2  100.0  37.0
16  2  70.0  3078.0
16  2  95.0  706.0
16  2  70.0  3156.0
16  2  93.0  742.0
16  2  84.0  1644.0
16  2  81.0  1922.0
16  2  61.0  4000.0
16  2  85.0  1610.0
16  2  92.0  808.0
16  2  93.0  800.0
16  2  83.0  1791.0
16  2  81.0  2002.0
16  2  100.0  15.0
16  2  90.0  1056.0
16  2  84.0  1643.0
16  2  80.0  2035.0
16  2  88.0  1226.0
16  2  97.0  358.0
16  2  73.0  2802.0
16  2  97.0  404.0
16  2  92.0  871.0
16  2  79.0  2149.0
16  2  47.0  5340.0
16  2  74.0  2604.0
16  2  95.0  555.0
16  2  65.0  3567.0
16  2  88.0  1253.0
16  2  100.0  8.0
16  2  100.0  56.0
16  2  73.0  2700.0
16  2  76.0  2451.0
16  2  66.0  3482.0
16  2  99.0  129.0
16  2  99.0  106.0
16  2  92.0  827.0
16  2  97.0  350.0
16  2  77.0  2410.0
16  2  71.0  2930.0
16  2  0.0  10000.0
16  2  83.0  1720.0
16  2  84.0  1622.0
16  2  43.0  5701.0
16  2  83.0  1783.0
16  2  94.0  651.0
16  2  100.0  1.0
16  2  62.0  3897.0
16  2  98.0  205.0
17  2  100.0  18.0
17  2  81.0  1947.0
17  2  83.0  1888.0
17  2  69.0  3183.0
17  2  78.0  2309.0
17  2  74.0  2650.0
17  2  100.0  120.0
17  2  95.0  566.0
17  2  94.0  690.0
17  2  100.0  117.0
17  2  37.0  6348.0
17  2  91.0  919.0
17  2  91.0  917.0
17  2  100.0  17.0
17  2  39.0  6168.0
17  2  91.0  988.0
17  2  90.0  1014.0
17  2  82.0  1975.0
17  2  100.0  9.0
17  2  95.0  534.0
17  2  90.0  1087.0
17  2  64.0  3600.0
17  2  90.0  1032.0
17  2  96.0  452.0
17  2  29.0  7190.0
17  2  81.0  1981.0
17  2  39.0  6152.0
17  2  88.0  1305.0
17  2  76.0  2513.0
17  2  92.0  800.0
17  2  83.0  1704.0
17  2  61.0  3949.0
17  2  64.0  3676.0
17  2  79.0  2213.0
17  2  76.0  2572.0
17  2  92.0  904.0
17  2  87.0  1368.0
17  2  80.0  2079.0
17  2  63.0  3805.0
17  2  68.0  3274.0
17  2  99.0  123.0
17  2  87.0  1489.0
17  2  90.0  1090.0
17  2  77.0  2409.0
17  2  94.0  649.0
17  2  65.0  3701.0
17  2  81.0  2010.0
17  2  94.0  618.0
17  2  74.0  2765.0
17  2  100.0  200.0
17  2  100.0  24.0
17  2  83.0  1743.0
17  2  100.0  22.0
17  2  94.0  695.0
17  2  61.0  3954.0
17  2  99.0  115.0
17  2  84.0  1632.0
17  2  95.0  506.0
17  2  50.0  5070.0
17  2  100.0  67.0
17  2  47.0  5368.0
17  2  64.0  3706.0
17  2  85.0  1527.0
17  2  100.0  42.0
17  2  85.0  1559.0
17  2  86.0  1407.0
17  2  80.0  2017.0
17  2  87.0  1341.0
17  2  78.0  2236.0
17  2  94.0  645.0
17  2  73.0  2717.0
17  2  91.0  1101.0
17  2  91.0  979.0
17  2  95.0  524.0
17  2  90.0  1090.0
17  2  99.0  108.0
17  2  83.0  1746.0
17  2  75.0  2592.0
17  2  93.0  724.0
17  2  73.0  2735.0
17  2  67.0  3364.0
17  2  73.0  2776.0
17  2  100.0  9.0
17  2  60.0  4060.0
17  2  72.0  2818.0
17  2  100.0  28.0
17  2  94.0  600.0
17  2  83.0  1727.0
17  2  65.0  3540.0
17  2  80.0  2076.0
17  2  94.0  615.0
17  2  94.0  600.0
17  2  99.0  105.0
17  2  65.0  3558.0
17  2  100.0  200.0
17  2  95.0  535.0
17  2  77.0  2339.0
17  2  92.0  834.0
17  2  97.0  347.0
17  2  69.0  3156.0
18  2  99.0  102.0
18  2  96.0  436.0
18  2  5.0  9510.0
18  2  92.0  912.0
18  2  96.0  496.0
18  2  91.0  941.0
18  2  57.0  4369.0
18  2  96.0  461.0
18  2  86.0  1408.0
18  2  93.0  733.0
18  2  84.0  1705.0
18  2  94.0  607.0
18  2  93.0  728.0
18  2  90.0  1180.0
18  2  84.0  1668.0
18  2  82.0  1824.0
18  2  84.0  1601.0
18  2  88.0  1239.0
18  2  94.0  604.0
18  2  67.0  3360.0
18  2  91.0  900.0
18  2  87.0  1391.0
18  2  66.0  3459.0
18  2  100.0  39.0
18  2  83.0  1736.0
18  2  66.0  3407.0
18  2  100.0  78.0
18  2  71.0  2964.0
18  2  100.0  70.0
18  2  99.0  117.0
18  2  58.0  4266.0
18  2  60.0  4023.0
18  2  0.0  10000.0
18  2  93.0  747.0
18  2  72.0  2910.0
18  2  99.0  114.0
18  2  99.0  139.0
18  2  78.0  2202.0
18  2  90.0  1054.0
18  2  92.0  812.0
18  2  71.0  2900.0
18  2  91.0  922.0
18  2  85.0  1522.0
18  2  69.0  3120.0
18  2  83.0  1862.0
18  2  61.0  3927.0
18  2  66.0  3476.0
18  2  92.0  844.0
18  2  100.0  1.0
18  2  92.0  800.0
18  2  41.0  5988.0
18  2  100.0  200.0
18  2  97.0  382.0
18  2  100.0  64.0
18  2  69.0  3138.0
18  2  64.0  3656.0
18  2  94.0  606.0
18  2  100.0  16.0
18  2  78.0  2213.0
18  2  96.0  411.0
18  2  100.0  46.0
18  2  92.0  800.0
18  2  77.0  2326.0
18  2  87.0  1382.0
18  2  100.0  31.0
18  2  0.0  10000.0
18  2  80.0  2019.0
18  2  28.0  7284.0
18  2  74.0  2799.0
18  2  93.0  719.0
18  2  74.0  2629.0
18  2  66.0  3420.0
18  2  83.0  1712.0
18  2  100.0  11.0
18  2  94.0  659.0
18  2  72.0  2867.0
18  2  82.0  1817.0
18  2  93.0  750.0
18  2  73.0  2785.0
18  2  83.0  1773.0
18  2  100.0  23.0
18  2  88.0  1225.0
18  2  95.0  524.0
18  2  100.0  10.0
18  2  100.0  50.0
18  2  100.0  88.0
18  2  85.0  1503.0
18  2  41.0  5944.0
18  2  97.0  305.0
18  2  87.0  1315.0
18  2  40.0  6103.0
18  2  81.0  1987.0
18  2  78.0  2228.0
18  2  100.0  16.0
18  2  97.0  325.0
18  2  95.0  517.0
18  2  66.0  3517.0
18  2  100.0  29.0
18  2  53.0  4811.0
18  2  95.0  511.0
19  2  96.0  409.0
19  2  74.0  2696.0
19  2  100.0  70.0
19  2  63.0  3700.0
19  2  74.0  2673.0
19  2  98.0  233.0
19  2  97.0  367.0
19  2  90.0  1076.0
19  2  92.0  875.0
19  2  91.0  910.0
19  2  90.0  1054.0
19  2  94.0  633.0
19  2  81.0  1924.0
19  2  91.0  906.0
19  2  98.0  251.0
19  2  88.0  1248.0
19  2  68.0  3250.0
19  2  100.0  50.0
19  2  74.0  2723.0
19  2  99.0  142.0
19  2  100.0  76.0
19  2  68.0  3268.0
19  2  95.0  560.0
19  2  36.0  6508.0
19  2  100.0  70.0
19  2  47.0  5357.0
19  2  85.0  1716.0
19  2  88.0  1234.0
19  2  78.0  2205.0
19  2  100.0  6.0
19  2  79.0  2131.0
19  2  94.0  790.0
19  2  95.0  566.0
19  2  79.0  2155.0
19  2  100.0  25.0
19  2  90.0  1032.0
19  2  100.0  216.0
19  2  99.0  135.0
19  2  69.0  3155.0
19  2  94.0  695.0
19  2  99.0  161.0
19  2  94.0  600.0
19  2  79.0  2128.0
19  2  100.0  19.0
19  2  85.0  1517.0
19  2  84.0  1632.0
19  2  67.0  3387.0
19  2  97.0  338.0
19  2  100.0  16.0
19  2  100.0  17.0
19  2  93.0  736.0
19  2  100.0  55.0
19  2  96.0  444.0
19  2  80.0  2094.0
19  2  89.0  1131.0
19  2  93.0  794.0
19  2  78.0  2336.0
19  2  100.0  18.0
19  2  83.0  1778.0
19  2  90.0  1116.0
19  2  37.0  6364.0
19  2  23.0  7790.0
19  2  84.0  1719.0
19  2  93.0  721.0
19  2  91.0  951.0
19  2  63.0  3835.0
19  2  100.0  70.0
19  2  93.0  728.0
19  2  0.0  10000.0
19  2  72.0  2830.0
19  2  96.0  402.0
19  2  96.0  412.0
19  2  92.0  816.0
19  2  68.0  3259.0
19  2  95.0  502.0
19  2  68.0  3202.0
19  2  95.0  513.0
19  2  63.0  3720.0
19  2  86.0  1439.0
19  2  91.0  925.0
19  2  90.0  1082.0
19  2  93.0  842.0
19  2  56.0  4515.0
19  2  83.0  1751.0
19  2  87.0  1303.0
19  2  94.0  602.0
19  2  86.0  1448.0
19  2  84.0  1688.0
19  2  100.0  5.0
19  2  96.0  503.0
19  2  82.0  1838.0
19  2  89.0  1153.0
19  2  59.0  4195.0
19  2  76.0  2432.0
19  2  93.0  703.0
19  2  66.0  3431.0
19  2  99.0  111.0
19  2  48.0  5248.0
19  2  90.0  1041.0
19  2  87.0  1358.0
20  2  94.0  605.0
20  2  97.0  303.0
20  2  97.0  396.0
20  2  86.0  1503.0
20  2  99.0  104.0
20  2  88.0  1248.0
20  2  85.0  1539.0
20  2  78.0  2291.0
20  2  90.0  1006.0
20  2  90.0  1043.0
20  2  90.0  1072.0
20  2  95.0  527.0
20  2  95.0  505.0
20  2  91.0  1005.0
20  2  97.0  324.0
20  2  80.0  2007.0
20  2  100.0  6.0
20  2  74.0  2681.0
20  2  69.0  3194.0
20  2  95.0  528.0
20  2  95.0  510.0
20  2  74.0  2606.0
20  2  65.0  3622.0
20  2  100.0  22.0
20  2  93.0  773.0
20  2  91.0  1022.0
20  2  63.0  3893.0
20  2  41.0  5978.0
20  2  91.0  955.0
20  2  94.0  662.0
20  2  97.0  314.0
20  2  65.0  3547.0
20  2  100.0  1.0
20  2  89.0  1149.0
20  2  94.0  639.0
20  2  91.0  1005.0
20  2  97.0  355.0
20  2  84.0  1644.0
20  2  91.0  976.0
20  2  78.0  2316.0
20  2  45.0  5533.0
20  2  88.0  1260.0
20  2  77.0  2354.0
20  2  99.0  121.0
20  2  98.0  225.0
20  2  98.0  236.0
20  2  75.0  2565.0
20  2  96.0  433.0
20  2  78.0  2277.0
20  2  95.0  714.0
20  2  100.0  58.0
20  2  93.0  761.0
20  2  90.0  1025.0
20  2  98.0  252.0
20  2  98.0  221.0
20  2  90.0  1059.0
20  2  68.0  3323.0
20  2  100.0  32.0
20  2  74.0  2659.0
20  2  89.0  1159.0
20  2  62.0  3829.0
20  2  95.0  508.0
20  2  93.0  706.0
20  2  78.0  2219.0
20  2  100.0  22.0
20  2  100.0  34.0
20  2  91.0  973.0
20  2  96.0  504.0
20  2  94.0  617.0
20  2  89.0  1156.0
20  2  66.0  3486.0
20  2  74.0  2618.0
20  2  100.0  7.0
20  2  93.0  727.0
20  2  94.0  649.0
20  2  81.0  1912.0
20  2  83.0  1797.0
20  2  100.0  64.0
20  2  99.0  125.0
20  2  100.0  11.0
20  2  89.0  1106.0
20  2  78.0  2285.0
20  2  74.0  2645.0
20  2  96.0  412.0
20  2  83.0  1797.0
20  2  93.0  748.0
20  2  20.0  8020.0
20  2  83.0  1746.0
20  2  97.0  332.0
20  2  16.0  8400.0
20  2  100.0  30.0
20  2  86.0  1509.0
20  2  81.0  1916.0
20  2  92.0  874.0
20  2  96.0  453.0
20  2  100.0  22.0
20  2  79.0  2108.0
20  2  100.0  13.0
20  2  80.0  2096.0
20  2  92.0  804.0
