  0   33.450000   0     6757.460000
  1   40.210000   1     6098.540000
  2   40.260000   2     6079.460000
  3   47.850000   3     5325.120000
  4   51.490000   4     4954.500000
  5   54.300000   5     4670.210000
  6   60.490000   6     4056.780000
  7   62.230000   7     3871.990000
  8   68.800000   8     3199.200000
  9   69.670000   9     3121.280000
 10   68.810000  10     3194.930000
 11   71.020000  11     2969.020000
 12   78.350000  12     2248.010000
 13   77.980000  13     2270.030000
 14   78.760000  14     2192.300000
 15   81.720000  15     1892.960000
 16   82.470000  16     1803.780000
 17   82.600000  17     1803.660000
 18   81.730000  18     1872.200000
 19   84.250000  19     1628.540000
 20   86.550000  20     1394.230000
