1  69.0  1961
2  49.600000000000001  1839
3  56.299999999999997  1651
4  50.700000000000003  2039
5  60.200000000000003  1868
6  49.600000000000001  1847
7  52.299999999999997  1933
1  67.0  1475
2  56.899999999999999  2205
3  66.799999999999997  1828
4  51.100000000000001  2146
5  45.700000000000003  1944
6  49.200000000000003  1860
7  50.0  1995
1  63.899999999999999  1781
2  63.0  1871
3  52.100000000000001  1793
4  56.600000000000001  2256
5  58.700000000000003  2133
6  57.5  2048
7  51.399999999999999  1676
1  66.099999999999994  1657
2  56.5  1784
3  65.400000000000006  1976
4  58.899999999999999  1739
5  48.399999999999999  2085
6  38.600000000000001  2177
7  55.5  1901
1  68.299999999999997  1784
2  52.200000000000003  2256
3  56.899999999999999  2114
4  52.799999999999997  1720
5  56.799999999999997  2026
6  60.200000000000003  1687
7  56.200000000000003  2136
1  39.100000000000001  2041
2  59.5  2131
3  56.0  1837
4  50.799999999999997  1885
5  51.899999999999999  1723
6  56.299999999999997  2406
7  55.600000000000001  2076
1  63.799999999999997  1855
2  66.799999999999997  1587
3  58.100000000000001  1945
4  46.600000000000001  2041
5  47.700000000000003  1809
6  39.799999999999997  2588
7  47.100000000000001  2301
1  61.0  1627
2  48.799999999999997  1713
3  49.600000000000001  1984
4  63.799999999999997  2027
5  57.899999999999999  1778
6  48.200000000000003  1994
7  46.0  2147
1  67.099999999999994  1810
2  60.899999999999999  1981
3  44.5  2307
4  46.299999999999997  2321
5  55.799999999999997  2082
6  59.200000000000003  1876
7  58.100000000000001  1930
1  63.799999999999997  1982
2  57.399999999999999  1853
3  57.899999999999999  1878
4  56.899999999999999  2121
5  57.399999999999999  1949
6  51.0  1853
7  59.799999999999997  1999
1  74.900000000000006  1506
2  61.100000000000001  1729
3  67.400000000000006  1971
4  51.5  2012
5  51.299999999999997  1931
6  55.799999999999997  2044
7  53.799999999999997  1992
1  60.700000000000003  1690
2  46.299999999999997  1830
3  53.5  2059
4  57.0  1837
5  53.799999999999997  1987
6  57.299999999999997  2166
7  54.200000000000003  2315
1  69.599999999999994  1737
2  44.100000000000001  1977
3  53.0  2345
4  50.899999999999999  2335
5  53.799999999999997  2140
6  55.299999999999997  1952
7  38.600000000000001  2265
1  57.700000000000003  1812
2  48.600000000000001  2047
3  48.700000000000003  1650
4  49.200000000000003  2256
5  56.399999999999999  2043
6  50.899999999999999  2060
7  54.100000000000001  1935
1  60.0  2147
2  50.299999999999997  1843
3  57.100000000000001  1883
4  54.799999999999997  2051
5  55.899999999999999  2058
6  57.700000000000003  1692
7  54.600000000000001  1612
1  72.200000000000003  1487
2  63.0  1901
3  63.200000000000003  1936
4  44.200000000000003  1827
5  55.100000000000001  1841
6  51.200000000000003  2026
7  62.100000000000001  1809
1  57.0  2025
2  52.200000000000003  1777
3  54.700000000000003  1931
4  51.700000000000003  1831
5  57.200000000000003  1808
6  55.200000000000003  1984
7  56.0  2176
1  53.399999999999999  1829
2  60.5  1850
3  51.0  2122
4  49.200000000000003  1712
5  60.799999999999997  1948
6  50.5  2117
7  55.0  2084
1  60.100000000000001  1605
2  62.600000000000001  1946
3  54.100000000000001  2128
4  62.5  1804
5  53.200000000000003  2376
6  53.899999999999999  2112
7  46.200000000000003  2077
1  72.099999999999994  1360
2  54.700000000000003  2070
3  47.600000000000001  2241
4  48.600000000000001  1822
5  47.5  1902
6  47.899999999999999  2028
7  48.799999999999997  2049
1  73.200000000000003  1736
2  54.200000000000003  2068
3  59.5  1930
4  53.0  1823
5  46.299999999999997  2160
6  53.600000000000001  1925
7  49.299999999999997  2126
1  66.0  1830
2  52.5  1993
3  60.200000000000003  1563
4  55.100000000000001  1972
5  46.0  2250
6  51.399999999999999  1924
7  53.100000000000001  2240
1  56.299999999999997  1804
2  51.600000000000001  1812
3  51.399999999999999  2133
4  59.600000000000001  1967
5  57.200000000000003  1794
6  49.100000000000001  1944
7  51.799999999999997  2067
1  56.100000000000001  1855
2  59.100000000000001  2087
3  55.5  1672
4  46.799999999999997  1992
5  61.700000000000003  1901
6  50.399999999999999  2188
7  56.100000000000001  1880
1  56.100000000000001  1823
2  61.0  1792
3  48.600000000000001  1717
4  55.600000000000001  1857
5  49.799999999999997  1964
6  55.299999999999997  1939
7  52.600000000000001  2311
1  57.5  1893
2  54.200000000000003  1673
3  52.700000000000003  2058
4  49.700000000000003  2255
5  58.200000000000003  2062
6  44.899999999999999  2210
7  48.0  2056
1  74.200000000000003  1620
2  58.600000000000001  1778
3  55.299999999999997  1819
4  55.0  2035
5  52.899999999999999  1938
6  50.5  2098
7  55.100000000000001  2165
1  71.099999999999994  1632
2  50.5  2157
3  51.899999999999999  2170
4  61.399999999999999  1904
5  57.399999999999999  1797
6  64.200000000000003  1973
7  50.0  1963
1  44.799999999999997  2025
2  58.0  1737
3  39.399999999999999  1788
4  54.100000000000001  2054
5  54.5  1837
6  53.200000000000003  1838
7  55.399999999999999  1889
1  62.0  1329
2  63.299999999999997  1764
3  54.399999999999999  1967
4  45.600000000000001  1835
5  48.899999999999999  1799
6  53.899999999999999  1953
7  51.899999999999999  2269
1  56.700000000000003  1884
2  73.099999999999994  2217
3  56.0  2046
4  56.600000000000001  1979
5  49.200000000000003  1884
6  52.600000000000001  2268
7  55.5  2058
1  57.0  1591
2  60.399999999999999  1754
3  48.600000000000001  2040
4  62.399999999999999  1977
5  45.200000000000003  1946
6  58.0  1904
7  53.700000000000003  1973
1  63.299999999999997  1617
2  58.899999999999999  1793
3  54.0  1910
4  58.5  1927
5  50.700000000000003  1949
6  49.399999999999999  1996
7  42.399999999999999  2428
1  59.899999999999999  2258
2  49.799999999999997  1706
3  55.299999999999997  2106
4  53.200000000000003  1858
5  54.0  1994
6  53.399999999999999  2236
7  48.799999999999997  2123
1  57.600000000000001  1852
2  69.0  1752
3  58.200000000000003  2141
4  50.100000000000001  2192
5  56.700000000000003  2020
6  50.5  1878
7  44.600000000000001  2103
1  55.299999999999997  1427
2  52.399999999999999  2172
3  47.299999999999997  2054
4  54.700000000000003  1805
5  55.899999999999999  2331
6  56.100000000000001  1981
7  52.700000000000003  2099
1  54.600000000000001  1638
2  66.0  2190
3  45.899999999999999  1825
4  54.799999999999997  1891
5  62.799999999999997  1815
6  41.200000000000003  2129
7  47.100000000000001  2083
1  71.700000000000003  1444
2  56.299999999999997  1790
3  46.799999999999997  1787
4  54.0  2065
5  41.899999999999999  2079
6  46.0  2173
7  48.600000000000001  2021
1  67.200000000000003  1271
2  53.799999999999997  1778
3  49.299999999999997  2028
4  43.5  2038
5  52.200000000000003  2163
6  52.399999999999999  1994
7  60.5  2169
1  64.200000000000003  2115
2  59.0  2016
3  52.0  2072
4  62.5  1978
5  59.5  1905
6  49.0  2155
7  56.100000000000001  1809
1  65.400000000000006  1778
2  71.400000000000006  1796
3  52.0  2060
4  53.700000000000003  2041
5  49.0  2061
6  57.0  1772
7  53.899999999999999  2028
1  53.399999999999999  1980
2  61.100000000000001  1755
3  60.399999999999999  1786
4  48.200000000000003  2040
5  47.100000000000001  2268
6  54.899999999999999  1775
7  46.200000000000003  2060
1  60.299999999999997  2178
2  42.700000000000003  1860
3  57.200000000000003  2240
4  55.799999999999997  2021
5  52.399999999999999  2156
6  51.700000000000003  1942
7  52.5  2041
1  70.700000000000003  1597
2  47.5  2013
3  57.0  2015
4  48.600000000000001  1689
5  44.399999999999999  2365
6  53.299999999999997  2145
7  54.799999999999997  1754
1  73.700000000000003  1855
2  65.700000000000003  1792
3  56.5  1932
4  52.700000000000003  2123
5  57.299999999999997  2079
6  44.600000000000001  2241
7  49.899999999999999  2268
1  64.099999999999994  1804
2  59.799999999999997  2025
3  62.700000000000003  2045
4  54.200000000000003  2287
5  49.799999999999997  1974
6  49.200000000000003  1902
7  59.0  1998
1  58.0  1981
2  53.200000000000003  1978
3  67.400000000000006  2069
4  58.700000000000003  1892
5  43.200000000000003  2023
6  52.600000000000001  2214
7  51.899999999999999  2001
1  59.200000000000003  1444
2  41.5  1801
3  62.899999999999999  1742
4  60.399999999999999  2171
5  60.299999999999997  2193
6  47.799999999999997  2245
7  54.600000000000001  1901
1  58.600000000000001  2107
2  66.400000000000006  1733
3  56.899999999999999  1491
4  54.200000000000003  1907
5  52.600000000000001  1910
6  53.799999999999997  1926
7  49.299999999999997  1952
1  64.200000000000003  1608
2  55.700000000000003  1757
3  50.799999999999997  1778
4  63.700000000000003  2125
5  59.600000000000001  1690
6  53.899999999999999  1830
7  51.799999999999997  2193
1  67.5  1708
2  60.799999999999997  2167
3  57.899999999999999  1817
4  54.100000000000001  1807
5  55.600000000000001  2275
6  57.700000000000003  1733
7  46.100000000000001  2038
1  53.799999999999997  2084
2  45.799999999999997  1961
3  57.0  1664
4  65.299999999999997  1808
5  53.899999999999999  2002
6  57.399999999999999  2250
7  41.399999999999999  2137
1  58.299999999999997  2052
2  55.399999999999999  1690
3  48.100000000000001  1721
4  51.600000000000001  2099
5  43.299999999999997  1722
6  49.700000000000003  1866
7  52.399999999999999  1904
1  59.399999999999999  1493
2  61.200000000000003  1936
3  58.5  1959
4  53.200000000000003  2203
5  48.899999999999999  1964
6  60.200000000000003  1995
7  50.700000000000003  2011
1  53.200000000000003  1990
2  51.899999999999999  1693
3  59.399999999999999  2139
4  60.200000000000003  1935
5  52.799999999999997  1958
6  60.799999999999997  2085
7  55.899999999999999  2039
1  60.600000000000001  1946
2  58.0  1534
3  59.799999999999997  1654
4  53.899999999999999  1985
5  46.0  2186
6  40.0  1911
7  47.399999999999999  2225
1  57.0  1409
2  59.600000000000001  2046
3  49.600000000000001  2325
4  39.399999999999999  2147
5  57.100000000000001  2169
6  59.200000000000003  1843
7  58.899999999999999  2168
1  65.299999999999997  1651
2  41.0  2251
3  45.200000000000003  1750
4  60.0  1821
5  55.399999999999999  1828
6  54.899999999999999  1963
7  49.299999999999997  2041
1  51.700000000000003  1936
2  54.799999999999997  2007
3  57.200000000000003  1961
4  61.5  1886
5  53.600000000000001  2082
6  56.399999999999999  1875
7  52.700000000000003  2182
1  59.700000000000003  1753
2  50.700000000000003  1876
3  42.399999999999999  1823
4  49.299999999999997  2028
5  57.5  1797
6  55.100000000000001  2204
7  47.899999999999999  2275
1  63.799999999999997  1455
2  67.200000000000003  1804
3  57.200000000000003  2105
4  46.600000000000001  1610
5  62.200000000000003  1965
6  55.100000000000001  2003
7  59.0  1777
1  54.899999999999999  1319
2  56.5  2068
3  55.200000000000003  2196
4  54.200000000000003  1817
5  67.099999999999994  1602
6  65.299999999999997  1758
7  47.899999999999999  1940
1  52.899999999999999  1713
2  60.700000000000003  1868
3  62.0  2208
4  54.299999999999997  1889
5  57.700000000000003  2021
6  53.899999999999999  2053
7  53.0  2082
1  54.299999999999997  2459
2  51.100000000000001  1752
3  57.200000000000003  2139
4  53.200000000000003  1655
5  53.600000000000001  1764
6  50.799999999999997  2095
7  54.100000000000001  1776
1  67.299999999999997  1506
2  61.600000000000001  1653
3  57.899999999999999  1782
4  59.600000000000001  1928
5  60.799999999999997  1619
6  60.5  1729
7  51.700000000000003  1873
1  58.899999999999999  1713
2  69.200000000000003  1782
3  45.299999999999997  2038
4  44.0  1700
5  56.799999999999997  1961
6  48.899999999999999  2257
7  45.799999999999997  2408
1  71.900000000000006  1722
2  69.200000000000003  1657
3  54.100000000000001  2136
4  53.399999999999999  2195
5  56.0  2027
6  61.200000000000003  1862
7  50.200000000000003  1916
1  64.299999999999997  1807
2  49.5  1740
3  51.299999999999997  1971
4  41.200000000000003  2043
5  45.200000000000003  1611
6  55.5  2115
7  58.200000000000003  2145
1  67.0  1779
2  57.5  1980
3  66.400000000000006  2024
4  56.399999999999999  2239
5  61.100000000000001  2105
6  59.200000000000003  2185
7  55.799999999999997  2193
1  52.0  1813
2  60.200000000000003  1863
3  49.700000000000003  1988
4  51.200000000000003  1941
5  52.600000000000001  2030
6  54.200000000000003  2022
7  48.399999999999999  1928
1  68.5  1596
2  57.700000000000003  1920
3  39.399999999999999  2446
4  51.399999999999999  1943
5  49.899999999999999  2014
6  50.700000000000003  2089
7  59.899999999999999  1884
1  64.5  1876
2  48.100000000000001  1701
3  50.899999999999999  2129
4  61.200000000000003  2182
5  48.600000000000001  2016
6  46.799999999999997  2032
7  47.299999999999997  1716
1  58.200000000000003  1623
2  62.299999999999997  1868
3  50.200000000000003  2147
4  56.600000000000001  2207
5  58.299999999999997  1969
6  53.0  2147
7  53.299999999999997  2071
1  64.400000000000006  1557
2  43.799999999999997  2424
3  46.0  1886
4  64.200000000000003  1837
5  58.899999999999999  2097
6  53.5  2040
7  51.899999999999999  1929
1  63.399999999999999  1663
2  48.299999999999997  2122
3  54.0  1848
4  50.899999999999999  2215
5  56.399999999999999  2030
6  49.799999999999997  1892
7  47.700000000000003  2210
1  66.599999999999994  1552
2  52.700000000000003  1674
3  61.700000000000003  1897
4  63.399999999999999  1899
5  48.399999999999999  1663
6  64.700000000000003  1788
7  46.600000000000001  2040
1  71.799999999999997  1578
2  52.299999999999997  2235
3  57.600000000000001  1906
4  48.899999999999999  1698
5  48.600000000000001  1891
6  56.700000000000003  1818
7  53.0  2283
1  61.399999999999999  1715
2  59.700000000000003  2075
3  64.400000000000006  1713
4  44.899999999999999  2435
5  55.399999999999999  2012
6  52.0  1876
7  58.600000000000001  1982
1  52.799999999999997  1439
2  40.700000000000003  1965
3  59.799999999999997  1877
4  59.0  1891
5  47.100000000000001  1859
6  52.200000000000003  1893
7  44.899999999999999  1897
1  62.200000000000003  1654
2  55.700000000000003  1432
3  52.299999999999997  1805
4  59.399999999999999  2047
5  63.200000000000003  2164
6  58.399999999999999  1982
7  49.700000000000003  1955
1  59.299999999999997  1270
2  62.5  1958
3  53.0  2111
4  55.399999999999999  2184
5  53.600000000000001  2001
6  51.799999999999997  1979
7  52.200000000000003  1990
1  51.899999999999999  1875
2  48.799999999999997  1746
3  48.399999999999999  1891
4  51.399999999999999  1991
5  58.600000000000001  2192
6  47.399999999999999  2008
7  41.299999999999997  1684
1  50.200000000000003  1531
2  59.299999999999997  2162
3  59.5  1614
4  50.700000000000003  1968
5  55.799999999999997  1893
6  54.700000000000003  2065
7  43.200000000000003  2231
1  66.299999999999997  1884
2  67.099999999999994  2112
3  54.5  2081
4  58.600000000000001  1974
5  58.200000000000003  2238
6  47.200000000000003  2029
7  44.100000000000001  2025
1  58.0  1805
2  50.299999999999997  1696
3  47.299999999999997  1802
4  73.900000000000006  1731
5  47.899999999999999  2069
6  46.700000000000003  1984
7  55.200000000000003  1911
1  59.700000000000003  1796
2  70.400000000000006  1995
3  62.399999999999999  1852
4  60.0  2184
5  45.700000000000003  2131
6  45.299999999999997  1994
7  60.700000000000003  1976
1  66.5  1791
2  53.299999999999997  1742
3  59.0  1791
4  60.299999999999997  1953
5  50.399999999999999  2041
6  42.799999999999997  2154
7  51.299999999999997  1936
1  52.899999999999999  1695
2  63.799999999999997  1949
3  58.799999999999997  1942
4  55.700000000000003  2031
5  56.799999999999997  2149
6  60.5  1943
7  44.5  2270
1  60.0  2092
2  65.0  1726
3  54.5  2315
4  43.0  1771
5  44.299999999999997  1827
6  51.5  1884
7  57.899999999999999  2023
1  65.299999999999997  1462
2  72.0  1715
3  58.100000000000001  2294
4  52.0  2027
5  46.200000000000003  2286
6  43.799999999999997  2178
7  53.399999999999999  1935
1  56.100000000000001  1958
2  63.899999999999999  1833
3  61.600000000000001  2048
4  55.899999999999999  2142
5  48.100000000000001  2415
6  51.299999999999997  1945
7  48.200000000000003  1846
1  57.399999999999999  1869
2  38.399999999999999  2005
3  52.899999999999999  2272
4  50.600000000000001  1957
5  66.099999999999994  2230
6  53.5  1994
7  55.700000000000003  2080
1  65.700000000000003  1457
2  56.799999999999997  1564
3  56.799999999999997  2141
4  48.700000000000003  1904
5  54.600000000000001  1932
6  47.899999999999999  2012
7  52.899999999999999  2014
1  59.100000000000001  1649
2  55.399999999999999  1795
3  55.799999999999997  2082
4  52.600000000000001  1884
5  51.200000000000003  1774
6  57.799999999999997  2209
7  49.600000000000001  2092
1  60.700000000000003  1729
2  50.100000000000001  1849
3  52.600000000000001  1922
4  49.100000000000001  2110
5  50.5  1921
6  53.600000000000001  1676
7  48.100000000000001  2017
1  62.100000000000001  1849
2  59.899999999999999  2026
3  54.200000000000003  1749
4  56.799999999999997  2128
5  58.100000000000001  1942
6  58.0  1577
7  56.799999999999997  2010
1  59.600000000000001  1923
2  62.899999999999999  1890
3  58.799999999999997  1856
4  63.299999999999997  1793
5  54.399999999999999  2085
6  63.399999999999999  1880
7  53.100000000000001  1822
1  57.600000000000001  2350
2  51.0  1767
3  60.5  1806
4  55.200000000000003  1946
5  47.700000000000003  1886
6  52.5  2243
7  49.700000000000003  1904
1  33.600000000000001  1883
2  60.0  1731
3  59.5  1774
4  62.100000000000001  2119
5  44.399999999999999  2123
6  48.5  1977
7  54.399999999999999  2326
1  73.099999999999994  1734
2  45.299999999999997  1874
3  48.5  2268
4  55.399999999999999  1984
5  56.700000000000003  2106
6  46.100000000000001  2064
7  52.200000000000003  2025
