0  42.100000000000001  2749
1  43.5  3212
2  50.200000000000003  3108
3  53.600000000000001  2567
4  46.600000000000001  2594
5  54.299999999999997  2504
6  63.0  2266
7  49.700000000000003  2592
8  59.100000000000001  2097
9  50.5  2439
10  57.399999999999999  2042
11  58.899999999999999  1928
12  63.0  2454
13  51.5  2281
14  46.799999999999997  2119
15  65.099999999999994  1864
16  55.299999999999997  1706
17  62.700000000000003  1939
18  59.299999999999997  1811
19  69.099999999999994  1417
20  68.299999999999997  1816
0  38.399999999999999  2908
1  40.399999999999999  2756
2  40.700000000000003  2800
3  41.700000000000003  2570
4  48.100000000000001  2838
5  47.700000000000003  3009
6  45.399999999999999  2646
7  58.5  2051
8  61.299999999999997  2408
9  58.399999999999999  2280
10  63.0  2196
11  53.899999999999999  2069
12  66.599999999999994  1921
13  48.700000000000003  1877
14  46.600000000000001  2201
15  55.5  2088
16  63.799999999999997  2189
17  59.700000000000003  1772
18  54.799999999999997  2118
19  58.100000000000001  1889
20  63.899999999999999  1782
0  39.899999999999999  2659
1  47.0  2663
2  41.5  2664
3  44.700000000000003  2787
4  48.5  2759
5  41.700000000000003  2449
6  41.899999999999999  2334
7  49.0  2087
8  59.600000000000001  2382
9  55.899999999999999  2346
10  43.700000000000003  2733
11  52.399999999999999  2186
12  59.0  2043
13  61.899999999999999  2175
14  69.700000000000003  2128
15  54.200000000000003  1988
16  46.5  2058
17  66.599999999999994  2160
18  64.099999999999994  2131
19  60.0  1517
20  50.799999999999997  1888
0  42.799999999999997  2946
1  43.5  2645
2  48.799999999999997  2847
3  22.100000000000001  2184
4  51.299999999999997  2571
5  55.799999999999997  2567
6  56.0  2245
7  51.100000000000001  2543
8  59.700000000000003  2569
9  54.0  2496
10  60.200000000000003  2136
11  62.399999999999999  1950
12  63.799999999999997  2319
13  68.5  1691
14  57.799999999999997  1987
15  68.299999999999997  2108
16  66.400000000000006  2053
17  70.700000000000003  1462
18  60.5  2012
19  58.799999999999997  1815
20  63.100000000000001  2053
0  32.700000000000003  3481
1  31.399999999999999  2831
2  47.299999999999997  2813
3  43.5  2473
4  47.200000000000003  2942
5  46.0  2299
6  48.100000000000001  2463
7  52.299999999999997  2761
8  53.899999999999999  2572
9  43.600000000000001  2409
10  59.200000000000003  2423
11  62.700000000000003  2325
12  56.100000000000001  2181
13  58.600000000000001  2279
14  58.0  2257
15  58.0  2153
16  43.299999999999997  1424
17  59.399999999999999  2044
18  61.700000000000003  2117
19  45.0  1984
20  69.5  1545
0  44.0  2987
1  53.700000000000003  2612
2  35.600000000000001  2800
3  43.5  2356
4  47.899999999999999  2904
5  48.0  2555
6  50.299999999999997  2577
7  51.200000000000003  2203
8  48.5  2542
9  64.099999999999994  2245
10  52.700000000000003  2315
11  51.600000000000001  2366
12  56.5  2069
13  43.899999999999999  2297
14  58.0  2422
15  60.399999999999999  1796
16  50.700000000000003  2007
17  61.299999999999997  1657
18  53.100000000000001  2012
19  53.799999999999997  1825
20  60.600000000000001  1974
0  44.600000000000001  2905
1  48.200000000000003  2755
2  49.299999999999997  2962
3  37.399999999999999  2843
4  50.600000000000001  2739
5  36.399999999999999  2421
6  51.399999999999999  2403
7  53.600000000000001  2480
8  50.600000000000001  2372
9  53.5  2282
10  57.200000000000003  2493
11  52.100000000000001  1971
12  66.299999999999997  1990
13  57.399999999999999  2271
14  60.700000000000003  1705
15  49.399999999999999  2218
16  53.299999999999997  1960
17  68.900000000000006  1970
18  62.5  1835
19  62.5  2080
20  67.200000000000003  1609
0  46.100000000000001  2735
1  37.0  2245
2  41.100000000000001  3279
3  42.200000000000003  3161
4  44.700000000000003  3096
5  49.200000000000003  2426
6  55.399999999999999  2534
7  55.700000000000003  2463
8  47.299999999999997  2604
9  50.299999999999997  2540
10  55.5  2136
11  51.200000000000003  2256
12  49.700000000000003  2113
13  56.899999999999999  1989
14  55.100000000000001  1928
15  51.399999999999999  2241
16  56.799999999999997  2173
17  68.5  1865
18  69.900000000000006  1648
19  69.0  1685
20  56.200000000000003  1863
0  39.5  2690
1  41.100000000000001  2490
2  39.5  2508
3  46.299999999999997  2753
4  49.399999999999999  2674
5  42.200000000000003  2330
6  44.600000000000001  2541
7  44.299999999999997  2513
8  44.0  2637
9  50.5  2345
10  56.399999999999999  2276
11  47.600000000000001  2320
12  61.299999999999997  1606
13  53.200000000000003  2114
14  67.099999999999994  2221
15  60.700000000000003  2031
16  58.399999999999999  2043
17  64.5  1903
18  57.600000000000001  2009
19  71.900000000000006  1663
20  60.799999999999997  1688
0  42.200000000000003  2830
1  39.0  2834
2  42.700000000000003  2884
3  52.399999999999999  2491
4  51.700000000000003  2549
5  39.399999999999999  2480
6  46.100000000000001  2380
7  47.100000000000001  2553
8  61.200000000000003  2111
9  52.100000000000001  2200
10  58.200000000000003  1795
11  55.200000000000003  1851
12  55.600000000000001  2016
13  38.899999999999999  1744
14  55.299999999999997  2115
15  59.299999999999997  1906
16  67.799999999999997  1918
17  49.600000000000001  1187
18  59.0  1716
19  65.900000000000006  2144
20  48.200000000000003  1787
0  46.5  3031
1  54.100000000000001  2762
2  37.799999999999997  2811
3  51.399999999999999  2747
4  47.0  2667
5  52.5  2620
6  46.600000000000001  2421
7  47.899999999999999  2528
8  54.700000000000003  2373
9  49.700000000000003  2103
10  51.100000000000001  2259
11  59.100000000000001  2127
12  58.700000000000003  2533
13  58.700000000000003  2221
14  49.399999999999999  2226
15  57.899999999999999  2360
16  65.700000000000003  1902
17  62.200000000000003  1740
18  55.600000000000001  1770
19  57.700000000000003  2074
20  61.299999999999997  1889
0  43.299999999999997  2669
1  45.299999999999997  2782
2  46.700000000000003  3019
3  52.700000000000003  2579
4  40.200000000000003  2842
5  54.399999999999999  2763
6  46.200000000000003  2332
7  56.399999999999999  2180
8  47.899999999999999  2295
9  43.0  1881
10  59.600000000000001  2052
11  58.5  2093
12  54.399999999999999  2049
13  59.600000000000001  1700
14  64.0  1980
15  56.5  2155
16  59.700000000000003  2421
17  64.700000000000003  2058
18  59.799999999999997  2017
19  64.599999999999994  1716
20  66.200000000000003  1925
0  45.0  2665
1  45.799999999999997  2836
2  44.299999999999997  2757
3  36.299999999999997  2463
4  48.799999999999997  2438
5  51.5  2725
6  51.299999999999997  2687
7  56.100000000000001  2510
8  62.600000000000001  2260
9  45.200000000000003  2211
10  55.600000000000001  2342
11  49.399999999999999  2496
12  62.200000000000003  2246
13  61.5  1985
14  56.100000000000001  2259
15  53.100000000000001  2039
16  57.799999999999997  1959
17  64.900000000000006  2065
18  57.200000000000003  1760
19  53.399999999999999  1780
20  65.799999999999997  1876
0  41.700000000000003  2968
1  41.0  2776
2  39.700000000000003  2832
3  43.200000000000003  2693
4  46.100000000000001  2601
5  44.600000000000001  2894
6  41.200000000000003  2539
7  48.899999999999999  2470
8  53.399999999999999  2115
9  55.899999999999999  2177
10  58.600000000000001  2511
11  45.0  1876
12  55.600000000000001  2275
13  52.600000000000001  1923
14  55.100000000000001  1869
15  55.5  2292
16  58.100000000000001  1773
17  73.400000000000006  1806
18  62.5  1667
19  65.200000000000003  1955
20  67.900000000000006  1674
0  44.200000000000003  3158
1  47.700000000000003  2668
2  52.100000000000001  2660
3  48.100000000000001  2689
4  53.200000000000003  2737
5  41.100000000000001  2425
6  44.899999999999999  2365
7  49.899999999999999  2617
8  54.299999999999997  2147
9  50.600000000000001  2105
10  53.5  2362
11  57.799999999999997  2387
12  51.600000000000001  2165
13  57.200000000000003  2441
14  46.0  1710
15  52.200000000000003  2065
16  57.700000000000003  2018
17  62.200000000000003  1784
18  59.399999999999999  1865
19  68.599999999999994  1914
20  56.899999999999999  2072
0  43.5  2818
1  41.5  2545
2  49.5  2893
3  51.600000000000001  2565
4  53.0  2783
5  57.399999999999999  2415
6  38.200000000000003  2250
7  56.0  1985
8  59.799999999999997  2235
9  66.5  1859
10  65.700000000000003  2290
11  53.399999999999999  2021
12  50.700000000000003  2246
13  59.700000000000003  1997
14  65.099999999999994  2174
15  57.5  2539
16  55.700000000000003  2536
17  53.700000000000003  1685
18  59.0  1515
19  65.900000000000006  1644
20  61.600000000000001  1873
0  48.799999999999997  2865
1  35.200000000000003  2918
2  55.399999999999999  3052
3  44.299999999999997  2819
4  50.799999999999997  2690
5  39.200000000000003  2710
6  50.299999999999997  2779
7  48.100000000000001  2692
8  54.399999999999999  2120
9  60.0  2205
10  49.899999999999999  2062
11  54.600000000000001  1907
12  57.299999999999997  2461
13  64.0  2179
14  56.299999999999997  2137
15  50.200000000000003  1960
16  61.799999999999997  1952
17  65.5  1570
18  68.200000000000003  1502
19  65.799999999999997  1946
20  60.399999999999999  2100
0  48.100000000000001  2658
1  40.799999999999997  3096
2  37.899999999999999  2867
3  47.299999999999997  2707
4  42.799999999999997  2463
5  39.299999999999997  2517
6  42.299999999999997  2750
7  42.700000000000003  2128
8  45.200000000000003  2329
9  45.700000000000003  2008
10  56.0  2199
11  52.0  2106
12  47.600000000000001  1932
13  53.700000000000003  2203
14  52.0  1979
15  57.0  2170
16  47.600000000000001  1893
17  56.100000000000001  1770
18  68.5  1644
19  59.899999999999999  1933
20  67.799999999999997  1608
0  34.0  3144
1  37.5  2671
2  56.0  2868
3  49.399999999999999  3052
4  43.399999999999999  1963
5  49.299999999999997  2619
6  42.600000000000001  2616
7  61.100000000000001  2359
8  52.100000000000001  2347
9  60.299999999999997  2398
10  60.799999999999997  2030
11  60.799999999999997  2283
12  50.5  2210
13  59.700000000000003  2081
14  62.100000000000001  1633
15  60.5  2075
16  54.0  2058
17  65.200000000000003  2067
18  52.899999999999999  1432
19  63.200000000000003  1927
20  63.899999999999999  1932
0  45.799999999999997  3039
1  41.799999999999997  3096
2  40.299999999999997  2803
3  41.899999999999999  2865
4  47.5  2574
5  43.799999999999997  2510
6  58.299999999999997  2591
7  48.700000000000003  2276
8  51.799999999999997  2652
9  61.100000000000001  2509
10  49.100000000000001  2191
11  65.099999999999994  2029
12  60.299999999999997  2048
13  59.200000000000003  2186
14  60.5  2106
15  61.299999999999997  1969
16  64.5  2087
17  62.600000000000001  1913
18  64.099999999999994  1800
19  53.600000000000001  1724
20  65.400000000000006  1649
0  37.799999999999997  2937
1  44.200000000000003  2630
2  44.200000000000003  2607
3  48.5  2660
4  59.700000000000003  2721
5  48.399999999999999  2639
6  50.100000000000001  2185
7  52.899999999999999  2394
8  57.700000000000003  2092
9  54.399999999999999  2137
10  51.899999999999999  2087
11  61.799999999999997  1957
12  53.200000000000003  2191
13  48.600000000000001  2386
14  55.0  2211
15  66.400000000000006  1776
16  62.399999999999999  1890
17  55.399999999999999  1658
18  69.0  1853
19  58.700000000000003  1656
20  58.100000000000001  1977
0  36.5  3352
1  42.0  3099
2  44.5  2582
3  41.700000000000003  2746
4  40.100000000000001  3118
5  48.799999999999997  2481
6  38.600000000000001  2784
7  41.399999999999999  2221
8  56.100000000000001  2429
9  59.799999999999997  2207
10  54.899999999999999  2071
11  54.200000000000003  2142
12  62.600000000000001  1856
13  59.299999999999997  2441
14  54.299999999999997  1983
15  53.600000000000001  1816
16  54.799999999999997  1789
17  57.200000000000003  1884
18  55.5  1656
19  67.599999999999994  1739
20  61.100000000000001  1633
0  35.799999999999997  2965
1  35.899999999999999  3087
2  46.899999999999999  2859
3  48.0  2862
4  46.0  2778
5  44.799999999999997  2834
6  42.899999999999999  2288
7  53.299999999999997  2398
8  51.299999999999997  2537
9  59.700000000000003  2122
10  54.399999999999999  2233
11  59.700000000000003  1932
12  66.900000000000006  2062
13  67.5  2133
14  60.600000000000001  2000
15  68.599999999999994  1842
16  52.200000000000003  1894
17  61.700000000000003  1938
18  67.599999999999994  1601
19  59.700000000000003  1996
20  56.100000000000001  1991
0  29.199999999999999  2507
1  47.799999999999997  2886
2  57.700000000000003  2509
3  46.600000000000001  3130
4  43.0  2565
5  51.299999999999997  2417
6  51.700000000000003  2383
7  41.5  2353
8  53.399999999999999  2512
9  53.799999999999997  2416
10  46.5  2026
11  64.900000000000006  2244
12  62.5  1862
13  54.0  1909
14  63.200000000000003  2012
15  60.100000000000001  2236
16  52.399999999999999  2090
17  63.200000000000003  1859
18  69.700000000000003  1704
19  55.0  1644
20  62.0  1587
0  33.799999999999997  2977
1  48.600000000000001  2729
2  45.899999999999999  2575
3  51.399999999999999  2485
4  56.899999999999999  2869
5  42.100000000000001  2682
6  56.0  2023
7  54.700000000000003  2569
8  44.600000000000001  2289
9  47.600000000000001  2113
10  56.899999999999999  2347
11  64.5  2097
12  61.399999999999999  2115
13  57.700000000000003  1918
14  58.100000000000001  2175
15  60.5  1874
16  65.700000000000003  2132
17  69.799999999999997  1563
18  52.399999999999999  2136
19  69.099999999999994  1771
20  69.5  1431
0  42.5  2730
1  48.899999999999999  2957
2  38.799999999999997  2579
3  47.100000000000001  2893
4  40.899999999999999  2948
5  50.799999999999997  2533
6  51.799999999999997  2607
7  52.600000000000001  2218
8  43.200000000000003  2103
9  51.399999999999999  2115
10  54.0  2030
11  57.899999999999999  1855
12  55.600000000000001  2483
13  53.5  2084
14  61.100000000000001  2118
15  59.899999999999999  1992
16  60.0  2052
17  58.5  1754
18  69.400000000000006  1605
19  60.399999999999999  2046
20  65.599999999999994  1654
0  38.399999999999999  2871
1  39.399999999999999  3037
2  59.0  2918
3  42.299999999999997  2446
4  48.799999999999997  2299
5  53.700000000000003  2617
6  47.600000000000001  2370
7  54.100000000000001  2552
8  53.399999999999999  2436
9  55.299999999999997  2266
10  53.100000000000001  1752
11  46.200000000000003  2337
12  55.600000000000001  2439
13  55.799999999999997  2149
14  59.399999999999999  2098
15  56.0  2399
16  59.600000000000001  1960
17  67.799999999999997  1770
18  58.5  1987
19  72.0  1697
20  67.799999999999997  1545
0  43.399999999999999  2686
1  32.200000000000003  2629
2  34.899999999999999  2836
3  48.299999999999997  2810
4  44.5  2505
5  44.700000000000003  2583
6  62.700000000000003  2109
7  39.100000000000001  2136
8  56.299999999999997  2219
9  52.700000000000003  2531
10  45.299999999999997  2383
11  54.899999999999999  1980
12  59.5  2067
13  62.200000000000003  1772
14  54.399999999999999  2229
15  52.600000000000001  1769
16  55.200000000000003  2317
17  61.399999999999999  1640
18  57.799999999999997  1994
19  56.200000000000003  1715
20  59.0  1826
0  32.0  2485
1  42.399999999999999  2803
2  40.600000000000001  2671
3  44.5  2761
4  46.899999999999999  2545
5  53.100000000000001  2635
6  43.600000000000001  2065
7  52.200000000000003  2723
8  61.799999999999997  2494
9  54.200000000000003  2480
10  52.700000000000003  2145
11  46.200000000000003  2406
12  65.700000000000003  2082
13  49.5  2294
14  66.700000000000003  1744
15  65.299999999999997  2025
16  65.5  2115
17  58.100000000000001  1816
18  60.600000000000001  1935
19  63.600000000000001  1440
20  59.700000000000003  1709
0  40.0  2640
1  38.600000000000001  2682
2  52.799999999999997  2505
3  42.5  2615
4  42.600000000000001  2347
5  55.700000000000003  2362
6  50.600000000000001  2435
7  56.100000000000001  2459
8  55.200000000000003  2470
9  53.5  2228
10  49.200000000000003  2127
11  53.399999999999999  2151
12  55.299999999999997  1818
13  53.600000000000001  1760
14  58.0  1810
15  74.5  1769
16  60.5  2034
17  65.5  2061
18  53.600000000000001  2030
19  56.700000000000003  1710
20  71.599999999999994  1674
0  46.200000000000003  3154
1  47.600000000000001  2976
2  49.5  2789
3  41.799999999999997  2972
4  51.5  2294
5  61.5  2163
6  48.700000000000003  2358
7  46.0  2538
8  53.899999999999999  2357
9  45.299999999999997  2254
10  62.5  2115
11  62.100000000000001  2312
12  56.100000000000001  2244
13  57.299999999999997  2489
14  61.899999999999999  1974
15  59.200000000000003  2252
16  68.5  2062
17  57.200000000000003  1686
18  59.5  1870
19  46.200000000000003  1552
20  68.900000000000006  1686
0  45.399999999999999  3075
1  35.100000000000001  2941
2  42.700000000000003  2768
3  37.700000000000003  2597
4  43.100000000000001  2659
5  44.100000000000001  2774
6  51.100000000000001  2325
7  44.799999999999997  2473
8  59.100000000000001  2493
9  51.399999999999999  2153
10  52.200000000000003  2151
11  59.200000000000003  1993
12  58.100000000000001  1778
13  44.200000000000003  2169
14  56.799999999999997  2036
15  57.600000000000001  1821
16  61.899999999999999  1903
17  58.100000000000001  2204
18  64.200000000000003  1619
19  63.0  1802
20  65.299999999999997  1896
0  46.200000000000003  3063
1  47.700000000000003  3069
2  45.100000000000001  2679
3  45.100000000000001  2749
4  51.799999999999997  2631
5  47.899999999999999  2890
6  45.299999999999997  2248
7  50.0  2585
8  52.299999999999997  2086
9  58.700000000000003  2027
10  53.600000000000001  2572
11  52.799999999999997  2155
12  47.600000000000001  1943
13  55.600000000000001  1951
14  59.799999999999997  2112
15  51.899999999999999  1815
16  64.900000000000006  1971
17  55.899999999999999  2044
18  59.899999999999999  1978
19  61.799999999999997  2142
20  64.599999999999994  1765
0  39.799999999999997  2934
1  33.799999999999997  2924
2  42.700000000000003  2519
3  37.799999999999997  2714
4  52.200000000000003  2406
5  49.200000000000003  2563
6  50.5  2083
7  59.600000000000001  2334
8  59.100000000000001  2205
9  55.200000000000003  2201
10  55.600000000000001  2028
11  56.600000000000001  2085
12  56.299999999999997  1910
13  56.899999999999999  2282
14  68.099999999999994  1803
15  65.200000000000003  2108
16  53.899999999999999  1723
17  50.600000000000001  1992
18  57.899999999999999  1979
19  66.299999999999997  1683
20  63.100000000000001  1596
0  43.100000000000001  2961
1  36.700000000000003  2915
2  40.5  2744
3  43.200000000000003  2937
4  42.799999999999997  2552
5  48.5  2152
6  48.899999999999999  2205
7  49.799999999999997  2466
8  54.399999999999999  2080
9  52.5  2363
10  41.100000000000001  2138
11  55.700000000000003  2169
12  66.400000000000006  2018
13  55.299999999999997  2245
14  51.200000000000003  2129
15  61.600000000000001  1885
16  52.399999999999999  1859
17  62.600000000000001  1731
18  66.799999999999997  1598
19  50.200000000000003  1639
20  60.100000000000001  1873
0  38.200000000000003  3243
1  39.0  3016
2  49.600000000000001  2846
3  48.100000000000001  2552
4  51.299999999999997  2170
5  45.0  2511
6  58.299999999999997  2293
7  50.5  2519
8  53.799999999999997  2645
9  50.399999999999999  2535
10  51.200000000000003  2313
11  58.600000000000001  2066
12  62.200000000000003  2020
13  52.5  2152
14  44.600000000000001  1832
15  66.799999999999997  1957
16  68.200000000000003  1849
17  65.900000000000006  1682
18  66.599999999999994  1637
19  64.799999999999997  1776
20  66.0  1856
0  37.100000000000001  2412
1  35.899999999999999  3139
2  37.200000000000003  2793
3  45.799999999999997  2456
4  40.600000000000001  2399
5  58.399999999999999  2696
6  62.799999999999997  2554
7  46.899999999999999  2662
8  57.700000000000003  2525
9  50.899999999999999  2377
10  54.600000000000001  1959
11  54.899999999999999  2086
12  50.700000000000003  2550
13  54.100000000000001  2283
14  49.600000000000001  1891
15  60.899999999999999  2158
16  60.0  1977
17  62.299999999999997  1941
18  58.700000000000003  1989
19  50.899999999999999  2048
20  63.299999999999997  2154
0  39.0  2683
1  43.5  2607
2  48.0  2792
3  54.100000000000001  2703
4  64.0  2459
5  53.399999999999999  2638
6  39.899999999999999  2316
7  43.899999999999999  2467
8  61.899999999999999  2205
9  60.700000000000003  2477
10  53.5  2446
11  55.299999999999997  2378
12  50.100000000000001  2251
13  62.299999999999997  2415
14  55.899999999999999  2167
15  64.900000000000006  2159
16  58.600000000000001  1870
17  64.599999999999994  1920
18  64.799999999999997  1735
19  54.600000000000001  2000
20  68.599999999999994  1905
0  43.0  2474
1  37.0  3141
2  53.0  2805
3  52.100000000000001  2874
4  47.299999999999997  2571
5  53.700000000000003  2622
6  61.0  2542
7  46.600000000000001  2581
8  59.200000000000003  2129
9  60.899999999999999  1806
10  59.200000000000003  2235
11  56.200000000000003  2226
12  57.700000000000003  1864
13  52.0  2285
14  56.399999999999999  2339
15  44.100000000000001  2153
16  59.299999999999997  1748
17  61.299999999999997  2122
18  63.299999999999997  1961
19  63.799999999999997  1769
20  55.700000000000003  1909
0  36.299999999999997  2792
1  41.100000000000001  2734
2  46.200000000000003  2801
3  48.200000000000003  2777
4  47.200000000000003  3018
5  57.899999999999999  2664
6  48.899999999999999  2474
7  56.299999999999997  2814
8  57.399999999999999  2341
9  54.0  2140
10  47.600000000000001  2370
11  64.099999999999994  1935
12  58.700000000000003  2085
13  51.100000000000001  2434
14  64.299999999999997  1976
15  62.5  1656
16  57.100000000000001  1786
17  69.200000000000003  1693
18  58.700000000000003  1678
19  65.700000000000003  1781
20  57.200000000000003  2080
0  46.899999999999999  3049
1  44.299999999999997  2909
2  42.799999999999997  2434
3  46.799999999999997  2951
4  43.0  2291
5  50.399999999999999  2343
6  50.899999999999999  1829
7  56.799999999999997  2415
8  56.600000000000001  2318
9  47.100000000000001  2154
10  45.299999999999997  2253
11  54.799999999999997  2090
12  58.399999999999999  1956
13  61.600000000000001  1584
14  56.700000000000003  2291
15  64.5  2076
16  66.200000000000003  2018
17  58.399999999999999  1648
18  55.200000000000003  2168
19  68.400000000000006  1581
20  49.799999999999997  1863
0  39.299999999999997  2949
1  51.100000000000001  2614
2  38.700000000000003  2811
3  52.299999999999997  2313
4  38.5  2448
5  44.200000000000003  2720
6  50.799999999999997  2657
7  53.600000000000001  2429
8  60.299999999999997  2395
9  61.0  2127
10  41.700000000000003  2477
11  60.899999999999999  2070
12  60.200000000000003  1858
13  58.5  1919
14  58.100000000000001  2013
15  63.100000000000001  2217
16  68.0  1860
17  57.5  1897
18  58.799999999999997  1730
19  63.899999999999999  1770
20  65.400000000000006  1925
0  51.299999999999997  2874
1  32.600000000000001  3341
2  53.100000000000001  2531
3  46.700000000000003  2745
4  50.5  2536
5  61.299999999999997  2696
6  57.399999999999999  2622
7  49.5  2144
8  59.100000000000001  2189
9  57.700000000000003  2218
10  67.299999999999997  2238
11  55.799999999999997  2188
12  51.100000000000001  2475
13  54.100000000000001  2225
14  71.5  1722
15  60.399999999999999  2126
16  62.0  1854
17  58.399999999999999  1757
18  61.299999999999997  1473
19  65.599999999999994  1766
20  66.5  2086
0  50.299999999999997  3021
1  31.0  2699
2  49.0  2582
3  46.5  2936
4  62.700000000000003  2380
5  56.100000000000001  2673
6  57.799999999999997  2610
7  50.200000000000003  2403
8  58.0  2444
9  58.299999999999997  2347
10  56.600000000000001  2445
11  58.5  2133
12  61.0  2026
13  58.399999999999999  1886
14  60.299999999999997  1825
15  67.0  1850
16  54.899999999999999  2017
17  56.0  1935
18  60.700000000000003  1787
19  66.200000000000003  1895
20  61.299999999999997  1507
0  42.299999999999997  2621
1  40.700000000000003  2505
2  47.100000000000001  2619
3  53.700000000000003  2615
4  48.0  2790
5  49.0  2406
6  55.399999999999999  2284
7  50.5  2455
8  54.899999999999999  2255
9  56.5  2024
10  56.5  2200
11  47.399999999999999  2232
12  58.899999999999999  2437
13  51.799999999999997  2113
14  60.100000000000001  1998
15  60.799999999999997  1870
16  62.399999999999999  1719
17  56.600000000000001  1753
18  57.200000000000003  1792
19  62.399999999999999  1561
20  64.799999999999997  1820
0  46.899999999999999  2883
1  37.399999999999999  2861
2  43.100000000000001  2574
3  44.899999999999999  2652
4  48.700000000000003  2108
5  42.399999999999999  2671
6  45.200000000000003  2368
7  52.5  2512
8  52.200000000000003  2050
9  51.200000000000003  2665
10  58.299999999999997  2056
11  58.0  2231
12  61.299999999999997  1914
13  61.799999999999997  1994
14  60.200000000000003  2359
15  48.600000000000001  2188
16  59.600000000000001  1835
17  66.599999999999994  1650
18  66.400000000000006  1933
19  59.100000000000001  1978
20  63.399999999999999  1624
0  37.399999999999999  2488
1  50.899999999999999  2803
2  39.399999999999999  2531
3  51.600000000000001  2576
4  47.0  2897
5  37.399999999999999  2396
6  51.799999999999997  2350
7  53.100000000000001  2434
8  55.399999999999999  2188
9  49.200000000000003  2553
10  66.900000000000006  2146
11  48.899999999999999  2280
12  54.700000000000003  2491
13  62.899999999999999  2136
14  54.399999999999999  1936
15  59.200000000000003  1654
16  60.100000000000001  1754
17  63.5  1729
18  55.399999999999999  2032
19  57.0  1909
20  74.299999999999997  1733
0  49.0  3083
1  48.299999999999997  2842
2  34.399999999999999  2583
3  47.799999999999997  3000
4  35.600000000000001  2534
5  52.0  2526
6  48.100000000000001  2306
7  59.299999999999997  2266
8  43.200000000000003  2410
9  52.399999999999999  2194
10  51.399999999999999  2309
11  63.600000000000001  1932
12  57.5  2191
13  62.399999999999999  2173
14  67.799999999999997  1860
15  64.900000000000006  2127
16  63.700000000000003  1748
17  53.200000000000003  1952
18  48.5  2185
19  65.400000000000006  1680
20  55.100000000000001  1793
0  48.299999999999997  3099
1  46.100000000000001  3083
2  45.600000000000001  2634
3  48.299999999999997  2726
4  45.700000000000003  2122
5  55.799999999999997  2420
6  50.399999999999999  2565
7  50.5  2140
8  53.700000000000003  2280
9  50.0  2502
10  51.399999999999999  2275
11  51.600000000000001  2138
12  54.100000000000001  2113
13  57.5  2091
14  61.100000000000001  1993
15  63.0  1975
16  60.899999999999999  1435
17  62.600000000000001  1871
18  66.099999999999994  1764
19  69.799999999999997  1744
20  63.700000000000003  1755
0  52.100000000000001  2649
1  47.600000000000001  2893
2  44.399999999999999  2886
3  50.100000000000001  2335
4  49.399999999999999  2497
5  57.0  2577
6  56.399999999999999  2567
7  51.700000000000003  2397
8  56.899999999999999  2458
9  51.5  2396
10  50.700000000000003  2236
11  53.5  2541
12  58.399999999999999  1778
13  62.899999999999999  2090
14  59.0  1928
15  44.700000000000003  1910
16  59.5  1991
17  60.100000000000001  1812
18  65.0  1774
19  70.599999999999994  1615
20  61.0  1734
0  51.299999999999997  2735
1  50.700000000000003  2555
2  48.399999999999999  2757
3  46.299999999999997  2784
4  47.100000000000001  2354
5  48.200000000000003  2719
6  49.600000000000001  2336
7  59.600000000000001  2399
8  53.299999999999997  2508
9  58.700000000000003  1947
10  44.899999999999999  1880
11  58.700000000000003  2512
12  52.100000000000001  2044
13  71.799999999999997  2129
14  63.399999999999999  1840
15  55.799999999999997  1886
16  59.200000000000003  2175
17  64.200000000000003  2017
18  58.799999999999997  1583
19  68.0  1756
20  66.200000000000003  1901
0  54.700000000000003  2962
1  36.799999999999997  2680
2  44.100000000000001  2638
3  57.0  2769
4  52.5  2704
5  53.799999999999997  2206
6  44.299999999999997  2272
7  52.799999999999997  2369
8  49.700000000000003  2560
9  56.899999999999999  2327
10  50.200000000000003  2190
11  62.899999999999999  2263
12  60.600000000000001  1826
13  46.399999999999999  1969
14  60.0  2005
15  54.799999999999997  1816
16  54.799999999999997  2035
17  66.5  1659
18  74.299999999999997  1615
19  64.299999999999997  2135
20  58.5  1652
0  36.399999999999999  3286
1  43.5  2685
2  39.0  2658
3  57.100000000000001  2535
4  43.299999999999997  2689
5  48.200000000000003  2604
6  46.600000000000001  2830
7  49.399999999999999  2071
8  50.899999999999999  2415
9  62.100000000000001  2530
10  56.600000000000001  2192
11  64.599999999999994  2198
12  67.700000000000003  1688
13  52.700000000000003  2193
14  46.200000000000003  1984
15  61.899999999999999  1827
16  55.200000000000003  2047
17  63.600000000000001  1791
18  53.399999999999999  2014
19  57.799999999999997  1491
20  58.600000000000001  1825
0  56.700000000000003  3169
1  39.399999999999999  2754
2  43.200000000000003  2722
3  50.799999999999997  2778
4  58.799999999999997  2576
5  60.0  2276
6  64.400000000000006  2207
7  57.0  2554
8  69.799999999999997  1864
9  54.600000000000001  2276
10  47.799999999999997  2730
11  52.799999999999997  2318
12  59.0  2417
13  55.299999999999997  2134
14  53.399999999999999  2409
15  60.5  1948
16  59.0  1995
17  65.400000000000006  1490
18  62.899999999999999  1888
19  69.900000000000006  1751
20  54.799999999999997  2014
0  45.100000000000001  2636
1  47.0  2526
2  48.700000000000003  3026
3  56.399999999999999  2938
4  40.600000000000001  2543
5  56.899999999999999  2394
6  47.799999999999997  2608
7  51.799999999999997  2253
8  55.0  2342
9  60.799999999999997  2201
10  61.799999999999997  2258
11  67.5  1861
12  55.5  1971
13  63.899999999999999  1773
14  58.200000000000003  2313
15  68.200000000000003  1918
16  50.200000000000003  2100
17  60.299999999999997  1884
18  63.299999999999997  2145
19  59.0  1886
20  66.099999999999994  1898
0  49.100000000000001  2874
1  47.600000000000001  2584
2  48.200000000000003  2702
3  46.799999999999997  2385
4  47.200000000000003  2793
5  41.899999999999999  2519
6  44.0  2458
7  54.399999999999999  2803
8  61.0  2314
9  62.200000000000003  2379
10  50.299999999999997  2277
11  60.700000000000003  2075
12  63.100000000000001  2100
13  63.200000000000003  1698
14  54.799999999999997  2096
15  63.0  1952
16  51.399999999999999  1676
17  58.399999999999999  1946
18  58.899999999999999  1722
19  56.399999999999999  1789
20  67.700000000000003  1697
0  41.299999999999997  2833
1  44.0  2479
2  53.299999999999997  2776
3  49.899999999999999  2823
4  53.399999999999999  2810
5  43.399999999999999  2641
6  45.5  2236
7  47.5  2261
8  57.799999999999997  2208
9  50.799999999999997  2021
10  58.299999999999997  2413
11  50.799999999999997  2094
12  52.200000000000003  2141
13  58.399999999999999  1955
14  70.900000000000006  1668
15  58.600000000000001  2225
16  54.799999999999997  1737
17  54.799999999999997  2036
18  65.200000000000003  1755
19  56.700000000000003  2135
20  71.599999999999994  1550
0  44.5  3220
1  33.899999999999999  2708
2  44.600000000000001  2575
3  57.5  2374
4  48.200000000000003  2815
5  47.899999999999999  2639
6  53.799999999999997  2241
7  48.600000000000001  2537
8  48.700000000000003  2119
9  54.200000000000003  2514
10  58.600000000000001  2250
11  54.700000000000003  2360
12  48.100000000000001  2341
13  61.700000000000003  2077
14  50.799999999999997  2300
15  69.799999999999997  1978
16  62.100000000000001  2183
17  61.600000000000001  1548
18  59.200000000000003  1575
19  63.799999999999997  1905
20  61.899999999999999  1691
0  32.700000000000003  3005
1  38.600000000000001  2554
2  36.0  3209
3  46.700000000000003  2588
4  32.399999999999999  2429
5  50.200000000000003  2939
6  49.600000000000001  2675
7  52.600000000000001  2457
8  52.899999999999999  2488
9  60.200000000000003  2054
10  45.100000000000001  2249
11  54.299999999999997  2087
12  58.399999999999999  2306
13  58.700000000000003  2067
14  61.0  2022
15  56.600000000000001  1661
16  60.399999999999999  2060
17  79.200000000000003  1437
18  59.700000000000003  1952
19  62.5  2129
20  73.200000000000003  1769
0  36.700000000000003  3039
1  38.5  2743
2  44.399999999999999  2876
3  55.600000000000001  2808
4  50.0  2384
5  54.5  2388
6  62.5  2269
7  50.299999999999997  2310
8  53.799999999999997  2316
9  51.600000000000001  2347
10  58.0  1757
11  56.899999999999999  2273
12  62.0  1930
13  59.5  1977
14  52.5  2070
15  57.899999999999999  1960
16  57.899999999999999  1995
17  62.600000000000001  1992
18  62.299999999999997  1617
19  69.0  1611
20  63.799999999999997  1740
0  50.200000000000003  3065
1  43.899999999999999  2362
2  42.5  2727
3  48.899999999999999  2388
4  50.200000000000003  2750
5  53.299999999999997  2677
6  50.600000000000001  2574
7  53.399999999999999  2360
8  57.200000000000003  2481
9  52.399999999999999  2356
10  59.100000000000001  1990
11  49.600000000000001  1977
12  62.399999999999999  2390
13  59.0  1921
14  59.200000000000003  2173
15  63.700000000000003  1822
16  62.700000000000003  1518
17  56.200000000000003  1832
18  59.0  1667
19  76.400000000000006  1418
20  62.600000000000001  1874
0  43.100000000000001  2533
1  41.899999999999999  2675
2  49.200000000000003  2796
3  49.299999999999997  2949
4  47.600000000000001  2894
5  40.100000000000001  2879
6  51.5  2256
7  47.899999999999999  2426
8  60.200000000000003  1983
9  46.700000000000003  2459
10  54.700000000000003  2125
11  51.899999999999999  2242
12  54.600000000000001  2282
13  55.200000000000003  2330
14  65.5  1909
15  52.100000000000001  2045
16  53.100000000000001  2102
17  68.0  1497
18  53.899999999999999  2067
19  66.900000000000006  1690
20  64.299999999999997  1782
0  47.100000000000001  2888
1  36.399999999999999  3296
2  46.5  2831
3  38.600000000000001  2406
4  45.799999999999997  2239
5  49.399999999999999  2401
6  41.100000000000001  2779
7  46.600000000000001  2617
8  48.799999999999997  2628
9  61.100000000000001  2483
10  53.0  1900
11  54.600000000000001  2143
12  51.299999999999997  2050
13  62.600000000000001  2051
14  68.400000000000006  1897
15  60.299999999999997  1948
16  67.099999999999994  2038
17  60.299999999999997  1823
18  59.5  1938
19  53.5  1963
20  61.100000000000001  1871
0  28.5  2600
1  41.600000000000001  2912
2  47.100000000000001  3015
3  47.200000000000003  3056
4  46.899999999999999  2646
5  50.600000000000001  2606
6  43.799999999999997  2027
7  43.100000000000001  2646
8  62.600000000000001  2309
9  61.100000000000001  2246
10  50.0  2472
11  51.600000000000001  1786
12  57.200000000000003  2201
13  62.700000000000003  1929
14  56.700000000000003  2038
15  59.700000000000003  1901
16  54.5  1929
17  66.099999999999994  1949
18  58.799999999999997  1982
19  61.700000000000003  1760
20  74.299999999999997  1434
0  50.200000000000003  2741
1  45.200000000000003  2756
2  43.600000000000001  2683
3  44.0  2718
4  51.899999999999999  2737
5  46.600000000000001  2714
6  49.799999999999997  2424
7  40.100000000000001  2410
8  47.799999999999997  2247
9  59.700000000000003  2268
10  58.5  2207
11  59.600000000000001  2354
12  61.799999999999997  2158
13  65.5  2292
14  56.799999999999997  2178
15  59.600000000000001  1907
16  74.0  1896
17  61.0  2313
18  67.599999999999994  1692
19  61.600000000000001  1909
20  71.700000000000003  1732
0  50.200000000000003  3040
1  46.200000000000003  3140
2  51.200000000000003  2951
3  47.200000000000003  2575
4  50.100000000000001  2621
5  49.899999999999999  2236
6  55.0  2572
7  55.0  2231
8  55.100000000000001  2148
9  56.600000000000001  2008
10  61.100000000000001  2488
11  65.299999999999997  2120
12  65.299999999999997  2021
13  56.200000000000003  2069
14  53.700000000000003  1865
15  68.5  1929
16  55.799999999999997  1871
17  60.799999999999997  1953
18  57.899999999999999  1752
19  65.900000000000006  1703
20  53.899999999999999  2176
0  37.700000000000003  2712
1  47.299999999999997  2790
2  36.899999999999999  2577
3  56.600000000000001  2370
4  45.0  2630
5  52.899999999999999  2678
6  45.299999999999997  2378
7  40.200000000000003  2140
8  44.5  2189
9  53.700000000000003  2302
10  46.399999999999999  2104
11  53.200000000000003  2307
12  60.700000000000003  2398
13  67.5  2171
14  62.5  2169
15  68.900000000000006  1940
16  59.0  2222
17  67.200000000000003  1607
18  59.100000000000001  1704
19  60.399999999999999  1699
20  63.899999999999999  1584
0  50.700000000000003  3026
1  35.700000000000003  2708
2  42.899999999999999  2560
3  38.5  2667
4  54.299999999999997  2959
5  40.5  2313
6  56.600000000000001  2618
7  57.5  2385
8  47.299999999999997  2724
9  52.5  2351
10  53.600000000000001  1653
11  55.799999999999997  1923
12  52.600000000000001  2137
13  51.299999999999997  2025
14  53.700000000000003  1883
15  56.299999999999997  1623
16  57.100000000000001  2345
17  57.799999999999997  2037
18  67.799999999999997  1533
19  54.0  1984
20  65.599999999999994  2035
0  37.799999999999997  2744
1  43.899999999999999  3162
2  47.0  2571
3  47.299999999999997  2408
4  51.399999999999999  2372
5  49.899999999999999  2641
6  50.0  2378
7  49.700000000000003  2687
8  60.799999999999997  2126
9  51.299999999999997  2158
10  48.700000000000003  2051
11  59.200000000000003  1916
12  57.200000000000003  1741
13  66.799999999999997  2017
14  65.400000000000006  2060
15  61.399999999999999  2160
16  67.0  2104
17  58.299999999999997  1934
18  65.5  1671
19  55.5  2203
20  67.5  1758
0  41.399999999999999  2491
1  45.600000000000001  2548
2  43.600000000000001  2753
3  50.799999999999997  2590
4  47.600000000000001  2700
5  45.5  2663
6  52.200000000000003  2359
7  51.0  2378
8  64.900000000000006  2420
9  49.399999999999999  2195
10  62.5  2016
11  60.299999999999997  2116
12  51.200000000000003  1995
13  50.799999999999997  2306
14  57.600000000000001  2284
15  65.200000000000003  1960
16  65.5  1720
17  51.5  2010
18  54.5  1487
19  55.5  1621
20  67.0  1694
0  33.0  2693
1  41.700000000000003  2838
2  42.799999999999997  2544
3  49.899999999999999  2937
4  46.700000000000003  2456
5  52.600000000000001  2557
6  45.399999999999999  2718
7  47.399999999999999  2234
8  57.299999999999997  2124
9  45.200000000000003  2330
10  45.100000000000001  2576
11  57.5  2106
12  61.799999999999997  2084
13  46.100000000000001  1975
14  57.5  1929
15  57.5  2368
16  63.200000000000003  2080
17  58.5  2428
18  77.400000000000006  1652
19  68.0  1648
20  63.5  2038
0  47.0  3079
1  46.399999999999999  2880
2  34.700000000000003  2663
3  55.799999999999997  2709
4  40.200000000000003  2399
5  48.0  2789
6  48.600000000000001  2184
7  55.0  2513
8  48.399999999999999  2420
9  55.600000000000001  2252
10  61.600000000000001  1909
11  55.299999999999997  2131
12  61.600000000000001  1762
13  36.899999999999999  2509
14  66.099999999999994  2253
15  56.100000000000001  2165
16  70.5  1514
17  66.599999999999994  2049
18  64.099999999999994  1611
19  60.399999999999999  2343
20  72.700000000000003  1646
0  39.299999999999997  2546
1  26.100000000000001  2937
2  45.399999999999999  2734
3  43.399999999999999  3178
4  38.0  2396
5  34.899999999999999  2642
6  49.5  2654
7  47.200000000000003  2488
8  54.5  2547
9  50.700000000000003  2280
10  50.5  2111
11  50.899999999999999  1966
12  56.100000000000001  2058
13  62.799999999999997  2072
14  54.200000000000003  2207
15  54.5  2164
16  58.600000000000001  2060
17  52.700000000000003  1749
18  59.700000000000003  2012
19  66.700000000000003  1920
20  61.299999999999997  1719
0  44.700000000000003  2869
1  40.899999999999999  2637
2  43.399999999999999  2788
3  46.799999999999997  2617
4  45.0  2559
5  45.399999999999999  2730
6  52.5  2637
7  64.400000000000006  2286
8  63.799999999999997  2098
9  59.299999999999997  2337
10  71.0  2155
11  55.399999999999999  2040
12  58.5  2183
13  63.0  1892
14  51.700000000000003  2035
15  59.700000000000003  2134
16  63.700000000000003  1551
17  60.799999999999997  2161
18  72.799999999999997  1718
19  50.899999999999999  1626
20  60.299999999999997  1880
0  48.0  2823
1  34.299999999999997  2628
2  49.700000000000003  2662
3  42.299999999999997  3016
4  47.5  2658
5  47.600000000000001  2445
6  57.200000000000003  2312
7  56.600000000000001  2542
8  58.200000000000003  2381
9  51.100000000000001  2234
10  63.399999999999999  2117
11  57.200000000000003  1987
12  60.0  2357
13  61.5  2289
14  61.799999999999997  2160
15  50.600000000000001  2417
16  56.899999999999999  2118
17  61.700000000000003  1635
18  63.100000000000001  1769
19  69.0  1806
20  70.5  1454
0  45.100000000000001  3215
1  38.100000000000001  2750
2  51.200000000000003  2233
3  41.5  2559
4  42.0  2526
5  55.799999999999997  2442
6  52.0  2258
7  58.0  2408
8  55.100000000000001  2550
9  51.700000000000003  2273
10  56.700000000000003  2285
11  63.399999999999999  1908
12  47.0  2485
13  45.700000000000003  1756
14  57.799999999999997  2267
15  51.600000000000001  2140
16  59.700000000000003  1955
17  63.0  1776
18  63.0  1814
19  58.200000000000003  1592
20  58.0  1924
0  49.0  2680
1  48.899999999999999  2780
2  41.5  3001
3  50.600000000000001  2486
4  44.899999999999999  2336
5  43.0  3059
6  57.200000000000003  2477
7  54.899999999999999  2353
8  48.5  2517
9  54.799999999999997  2227
10  54.100000000000001  2273
11  58.799999999999997  2197
12  58.399999999999999  1959
13  51.700000000000003  2131
14  60.700000000000003  1790
15  52.299999999999997  2042
16  56.299999999999997  1919
17  69.400000000000006  1804
18  52.600000000000001  2105
19  63.899999999999999  2163
20  62.299999999999997  1770
0  41.399999999999999  2711
1  41.0  2758
2  53.799999999999997  2517
3  49.899999999999999  2839
4  50.0  2220
5  51.899999999999999  2322
6  40.700000000000003  2184
7  47.399999999999999  2376
8  54.799999999999997  1958
9  52.799999999999997  2232
10  43.0  2381
11  59.5  2261
12  49.5  1673
13  60.200000000000003  2256
14  52.5  2043
15  69.299999999999997  1608
16  64.099999999999994  2126
17  61.899999999999999  1874
18  50.399999999999999  2074
19  66.599999999999994  1986
20  65.5  1506
0  38.5  2443
1  39.200000000000003  2538
2  47.899999999999999  2631
3  38.299999999999997  2680
4  60.799999999999997  2128
5  54.100000000000001  2575
6  49.899999999999999  2250
7  57.100000000000001  2523
8  44.200000000000003  2387
9  49.700000000000003  2657
10  60.5  1817
11  52.100000000000001  2160
12  56.799999999999997  2018
13  60.0  1937
14  55.700000000000003  2049
15  49.200000000000003  1835
16  66.400000000000006  1773
17  67.0  1879
18  64.599999999999994  1846
19  62.100000000000001  1780
20  64.400000000000006  1634
0  45.700000000000003  3019
1  35.600000000000001  2702
2  47.799999999999997  2598
3  42.799999999999997  2452
4  50.100000000000001  2702
5  56.200000000000003  2463
6  46.0  2449
7  44.100000000000001  2440
8  57.100000000000001  2327
9  58.5  2509
10  54.799999999999997  2588
11  50.200000000000003  2334
12  61.700000000000003  1792
13  63.899999999999999  1712
14  60.600000000000001  2171
15  63.299999999999997  1972
16  60.299999999999997  2099
17  60.0  1775
18  65.700000000000003  2080
19  67.700000000000003  1505
20  73.0  1454
0  46.200000000000003  2975
1  50.299999999999997  2521
2  40.899999999999999  2544
3  37.399999999999999  2734
4  46.0  2176
5  51.100000000000001  2731
6  40.0  2054
7  51.399999999999999  2443
8  57.5  2028
9  49.600000000000001  2210
10  54.700000000000003  2396
11  45.899999999999999  2130
12  61.899999999999999  2102
13  54.100000000000001  2284
14  74.200000000000003  1738
15  70.200000000000003  1996
16  58.0  2296
17  59.0  1961
18  63.0  1984
19  64.400000000000006  1903
20  53.5  1992
0  34.799999999999997  3063
1  46.899999999999999  2502
2  38.600000000000001  2696
3  39.799999999999997  3079
4  36.799999999999997  2502
5  43.0  2447
6  46.799999999999997  2667
7  47.899999999999999  2492
8  43.399999999999999  2491
9  62.700000000000003  2017
10  51.200000000000003  2372
11  61.100000000000001  2097
12  62.200000000000003  2349
13  64.200000000000003  1928
14  57.0  1961
15  69.599999999999994  1786
16  62.5  2086
17  58.399999999999999  2044
18  57.5  1997
19  66.0  1930
20  68.900000000000006  1785
0  45.200000000000003  2854
1  47.200000000000003  3022
2  39.5  2692
3  56.899999999999999  2448
4  37.899999999999999  2516
5  44.700000000000003  2525
6  45.100000000000001  2386
7  49.600000000000001  2601
8  48.700000000000003  2375
9  50.100000000000001  2189
10  61.5  2119
11  53.200000000000003  2075
12  53.799999999999997  2167
13  60.200000000000003  2027
14  53.5  2074
15  60.399999999999999  1759
16  63.899999999999999  1761
17  63.399999999999999  1869
18  66.700000000000003  1610
19  63.200000000000003  1660
20  60.700000000000003  2141
0  30.300000000000001  2726
1  44.700000000000003  2795
2  46.5  2703
3  49.299999999999997  2765
4  42.299999999999997  2301
5  50.299999999999997  2192
6  50.299999999999997  2654
7  48.700000000000003  2631
8  49.600000000000001  2257
9  48.0  2218
10  59.0  2319
11  55.299999999999997  2033
12  49.799999999999997  2208
13  59.600000000000001  2103
14  48.700000000000003  1890
15  49.299999999999997  2083
16  61.299999999999997  2243
17  61.5  1491
18  52.0  1879
19  57.5  1694
20  65.299999999999997  1781
0  40.5  2767
1  39.600000000000001  2733
2  46.100000000000001  2550
3  38.700000000000003  2867
4  38.200000000000003  2677
5  52.299999999999997  2586
6  45.600000000000001  2370
7  48.700000000000003  2531
8  52.700000000000003  2415
9  54.0  2214
10  53.700000000000003  2197
11  51.0  1849
12  54.399999999999999  2133
13  61.399999999999999  2011
14  55.0  1875
15  50.5  1918
16  62.700000000000003  1902
17  62.299999999999997  1637
18  65.0  1986
19  52.600000000000001  2349
20  63.200000000000003  1751
0  36.799999999999997  2337
1  52.600000000000001  2785
2  41.299999999999997  2871
3  38.899999999999999  2813
4  45.100000000000001  2646
5  59.700000000000003  2462
6  54.700000000000003  2620
7  57.600000000000001  2484
8  50.399999999999999  2088
9  45.299999999999997  2318
10  50.399999999999999  1937
11  62.799999999999997  2038
12  57.299999999999997  2386
13  45.5  1904
14  56.100000000000001  2502
15  63.799999999999997  1621
16  71.700000000000003  1681
17  62.899999999999999  1895
18  68.099999999999994  1794
19  63.5  1924
20  60.200000000000003  1985
0  37.399999999999999  3322
1  35.100000000000001  3123
2  46.399999999999999  2513
3  33.399999999999999  2309
4  47.600000000000001  2788
5  56.299999999999997  2505
6  52.700000000000003  2790
7  53.0  2440
8  53.700000000000003  2078
9  63.0  2466
10  55.5  2606
11  62.100000000000001  2358
12  61.799999999999997  2026
13  60.200000000000003  2209
14  65.0  1855
15  52.299999999999997  2057
16  63.299999999999997  1760
17  61.700000000000003  2011
18  63.0  1866
19  62.600000000000001  1692
20  60.799999999999997  1873
0  53.0  2514
1  45.399999999999999  2939
2  47.600000000000001  3187
3  56.200000000000003  2451
4  43.700000000000003  2651
5  56.700000000000003  2355
6  41.700000000000003  2651
7  50.5  2745
8  53.5  2287
9  49.899999999999999  2558
10  53.200000000000003  2431
11  64.400000000000006  2356
12  48.799999999999997  2065
13  53.5  2519
14  59.100000000000001  2111
15  50.799999999999997  1924
16  55.100000000000001  1897
17  62.100000000000001  2068
18  67.0  1659
19  64.200000000000003  1986
20  63.799999999999997  1904
0  43.100000000000001  2927
1  43.299999999999997  2893
2  51.399999999999999  2821
3  41.700000000000003  2643
4  48.0  2692
5  45.299999999999997  2206
6  40.200000000000003  2189
7  60.200000000000003  2312
8  53.899999999999999  2235
9  42.799999999999997  2316
10  52.0  2014
11  47.200000000000003  2267
12  69.900000000000006  1785
13  61.399999999999999  1949
14  61.600000000000001  1795
15  59.5  2073
16  71.799999999999997  1555
17  55.100000000000001  1939
18  58.5  1927
19  74.200000000000003  1478
20  58.100000000000001  1582
0  33.899999999999999  2393
1  42.5  3081
2  46.399999999999999  2990
3  48.899999999999999  2655
4  44.600000000000001  2252
5  39.5  2644
6  49.0  2251
7  43.299999999999997  2464
8  45.299999999999997  2709
9  60.0  2516
10  55.399999999999999  1981
11  54.899999999999999  2010
12  56.200000000000003  2138
13  59.600000000000001  2203
14  60.100000000000001  2382
15  60.899999999999999  1967
16  64.5  1936
17  63.600000000000001  1738
18  63.200000000000003  1997
19  64.5  2012
20  56.700000000000003  2044
0  56.5  3004
1  40.600000000000001  2576
2  43.299999999999997  2735
3  49.399999999999999  2238
4  52.0  2813
5  48.100000000000001  2299
6  44.299999999999997  2443
7  43.100000000000001  2399
8  43.700000000000003  2459
9  61.399999999999999  2356
10  46.299999999999997  2126
11  61.600000000000001  2136
12  53.799999999999997  2162
13  57.899999999999999  2199
14  66.599999999999994  1848
15  63.100000000000001  1931
16  63.799999999999997  2032
17  48.299999999999997  2096
18  63.100000000000001  1873
19  60.200000000000003  2001
20  62.899999999999999  1743
0  45.799999999999997  2638
1  49.5  2784
2  39.600000000000001  2656
3  37.399999999999999  2937
4  30.5  1976
5  51.799999999999997  2502
6  61.899999999999999  2475
7  50.700000000000003  2451
8  50.0  2358
9  55.700000000000003  2086
10  56.700000000000003  1970
11  47.700000000000003  2374
12  54.399999999999999  2083
13  60.0  1982
14  57.399999999999999  2146
15  63.100000000000001  2004
16  57.200000000000003  1835
17  59.5  2088
18  66.599999999999994  1742
19  63.600000000000001  1834
20  53.100000000000001  1620
0  38.299999999999997  2631
1  43.100000000000001  2583
2  45.799999999999997  2251
3  47.899999999999999  2553
4  44.799999999999997  2633
5  54.399999999999999  2543
6  50.799999999999997  2779
7  42.799999999999997  2775
8  61.0  2232
9  55.600000000000001  2153
10  57.600000000000001  1826
11  54.200000000000003  2231
12  60.899999999999999  2229
13  55.5  2295
14  63.0  1888
15  58.100000000000001  2076
16  66.0  1768
17  58.799999999999997  2210
18  55.799999999999997  1791
19  53.600000000000001  1875
20  69.200000000000003  1862
0  42.100000000000001  3271
1  26.399999999999999  2616
2  33.299999999999997  2812
3  55.100000000000001  2789
4  48.200000000000003  2418
5  54.299999999999997  2773
6  47.799999999999997  2675
7  52.799999999999997  2050
8  42.299999999999997  2259
9  51.5  2206
10  51.799999999999997  2280
11  51.899999999999999  2078
12  58.100000000000001  1951
13  51.299999999999997  1999
14  55.700000000000003  2167
15  54.200000000000003  2415
16  65.799999999999997  1880
17  70.599999999999994  1654
18  74.299999999999997  1393
19  67.700000000000003  1574
20  62.399999999999999  1994
0  42.200000000000003  3106
1  50.299999999999997  3133
2  39.600000000000001  2315
3  44.5  3069
4  44.299999999999997  2206
5  40.200000000000003  2627
6  53.399999999999999  2710
7  53.399999999999999  2440
8  53.399999999999999  2325
9  50.600000000000001  2816
10  64.200000000000003  1858
11  67.599999999999994  2399
12  43.299999999999997  1907
13  51.899999999999999  1750
14  44.399999999999999  2728
15  59.700000000000003  2026
16  63.700000000000003  1903
17  62.200000000000003  1725
18  71.299999999999997  1882
19  55.5  1870
20  66.400000000000006  1909
0  39.899999999999999  2822
1  42.600000000000001  2714
2  47.799999999999997  3374
3  55.0  2726
4  50.700000000000003  2518
5  58.899999999999999  2249
6  45.399999999999999  2479
7  47.200000000000003  2443
8  49.899999999999999  2339
9  41.100000000000001  2585
10  50.700000000000003  2519
11  54.5  2688
12  53.100000000000001  1951
13  70.799999999999997  1866
14  52.100000000000001  2213
15  62.100000000000001  1970
16  55.399999999999999  1645
17  58.600000000000001  1781
18  59.799999999999997  1852
19  70.400000000000006  1487
20  52.600000000000001  1955
0  43.899999999999999  3020
1  40.399999999999999  2512
2  38.100000000000001  2431
3  42.600000000000001  2743
4  44.899999999999999  2859
5  45.299999999999997  2334
6  55.200000000000003  2602
7  48.100000000000001  2338
8  48.200000000000003  2573
9  59.899999999999999  1983
10  64.700000000000003  2382
11  55.5  2095
12  58.899999999999999  2390
13  63.700000000000003  2350
14  56.899999999999999  2061
15  69.400000000000006  1769
16  60.100000000000001  1821
17  64.099999999999994  2162
18  58.700000000000003  2042
19  62.0  1612
20  66.200000000000003  1761
0  42.100000000000001  2534
1  45.0  2785
2  43.799999999999997  2444
3  45.899999999999999  2950
4  48.700000000000003  2479
5  53.299999999999997  2791
6  47.600000000000001  2250
7  49.100000000000001  2368
8  58.5  2360
9  49.0  2204
10  46.600000000000001  2633
11  50.0  2266
12  58.899999999999999  2235
13  62.600000000000001  1754
14  63.5  1897
15  56.399999999999999  2401
16  58.899999999999999  1927
17  56.799999999999997  1674
18  60.0  2019
19  66.400000000000006  1767
20  67.0  1451
0  44.100000000000001  2645
1  41.899999999999999  2676
2  40.100000000000001  2786
3  35.700000000000003  2442
4  42.0  2143
5  52.600000000000001  2625
6  52.600000000000001  2319
7  48.899999999999999  2440
8  54.899999999999999  2263
9  59.200000000000003  2301
10  59.899999999999999  2223
11  56.700000000000003  2018
12  55.899999999999999  2157
13  62.200000000000003  1848
14  62.299999999999997  1859
15  49.100000000000001  2267
16  57.600000000000001  2254
17  65.599999999999994  1954
18  61.5  2005
19  70.5  1820
20  49.899999999999999  1744
0  42.799999999999997  3223
1  41.799999999999997  2833
2  44.399999999999999  2688
3  48.0  2624
4  57.399999999999999  2398
5  56.600000000000001  2556
6  45.200000000000003  2219
7  48.700000000000003  2674
8  47.899999999999999  2271
9  54.0  2107
10  50.899999999999999  2244
11  66.599999999999994  1861
12  56.100000000000001  2521
13  58.799999999999997  1713
14  61.0  2294
15  59.600000000000001  1911
16  51.899999999999999  2050
17  69.299999999999997  1825
18  61.5  1962
19  60.100000000000001  2080
20  70.099999999999994  1484
