1  6.0  91.0
2  30.0  573.0
3  22.0  460.0
4  76.0  404.0
5  29.0  578.0
6  52.0  450.0
7  52.0  496.0
1  41.0  529.0
2  16.0  319.0
3  47.0  500.0
4  22.0  379.0
5  71.0  415.0
6  40.0  620.0
7  49.0  411.0
1  67.0  416.0
2  50.0  399.0
3  54.0  560.0
4  18.0  434.0
5  37.0  436.0
6  17.0  563.0
7  18.0  407.0
1  39.0  499.0
2  41.0  461.0
3  62.0  470.0
4  52.0  466.0
5  41.0  514.0
6  57.0  427.0
7  36.0  552.0
1  67.0  386.0
2  29.0  255.0
3  49.0  494.0
4  26.0  476.0
5  55.0  474.0
6  36.0  504.0
7  36.0  432.0
1  48.0  547.0
2  62.0  357.0
3  42.0  394.0
4  42.0  544.0
5  19.0  289.0
6  22.0  353.0
7  31.0  364.0
1  10.0  182.0
2  39.0  460.0
3  49.0  424.0
4  84.0  537.0
5  40.0  369.0
6  29.0  495.0
7  52.0  481.0
1  67.0  293.0
2  54.0  465.0
3  40.0  376.0
4  46.0  310.0
5  59.0  508.0
6  43.0  322.0
7  36.0  485.0
1  13.0  609.0
2  41.0  520.0
3  19.0  416.0
4  34.0  435.0
5  44.0  460.0
6  32.0  418.0
7  26.0  473.0
1  47.0  489.0
2  79.0  336.0
3  38.0  236.0
4  33.0  381.0
5  48.0  576.0
6  58.0  456.0
7  70.0  444.0
1  71.0  454.0
2  7.0  279.0
3  30.0  353.0
4  52.0  512.0
5  46.0  447.0
6  41.0  440.0
7  36.0  494.0
1  36.0  505.0
2  62.0  453.0
3  33.0  432.0
4  36.0  504.0
5  56.0  403.0
6  31.0  455.0
7  29.0  585.0
1  24.0  340.0
2  9.0  197.0
3  36.0  561.0
4  17.0  348.0
5  57.0  435.0
6  31.0  518.0
7  62.0  457.0
1  43.0  353.0
2  34.0  525.0
3  26.0  558.0
4  26.0  295.0
5  57.0  462.0
6  31.0  341.0
7  48.0  534.0
1  69.0  363.0
2  22.0  439.0
3  44.0  572.0
4  64.0  388.0
5  20.0  292.0
6  17.0  619.0
7  30.0  465.0
1  66.0  378.0
2  39.0  676.0
3  37.0  370.0
4  42.0  465.0
5  19.0  457.0
6  19.0  490.0
7  32.0  463.0
1  33.0  513.0
2  49.0  367.0
3  58.0  459.0
4  32.0  451.0
5  40.0  510.0
6  47.0  534.0
7  21.0  513.0
1  31.0  522.0
2  25.0  494.0
3  46.0  523.0
4  52.0  498.0
5  49.0  470.0
6  62.0  422.0
7  52.0  459.0
1  13.0  608.0
2  61.0  506.0
3  46.0  397.0
4  48.0  476.0
5  53.0  454.0
6  27.0  356.0
7  48.0  448.0
1  34.0  356.0
2  28.0  401.0
3  23.0  312.0
4  15.0  254.0
5  53.0  395.0
6  22.0  377.0
7  13.0  269.0
1  65.0  440.0
2  17.0  418.0
3  36.0  539.0
4  29.0  412.0
5  40.0  572.0
6  28.0  453.0
7  26.0  355.0
1  73.0  395.0
2  15.0  200.0
3  33.0  494.0
4  35.0  481.0
5  62.0  475.0
6  38.0  441.0
7  37.0  456.0
1  71.0  378.0
2  20.0  186.0
3  30.0  397.0
4  29.0  295.0
5  56.0  478.0
6  48.0  387.0
7  44.0  467.0
1  63.0  383.0
2  23.0  494.0
3  60.0  459.0
4  26.0  556.0
5  27.0  612.0
6  24.0  471.0
7  31.0  490.0
1  59.0  498.0
2  29.0  527.0
3  75.0  358.0
4  24.0  385.0
5  11.0  448.0
6  25.0  314.0
7  22.0  274.0
1  59.0  491.0
2  74.0  436.0
3  51.0  379.0
4  38.0  549.0
5  63.0  462.0
6  38.0  432.0
7  32.0  464.0
1  43.0  536.0
2  40.0  378.0
3  3.0  387.0
4  47.0  548.0
5  49.0  455.0
6  21.0  399.0
7  36.0  442.0
1  59.0  362.0
2  61.0  372.0
3  38.0  558.0
4  42.0  498.0
5  18.0  443.0
6  63.0  395.0
7  22.0  275.0
1  53.0  519.0
2  31.0  351.0
3  50.0  511.0
4  68.0  442.0
5  63.0  410.0
6  39.0  468.0
7  25.0  375.0
1  34.0  301.0
2  24.0  494.0
3  43.0  447.0
4  41.0  483.0
5  47.0  490.0
6  36.0  402.0
7  23.0  426.0
1  36.0  253.0
2  20.0  211.0
3  36.0  535.0
4  41.0  505.0
5  9.0  261.0
6  51.0  445.0
7  44.0  451.0
1  56.0  474.0
2  53.0  425.0
3  46.0  494.0
4  27.0  553.0
5  30.0  355.0
6  45.0  539.0
7  36.0  513.0
1  35.0  416.0
2  19.0  240.0
3  50.0  467.0
4  59.0  528.0
5  16.0  376.0
6  45.0  501.0
7  46.0  513.0
1  26.0  130.0
2  29.0  379.0
3  55.0  457.0
4  59.0  454.0
5  31.0  369.0
6  28.0  394.0
7  19.0  537.0
1  41.0  379.0
2  58.0  411.0
3  34.0  489.0
4  41.0  428.0
5  57.0  478.0
6  39.0  394.0
7  35.0  466.0
1  79.0  325.0
2  33.0  342.0
3  52.0  400.0
4  53.0  481.0
5  52.0  436.0
6  36.0  515.0
7  53.0  462.0
1  29.0  247.0
2  62.0  365.0
3  50.0  421.0
4  17.0  327.0
5  39.0  419.0
6  44.0  519.0
7  25.0  492.0
1  21.0  555.0
2  51.0  483.0
3  38.0  548.0
4  8.0  533.0
5  30.0  389.0
6  28.0  399.0
7  39.0  442.0
1  41.0  310.0
2  53.0  430.0
3  19.0  311.0
4  40.0  419.0
5  56.0  486.0
6  58.0  474.0
7  44.0  632.0
1  46.0  406.0
2  29.0  550.0
3  35.0  584.0
4  43.0  454.0
5  35.0  324.0
6  51.0  506.0
7  40.0  531.0
1  40.0  597.0
2  25.0  330.0
3  5.0  388.0
4  39.0  430.0
5  45.0  524.0
6  24.0  419.0
7  33.0  583.0
1  37.0  267.0
2  27.0  234.0
3  47.0  524.0
4  80.0  295.0
5  28.0  466.0
6  29.0  365.0
7  24.0  463.0
1  77.0  371.0
2  43.0  573.0
3  40.0  394.0
4  47.0  514.0
5  17.0  474.0
6  37.0  355.0
7  39.0  437.0
1  60.0  311.0
2  62.0  415.0
3  34.0  441.0
4  25.0  709.0
5  46.0  436.0
6  30.0  392.0
7  60.0  414.0
1  42.0  772.0
2  73.0  393.0
3  59.0  393.0
4  37.0  447.0
5  35.0  502.0
6  40.0  578.0
7  41.0  488.0
1  47.0  526.0
2  7.0  202.0
3  40.0  389.0
4  42.0  606.0
5  26.0  562.0
6  53.0  492.0
7  24.0  326.0
1  18.0  246.0
2  12.0  229.0
3  18.0  338.0
4  42.0  423.0
5  42.0  395.0
6  36.0  434.0
7  31.0  515.0
1  26.0  824.0
2  46.0  423.0
3  10.0  270.0
4  24.0  438.0
5  35.0  511.0
6  41.0  495.0
7  37.0  462.0
1  63.0  400.0
2  42.0  285.0
3  57.0  380.0
4  27.0  498.0
5  21.0  650.0
6  52.0  530.0
7  27.0  364.0
1  22.0  379.0
2  65.0  429.0
3  50.0  532.0
4  41.0  442.0
5  33.0  454.0
6  25.0  471.0
7  39.0  314.0
1  83.0  342.0
2  41.0  415.0
3  43.0  364.0
4  52.0  497.0
5  53.0  478.0
6  29.0  587.0
7  31.0  504.0
1  16.0  312.0
2  42.0  408.0
3  18.0  477.0
4  41.0  481.0
5  41.0  457.0
6  47.0  497.0
7  66.0  449.0
1  66.0  324.0
2  14.0  557.0
3  46.0  381.0
4  54.0  559.0
5  24.0  510.0
6  52.0  511.0
7  46.0  585.0
1  76.0  344.0
2  39.0  315.0
3  25.0  431.0
4  28.0  419.0
5  43.0  415.0
6  56.0  427.0
7  57.0  571.0
1  23.0  544.0
2  67.0  431.0
3  48.0  459.0
4  35.0  400.0
5  36.0  435.0
6  26.0  473.0
7  12.0  296.0
1  25.0  274.0
2  37.0  477.0
3  13.0  249.0
4  62.0  404.0
5  26.0  358.0
6  31.0  509.0
7  34.0  559.0
1  53.0  532.0
2  64.0  393.0
3  59.0  459.0
4  32.0  463.0
5  39.0  469.0
6  38.0  487.0
7  35.0  587.0
1  86.0  365.0
2  60.0  418.0
3  62.0  435.0
4  44.0  542.0
5  48.0  540.0
6  32.0  389.0
7  31.0  496.0
1  61.0  218.0
2  22.0  363.0
3  67.0  394.0
4  44.0  347.0
5  38.0  521.0
6  55.0  438.0
7  34.0  553.0
1  54.0  514.0
2  61.0  445.0
3  41.0  379.0
4  23.0  566.0
5  37.0  347.0
6  39.0  291.0
7  42.0  508.0
1  44.0  532.0
2  14.0  398.0
3  58.0  473.0
4  21.0  469.0
5  36.0  580.0
6  24.0  240.0
7  32.0  444.0
1  82.0  301.0
2  45.0  458.0
3  53.0  481.0
4  34.0  556.0
5  39.0  392.0
6  26.0  637.0
7  33.0  581.0
1  14.0  172.0
2  34.0  253.0
3  24.0  288.0
4  39.0  393.0
5  28.0  523.0
6  21.0  496.0
7  48.0  538.0
1  31.0  495.0
2  81.0  335.0
3  57.0  496.0
4  37.0  538.0
5  62.0  401.0
6  75.0  384.0
7  45.0  606.0
1  53.0  469.0
2  43.0  432.0
3  41.0  431.0
4  36.0  346.0
5  15.0  693.0
6  29.0  551.0
7  36.0  456.0
1  57.0  456.0
2  48.0  430.0
3  19.0  500.0
4  43.0  507.0
5  32.0  459.0
6  20.0  469.0
7  33.0  438.0
1  46.0  377.0
2  39.0  358.0
3  19.0  371.0
4  37.0  368.0
5  43.0  430.0
6  32.0  487.0
7  55.0  422.0
1  9.0  323.0
2  74.0  363.0
3  44.0  430.0
4  47.0  546.0
5  49.0  410.0
6  43.0  454.0
7  38.0  471.0
1  32.0  459.0
2  21.0  380.0
3  34.0  341.0
4  50.0  454.0
5  34.0  471.0
6  40.0  541.0
7  55.0  537.0
1  46.0  371.0
2  30.0  468.0
3  31.0  460.0
4  36.0  506.0
5  46.0  414.0
6  48.0  413.0
7  35.0  490.0
1  62.0  323.0
2  0.0  72.0
3  26.0  484.0
4  49.0  570.0
5  47.0  411.0
6  43.0  440.0
7  29.0  392.0
1  57.0  454.0
2  45.0  490.0
3  36.0  441.0
4  18.0  353.0
5  48.0  391.0
6  45.0  553.0
7  37.0  475.0
1  64.0  457.0
2  52.0  341.0
3  25.0  357.0
4  48.0  371.0
5  60.0  409.0
6  49.0  532.0
7  37.0  438.0
1  21.0  363.0
2  30.0  496.0
3  69.0  418.0
4  66.0  355.0
5  39.0  559.0
6  39.0  561.0
7  31.0  508.0
1  53.0  404.0
2  43.0  365.0
3  48.0  376.0
4  24.0  364.0
5  12.0  289.0
6  35.0  505.0
7  40.0  532.0
1  43.0  354.0
2  39.0  447.0
3  27.0  315.0
4  47.0  542.0
5  23.0  623.0
6  26.0  527.0
7  27.0  526.0
1  63.0  408.0
2  71.0  430.0
3  21.0  344.0
4  17.0  514.0
5  32.0  474.0
6  23.0  642.0
7  24.0  564.0
1  20.0  617.0
2  45.0  539.0
3  62.0  375.0
4  5.0  294.0
5  22.0  379.0
6  36.0  356.0
7  29.0  660.0
1  55.0  233.0
2  39.0  463.0
3  39.0  447.0
4  33.0  552.0
5  49.0  424.0
6  41.0  454.0
7  22.0  371.0
1  6.0  466.0
2  46.0  426.0
3  47.0  476.0
4  42.0  468.0
5  24.0  329.0
6  38.0  504.0
7  14.0  605.0
1  62.0  385.0
2  63.0  358.0
3  61.0  250.0
4  39.0  343.0
5  26.0  353.0
6  18.0  297.0
7  22.0  531.0
1  58.0  359.0
2  41.0  420.0
3  11.0  344.0
4  13.0  489.0
5  38.0  483.0
6  36.0  441.0
7  15.0  346.0
1  72.0  359.0
2  61.0  465.0
3  64.0  347.0
4  38.0  470.0
5  32.0  431.0
6  20.0  512.0
7  29.0  605.0
1  76.0  407.0
2  39.0  409.0
3  18.0  433.0
4  46.0  466.0
5  27.0  380.0
6  46.0  546.0
7  37.0  372.0
1  48.0  391.0
2  32.0  474.0
3  49.0  475.0
4  30.0  336.0
5  25.0  403.0
6  24.0  328.0
7  26.0  461.0
1  40.0  519.0
2  55.0  385.0
3  59.0  372.0
4  27.0  368.0
5  40.0  486.0
6  34.0  452.0
7  15.0  344.0
1  55.0  454.0
2  17.0  304.0
3  48.0  424.0
4  43.0  391.0
5  38.0  598.0
6  41.0  331.0
7  40.0  557.0
1  56.0  447.0
2  70.0  331.0
3  61.0  506.0
4  47.0  530.0
5  14.0  484.0
6  33.0  522.0
7  47.0  478.0
1  53.0  493.0
2  33.0  322.0
3  43.0  399.0
4  42.0  540.0
5  42.0  395.0
6  43.0  451.0
7  45.0  472.0
1  36.0  452.0
2  29.0  475.0
3  39.0  300.0
4  31.0  283.0
5  41.0  506.0
6  46.0  505.0
7  34.0  504.0
1  61.0  399.0
2  15.0  374.0
3  49.0  438.0
4  20.0  397.0
5  64.0  430.0
6  38.0  408.0
7  36.0  443.0
1  41.0  396.0
2  43.0  253.0
3  48.0  522.0
4  37.0  534.0
5  31.0  467.0
6  14.0  269.0
7  36.0  556.0
1  60.0  352.0
2  53.0  274.0
3  32.0  500.0
4  46.0  607.0
5  28.0  443.0
6  36.0  565.0
7  35.0  412.0
1  18.0  510.0
2  85.0  339.0
3  39.0  445.0
4  31.0  578.0
5  42.0  418.0
6  21.0  391.0
7  33.0  559.0
1  67.0  510.0
2  41.0  402.0
3  17.0  489.0
4  13.0  192.0
5  48.0  529.0
6  37.0  599.0
7  34.0  515.0
1  18.0  250.0
2  52.0  229.0
3  54.0  528.0
4  74.0  338.0
5  44.0  540.0
6  26.0  322.0
7  41.0  488.0
1  37.0  414.0
2  45.0  479.0
3  75.0  417.0
4  49.0  382.0
5  47.0  485.0
6  36.0  497.0
7  26.0  463.0
1  70.0  411.0
2  38.0  507.0
3  45.0  548.0
4  32.0  436.0
5  32.0  505.0
6  27.0  561.0
7  42.0  349.0
1  11.0  731.0
2  45.0  440.0
3  64.0  392.0
4  53.0  343.0
5  24.0  566.0
6  57.0  371.0
7  62.0  348.0
1  55.0  430.0
2  41.0  515.0
3  24.0  395.0
4  45.0  487.0
5  15.0  318.0
6  37.0  458.0
7  31.0  512.0
