0  74.0  517
0  40.0  478
0  20.0  520
0  70.0  473
0  89.0  499
0  38.0  367
0  65.0  510
0  36.0  325
0  78.0  502
0  51.0  452
0  27.0  422
0  21.0  441
0  15.0  466
0  48.0  501
0  51.0  532
0  25.0  382
0  32.0  310
0  76.0  503
0  52.0  516
0  54.0  372
0  55.0  476
0  19.0  474
0  49.0  432
0  33.0  498
0  64.0  518
0  27.0  305
0  34.0  337
0  72.0  501
0  55.0  502
0  60.0  531
0  17.0  416
0  45.0  381
0  38.0  387
0  53.0  416
0  41.0  325
0  47.0  412
0  66.0  537
0  42.0  502
0  60.0  515
0  70.0  514
0  12.0  285
0  53.0  501
0  24.0  341
0  61.0  511
0  54.0  496
0  45.0  503
0  49.0  493
0  72.0  488
0  30.0  368
0  43.0  514
0  40.0  448
0  52.0  452
0  48.0  415
0  84.0  517
0  35.0  408
0  69.0  490
0  56.0  426
0  62.0  517
0  57.0  413
0  41.0  426
0  85.0  496
0  51.0  429
0  23.0  376
0  75.0  509
0  22.0  469
0  45.0  494
0  65.0  492
0  49.0  464
0  0.0  288
0  36.0  500
0  44.0  356
0  48.0  488
0  26.0  292
0  51.0  520
0  32.0  454
0  24.0  399
0  71.0  518
0  47.0  517
0  61.0  480
0  49.0  502
0  58.0  424
0  56.0  481
0  32.0  323
0  46.0  453
0  42.0  506
0  48.0  526
0  31.0  417
0  60.0  513
0  58.0  499
0  43.0  509
0  65.0  501
0  5.0  432
0  55.0  466
0  66.0  479
0  45.0  474
0  12.0  405
0  69.0  516
0  48.0  409
0  26.0  483
0  39.0  524
