0  40.0  523
0  36.0  438
0  57.0  547
0  26.0  463
0  69.0  494
0  51.0  544
0  55.0  554
0  54.0  508
0  71.0  534
0  53.0  461
0  66.0  460
0  53.0  514
0  73.0  480
0  27.0  379
0  33.0  388
0  50.0  445
0  63.0  538
0  41.0  490
0  58.0  533
0  38.0  469
0  67.0  533
0  29.0  428
0  36.0  427
0  69.0  513
0  19.0  519
0  20.0  348
0  8.0  253
0  50.0  519
0  31.0  470
0  23.0  375
0  64.0  512
0  35.0  530
0  42.0  521
0  58.0  484
0  63.0  529
0  55.0  526
0  65.0  570
0  46.0  528
0  63.0  525
0  82.0  538
0  38.0  382
0  25.0  427
0  31.0  433
0  86.0  493
0  62.0  584
0  40.0  473
0  56.0  514
0  72.0  545
0  48.0  477
0  45.0  514
0  71.0  542
0  72.0  485
0  32.0  393
0  37.0  498
0  54.0  502
0  88.0  541
0  60.0  519
0  73.0  509
0  66.0  512
0  16.0  348
0  55.0  468
0  49.0  469
0  54.0  525
0  53.0  476
0  45.0  518
0  55.0  446
0  30.0  426
0  44.0  515
0  59.0  513
0  34.0  342
0  43.0  558
0  42.0  478
0  46.0  467
0  38.0  399
0  38.0  489
0  58.0  493
0  39.0  494
0  26.0  426
0  14.0  411
0  35.0  417
0  31.0  341
0  61.0  520
0  42.0  581
0  46.0  464
0  36.0  377
0  47.0  499
0  48.0  559
0  70.0  478
0  37.0  392
0  39.0  414
0  43.0  411
0  65.0  572
0  66.0  514
0  38.0  495
0  40.0  416
0  74.0  549
0  77.0  533
0  80.0  575
0  63.0  507
0  36.0  514
