40  16.0  253.0
60  15.0  372.0
80  22.0  274.0
100  82.0  322.0
120  45.0  337.0
140  54.0  591.0
160  74.0  334.0
180  74.0  287.0
200  47.0  299.0
40  19.0  279.0
60  10.0  313.0
80  41.0  472.0
100  52.0  538.0
120  26.0  354.0
140  86.0  288.0
160  71.0  470.0
180  65.0  311.0
200  97.0  224.0
40  8.0  284.0
60  29.0  309.0
80  31.0  429.0
100  58.0  236.0
120  43.0  182.0
140  42.0  260.0
160  63.0  372.0
180  45.0  446.0
200  97.0  236.0
40  0.0  59.0
60  27.0  245.0
80  28.0  545.0
100  60.0  443.0
120  47.0  459.0
140  39.0  264.0
160  50.0  366.0
180  35.0  365.0
200  78.0  381.0
40  10.0  366.0
60  32.0  181.0
80  61.0  346.0
100  21.0  256.0
120  81.0  277.0
140  71.0  470.0
160  79.0  302.0
180  67.0  511.0
200  93.0  247.0
40  8.0  187.0
60  13.0  313.0
80  27.0  304.0
100  41.0  416.0
120  37.0  508.0
140  36.0  360.0
160  50.0  263.0
180  69.0  507.0
200  68.0  276.0
40  15.0  330.0
60  20.0  332.0
80  41.0  413.0
100  36.0  425.0
120  68.0  315.0
140  55.0  369.0
160  72.0  310.0
180  98.0  214.0
200  100.0  200.0
40  18.0  299.0
60  10.0  512.0
80  28.0  349.0
100  64.0  391.0
120  53.0  489.0
140  83.0  329.0
160  93.0  269.0
180  91.0  316.0
200  91.0  316.0
40  1.0  189.0
60  45.0  343.0
80  14.0  246.0
100  31.0  278.0
120  66.0  439.0
140  79.0  372.0
160  88.0  283.0
180  88.0  299.0
200  82.0  337.0
40  11.0  235.0
60  33.0  327.0
80  58.0  364.0
100  47.0  318.0
120  59.0  412.0
140  70.0  457.0
160  72.0  346.0
180  72.0  526.0
200  83.0  286.0
40  18.0  341.0
60  38.0  370.0
80  28.0  364.0
100  43.0  243.0
120  42.0  369.0
140  77.0  371.0
160  70.0  301.0
180  67.0  365.0
200  83.0  404.0
40  18.0  370.0
60  15.0  385.0
80  49.0  367.0
100  41.0  534.0
120  81.0  266.0
140  60.0  349.0
160  27.0  275.0
180  89.0  351.0
200  73.0  381.0
40  9.0  223.0
60  20.0  220.0
80  35.0  457.0
100  42.0  250.0
120  80.0  332.0
140  57.0  453.0
160  40.0  412.0
180  36.0  491.0
200  91.0  332.0
40  11.0  232.0
60  38.0  297.0
80  19.0  292.0
100  54.0  296.0
120  49.0  526.0
140  89.0  269.0
160  54.0  298.0
180  88.0  271.0
200  89.0  344.0
40  8.0  158.0
60  7.0  305.0
80  47.0  418.0
100  33.0  329.0
120  40.0  388.0
140  82.0  356.0
160  54.0  389.0
180  24.0  339.0
200  91.0  274.0
40  0.0  255.0
60  16.0  368.0
80  40.0  436.0
100  39.0  364.0
120  74.0  362.0
140  60.0  412.0
160  73.0  422.0
180  51.0  321.0
200  81.0  288.0
40  0.0  125.0
60  48.0  354.0
80  86.0  303.0
100  36.0  429.0
120  29.0  611.0
140  75.0  434.0
160  94.0  257.0
180  35.0  371.0
200  72.0  466.0
40  8.0  173.0
60  60.0  197.0
80  50.0  419.0
100  60.0  387.0
120  55.0  354.0
140  46.0  454.0
160  70.0  306.0
180  58.0  376.0
200  80.0  296.0
40  12.0  267.0
60  29.0  235.0
80  78.0  284.0
100  34.0  333.0
120  37.0  394.0
140  67.0  404.0
160  99.0  214.0
180  49.0  440.0
200  88.0  352.0
40  27.0  303.0
60  48.0  365.0
80  45.0  405.0
100  34.0  375.0
120  82.0  249.0
140  82.0  353.0
160  88.0  300.0
180  78.0  302.0
200  98.0  212.0
40  0.0  177.0
60  60.0  290.0
80  30.0  294.0
100  33.0  263.0
120  77.0  367.0
140  54.0  358.0
160  68.0  309.0
180  80.0  284.0
200  91.0  293.0
40  2.0  307.0
60  47.0  342.0
80  30.0  404.0
100  65.0  370.0
120  53.0  383.0
140  72.0  235.0
160  95.0  272.0
180  70.0  362.0
200  86.0  369.0
40  14.0  290.0
60  17.0  290.0
80  28.0  478.0
100  68.0  362.0
120  39.0  564.0
140  79.0  354.0
160  96.0  253.0
180  86.0  367.0
200  70.0  297.0
40  35.0  223.0
60  34.0  456.0
80  24.0  225.0
100  25.0  262.0
120  24.0  353.0
140  42.0  351.0
160  72.0  323.0
180  88.0  307.0
200  63.0  311.0
40  26.0  274.0
60  13.0  298.0
80  47.0  450.0
100  33.0  328.0
120  54.0  432.0
140  47.0  290.0
160  91.0  289.0
180  74.0  231.0
200  51.0  286.0
40  16.0  250.0
60  25.0  373.0
80  51.0  261.0
100  56.0  421.0
120  52.0  458.0
140  81.0  358.0
160  34.0  314.0
180  81.0  390.0
200  91.0  246.0
40  11.0  233.0
60  20.0  290.0
80  17.0  313.0
100  19.0  239.0
120  53.0  405.0
140  20.0  513.0
160  86.0  340.0
180  75.0  343.0
200  42.0  277.0
40  10.0  233.0
60  23.0  277.0
80  9.0  167.0
100  55.0  375.0
120  47.0  364.0
140  56.0  342.0
160  65.0  436.0
180  92.0  296.0
200  90.0  313.0
40  9.0  248.0
60  8.0  374.0
80  32.0  195.0
100  64.0  323.0
120  76.0  251.0
140  38.0  204.0
160  60.0  207.0
180  58.0  483.0
200  93.0  288.0
40  0.0  159.0
60  14.0  289.0
80  41.0  353.0
100  50.0  423.0
120  76.0  327.0
140  37.0  230.0
160  63.0  345.0
180  38.0  285.0
200  71.0  251.0
40  4.0  150.0
60  30.0  359.0
80  8.0  291.0
100  22.0  418.0
120  47.0  296.0
140  48.0  266.0
160  64.0  356.0
180  73.0  374.0
200  82.0  345.0
40  21.0  269.0
60  24.0  152.0
80  33.0  330.0
100  37.0  480.0
120  77.0  324.0
140  57.0  418.0
160  68.0  419.0
180  78.0  348.0
200  69.0  424.0
40  15.0  198.0
60  10.0  478.0
80  24.0  430.0
100  80.0  272.0
120  38.0  445.0
140  78.0  375.0
160  93.0  294.0
180  37.0  251.0
200  79.0  388.0
40  3.0  203.0
60  41.0  239.0
80  47.0  322.0
100  46.0  398.0
120  75.0  275.0
140  50.0  359.0
160  87.0  361.0
180  80.0  404.0
200  80.0  429.0
40  44.0  243.0
60  21.0  260.0
80  44.0  413.0
100  52.0  228.0
120  67.0  306.0
140  63.0  339.0
160  25.0  256.0
180  31.0  538.0
200  62.0  306.0
40  3.0  180.0
60  20.0  282.0
80  28.0  456.0
100  58.0  338.0
120  35.0  343.0
140  32.0  387.0
160  100.0  200.0
180  99.0  215.0
200  32.0  291.0
40  51.0  354.0
60  12.0  322.0
80  51.0  363.0
100  22.0  413.0
120  71.0  415.0
140  82.0  363.0
160  97.0  237.0
180  85.0  344.0
200  83.0  375.0
40  18.0  259.0
60  42.0  378.0
80  65.0  302.0
100  23.0  338.0
120  46.0  437.0
140  78.0  357.0
160  87.0  313.0
180  62.0  471.0
200  95.0  249.0
40  11.0  273.0
60  11.0  137.0
80  18.0  425.0
100  47.0  430.0
120  42.0  295.0
140  68.0  287.0
160  44.0  337.0
180  60.0  412.0
200  85.0  218.0
40  2.0  248.0
60  19.0  339.0
80  26.0  267.0
100  73.0  333.0
120  37.0  423.0
140  71.0  478.0
160  79.0  380.0
180  50.0  567.0
200  94.0  295.0
40  13.0  267.0
60  8.0  332.0
80  27.0  446.0
100  68.0  322.0
120  89.0  306.0
140  92.0  243.0
160  46.0  330.0
180  45.0  364.0
200  76.0  433.0
40  15.0  310.0
60  36.0  257.0
80  57.0  367.0
100  34.0  510.0
120  78.0  277.0
140  47.0  455.0
160  25.0  416.0
180  54.0  293.0
200  98.0  226.0
40  13.0  215.0
60  12.0  331.0
80  15.0  339.0
100  0.0  269.0
120  80.0  288.0
140  77.0  368.0
160  78.0  420.0
180  79.0  423.0
200  42.0  371.0
40  20.0  159.0
60  42.0  314.0
80  31.0  501.0
100  80.0  273.0
120  37.0  397.0
140  32.0  235.0
160  44.0  456.0
180  60.0  531.0
200  66.0  806.0
40  8.0  291.0
60  43.0  357.0
80  71.0  285.0
100  40.0  376.0
120  73.0  312.0
140  39.0  357.0
160  84.0  346.0
180  94.0  284.0
200  76.0  482.0
40  33.0  260.0
60  20.0  412.0
80  22.0  156.0
100  24.0  305.0
120  70.0  379.0
140  73.0  340.0
160  76.0  444.0
180  66.0  447.0
200  62.0  291.0
40  11.0  260.0
60  40.0  229.0
80  6.0  381.0
100  57.0  467.0
120  79.0  366.0
140  70.0  343.0
160  82.0  380.0
180  61.0  441.0
200  95.0  259.0
40  0.0  68.0
60  15.0  360.0
80  30.0  376.0
100  54.0  324.0
120  77.0  379.0
140  25.0  421.0
160  87.0  281.0
180  53.0  427.0
200  69.0  246.0
40  26.0  284.0
60  12.0  365.0
80  43.0  378.0
100  56.0  442.0
120  55.0  316.0
140  48.0  269.0
160  51.0  415.0
180  52.0  391.0
200  99.0  214.0
40  14.0  266.0
60  20.0  211.0
80  66.0  332.0
100  27.0  332.0
120  71.0  418.0
140  48.0  350.0
160  77.0  390.0
180  78.0  256.0
200  81.0  333.0
40  2.0  184.0
60  48.0  349.0
80  30.0  337.0
100  58.0  321.0
120  37.0  367.0
140  64.0  345.0
160  65.0  548.0
180  79.0  469.0
200  94.0  284.0
40  7.0  204.0
60  32.0  340.0
80  11.0  300.0
100  43.0  261.0
120  87.0  284.0
140  85.0  339.0
160  57.0  331.0
180  82.0  314.0
200  72.0  276.0
40  14.0  178.0
60  8.0  287.0
80  50.0  392.0
100  72.0  431.0
120  69.0  367.0
140  42.0  198.0
160  59.0  514.0
180  75.0  295.0
200  76.0  550.0
40  1.0  254.0
60  28.0  466.0
80  26.0  268.0
100  65.0  428.0
120  65.0  346.0
140  92.0  283.0
160  87.0  328.0
180  99.0  213.0
200  92.0  286.0
40  6.0  145.0
60  66.0  310.0
80  37.0  393.0
100  37.0  358.0
120  88.0  244.0
140  95.0  245.0
160  65.0  547.0
180  41.0  411.0
200  79.0  299.0
40  10.0  327.0
60  21.0  271.0
80  54.0  445.0
100  50.0  453.0
120  54.0  350.0
140  90.0  286.0
160  44.0  465.0
180  62.0  355.0
200  88.0  298.0
40  6.0  208.0
60  14.0  377.0
80  14.0  534.0
100  61.0  438.0
120  29.0  396.0
140  87.0  288.0
160  68.0  336.0
180  92.0  263.0
200  93.0  250.0
40  23.0  187.0
60  15.0  134.0
80  36.0  419.0
100  57.0  341.0
120  43.0  344.0
140  53.0  282.0
160  88.0  293.0
180  91.0  319.0
200  66.0  244.0
40  14.0  192.0
60  34.0  265.0
80  15.0  481.0
100  50.0  263.0
120  62.0  431.0
140  52.0  482.0
160  89.0  310.0
180  98.0  227.0
200  63.0  386.0
40  26.0  231.0
60  36.0  221.0
80  30.0  524.0
100  66.0  343.0
120  24.0  280.0
140  53.0  382.0
160  48.0  252.0
180  60.0  288.0
200  78.0  221.0
40  8.0  189.0
60  14.0  232.0
80  50.0  466.0
100  35.0  283.0
120  69.0  348.0
140  48.0  448.0
160  74.0  470.0
180  78.0  355.0
200  83.0  396.0
40  14.0  268.0
60  61.0  372.0
80  60.0  254.0
100  36.0  498.0
120  54.0  362.0
140  44.0  654.0
160  66.0  453.0
180  42.0  335.0
200  89.0  307.0
40  4.0  194.0
60  53.0  384.0
80  8.0  357.0
100  30.0  297.0
120  64.0  414.0
140  84.0  404.0
160  56.0  519.0
180  94.0  276.0
200  70.0  493.0
40  19.0  305.0
60  18.0  278.0
80  59.0  323.0
100  73.0  396.0
120  20.0  407.0
140  84.0  352.0
160  73.0  324.0
180  52.0  364.0
200  84.0  392.0
40  28.0  341.0
60  42.0  447.0
80  54.0  322.0
100  28.0  274.0
120  20.0  450.0
140  56.0  348.0
160  41.0  252.0
180  74.0  376.0
200  68.0  318.0
40  35.0  261.0
60  0.0  388.0
80  59.0  359.0
100  49.0  311.0
120  50.0  472.0
140  72.0  382.0
160  36.0  354.0
180  97.0  235.0
200  83.0  245.0
40  10.0  463.0
60  12.0  484.0
80  26.0  250.0
100  72.0  344.0
120  50.0  419.0
140  59.0  452.0
160  53.0  342.0
180  83.0  427.0
200  97.0  237.0
40  8.0  228.0
60  27.0  265.0
80  58.0  309.0
100  65.0  407.0
120  23.0  350.0
140  46.0  330.0
160  46.0  460.0
180  60.0  327.0
200  88.0  346.0
40  8.0  266.0
60  21.0  355.0
80  67.0  342.0
100  40.0  339.0
120  83.0  325.0
140  70.0  386.0
160  60.0  398.0
180  29.0  325.0
200  78.0  279.0
40  10.0  208.0
60  6.0  367.0
80  41.0  331.0
100  48.0  442.0
120  18.0  489.0
140  83.0  298.0
160  88.0  310.0
180  99.0  212.0
200  51.0  408.0
40  30.0  266.0
60  21.0  294.0
80  60.0  458.0
100  25.0  249.0
120  65.0  376.0
140  60.0  311.0
160  60.0  458.0
180  88.0  391.0
200  68.0  431.0
40  12.0  151.0
60  10.0  361.0
80  58.0  315.0
100  55.0  507.0
120  54.0  335.0
140  85.0  274.0
160  67.0  383.0
180  78.0  446.0
200  80.0  344.0
40  26.0  224.0
60  5.0  198.0
80  37.0  327.0
100  56.0  368.0
120  63.0  298.0
140  41.0  402.0
160  79.0  371.0
180  30.0  482.0
200  78.0  378.0
40  9.0  263.0
60  60.0  281.0
80  14.0  419.0
100  34.0  313.0
120  31.0  509.0
140  90.0  325.0
160  72.0  445.0
180  61.0  485.0
200  90.0  334.0
40  26.0  255.0
60  23.0  197.0
80  51.0  354.0
100  45.0  324.0
120  92.0  259.0
140  47.0  486.0
160  96.0  241.0
180  58.0  458.0
200  82.0  304.0
40  32.0  378.0
60  43.0  329.0
80  28.0  448.0
100  46.0  461.0
120  74.0  350.0
140  70.0  486.0
160  78.0  389.0
180  37.0  386.0
200  90.0  288.0
40  20.0  323.0
60  22.0  320.0
80  12.0  161.0
100  66.0  377.0
120  53.0  319.0
140  77.0  307.0
160  45.0  333.0
180  44.0  555.0
200  63.0  331.0
40  10.0  209.0
60  19.0  243.0
80  28.0  327.0
100  60.0  430.0
120  42.0  284.0
140  76.0  351.0
160  43.0  837.0
180  32.0  228.0
200  99.0  220.0
40  19.0  304.0
60  25.0  376.0
80  28.0  386.0
100  67.0  357.0
120  63.0  243.0
140  67.0  248.0
160  84.0  378.0
180  78.0  406.0
200  82.0  293.0
40  21.0  231.0
60  37.0  382.0
80  39.0  447.0
100  62.0  335.0
120  36.0  492.0
140  31.0  810.0
160  62.0  516.0
180  84.0  397.0
200  90.0  318.0
40  26.0  239.0
60  9.0  129.0
80  37.0  290.0
100  36.0  527.0
120  54.0  372.0
140  86.0  357.0
160  20.0  166.0
180  76.0  291.0
200  84.0  445.0
40  4.0  315.0
60  28.0  227.0
80  44.0  296.0
100  22.0  614.0
120  79.0  273.0
140  91.0  275.0
160  70.0  381.0
180  81.0  280.0
200  69.0  403.0
40  16.0  238.0
60  30.0  372.0
80  57.0  374.0
100  68.0  318.0
120  53.0  257.0
140  71.0  327.0
160  93.0  285.0
180  81.0  343.0
200  71.0  309.0
40  1.0  224.0
60  19.0  374.0
80  46.0  431.0
100  74.0  335.0
120  67.0  358.0
140  23.0  356.0
160  34.0  546.0
180  46.0  338.0
200  76.0  339.0
40  16.0  179.0
60  16.0  326.0
80  11.0  518.0
100  59.0  216.0
120  63.0  326.0
140  37.0  384.0
160  59.0  283.0
180  41.0  251.0
200  92.0  277.0
40  30.0  264.0
60  50.0  341.0
80  31.0  393.0
100  44.0  495.0
120  52.0  356.0
140  93.0  254.0
160  35.0  446.0
180  70.0  383.0
200  95.0  260.0
40  14.0  293.0
60  20.0  397.0
80  52.0  302.0
100  75.0  347.0
120  37.0  434.0
140  69.0  458.0
160  58.0  298.0
180  77.0  216.0
200  99.0  213.0
40  13.0  283.0
60  14.0  320.0
80  20.0  436.0
100  36.0  426.0
120  41.0  344.0
140  82.0  320.0
160  47.0  289.0
180  80.0  353.0
200  71.0  448.0
40  9.0  176.0
60  23.0  392.0
80  50.0  330.0
100  31.0  220.0
120  50.0  574.0
140  89.0  293.0
160  75.0  374.0
180  63.0  431.0
200  73.0  307.0
40  6.0  350.0
60  31.0  389.0
80  18.0  411.0
100  23.0  325.0
120  57.0  433.0
140  49.0  401.0
160  78.0  314.0
180  89.0  379.0
200  90.0  383.0
40  0.0  151.0
60  63.0  280.0
80  49.0  448.0
100  42.0  413.0
120  56.0  309.0
140  36.0  190.0
160  57.0  327.0
180  62.0  310.0
200  54.0  372.0
40  13.0  269.0
60  19.0  276.0
80  27.0  334.0
100  65.0  380.0
120  51.0  393.0
140  31.0  590.0
160  66.0  397.0
180  62.0  513.0
200  75.0  299.0
40  14.0  331.0
60  42.0  320.0
80  31.0  289.0
100  66.0  316.0
120  41.0  367.0
140  62.0  530.0
160  94.0  278.0
180  53.0  642.0
200  99.0  212.0
40  11.0  269.0
60  19.0  244.0
80  32.0  452.0
100  47.0  349.0
120  71.0  395.0
140  37.0  211.0
160  85.0  351.0
180  75.0  377.0
200  79.0  354.0
40  20.0  236.0
60  45.0  314.0
80  18.0  447.0
100  43.0  289.0
120  53.0  371.0
140  53.0  309.0
160  79.0  354.0
180  87.0  241.0
200  64.0  415.0
40  20.0  308.0
60  20.0  373.0
80  30.0  392.0
100  69.0  266.0
120  60.0  377.0
140  71.0  328.0
160  85.0  357.0
180  89.0  336.0
200  97.0  263.0
40  13.0  249.0
60  34.0  266.0
80  39.0  274.0
100  75.0  307.0
120  54.0  416.0
140  44.0  259.0
160  69.0  428.0
180  82.0  301.0
200  97.0  226.0
40  47.0  295.0
60  9.0  162.0
80  66.0  264.0
100  23.0  308.0
120  68.0  349.0
140  97.0  223.0
160  73.0  285.0
180  80.0  309.0
200  81.0  245.0
40  0.0  237.0
60  29.0  437.0
80  35.0  461.0
100  35.0  426.0
120  45.0  434.0
140  57.0  494.0
160  91.0  305.0
180  88.0  360.0
200  75.0  244.0
40  11.0  194.0
60  9.0  310.0
80  43.0  362.0
100  65.0  514.0
120  87.0  335.0
140  75.0  418.0
160  84.0  350.0
180  79.0  283.0
200  86.0  407.0
