1  51.799999999999997  3959
2  32.0  3889
3  39.600000000000001  4124
4  36.200000000000003  3937
5  36.399999999999999  4036
6  39.600000000000001  3993
7  43.100000000000001  4005
1  39.0  3499
2  36.899999999999999  3540
3  34.5  3502
4  44.0  3906
5  41.5  4194
6  39.100000000000001  3659
7  46.200000000000003  4175
1  33.600000000000001  3534
2  35.0  3450
3  38.899999999999999  3981
4  48.600000000000001  4078
5  45.899999999999999  3566
6  42.600000000000001  4178
7  41.5  4053
1  41.100000000000001  3500
2  48.600000000000001  4246
3  33.5  3622
4  46.100000000000001  4082
5  35.700000000000003  3624
6  41.100000000000001  4167
7  49.600000000000001  4345
1  37.100000000000001  3545
2  44.5  3789
3  41.100000000000001  4122
4  44.5  3904
5  41.600000000000001  4143
6  32.399999999999999  3440
7  37.399999999999999  3904
1  49.0  3893
2  31.600000000000001  3484
3  46.5  3993
4  45.100000000000001  4171
5  33.0  4045
6  42.700000000000003  3901
7  40.700000000000003  4288
1  46.399999999999999  3886
2  38.100000000000001  3760
3  53.200000000000003  4258
4  43.100000000000001  3922
5  40.100000000000001  4008
6  48.700000000000003  4000
7  38.0  3939
1  40.899999999999999  3765
2  32.399999999999999  3492
3  36.100000000000001  3312
4  44.100000000000001  3796
5  42.600000000000001  3822
6  45.700000000000003  4175
7  43.600000000000001  3978
1  43.899999999999999  3840
2  48.899999999999999  3976
3  46.299999999999997  3601
4  39.5  3762
5  47.600000000000001  4060
6  43.299999999999997  3711
7  39.200000000000003  3593
1  38.200000000000003  3846
2  39.299999999999997  3575
3  36.5  3390
4  33.200000000000003  3333
5  47.399999999999999  4392
6  40.399999999999999  4006
7  28.699999999999999  3880
1  30.300000000000001  3525
2  41.899999999999999  3935
3  47.5  3945
4  39.299999999999997  3811
5  38.0  3883
6  39.600000000000001  3902
7  42.899999999999999  4087
1  53.5  3879
2  43.899999999999999  3827
3  50.0  4223
4  42.5  3748
5  38.299999999999997  3917
6  36.899999999999999  3751
7  41.100000000000001  4061
1  35.700000000000003  3529
2  49.5  4422
3  33.100000000000001  3635
4  45.100000000000001  4052
5  42.399999999999999  3992
6  50.5  4497
7  40.100000000000001  4123
1  37.0  3661
2  43.200000000000003  3654
3  50.100000000000001  3790
4  37.600000000000001  3892
5  43.299999999999997  3685
6  36.200000000000003  3950
7  44.100000000000001  4311
1  47.299999999999997  3921
2  47.200000000000003  4332
3  41.200000000000003  3465
4  44.399999999999999  3725
5  36.100000000000001  3725
6  35.5  3984
7  34.899999999999999  3982
1  40.200000000000003  3752
2  45.100000000000001  3739
3  38.799999999999997  3629
4  41.299999999999997  3892
5  37.899999999999999  4082
6  38.600000000000001  3926
7  35.299999999999997  3936
1  39.799999999999997  3542
2  41.5  3617
3  44.100000000000001  3818
4  47.799999999999997  4002
5  47.5  3997
6  35.0  3836
7  39.5  4297
1  28.600000000000001  3375
2  41.5  4357
3  39.299999999999997  3886
4  46.700000000000003  3985
5  36.399999999999999  3394
6  34.5  3908
7  36.100000000000001  3892
1  47.700000000000003  3971
2  38.600000000000001  3993
3  45.700000000000003  4279
4  44.299999999999997  4061
5  38.200000000000003  4051
6  34.600000000000001  3831
7  33.899999999999999  3601
1  51.0  4096
2  37.799999999999997  3090
3  34.100000000000001  3640
4  29.199999999999999  3716
5  41.799999999999997  3669
6  35.299999999999997  3551
7  39.0  4003
1  48.299999999999997  3956
2  45.600000000000001  4159
3  48.200000000000003  3870
4  34.5  3854
5  43.600000000000001  3632
6  44.200000000000003  4036
7  42.299999999999997  3933
1  41.5  3257
2  47.299999999999997  4215
3  48.399999999999999  4259
4  41.899999999999999  4032
5  37.600000000000001  3568
6  37.0  3848
7  35.299999999999997  4161
1  51.899999999999999  4143
2  42.100000000000001  3791
3  48.200000000000003  3947
4  43.399999999999999  3896
5  41.600000000000001  3964
6  40.200000000000003  4078
7  39.200000000000003  4179
1  33.600000000000001  3525
2  42.0  3595
3  52.0  3923
4  46.899999999999999  4369
5  43.799999999999997  4013
6  43.5  4049
7  42.5  4272
1  39.200000000000003  3853
2  52.700000000000003  4128
3  29.100000000000001  3340
4  45.399999999999999  3726
5  38.600000000000001  3718
6  47.100000000000001  3958
7  34.899999999999999  3985
1  44.799999999999997  3976
2  44.399999999999999  3795
3  35.5  3587
4  34.5  3410
5  39.799999999999997  3782
6  40.200000000000003  4334
7  42.5  4574
1  48.200000000000003  3958
2  36.899999999999999  3679
3  46.200000000000003  4143
4  36.399999999999999  3767
5  53.100000000000001  4412
6  31.5  3626
7  38.0  3895
1  46.899999999999999  3836
2  47.899999999999999  4237
3  46.0  3992
4  44.600000000000001  3740
5  40.700000000000003  3831
6  41.0  3527
7  48.299999999999997  3958
1  42.0  3529
2  45.600000000000001  4207
3  47.399999999999999  3929
4  42.600000000000001  3817
5  37.399999999999999  3854
6  46.299999999999997  4121
7  39.899999999999999  3805
1  40.899999999999999  3735
2  49.600000000000001  4136
3  41.100000000000001  3716
4  38.0  3612
5  40.600000000000001  3849
6  45.299999999999997  3972
7  42.700000000000003  4072
1  36.200000000000003  3906
2  39.299999999999997  3938
3  43.399999999999999  3872
4  43.0  4021
5  46.5  4210
6  41.899999999999999  3866
7  41.399999999999999  4033
1  41.299999999999997  4040
2  40.600000000000001  3799
3  44.299999999999997  3884
4  44.200000000000003  3981
5  42.600000000000001  3998
6  36.299999999999997  3933
7  44.899999999999999  3992
1  38.700000000000003  3473
2  47.200000000000003  4025
3  39.899999999999999  3696
4  34.700000000000003  3792
5  39.899999999999999  4287
6  43.5  4054
7  43.0  4171
1  38.799999999999997  3888
2  50.299999999999997  4170
3  33.200000000000003  3452
4  34.0  3593
5  47.5  3885
6  46.5  4059
7  38.399999999999999  4142
1  31.399999999999999  3487
2  37.0  3922
3  49.299999999999997  4035
4  42.200000000000003  3750
5  32.299999999999997  3754
6  41.0  4008
7  46.700000000000003  4250
1  38.200000000000003  3825
2  49.399999999999999  3986
3  39.5  3769
4  41.0  4183
5  41.600000000000001  3981
6  43.399999999999999  4105
7  35.899999999999999  4073
1  43.100000000000001  3842
2  54.5  4140
3  47.299999999999997  3922
4  40.299999999999997  3643
5  46.799999999999997  4090
6  48.5  4175
7  44.799999999999997  4286
1  35.600000000000001  4029
2  44.100000000000001  3687
3  47.700000000000003  4146
4  43.0  4205
5  43.100000000000001  4229
6  36.899999999999999  3976
7  36.0  3750
1  47.600000000000001  3988
2  44.299999999999997  4040
3  51.299999999999997  3933
4  41.100000000000001  4221
5  48.399999999999999  4167
6  44.799999999999997  3981
7  39.5  4097
1  48.5  4007
2  38.600000000000001  3392
3  41.299999999999997  3650
4  43.299999999999997  4021
5  46.600000000000001  3851
6  39.899999999999999  4130
7  45.399999999999999  4131
1  36.200000000000003  3684
2  40.700000000000003  3971
3  38.299999999999997  3440
4  37.299999999999997  3430
5  46.100000000000001  4039
6  41.5  4086
7  32.399999999999999  3578
1  57.299999999999997  4484
2  44.399999999999999  3930
3  30.899999999999999  3011
4  39.100000000000001  4040
5  46.100000000000001  4025
6  38.200000000000003  3838
7  34.700000000000003  3933
1  36.200000000000003  3483
2  42.700000000000003  4027
3  46.899999999999999  3995
4  37.5  3492
5  51.200000000000003  4262
6  38.399999999999999  4057
7  38.5  4066
1  49.700000000000003  3931
2  32.799999999999997  3538
3  42.200000000000003  3897
4  40.0  4131
5  38.899999999999999  3732
6  37.600000000000001  4134
7  42.200000000000003  4024
1  37.299999999999997  3567
2  39.200000000000003  3837
3  31.800000000000001  3522
4  42.899999999999999  3932
5  29.300000000000001  3451
6  36.700000000000003  3677
7  35.200000000000003  3835
1  44.0  3911
2  40.200000000000003  3787
3  50.0  4099
4  47.299999999999997  3991
5  34.600000000000001  3674
6  38.700000000000003  4060
7  38.0  4066
1  35.399999999999999  3787
2  38.399999999999999  3664
3  39.100000000000001  3816
4  42.200000000000003  3796
5  36.5  3813
6  40.600000000000001  4221
7  37.5  3697
1  41.899999999999999  3567
2  46.899999999999999  4135
3  39.5  3986
4  49.0  4079
5  38.5  3923
6  45.299999999999997  3917
7  43.200000000000003  4221
1  39.0  3651
2  44.700000000000003  3829
3  46.200000000000003  4031
4  33.0  3588
5  38.600000000000001  3926
6  37.100000000000001  3748
7  38.299999999999997  3971
1  41.600000000000001  4048
2  37.700000000000003  3312
3  45.100000000000001  3869
4  43.799999999999997  3879
5  35.299999999999997  3619
6  42.600000000000001  4197
7  40.600000000000001  4165
1  43.899999999999999  3738
2  45.5  4023
3  45.5  3605
4  39.100000000000001  3450
5  46.0  4260
6  41.899999999999999  3873
7  43.600000000000001  4171
1  42.5  3705
2  32.799999999999997  3507
3  41.0  3997
4  39.700000000000003  4145
5  51.799999999999997  4253
6  44.0  3969
7  34.799999999999997  3844
1  55.100000000000001  2763
2  33.700000000000003  3581
3  48.399999999999999  3875
4  45.899999999999999  4459
5  44.700000000000003  4113
6  40.799999999999997  3825
7  35.100000000000001  3980
1  45.600000000000001  4078
2  53.399999999999999  4259
3  54.600000000000001  4028
4  45.299999999999997  3892
5  47.700000000000003  4045
6  42.899999999999999  4404
7  35.200000000000003  3832
1  38.600000000000001  3643
2  32.899999999999999  3402
3  35.299999999999997  3591
4  33.399999999999999  3551
5  43.600000000000001  3892
6  40.5  4131
7  38.200000000000003  3972
1  42.600000000000001  3288
2  48.700000000000003  4018
3  35.299999999999997  3582
4  37.100000000000001  4037
5  41.299999999999997  4152
6  36.399999999999999  3881
7  43.299999999999997  4162
1  42.5  3651
2  39.899999999999999  3596
3  41.600000000000001  3660
4  39.200000000000003  3975
5  36.299999999999997  3885
6  37.399999999999999  4005
7  33.700000000000003  3923
1  49.0  4206
2  45.899999999999999  3679
3  46.0  3451
4  48.0  4131
5  44.899999999999999  3922
6  40.700000000000003  4189
7  38.5  4197
1  50.200000000000003  4239
2  53.799999999999997  4176
3  46.899999999999999  3883
4  39.600000000000001  4079
5  35.700000000000003  3707
6  39.100000000000001  4014
7  45.399999999999999  4171
1  54.799999999999997  4054
2  40.100000000000001  3988
3  47.899999999999999  4056
4  52.899999999999999  4314
5  49.0  4331
6  35.600000000000001  3776
7  40.399999999999999  3810
1  40.399999999999999  3911
2  43.5  4035
3  40.100000000000001  3604
4  49.600000000000001  3868
5  46.399999999999999  3984
6  46.899999999999999  4184
7  41.0  4215
1  41.700000000000003  3961
2  44.200000000000003  4348
3  36.299999999999997  3886
4  36.799999999999997  3866
5  40.700000000000003  3876
6  44.5  3910
7  33.299999999999997  4101
1  47.899999999999999  3966
2  39.600000000000001  3846
3  35.5  3631
4  46.399999999999999  3762
5  35.899999999999999  3740
6  42.399999999999999  4028
7  39.399999999999999  4300
1  42.299999999999997  3765
2  43.899999999999999  3826
3  37.5  3880
4  47.100000000000001  3944
5  48.200000000000003  4281
6  39.799999999999997  4092
7  37.399999999999999  4089
1  37.700000000000003  3559
2  46.899999999999999  3654
3  41.100000000000001  3789
4  34.799999999999997  3675
5  36.0  3835
6  50.700000000000003  4141
7  39.600000000000001  3937
1  35.100000000000001  3696
2  38.700000000000003  3364
3  44.899999999999999  3873
4  43.299999999999997  4119
5  41.299999999999997  3863
6  50.700000000000003  4313
7  43.100000000000001  3791
1  50.799999999999997  4264
2  36.600000000000001  3592
3  46.700000000000003  3960
4  47.799999999999997  3914
5  29.0  3767
6  39.799999999999997  4085
7  36.899999999999999  4048
1  53.299999999999997  4040
2  46.700000000000003  3874
3  37.700000000000003  3732
4  40.600000000000001  4112
5  45.200000000000003  4144
6  31.699999999999999  3898
7  37.899999999999999  3463
1  50.5  4046
2  41.200000000000003  3986
3  38.399999999999999  3593
4  42.200000000000003  3995
5  39.299999999999997  3719
6  40.700000000000003  3918
7  35.5  4185
1  43.700000000000003  3921
2  37.899999999999999  3479
3  40.600000000000001  3862
4  44.899999999999999  4040
5  42.700000000000003  4120
6  36.700000000000003  3740
7  38.200000000000003  4017
1  49.899999999999999  4034
2  45.200000000000003  3820
3  50.600000000000001  4077
4  44.399999999999999  4100
5  35.799999999999997  4117
6  33.399999999999999  3919
7  50.5  4320
1  42.0  4017
2  50.200000000000003  3927
3  45.600000000000001  3888
4  48.0  4222
5  40.899999999999999  4091
6  38.399999999999999  4042
7  26.5  3606
1  42.399999999999999  3705
2  37.600000000000001  3792
3  58.100000000000001  4291
4  43.100000000000001  4006
5  40.100000000000001  3565
6  45.299999999999997  4110
7  34.700000000000003  4023
1  64.099999999999994  4163
2  40.899999999999999  3678
3  37.299999999999997  3617
4  41.0  3783
5  45.100000000000001  4127
6  28.699999999999999  3470
7  40.0  3988
1  42.0  3370
2  37.700000000000003  3888
3  42.0  3725
4  46.700000000000003  4143
5  54.799999999999997  4313
6  39.899999999999999  3975
7  40.299999999999997  3930
1  43.299999999999997  4023
2  35.200000000000003  3565
3  41.200000000000003  3641
4  35.299999999999997  3851
5  51.399999999999999  4407
6  42.799999999999997  3880
7  41.5  4248
1  47.299999999999997  4039
2  35.200000000000003  3624
3  46.5  4067
4  46.100000000000001  4180
5  46.200000000000003  4117
6  42.899999999999999  3859
7  43.399999999999999  4028
1  48.600000000000001  3749
2  25.5  3383
3  34.600000000000001  3108
4  44.399999999999999  4031
5  35.299999999999997  3761
6  40.0  3958
7  47.5  4241
1  36.600000000000001  3554
2  46.100000000000001  3871
3  41.0  4062
4  32.200000000000003  3720
5  43.100000000000001  4110
6  44.299999999999997  3919
7  47.899999999999999  3943
1  39.799999999999997  3622
2  42.100000000000001  3782
3  53.200000000000003  3952
4  39.899999999999999  3958
5  42.799999999999997  3696
6  34.200000000000003  4085
7  42.299999999999997  4414
1  43.700000000000003  3771
2  39.100000000000001  3667
3  35.799999999999997  3611
4  43.200000000000003  4183
5  49.299999999999997  3896
6  46.600000000000001  4329
7  44.200000000000003  4252
1  45.100000000000001  4001
2  34.399999999999999  3703
3  49.0  4139
4  40.799999999999997  4195
5  36.0  3825
6  33.600000000000001  3981
7  42.600000000000001  4110
1  41.700000000000003  4024
2  38.700000000000003  3573
3  33.799999999999997  3461
4  49.5  3955
5  39.700000000000003  3801
6  41.100000000000001  3878
7  37.399999999999999  4304
1  47.700000000000003  3613
2  40.0  3598
3  47.5  3907
4  36.899999999999999  3746
5  43.799999999999997  4386
6  36.799999999999997  3880
7  31.399999999999999  4059
1  51.399999999999999  4315
2  37.799999999999997  3149
3  39.200000000000003  3453
4  43.5  3865
5  41.799999999999997  4196
6  39.700000000000003  4218
7  33.399999999999999  3907
1  35.5  3247
2  52.200000000000003  4123
3  24.600000000000001  3371
4  46.100000000000001  3907
5  38.100000000000001  3927
6  33.700000000000003  3765
7  37.299999999999997  3902
1  31.100000000000001  3457
2  48.799999999999997  4001
3  43.399999999999999  4017
4  35.700000000000003  3682
5  44.799999999999997  3941
6  47.600000000000001  4340
7  40.299999999999997  3748
1  53.100000000000001  4002
2  46.399999999999999  3876
3  37.200000000000003  3863
4  42.5  3712
5  41.799999999999997  3872
6  35.5  3787
7  46.700000000000003  4145
1  35.899999999999999  3609
2  54.0  4066
3  31.899999999999999  3413
4  42.700000000000003  4068
5  42.600000000000001  3945
6  37.200000000000003  3869
7  29.699999999999999  3738
1  35.899999999999999  3645
2  44.299999999999997  3940
3  42.0  3745
4  44.100000000000001  3816
5  44.899999999999999  3806
6  35.600000000000001  3915
7  35.700000000000003  3943
1  33.5  3334
2  43.0  3912
3  42.399999999999999  3865
4  39.200000000000003  3604
5  46.0  3962
6  40.600000000000001  3882
7  45.299999999999997  4143
1  44.899999999999999  3780
2  47.200000000000003  3744
3  43.299999999999997  3943
4  41.600000000000001  3826
5  38.200000000000003  3950
6  32.600000000000001  3873
7  37.0  4160
1  39.799999999999997  3603
2  41.899999999999999  3775
3  40.299999999999997  3960
4  35.0  3239
5  33.899999999999999  3797
6  40.600000000000001  3985
7  40.200000000000003  3940
1  44.700000000000003  4009
2  41.299999999999997  4015
3  45.0  3920
4  55.299999999999997  4179
5  40.600000000000001  3943
6  39.5  3784
7  38.700000000000003  3934
1  53.299999999999997  3764
2  40.700000000000003  4096
3  50.100000000000001  3852
4  33.5  3445
5  40.600000000000001  4065
6  41.0  3851
7  41.200000000000003  4068
1  44.5  3897
2  38.5  3711
3  46.100000000000001  3896
4  46.0  4021
5  47.0  3962
6  39.200000000000003  3859
7  47.100000000000001  4314
1  35.600000000000001  3889
2  45.200000000000003  3597
3  43.100000000000001  4093
4  42.100000000000001  3767
5  39.899999999999999  3901
6  44.0  4139
7  35.899999999999999  4317
1  41.799999999999997  3606
2  46.399999999999999  3810
3  42.899999999999999  3828
4  44.600000000000001  4046
5  40.899999999999999  3752
6  42.899999999999999  4049
7  37.399999999999999  3946
1  35.200000000000003  3637
2  38.799999999999997  3573
3  44.5  3576
4  43.0  4193
5  43.600000000000001  3849
6  44.100000000000001  4034
7  31.699999999999999  3709
1  41.600000000000001  3631
2  50.299999999999997  4350
3  47.399999999999999  3826
4  39.899999999999999  3718
5  41.200000000000003  4118
6  43.799999999999997  4057
7  44.0  4163
