1  63.0  168.0
1  51.0  323.0
1  54.0  245.0
1  29.0  357.0
1  53.0  359.0
1  39.0  422.0
1  52.0  344.0
1  22.0  422.0
1  67.0  365.0
1  48.0  404.0
1  46.0  292.0
1  69.0  355.0
1  65.0  338.0
1  83.0  239.0
1  41.0  372.0
1  72.0  242.0
1  47.0  422.0
1  52.0  348.0
1  25.0  598.0
1  78.0  318.0
1  59.0  370.0
1  49.0  446.0
1  44.0  314.0
1  63.0  328.0
1  80.0  293.0
1  69.0  261.0
1  72.0  400.0
1  52.0  343.0
1  42.0  392.0
1  67.0  380.0
1  56.0  371.0
1  85.0  254.0
1  77.0  295.0
1  34.0  500.0
1  40.0  493.0
1  58.0  306.0
1  28.0  410.0
1  26.0  227.0
1  55.0  351.0
1  65.0  393.0
1  79.0  302.0
1  43.0  500.0
1  74.0  310.0
1  63.0  152.0
1  64.0  389.0
1  63.0  247.0
1  60.0  417.0
1  49.0  436.0
1  17.0  442.0
1  34.0  258.0
2  40.0  597.0
2  55.0  410.0
2  79.0  357.0
2  75.0  309.0
2  36.0  415.0
2  60.0  364.0
2  53.0  267.0
2  14.0  515.0
2  63.0  405.0
2  42.0  418.0
2  79.0  299.0
2  35.0  496.0
2  75.0  328.0
2  40.0  187.0
2  26.0  427.0
2  61.0  367.0
2  47.0  181.0
2  70.0  208.0
2  59.0  400.0
2  38.0  318.0
2  45.0  493.0
2  31.0  583.0
2  47.0  479.0
2  48.0  344.0
2  58.0  340.0
2  54.0  306.0
2  66.0  296.0
2  20.0  414.0
2  89.0  163.0
2  52.0  578.0
2  16.0  276.0
2  66.0  392.0
2  45.0  266.0
2  55.0  330.0
2  36.0  306.0
2  43.0  315.0
2  42.0  483.0
2  76.0  359.0
2  62.0  398.0
2  56.0  346.0
2  68.0  338.0
2  42.0  364.0
2  68.0  427.0
2  32.0  332.0
2  48.0  234.0
2  52.0  383.0
2  67.0  423.0
2  58.0  384.0
2  59.0  407.0
2  61.0  442.0
3  42.0  337.0
3  57.0  345.0
3  30.0  240.0
3  24.0  404.0
3  70.0  223.0
3  36.0  306.0
3  60.0  181.0
3  35.0  365.0
3  25.0  353.0
3  53.0  438.0
3  54.0  377.0
3  48.0  320.0
3  57.0  257.0
3  56.0  363.0
3  61.0  245.0
3  40.0  471.0
3  31.0  150.0
3  20.0  205.0
3  54.0  455.0
3  55.0  461.0
3  71.0  290.0
3  17.0  310.0
3  24.0  230.0
3  32.0  349.0
3  55.0  244.0
3  63.0  238.0
3  38.0  348.0
3  89.0  277.0
3  49.0  439.0
3  45.0  474.0
3  33.0  344.0
3  52.0  242.0
3  66.0  387.0
3  45.0  246.0
3  40.0  332.0
3  7.0  294.0
3  24.0  307.0
3  48.0  404.0
3  73.0  359.0
3  42.0  346.0
3  24.0  253.0
3  40.0  335.0
3  33.0  384.0
3  61.0  273.0
3  38.0  428.0
3  26.0  361.0
3  26.0  360.0
3  62.0  447.0
3  61.0  349.0
3  43.0  360.0
4  32.0  269.0
4  43.0  291.0
4  90.0  267.0
4  48.0  274.0
4  50.0  187.0
4  42.0  162.0
4  58.0  306.0
4  69.0  293.0
4  61.0  374.0
4  27.0  219.0
4  32.0  327.0
4  57.0  272.0
4  15.0  265.0
4  74.0  321.0
4  58.0  302.0
4  60.0  304.0
4  53.0  223.0
4  52.0  564.0
4  40.0  345.0
4  51.0  342.0
4  85.0  264.0
4  44.0  267.0
4  56.0  366.0
4  48.0  330.0
4  30.0  341.0
4  41.0  434.0
4  50.0  346.0
4  69.0  376.0
4  71.0  460.0
4  51.0  411.0
4  75.0  346.0
4  75.0  322.0
4  42.0  296.0
4  53.0  301.0
4  34.0  230.0
4  52.0  295.0
4  11.0  297.0
4  59.0  263.0
4  71.0  421.0
4  16.0  332.0
4  75.0  320.0
4  62.0  312.0
4  61.0  232.0
4  70.0  411.0
4  66.0  322.0
4  16.0  416.0
4  77.0  314.0
4  49.0  337.0
4  60.0  355.0
4  55.0  238.0
5  44.0  321.0
5  46.0  345.0
5  56.0  210.0
5  22.0  369.0
5  50.0  254.0
5  39.0  355.0
5  37.0  350.0
5  25.0  329.0
5  63.0  357.0
5  30.0  215.0
5  14.0  219.0
5  61.0  234.0
5  66.0  351.0
5  46.0  334.0
5  41.0  418.0
5  73.0  363.0
5  54.0  223.0
5  49.0  370.0
5  33.0  175.0
5  69.0  395.0
5  65.0  386.0
5  47.0  282.0
5  42.0  215.0
5  46.0  305.0
5  33.0  344.0
5  40.0  262.0
5  63.0  239.0
5  11.0  350.0
5  62.0  401.0
5  36.0  409.0
5  3.0  345.0
5  68.0  320.0
5  22.0  348.0
5  24.0  295.0
5  55.0  267.0
5  42.0  377.0
5  52.0  353.0
5  55.0  341.0
5  59.0  330.0
5  48.0  502.0
5  53.0  251.0
5  70.0  193.0
5  20.0  526.0
5  24.0  275.0
5  29.0  316.0
5  37.0  226.0
5  45.0  262.0
5  61.0  191.0
5  57.0  387.0
5  20.0  418.0
