1  74.0  409.0
2  60.0  364.0
3  45.0  474.0
4  33.0  602.0
5  47.0  511.0
6  67.0  410.0
7  48.0  508.0
1  75.0  330.0
2  93.0  467.0
3  48.0  338.0
4  39.0  542.0
5  50.0  372.0
6  47.0  424.0
7  41.0  484.0
1  34.0  224.0
2  69.0  369.0
3  34.0  432.0
4  39.0  656.0
5  64.0  467.0
6  39.0  490.0
7  39.0  525.0
1  61.0  452.0
2  34.0  524.0
3  52.0  430.0
4  57.0  324.0
5  65.0  352.0
6  54.0  492.0
7  21.0  460.0
1  72.0  351.0
2  53.0  371.0
3  26.0  409.0
4  54.0  344.0
5  50.0  440.0
6  18.0  386.0
7  45.0  495.0
1  39.0  417.0
2  17.0  276.0
3  61.0  392.0
4  49.0  573.0
5  36.0  552.0
6  40.0  507.0
7  49.0  465.0
1  62.0  479.0
2  33.0  473.0
3  40.0  477.0
4  48.0  526.0
5  42.0  551.0
6  54.0  486.0
7  45.0  454.0
1  55.0  349.0
2  30.0  361.0
3  38.0  285.0
4  29.0  510.0
5  38.0  505.0
6  86.0  312.0
7  39.0  505.0
1  71.0  389.0
2  21.0  249.0
3  52.0  529.0
4  41.0  500.0
5  44.0  506.0
6  40.0  450.0
7  39.0  349.0
1  86.0  318.0
2  28.0  435.0
3  28.0  416.0
4  37.0  482.0
5  37.0  568.0
6  38.0  464.0
7  32.0  474.0
1  56.0  297.0
2  67.0  413.0
3  58.0  531.0
4  27.0  283.0
5  33.0  482.0
6  33.0  464.0
7  39.0  363.0
1  66.0  469.0
2  41.0  686.0
3  45.0  356.0
4  69.0  445.0
5  60.0  540.0
6  21.0  483.0
7  39.0  326.0
1  37.0  419.0
2  62.0  417.0
3  47.0  403.0
4  35.0  503.0
5  53.0  471.0
6  19.0  310.0
7  47.0  466.0
1  53.0  445.0
2  12.0  252.0
3  25.0  377.0
4  48.0  410.0
5  53.0  452.0
6  41.0  528.0
7  43.0  379.0
1  78.0  324.0
2  44.0  527.0
3  58.0  480.0
4  61.0  384.0
5  46.0  453.0
6  39.0  523.0
7  31.0  486.0
1  27.0  451.0
2  56.0  417.0
3  52.0  377.0
4  67.0  423.0
5  23.0  595.0
6  42.0  559.0
7  34.0  398.0
1  74.0  388.0
2  31.0  415.0
3  27.0  442.0
4  29.0  699.0
5  36.0  536.0
6  34.0  466.0
7  31.0  483.0
1  63.0  350.0
2  59.0  338.0
3  52.0  512.0
4  33.0  508.0
5  22.0  371.0
6  37.0  469.0
7  42.0  452.0
1  45.0  513.0
2  28.0  490.0
3  41.0  476.0
4  45.0  392.0
5  23.0  434.0
6  29.0  425.0
7  32.0  526.0
1  19.0  364.0
2  71.0  445.0
3  26.0  302.0
4  25.0  513.0
5  17.0  433.0
6  39.0  490.0
7  32.0  457.0
1  83.0  297.0
2  62.0  394.0
3  46.0  518.0
4  38.0  487.0
5  35.0  464.0
6  30.0  372.0
7  50.0  441.0
1  55.0  523.0
2  27.0  376.0
3  18.0  391.0
4  46.0  437.0
5  39.0  349.0
6  44.0  528.0
7  34.0  554.0
1  58.0  357.0
2  34.0  552.0
3  51.0  438.0
4  34.0  428.0
5  36.0  484.0
6  27.0  580.0
7  31.0  540.0
1  29.0  453.0
2  37.0  556.0
3  53.0  429.0
4  58.0  453.0
5  67.0  456.0
6  35.0  372.0
7  40.0  503.0
1  28.0  494.0
2  35.0  401.0
3  46.0  489.0
4  26.0  397.0
5  42.0  519.0
6  33.0  347.0
7  25.0  448.0
1  36.0  453.0
2  67.0  519.0
3  35.0  492.0
4  32.0  480.0
5  31.0  250.0
6  64.0  443.0
7  70.0  370.0
1  52.0  406.0
2  43.0  462.0
3  26.0  252.0
4  25.0  433.0
5  34.0  486.0
6  36.0  439.0
7  43.0  534.0
1  65.0  373.0
2  7.0  303.0
3  46.0  476.0
4  50.0  331.0
5  26.0  440.0
6  33.0  318.0
7  60.0  550.0
1  58.0  379.0
2  17.0  283.0
3  12.0  462.0
4  12.0  374.0
5  32.0  399.0
6  19.0  458.0
7  44.0  436.0
1  46.0  413.0
2  21.0  388.0
3  42.0  403.0
4  27.0  422.0
5  71.0  394.0
6  33.0  519.0
7  31.0  511.0
1  37.0  392.0
2  51.0  454.0
3  70.0  422.0
4  43.0  514.0
5  34.0  410.0
6  35.0  542.0
7  18.0  444.0
1  42.0  472.0
2  25.0  377.0
3  35.0  397.0
4  27.0  510.0
5  47.0  409.0
6  37.0  661.0
7  21.0  419.0
1  52.0  620.0
2  38.0  617.0
3  42.0  525.0
4  35.0  399.0
5  47.0  512.0
6  11.0  516.0
7  25.0  637.0
1  34.0  462.0
2  50.0  562.0
3  46.0  460.0
4  18.0  456.0
5  14.0  299.0
6  42.0  549.0
7  45.0  493.0
1  42.0  302.0
2  56.0  534.0
3  65.0  467.0
4  45.0  523.0
5  38.0  593.0
6  35.0  605.0
7  52.0  503.0
1  57.0  425.0
2  29.0  351.0
3  25.0  398.0
4  56.0  524.0
5  34.0  445.0
6  25.0  419.0
7  56.0  473.0
1  71.0  424.0
2  74.0  459.0
3  33.0  342.0
4  49.0  407.0
5  38.0  503.0
6  56.0  440.0
7  17.0  392.0
1  53.0  449.0
2  32.0  462.0
3  17.0  450.0
4  42.0  458.0
5  54.0  546.0
6  58.0  396.0
7  30.0  541.0
1  60.0  428.0
2  29.0  391.0
3  19.0  394.0
4  27.0  430.0
5  28.0  409.0
6  18.0  474.0
7  50.0  397.0
1  45.0  462.0
2  51.0  486.0
3  25.0  700.0
4  16.0  492.0
5  38.0  381.0
6  41.0  398.0
7  26.0  469.0
1  30.0  432.0
2  10.0  236.0
3  24.0  325.0
4  58.0  426.0
5  49.0  510.0
6  56.0  375.0
7  49.0  502.0
1  40.0  387.0
2  27.0  423.0
3  39.0  477.0
4  34.0  407.0
5  50.0  482.0
6  47.0  531.0
7  29.0  522.0
1  69.0  324.0
2  64.0  457.0
3  69.0  367.0
4  16.0  464.0
5  42.0  469.0
6  26.0  638.0
7  39.0  407.0
1  19.0  549.0
2  48.0  450.0
3  52.0  437.0
4  73.0  407.0
5  40.0  396.0
6  51.0  528.0
7  42.0  470.0
1  63.0  456.0
2  53.0  419.0
3  65.0  376.0
4  9.0  450.0
5  33.0  530.0
6  30.0  452.0
7  30.0  475.0
1  52.0  436.0
2  36.0  398.0
3  49.0  441.0
4  32.0  420.0
5  53.0  482.0
6  38.0  548.0
7  41.0  451.0
1  55.0  469.0
2  58.0  415.0
3  32.0  488.0
4  35.0  302.0
5  31.0  533.0
6  41.0  426.0
7  30.0  500.0
1  69.0  365.0
2  16.0  474.0
3  56.0  463.0
4  23.0  394.0
5  43.0  557.0
6  25.0  546.0
7  34.0  504.0
1  14.0  310.0
2  40.0  562.0
3  40.0  260.0
4  31.0  433.0
5  12.0  239.0
6  55.0  398.0
7  53.0  426.0
1  73.0  381.0
2  42.0  366.0
3  40.0  346.0
4  33.0  363.0
5  40.0  544.0
6  33.0  398.0
7  34.0  513.0
1  27.0  520.0
2  47.0  327.0
3  38.0  371.0
4  57.0  439.0
5  44.0  554.0
6  38.0  419.0
7  38.0  472.0
1  40.0  377.0
2  43.0  321.0
3  35.0  375.0
4  38.0  361.0
5  13.0  577.0
6  48.0  395.0
7  44.0  537.0
1  68.0  501.0
2  43.0  456.0
3  37.0  260.0
4  50.0  554.0
5  39.0  411.0
6  38.0  632.0
7  11.0  249.0
1  72.0  371.0
2  50.0  463.0
3  43.0  471.0
4  38.0  336.0
5  56.0  518.0
6  17.0  230.0
7  49.0  494.0
1  23.0  236.0
2  38.0  447.0
3  47.0  589.0
4  30.0  346.0
5  40.0  583.0
6  33.0  437.0
7  56.0  442.0
1  47.0  483.0
2  63.0  347.0
3  46.0  467.0
4  42.0  390.0
5  26.0  409.0
6  40.0  491.0
7  33.0  527.0
1  34.0  231.0
2  41.0  385.0
3  36.0  466.0
4  59.0  541.0
5  21.0  399.0
6  59.0  445.0
7  39.0  458.0
1  54.0  325.0
2  79.0  402.0
3  41.0  445.0
4  29.0  505.0
5  45.0  452.0
6  31.0  524.0
7  26.0  516.0
1  41.0  390.0
2  19.0  327.0
3  12.0  291.0
4  47.0  500.0
5  25.0  477.0
6  63.0  413.0
7  75.0  400.0
1  50.0  510.0
2  21.0  360.0
3  60.0  382.0
4  71.0  450.0
5  51.0  514.0
6  32.0  538.0
7  34.0  451.0
1  55.0  457.0
2  50.0  463.0
3  37.0  651.0
4  64.0  462.0
5  34.0  545.0
6  29.0  465.0
7  29.0  454.0
1  49.0  433.0
2  47.0  367.0
3  29.0  360.0
4  50.0  537.0
5  49.0  409.0
6  28.0  474.0
7  56.0  517.0
1  45.0  481.0
2  65.0  448.0
3  41.0  444.0
4  43.0  435.0
5  42.0  436.0
6  43.0  509.0
7  20.0  463.0
1  49.0  506.0
2  45.0  260.0
3  39.0  669.0
4  34.0  598.0
5  30.0  588.0
6  58.0  426.0
7  24.0  559.0
1  33.0  479.0
2  45.0  516.0
3  33.0  386.0
4  31.0  566.0
5  39.0  410.0
6  33.0  427.0
7  24.0  495.0
1  38.0  525.0
2  24.0  514.0
3  50.0  437.0
4  45.0  584.0
5  17.0  315.0
6  19.0  451.0
7  25.0  426.0
1  17.0  198.0
2  27.0  288.0
3  40.0  484.0
4  30.0  440.0
5  24.0  347.0
6  20.0  507.0
7  24.0  497.0
1  65.0  461.0
2  53.0  421.0
3  17.0  277.0
4  57.0  452.0
5  65.0  439.0
6  42.0  520.0
7  34.0  424.0
1  31.0  444.0
2  13.0  371.0
3  47.0  487.0
4  42.0  560.0
5  31.0  315.0
6  28.0  564.0
7  36.0  455.0
1  51.0  490.0
2  17.0  313.0
3  75.0  439.0
4  46.0  525.0
5  26.0  389.0
6  28.0  608.0
7  50.0  492.0
1  19.0  438.0
2  65.0  362.0
3  47.0  485.0
4  44.0  598.0
5  28.0  389.0
6  15.0  394.0
7  41.0  439.0
1  80.0  355.0
2  14.0  297.0
3  36.0  426.0
4  28.0  413.0
5  42.0  622.0
6  27.0  359.0
7  51.0  444.0
1  39.0  338.0
2  51.0  507.0
3  27.0  284.0
4  32.0  458.0
5  52.0  564.0
6  34.0  478.0
7  43.0  484.0
1  31.0  513.0
2  49.0  544.0
3  53.0  441.0
4  36.0  402.0
5  42.0  401.0
6  32.0  374.0
7  29.0  533.0
1  35.0  562.0
2  44.0  479.0
3  6.0  305.0
4  35.0  544.0
5  38.0  546.0
6  60.0  495.0
7  41.0  686.0
1  74.0  373.0
2  70.0  374.0
3  47.0  289.0
4  44.0  558.0
5  22.0  565.0
6  26.0  492.0
7  44.0  467.0
1  49.0  565.0
2  31.0  503.0
3  45.0  418.0
4  50.0  529.0
5  41.0  576.0
6  51.0  414.0
7  21.0  485.0
1  45.0  450.0
2  32.0  432.0
3  33.0  520.0
4  36.0  477.0
5  32.0  505.0
6  64.0  407.0
7  24.0  637.0
1  73.0  447.0
2  58.0  404.0
3  38.0  423.0
4  28.0  479.0
5  42.0  425.0
6  44.0  540.0
7  30.0  499.0
1  27.0  420.0
2  34.0  255.0
3  25.0  401.0
4  77.0  378.0
5  48.0  347.0
6  26.0  242.0
7  22.0  454.0
1  54.0  513.0
2  46.0  341.0
3  45.0  547.0
4  48.0  380.0
5  38.0  600.0
6  46.0  585.0
7  38.0  516.0
1  92.0  330.0
2  9.0  466.0
3  31.0  472.0
4  24.0  533.0
5  25.0  521.0
6  28.0  492.0
7  38.0  477.0
1  55.0  384.0
2  74.0  363.0
3  32.0  486.0
4  32.0  573.0
5  26.0  268.0
6  64.0  416.0
7  26.0  451.0
1  68.0  366.0
2  35.0  297.0
3  23.0  419.0
4  55.0  438.0
5  21.0  380.0
6  18.0  391.0
7  46.0  459.0
1  65.0  417.0
2  51.0  422.0
3  40.0  485.0
4  33.0  430.0
5  39.0  498.0
6  35.0  387.0
7  28.0  580.0
1  52.0  441.0
2  42.0  422.0
3  57.0  518.0
4  23.0  475.0
5  54.0  547.0
6  25.0  290.0
7  26.0  352.0
1  48.0  547.0
2  24.0  219.0
3  42.0  451.0
4  46.0  396.0
5  36.0  566.0
6  54.0  553.0
7  38.0  436.0
1  30.0  569.0
2  47.0  443.0
3  32.0  483.0
4  41.0  617.0
5  56.0  480.0
6  32.0  513.0
7  33.0  541.0
1  19.0  334.0
2  87.0  363.0
3  35.0  343.0
4  41.0  401.0
5  29.0  357.0
6  20.0  529.0
7  38.0  471.0
1  46.0  283.0
2  57.0  558.0
3  52.0  457.0
4  42.0  566.0
5  36.0  330.0
6  7.0  362.0
7  40.0  330.0
1  54.0  379.0
2  50.0  393.0
3  43.0  429.0
4  50.0  461.0
5  18.0  348.0
6  1.0  327.0
7  51.0  442.0
1  52.0  514.0
2  30.0  470.0
3  44.0  474.0
4  50.0  478.0
5  30.0  440.0
6  58.0  535.0
7  49.0  557.0
1  33.0  535.0
2  15.0  177.0
3  25.0  579.0
4  39.0  394.0
5  63.0  420.0
6  66.0  415.0
7  25.0  426.0
1  60.0  444.0
2  62.0  400.0
3  81.0  404.0
4  19.0  385.0
5  31.0  533.0
6  36.0  663.0
7  59.0  487.0
1  20.0  411.0
2  51.0  348.0
3  36.0  550.0
4  5.0  350.0
5  27.0  435.0
6  25.0  569.0
7  31.0  490.0
1  62.0  415.0
2  29.0  503.0
3  27.0  261.0
4  49.0  501.0
5  19.0  439.0
6  39.0  516.0
7  42.0  527.0
1  57.0  443.0
2  74.0  434.0
3  22.0  361.0
4  32.0  514.0
5  82.0  382.0
6  47.0  536.0
7  18.0  447.0
1  78.0  384.0
2  30.0  333.0
3  17.0  358.0
4  38.0  539.0
5  19.0  450.0
6  34.0  353.0
7  30.0  450.0
1  64.0  347.0
2  38.0  482.0
3  36.0  517.0
4  46.0  641.0
5  35.0  523.0
6  33.0  536.0
7  35.0  480.0
1  73.0  335.0
2  38.0  641.0
3  52.0  605.0
4  36.0  472.0
5  69.0  378.0
6  30.0  526.0
7  36.0  383.0
