50  6.0  256.0
50  38.0  357.0
50  8.0  243.0
50  18.0  235.0
50  40.0  209.0
50  23.0  335.0
50  22.0  261.0
50  24.0  294.0
50  29.0  365.0
50  22.0  263.0
50  26.0  330.0
50  8.0  344.0
50  9.0  330.0
50  25.0  199.0
50  22.0  347.0
50  14.0  365.0
50  0.0  71.0
50  6.0  246.0
50  29.0  367.0
50  13.0  176.0
60  23.0  181.0
60  50.0  386.0
60  60.0  279.0
60  19.0  256.0
60  23.0  345.0
60  17.0  336.0
60  29.0  170.0
60  46.0  311.0
60  24.0  383.0
60  30.0  460.0
60  26.0  404.0
60  38.0  279.0
60  39.0  337.0
60  5.0  244.0
60  42.0  352.0
60  4.0  349.0
60  41.0  341.0
60  24.0  419.0
60  17.0  124.0
60  9.0  162.0
70  48.0  360.0
70  37.0  360.0
70  54.0  290.0
70  27.0  304.0
70  40.0  364.0
70  38.0  337.0
70  26.0  293.0
70  56.0  393.0
70  25.0  262.0
70  31.0  336.0
70  36.0  271.0
70  35.0  284.0
70  28.0  163.0
70  21.0  247.0
70  42.0  448.0
70  19.0  314.0
70  44.0  345.0
70  41.0  387.0
70  57.0  300.0
70  16.0  416.0
80  27.0  422.0
80  45.0  186.0
80  56.0  434.0
80  34.0  526.0
80  18.0  289.0
80  52.0  285.0
80  36.0  387.0
80  59.0  301.0
80  22.0  272.0
80  63.0  372.0
80  46.0  255.0
80  54.0  410.0
80  7.0  374.0
80  50.0  360.0
80  31.0  459.0
80  64.0  331.0
80  41.0  232.0
80  64.0  350.0
80  47.0  285.0
80  27.0  334.0
90  55.0  381.0
90  50.0  319.0
90  41.0  293.0
90  31.0  317.0
90  30.0  327.0
90  41.0  388.0
90  42.0  477.0
90  91.0  268.0
90  9.0  269.0
90  33.0  417.0
90  91.0  240.0
90  46.0  500.0
90  38.0  362.0
90  63.0  331.0
90  42.0  413.0
90  28.0  510.0
90  64.0  333.0
90  80.0  282.0
90  39.0  389.0
90  51.0  362.0
100  30.0  349.0
100  66.0  374.0
100  63.0  364.0
100  70.0  268.0
100  42.0  321.0
100  75.0  313.0
100  49.0  461.0
100  31.0  441.0
100  49.0  496.0
100  38.0  581.0
100  60.0  361.0
100  63.0  391.0
100  42.0  416.0
100  73.0  342.0
100  31.0  391.0
100  43.0  395.0
100  39.0  243.0
100  28.0  419.0
100  29.0  621.0
100  54.0  412.0
110  67.0  366.0
110  45.0  347.0
110  36.0  594.0
110  55.0  297.0
110  28.0  474.0
110  68.0  362.0
110  37.0  462.0
110  56.0  508.0
110  88.0  250.0
110  65.0  422.0
110  50.0  471.0
110  20.0  365.0
110  48.0  324.0
110  97.0  225.0
110  36.0  421.0
110  53.0  375.0
110  21.0  186.0
110  51.0  284.0
110  81.0  348.0
110  46.0  533.0
120  69.0  432.0
120  89.0  285.0
120  51.0  255.0
120  47.0  289.0
120  76.0  343.0
120  35.0  360.0
120  46.0  350.0
120  54.0  457.0
120  80.0  342.0
120  70.0  412.0
120  58.0  368.0
120  51.0  460.0
120  46.0  150.0
120  84.0  322.0
120  38.0  257.0
120  65.0  398.0
120  76.0  346.0
120  59.0  347.0
120  63.0  395.0
120  66.0  335.0
130  53.0  226.0
130  84.0  346.0
130  43.0  637.0
130  71.0  366.0
130  41.0  337.0
130  56.0  221.0
130  55.0  329.0
130  48.0  410.0
130  79.0  348.0
130  65.0  312.0
130  64.0  483.0
130  51.0  369.0
130  64.0  219.0
130  38.0  511.0
130  36.0  329.0
130  77.0  376.0
130  63.0  348.0
130  37.0  432.0
130  86.0  285.0
130  71.0  345.0
140  22.0  380.0
140  55.0  614.0
140  57.0  307.0
140  86.0  267.0
140  76.0  312.0
140  49.0  297.0
140  78.0  381.0
140  41.0  323.0
140  70.0  450.0
140  44.0  340.0
140  85.0  325.0
140  74.0  385.0
140  44.0  442.0
140  45.0  460.0
140  73.0  315.0
140  31.0  495.0
140  49.0  405.0
140  80.0  275.0
140  86.0  363.0
140  27.0  313.0
150  47.0  513.0
150  53.0  350.0
150  84.0  302.0
150  78.0  436.0
150  71.0  442.0
150  80.0  324.0
150  77.0  354.0
150  79.0  313.0
150  87.0  337.0
150  77.0  380.0
150  43.0  526.0
150  93.0  259.0
150  25.0  434.0
150  83.0  379.0
150  48.0  410.0
150  86.0  398.0
150  92.0  248.0
150  79.0  387.0
150  78.0  416.0
150  54.0  239.0
160  65.0  382.0
160  81.0  393.0
160  31.0  196.0
160  88.0  279.0
160  96.0  250.0
160  70.0  428.0
160  40.0  565.0
160  34.0  303.0
160  72.0  462.0
160  76.0  440.0
160  36.0  357.0
160  73.0  413.0
160  95.0  262.0
160  71.0  465.0
160  37.0  339.0
160  84.0  360.0
160  79.0  343.0
160  76.0  381.0
160  61.0  491.0
160  69.0  375.0
170  81.0  410.0
170  53.0  355.0
170  30.0  196.0
170  85.0  269.0
170  56.0  298.0
170  93.0  306.0
170  75.0  311.0
170  95.0  248.0
170  69.0  436.0
170  79.0  415.0
170  81.0  361.0
170  92.0  271.0
170  97.0  235.0
170  42.0  193.0
170  69.0  319.0
170  59.0  400.0
170  35.0  373.0
170  46.0  407.0
170  75.0  336.0
170  94.0  243.0
180  54.0  431.0
180  70.0  226.0
180  53.0  352.0
180  77.0  310.0
180  94.0  255.0
180  97.0  233.0
180  40.0  339.0
180  38.0  284.0
180  57.0  399.0
180  72.0  453.0
180  56.0  331.0
180  82.0  364.0
180  91.0  250.0
180  65.0  241.0
180  64.0  359.0
180  95.0  270.0
180  74.0  378.0
180  65.0  487.0
180  89.0  340.0
180  67.0  415.0
190  72.0  397.0
190  71.0  431.0
190  50.0  255.0
190  96.0  213.0
190  75.0  438.0
190  97.0  250.0
190  80.0  323.0
190  80.0  351.0
190  86.0  372.0
190  96.0  245.0
190  96.0  243.0
190  67.0  232.0
190  73.0  281.0
190  66.0  371.0
190  89.0  298.0
190  84.0  385.0
190  70.0  300.0
190  96.0  277.0
190  62.0  242.0
190  70.0  366.0
200  97.0  239.0
200  85.0  446.0
200  59.0  424.0
200  91.0  278.0
200  65.0  431.0
200  68.0  581.0
200  76.0  390.0
200  85.0  284.0
200  62.0  404.0
200  64.0  442.0
200  51.0  287.0
200  67.0  299.0
200  94.0  224.0
200  87.0  289.0
200  70.0  708.0
200  70.0  342.0
200  64.0  343.0
200  98.0  221.0
200  93.0  325.0
200  80.0  328.0
