0  82.0  550
1  59.0  680
2  73.0  561
3  67.666666666666671  585
4  86.333333333333329  440
5  81.333333333333329  536
6  75.0  439
7  86.333333333333329  269
8  86.333333333333329  319
9  63.333333333333336  390
10  81.666666666666671  428
11  86.333333333333329  306
12  85.666666666666671  223
13  85.333333333333329  313
14  64.333333333333329  369
15  90.666666666666671  136
16  78.666666666666671  271
17  89.333333333333329  256
18  76.0  188
19  90.666666666666671  180
20  88.333333333333329  230
0  71.0  734
1  71.0  666
2  83.0  400
3  89.333333333333329  368
4  85.0  396
5  81.666666666666671  310
6  83.0  336
7  88.666666666666671  384
8  87.333333333333329  402
9  92.333333333333329  231
10  86.666666666666671  329
11  77.333333333333329  267
12  97.666666666666671  156
13  89.333333333333329  259
14  92.333333333333329  235
15  93.666666666666671  228
16  73.0  325
17  91.0  151
18  81.0  302
19  92.333333333333329  101
20  71.0  193
0  67.666666666666671  632
1  62.666666666666664  512
2  70.333333333333329  552
3  75.0  757
4  86.333333333333329  463
5  90.0  396
6  71.333333333333329  387
7  71.333333333333329  455
8  66.333333333333329  518
9  90.333333333333329  411
10  66.0  339
11  83.666666666666671  322
12  90.333333333333329  335
13  72.666666666666671  267
14  78.666666666666671  297
15  68.0  276
16  82.0  292
17  91.333333333333329  238
18  74.333333333333329  200
19  94.666666666666671  159
20  89.333333333333329  161
0  75.0  487
1  68.333333333333329  610
2  86.666666666666671  485
3  83.666666666666671  406
4  62.333333333333336  505
5  74.666666666666671  509
6  72.0  437
7  72.333333333333329  319
8  81.666666666666671  318
9  90.666666666666671  224
10  93.666666666666671  209
11  90.333333333333329  90
12  86.0  241
13  87.333333333333329  220
14  87.0  310
15  72.333333333333329  526
16  94.0  139
17  84.0  218
18  79.0  358
19  70.0  457
20  82.666666666666671  381
0  81.333333333333329  570
1  78.333333333333329  405
2  75.333333333333329  550
3  63.333333333333336  447
4  84.333333333333329  365
5  68.666666666666671  421
6  79.0  493
7  86.0  470
8  94.0  232
9  82.666666666666671  318
10  66.666666666666671  411
11  69.333333333333329  498
12  89.666666666666671  261
13  93.666666666666671  193
14  78.666666666666671  259
15  82.0  244
16  68.333333333333329  293
17  93.333333333333329  200
18  80.333333333333329  295
19  67.333333333333329  417
20  91.0  180
0  68.666666666666671  633
1  78.0  490
2  82.333333333333329  539
3  78.0  355
4  52.666666666666664  422
5  67.333333333333329  559
6  78.666666666666671  326
7  93.666666666666671  256
8  78.333333333333329  472
9  71.666666666666671  395
10  85.333333333333329  172
11  83.333333333333329  320
12  74.333333333333329  304
13  61.0  659
14  93.333333333333329  256
15  76.666666666666671  222
16  97.666666666666671  16
17  84.333333333333329  260
18  82.333333333333329  324
19  86.333333333333329  266
20  88.0  325
0  84.0  511
1  66.666666666666671  670
2  76.666666666666671  434
3  64.666666666666671  575
4  66.0  559
5  87.666666666666671  352
6  80.333333333333329  313
7  83.333333333333329  396
8  87.666666666666671  342
9  75.666666666666671  421
10  87.333333333333329  392
11  79.666666666666671  328
12  65.666666666666671  366
13  89.0  263
14  87.333333333333329  253
15  84.0  281
16  73.0  305
17  77.0  281
18  81.0  323
19  94.666666666666671  161
20  97.666666666666671  26
0  60.666666666666664  624
1  78.0  504
2  65.0  815
3  80.666666666666671  333
4  80.0  424
5  78.666666666666671  449
6  80.333333333333329  492
7  66.333333333333329  524
8  88.333333333333329  396
9  92.0  218
10  66.333333333333329  450
11  69.0  200
12  65.333333333333329  483
13  91.666666666666671  170
14  85.333333333333329  307
15  77.666666666666671  401
16  79.0  377
17  94.666666666666671  95
18  92.666666666666671  97
19  91.333333333333329  177
20  98.0  47
0  41.0  816
1  71.0  454
2  86.333333333333329  471
3  78.333333333333329  452
4  82.0  343
5  82.666666666666671  391
6  47.666666666666664  688
7  69.666666666666671  259
8  82.333333333333329  356
9  80.333333333333329  290
10  81.333333333333329  202
11  89.666666666666671  168
12  91.333333333333329  281
13  98.0  55
14  92.0  236
15  79.333333333333329  272
16  92.333333333333329  222
17  74.0  354
18  81.0  246
19  96.333333333333329  82
20  98.0  38
0  82.666666666666671  494
1  74.666666666666671  528
2  89.666666666666671  420
3  74.0  503
4  71.333333333333329  547
5  68.666666666666671  269
6  80.666666666666671  362
7  77.666666666666671  447
8  62.666666666666664  416
9  76.333333333333329  241
10  89.333333333333329  252
11  92.666666666666671  201
12  72.666666666666671  289
13  85.0  289
14  97.666666666666671  70
15  74.0  347
16  96.666666666666671  149
17  84.666666666666671  329
18  85.333333333333329  261
19  91.0  83
20  85.666666666666671  177
0  75.0  566
1  81.0  517
2  75.666666666666671  498
3  81.666666666666671  418
4  83.333333333333329  479
5  80.333333333333329  292
6  77.0  512
7  79.0  267
8  83.0  320
9  70.333333333333329  361
10  89.0  248
11  83.333333333333329  335
12  80.666666666666671  277
13  92.0  209
14  74.666666666666671  329
15  87.333333333333329  250
16  87.333333333333329  189
17  91.0  218
18  87.666666666666671  91
19  93.0  106
20  89.0  122
0  81.0  646
1  81.666666666666671  513
2  78.0  415
3  80.666666666666671  407
4  61.333333333333336  508
5  73.333333333333329  528
6  78.666666666666671  411
7  89.0  324
8  86.666666666666671  326
9  67.0  513
10  78.0  354
11  74.666666666666671  338
12  93.0  176
13  75.666666666666671  212
14  75.333333333333329  415
15  70.333333333333329  289
16  90.666666666666671  268
17  90.333333333333329  150
18  93.666666666666671  182
19  76.333333333333329  119
20  84.0  273
0  68.666666666666671  669
1  75.666666666666671  612
2  57.666666666666664  295
3  46.666666666666664  572
4  77.666666666666671  368
5  81.333333333333329  395
6  73.333333333333329  394
7  76.333333333333329  314
8  89.666666666666671  301
9  85.666666666666671  336
10  72.0  483
11  98.0  74
12  74.666666666666671  385
13  91.0  345
14  85.0  226
15  93.0  117
16  80.666666666666671  405
17  94.333333333333329  109
18  88.333333333333329  253
19  91.0  235
20  88.0  240
0  54.333333333333336  577
1  83.333333333333329  460
2  53.333333333333336  473
3  81.333333333333329  473
4  94.666666666666671  240
5  78.0  314
6  82.333333333333329  351
7  87.0  78
8  83.333333333333329  374
9  88.0  235
10  72.333333333333329  304
11  67.0  521
12  63.666666666666664  546
13  83.666666666666671  362
14  80.0  255
15  71.0  385
16  91.666666666666671  148
17  78.666666666666671  338
18  94.0  203
19  79.333333333333329  165
20  89.333333333333329  178
0  63.666666666666664  769
1  87.333333333333329  478
2  68.0  573
3  91.666666666666671  361
4  77.0  273
5  93.666666666666671  201
6  68.666666666666671  499
7  82.666666666666671  422
8  77.333333333333329  490
9  86.333333333333329  407
10  65.0  585
11  84.666666666666671  321
12  81.333333333333329  313
13  86.666666666666671  264
14  81.0  165
15  83.0  309
16  89.333333333333329  122
17  95.666666666666671  63
18  84.0  255
19  88.666666666666671  79
20  82.666666666666671  240
0  83.333333333333329  449
1  69.333333333333329  581
2  76.333333333333329  529
3  65.0  424
4  59.666666666666664  635
5  92.0  294
6  68.0  386
7  93.666666666666671  182
8  80.0  407
9  83.0  436
10  82.333333333333329  366
11  77.666666666666671  386
12  91.0  204
13  77.666666666666671  341
14  94.333333333333329  166
15  82.666666666666671  198
16  85.666666666666671  266
17  72.666666666666671  276
18  89.333333333333329  282
19  85.333333333333329  227
20  87.666666666666671  184
0  53.0  666
1  37.0  737
2  67.666666666666671  548
3  65.0  605
4  81.0  387
6  64.666666666666671  486
7  78.0  389
8  72.0  463
9  73.666666666666671  360
10  98.0  70
11  89.333333333333329  244
12  75.333333333333329  407
13  87.333333333333329  195
14  95.0  122
15  96.333333333333329  84
16  74.666666666666671  375
17  92.666666666666671  128
18  95.0  159
19  92.333333333333329  155
20  95.0  78
0  77.0  511
1  84.666666666666671  460
2  68.0  566
3  87.333333333333329  465
4  88.333333333333329  298
5  78.666666666666671  433
6  76.333333333333329  273
7  80.0  353
8  82.0  386
9  92.666666666666671  344
10  79.666666666666671  284
11  73.333333333333329  309
12  71.666666666666671  374
13  72.333333333333329  326
14  76.0  246
15  92.666666666666671  153
16  82.666666666666671  265
17  64.333333333333329  395
18  86.666666666666671  271
19  75.666666666666671  384
20  77.666666666666671  302
0  79.666666666666671  499
1  65.666666666666671  549
2  73.666666666666671  528
3  78.333333333333329  421
4  72.666666666666671  397
5  86.666666666666671  244
6  75.0  399
7  95.0  274
8  45.333333333333336  450
9  72.0  388
10  94.666666666666671  241
11  86.666666666666671  362
12  90.333333333333329  289
13  80.0  335
14  92.666666666666671  208
15  89.666666666666671  220
16  92.666666666666671  92
17  67.333333333333329  279
18  77.0  280
19  87.333333333333329  242
20  91.666666666666671  147
0  54.333333333333336  744
1  71.666666666666671  674
2  47.0  723
3  81.666666666666671  400
4  84.333333333333329  396
5  77.333333333333329  385
6  78.333333333333329  510
7  76.333333333333329  317
8  93.666666666666671  261
9  94.666666666666671  182
10  78.666666666666671  310
11  78.0  282
12  86.666666666666671  358
13  81.0  301
14  75.666666666666671  435
15  73.666666666666671  327
16  83.333333333333329  288
17  96.0  111
18  90.333333333333329  228
19  86.0  332
20  77.666666666666671  316
0  85.0  517
1  58.0  595
2  63.666666666666664  562
3  85.0  465
4  73.666666666666671  485
5  64.0  584
6  71.666666666666671  431
7  78.333333333333329  485
8  85.666666666666671  278
9  75.333333333333329  340
10  91.666666666666671  178
11  81.0  354
12  87.0  210
13  96.666666666666671  172
14  88.0  216
15  88.333333333333329  240
16  83.333333333333329  273
17  71.666666666666671  271
18  89.0  150
19  73.666666666666671  296
20  89.333333333333329  123
0  49.0  533
1  66.0  581
2  91.333333333333329  338
3  47.666666666666664  554
4  76.333333333333329  657
5  94.666666666666671  266
6  72.0  634
7  76.666666666666671  392
8  82.0  431
9  58.666666666666664  414
10  82.666666666666671  246
11  78.0  387
12  71.0  423
13  80.666666666666671  409
14  89.666666666666671  249
15  72.0  225
16  76.333333333333329  219
17  86.666666666666671  448
18  89.0  207
19  92.666666666666671  126
20  95.0  102
0  78.666666666666671  545
1  87.0  483
2  65.0  539
3  85.666666666666671  489
4  65.0  587
5  85.333333333333329  309
6  67.0  733
7  85.333333333333329  329
8  77.666666666666671  332
9  58.666666666666664  531
10  88.666666666666671  303
11  76.0  453
12  78.0  393
13  69.666666666666671  345
14  86.0  137
15  74.333333333333329  340
16  68.333333333333329  200
17  89.0  117
18  84.333333333333329  238
19  94.0  139
20  84.0  257
0  74.0  648
1  73.0  592
2  75.666666666666671  379
3  84.0  491
4  85.333333333333329  287
5  89.0  401
6  92.333333333333329  248
7  98.0  307
8  87.666666666666671  249
9  72.666666666666671  472
10  89.333333333333329  284
11  86.666666666666671  290
12  72.0  278
13  90.333333333333329  224
14  89.666666666666671  240
15  87.333333333333329  161
16  86.666666666666671  285
17  91.0  230
18  97.666666666666671  116
19  88.333333333333329  260
20  82.666666666666671  277
0  80.666666666666671  464
1  76.666666666666671  597
2  73.0  395
3  69.0  499
4  69.333333333333329  665
5  66.0  397
6  95.0  137
7  62.666666666666664  540
8  79.0  295
9  85.0  188
10  86.333333333333329  413
11  82.666666666666671  398
12  83.333333333333329  309
13  70.333333333333329  327
14  97.333333333333329  70
15  82.333333333333329  369
16  77.0  319
17  80.333333333333329  247
18  83.666666666666671  258
19  86.666666666666671  225
20  79.333333333333329  310
0  77.666666666666671  647
1  71.0  701
2  87.333333333333329  442
3  69.333333333333329  389
4  71.333333333333329  578
5  75.666666666666671  412
6  82.333333333333329  344
7  92.666666666666671  248
8  81.333333333333329  344
9  76.0  478
10  78.0  300
11  83.666666666666671  343
12  83.0  261
13  80.666666666666671  208
14  74.333333333333329  360
15  92.333333333333329  270
16  83.666666666666671  228
17  83.333333333333329  166
18  90.0  147
19  95.333333333333329  135
20  98.0  46
0  67.333333333333329  728
1  84.0  546
2  83.666666666666671  481
3  67.0  514
4  88.0  478
5  85.666666666666671  341
6  69.666666666666671  533
7  87.0  326
8  95.0  212
9  62.333333333333336  438
10  79.0  502
11  76.666666666666671  267
12  84.666666666666671  283
13  79.666666666666671  417
14  97.333333333333329  90
15  85.666666666666671  186
16  88.0  178
17  87.666666666666671  264
18  93.333333333333329  193
19  69.666666666666671  182
20  92.666666666666671  215
0  69.666666666666671  667
1  78.666666666666671  490
2  79.0  445
3  85.333333333333329  470
4  93.0  185
5  85.333333333333329  469
6  64.666666666666671  521
7  88.666666666666671  423
8  80.666666666666671  410
9  89.333333333333329  268
10  88.666666666666671  387
11  82.666666666666671  251
12  75.666666666666671  148
13  79.666666666666671  383
14  68.0  435
15  93.333333333333329  202
16  74.666666666666671  416
17  74.333333333333329  291
18  70.666666666666671  339
19  92.666666666666671  274
20  78.666666666666671  287
0  53.666666666666664  729
1  75.0  627
2  82.0  458
3  73.0  386
4  77.666666666666671  419
5  80.333333333333329  427
6  92.0  275
7  88.333333333333329  296
8  77.0  364
9  70.0  394
10  81.0  206
11  87.666666666666671  219
12  93.333333333333329  181
13  71.666666666666671  271
14  72.0  308
15  76.0  294
16  93.333333333333329  242
17  96.333333333333329  183
18  94.0  148
19  86.666666666666671  200
20  80.666666666666671  203
0  83.333333333333329  580
1  78.0  451
2  68.666666666666671  514
3  92.0  410
4  70.666666666666671  476
5  94.666666666666671  226
6  84.666666666666671  329
7  78.333333333333329  362
8  83.666666666666671  270
9  94.0  112
10  70.0  333
11  67.333333333333329  425
12  74.0  487
13  81.0  291
14  78.333333333333329  438
15  73.666666666666671  235
16  95.666666666666671  97
17  93.666666666666671  129
18  90.0  211
19  80.0  284
20  76.0  246
0  81.666666666666671  560
1  59.666666666666664  643
2  68.0  538
3  46.666666666666664  629
4  86.666666666666671  258
5  76.333333333333329  555
6  50.666666666666664  528
7  83.333333333333329  290
8  86.0  250
9  68.666666666666671  347
10  81.333333333333329  233
11  81.333333333333329  440
12  77.0  272
13  85.333333333333329  384
14  56.666666666666664  359
15  88.333333333333329  155
16  96.333333333333329  185
17  96.333333333333329  162
18  97.333333333333329  102
19  93.0  165
20  76.666666666666671  195
0  68.333333333333329  750
1  70.666666666666671  712
2  83.0  496
3  79.666666666666671  432
4  73.333333333333329  538
5  92.333333333333329  384
6  78.666666666666671  439
7  76.333333333333329  468
8  81.333333333333329  426
9  82.0  380
10  90.333333333333329  177
11  93.666666666666671  181
12  94.333333333333329  149
13  84.666666666666671  282
14  83.666666666666671  140
15  87.666666666666671  195
16  96.0  228
17  77.333333333333329  301
18  84.666666666666671  387
19  86.0  318
20  75.0  274
0  65.333333333333329  576
1  85.0  498
2  81.666666666666671  466
3  72.333333333333329  423
4  69.0  460
5  75.666666666666671  415
6  73.333333333333329  423
7  63.666666666666664  635
8  73.333333333333329  425
9  77.333333333333329  410
10  76.666666666666671  362
11  79.333333333333329  434
12  97.333333333333329  147
13  77.333333333333329  330
14  98.0  85
15  83.0  301
16  95.333333333333329  125
17  98.0  61
18  84.666666666666671  261
19  93.0  164
20  95.666666666666671  123
0  82.666666666666671  583
1  71.0  580
2  86.666666666666671  502
3  65.666666666666671  686
4  72.333333333333329  347
5  71.333333333333329  408
6  65.0  577
7  83.0  322
8  91.666666666666671  187
9  88.333333333333329  409
10  60.666666666666664  481
11  78.666666666666671  351
12  87.333333333333329  361
13  90.0  253
14  85.333333333333329  418
15  66.666666666666671  197
16  93.666666666666671  160
17  83.666666666666671  212
18  78.666666666666671  409
19  92.0  140
20  92.333333333333329  101
0  67.0  605
1  49.666666666666664  675
2  86.0  366
3  78.0  577
4  81.333333333333329  495
5  71.666666666666671  647
6  82.666666666666671  415
7  78.666666666666671  396
8  83.666666666666671  324
9  91.333333333333329  203
10  81.666666666666671  378
11  96.0  192
12  89.333333333333329  309
13  80.666666666666671  364
14  86.0  227
15  85.333333333333329  279
16  76.333333333333329  202
17  85.666666666666671  281
18  76.333333333333329  317
19  73.333333333333329  324
20  86.0  247
0  90.666666666666671  422
1  80.333333333333329  434
2  72.666666666666671  463
3  73.0  373
4  68.333333333333329  262
5  87.333333333333329  437
6  71.0  559
7  84.666666666666671  290
8  70.666666666666671  353
9  91.666666666666671  205
10  92.333333333333329  209
11  80.333333333333329  373
12  85.666666666666671  222
13  73.0  273
14  97.0  132
15  59.0  410
16  94.666666666666671  116
17  95.333333333333329  118
18  90.666666666666671  202
19  82.0  255
20  84.666666666666671  101
0  74.666666666666671  602
1  73.333333333333329  738
2  74.0  532
3  84.333333333333329  486
4  81.0  417
5  66.333333333333329  460
6  73.0  520
7  78.333333333333329  397
8  82.666666666666671  426
9  82.0  223
10  96.666666666666671  177
11  81.666666666666671  330
12  66.666666666666671  428
13  71.0  387
14  87.0  217
15  88.333333333333329  321
16  88.0  257
17  87.666666666666671  180
18  86.333333333333329  229
19  86.666666666666671  254
20  81.0  194
0  80.0  522
1  66.666666666666671  501
2  66.333333333333329  357
3  83.333333333333329  555
4  83.0  312
5  87.666666666666671  365
6  84.0  469
7  75.0  344
8  76.333333333333329  436
9  76.333333333333329  435
10  91.0  295
11  93.0  134
12  86.0  351
13  92.333333333333329  246
14  80.0  282
15  74.0  335
16  87.333333333333329  207
17  84.666666666666671  272
18  65.666666666666671  333
19  94.0  138
20  85.666666666666671  181
0  83.666666666666671  531
1  75.333333333333329  492
2  71.0  402
3  75.666666666666671  646
4  72.0  213
5  66.0  512
6  89.0  373
7  86.0  331
8  82.0  323
9  82.333333333333329  287
10  81.0  303
11  84.666666666666671  288
12  90.333333333333329  433
13  85.0  236
14  79.0  297
15  70.333333333333329  325
16  89.666666666666671  359
17  97.333333333333329  31
18  66.0  368
19  97.666666666666671  37
20  85.333333333333329  273
0  67.0  671
1  72.0  545
2  78.0  511
3  63.666666666666664  493
4  70.666666666666671  566
5  81.333333333333329  356
6  89.333333333333329  287
7  62.0  587
8  90.0  188
9  90.0  216
10  81.666666666666671  293
11  90.333333333333329  261
12  78.666666666666671  278
13  88.0  269
14  92.0  177
15  76.0  354
16  74.333333333333329  333
17  88.333333333333329  221
18  85.333333333333329  270
19  75.333333333333329  357
20  83.666666666666671  261
0  47.0  665
1  83.666666666666671  376
2  74.0  531
3  74.333333333333329  452
4  84.0  573
5  73.333333333333329  495
6  82.666666666666671  496
7  90.333333333333329  342
8  88.666666666666671  252
9  86.0  327
10  67.333333333333329  363
11  73.0  286
12  90.0  340
13  76.333333333333329  429
14  88.666666666666671  283
15  85.666666666666671  375
16  93.666666666666671  257
17  92.0  102
18  85.666666666666671  270
19  89.0  276
20  94.666666666666671  120
0  58.666666666666664  744
1  63.333333333333336  442
2  77.333333333333329  406
3  81.333333333333329  482
4  81.666666666666671  349
5  85.0  458
6  84.0  405
7  85.333333333333329  233
8  83.666666666666671  453
9  85.0  326
10  76.333333333333329  240
11  81.0  344
12  74.0  398
13  93.333333333333329  175
14  77.333333333333329  431
15  78.0  142
16  83.666666666666671  319
17  72.0  411
18  86.0  284
19  88.333333333333329  246
20  84.333333333333329  122
0  67.333333333333329  686
1  80.0  540
2  74.333333333333329  545
3  58.666666666666664  764
4  82.0  385
5  66.666666666666671  354
6  92.666666666666671  250
7  68.666666666666671  450
8  76.0  571
9  93.666666666666671  284
10  69.0  489
11  73.0  309
12  91.666666666666671  265
13  91.666666666666671  208
14  72.333333333333329  330
15  93.666666666666671  127
16  88.333333333333329  372
17  78.666666666666671  333
18  80.0  404
19  95.0  119
20  98.0  46
0  68.666666666666671  503
1  66.666666666666671  473
2  86.666666666666671  488
3  90.666666666666671  268
4  80.0  448
5  80.0  277
6  83.0  329
7  71.0  546
8  87.666666666666671  205
9  85.333333333333329  380
10  90.666666666666671  268
11  95.666666666666671  198
12  77.666666666666671  270
13  75.666666666666671  371
14  72.0  315
15  68.0  341
16  93.333333333333329  133
17  97.666666666666671  20
18  83.0  223
19  86.0  172
20  89.0  100
0  68.0  658
1  56.666666666666664  670
2  71.333333333333329  662
3  60.333333333333336  436
4  59.333333333333336  605
5  72.0  369
6  84.666666666666671  315
7  73.666666666666671  355
8  83.0  303
9  76.333333333333329  446
10  91.0  293
11  66.333333333333329  406
12  80.0  288
13  67.0  312
14  83.666666666666671  271
15  84.666666666666671  294
16  71.333333333333329  274
17  83.0  220
18  78.666666666666671  160
19  89.666666666666671  261
20  67.333333333333329  199
0  61.666666666666664  675
1  81.333333333333329  407
2  66.333333333333329  446
3  68.333333333333329  452
4  58.333333333333336  568
5  76.666666666666671  540
6  68.666666666666671  341
7  78.0  231
8  73.666666666666671  471
9  80.333333333333329  153
10  76.333333333333329  345
11  75.666666666666671  430
12  62.0  435
13  89.333333333333329  269
14  95.666666666666671  133
15  82.0  366
16  97.666666666666671  79
17  85.666666666666671  334
18  97.0  82
19  73.666666666666671  381
20  80.0  229
0  81.0  550
1  73.333333333333329  605
2  74.333333333333329  420
3  83.666666666666671  394
4  73.666666666666671  353
5  74.0  434
6  75.666666666666671  336
7  98.0  156
8  70.0  501
9  79.0  396
10  91.0  341
11  71.333333333333329  369
12  81.666666666666671  367
13  93.333333333333329  152
14  82.0  302
15  88.0  208
16  77.0  312
17  87.0  283
18  91.666666666666671  148
19  76.0  270
20  91.333333333333329  235
0  71.0  515
1  87.333333333333329  498
2  80.333333333333329  453
3  68.666666666666671  615
4  72.666666666666671  377
5  85.333333333333329  360
6  80.333333333333329  474
7  84.666666666666671  360
8  71.0  485
9  92.333333333333329  237
10  92.0  219
11  75.333333333333329  335
12  73.0  375
13  86.333333333333329  207
14  79.0  183
15  61.333333333333336  502
16  96.666666666666671  109
17  91.0  191
18  95.666666666666671  52
19  89.0  250
20  74.0  227
0  53.333333333333336  636
1  71.0  576
2  78.0  559
3  78.333333333333329  484
4  86.0  391
5  87.333333333333329  328
6  90.666666666666671  270
7  77.666666666666671  434
8  40.0  478
9  79.0  306
10  82.0  282
11  77.666666666666671  415
12  82.0  333
13  84.333333333333329  277
14  89.0  302
15  88.0  262
16  82.333333333333329  270
17  90.0  290
18  87.0  285
19  90.333333333333329  181
20  81.666666666666671  209
0  72.0  693
1  79.666666666666671  591
2  65.333333333333329  614
3  67.333333333333329  522
4  77.333333333333329  457
5  63.666666666666664  552
6  79.0  642
7  67.0  361
8  90.333333333333329  332
9  87.333333333333329  208
10  80.333333333333329  402
11  94.666666666666671  176
12  91.0  200
13  82.666666666666671  333
14  87.333333333333329  190
15  95.0  105
16  85.0  311
17  86.333333333333329  184
18  96.0  15
19  87.333333333333329  179
20  74.333333333333329  424
0  64.333333333333329  774
1  78.333333333333329  469
2  64.333333333333329  447
3  70.666666666666671  410
4  91.333333333333329  283
5  79.666666666666671  396
6  69.333333333333329  330
7  79.333333333333329  318
8  77.333333333333329  361
9  83.666666666666671  252
10  78.0  305
11  84.0  269
12  68.666666666666671  510
13  91.666666666666671  155
14  91.0  131
15  78.333333333333329  423
16  90.333333333333329  208
17  97.333333333333329  114
18  78.666666666666671  276
19  88.0  199
20  90.0  239
0  79.0  498
1  53.0  580
2  83.666666666666671  566
3  73.333333333333329  385
4  82.666666666666671  488
5  82.0  392
6  64.666666666666671  490
7  88.333333333333329  264
8  81.0  353
9  82.333333333333329  393
10  96.333333333333329  135
11  80.0  341
12  76.666666666666671  276
13  73.333333333333329  511
14  87.666666666666671  344
15  62.0  390
16  62.333333333333336  354
17  89.333333333333329  119
18  86.0  216
19  92.666666666666671  194
20  80.666666666666671  304
0  57.333333333333336  679
1  71.666666666666671  555
2  84.666666666666671  564
3  80.0  515
4  76.666666666666671  374
5  58.0  520
6  82.333333333333329  349
7  78.333333333333329  220
8  80.333333333333329  409
9  91.0  132
10  68.666666666666671  307
11  89.0  196
12  87.333333333333329  370
13  96.0  151
14  90.0  223
15  80.666666666666671  331
16  81.0  340
17  91.333333333333329  257
18  82.0  379
19  84.666666666666671  164
20  91.333333333333329  142
0  65.333333333333329  534
1  56.333333333333336  672
2  56.666666666666664  554
3  78.0  486
4  67.666666666666671  486
5  55.666666666666664  458
6  84.333333333333329  146
7  73.333333333333329  535
8  52.666666666666664  570
9  73.0  264
10  82.0  343
11  80.333333333333329  254
12  93.333333333333329  215
13  76.333333333333329  303
14  83.333333333333329  201
15  89.0  311
16  90.0  166
17  90.0  125
18  97.333333333333329  49
19  97.666666666666671  86
20  92.333333333333329  204
0  60.0  522
1  85.333333333333329  421
2  82.666666666666671  420
3  72.666666666666671  463
4  86.333333333333329  439
5  77.0  472
6  78.0  456
7  78.666666666666671  533
8  91.0  144
9  87.666666666666671  141
10  85.333333333333329  395
11  79.333333333333329  306
12  77.333333333333329  161
13  88.333333333333329  238
14  65.333333333333329  552
15  95.0  187
16  68.0  371
17  70.666666666666671  217
18  78.0  163
19  91.333333333333329  109
20  94.0  164
0  73.333333333333329  629
1  78.666666666666671  459
2  85.666666666666671  335
3  85.666666666666671  310
4  85.0  401
5  55.333333333333336  543
6  86.333333333333329  415
7  63.333333333333336  420
8  72.0  242
9  88.666666666666671  342
10  88.333333333333329  255
11  86.0  385
12  87.0  260
13  81.666666666666671  286
14  90.666666666666671  115
15  90.666666666666671  213
16  78.666666666666671  167
17  82.0  231
18  75.333333333333329  191
19  83.666666666666671  239
20  81.0  334
0  74.666666666666671  517
1  43.666666666666664  647
2  69.333333333333329  509
3  70.333333333333329  557
4  52.333333333333336  563
5  84.0  322
6  78.0  440
7  74.0  498
8  93.333333333333329  239
9  82.666666666666671  356
10  83.333333333333329  446
11  72.333333333333329  384
12  72.0  300
13  71.0  228
14  96.0  114
15  79.666666666666671  303
16  83.333333333333329  214
17  75.0  313
18  74.666666666666671  413
19  71.333333333333329  327
20  98.0  94
0  80.0  464
1  89.333333333333329  444
2  80.0  569
3  64.0  573
4  84.666666666666671  372
5  75.666666666666671  437
6  74.333333333333329  342
7  79.333333333333329  397
8  91.333333333333329  174
9  72.666666666666671  451
10  87.333333333333329  315
11  85.0  314
12  89.666666666666671  304
13  87.666666666666671  217
14  95.333333333333329  176
15  95.666666666666671  190
16  68.666666666666671  270
17  82.0  273
18  89.666666666666671  272
19  84.0  282
20  86.0  284
0  50.666666666666664  563
1  77.0  485
2  72.666666666666671  495
3  66.0  545
4  83.0  544
5  87.0  392
6  95.666666666666671  247
7  59.666666666666664  484
8  69.666666666666671  193
9  84.0  317
10  85.333333333333329  275
11  81.666666666666671  287
12  93.666666666666671  202
13  94.0  176
14  89.333333333333329  280
15  94.666666666666671  115
16  94.666666666666671  150
17  89.333333333333329  227
18  92.666666666666671  119
19  93.0  204
20  81.333333333333329  252
0  76.666666666666671  607
1  47.333333333333336  609
2  77.333333333333329  470
3  84.0  400
4  85.666666666666671  447
5  83.333333333333329  350
6  82.666666666666671  281
7  65.666666666666671  703
8  94.0  229
9  76.333333333333329  527
10  80.666666666666671  404
11  82.333333333333329  267
12  78.333333333333329  402
13  93.666666666666671  141
14  81.333333333333329  406
15  91.333333333333329  294
16  82.333333333333329  284
17  76.333333333333329  211
18  81.333333333333329  161
19  88.0  246
20  82.0  459
0  61.0  640
1  74.666666666666671  470
2  74.666666666666671  429
3  80.333333333333329  409
4  69.666666666666671  498
5  65.333333333333329  459
6  47.0  523
7  88.666666666666671  312
8  77.0  449
9  83.333333333333329  326
10  89.0  255
11  62.333333333333336  630
12  75.333333333333329  493
13  90.333333333333329  278
14  75.0  313
15  94.666666666666671  277
16  85.666666666666671  201
17  93.0  163
18  75.666666666666671  243
19  77.333333333333329  253
20  87.666666666666671  175
0  68.0  575
1  73.666666666666671  570
2  83.666666666666671  377
3  69.333333333333329  662
4  75.333333333333329  436
5  80.333333333333329  365
6  78.0  413
7  89.666666666666671  274
8  47.666666666666664  507
9  93.0  333
10  85.666666666666671  421
11  77.0  214
12  94.666666666666671  122
13  93.0  244
14  94.0  75
15  79.333333333333329  379
16  75.666666666666671  456
17  75.0  241
18  92.666666666666671  143
19  94.333333333333329  181
20  95.666666666666671  117
0  55.0  507
1  54.333333333333336  540
2  65.0  608
3  54.0  660
4  75.666666666666671  505
5  59.666666666666664  304
6  79.0  446
7  80.666666666666671  342
8  79.666666666666671  235
9  77.0  343
10  79.333333333333329  313
11  87.333333333333329  345
12  91.666666666666671  285
13  73.333333333333329  271
14  90.333333333333329  227
15  88.666666666666671  214
16  77.0  128
17  96.0  74
18  88.333333333333329  227
19  93.333333333333329  201
20  96.0  89
0  78.333333333333329  492
1  46.333333333333336  560
2  78.0  423
3  91.666666666666671  343
4  79.0  467
5  59.0  423
6  80.666666666666671  445
7  88.0  307
8  80.666666666666671  505
9  74.0  404
10  79.666666666666671  321
11  82.666666666666671  337
12  81.0  355
13  94.666666666666671  183
14  93.333333333333329  107
15  86.666666666666671  255
16  78.333333333333329  219
17  88.0  181
18  82.666666666666671  263
19  91.333333333333329  256
20  96.0  68
0  84.666666666666671  588
1  79.666666666666671  526
2  88.0  524
3  54.0  354
4  83.333333333333329  392
5  59.666666666666664  623
6  93.333333333333329  270
7  87.666666666666671  337
8  85.666666666666671  276
9  83.0  272
10  91.0  321
11  97.0  97
12  89.333333333333329  323
13  88.333333333333329  237
14  85.333333333333329  309
15  97.666666666666671  54
16  83.333333333333329  113
17  84.0  294
18  68.666666666666671  251
19  89.666666666666671  210
20  93.0  174
0  64.666666666666671  460
1  42.333333333333336  602
2  84.0  362
3  75.0  621
4  65.333333333333329  396
5  66.0  563
6  89.0  171
7  91.333333333333329  241
8  78.666666666666671  445
9  86.0  279
10  77.0  456
11  83.333333333333329  408
12  88.333333333333329  258
13  75.333333333333329  333
14  86.0  272
15  63.0  424
16  75.333333333333329  231
17  90.333333333333329  199
18  58.333333333333336  322
19  85.666666666666671  247
20  82.666666666666671  216
0  88.666666666666671  490
1  54.0  604
2  83.0  403
3  55.666666666666664  523
4  88.333333333333329  472
5  66.0  491
6  81.333333333333329  233
7  83.0  339
8  70.0  332
9  80.333333333333329  380
10  77.333333333333329  327
11  81.333333333333329  285
12  92.333333333333329  245
13  79.333333333333329  402
14  87.333333333333329  219
15  72.333333333333329  394
16  73.0  422
17  81.666666666666671  322
18  94.333333333333329  153
19  86.0  257
20  97.0  56
0  76.0  520
1  88.0  510
2  81.333333333333329  439
3  78.0  348
4  70.0  504
5  89.666666666666671  361
6  87.333333333333329  304
7  92.333333333333329  320
8  78.333333333333329  423
9  90.0  190
10  92.333333333333329  241
11  90.666666666666671  201
12  84.333333333333329  310
13  87.0  265
14  88.0  190
15  80.333333333333329  219
16  88.0  250
17  95.333333333333329  113
18  86.333333333333329  291
19  98.0  25
20  92.333333333333329  144
0  72.666666666666671  520
1  61.0  604
2  86.0  450
3  72.333333333333329  578
4  75.666666666666671  490
5  80.333333333333329  539
6  74.333333333333329  454
7  72.0  370
8  89.333333333333329  255
9  77.666666666666671  523
10  89.0  255
11  67.333333333333329  255
12  90.0  251
13  73.666666666666671  549
14  77.666666666666671  196
15  91.666666666666671  196
16  54.0  397
17  94.0  211
18  90.0  202
19  90.333333333333329  196
20  68.0  266
0  67.333333333333329  663
1  58.666666666666664  671
2  85.0  395
3  77.0  514
4  87.0  385
5  93.666666666666671  259
6  74.0  358
7  83.0  371
8  69.0  486
9  74.0  393
10  74.333333333333329  426
11  49.333333333333336  438
12  95.666666666666671  125
13  91.333333333333329  297
14  88.0  248
15  70.333333333333329  388
16  90.0  163
17  81.0  283
18  87.333333333333329  256
19  88.333333333333329  255
20  89.666666666666671  163
0  85.0  500
1  69.666666666666671  682
2  89.0  423
3  52.0  447
4  71.0  254
6  82.666666666666671  421
7  90.0  362
8  89.333333333333329  318
9  74.333333333333329  427
10  75.0  456
11  91.0  100
12  92.666666666666671  190
13  75.0  381
14  78.333333333333329  177
15  82.0  134
16  78.666666666666671  253
17  92.666666666666671  34
18  82.666666666666671  239
19  88.666666666666671  216
20  87.666666666666671  121
0  72.666666666666671  633
1  58.333333333333336  519
2  57.0  749
3  86.0  489
4  78.666666666666671  433
5  79.666666666666671  574
6  84.666666666666671  348
7  85.666666666666671  122
8  94.333333333333329  138
9  86.333333333333329  389
10  79.666666666666671  379
11  78.333333333333329  271
12  93.333333333333329  184
13  80.666666666666671  322
14  97.666666666666671  88
15  84.0  416
16  88.0  146
17  79.0  235
18  96.666666666666671  116
19  91.666666666666671  236
20  70.666666666666671  161
0  57.333333333333336  543
1  81.0  417
2  87.333333333333329  479
3  92.0  449
4  81.0  468
5  85.333333333333329  461
6  72.666666666666671  532
7  90.0  248
8  73.333333333333329  407
9  90.333333333333329  294
10  83.666666666666671  349
11  78.333333333333329  243
12  88.666666666666671  212
13  85.0  223
14  83.333333333333329  299
15  83.0  222
16  71.0  230
17  92.666666666666671  211
18  94.333333333333329  110
19  78.0  453
20  74.333333333333329  214
0  61.333333333333336  643
1  59.666666666666664  598
2  74.666666666666671  583
3  77.666666666666671  577
4  75.666666666666671  585
5  81.333333333333329  459
6  78.666666666666671  316
7  81.666666666666671  325
8  70.333333333333329  244
9  79.333333333333329  542
10  93.0  226
11  79.333333333333329  322
12  89.666666666666671  229
13  63.333333333333336  432
14  83.333333333333329  433
15  86.333333333333329  222
16  73.666666666666671  259
17  92.333333333333329  324
18  88.0  264
19  92.666666666666671  178
20  87.333333333333329  172
0  74.666666666666671  651
1  88.666666666666671  546
2  76.0  612
3  67.666666666666671  389
4  48.666666666666664  669
5  83.666666666666671  251
6  82.0  373
7  89.666666666666671  271
8  83.666666666666671  482
9  93.333333333333329  263
10  91.0  185
11  71.0  313
12  87.0  354
13  80.333333333333329  262
14  90.666666666666671  218
15  80.0  218
16  76.666666666666671  272
17  78.0  272
18  67.333333333333329  414
19  92.333333333333329  96
20  80.333333333333329  304
0  60.666666666666664  607
1  68.0  442
2  92.0  361
3  75.333333333333329  680
4  83.666666666666671  493
5  76.333333333333329  484
6  95.666666666666671  192
7  74.333333333333329  493
8  68.0  559
9  75.333333333333329  340
10  89.666666666666671  193
11  79.666666666666671  327
12  80.666666666666671  308
13  85.333333333333329  272
14  66.333333333333329  491
15  73.666666666666671  310
16  91.666666666666671  106
17  83.666666666666671  250
18  86.333333333333329  223
19  91.666666666666671  197
20  90.666666666666671  112
0  59.333333333333336  594
1  71.0  566
2  78.0  292
3  53.333333333333336  623
4  90.666666666666671  450
5  62.0  448
6  87.333333333333329  387
7  95.333333333333329  300
8  76.0  382
9  78.666666666666671  385
10  76.333333333333329  280
11  84.666666666666671  228
12  78.0  360
13  79.333333333333329  375
14  78.0  323
15  84.666666666666671  324
16  86.0  214
17  91.666666666666671  158
18  80.0  236
19  85.0  309
20  89.333333333333329  60
0  68.333333333333329  497
1  64.666666666666671  479
2  78.0  461
3  62.333333333333336  539
4  75.0  532
5  79.666666666666671  476
6  38.333333333333336  468
7  77.333333333333329  248
8  78.333333333333329  267
9  76.333333333333329  332
10  77.666666666666671  175
11  60.0  682
12  74.0  399
13  93.666666666666671  70
14  92.0  209
15  67.0  304
16  88.666666666666671  385
17  75.666666666666671  273
18  90.0  273
19  91.333333333333329  182
20  90.666666666666671  66
0  63.333333333333336  643
1  72.0  605
2  77.333333333333329  372
3  79.666666666666671  556
4  76.666666666666671  393
5  68.666666666666671  460
6  68.666666666666671  497
7  66.0  279
8  82.666666666666671  538
9  87.0  287
10  81.0  329
11  80.666666666666671  313
12  89.0  207
13  94.666666666666671  104
14  77.0  350
15  68.333333333333329  339
16  77.333333333333329  442
17  90.666666666666671  282
18  81.666666666666671  259
19  87.0  89
20  91.333333333333329  139
0  68.666666666666671  545
1  82.666666666666671  414
2  54.666666666666664  517
3  56.666666666666664  621
4  77.666666666666671  736
5  59.0  592
6  89.666666666666671  210
7  69.333333333333329  361
8  63.0  426
9  78.333333333333329  457
10  72.0  482
11  79.333333333333329  148
12  85.333333333333329  425
13  85.666666666666671  350
14  81.666666666666671  197
15  96.0  141
16  95.333333333333329  220
17  87.0  216
18  85.333333333333329  221
19  93.333333333333329  132
20  88.666666666666671  162
0  79.666666666666671  559
1  63.666666666666664  610
2  63.666666666666664  525
3  77.0  557
4  81.0  399
5  87.333333333333329  285
6  79.0  442
7  61.333333333333336  501
8  82.333333333333329  402
9  89.333333333333329  302
10  79.0  259
11  75.666666666666671  308
12  84.333333333333329  431
13  93.0  292
14  69.666666666666671  504
15  94.666666666666671  112
16  80.666666666666671  361
17  79.333333333333329  223
18  90.333333333333329  161
19  95.666666666666671  50
20  79.333333333333329  313
0  85.333333333333329  521
1  52.0  469
2  75.0  416
3  84.0  470
4  76.0  434
5  75.666666666666671  484
6  97.333333333333329  148
7  78.666666666666671  321
8  58.333333333333336  451
9  92.666666666666671  195
10  77.0  398
11  92.0  166
12  65.333333333333329  272
13  78.333333333333329  179
14  84.333333333333329  171
15  78.666666666666671  349
16  84.333333333333329  259
17  79.0  364
18  93.0  148
19  85.333333333333329  272
20  93.333333333333329  177
0  81.0  697
1  83.0  401
2  66.333333333333329  523
3  78.0  455
4  70.333333333333329  483
5  91.666666666666671  283
6  71.0  318
7  92.0  360
8  78.333333333333329  363
9  75.0  405
10  70.333333333333329  260
11  87.666666666666671  322
12  75.666666666666671  477
13  75.0  363
14  90.666666666666671  287
15  94.0  128
16  96.333333333333329  173
17  81.0  269
18  93.0  110
19  89.333333333333329  194
20  74.0  554
0  57.0  787
1  61.333333333333336  601
2  87.333333333333329  501
3  80.666666666666671  514
4  79.0  510
5  83.666666666666671  372
6  83.333333333333329  348
7  79.333333333333329  240
8  77.333333333333329  480
9  83.666666666666671  268
10  88.333333333333329  391
11  88.333333333333329  281
12  96.666666666666671  59
13  81.0  257
14  79.666666666666671  398
15  78.666666666666671  261
16  77.0  254
17  82.333333333333329  203
18  89.0  260
19  91.333333333333329  195
20  89.0  247
0  69.666666666666671  719
1  59.666666666666664  584
2  83.666666666666671  326
3  77.666666666666671  606
4  68.0  465
5  71.0  556
6  86.333333333333329  365
7  84.333333333333329  465
8  90.333333333333329  147
9  78.666666666666671  277
10  69.666666666666671  342
11  81.0  274
12  82.0  218
13  92.666666666666671  161
14  83.0  207
15  95.666666666666671  106
16  92.666666666666671  166
17  79.0  266
18  81.333333333333329  252
19  95.0  62
20  77.666666666666671  435
0  82.666666666666671  598
1  80.0  426
2  68.0  457
3  76.0  428
4  91.666666666666671  304
5  77.0  332
6  93.333333333333329  337
7  62.333333333333336  580
8  70.666666666666671  412
9  78.666666666666671  398
10  87.666666666666671  253
11  57.0  314
12  77.0  395
13  77.0  403
14  81.666666666666671  474
15  92.666666666666671  158
16  76.0  275
17  88.666666666666671  248
18  79.666666666666671  342
19  91.666666666666671  177
20  91.333333333333329  151
0  74.666666666666671  613
1  80.333333333333329  694
2  77.0  435
3  70.0  661
4  83.333333333333329  432
5  73.0  426
6  93.333333333333329  132
7  96.333333333333329  140
8  74.666666666666671  455
9  77.0  498
10  56.666666666666664  455
11  86.0  302
12  84.333333333333329  264
13  76.666666666666671  238
14  83.0  258
15  92.333333333333329  223
16  88.333333333333329  172
17  91.666666666666671  97
18  87.0  210
19  81.0  205
20  95.0  72
0  55.333333333333336  661
1  62.0  663
2  73.0  436
3  68.333333333333329  657
4  94.333333333333329  248
5  56.0  457
6  50.666666666666664  523
7  88.0  257
8  72.666666666666671  423
9  91.333333333333329  177
10  75.333333333333329  343
11  69.666666666666671  493
12  95.0  141
13  87.666666666666671  385
14  75.666666666666671  292
15  77.0  396
16  89.666666666666671  223
17  98.0  26
18  86.333333333333329  221
19  86.0  239
20  96.0  87
0  78.0  461
1  78.666666666666671  549
2  76.0  580
3  83.333333333333329  411
4  71.333333333333329  510
5  89.0  383
6  88.0  322
7  76.333333333333329  422
8  86.0  425
9  79.666666666666671  357
10  73.0  302
11  68.333333333333329  352
12  94.333333333333329  131
13  67.666666666666671  247
14  80.0  245
15  84.0  315
16  94.0  117
17  85.333333333333329  294
18  93.333333333333329  135
19  91.333333333333329  210
20  78.0  252
0  86.666666666666671  523
1  78.0  461
2  80.666666666666671  385
3  75.333333333333329  622
4  76.333333333333329  421
5  79.0  495
6  75.333333333333329  333
7  96.0  136
8  73.0  383
9  72.666666666666671  428
10  90.333333333333329  222
11  59.666666666666664  426
12  72.0  419
13  96.0  153
14  90.0  209
15  91.0  129
16  87.0  326
17  94.333333333333329  176
18  83.0  264
19  80.0  419
20  80.666666666666671  278
0  79.333333333333329  639
1  76.0  662
2  88.0  208
3  79.0  448
4  86.333333333333329  493
5  72.333333333333329  482
6  68.333333333333329  451
8  81.0  251
9  89.0  254
10  78.0  425
11  86.666666666666671  241
12  93.0  238
13  92.0  151
14  89.333333333333329  274
15  91.0  81
16  76.0  281
17  83.0  344
18  78.0  216
19  79.0  130
20  75.666666666666671  305
0  68.0  680
1  80.666666666666671  555
2  79.333333333333329  614
3  75.666666666666671  545
4  67.0  492
5  80.666666666666671  460
6  84.0  343
7  89.666666666666671  419
8  82.666666666666671  299
9  86.666666666666671  244
10  66.0  371
11  78.0  275
12  86.0  317
14  89.0  291
15  89.666666666666671  248
16  89.0  226
17  87.0  113
18  80.0  352
19  88.333333333333329  184
20  95.333333333333329  115
0  86.666666666666671  582
1  52.333333333333336  675
2  75.666666666666671  638
3  75.666666666666671  502
4  87.0  266
5  79.0  435
6  78.0  464
7  80.666666666666671  371
8  57.333333333333336  439
9  71.0  364
10  88.666666666666671  311
11  53.333333333333336  394
12  79.333333333333329  245
13  83.333333333333329  303
14  86.333333333333329  253
15  86.0  167
16  70.333333333333329  398
17  83.0  74
18  84.333333333333329  315
19  76.666666666666671  304
20  86.666666666666671  212
0  82.666666666666671  496
1  73.333333333333329  561
2  68.333333333333329  482
3  83.666666666666671  368
4  64.333333333333329  543
5  89.333333333333329  384
6  72.0  516
7  77.333333333333329  529
8  86.333333333333329  344
9  75.333333333333329  393
10  93.0  211
11  94.333333333333329  212
12  85.0  207
13  85.666666666666671  232
14  75.333333333333329  282
15  81.0  375
16  97.333333333333329  57
17  95.333333333333329  141
18  82.666666666666671  397
19  87.333333333333329  329
20  96.333333333333329  105
0  70.333333333333329  748
1  82.0  549
2  79.666666666666671  658
3  95.0  328
4  73.666666666666671  492
5  90.333333333333329  222
6  70.666666666666671  411
7  55.666666666666664  431
8  75.666666666666671  449
9  78.0  277
10  73.0  371
11  86.333333333333329  225
12  75.333333333333329  215
13  91.0  175
14  84.0  317
15  92.0  203
16  82.666666666666671  356
17  87.666666666666671  324
18  90.333333333333329  234
19  96.333333333333329  173
20  97.333333333333329  23
0  61.0  544
1  74.0  470
2  75.0  653
3  73.333333333333329  588
4  85.333333333333329  434
5  71.0  546
6  90.0  302
7  74.0  331
8  86.333333333333329  213
9  66.0  618
10  92.666666666666671  243
11  86.0  407
12  91.333333333333329  163
13  90.333333333333329  215
14  78.333333333333329  355
15  87.333333333333329  152
16  75.0  306
17  82.666666666666671  339
18  67.0  277
19  94.666666666666671  184
20  91.666666666666671  229
0  62.666666666666664  607
1  72.0  508
2  86.333333333333329  430
3  75.666666666666671  379
4  79.666666666666671  374
5  85.666666666666671  393
6  73.0  447
7  49.0  429
8  65.333333333333329  416
9  70.333333333333329  311
10  56.666666666666664  258
11  74.333333333333329  585
12  91.333333333333329  129
13  82.666666666666671  276
14  55.0  253
15  85.666666666666671  318
16  72.0  263
17  83.0  249
18  78.0  277
19  82.333333333333329  282
20  74.333333333333329  366
0  68.0  688
1  94.333333333333329  443
2  83.333333333333329  462
3  65.333333333333329  641
4  69.666666666666671  594
5  67.0  507
6  86.333333333333329  281
7  77.666666666666671  448
8  65.0  700
9  66.666666666666671  429
10  85.666666666666671  308
11  77.0  222
12  91.666666666666671  157
13  81.333333333333329  216
14  85.0  342
15  86.666666666666671  207
16  87.333333333333329  266
17  84.333333333333329  247
18  75.0  327
19  96.0  170
20  87.333333333333329  227
0  80.333333333333329  533
1  77.333333333333329  554
2  83.333333333333329  410
3  70.0  617
4  77.333333333333329  290
5  67.0  540
6  80.0  420
7  88.666666666666671  341
8  91.333333333333329  284
9  87.0  409
10  88.666666666666671  304
11  85.666666666666671  254
12  81.0  295
13  96.333333333333329  141
14  82.666666666666671  243
15  93.333333333333329  174
16  56.333333333333336  481
17  85.666666666666671  305
18  75.0  240
19  94.0  34
20  98.0  61
0  83.0  543
1  85.333333333333329  505
2  70.666666666666671  518
3  72.0  554
4  61.0  534
5  88.333333333333329  357
6  73.666666666666671  480
7  84.0  392
8  78.333333333333329  525
9  89.666666666666671  241
10  56.333333333333336  358
11  75.333333333333329  394
12  86.0  187
13  88.666666666666671  215
14  70.333333333333329  386
15  77.666666666666671  161
16  74.333333333333329  381
17  89.333333333333329  257
18  69.0  185
19  91.666666666666671  131
20  89.666666666666671  228
