1  32.0  501
2  32.0  288
3  37.0  487
4  35.0  445
5  64.0  571
6  40.0  560
7  65.0  503
1  36.0  470
2  33.0  417
3  45.0  412
4  40.0  416
5  97.0  555
6  61.0  512
7  12.0  460
1  48.0  515
2  35.0  369
3  44.0  400
4  51.0  431
5  57.0  508
6  73.0  446
7  34.0  549
1  45.0  464
2  61.0  518
3  34.0  407
4  25.0  496
5  50.0  514
6  28.0  494
7  35.0  528
1  30.0  372
2  67.0  509
3  67.0  529
4  51.0  535
5  34.0  475
6  45.0  466
7  34.0  528
1  61.0  489
2  41.0  375
3  59.0  509
4  71.0  548
5  41.0  495
6  34.0  534
7  43.0  523
1  78.0  516
2  35.0  328
3  30.0  514
4  58.0  513
5  37.0  534
6  40.0  461
7  14.0  365
1  45.0  454
2  21.0  425
3  35.0  525
4  41.0  459
5  33.0  456
6  58.0  549
7  23.0  457
1  49.0  443
2  60.0  488
3  26.0  425
4  47.0  432
5  33.0  606
6  47.0  529
7  68.0  608
1  38.0  418
2  54.0  430
3  53.0  559
4  34.0  436
5  75.0  520
6  58.0  545
7  54.0  487
1  39.0  491
2  69.0  542
3  62.0  486
4  59.0  585
5  73.0  490
6  41.0  574
7  37.0  546
1  62.0  405
2  47.0  446
3  63.0  524
4  45.0  452
5  25.0  368
6  16.0  467
7  57.0  574
1  46.0  516
2  35.0  485
3  35.0  311
4  62.0  536
5  32.0  535
6  16.0  397
7  45.0  421
1  27.0  412
2  42.0  440
3  53.0  398
4  44.0  511
5  63.0  411
6  42.0  616
7  27.0  568
1  6.0  310
2  70.0  523
3  14.0  346
4  74.0  504
5  43.0  452
6  19.0  543
7  33.0  549
1  70.0  505
2  25.0  292
3  40.0  383
4  34.0  446
5  69.0  556
6  47.0  575
7  43.0  509
1  66.0  502
2  68.0  504
3  39.0  326
4  60.0  551
5  57.0  513
6  51.0  426
7  37.0  490
1  69.0  485
2  59.0  543
3  55.0  556
4  55.0  505
5  22.0  436
6  43.0  464
7  46.0  512
1  28.0  444
2  57.0  501
3  45.0  505
4  36.0  499
5  49.0  522
6  43.0  476
7  51.0  562
1  45.0  519
2  44.0  519
3  42.0  543
4  13.0  435
5  54.0  494
6  41.0  521
7  38.0  536
1  68.0  518
2  41.0  535
3  32.0  470
4  50.0  385
5  55.0  639
6  45.0  576
7  21.0  423
1  23.0  293
2  43.0  500
3  64.0  510
4  50.0  515
5  42.0  603
6  20.0  457
7  55.0  603
1  11.0  320
2  18.0  304
3  82.0  542
4  54.0  488
5  44.0  548
6  27.0  465
7  31.0  492
1  62.0  531
2  57.0  401
3  59.0  521
4  43.0  463
5  35.0  552
6  87.0  506
7  37.0  619
1  41.0  518
2  53.0  533
3  30.0  391
4  53.0  541
5  56.0  581
6  46.0  460
7  14.0  402
1  53.0  524
2  68.0  509
3  50.0  549
4  62.0  536
5  33.0  498
6  76.0  517
7  36.0  494
1  21.0  353
2  34.0  466
3  61.0  523
4  39.0  573
5  43.0  534
6  52.0  576
7  58.0  485
1  54.0  510
2  24.0  408
3  48.0  510
4  39.0  544
5  39.0  534
6  48.0  531
7  65.0  545
1  90.0  517
2  54.0  468
3  40.0  445
4  42.0  536
5  33.0  549
6  36.0  454
7  62.0  559
1  59.0  475
2  38.0  399
3  58.0  532
4  33.0  459
5  38.0  447
6  27.0  477
7  33.0  520
1  21.0  414
2  20.0  403
3  20.0  286
4  48.0  471
5  25.0  320
6  23.0  553
7  50.0  537
1  1.0  415
2  87.0  522
3  42.0  513
4  72.0  520
5  23.0  439
6  50.0  589
7  39.0  673
1  61.0  520
2  59.0  501
3  51.0  555
4  22.0  423
5  41.0  482
6  56.0  566
7  22.0  573
1  55.0  506
2  39.0  459
3  32.0  418
4  56.0  521
5  40.0  598
6  0.0  288
7  37.0  615
1  22.0  498
2  16.0  549
3  46.0  520
4  37.0  406
5  26.0  451
6  36.0  536
7  40.0  581
1  58.0  526
2  46.0  528
3  57.0  500
4  42.0  517
5  49.0  490
6  55.0  517
7  31.0  381
1  42.0  470
2  64.0  524
3  35.0  463
4  65.0  576
5  37.0  499
6  47.0  501
7  38.0  568
1  60.0  520
2  49.0  499
3  57.0  523
4  56.0  528
5  24.0  424
6  56.0  549
7  20.0  356
1  80.0  467
2  22.0  463
3  54.0  533
4  51.0  562
5  58.0  555
6  61.0  448
7  16.0  336
1  40.0  454
2  53.0  510
3  17.0  382
4  34.0  436
5  33.0  481
6  66.0  589
7  33.0  573
1  18.0  210
2  48.0  427
3  33.0  379
4  47.0  525
5  69.0  581
6  34.0  499
7  10.0  429
1  47.0  517
2  33.0  463
3  71.0  540
4  76.0  526
5  48.0  544
6  42.0  525
7  30.0  413
1  62.0  522
2  55.0  528
3  68.0  514
4  61.0  557
5  47.0  469
6  49.0  521
7  62.0  512
1  35.0  504
2  65.0  511
3  65.0  557
4  55.0  425
5  48.0  515
6  33.0  472
7  50.0  618
1  80.0  515
2  15.0  346
3  78.0  514
4  47.0  568
5  36.0  482
6  51.0  527
7  41.0  510
1  50.0  421
2  59.0  494
3  38.0  494
4  57.0  512
5  35.0  405
6  50.0  508
7  34.0  547
1  32.0  395
2  33.0  447
3  23.0  475
4  74.0  556
5  69.0  486
6  32.0  465
7  27.0  412
1  55.0  490
2  60.0  535
3  49.0  536
4  16.0  309
5  54.0  418
6  38.0  485
7  35.0  470
1  13.0  397
2  48.0  502
3  62.0  555
4  76.0  505
5  53.0  470
6  35.0  484
7  52.0  541
1  50.0  489
2  70.0  491
3  51.0  504
4  31.0  477
5  41.0  465
6  54.0  511
7  21.0  385
1  61.0  421
2  39.0  506
3  33.0  364
4  48.0  496
5  41.0  499
6  36.0  460
7  55.0  579
1  57.0  495
2  50.0  449
3  42.0  453
4  21.0  347
5  61.0  582
6  48.0  602
7  26.0  397
1  81.0  508
2  21.0  334
3  50.0  566
4  14.0  469
5  14.0  371
6  25.0  547
7  28.0  584
1  64.0  505
2  66.0  407
3  21.0  370
4  53.0  596
5  36.0  456
6  27.0  484
7  24.0  591
1  62.0  464
2  26.0  469
3  67.0  491
4  66.0  541
5  45.0  568
6  67.0  519
7  24.0  516
1  50.0  476
2  37.0  506
3  58.0  516
4  29.0  400
5  23.0  547
6  51.0  611
7  27.0  435
1  48.0  501
2  55.0  476
3  73.0  505
4  52.0  544
5  35.0  512
6  30.0  504
7  43.0  543
1  49.0  522
2  38.0  463
3  46.0  533
4  37.0  473
5  24.0  513
6  44.0  568
7  61.0  543
1  4.0  241
2  55.0  509
3  31.0  421
4  14.0  368
5  35.0  546
6  48.0  528
7  32.0  670
1  57.0  443
2  74.0  533
3  39.0  380
4  22.0  404
5  46.0  568
6  48.0  537
7  27.0  519
1  56.0  506
2  53.0  508
3  58.0  501
4  43.0  553
5  65.0  565
6  26.0  577
7  34.0  484
1  65.0  510
2  37.0  452
3  59.0  511
4  54.0  444
5  38.0  470
6  60.0  486
7  33.0  484
1  78.0  470
2  26.0  498
3  16.0  323
4  23.0  453
5  24.0  386
6  47.0  579
7  37.0  467
1  82.0  510
2  64.0  521
3  60.0  542
4  23.0  517
5  38.0  536
6  44.0  648
7  44.0  611
1  36.0  516
2  20.0  253
3  42.0  421
4  51.0  448
5  55.0  416
6  54.0  610
7  25.0  526
1  5.0  294
2  42.0  521
3  40.0  453
4  62.0  535
5  27.0  447
6  32.0  552
7  36.0  500
1  13.0  484
2  30.0  395
3  69.0  540
4  59.0  478
5  39.0  480
6  53.0  593
7  36.0  537
1  66.0  510
2  6.0  179
3  41.0  563
4  36.0  397
5  33.0  588
6  53.0  565
7  38.0  601
1  70.0  473
2  30.0  534
3  49.0  561
4  50.0  542
5  55.0  592
6  21.0  314
7  68.0  559
1  26.0  438
2  52.0  520
3  20.0  386
4  33.0  514
5  29.0  488
6  14.0  371
7  52.0  543
1  73.0  517
2  59.0  459
3  64.0  535
4  55.0  490
5  41.0  482
6  34.0  407
7  38.0  501
1  41.0  503
2  35.0  275
3  61.0  530
4  49.0  514
5  37.0  438
6  21.0  516
7  34.0  545
1  64.0  485
2  35.0  432
3  66.0  499
4  36.0  498
5  49.0  544
6  43.0  467
7  42.0  526
1  66.0  511
2  54.0  534
3  70.0  485
4  25.0  311
5  50.0  507
6  54.0  538
7  17.0  520
1  65.0  450
2  61.0  480
3  33.0  487
4  37.0  498
5  40.0  521
6  47.0  550
7  24.0  503
1  55.0  514
2  68.0  520
3  27.0  332
4  46.0  511
5  48.0  585
6  27.0  493
7  1.0  281
1  22.0  330
2  65.0  505
3  79.0  552
4  21.0  353
5  33.0  541
6  56.0  437
7  44.0  517
1  59.0  523
2  20.0  342
3  27.0  348
4  51.0  511
5  32.0  358
6  8.0  424
7  53.0  519
1  16.0  489
2  32.0  427
3  55.0  423
4  82.0  534
5  52.0  475
6  19.0  403
7  41.0  568
1  84.0  527
2  31.0  257
3  32.0  495
4  76.0  506
5  40.0  552
6  23.0  476
7  31.0  477
1  42.0  393
2  46.0  498
3  77.0  541
4  53.0  548
5  68.0  575
6  37.0  373
7  71.0  545
1  57.0  483
2  58.0  482
3  67.0  504
4  46.0  513
5  41.0  546
6  83.0  528
7  38.0  486
1  46.0  394
2  47.0  497
3  40.0  423
4  27.0  526
5  20.0  463
6  48.0  503
7  38.0  436
1  56.0  497
2  66.0  518
3  32.0  470
4  46.0  507
5  53.0  545
6  29.0  458
7  26.0  602
1  58.0  516
2  35.0  423
3  47.0  492
4  40.0  437
5  64.0  521
6  51.0  588
7  35.0  604
1  63.0  426
2  59.0  504
3  56.0  520
4  37.0  451
5  30.0  536
6  56.0  389
7  59.0  581
1  15.0  501
2  33.0  498
3  51.0  511
4  25.0  448
5  38.0  574
6  27.0  406
7  43.0  534
1  10.0  312
2  55.0  528
3  45.0  410
4  49.0  397
5  43.0  507
6  55.0  512
7  37.0  541
1  59.0  507
2  47.0  426
3  19.0  328
4  20.0  395
5  33.0  449
6  44.0  593
7  48.0  495
1  57.0  464
2  40.0  411
3  64.0  519
4  42.0  354
5  45.0  425
6  34.0  423
7  47.0  566
1  69.0  493
2  58.0  467
3  49.0  470
4  52.0  538
5  31.0  527
6  41.0  632
7  25.0  460
1  89.0  503
2  69.0  516
3  63.0  482
4  53.0  496
5  11.0  357
6  38.0  504
7  39.0  421
1  19.0  262
2  82.0  459
3  38.0  425
4  57.0  474
5  38.0  525
6  50.0  512
7  28.0  591
1  42.0  476
2  29.0  467
3  51.0  469
4  49.0  398
5  57.0  582
6  64.0  575
7  39.0  515
1  24.0  334
2  63.0  526
3  85.0  529
4  35.0  538
5  32.0  412
6  26.0  522
7  23.0  616
1  35.0  452
2  54.0  423
3  49.0  548
4  62.0  604
5  77.0  523
6  63.0  521
7  23.0  650
1  67.0  515
2  75.0  516
3  47.0  543
4  34.0  551
5  36.0  433
6  42.0  461
7  39.0  662
1  62.0  497
2  65.0  528
3  67.0  498
4  46.0  498
5  46.0  351
6  53.0  538
7  44.0  577
1  26.0  512
2  36.0  398
3  52.0  507
4  59.0  513
5  28.0  464
6  14.0  491
7  18.0  354
1  28.0  352
2  35.0  337
3  74.0  456
4  43.0  476
5  38.0  515
6  33.0  542
7  60.0  591
