1  33.0  268.0
2  59.0  478.0
3  50.0  467.0
4  37.0  557.0
5  42.0  517.0
6  48.0  525.0
7  23.0  554.0
1  22.0  232.0
2  58.0  425.0
3  43.0  379.0
4  33.0  473.0
5  31.0  394.0
6  51.0  421.0
7  64.0  430.0
1  59.0  488.0
2  26.0  356.0
3  16.0  302.0
4  24.0  430.0
5  51.0  511.0
6  18.0  294.0
7  31.0  485.0
1  28.0  646.0
2  51.0  430.0
3  42.0  519.0
4  26.0  274.0
5  32.0  314.0
6  13.0  410.0
7  53.0  495.0
1  49.0  304.0
2  81.0  319.0
3  39.0  477.0
4  34.0  315.0
5  20.0  395.0
6  32.0  471.0
7  23.0  562.0
1  18.0  127.0
2  91.0  299.0
3  32.0  518.0
4  15.0  476.0
5  11.0  173.0
6  28.0  515.0
7  33.0  329.0
1  33.0  424.0
2  66.0  371.0
3  37.0  531.0
4  33.0  273.0
5  47.0  386.0
6  34.0  638.0
7  31.0  457.0
1  57.0  488.0
2  69.0  408.0
3  29.0  314.0
4  45.0  411.0
5  26.0  442.0
6  28.0  358.0
7  26.0  565.0
1  81.0  338.0
2  23.0  492.0
3  42.0  519.0
4  39.0  386.0
5  43.0  425.0
6  13.0  367.0
7  51.0  537.0
1  58.0  437.0
2  67.0  427.0
3  53.0  465.0
4  49.0  443.0
5  15.0  480.0
6  27.0  424.0
7  21.0  456.0
1  52.0  383.0
2  34.0  375.0
3  40.0  507.0
4  46.0  518.0
5  33.0  480.0
6  34.0  554.0
7  42.0  535.0
1  42.0  456.0
2  69.0  413.0
3  62.0  392.0
4  24.0  352.0
5  36.0  499.0
6  42.0  390.0
7  36.0  480.0
1  61.0  401.0
2  26.0  345.0
3  6.0  222.0
4  13.0  508.0
5  49.0  435.0
6  41.0  515.0
7  30.0  627.0
1  15.0  177.0
2  71.0  467.0
3  40.0  424.0
4  34.0  457.0
5  59.0  485.0
6  46.0  479.0
7  24.0  500.0
1  76.0  402.0
2  30.0  370.0
3  61.0  427.0
4  37.0  536.0
5  41.0  535.0
6  24.0  452.0
7  13.0  426.0
1  31.0  471.0
2  41.0  505.0
3  63.0  436.0
4  45.0  499.0
5  40.0  425.0
6  23.0  434.0
7  23.0  504.0
1  70.0  379.0
2  25.0  593.0
3  43.0  585.0
4  43.0  452.0
5  51.0  433.0
6  46.0  626.0
7  34.0  572.0
1  66.0  443.0
2  7.0  315.0
3  39.0  370.0
4  11.0  404.0
5  22.0  334.0
6  33.0  506.0
7  62.0  420.0
1  28.0  301.0
2  40.0  469.0
3  58.0  442.0
4  18.0  462.0
5  51.0  395.0
6  42.0  465.0
7  36.0  573.0
1  73.0  448.0
2  59.0  444.0
3  35.0  621.0
4  36.0  497.0
5  59.0  452.0
6  34.0  453.0
7  43.0  500.0
1  7.0  308.0
2  54.0  466.0
3  44.0  458.0
4  47.0  484.0
5  88.0  330.0
6  37.0  460.0
7  36.0  543.0
1  63.0  432.0
2  84.0  378.0
3  21.0  451.0
4  48.0  456.0
5  25.0  531.0
6  51.0  474.0
7  29.0  407.0
1  6.0  300.0
2  50.0  478.0
3  35.0  437.0
4  28.0  428.0
5  41.0  545.0
6  36.0  377.0
7  43.0  513.0
1  55.0  474.0
2  12.0  430.0
3  45.0  509.0
4  16.0  291.0
5  40.0  429.0
6  41.0  394.0
7  49.0  525.0
1  10.0  505.0
2  28.0  311.0
3  30.0  421.0
4  34.0  446.0
5  33.0  383.0
6  19.0  255.0
7  22.0  539.0
1  26.0  392.0
2  60.0  395.0
3  82.0  378.0
4  40.0  429.0
5  26.0  353.0
6  33.0  308.0
7  20.0  435.0
1  43.0  438.0
2  35.0  572.0
3  31.0  435.0
4  55.0  383.0
5  41.0  491.0
6  41.0  464.0
7  19.0  566.0
1  62.0  450.0
2  54.0  448.0
3  49.0  526.0
4  39.0  395.0
5  49.0  426.0
6  25.0  498.0
7  24.0  548.0
1  31.0  332.0
2  14.0  533.0
3  38.0  467.0
4  33.0  389.0
5  35.0  526.0
6  25.0  456.0
7  45.0  461.0
1  42.0  480.0
2  49.0  413.0
3  44.0  454.0
4  30.0  398.0
5  35.0  497.0
6  54.0  362.0
7  34.0  587.0
1  63.0  485.0
2  15.0  372.0
3  21.0  207.0
4  37.0  569.0
5  42.0  272.0
6  32.0  467.0
7  49.0  502.0
1  26.0  436.0
2  32.0  349.0
3  32.0  353.0
4  82.0  356.0
5  42.0  427.0
6  46.0  453.0
7  38.0  535.0
1  17.0  355.0
2  46.0  401.0
3  49.0  476.0
4  38.0  345.0
5  37.0  387.0
6  51.0  407.0
7  31.0  373.0
1  17.0  272.0
2  29.0  500.0
3  70.0  432.0
4  51.0  502.0
5  42.0  422.0
6  45.0  531.0
7  33.0  439.0
1  54.0  603.0
2  56.0  420.0
3  53.0  523.0
4  44.0  358.0
5  40.0  531.0
6  38.0  646.0
7  41.0  606.0
1  57.0  350.0
2  15.0  380.0
3  27.0  650.0
4  30.0  696.0
5  72.0  415.0
6  31.0  390.0
7  24.0  407.0
1  22.0  308.0
2  37.0  565.0
3  46.0  386.0
4  37.0  569.0
5  56.0  452.0
6  51.0  437.0
7  22.0  342.0
1  39.0  504.0
2  48.0  536.0
3  53.0  414.0
4  51.0  355.0
5  25.0  431.0
6  47.0  459.0
7  26.0  462.0
1  31.0  425.0
2  14.0  349.0
3  44.0  567.0
4  33.0  471.0
5  45.0  368.0
6  18.0  478.0
7  22.0  401.0
1  16.0  337.0
2  19.0  271.0
3  43.0  644.0
4  39.0  388.0
5  40.0  538.0
6  20.0  387.0
7  32.0  392.0
1  60.0  346.0
2  10.0  293.0
3  23.0  540.0
4  45.0  489.0
5  41.0  522.0
6  34.0  602.0
7  38.0  511.0
1  55.0  448.0
2  43.0  481.0
3  25.0  499.0
4  21.0  326.0
5  37.0  498.0
6  41.0  507.0
7  16.0  378.0
1  31.0  239.0
2  28.0  643.0
3  41.0  411.0
4  51.0  497.0
5  22.0  352.0
6  57.0  494.0
7  37.0  521.0
1  43.0  456.0
2  55.0  479.0
3  32.0  371.0
4  22.0  389.0
5  33.0  439.0
6  32.0  503.0
7  34.0  469.0
1  79.0  376.0
2  22.0  374.0
3  68.0  475.0
4  34.0  638.0
5  24.0  545.0
6  34.0  573.0
7  41.0  569.0
1  14.0  222.0
2  25.0  506.0
3  6.0  496.0
4  39.0  460.0
5  38.0  510.0
6  40.0  628.0
7  43.0  524.0
1  82.0  347.0
2  20.0  322.0
3  50.0  523.0
4  72.0  396.0
5  28.0  380.0
6  30.0  543.0
7  45.0  384.0
1  48.0  498.0
2  49.0  423.0
3  43.0  414.0
4  51.0  421.0
5  28.0  433.0
6  36.0  379.0
7  25.0  282.0
1  24.0  399.0
2  64.0  408.0
3  63.0  381.0
4  23.0  228.0
5  24.0  292.0
6  35.0  487.0
7  32.0  486.0
1  48.0  511.0
2  35.0  377.0
3  10.0  255.0
4  18.0  456.0
5  37.0  477.0
6  13.0  452.0
7  24.0  569.0
1  21.0  282.0
2  72.0  356.0
3  52.0  388.0
4  68.0  389.0
5  58.0  420.0
6  75.0  422.0
7  38.0  446.0
1  82.0  311.0
2  37.0  520.0
3  58.0  428.0
4  57.0  391.0
5  37.0  458.0
6  30.0  397.0
7  34.0  378.0
1  45.0  482.0
2  30.0  372.0
3  53.0  417.0
4  30.0  480.0
5  29.0  518.0
6  17.0  556.0
7  65.0  428.0
1  29.0  417.0
2  28.0  404.0
3  42.0  573.0
4  36.0  232.0
5  59.0  424.0
6  59.0  414.0
7  25.0  477.0
1  56.0  395.0
2  57.0  411.0
3  21.0  333.0
4  53.0  576.0
5  23.0  482.0
6  31.0  464.0
7  47.0  555.0
1  40.0  482.0
2  55.0  597.0
3  50.0  480.0
4  42.0  281.0
5  30.0  475.0
6  38.0  384.0
7  29.0  491.0
1  16.0  659.0
2  43.0  477.0
3  35.0  440.0
4  37.0  559.0
5  26.0  485.0
6  32.0  324.0
7  32.0  438.0
1  25.0  366.0
2  66.0  360.0
3  29.0  340.0
4  17.0  504.0
5  29.0  422.0
6  23.0  530.0
7  26.0  315.0
1  36.0  447.0
2  50.0  563.0
3  72.0  369.0
4  57.0  393.0
5  63.0  424.0
6  67.0  429.0
7  53.0  362.0
1  14.0  338.0
2  46.0  409.0
3  45.0  335.0
4  60.0  383.0
5  38.0  490.0
6  46.0  423.0
7  43.0  458.0
1  17.0  355.0
2  22.0  351.0
3  18.0  342.0
4  53.0  508.0
5  47.0  470.0
6  50.0  530.0
7  22.0  462.0
1  68.0  434.0
2  45.0  554.0
3  20.0  568.0
4  45.0  452.0
5  30.0  465.0
6  35.0  667.0
7  40.0  543.0
1  39.0  430.0
2  29.0  538.0
3  30.0  404.0
4  40.0  500.0
5  63.0  458.0
6  56.0  410.0
7  35.0  474.0
1  59.0  343.0
2  52.0  356.0
3  39.0  448.0
4  32.0  473.0
5  30.0  426.0
6  30.0  553.0
7  72.0  370.0
1  55.0  431.0
2  64.0  463.0
3  57.0  458.0
4  49.0  432.0
5  62.0  544.0
6  25.0  547.0
7  45.0  576.0
1  36.0  555.0
2  38.0  474.0
3  61.0  419.0
4  40.0  431.0
5  28.0  514.0
6  46.0  405.0
7  46.0  528.0
1  49.0  460.0
2  54.0  487.0
3  38.0  515.0
4  54.0  469.0
5  54.0  476.0
6  38.0  355.0
7  37.0  592.0
1  13.0  314.0
2  34.0  471.0
3  63.0  429.0
4  19.0  619.0
5  59.0  414.0
6  67.0  428.0
7  69.0  437.0
1  39.0  465.0
2  56.0  554.0
3  41.0  336.0
4  24.0  369.0
5  48.0  436.0
6  44.0  425.0
7  37.0  400.0
1  24.0  344.0
2  69.0  373.0
3  25.0  458.0
4  41.0  466.0
5  48.0  432.0
6  53.0  540.0
7  64.0  511.0
1  73.0  398.0
2  34.0  725.0
3  33.0  461.0
4  48.0  476.0
5  48.0  414.0
6  37.0  531.0
7  33.0  436.0
1  28.0  538.0
2  57.0  571.0
3  26.0  525.0
4  44.0  417.0
5  15.0  353.0
6  50.0  562.0
7  66.0  406.0
1  74.0  350.0
2  19.0  212.0
3  57.0  442.0
4  43.0  517.0
5  50.0  564.0
6  34.0  523.0
7  36.0  451.0
1  50.0  668.0
2  22.0  561.0
3  75.0  382.0
4  54.0  365.0
5  31.0  393.0
6  39.0  543.0
7  39.0  447.0
1  80.0  374.0
2  44.0  528.0
3  53.0  465.0
4  60.0  413.0
5  45.0  556.0
6  63.0  461.0
7  48.0  444.0
1  41.0  360.0
2  42.0  427.0
3  18.0  320.0
4  42.0  436.0
5  36.0  568.0
6  54.0  454.0
7  30.0  466.0
1  18.0  280.0
2  30.0  415.0
3  55.0  442.0
4  53.0  467.0
5  44.0  508.0
6  13.0  404.0
7  23.0  401.0
1  72.0  386.0
2  48.0  329.0
3  79.0  350.0
4  31.0  316.0
5  24.0  389.0
6  38.0  384.0
7  56.0  485.0
1  38.0  326.0
2  59.0  446.0
3  44.0  521.0
4  51.0  399.0
5  31.0  521.0
6  46.0  470.0
7  35.0  530.0
1  66.0  378.0
2  41.0  484.0
3  23.0  421.0
4  7.0  257.0
5  35.0  365.0
6  18.0  452.0
7  34.0  520.0
1  23.0  438.0
2  45.0  515.0
3  64.0  428.0
4  29.0  224.0
5  43.0  419.0
6  30.0  475.0
7  20.0  414.0
1  57.0  401.0
2  48.0  474.0
3  42.0  452.0
4  49.0  469.0
5  60.0  573.0
6  42.0  459.0
7  26.0  429.0
1  0.0  100.0
2  41.0  494.0
3  28.0  475.0
4  41.0  456.0
5  29.0  409.0
6  52.0  464.0
7  60.0  461.0
1  46.0  493.0
2  32.0  517.0
3  28.0  389.0
4  1.0  477.0
5  41.0  506.0
6  17.0  472.0
7  30.0  521.0
1  16.0  275.0
2  54.0  405.0
3  26.0  452.0
4  57.0  496.0
5  65.0  480.0
6  27.0  498.0
7  41.0  510.0
1  34.0  279.0
2  44.0  515.0
3  56.0  506.0
4  62.0  514.0
5  35.0  505.0
6  30.0  357.0
7  44.0  413.0
1  83.0  345.0
2  52.0  466.0
3  17.0  341.0
4  54.0  494.0
5  21.0  370.0
6  72.0  419.0
7  17.0  597.0
1  49.0  429.0
2  44.0  433.0
3  18.0  416.0
4  39.0  379.0
5  41.0  591.0
6  25.0  368.0
7  25.0  691.0
1  60.0  336.0
2  52.0  390.0
3  32.0  569.0
4  45.0  433.0
5  42.0  572.0
6  31.0  466.0
7  37.0  413.0
1  3.0  192.0
2  30.0  373.0
3  19.0  393.0
4  18.0  433.0
5  29.0  497.0
6  34.0  491.0
7  37.0  468.0
1  72.0  306.0
2  58.0  395.0
3  76.0  385.0
4  49.0  425.0
5  37.0  394.0
6  41.0  504.0
7  36.0  585.0
1  62.0  400.0
2  67.0  413.0
3  42.0  411.0
4  42.0  535.0
5  53.0  493.0
6  47.0  548.0
7  37.0  578.0
1  33.0  551.0
2  26.0  557.0
3  42.0  323.0
4  30.0  296.0
5  30.0  577.0
6  21.0  397.0
7  34.0  436.0
1  72.0  397.0
2  83.0  319.0
3  40.0  365.0
4  33.0  532.0
5  18.0  459.0
6  56.0  412.0
7  25.0  366.0
1  36.0  400.0
2  27.0  504.0
3  56.0  355.0
4  57.0  457.0
5  22.0  513.0
6  32.0  541.0
7  59.0  426.0
1  60.0  431.0
2  45.0  224.0
3  29.0  550.0
4  39.0  408.0
5  43.0  441.0
6  31.0  469.0
7  35.0  498.0
1  24.0  445.0
2  51.0  495.0
3  30.0  392.0
4  35.0  470.0
5  50.0  491.0
6  53.0  443.0
7  27.0  499.0
1  52.0  301.0
2  43.0  583.0
3  37.0  508.0
4  30.0  499.0
5  48.0  407.0
6  48.0  297.0
7  18.0  525.0
1  41.0  585.0
2  52.0  391.0
3  55.0  541.0
4  34.0  507.0
5  29.0  343.0
6  57.0  405.0
7  31.0  586.0
1  88.0  294.0
2  50.0  415.0
3  75.0  349.0
4  23.0  560.0
5  29.0  316.0
6  78.0  351.0
7  21.0  497.0
