1.0 515.16
1.2 500.06
1.4 522.57
1.6 520.62
1.8 481.45
2.0 509.34
2.2 516.67
2.4 529.31
2.6 503.98
2.8 528.45
3.0 545.16
3.2 506.67
3.4 520.94
3.6 532.41
3.8 515.84
4.0 531.73
4.2 537.39
4.4 518.06
4.6 548.64
4.8 509.69
5.0 538.23
5.2 533.70
5.4 524.79
5.6 534.42
5.8 535.43
6.0 520.75
6.2 521.73
6.4 527.02
6.6 525.42
6.8 532.97
7.0 527.17
7.2 554.57
7.4 503.52
7.6 534.10
7.8 525.67
8.0 551.24
8.2 502.54
8.4 531.23
8.6 563.19
8.8 506.83
9.0 518.57
9.2 531.41
9.4 546.70
9.6 517.32
9.8 528.01
10.0 518.91
