1  40.0  418.0
1  63.0  374.0
1  62.0  401.0
1  41.0  354.0
1  57.0  379.0
1  40.0  508.0
1  45.0  415.0
1  43.0  361.0
1  47.0  336.0
1  24.0  512.0
1  34.0  495.0
1  69.0  349.0
1  61.0  310.0
1  59.0  405.0
1  80.0  334.0
1  43.0  473.0
1  47.0  459.0
1  44.0  522.0
1  47.0  368.0
1  22.0  315.0
1  2.0  408.0
1  51.0  396.0
1  82.0  287.0
1  25.0  439.0
1  47.0  266.0
1  53.0  392.0
1  55.0  262.0
1  45.0  355.0
1  33.0  437.0
1  44.0  258.0
1  32.0  399.0
1  51.0  420.0
1  32.0  379.0
1  28.0  508.0
1  72.0  310.0
1  50.0  453.0
1  52.0  413.0
1  59.0  348.0
1  74.0  287.0
1  58.0  342.0
1  53.0  426.0
1  63.0  346.0
1  63.0  345.0
1  32.0  486.0
1  65.0  339.0
1  21.0  216.0
1  28.0  283.0
1  40.0  423.0
1  62.0  349.0
1  91.0  254.0
1  67.0  403.0
1  44.0  368.0
1  67.0  311.0
1  58.0  329.0
1  28.0  458.0
1  33.0  315.0
1  60.0  368.0
1  38.0  438.0
1  69.0  361.0
1  38.0  448.0
1  40.0  475.0
1  64.0  459.0
1  55.0  450.0
1  44.0  446.0
1  52.0  372.0
1  35.0  406.0
1  54.0  303.0
1  71.0  382.0
1  42.0  640.0
1  37.0  338.0
1  61.0  336.0
1  11.0  630.0
1  22.0  350.0
1  55.0  468.0
1  68.0  366.0
1  52.0  268.0
1  39.0  456.0
1  62.0  309.0
1  20.0  385.0
1  45.0  469.0
1  84.0  267.0
1  51.0  473.0
1  31.0  401.0
1  72.0  343.0
1  33.0  315.0
1  48.0  404.0
1  28.0  589.0
1  17.0  418.0
1  35.0  392.0
1  32.0  535.0
1  58.0  352.0
1  71.0  330.0
1  50.0  316.0
1  45.0  491.0
1  39.0  477.0
1  65.0  362.0
1  36.0  318.0
1  27.0  448.0
1  31.0  455.0
1  41.0  479.0
2  71.0  303.0
2  23.0  248.0
2  26.0  367.0
2  55.0  402.0
2  22.0  389.0
2  22.0  286.0
2  63.0  287.0
2  70.0  386.0
2  65.0  394.0
2  67.0  353.0
2  41.0  418.0
2  44.0  362.0
2  43.0  413.0
2  35.0  282.0
2  30.0  509.0
2  47.0  254.0
2  42.0  415.0
2  38.0  403.0
2  42.0  444.0
2  49.0  413.0
2  36.0  428.0
2  23.0  424.0
2  46.0  488.0
2  34.0  582.0
2  48.0  438.0
2  40.0  350.0
2  49.0  276.0
2  57.0  372.0
2  38.0  507.0
2  56.0  383.0
2  41.0  545.0
2  73.0  282.0
2  77.0  300.0
2  35.0  427.0
2  45.0  334.0
2  48.0  305.0
2  57.0  332.0
2  70.0  352.0
2  42.0  350.0
2  45.0  395.0
2  55.0  333.0
2  44.0  372.0
2  22.0  350.0
2  63.0  408.0
2  76.0  288.0
2  21.0  371.0
2  31.0  306.0
2  30.0  405.0
2  60.0  447.0
2  28.0  423.0
2  77.0  335.0
2  46.0  284.0
2  35.0  188.0
2  37.0  289.0
2  50.0  446.0
2  33.0  390.0
2  77.0  391.0
2  35.0  221.0
2  55.0  355.0
2  53.0  358.0
2  76.0  322.0
2  80.0  315.0
2  71.0  422.0
2  79.0  297.0
2  64.0  360.0
2  57.0  317.0
2  71.0  347.0
2  74.0  268.0
2  68.0  327.0
2  42.0  460.0
2  26.0  279.0
2  57.0  235.0
2  40.0  462.0
2  30.0  591.0
2  57.0  246.0
2  27.0  280.0
2  24.0  240.0
2  74.0  319.0
2  44.0  442.0
2  22.0  375.0
2  27.0  407.0
2  25.0  284.0
2  32.0  400.0
2  32.0  345.0
2  61.0  281.0
2  38.0  481.0
2  57.0  414.0
2  48.0  271.0
2  19.0  259.0
2  28.0  649.0
2  74.0  373.0
2  56.0  336.0
2  77.0  348.0
2  67.0  440.0
2  45.0  324.0
2  21.0  303.0
2  84.0  282.0
2  62.0  412.0
2  59.0  359.0
2  29.0  351.0
3  25.0  295.0
3  34.0  461.0
3  27.0  315.0
3  51.0  555.0
3  64.0  317.0
3  65.0  319.0
3  53.0  370.0
3  35.0  456.0
3  84.0  391.0
3  67.0  265.0
3  58.0  324.0
3  55.0  367.0
3  62.0  293.0
3  95.0  237.0
3  84.0  284.0
3  49.0  328.0
3  74.0  241.0
3  71.0  323.0
3  19.0  368.0
3  29.0  303.0
3  46.0  335.0
3  45.0  441.0
3  33.0  382.0
3  6.0  110.0
3  18.0  354.0
3  23.0  382.0
3  9.0  265.0
3  37.0  450.0
3  46.0  329.0
3  64.0  309.0
3  35.0  447.0
3  64.0  355.0
3  38.0  402.0
3  77.0  302.0
3  48.0  416.0
3  59.0  399.0
3  48.0  396.0
3  24.0  405.0
3  71.0  289.0
3  42.0  522.0
3  54.0  311.0
3  39.0  358.0
3  57.0  400.0
3  52.0  291.0
3  27.0  233.0
3  78.0  352.0
3  52.0  293.0
3  32.0  363.0
3  8.0  308.0
3  27.0  393.0
3  74.0  263.0
3  36.0  434.0
3  48.0  337.0
3  34.0  245.0
3  7.0  300.0
3  71.0  403.0
3  34.0  303.0
3  54.0  332.0
3  51.0  338.0
3  25.0  176.0
3  9.0  365.0
3  28.0  263.0
3  16.0  198.0
3  39.0  456.0
3  52.0  460.0
3  26.0  472.0
3  50.0  300.0
3  61.0  359.0
3  35.0  337.0
3  29.0  280.0
3  0.0  355.0
3  37.0  377.0
3  79.0  282.0
3  49.0  231.0
3  19.0  322.0
3  30.0  409.0
3  14.0  277.0
3  36.0  358.0
3  74.0  372.0
3  12.0  253.0
3  25.0  354.0
3  72.0  370.0
3  49.0  306.0
3  33.0  391.0
3  24.0  505.0
3  40.0  352.0
3  32.0  433.0
3  45.0  305.0
3  52.0  228.0
3  44.0  376.0
3  42.0  418.0
3  34.0  340.0
3  49.0  485.0
3  52.0  367.0
3  17.0  395.0
3  57.0  387.0
3  27.0  409.0
3  30.0  401.0
3  48.0  425.0
3  34.0  343.0
4  69.0  341.0
4  50.0  417.0
4  28.0  433.0
4  22.0  402.0
4  47.0  271.0
4  28.0  260.0
4  14.0  400.0
4  57.0  242.0
4  48.0  339.0
4  29.0  443.0
4  41.0  390.0
4  9.0  355.0
4  27.0  149.0
4  54.0  367.0
4  63.0  431.0
4  22.0  361.0
4  34.0  246.0
4  68.0  289.0
4  29.0  329.0
4  38.0  254.0
4  67.0  294.0
4  50.0  358.0
4  31.0  205.0
4  57.0  340.0
4  47.0  249.0
4  65.0  323.0
4  49.0  380.0
4  5.0  274.0
4  31.0  364.0
4  55.0  321.0
4  74.0  348.0
4  42.0  313.0
4  40.0  264.0
4  23.0  249.0
4  36.0  374.0
4  56.0  416.0
4  31.0  377.0
4  35.0  362.0
4  2.0  358.0
4  93.0  252.0
4  32.0  279.0
4  51.0  426.0
4  33.0  486.0
4  44.0  360.0
4  60.0  457.0
4  8.0  489.0
4  33.0  396.0
4  53.0  345.0
4  26.0  336.0
4  21.0  341.0
4  29.0  409.0
4  37.0  295.0
4  41.0  379.0
4  62.0  320.0
4  55.0  271.0
4  14.0  271.0
4  54.0  324.0
4  57.0  356.0
4  76.0  248.0
4  68.0  366.0
4  25.0  354.0
4  42.0  391.0
4  47.0  430.0
4  33.0  267.0
4  59.0  441.0
4  27.0  500.0
4  55.0  334.0
4  50.0  248.0
4  5.0  344.0
4  21.0  499.0
4  64.0  434.0
4  63.0  462.0
4  65.0  283.0
4  30.0  328.0
4  35.0  323.0
4  55.0  344.0
4  49.0  503.0
4  79.0  326.0
4  43.0  447.0
4  39.0  370.0
4  51.0  348.0
4  42.0  231.0
4  29.0  610.0
4  46.0  456.0
4  57.0  286.0
4  41.0  385.0
4  43.0  471.0
4  17.0  311.0
4  18.0  297.0
4  1.0  108.0
4  47.0  349.0
4  66.0  292.0
4  28.0  345.0
4  54.0  496.0
4  45.0  297.0
4  48.0  351.0
4  49.0  380.0
4  37.0  523.0
4  34.0  322.0
4  32.0  455.0
5  32.0  380.0
5  85.0  266.0
5  57.0  366.0
5  47.0  520.0
5  26.0  267.0
5  52.0  302.0
5  16.0  436.0
5  45.0  306.0
5  53.0  321.0
5  41.0  327.0
5  24.0  352.0
5  63.0  326.0
5  34.0  370.0
5  46.0  380.0
5  51.0  400.0
5  34.0  367.0
5  24.0  367.0
5  39.0  312.0
5  50.0  289.0
5  13.0  438.0
5  64.0  324.0
5  37.0  253.0
5  13.0  239.0
5  25.0  479.0
5  56.0  412.0
5  55.0  300.0
5  42.0  222.0
5  27.0  357.0
5  35.0  290.0
5  38.0  225.0
5  38.0  253.0
5  55.0  386.0
5  56.0  275.0
5  50.0  313.0
5  56.0  307.0
5  43.0  233.0
5  31.0  380.0
5  29.0  307.0
5  41.0  383.0
5  51.0  231.0
5  43.0  313.0
5  69.0  274.0
5  37.0  317.0
5  48.0  288.0
5  26.0  328.0
5  51.0  376.0
5  38.0  368.0
5  41.0  369.0
5  53.0  352.0
5  75.0  304.0
5  30.0  248.0
5  37.0  316.0
5  40.0  278.0
5  54.0  343.0
5  46.0  297.0
5  44.0  283.0
5  67.0  262.0
5  12.0  205.0
5  21.0  492.0
5  35.0  429.0
5  22.0  275.0
5  6.0  398.0
5  31.0  299.0
5  11.0  318.0
5  32.0  267.0
5  45.0  323.0
5  63.0  298.0
5  47.0  335.0
5  50.0  344.0
5  10.0  362.0
5  50.0  373.0
5  47.0  415.0
5  29.0  446.0
5  50.0  345.0
5  32.0  331.0
5  73.0  370.0
5  67.0  359.0
5  38.0  454.0
5  29.0  267.0
5  49.0  358.0
5  32.0  257.0
5  54.0  366.0
5  30.0  304.0
5  27.0  320.0
5  51.0  324.0
5  68.0  382.0
5  24.0  250.0
5  54.0  289.0
5  54.0  322.0
5  27.0  390.0
5  63.0  303.0
5  67.0  346.0
5  60.0  386.0
5  47.0  344.0
5  43.0  284.0
5  60.0  248.0
5  27.0  383.0
5  25.0  396.0
5  20.0  349.0
5  53.0  348.0
