1  82.0  295
2  51.0  341
3  16.0  377
4  51.0  439
5  58.0  304
6  43.0  377
7  72.0  322
1  61.0  383
2  27.0  525
3  62.0  458
4  31.0  489
5  55.0  328
6  42.0  588
7  68.0  387
1  57.0  397
2  40.0  350
3  97.0  177
4  47.0  357
5  36.0  266
6  30.0  284
7  39.0  347
1  51.0  434
2  64.0  445
3  46.0  286
4  45.0  280
5  31.0  596
6  48.0  293
7  29.0  434
1  40.0  543
2  47.0  381
3  71.0  341
4  53.0  476
5  45.0  484
6  47.0  438
7  54.0  401
1  33.0  544
2  57.0  445
3  40.0  201
4  49.0  317
5  60.0  361
6  32.0  502
7  17.0  214
1  60.0  253
2  51.0  443
3  45.0  309
4  74.0  286
5  37.0  364
6  47.0  428
7  54.0  227
1  10.0  423
2  55.0  377
3  64.0  403
4  57.0  452
5  32.0  324
6  42.0  623
7  45.0  467
1  38.0  186
2  46.0  489
3  27.0  451
4  66.0  437
5  61.0  482
6  48.0  527
7  68.0  365
1  38.0  232
2  55.0  533
3  59.0  296
4  40.0  461
5  79.0  344
6  32.0  367
7  40.0  438
1  86.0  259
2  53.0  406
3  53.0  370
4  51.0  403
5  21.0  434
6  72.0  308
7  47.0  445
1  27.0  599
2  27.0  376
3  31.0  508
4  55.0  344
5  42.0  426
6  34.0  332
7  48.0  357
1  65.0  378
2  67.0  387
3  48.0  490
4  47.0  358
5  66.0  355
6  57.0  576
7  71.0  382
1  39.0  349
2  77.0  328
3  62.0  353
4  39.0  368
5  57.0  454
6  56.0  525
7  39.0  384
1  38.0  172
2  59.0  259
3  88.0  270
4  85.0  308
5  54.0  278
6  46.0  421
7  37.0  435
1  77.0  260
2  57.0  331
3  53.0  339
4  55.0  363
5  54.0  295
6  52.0  397
7  25.0  389
1  51.0  157
2  54.0  404
3  27.0  441
4  77.0  390
5  37.0  335
6  66.0  298
7  43.0  537
1  38.0  408
2  76.0  277
3  47.0  381
4  55.0  290
5  44.0  465
6  31.0  412
7  13.0  570
1  29.0  503
2  62.0  407
3  58.0  305
4  70.0  384
5  35.0  267
6  56.0  448
7  28.0  431
1  58.0  225
2  35.0  164
3  82.0  255
4  71.0  331
5  20.0  470
6  38.0  480
7  30.0  432
1  16.0  576
2  32.0  342
3  25.0  242
4  57.0  365
5  59.0  415
6  37.0  482
7  57.0  416
1  80.0  333
2  61.0  250
3  69.0  319
4  39.0  452
5  24.0  538
6  18.0  402
7  22.0  532
1  63.0  356
2  60.0  210
3  52.0  421
4  32.0  415
5  76.0  254
6  70.0  398
7  39.0  606
1  69.0  290
2  83.0  311
3  48.0  472
4  53.0  400
5  44.0  397
6  40.0  488
7  29.0  476
1  45.0  437
2  49.0  609
3  58.0  358
4  35.0  356
5  39.0  326
6  50.0  415
7  43.0  627
1  59.0  379
2  53.0  491
3  74.0  340
4  46.0  405
5  61.0  393
6  65.0  441
7  53.0  498
1  45.0  355
2  55.0  363
3  44.0  301
4  62.0  322
5  42.0  359
6  55.0  406
7  27.0  382
1  61.0  399
2  24.0  159
3  70.0  370
4  61.0  445
5  37.0  548
6  37.0  451
7  24.0  373
1  40.0  385
2  4.0  470
3  58.0  425
4  31.0  359
5  50.0  457
6  30.0  483
7  49.0  484
1  71.0  410
2  43.0  494
3  49.0  516
4  43.0  315
5  45.0  533
6  44.0  340
7  32.0  300
1  21.0  290
2  25.0  520
3  20.0  354
4  36.0  237
5  36.0  435
6  33.0  310
7  63.0  430
1  82.0  315
2  27.0  341
3  56.0  435
4  38.0  469
5  50.0  476
6  41.0  446
7  44.0  441
1  52.0  293
2  23.0  684
3  25.0  165
4  23.0  262
5  28.0  384
6  65.0  378
7  30.0  599
1  39.0  419
2  78.0  360
3  35.0  225
4  50.0  425
5  27.0  544
6  33.0  396
7  30.0  484
1  56.0  389
2  19.0  273
3  64.0  328
4  56.0  334
5  46.0  484
6  55.0  472
7  51.0  407
1  77.0  228
2  73.0  304
3  64.0  347
4  65.0  411
5  46.0  448
6  62.0  353
7  36.0  367
1  45.0  346
2  79.0  311
3  53.0  391
4  52.0  407
5  38.0  366
6  34.0  288
7  42.0  299
1  51.0  364
2  42.0  290
3  56.0  346
4  74.0  401
5  40.0  441
6  46.0  243
7  37.0  472
1  37.0  445
2  56.0  362
3  43.0  414
4  25.0  260
5  41.0  450
6  39.0  419
7  70.0  326
1  55.0  353
2  67.0  315
3  59.0  410
4  58.0  415
5  60.0  454
6  37.0  474
7  33.0  341
1  43.0  241
2  34.0  405
3  44.0  553
4  44.0  487
5  39.0  281
6  14.0  512
7  45.0  488
1  75.0  391
2  46.0  430
3  71.0  334
4  76.0  402
5  81.0  267
6  32.0  556
7  37.0  437
1  24.0  372
2  25.0  479
3  62.0  421
4  41.0  424
5  29.0  311
6  32.0  464
7  20.0  292
1  52.0  448
2  53.0  503
3  43.0  223
4  35.0  287
5  52.0  297
6  47.0  371
7  34.0  437
1  30.0  375
2  41.0  485
3  76.0  322
4  45.0  395
5  43.0  266
6  79.0  319
7  31.0  525
1  37.0  371
2  72.0  320
3  54.0  435
4  49.0  582
5  40.0  310
6  43.0  478
7  48.0  404
1  36.0  405
2  47.0  440
3  67.0  328
4  34.0  400
5  53.0  516
6  16.0  341
7  41.0  388
1  69.0  305
2  43.0  516
3  55.0  403
4  50.0  419
5  55.0  316
6  25.0  431
7  58.0  428
1  39.0  414
2  40.0  519
3  38.0  374
4  52.0  253
5  45.0  420
6  28.0  388
7  21.0  504
1  86.0  214
2  72.0  380
3  24.0  494
4  26.0  405
5  26.0  503
6  82.0  313
7  19.0  504
1  45.0  334
2  68.0  340
3  61.0  428
4  58.0  361
5  23.0  370
6  48.0  366
7  47.0  522
1  71.0  368
2  67.0  355
3  32.0  503
4  56.0  413
5  65.0  351
6  37.0  412
7  64.0  472
1  32.0  450
2  33.0  426
3  86.0  268
4  50.0  357
5  40.0  314
6  21.0  599
7  67.0  347
1  54.0  333
2  25.0  563
3  75.0  360
4  49.0  357
5  48.0  285
6  55.0  448
7  68.0  411
1  35.0  98
2  76.0  336
3  57.0  331
4  55.0  390
5  62.0  427
6  70.0  446
7  61.0  435
1  34.0  479
2  57.0  321
3  74.0  222
4  39.0  276
5  41.0  434
6  36.0  415
7  61.0  420
1  87.0  309
2  70.0  375
3  46.0  450
4  55.0  450
5  63.0  421
6  41.0  362
7  39.0  488
1  42.0  239
2  69.0  315
3  49.0  168
4  58.0  387
5  27.0  430
6  44.0  564
7  28.0  492
1  61.0  314
2  26.0  540
3  63.0  423
4  21.0  448
5  67.0  379
6  24.0  440
7  43.0  474
1  50.0  314
2  32.0  587
3  36.0  361
4  66.0  396
5  33.0  318
6  33.0  339
7  49.0  397
1  35.0  596
2  55.0  443
3  69.0  299
4  17.0  357
5  58.0  385
6  47.0  355
7  44.0  478
1  44.0  314
2  49.0  387
3  46.0  423
4  64.0  253
5  50.0  310
6  47.0  392
7  29.0  438
1  9.0  592
2  68.0  396
3  46.0  417
4  36.0  396
5  25.0  426
6  60.0  374
7  40.0  475
1  40.0  446
2  56.0  416
3  57.0  385
4  64.0  350
5  48.0  425
6  47.0  453
7  64.0  314
1  45.0  411
2  69.0  332
3  42.0  408
4  45.0  552
5  29.0  403
6  23.0  533
7  58.0  504
1  44.0  192
2  55.0  405
3  79.0  312
4  83.0  298
5  37.0  461
6  13.0  455
7  51.0  295
1  61.0  358
2  72.0  404
3  50.0  488
4  47.0  413
5  68.0  316
6  71.0  420
7  61.0  446
1  58.0  345
2  68.0  435
3  33.0  275
4  63.0  351
5  52.0  453
6  58.0  346
7  41.0  339
1  55.0  290
2  56.0  346
3  54.0  322
4  66.0  355
5  23.0  394
6  58.0  407
7  50.0  448
1  61.0  365
2  13.0  460
3  34.0  352
4  79.0  360
5  38.0  308
6  55.0  450
7  72.0  397
1  83.0  307
2  60.0  400
3  32.0  423
4  51.0  447
5  33.0  348
6  48.0  314
7  49.0  458
1  16.0  579
2  29.0  445
3  60.0  409
4  50.0  408
5  22.0  524
6  41.0  342
7  59.0  307
1  42.0  245
2  46.0  377
3  37.0  276
4  39.0  261
5  46.0  555
6  25.0  470
7  59.0  460
1  59.0  380
2  43.0  315
3  41.0  396
4  41.0  251
5  56.0  328
6  37.0  517
7  29.0  433
1  49.0  295
2  62.0  421
3  53.0  463
4  78.0  302
5  54.0  238
6  53.0  411
7  23.0  289
1  70.0  299
2  50.0  399
3  61.0  364
4  39.0  496
5  48.0  412
6  20.0  297
7  34.0  451
1  23.0  434
2  61.0  351
3  45.0  284
4  19.0  384
5  58.0  414
6  34.0  570
7  52.0  553
1  27.0  566
2  72.0  388
3  56.0  374
4  77.0  274
5  33.0  247
6  43.0  318
7  61.0  285
1  55.0  307
2  76.0  302
3  51.0  499
4  40.0  329
5  21.0  349
6  33.0  473
7  47.0  411
1  48.0  575
2  38.0  316
3  16.0  176
4  53.0  424
5  27.0  429
6  56.0  461
7  36.0  453
1  48.0  410
2  51.0  439
3  74.0  317
4  43.0  368
5  43.0  365
6  46.0  334
7  40.0  491
1  43.0  490
2  74.0  321
3  68.0  332
4  45.0  409
5  31.0  258
6  49.0  350
7  42.0  225
1  48.0  307
2  33.0  454
3  57.0  349
4  54.0  296
5  47.0  432
6  50.0  439
7  39.0  523
1  51.0  261
2  45.0  463
3  55.0  441
4  57.0  304
5  35.0  331
6  43.0  421
7  45.0  449
1  66.0  492
2  35.0  309
3  18.0  388
4  22.0  338
5  40.0  485
6  51.0  443
7  33.0  368
1  34.0  270
2  45.0  365
3  31.0  458
4  60.0  475
5  35.0  304
6  30.0  547
7  47.0  460
1  61.0  405
2  41.0  252
3  64.0  291
4  47.0  207
5  29.0  467
6  45.0  385
7  72.0  277
1  72.0  311
2  34.0  132
3  47.0  537
4  58.0  399
5  47.0  385
6  39.0  462
7  63.0  350
1  60.0  382
2  47.0  331
3  25.0  377
4  53.0  388
5  25.0  413
6  28.0  359
7  11.0  382
1  58.0  438
2  39.0  386
3  66.0  282
4  47.0  520
5  55.0  386
6  45.0  375
7  51.0  414
1  87.0  242
2  48.0  516
3  55.0  230
4  42.0  368
5  27.0  225
6  77.0  326
7  42.0  413
1  24.0  320
2  80.0  349
3  48.0  457
4  50.0  514
5  37.0  460
6  58.0  374
7  52.0  405
1  75.0  360
2  54.0  455
3  28.0  333
4  50.0  236
5  48.0  395
6  77.0  302
7  34.0  480
1  76.0  363
2  71.0  376
3  22.0  603
4  56.0  356
5  48.0  375
6  48.0  443
7  35.0  350
1  72.0  304
2  51.0  481
3  50.0  336
4  30.0  418
5  59.0  334
6  31.0  363
7  57.0  505
1  81.0  374
2  60.0  455
3  41.0  432
4  41.0  198
5  46.0  485
6  45.0  406
7  62.0  349
1  42.0  339
2  50.0  470
3  38.0  359
4  21.0  438
5  55.0  294
6  37.0  269
7  21.0  464
1  55.0  358
2  63.0  321
3  36.0  451
4  45.0  324
5  64.0  440
6  22.0  378
7  36.0  376
1  49.0  470
2  29.0  526
3  74.0  329
4  64.0  437
5  49.0  322
6  64.0  415
7  27.0  478
1  28.0  402
2  37.0  348
3  65.0  385
4  44.0  382
5  56.0  349
6  52.0  358
7  31.0  356
