1  71.0  391.0
1  72.0  306.0
1  100.0  200.0
1  49.0  269.0
1  67.0  337.0
1  32.0  217.0
1  23.0  416.0
1  57.0  399.0
1  52.0  331.0
1  29.0  474.0
1  36.0  496.0
1  44.0  489.0
1  60.0  407.0
1  40.0  270.0
1  51.0  385.0
1  24.0  521.0
1  80.0  344.0
1  56.0  385.0
1  15.0  318.0
1  89.0  248.0
1  26.0  510.0
1  66.0  389.0
1  94.0  231.0
1  60.0  389.0
1  51.0  391.0
1  88.0  274.0
1  55.0  412.0
1  83.0  303.0
1  63.0  380.0
1  62.0  351.0
1  33.0  273.0
1  21.0  597.0
1  92.0  281.0
1  92.0  247.0
1  66.0  332.0
1  33.0  481.0
1  58.0  342.0
1  2.0  419.0
1  14.0  481.0
1  34.0  222.0
1  36.0  406.0
1  41.0  416.0
1  27.0  405.0
1  46.0  459.0
1  86.0  293.0
1  57.0  355.0
1  42.0  411.0
1  14.0  617.0
1  29.0  530.0
1  71.0  348.0
1  67.0  369.0
1  31.0  452.0
1  55.0  426.0
1  56.0  427.0
1  37.0  807.0
1  57.0  456.0
1  12.0  435.0
1  45.0  338.0
1  83.0  314.0
1  86.0  301.0
1  23.0  382.0
1  70.0  322.0
1  68.0  346.0
1  40.0  426.0
1  35.0  433.0
1  25.0  450.0
1  33.0  504.0
1  38.0  330.0
1  39.0  394.0
1  21.0  598.0
1  68.0  544.0
1  53.0  347.0
1  83.0  293.0
1  75.0  348.0
1  30.0  441.0
1  86.0  294.0
1  30.0  417.0
1  63.0  362.0
1  0.0  275.0
1  39.0  430.0
1  45.0  406.0
1  64.0  354.0
1  81.0  310.0
1  87.0  317.0
1  13.0  238.0
1  72.0  337.0
1  62.0  365.0
1  60.0  428.0
1  52.0  262.0
1  18.0  450.0
1  39.0  491.0
1  50.0  401.0
1  34.0  383.0
1  32.0  462.0
1  0.0  700.0
1  100.0  200.0
1  66.0  383.0
1  50.0  484.0
1  55.0  377.0
1  74.0  330.0
2  43.0  421.0
2  32.0  686.0
2  45.0  475.0
2  20.0  602.0
2  60.0  428.0
2  27.0  400.0
2  79.0  300.0
2  66.0  450.0
2  30.0  340.0
2  79.0  335.0
2  49.0  393.0
2  47.0  434.0
2  52.0  501.0
2  27.0  194.0
2  47.0  385.0
2  44.0  335.0
2  71.0  331.0
2  45.0  225.0
2  46.0  482.0
2  43.0  418.0
2  51.0  301.0
2  19.0  462.0
2  0.0  170.0
2  78.0  371.0
2  82.0  346.0
2  30.0  420.0
2  59.0  352.0
2  0.0  157.0
2  69.0  275.0
2  57.0  369.0
2  55.0  281.0
2  100.0  200.0
2  59.0  292.0
2  59.0  401.0
2  19.0  160.0
2  5.0  150.0
2  38.0  207.0
2  33.0  473.0
2  62.0  448.0
2  57.0  627.0
2  35.0  397.0
2  18.0  361.0
2  15.0  443.0
2  53.0  330.0
2  48.0  473.0
2  85.0  291.0
2  56.0  468.0
2  75.0  321.0
2  38.0  510.0
2  59.0  386.0
2  64.0  363.0
2  61.0  332.0
2  35.0  409.0
2  44.0  521.0
2  58.0  225.0
2  31.0  377.0
2  10.0  236.0
2  20.0  213.0
2  67.0  390.0
2  61.0  329.0
2  78.0  360.0
2  52.0  386.0
2  36.0  484.0
2  60.0  421.0
2  47.0  212.0
2  34.0  537.0
2  33.0  428.0
2  15.0  387.0
2  96.0  238.0
2  48.0  385.0
2  63.0  446.0
2  0.0  330.0
2  52.0  419.0
2  70.0  376.0
2  90.0  283.0
2  24.0  353.0
2  44.0  386.0
2  64.0  471.0
2  20.0  553.0
2  68.0  275.0
2  48.0  518.0
2  78.0  328.0
2  23.0  492.0
2  44.0  748.0
2  27.0  393.0
2  100.0  200.0
2  33.0  424.0
2  66.0  341.0
2  63.0  378.0
2  14.0  159.0
2  41.0  407.0
2  49.0  278.0
2  63.0  458.0
2  0.0  445.0
2  33.0  388.0
2  17.0  73.0
2  57.0  372.0
2  57.0  549.0
2  80.0  318.0
2  51.0  331.0
3  48.0  319.0
3  0.0  380.0
3  36.0  264.0
3  73.0  284.0
3  57.0  425.0
3  18.0  348.0
3  0.0  220.0
3  10.0  115.0
3  37.0  407.0
3  39.0  393.0
3  36.0  329.0
3  62.0  252.0
3  45.0  328.0
3  32.0  454.0
3  57.0  496.0
3  25.0  284.0
3  59.0  241.0
3  66.0  507.0
3  71.0  329.0
3  16.0  244.0
3  56.0  257.0
3  33.0  441.0
3  10.0  373.0
3  45.0  345.0
3  61.0  349.0
3  24.0  256.0
3  90.0  279.0
3  94.0  212.0
3  0.0  155.0
3  13.0  292.0
3  30.0  258.0
3  58.0  284.0
3  43.0  449.0
3  23.0  482.0
3  74.0  274.0
3  62.0  331.0
3  30.0  508.0
3  52.0  278.0
3  44.0  442.0
3  10.0  718.0
3  27.0  238.0
3  49.0  371.0
3  0.0  255.0
3  12.0  401.0
3  18.0  144.0
3  60.0  439.0
3  26.0  529.0
3  63.0  373.0
3  5.0  513.0
3  50.0  408.0
3  45.0  355.0
3  7.0  207.0
3  68.0  361.0
3  46.0  592.0
3  67.0  292.0
3  26.0  252.0
3  47.0  344.0
3  78.0  337.0
3  43.0  450.0
3  41.0  428.0
3  65.0  350.0
3  68.0  303.0
3  19.0  357.0
3  52.0  319.0
3  71.0  294.0
3  30.0  324.0
3  68.0  380.0
3  75.0  328.0
3  44.0  285.0
3  67.0  332.0
3  75.0  291.0
3  29.0  283.0
3  24.0  391.0
3  48.0  496.0
3  68.0  389.0
3  26.0  431.0
3  80.0  309.0
3  22.0  395.0
3  27.0  384.0
3  51.0  276.0
3  6.0  481.0
3  37.0  344.0
3  19.0  369.0
3  0.0  335.0
3  13.0  272.0
3  47.0  390.0
3  61.0  347.0
3  34.0  417.0
3  40.0  351.0
3  96.0  200.0
3  14.0  300.0
3  15.0  425.0
3  16.0  315.0
3  14.0  398.0
3  30.0  372.0
3  59.0  390.0
3  0.0  70.0
3  48.0  418.0
3  38.0  356.0
3  77.0  293.0
4  52.0  247.0
4  44.0  383.0
4  76.0  414.0
4  54.0  321.0
4  19.0  411.0
4  54.0  339.0
4  25.0  317.0
4  28.0  166.0
4  26.0  311.0
4  49.0  269.0
4  52.0  303.0
4  63.0  341.0
4  22.0  257.0
4  72.0  276.0
4  13.0  319.0
4  27.0  337.0
4  56.0  493.0
4  70.0  263.0
4  28.0  336.0
4  44.0  338.0
4  65.0  429.0
4  40.0  324.0
4  100.0  200.0
4  30.0  398.0
4  27.0  440.0
4  33.0  267.0
4  57.0  260.0
4  22.0  358.0
4  8.0  301.0
4  33.0  340.0
4  2.0  490.0
4  26.0  681.0
4  100.0  200.0
4  88.0  270.0
4  24.0  283.0
4  0.0  135.0
4  71.0  293.0
4  32.0  337.0
4  50.0  659.0
4  14.0  260.0
4  43.0  605.0
4  25.0  491.0
4  30.0  390.0
4  46.0  327.0
4  34.0  509.0
4  59.0  279.0
4  4.0  227.0
4  36.0  192.0
4  79.0  337.0
4  47.0  323.0
4  62.0  359.0
4  27.0  185.0
4  38.0  324.0
4  73.0  418.0
4  66.0  265.0
4  43.0  433.0
4  19.0  333.0
4  48.0  392.0
4  17.0  484.0
4  61.0  339.0
4  100.0  200.0
4  15.0  177.0
4  59.0  349.0
4  0.0  370.0
4  31.0  422.0
4  5.0  289.0
4  53.0  310.0
4  69.0  270.0
4  21.0  217.0
4  19.0  323.0
4  18.0  282.0
4  32.0  282.0
4  51.0  350.0
4  33.0  279.0
4  89.0  271.0
4  34.0  261.0
4  1.0  217.0
4  75.0  333.0
4  46.0  213.0
4  64.0  341.0
4  58.0  415.0
4  70.0  514.0
4  59.0  366.0
4  95.0  235.0
4  46.0  173.0
4  13.0  493.0
4  82.0  252.0
4  23.0  352.0
4  44.0  321.0
4  43.0  350.0
4  22.0  343.0
4  19.0  279.0
4  29.0  313.0
4  5.0  381.0
4  57.0  285.0
4  74.0  402.0
4  41.0  351.0
4  45.0  242.0
4  22.0  385.0
4  42.0  252.0
5  78.0  265.0
5  29.0  550.0
5  6.0  553.0
5  58.0  446.0
5  31.0  229.0
5  44.0  501.0
5  28.0  341.0
5  49.0  497.0
5  44.0  223.0
5  30.0  464.0
5  52.0  234.0
5  34.0  270.0
5  0.0  432.0
5  17.0  559.0
5  39.0  480.0
5  60.0  273.0
5  43.0  308.0
5  85.0  271.0
5  63.0  425.0
5  100.0  200.0
5  25.0  349.0
5  18.0  335.0
5  56.0  437.0
5  43.0  314.0
5  38.0  292.0
5  100.0  200.0
5  46.0  312.0
5  59.0  315.0
5  95.0  217.0
5  38.0  397.0
5  8.0  650.0
5  67.0  421.0
5  28.0  238.0
5  40.0  396.0
5  46.0  290.0
5  31.0  381.0
5  54.0  588.0
5  47.0  310.0
5  23.0  383.0
5  47.0  398.0
5  0.0  348.0
5  58.0  346.0
5  58.0  397.0
5  44.0  336.0
5  17.0  609.0
5  86.0  300.0
5  100.0  200.0
5  56.0  375.0
5  47.0  211.0
5  13.0  272.0
5  42.0  357.0
5  32.0  283.0
5  61.0  382.0
5  26.0  330.0
5  41.0  279.0
5  57.0  302.0
5  4.0  321.0
5  33.0  378.0
5  68.0  357.0
5  98.0  212.0
5  23.0  312.0
5  33.0  406.0
5  49.0  429.0
5  34.0  371.0
5  43.0  386.0
5  15.0  502.0
5  44.0  230.0
5  47.0  403.0
5  71.0  258.0
5  30.0  380.0
5  32.0  172.0
5  0.0  576.0
5  31.0  239.0
5  66.0  341.0
5  61.0  242.0
5  23.0  293.0
5  69.0  470.0
5  31.0  490.0
5  38.0  454.0
5  0.0  306.0
5  48.0  307.0
5  23.0  301.0
5  55.0  279.0
5  14.0  391.0
5  23.0  434.0
5  63.0  360.0
5  93.0  280.0
5  21.0  309.0
5  30.0  264.0
5  81.0  318.0
5  45.0  303.0
5  7.0  253.0
5  27.0  507.0
5  64.0  298.0
5  81.0  223.0
5  20.0  357.0
5  27.0  385.0
5  30.0  313.0
5  24.0  265.0
5  72.0  342.0
