1  42.299999999999997  2951
2  44.600000000000001  3103
3  38.399999999999999  3426
4  44.799999999999997  2835
5  46.100000000000001  3138
6  40.5  2855
7  29.699999999999999  3393
1  34.5  2677
2  33.399999999999999  2944
3  41.799999999999997  3200
4  54.600000000000001  2911
5  44.399999999999999  2985
6  42.5  2993
7  41.100000000000001  3551
1  49.899999999999999  3037
2  38.200000000000003  2511
3  31.899999999999999  2464
4  38.0  2956
5  43.100000000000001  2785
6  34.299999999999997  3376
7  29.800000000000001  2985
1  49.899999999999999  2809
2  36.299999999999997  3406
3  44.299999999999997  2870
4  40.100000000000001  3174
5  33.299999999999997  2935
6  46.799999999999997  3053
7  39.600000000000001  2980
1  49.0  2913
2  43.5  2801
3  38.799999999999997  2912
4  46.700000000000003  3241
5  39.200000000000003  3027
6  42.799999999999997  2687
7  38.600000000000001  3328
1  46.700000000000003  2621
2  46.100000000000001  3170
3  38.700000000000003  2992
4  42.600000000000001  3235
5  48.899999999999999  3139
6  39.899999999999999  2999
7  36.200000000000003  3217
1  35.899999999999999  3549
2  46.100000000000001  3219
3  47.0  2822
4  38.600000000000001  3239
5  36.200000000000003  2647
6  35.600000000000001  2971
7  35.799999999999997  2841
1  37.5  2337
2  38.0  2578
3  35.5  3080
4  47.700000000000003  3011
5  40.600000000000001  3150
6  31.899999999999999  2682
7  38.200000000000003  2752
1  48.5  3275
2  45.100000000000001  2686
3  45.799999999999997  3118
4  40.899999999999999  3201
5  42.600000000000001  3116
6  39.0  3414
7  36.700000000000003  3195
1  38.899999999999999  2568
2  44.799999999999997  3053
3  32.899999999999999  2909
4  38.100000000000001  2947
5  33.600000000000001  3097
6  38.5  3267
7  36.700000000000003  2806
1  40.200000000000003  2825
2  37.399999999999999  2828
3  48.399999999999999  2728
4  43.200000000000003  2860
5  49.399999999999999  3034
6  41.100000000000001  3050
7  32.600000000000001  3247
1  43.399999999999999  3142
2  47.899999999999999  2837
3  47.200000000000003  2979
4  49.5  2915
5  26.399999999999999  2639
6  34.700000000000003  3345
7  45.299999999999997  3096
1  43.0  2955
2  39.100000000000001  2689
3  45.399999999999999  3018
4  40.600000000000001  2874
5  36.899999999999999  2808
6  42.799999999999997  3244
7  39.399999999999999  3120
1  42.5  2733
2  50.700000000000003  3300
3  40.399999999999999  2735
4  40.100000000000001  2834
5  35.600000000000001  2488
6  34.700000000000003  2951
7  34.399999999999999  3405
1  36.799999999999997  2864
2  50.100000000000001  2652
3  38.399999999999999  2772
4  39.600000000000001  2622
5  39.100000000000001  3305
6  46.100000000000001  3131
7  30.699999999999999  2716
1  54.700000000000003  2984
2  43.299999999999997  3027
3  50.0  2973
4  40.700000000000003  2901
5  36.0  3068
6  40.5  2855
7  42.299999999999997  3033
1  45.100000000000001  2908
2  35.799999999999997  2773
3  34.399999999999999  2683
4  37.0  2970
5  39.799999999999997  3141
6  42.0  3019
7  44.200000000000003  3171
1  53.700000000000003  3094
2  44.299999999999997  2884
3  51.200000000000003  2940
4  45.299999999999997  2990
5  39.5  3162
6  40.100000000000001  2801
7  76.200000000000003  1984
1  43.700000000000003  2919
2  44.700000000000003  2835
3  45.700000000000003  2708
4  41.899999999999999  3050
5  44.299999999999997  2945
6  35.299999999999997  3327
7  43.799999999999997  2903
1  48.0  3078
2  45.899999999999999  3099
3  36.799999999999997  3159
4  35.700000000000003  2871
5  48.600000000000001  3082
6  42.799999999999997  3063
7  40.100000000000001  3109
1  44.700000000000003  2483
2  40.399999999999999  2979
3  43.100000000000001  2736
4  40.700000000000003  2935
5  36.5  2950
6  43.299999999999997  2921
7  41.5  3023
1  48.600000000000001  2868
2  39.5  2906
3  46.399999999999999  2967
4  33.100000000000001  2460
5  42.700000000000003  3245
6  40.200000000000003  2969
7  41.700000000000003  3120
1  45.100000000000001  3180
2  44.399999999999999  2784
3  54.399999999999999  2816
4  42.799999999999997  2752
5  47.399999999999999  3009
6  41.399999999999999  3234
7  30.100000000000001  3431
1  48.299999999999997  2781
2  41.899999999999999  3125
3  61.299999999999997  2781
4  49.700000000000003  2824
5  43.0  2990
6  48.399999999999999  3014
7  38.799999999999997  3149
1  44.0  3191
2  41.5  2874
3  45.799999999999997  2466
4  38.600000000000001  3185
5  35.399999999999999  2696
6  39.799999999999997  2908
7  44.600000000000001  2867
1  44.799999999999997  2614
2  44.5  2948
3  44.5  2668
4  49.5  2621
5  37.600000000000001  2840
6  35.200000000000003  2671
7  43.700000000000003  3086
1  44.700000000000003  3168
2  42.799999999999997  3346
3  44.799999999999997  2699
4  40.399999999999999  2915
5  47.299999999999997  2869
6  31.5  2922
7  37.700000000000003  3070
1  39.399999999999999  3122
2  51.200000000000003  2529
3  38.799999999999997  3498
4  48.100000000000001  2910
5  42.899999999999999  3041
6  49.600000000000001  2740
7  34.799999999999997  3068
1  37.200000000000003  2729
2  38.5  2518
3  38.899999999999999  2596
4  50.600000000000001  2981
5  34.899999999999999  3077
6  42.899999999999999  3090
7  35.100000000000001  3440
1  35.399999999999999  2829
2  40.5  2986
3  36.700000000000003  2835
4  43.399999999999999  2979
5  48.600000000000001  2891
6  41.200000000000003  3124
7  46.0  3184
1  48.899999999999999  2617
2  41.200000000000003  3330
3  31.899999999999999  2810
4  48.100000000000001  2923
5  40.100000000000001  2995
6  44.100000000000001  3007
7  39.600000000000001  2927
1  38.899999999999999  2938
2  46.200000000000003  3008
3  39.299999999999997  2998
4  48.299999999999997  2604
5  40.700000000000003  3058
6  38.399999999999999  2941
7  35.299999999999997  3043
1  52.899999999999999  2996
2  41.799999999999997  3069
3  33.899999999999999  2977
4  39.5  2552
5  46.700000000000003  2895
6  43.200000000000003  3263
7  41.899999999999999  2862
1  43.399999999999999  3168
2  34.100000000000001  3150
3  46.799999999999997  2851
4  46.100000000000001  2953
5  46.899999999999999  3255
6  40.799999999999997  2726
7  36.600000000000001  2952
1  52.100000000000001  3099
2  51.100000000000001  2944
3  36.299999999999997  3014
4  41.600000000000001  3010
5  37.200000000000003  2872
6  47.799999999999997  2796
7  45.399999999999999  3265
1  42.600000000000001  2908
2  53.799999999999997  2669
3  39.899999999999999  3354
4  37.399999999999999  3148
5  45.600000000000001  2880
6  43.399999999999999  2890
7  52.399999999999999  2822
1  34.5  3022
2  48.700000000000003  3132
3  49.0  2706
4  33.200000000000003  3010
5  41.799999999999997  2989
6  36.100000000000001  2876
7  43.200000000000003  2858
1  39.200000000000003  3053
2  48.899999999999999  3028
3  47.299999999999997  2847
4  41.100000000000001  3321
5  39.700000000000003  2802
6  40.600000000000001  2892
7  36.299999999999997  2985
1  56.0  2914
2  40.0  2945
3  35.0  3100
4  38.799999999999997  3429
5  45.399999999999999  2944
6  44.0  2984
7  43.5  3373
1  34.399999999999999  3374
2  42.0  2787
3  49.200000000000003  3461
4  33.700000000000003  3004
5  32.899999999999999  2762
6  35.799999999999997  3120
7  36.899999999999999  3563
1  35.0  2470
2  44.600000000000001  2840
3  45.299999999999997  2269
4  47.899999999999999  2921
5  37.799999999999997  2720
6  42.0  2798
7  38.799999999999997  3189
1  45.0  2567
2  43.399999999999999  2580
3  42.5  2642
4  30.800000000000001  2872
5  46.100000000000001  2681
6  49.0  2792
7  42.399999999999999  2812
1  37.100000000000001  2811
2  25.699999999999999  3154
3  35.399999999999999  2870
4  53.5  2976
5  43.399999999999999  3065
6  35.100000000000001  2981
7  39.600000000000001  3174
1  32.899999999999999  2668
2  36.0  3446
3  46.200000000000003  2797
4  45.200000000000003  3082
5  36.600000000000001  3088
6  43.0  2935
7  33.899999999999999  3266
1  34.0  2688
2  52.399999999999999  2871
3  39.899999999999999  2946
4  41.600000000000001  3155
5  46.899999999999999  3103
6  47.799999999999997  3103
7  39.700000000000003  3075
1  52.5  2657
2  50.5  2935
3  49.5  3137
4  38.5  3097
5  46.299999999999997  2860
6  48.0  2985
7  39.0  3341
1  53.399999999999999  2952
2  46.5  2993
3  37.600000000000001  2760
4  43.799999999999997  3079
5  42.0  2818
6  40.100000000000001  2973
7  36.399999999999999  3017
1  48.399999999999999  2944
2  42.399999999999999  3224
3  38.0  3074
4  37.399999999999999  3317
5  40.700000000000003  3032
6  45.299999999999997  2966
7  46.200000000000003  2645
1  47.299999999999997  2616
2  42.299999999999997  3091
3  52.200000000000003  2729
4  44.600000000000001  2939
5  38.399999999999999  2947
6  36.5  3021
7  43.399999999999999  3089
1  51.299999999999997  2954
2  48.600000000000001  2455
3  44.899999999999999  3210
4  34.200000000000003  2838
5  46.600000000000001  2939
6  37.799999999999997  2966
7  37.899999999999999  2839
1  38.600000000000001  3084
2  34.700000000000003  3133
3  51.299999999999997  2736
4  41.200000000000003  2943
5  49.200000000000003  2727
6  39.0  2937
7  40.600000000000001  3213
1  37.899999999999999  3127
2  40.299999999999997  2540
3  42.600000000000001  2663
4  46.700000000000003  3103
5  44.100000000000001  3103
6  43.299999999999997  3094
7  38.100000000000001  3062
1  44.700000000000003  2471
2  44.799999999999997  3113
3  34.399999999999999  2669
4  27.899999999999999  2336
5  35.700000000000003  3198
6  36.299999999999997  2791
7  37.799999999999997  3080
1  39.0  3617
2  40.100000000000001  3312
3  39.5  2771
4  45.899999999999999  2794
5  40.700000000000003  2950
6  37.299999999999997  2863
7  40.0  3053
1  37.700000000000003  3477
2  42.700000000000003  2939
3  52.399999999999999  2505
4  48.399999999999999  2867
5  38.799999999999997  3155
6  42.200000000000003  2834
7  42.100000000000001  3126
1  41.600000000000001  2407
2  43.299999999999997  2788
3  41.799999999999997  2540
4  50.799999999999997  2677
5  41.899999999999999  3102
6  38.100000000000001  2984
7  35.5  3447
1  44.600000000000001  3058
2  41.700000000000003  2989
3  43.399999999999999  3070
4  47.799999999999997  2842
5  36.399999999999999  2952
6  46.700000000000003  3387
7  41.5  3515
1  47.700000000000003  3100
2  49.200000000000003  3182
3  48.399999999999999  2897
4  32.899999999999999  3352
5  46.700000000000003  3029
6  44.299999999999997  3307
7  39.0  3116
1  59.399999999999999  2616
2  35.700000000000003  2649
3  41.799999999999997  3076
4  33.200000000000003  2572
5  43.899999999999999  3261
6  42.5  2927
7  39.299999999999997  3162
1  50.200000000000003  2530
2  38.700000000000003  2679
3  37.700000000000003  3090
4  42.399999999999999  3071
5  34.399999999999999  2970
6  45.399999999999999  2956
7  35.799999999999997  3221
1  49.100000000000001  2720
2  50.700000000000003  2869
3  34.799999999999997  3081
4  46.200000000000003  2917
5  34.200000000000003  2764
6  41.299999999999997  2925
7  49.5  3090
1  42.200000000000003  2782
2  50.899999999999999  2598
3  37.399999999999999  2847
4  37.399999999999999  2725
5  43.200000000000003  3219
6  37.399999999999999  3385
7  32.100000000000001  3039
1  46.100000000000001  2525
2  43.700000000000003  2829
3  40.0  2503
4  38.799999999999997  3086
5  43.799999999999997  2769
6  46.399999999999999  2959
7  42.700000000000003  3087
1  39.5  3141
2  55.0  3076
3  45.100000000000001  2800
4  36.700000000000003  2735
5  45.200000000000003  3022
6  34.299999999999997  3294
7  37.5  3024
1  33.299999999999997  2640
2  29.399999999999999  2988
3  36.799999999999997  2916
4  37.399999999999999  2923
5  41.100000000000001  2878
6  46.100000000000001  3003
7  42.399999999999999  3103
1  52.899999999999999  2486
2  37.600000000000001  3254
3  39.0  3047
4  38.600000000000001  2721
5  29.100000000000001  2802
6  39.899999999999999  3212
7  41.600000000000001  2963
1  49.0  2621
2  31.199999999999999  2960
3  42.100000000000001  3181
4  45.200000000000003  3286
5  42.100000000000001  3066
6  45.5  2895
7  35.899999999999999  3151
1  46.799999999999997  2848
2  33.200000000000003  3186
3  36.5  2959
4  39.0  2745
5  52.0  2978
6  49.0  2918
7  35.200000000000003  3311
1  45.0  2790
2  38.0  2590
3  38.899999999999999  3047
4  41.0  3134
5  38.399999999999999  3088
6  41.200000000000003  2864
7  39.100000000000001  2927
1  36.700000000000003  3047
2  49.700000000000003  2896
3  58.0  2837
4  42.799999999999997  3115
5  43.200000000000003  3276
6  33.0  3233
7  33.0  2853
1  43.799999999999997  2822
2  46.799999999999997  3235
3  38.100000000000001  3189
4  46.299999999999997  2810
5  44.299999999999997  3038
6  34.0  3200
7  40.799999999999997  2943
1  46.399999999999999  3063
2  44.200000000000003  2629
3  43.100000000000001  2894
4  41.5  3080
5  49.299999999999997  3158
6  48.0  2963
7  42.0  2902
1  33.700000000000003  2311
2  37.700000000000003  2633
3  45.399999999999999  3089
4  38.200000000000003  2924
5  38.700000000000003  2899
6  41.299999999999997  2982
7  34.700000000000003  2941
1  48.600000000000001  2812
2  35.0  3190
3  45.799999999999997  2740
4  40.5  3230
5  37.700000000000003  3065
6  46.200000000000003  2800
7  46.100000000000001  3128
1  33.5  2921
2  47.100000000000001  2854
3  39.200000000000003  2513
4  44.799999999999997  3099
5  46.299999999999997  3063
6  35.899999999999999  2917
7  43.399999999999999  2935
1  52.399999999999999  3161
2  43.600000000000001  3104
3  38.899999999999999  2659
4  36.899999999999999  2766
5  36.700000000000003  2765
6  41.600000000000001  3031
7  41.600000000000001  3149
1  28.199999999999999  2547
2  38.0  3059
3  36.600000000000001  2891
4  36.200000000000003  2914
5  37.299999999999997  2763
6  39.700000000000003  3195
7  32.600000000000001  3021
1  29.600000000000001  2176
2  38.5  3018
3  34.799999999999997  2581
4  37.200000000000003  3096
5  44.700000000000003  2951
6  37.899999999999999  3210
7  44.600000000000001  3174
1  34.5  3186
2  37.0  3073
3  40.799999999999997  2839
4  35.0  2947
5  52.700000000000003  2966
6  38.600000000000001  3168
7  38.700000000000003  3288
1  34.799999999999997  2876
2  46.899999999999999  3082
3  40.700000000000003  2815
4  43.799999999999997  2952
5  36.899999999999999  3345
6  38.5  3040
7  24.199999999999999  3220
1  38.799999999999997  3154
2  47.100000000000001  2628
3  50.100000000000001  3002
4  50.899999999999999  2942
5  35.700000000000003  3342
6  42.0  2952
7  40.0  3084
1  38.200000000000003  3195
2  40.299999999999997  3291
3  37.700000000000003  2767
4  42.5  2844
5  42.5  2584
6  41.200000000000003  3143
7  38.399999999999999  3359
1  38.600000000000001  2291
2  42.399999999999999  3005
3  31.600000000000001  2912
4  41.5  2939
5  41.399999999999999  3216
6  37.5  2992
7  38.200000000000003  3026
1  44.200000000000003  2478
2  46.799999999999997  2564
3  46.299999999999997  2440
4  48.299999999999997  3077
5  39.899999999999999  2864
6  46.899999999999999  3055
7  40.0  3035
1  44.399999999999999  2991
2  35.200000000000003  2776
3  35.0  2990
4  47.299999999999997  3086
5  37.100000000000001  3031
6  44.5  3048
7  26.199999999999999  2994
1  46.399999999999999  2813
2  54.0  3038
3  47.799999999999997  2815
4  43.799999999999997  2897
5  41.700000000000003  3105
6  36.100000000000001  2924
7  39.100000000000001  3295
1  42.899999999999999  2802
2  35.299999999999997  2810
3  44.799999999999997  2707
4  43.899999999999999  2909
5  44.700000000000003  2646
6  48.0  3069
7  47.600000000000001  3035
1  42.700000000000003  2929
2  56.0  2847
3  41.799999999999997  2803
4  49.700000000000003  2915
5  50.0  2890
6  34.299999999999997  2677
7  44.600000000000001  3194
1  42.399999999999999  2721
2  32.100000000000001  2980
3  46.700000000000003  3215
4  42.200000000000003  2940
5  48.100000000000001  2757
6  37.399999999999999  2837
7  38.600000000000001  3126
1  36.0  2438
2  35.700000000000003  3014
3  41.100000000000001  3058
4  34.200000000000003  3168
5  43.200000000000003  2802
6  41.899999999999999  2680
7  36.299999999999997  2742
1  54.399999999999999  2837
2  54.0  2916
3  42.0  2757
4  49.0  2632
5  35.600000000000001  2963
6  40.899999999999999  3361
7  41.399999999999999  3206
1  38.399999999999999  3000
2  40.600000000000001  2751
3  43.899999999999999  2653
4  46.0  2804
5  46.100000000000001  3155
6  48.200000000000003  3108
7  39.299999999999997  2986
1  44.5  2816
2  45.200000000000003  2752
3  36.299999999999997  3290
4  37.200000000000003  2798
5  42.700000000000003  2757
6  39.399999999999999  3173
7  39.399999999999999  3264
1  44.100000000000001  2557
2  41.799999999999997  2373
3  39.799999999999997  3004
4  43.5  3020
5  35.5  2720
6  41.299999999999997  3260
7  35.600000000000001  2597
1  45.899999999999999  3070
2  35.5  2728
3  42.299999999999997  2974
4  40.100000000000001  3158
5  39.200000000000003  3090
6  45.799999999999997  2815
7  43.200000000000003  2869
1  42.899999999999999  2948
2  33.700000000000003  2936
3  43.0  2428
4  37.899999999999999  2659
5  45.200000000000003  2866
6  38.399999999999999  3277
7  40.0  3247
1  40.899999999999999  3049
2  39.299999999999997  2798
3  41.200000000000003  2959
4  43.200000000000003  2911
5  41.700000000000003  2971
6  33.0  3090
7  38.5  3040
1  42.700000000000003  3471
2  35.299999999999997  2889
3  42.399999999999999  2960
4  48.299999999999997  2959
5  34.200000000000003  2842
6  42.899999999999999  2758
7  31.300000000000001  3409
1  48.799999999999997  3107
2  41.200000000000003  2633
3  47.600000000000001  2906
4  40.899999999999999  2686
5  41.299999999999997  2846
6  46.399999999999999  2842
7  35.5  3178
1  42.700000000000003  3294
2  42.600000000000001  2983
3  39.299999999999997  2720
4  41.299999999999997  2672
5  38.399999999999999  2904
6  34.200000000000003  2777
7  34.100000000000001  3113
