2  56.0  693
4  43.25  1556
6  59.166666666666664  1875
8  48.125  2243
10  43.600000000000001  2459
12  52.333333333333336  3053
14  45.571428571428569  3936
16  37.75  3671
18  43.222222222222221  4525
20  37.299999999999997  4310
2  46.0  550
4  39.5  1255
6  46.166666666666664  1715
8  44.375  2617
10  35.200000000000003  3121
12  42.666666666666664  3290
14  38.5  3780
16  42.75  4003
18  39.888888888888886  4008
20  29.5  4548
2  40.5  796
4  45.5  1597
6  43.333333333333336  1861
8  36.375  2561
10  48.700000000000003  2638
12  36.333333333333336  3425
14  39.642857142857146  3415
16  43.25  4155
18  44.0  4447
20  36.350000000000001  4618
2  33.5  551
4  67.75  1272
6  52.666666666666664  2006
8  50.0  2189
10  44.5  3159
12  39.166666666666664  3488
14  44.0  3618
16  42.25  3693
18  40.444444444444443  3873
20  35.399999999999999  4533
2  48.5  763
4  62.25  1465
6  54.0  2158
8  38.125  2434
10  43.799999999999997  2812
12  47.333333333333336  3357
14  33.357142857142854  3802
16  42.1875  3960
18  40.388888888888886  3890
20  39.649999999999999  4356
2  40.0  567
4  41.75  1636
6  53.5  2116
8  41.0  2559
10  48.299999999999997  3131
12  32.5  3153
14  43.785714285714285  3619
16  43.75  4116
18  40.0  4100
20  41.350000000000001  4829
2  56.0  764
4  46.0  1268
6  53.5  1735
8  41.125  2429
10  40.299999999999997  2825
12  47.083333333333336  3243
14  39.357142857142854  4139
16  38.5  3794
18  34.055555555555557  4235
20  37.299999999999997  4789
2  33.0  1008
4  42.25  1511
6  46.5  1692
8  54.875  2547
10  43.0  2921
12  51.5  3490
14  36.0  3397
16  39.0  3751
18  41.444444444444443  4420
20  39.149999999999999  4544
2  37.0  777
4  49.75  1243
6  48.166666666666664  1881
8  39.125  2660
10  41.799999999999997  3069
12  44.416666666666664  3148
14  33.571428571428569  4146
16  44.0625  3956
18  42.166666666666664  4145
20  42.700000000000003  4499
2  55.5  643
4  30.25  1196
6  40.0  2047
8  43.5  2475
10  50.100000000000001  2788
12  34.25  3214
14  39.285714285714285  3484
16  39.4375  3927
18  40.277777777777779  4575
20  36.850000000000001  4408
2  53.0  730
4  64.0  1264
6  39.166666666666664  1790
8  33.75  2294
10  40.600000000000001  2769
12  40.75  3267
14  29.142857142857142  3314
16  32.3125  4008
18  32.277777777777779  4467
20  44.649999999999999  4320
2  50.0  748
4  43.0  1453
6  54.166666666666664  1888
8  40.125  2424
10  38.700000000000003  3141
12  40.75  3103
14  43.5  3888
16  37.375  4100
18  37.666666666666664  4193
20  38.75  4443
2  67.0  650
4  39.75  1186
6  30.5  1946
8  48.75  2243
10  39.5  2765
12  45.416666666666664  3314
14  35.642857142857146  3431
16  46.125  3782
18  43.444444444444443  4230
20  32.5  4202
2  56.5  697
4  38.0  1609
6  41.5  2324
8  46.5  2583
10  34.0  3059
12  40.083333333333336  3359
14  43.642857142857146  3791
16  36.0625  3787
18  36.277777777777779  4560
20  41.049999999999997  4315
2  44.0  697
4  31.75  1058
6  52.166666666666664  1776
8  42.25  2210
10  43.399999999999999  2667
12  38.083333333333336  3595
14  35.714285714285715  3559
16  43.3125  4479
18  40.388888888888886  4345
20  38.950000000000003  4494
2  35.0  999
4  53.25  1300
6  42.166666666666664  1837
8  50.25  2595
10  51.600000000000001  3162
12  42.75  3015
14  42.5  3852
16  41.5625  4352
18  36.944444444444443  4421
20  38.899999999999999  4616
2  55.0  656
4  47.5  1426
6  36.5  1719
8  33.0  2296
10  41.799999999999997  2764
12  41.583333333333336  3020
14  41.285714285714285  3785
16  45.0  3789
18  34.555555555555557  4538
20  39.549999999999997  4675
2  59.5  776
4  52.0  1377
6  47.833333333333336  1954
8  41.375  2294
10  45.0  2988
12  44.416666666666664  3265
14  38.142857142857146  3518
16  44.1875  3970
18  36.388888888888886  4446
20  36.450000000000003  4335
2  68.0  812
4  44.75  1006
6  43.333333333333336  2278
8  43.5  2416
10  47.5  2900
12  34.25  2820
14  38.571428571428569  3664
16  36.25  3889
18  39.611111111111114  4259
20  42.75  4601
2  59.5  864
4  60.75  1217
6  49.833333333333336  1600
8  37.375  2284
10  42.200000000000003  2787
12  44.833333333333336  3325
14  40.428571428571431  3472
16  41.5625  4360
18  47.055555555555557  4200
20  41.450000000000003  4013
2  42.5  511
4  46.5  1309
6  44.333333333333336  2221
8  53.75  2553
10  41.600000000000001  2899
12  34.0  3353
14  33.5  3725
16  43.9375  3926
18  40.666666666666664  4448
20  32.549999999999997  4312
2  50.5  884
4  49.25  1237
6  45.166666666666664  1844
8  38.25  2465
10  39.899999999999999  2652
12  31.75  2929
14  37.571428571428569  3668
16  36.25  4098
18  40.833333333333336  4236
20  32.049999999999997  4838
2  49.5  658
4  50.75  1276
6  48.5  1997
8  46.0  2198
10  47.399999999999999  2747
12  50.583333333333336  3006
14  41.428571428571431  3725
16  43.125  4084
18  41.166666666666664  4277
20  43.600000000000001  4569
2  37.0  690
4  48.25  1412
6  47.166666666666664  1966
8  41.625  2552
10  46.899999999999999  2973
12  46.75  3192
14  51.142857142857146  3299
16  42.5625  4016
18  39.611111111111114  4210
20  38.049999999999997  3978
2  56.0  625
4  36.25  1322
6  51.5  1597
8  35.0  2556
10  52.899999999999999  3233
12  32.166666666666664  3271
14  43.857142857142854  3539
16  39.1875  4040
18  46.944444444444443  4012
20  34.299999999999997  4788
2  9.5  652
4  31.75  1138
6  53.333333333333336  2231
8  37.5  2212
10  50.799999999999997  3053
12  48.5  3215
14  39.642857142857146  3815
16  44.8125  4075
18  34.055555555555557  4150
20  39.0  4102
2  61.0  690
4  59.0  1361
6  51.166666666666664  1894
8  36.875  2708
10  40.299999999999997  2959
12  49.25  3261
14  44.428571428571431  3716
16  36.1875  4011
18  43.833333333333336  4173
20  41.299999999999997  4767
2  57.0  787
4  45.75  1324
6  40.166666666666664  1709
8  38.5  2753
10  34.799999999999997  2776
12  37.833333333333336  3031
14  43.642857142857146  3789
16  42.75  4257
18  37.166666666666664  4517
20  32.25  4499
2  36.0  688
4  57.25  1234
6  39.666666666666664  2143
8  44.375  2344
10  30.399999999999999  2944
12  38.0  3410
14  35.357142857142854  3849
16  44.25  3762
18  34.333333333333336  4590
20  43.299999999999997  4464
2  36.5  507
4  39.0  1344
6  37.833333333333336  1856
8  49.375  2330
10  57.700000000000003  2966
12  43.583333333333336  3015
14  47.857142857142854  3601
16  37.375  4003
18  38.277777777777779  4533
20  36.350000000000001  4572
2  44.0  566
4  38.5  1233
6  55.5  1851
8  44.5  2429
10  46.5  2960
12  45.666666666666664  3270
14  42.642857142857146  3983
16  46.4375  3984
18  43.777777777777779  4055
20  33.5  4389
2  50.0  563
4  51.75  1153
6  48.666666666666664  1953
8  41.25  2438
10  40.799999999999997  2685
12  43.333333333333336  3049
14  42.214285714285715  3405
16  41.5  3745
18  42.444444444444443  4261
20  39.399999999999999  4405
2  54.5  540
4  34.5  1076
6  38.166666666666664  2015
8  51.75  2518
10  41.899999999999999  2944
12  38.416666666666664  3174
14  39.714285714285715  3491
16  35.6875  4117
18  40.111111111111114  4259
20  49.899999999999999  4567
2  39.5  823
4  53.0  1122
6  54.0  1836
8  42.0  2599
10  37.700000000000003  2612
12  42.833333333333336  3439
14  36.642857142857146  3595
16  44.125  3776
18  51.888888888888886  4056
20  40.299999999999997  4212
2  30.5  973
4  49.75  1372
6  39.166666666666664  1479
8  44.125  2557
10  40.100000000000001  2775
12  42.75  2971
14  39.785714285714285  3663
16  41.3125  3724
18  35.888888888888886  3781
20  42.700000000000003  5009
2  38.5  724
4  46.5  1172
6  35.333333333333336  1955
8  43.875  2618
10  39.5  2728
12  43.416666666666664  3281
14  42.928571428571431  3541
16  43.25  4240
18  32.222222222222221  3871
20  44.399999999999999  5176
2  45.5  707
4  42.75  1354
6  46.0  2263
8  42.25  2328
10  34.5  3149
12  31.25  3373
14  49.0  3499
16  37.125  4107
18  41.611111111111114  4294
20  37.25  4484
2  50.0  740
4  54.0  1685
6  32.833333333333336  1921
8  52.75  2482
10  48.799999999999997  2702
12  54.166666666666664  3177
14  40.357142857142854  3631
16  33.75  3953
18  37.722222222222221  4647
20  39.850000000000001  4722
2  31.5  540
4  57.75  1410
6  54.333333333333336  1792
8  36.5  2381
10  54.200000000000003  3163
12  47.0  3138
14  36.571428571428569  3847
16  45.8125  3876
18  44.722222222222221  4343
20  44.25  4513
2  22.0  692
4  54.25  1279
6  47.666666666666664  2286
8  51.5  2594
10  42.700000000000003  3041
12  41.916666666666664  3451
14  39.714285714285715  3823
16  36.9375  3858
18  35.888888888888886  4304
20  39.0  4468
2  68.0  694
4  44.75  1312
6  42.833333333333336  1913
8  34.25  2506
10  47.600000000000001  2740
12  40.5  3155
14  53.642857142857146  3357
16  44.25  4440
18  36.0  4317
20  41.200000000000003  4490
2  72.0  650
4  48.0  1622
6  47.5  1937
8  50.0  2183
10  55.200000000000003  2938
12  40.833333333333336  3596
14  47.071428571428569  3731
16  47.25  3756
18  45.888888888888886  4343
20  40.700000000000003  4436
2  37.0  649
4  41.5  1493
6  46.166666666666664  1904
8  40.125  2313
10  39.700000000000003  3241
12  34.666666666666664  3404
14  42.642857142857146  3825
16  50.375  3941
18  39.166666666666664  4370
20  44.149999999999999  4720
2  30.0  1234
4  42.5  1394
6  48.5  2017
8  51.375  2673
10  42.600000000000001  2931
12  37.166666666666664  3730
14  43.428571428571431  3510
16  37.6875  4088
18  37.888888888888886  4476
20  39.899999999999999  4554
2  57.0  818
4  36.75  1392
6  44.0  1938
8  41.875  2366
10  36.5  3239
12  42.0  3482
14  52.357142857142854  3633
16  40.375  4250
18  38.555555555555557  3797
20  39.049999999999997  4488
2  49.5  689
4  50.5  1557
6  43.166666666666664  2082
8  41.25  2409
10  41.600000000000001  2650
12  41.25  2647
14  37.142857142857146  3804
16  43.3125  4205
18  33.833333333333336  3986
20  44.600000000000001  4398
2  33.5  732
4  54.75  1417
6  40.0  1862
8  49.375  2488
10  39.600000000000001  2907
12  37.0  3498
14  32.5  3710
16  39.875  3966
18  37.388888888888886  4563
20  43.299999999999997  4716
2  41.0  574
4  54.5  1102
6  55.333333333333336  1758
8  40.5  2483
10  50.5  2992
12  45.083333333333336  3255
14  49.571428571428569  3566
16  37.8125  4038
18  31.333333333333332  4177
20  33.149999999999999  4529
2  55.5  577
4  40.75  1449
6  44.5  1491
8  42.75  2272
10  47.0  3215
12  42.416666666666664  3135
14  33.142857142857146  3941
16  41.9375  3704
18  36.333333333333336  4068
20  39.049999999999997  4397
2  76.5  652
4  53.5  1345
6  48.0  2181
8  50.5  2298
10  39.700000000000003  2766
12  47.0  3430
14  36.214285714285715  3429
16  35.625  4218
18  32.777777777777779  4369
20  33.899999999999999  3922
2  27.0  794
4  54.75  1679
6  50.166666666666664  1872
8  42.5  2216
10  40.100000000000001  2571
12  48.416666666666664  3114
14  41.357142857142854  4241
16  40.25  4054
18  46.388888888888886  4138
20  38.549999999999997  4810
2  42.5  816
4  56.5  1300
6  42.666666666666664  2073
8  43.0  2802
10  25.300000000000001  2328
12  33.25  3250
14  41.571428571428569  3480
16  37.25  4067
18  36.944444444444443  3926
20  33.25  4203
2  72.5  686
4  38.25  1318
6  43.666666666666664  1669
8  39.25  2310
10  41.600000000000001  2872
12  50.916666666666664  3244
14  43.428571428571431  3897
16  35.375  3693
18  35.222222222222221  4332
20  44.399999999999999  4575
2  60.5  763
4  46.0  1380
6  45.0  1846
8  42.125  2765
10  35.0  2630
12  50.5  3261
14  38.357142857142854  3914
16  40.9375  4287
18  43.277777777777779  4307
20  40.850000000000001  4380
2  50.5  548
4  56.75  1474
6  55.0  1779
8  37.0  2344
10  42.299999999999997  2866
12  48.083333333333336  3069
14  44.785714285714285  3429
16  46.5  3891
18  33.833333333333336  4358
20  38.25  4708
2  31.0  715
4  28.0  1475
6  45.333333333333336  2275
8  37.5  2529
10  52.700000000000003  2862
12  42.166666666666664  3393
14  46.642857142857146  3484
16  36.6875  3778
18  32.055555555555557  4428
20  44.600000000000001  4127
2  44.0  657
4  54.5  1503
6  42.0  1849
8  44.875  2409
10  50.799999999999997  2679
12  32.25  2913
14  47.5  3633
16  47.25  3947
18  38.111111111111114  4440
20  35.649999999999999  4226
2  43.0  471
4  47.25  1576
6  51.666666666666664  2210
8  52.625  2434
10  45.700000000000003  3150
12  50.916666666666664  3255
14  39.785714285714285  3935
16  40.3125  3601
18  42.0  3975
20  43.600000000000001  4784
2  30.0  910
4  36.0  1252
6  34.666666666666664  1786
8  38.5  2753
10  38.399999999999999  2981
12  43.666666666666664  3464
14  46.642857142857146  3451
16  46.4375  4192
18  40.666666666666664  4248
20  37.75  4456
2  37.0  648
4  46.0  1514
6  49.166666666666664  2119
8  44.125  2589
10  46.299999999999997  3084
12  41.916666666666664  2933
14  48.928571428571431  3619
16  40.625  3937
18  35.944444444444443  4214
20  36.950000000000003  4500
2  44.0  931
4  53.5  1310
6  42.833333333333336  1868
8  46.875  2414
10  42.600000000000001  2792
12  39.0  3233
14  44.214285714285715  3943
16  37.0  4223
18  35.333333333333336  4446
20  40.450000000000003  4558
2  55.5  719
4  51.75  1335
6  36.0  2164
8  42.375  2009
10  40.399999999999999  2942
12  45.166666666666664  3222
14  33.0  3246
16  46.625  3751
18  41.055555555555557  4405
20  36.350000000000001  4346
2  33.5  839
4  38.0  1592
6  37.333333333333336  2060
8  49.875  2724
10  45.899999999999999  2901
12  45.75  3962
14  32.785714285714285  3743
16  37.625  4285
18  43.777777777777779  3905
20  33.799999999999997  4142
2  34.5  747
4  42.75  1584
6  49.166666666666664  2274
8  43.75  2430
10  50.100000000000001  2759
12  44.083333333333336  3616
14  38.642857142857146  3774
16  37.1875  3661
18  37.277777777777779  4357
20  45.450000000000003  4264
2  27.5  944
4  43.5  1453
6  56.166666666666664  2057
8  49.0  2289
10  38.0  2933
12  47.333333333333336  3382
14  38.214285714285715  4036
16  43.375  3702
18  41.777777777777779  4052
20  34.350000000000001  4293
2  48.0  965
4  54.0  1627
6  40.666666666666664  2083
8  59.125  2632
10  49.5  3083
12  40.166666666666664  3067
14  33.857142857142854  3890
16  37.625  3906
18  42.111111111111114  4145
20  37.25  4839
2  29.5  753
4  44.25  1341
6  47.333333333333336  1850
8  40.75  2519
10  50.399999999999999  2977
12  43.833333333333336  3345
14  40.285714285714285  3610
16  45.6875  3821
18  40.944444444444443  4083
20  33.549999999999997  4577
2  32.0  1118
4  39.75  1272
6  44.166666666666664  1850
8  47.125  2549
10  38.600000000000001  2619
12  36.916666666666664  3202
14  39.285714285714285  3657
16  42.6875  4259
18  46.055555555555557  4369
20  33.450000000000003  4710
2  50.5  831
4  51.0  1310
6  45.333333333333336  1797
8  43.875  2354
10  40.200000000000003  2915
12  37.5  3428
14  45.0  3468
16  41.5625  3657
18  45.611111111111114  4149
20  48.799999999999997  4231
2  42.0  783
4  40.25  1570
6  33.666666666666664  1856
8  37.875  2529
10  43.399999999999999  3029
12  52.0  3322
14  39.642857142857146  3716
16  44.0625  4203
18  39.0  4058
20  37.5  4249
2  50.0  731
4  34.5  1305
6  47.0  2085
8  34.875  2492
10  45.700000000000003  2848
12  43.0  3264
14  43.0  3929
16  42.625  3863
18  37.5  4530
20  39.450000000000003  4748
2  64.0  832
4  35.0  1463
6  49.0  1628
8  35.375  2454
10  36.5  3010
12  48.083333333333336  3187
14  42.857142857142854  3594
16  45.6875  3842
18  34.111111111111114  4246
20  45.450000000000003  4604
2  31.0  627
4  41.0  1231
6  36.166666666666664  1876
8  45.625  2579
10  53.200000000000003  2775
12  51.083333333333336  3438
14  41.285714285714285  3426
16  35.5625  4019
18  33.666666666666664  4369
20  41.399999999999999  4851
2  38.0  527
4  50.0  1481
6  38.666666666666664  1857
8  46.25  2778
10  29.5  2774
12  32.333333333333336  2950
14  47.0  3547
16  35.875  4201
18  41.555555555555557  4217
20  35.850000000000001  4558
2  32.0  994
4  46.0  1331
6  51.0  2028
8  38.75  2475
10  50.100000000000001  3107
12  50.25  3087
14  40.5  3701
16  36.9375  4156
18  38.666666666666664  3931
20  38.600000000000001  4695
2  49.0  746
4  48.5  1378
6  40.333333333333336  2004
8  37.125  2249
10  42.0  3147
12  42.75  3706
14  40.714285714285715  3555
16  40.4375  3949
18  41.555555555555557  4750
20  43.100000000000001  4818
2  66.5  678
4  51.75  1268
6  48.666666666666664  1583
8  45.0  2603
10  42.700000000000003  2775
12  38.5  3292
14  35.0  3968
16  36.25  3759
18  42.888888888888886  4613
20  37.25  4617
2  53.5  698
4  39.25  1556
6  48.0  1928
8  38.625  2383
10  42.899999999999999  2712
12  48.416666666666664  3188
14  47.357142857142854  3654
16  48.375  4018
18  38.0  4126
20  41.850000000000001  4920
2  48.0  543
4  24.0  1397
6  47.5  1759
8  33.125  2541
10  45.100000000000001  2668
12  43.75  3655
14  43.428571428571431  3169
16  43.0  4000
18  43.444444444444443  4004
20  44.75  4736
2  53.0  846
4  48.0  1433
6  50.333333333333336  1739
8  35.125  2519
10  34.299999999999997  2976
12  38.666666666666664  2946
14  39.285714285714285  3660
16  35.9375  3744
18  29.444444444444443  4379
20  39.850000000000001  4378
2  39.0  681
4  29.5  1214
6  45.0  1914
8  42.125  2348
10  42.799999999999997  2732
12  42.25  3281
14  37.142857142857146  3623
16  41.0  3869
18  43.166666666666664  4128
20  30.149999999999999  3698
2  41.5  719
4  38.25  1585
6  49.5  1903
8  44.25  2981
10  52.299999999999997  3007
12  51.5  3319
14  46.714285714285715  3508
16  42.0625  4226
18  38.888888888888886  4642
20  32.25  4374
2  50.0  614
4  45.0  1387
6  48.666666666666664  2002
8  46.25  2366
10  38.700000000000003  2971
12  46.0  3071
14  30.428571428571427  3829
16  45.625  4216
18  38.055555555555557  4673
20  37.100000000000001  4898
2  34.5  863
4  35.25  1711
6  51.666666666666664  1968
8  46.0  2142
10  36.600000000000001  2589
12  47.333333333333336  3390
14  36.785714285714285  3419
16  44.4375  4032
18  43.5  4308
20  32.5  4748
2  55.0  689
4  32.0  1281
6  47.333333333333336  1677
8  34.375  2357
10  44.600000000000001  2766
12  46.083333333333336  3205
14  40.714285714285715  3781
16  39.1875  4002
18  36.333333333333336  4178
20  37.200000000000003  4159
2  57.0  865
4  53.75  1371
6  40.333333333333336  2039
8  39.25  2564
10  32.0  2960
12  44.583333333333336  3055
14  41.214285714285715  3450
16  37.375  3958
18  42.611111111111114  4212
20  35.850000000000001  4600
2  71.5  643
4  54.5  1290
6  35.666666666666664  1502
8  35.5  2994
10  37.200000000000003  2983
12  48.583333333333336  3297
14  39.714285714285715  3716
16  38.6875  4610
18  36.666666666666664  4603
20  41.200000000000003  4639
2  64.0  662
4  39.25  1421
6  42.0  2208
8  45.375  2605
10  49.0  2839
12  38.25  3376
14  44.0  4028
16  34.9375  3445
18  35.611111111111114  4269
20  40.299999999999997  4640
2  50.5  777
4  49.75  1405
6  48.0  1936
8  49.375  2569
10  28.800000000000001  2966
12  44.75  3190
14  50.142857142857146  3477
16  36.8125  3931
18  46.5  4080
20  42.899999999999999  4583
2  71.0  791
4  47.75  1294
6  40.5  1939
8  49.25  2439
10  42.5  3188
12  39.166666666666664  3502
14  45.857142857142854  3825
16  36.9375  4254
18  35.555555555555557  4357
20  29.949999999999999  4288
2  41.0  867
4  45.5  1409
6  36.5  1514
8  38.875  2750
10  55.100000000000001  3018
12  39.0  3448
14  35.285714285714285  3850
16  39.8125  4106
18  34.722222222222221  4312
20  41.25  4239
2  23.0  876
4  51.0  1334
6  49.166666666666664  1859
8  41.375  2416
10  45.399999999999999  2628
12  46.75  3208
14  38.285714285714285  3696
16  29.375  3740
18  50.611111111111114  4002
20  41.0  4476
2  59.5  784
4  43.5  1319
6  49.666666666666664  2088
8  49.5  2505
10  46.899999999999999  3141
12  43.666666666666664  3434
14  41.071428571428569  4069
16  28.375  3183
18  47.333333333333336  3998
20  35.049999999999997  4429
2  42.5  743
4  39.0  1889
6  39.833333333333336  1936
8  49.0  2569
10  36.799999999999997  2887
12  37.333333333333336  2955
14  41.357142857142854  3552
16  41.75  3642
18  36.333333333333336  4322
20  30.449999999999999  4359
2  24.0  693
4  46.5  1481
6  52.333333333333336  1924
8  37.25  2636
10  44.799999999999997  2621
12  42.75  3302
14  39.857142857142854  3618
16  31.25  4010
18  42.388888888888886  4467
20  40.600000000000001  4651
2  40.0  842
4  48.5  1499
6  46.166666666666664  1923
8  35.5  2112
10  38.200000000000003  3247
12  44.416666666666664  2923
14  37.571428571428569  3867
16  41.0625  4303
18  42.722222222222221  4467
20  37.399999999999999  4541
2  61.5  637
4  31.75  1078
6  38.166666666666664  1895
8  51.25  2351
10  39.100000000000001  3077
12  44.666666666666664  3420
14  41.571428571428569  3709
16  34.4375  4188
18  45.111111111111114  4221
20  33.0  4553
2  60.0  765
4  62.75  1323
6  47.5  2069
8  40.0  2553
10  46.5  2836
12  39.833333333333336  3135
14  47.142857142857146  4072
16  39.8125  4118
18  38.833333333333336  4397
20  38.850000000000001  4313
2  66.5  711
4  49.25  1569
6  46.5  2000
8  42.25  2796
10  46.799999999999997  2956
12  47.25  3439
14  39.285714285714285  3507
16  41.4375  3628
18  35.222222222222221  4358
20  38.549999999999997  4789
2  49.5  575
4  31.5  1713
6  38.166666666666664  2110
8  50.125  2463
10  40.0  2910
12  32.166666666666664  3426
14  52.071428571428569  3292
16  43.0  3834
18  39.833333333333336  4085
20  33.549999999999997  4106
