1  37.0  195
2  75.0  336
3  28.0  368
4  38.0  263
5  29.0  428
6  36.0  291
7  58.0  301
1  58.0  323
2  72.0  305
3  65.0  281
4  63.0  351
5  37.0  284
6  53.0  420
7  67.0  296
1  57.0  362
2  18.0  268
3  25.0  400
4  40.0  558
5  36.0  448
6  57.0  456
7  61.0  461
1  53.0  440
2  65.0  398
3  68.0  406
4  30.0  300
5  50.0  418
6  37.0  497
7  46.0  499
1  33.0  260
2  27.0  481
3  31.0  537
4  50.0  464
5  49.0  448
6  29.0  248
7  46.0  476
1  73.0  407
2  74.0  397
3  40.0  445
4  56.0  364
5  54.0  337
6  43.0  456
7  54.0  488
1  34.0  454
2  67.0  385
3  65.0  413
4  54.0  320
5  64.0  402
6  62.0  442
7  21.0  445
1  56.0  432
2  38.0  378
3  53.0  405
4  60.0  390
5  70.0  359
6  32.0  603
7  38.0  415
1  46.0  374
2  65.0  376
3  63.0  321
4  71.0  410
5  60.0  425
6  71.0  244
7  45.0  242
1  25.0  243
2  40.0  375
3  32.0  505
4  76.0  303
5  48.0  274
6  39.0  630
7  36.0  509
1  41.0  507
2  19.0  414
3  32.0  487
4  56.0  471
5  18.0  303
6  76.0  239
7  37.0  396
1  39.0  308
2  55.0  491
3  55.0  271
4  69.0  393
5  60.0  351
6  41.0  455
7  59.0  341
1  53.0  253
2  42.0  446
3  87.0  316
4  53.0  366
5  48.0  317
6  41.0  378
7  65.0  359
1  69.0  365
2  37.0  442
3  64.0  414
4  57.0  463
5  65.0  386
6  48.0  431
7  51.0  271
1  34.0  550
2  75.0  377
3  49.0  380
4  28.0  467
5  28.0  387
6  34.0  304
7  30.0  495
1  35.0  548
2  78.0  339
3  50.0  319
4  57.0  374
5  55.0  275
6  45.0  290
7  37.0  426
1  89.0  269
2  54.0  518
3  69.0  351
4  31.0  421
5  30.0  416
6  49.0  309
7  73.0  401
1  71.0  262
2  80.0  343
3  47.0  352
4  54.0  442
5  48.0  438
6  72.0  382
7  38.0  414
1  56.0  448
2  59.0  384
3  55.0  364
4  24.0  437
5  78.0  337
6  25.0  309
7  36.0  476
1  48.0  385
2  20.0  228
3  31.0  487
4  54.0  373
5  71.0  413
6  62.0  286
7  28.0  410
1  38.0  417
2  52.0  558
3  52.0  292
4  35.0  374
5  51.0  342
6  56.0  409
7  34.0  363
1  70.0  333
2  19.0  210
3  42.0  515
4  41.0  397
5  64.0  450
6  50.0  336
7  56.0  503
1  36.0  253
2  59.0  357
3  24.0  503
4  66.0  318
5  44.0  449
6  42.0  264
7  39.0  397
1  18.0  418
2  61.0  217
3  70.0  408
4  41.0  436
5  34.0  411
6  37.0  491
7  60.0  488
1  45.0  178
2  54.0  462
3  54.0  405
4  59.0  487
5  77.0  379
6  51.0  353
7  48.0  507
1  77.0  301
2  78.0  293
3  70.0  328
4  34.0  534
5  49.0  362
6  45.0  419
7  8.0  157
1  81.0  363
2  93.0  244
3  76.0  370
4  55.0  330
5  30.0  328
6  56.0  292
7  45.0  465
1  40.0  235
2  70.0  354
3  49.0  263
4  41.0  405
5  50.0  289
6  68.0  369
7  47.0  366
1  30.0  538
2  73.0  303
3  63.0  356
4  62.0  246
5  46.0  293
6  38.0  363
7  32.0  445
1  26.0  233
2  67.0  407
3  52.0  283
4  58.0  259
5  56.0  340
6  53.0  365
7  26.0  473
1  78.0  263
2  70.0  412
3  46.0  307
4  42.0  338
5  58.0  409
6  36.0  403
7  45.0  420
1  52.0  457
2  60.0  415
3  54.0  389
4  35.0  426
5  46.0  570
6  41.0  312
7  43.0  440
1  37.0  667
2  74.0  396
3  47.0  454
4  47.0  261
5  40.0  475
6  46.0  419
7  59.0  379
1  73.0  369
2  41.0  284
3  32.0  346
4  20.0  472
5  53.0  370
6  59.0  303
7  64.0  458
1  64.0  324
2  81.0  319
3  53.0  480
4  54.0  394
5  40.0  302
6  49.0  413
7  24.0  677
1  39.0  236
2  69.0  405
3  56.0  465
4  40.0  401
5  36.0  357
6  23.0  454
7  14.0  274
1  29.0  222
2  76.0  312
3  39.0  386
4  64.0  394
5  43.0  548
6  71.0  324
7  62.0  335
1  43.0  452
2  27.0  201
3  82.0  335
4  40.0  520
5  56.0  356
6  46.0  478
7  18.0  492
1  38.0  603
2  59.0  377
3  28.0  334
4  34.0  396
5  45.0  382
6  27.0  295
7  47.0  483
1  31.0  511
2  38.0  330
3  69.0  382
4  70.0  198
5  35.0  464
6  55.0  392
7  49.0  457
1  32.0  286
2  55.0  296
3  60.0  419
4  39.0  239
5  53.0  374
6  57.0  401
7  24.0  481
1  65.0  296
2  20.0  253
3  57.0  356
4  66.0  433
5  33.0  567
6  71.0  219
7  52.0  311
1  72.0  478
2  66.0  173
3  28.0  436
4  55.0  385
5  66.0  423
6  55.0  562
7  22.0  490
1  91.0  241
2  65.0  406
3  57.0  318
4  41.0  530
5  38.0  438
6  69.0  323
7  37.0  647
1  16.0  291
2  19.0  320
3  58.0  406
4  68.0  363
5  58.0  352
6  20.0  479
7  28.0  442
1  25.0  534
2  62.0  339
3  38.0  390
4  50.0  440
5  51.0  285
6  27.0  437
7  37.0  477
1  35.0  518
2  17.0  293
3  54.0  455
4  45.0  460
5  60.0  325
6  58.0  385
7  27.0  315
1  70.0  361
2  38.0  447
3  45.0  400
4  58.0  395
5  57.0  445
6  22.0  450
7  33.0  257
1  71.0  389
2  74.0  305
3  31.0  571
4  26.0  409
5  29.0  574
6  26.0  514
7  55.0  362
1  39.0  386
2  68.0  360
3  72.0  231
4  74.0  346
5  33.0  423
6  43.0  511
7  50.0  435
1  40.0  463
2  64.0  379
3  59.0  422
4  63.0  362
5  37.0  478
6  56.0  423
7  36.0  580
1  18.0  172
2  58.0  368
3  40.0  368
4  52.0  289
5  31.0  315
6  60.0  372
7  34.0  520
1  67.0  429
2  72.0  361
3  24.0  382
4  46.0  297
5  24.0  381
6  64.0  222
7  39.0  451
1  41.0  373
2  66.0  359
3  53.0  366
4  34.0  399
5  43.0  374
6  38.0  469
7  49.0  408
1  31.0  544
2  37.0  247
3  73.0  284
4  20.0  372
5  30.0  611
6  49.0  559
7  53.0  431
1  32.0  381
2  62.0  366
3  58.0  422
4  51.0  339
5  62.0  431
6  27.0  339
7  33.0  624
1  65.0  207
2  41.0  381
3  45.0  466
4  66.0  279
5  34.0  401
6  61.0  405
7  59.0  394
1  26.0  255
2  56.0  366
3  16.0  412
4  35.0  391
5  43.0  347
6  67.0  322
7  31.0  504
1  32.0  451
2  48.0  352
3  73.0  323
4  75.0  367
5  41.0  485
6  48.0  383
7  70.0  396
1  46.0  523
2  68.0  340
3  27.0  497
4  50.0  448
5  40.0  483
6  53.0  346
7  36.0  391
1  33.0  428
2  41.0  430
3  64.0  329
4  44.0  274
5  81.0  266
6  51.0  362
7  57.0  348
1  62.0  406
2  34.0  492
3  72.0  475
4  71.0  325
5  14.0  460
6  49.0  348
7  47.0  480
1  27.0  434
2  65.0  452
3  38.0  566
4  66.0  417
5  74.0  364
6  35.0  517
7  40.0  325
1  35.0  487
2  44.0  510
3  45.0  424
4  56.0  324
5  43.0  457
6  49.0  390
7  26.0  533
1  83.0  302
2  66.0  417
3  43.0  467
4  48.0  430
5  81.0  291
6  65.0  480
7  49.0  432
1  43.0  298
2  77.0  356
3  48.0  395
4  65.0  385
5  57.0  371
6  66.0  434
7  39.0  533
1  47.0  349
2  74.0  376
3  50.0  188
4  57.0  179
5  54.0  366
6  25.0  405
7  53.0  399
1  68.0  331
2  43.0  366
3  56.0  426
4  37.0  445
5  47.0  445
6  40.0  460
7  59.0  376
1  83.0  314
2  44.0  410
3  60.0  493
4  53.0  446
5  22.0  401
6  36.0  351
7  14.0  463
1  70.0  446
2  57.0  431
3  38.0  312
4  66.0  408
5  52.0  396
6  57.0  385
7  30.0  358
1  10.0  516
2  39.0  575
3  73.0  427
4  58.0  378
5  36.0  479
6  24.0  396
7  28.0  367
1  55.0  354
2  41.0  517
3  37.0  367
4  38.0  404
5  39.0  415
6  56.0  319
7  58.0  429
1  72.0  252
2  47.0  476
3  53.0  451
4  65.0  418
5  67.0  415
6  56.0  523
7  35.0  573
1  32.0  479
2  9.0  243
3  62.0  336
4  31.0  492
5  71.0  398
6  52.0  396
7  36.0  203
1  68.0  328
2  77.0  251
3  39.0  549
4  40.0  296
5  55.0  375
6  16.0  504
7  31.0  545
1  62.0  352
2  22.0  538
3  44.0  339
4  55.0  450
5  50.0  366
6  31.0  301
7  61.0  444
1  56.0  465
2  67.0  420
3  83.0  264
4  44.0  470
5  40.0  490
6  48.0  428
7  50.0  374
1  83.0  284
2  60.0  503
3  40.0  471
4  55.0  275
5  37.0  333
6  33.0  525
7  39.0  531
1  24.0  521
2  20.0  398
3  36.0  422
4  75.0  305
5  52.0  350
6  38.0  425
7  20.0  437
1  61.0  408
2  39.0  659
3  57.0  409
4  35.0  548
5  50.0  387
6  81.0  344
7  55.0  484
1  22.0  361
2  17.0  472
3  35.0  403
4  59.0  469
5  89.0  268
6  63.0  401
7  14.0  596
1  35.0  439
2  48.0  315
3  43.0  277
4  70.0  335
5  41.0  442
6  73.0  412
7  48.0  492
1  48.0  267
2  67.0  214
3  27.0  350
4  29.0  389
5  73.0  283
6  37.0  559
7  38.0  603
1  34.0  206
2  48.0  446
3  25.0  331
4  50.0  435
5  47.0  550
6  24.0  686
7  43.0  497
1  73.0  291
2  57.0  317
3  46.0  318
4  49.0  252
5  50.0  449
6  37.0  331
7  42.0  245
1  83.0  308
2  47.0  207
3  71.0  340
4  56.0  310
5  41.0  236
6  58.0  211
7  50.0  472
1  64.0  387
2  57.0  390
3  46.0  430
4  26.0  446
5  43.0  281
6  27.0  431
7  42.0  392
1  33.0  627
2  45.0  368
3  54.0  209
4  54.0  407
5  59.0  366
6  73.0  301
7  25.0  425
1  47.0  319
2  32.0  229
3  29.0  297
4  47.0  384
5  27.0  411
6  41.0  424
7  42.0  531
1  40.0  618
2  35.0  426
3  46.0  449
4  70.0  365
5  25.0  441
6  59.0  289
7  28.0  508
1  85.0  305
2  21.0  412
3  79.0  220
4  69.0  382
5  53.0  591
6  60.0  273
7  46.0  444
1  36.0  527
2  73.0  369
3  21.0  361
4  34.0  365
5  36.0  256
6  56.0  444
7  16.0  431
1  80.0  269
2  55.0  484
3  43.0  495
4  46.0  496
5  32.0  528
6  48.0  360
7  47.0  562
1  91.0  270
2  49.0  392
3  62.0  422
4  45.0  306
5  69.0  256
6  55.0  352
7  53.0  457
1  24.0  485
2  18.0  481
3  61.0  458
4  56.0  324
5  45.0  368
6  54.0  322
7  21.0  554
1  66.0  409
2  34.0  255
3  44.0  311
4  61.0  451
5  64.0  341
6  58.0  489
7  64.0  374
1  88.0  291
2  63.0  367
3  53.0  371
4  63.0  387
5  51.0  332
6  63.0  273
7  20.0  389
1  53.0  372
2  43.0  693
3  52.0  416
4  42.0  439
5  54.0  390
6  27.0  384
7  31.0  427
1  32.0  455
2  72.0  373
3  65.0  425
4  46.0  298
5  35.0  425
6  24.0  552
7  66.0  278
1  33.0  500
2  32.0  358
3  74.0  415
4  43.0  495
5  41.0  434
6  33.0  413
7  58.0  485
