0  32.333333333333336  941
1  61.0  708
2  48.333333333333336  844
3  64.333333333333329  700
4  44.0  946
5  87.0  495
6  79.0  686
7  50.0  789
8  73.666666666666671  545
9  72.0  481
10  73.333333333333329  429
11  70.666666666666671  553
12  76.333333333333329  509
13  73.0  375
14  65.0  323
15  67.0  638
16  77.333333333333329  432
17  82.333333333333329  394
18  77.666666666666671  346
19  66.0  261
20  80.333333333333329  327
0  42.666666666666664  939
1  49.333333333333336  1029
2  54.333333333333336  876
3  68.333333333333329  875
4  70.0  844
5  65.666666666666671  740
6  62.0  454
7  42.333333333333336  792
8  68.666666666666671  529
9  86.333333333333329  545
10  88.666666666666671  392
11  45.333333333333336  579
12  69.333333333333329  675
13  72.0  252
14  72.0  325
15  69.666666666666671  405
16  90.666666666666671  304
17  70.333333333333329  379
18  90.666666666666671  288
19  82.333333333333329  336
20  72.0  505
0  37.333333333333336  1012
1  64.666666666666671  677
2  47.333333333333336  715
3  43.0  608
4  62.0  835
5  89.0  209
6  55.0  600
7  65.666666666666671  605
8  77.0  544
9  48.333333333333336  817
10  46.666666666666664  610
11  86.666666666666671  259
12  85.0  225
13  73.666666666666671  313
14  94.333333333333329  121
15  67.333333333333329  575
16  77.0  254
17  80.333333333333329  255
18  71.333333333333329  441
19  91.0  292
20  64.0  409
0  62.333333333333336  742
1  80.333333333333329  749
2  59.666666666666664  623
3  79.333333333333329  617
4  52.666666666666664  860
5  43.666666666666664  893
6  70.0  608
7  75.666666666666671  430
8  88.333333333333329  389
9  68.0  627
10  74.333333333333329  463
11  60.666666666666664  729
12  69.333333333333329  426
13  77.333333333333329  185
14  78.333333333333329  459
15  67.666666666666671  389
16  70.666666666666671  519
17  70.333333333333329  438
18  77.666666666666671  394
19  93.0  157
20  66.666666666666671  444
0  36.0  1045
1  71.666666666666671  648
2  51.0  755
3  48.333333333333336  598
4  22.0  740
5  53.333333333333336  660
6  71.333333333333329  617
7  48.666666666666664  559
8  89.333333333333329  318
9  61.333333333333336  646
10  54.0  814
11  65.333333333333329  591
12  73.666666666666671  500
13  76.333333333333329  524
14  90.0  162
15  69.0  374
16  71.0  547
17  60.666666666666664  491
18  74.0  340
19  54.333333333333336  449
20  84.333333333333329  259
0  49.0  1103
1  66.0  850
2  61.666666666666664  828
3  60.666666666666664  797
4  64.666666666666671  584
5  65.333333333333329  547
6  46.666666666666664  807
7  86.0  486
8  75.333333333333329  567
9  62.0  445
10  79.666666666666671  533
11  71.666666666666671  493
12  87.666666666666671  404
13  61.333333333333336  531
14  74.666666666666671  478
15  74.333333333333329  395
16  93.666666666666671  171
17  81.333333333333329  383
18  66.333333333333329  453
19  77.0  415
20  73.0  491
0  44.0  934
1  42.0  760
2  75.0  740
3  58.666666666666664  677
4  71.666666666666671  752
5  50.333333333333336  765
6  73.666666666666671  604
7  58.666666666666664  616
8  59.333333333333336  749
9  89.666666666666671  290
10  80.333333333333329  301
11  76.666666666666671  484
12  62.0  402
13  81.666666666666671  563
14  95.333333333333329  100
15  83.0  335
16  76.0  380
17  82.0  277
18  71.333333333333329  545
19  63.333333333333336  365
20  65.666666666666671  389
0  60.666666666666664  900
1  32.666666666666664  1049
2  46.0  707
3  68.0  448
4  63.666666666666664  730
5  58.0  662
6  77.0  538
7  70.0  552
8  62.0  636
9  69.666666666666671  552
10  91.0  323
11  64.0  478
12  63.333333333333336  440
13  87.666666666666671  191
14  66.0  489
15  83.666666666666671  439
16  73.333333333333329  371
17  51.333333333333336  565
18  68.666666666666671  402
19  92.0  230
20  95.333333333333329  161
0  80.0  753
1  32.666666666666664  792
2  48.666666666666664  676
3  63.333333333333336  874
4  56.666666666666664  856
5  66.0  594
6  43.0  766
7  79.666666666666671  338
8  85.333333333333329  348
9  50.666666666666664  754
10  72.0  443
11  48.333333333333336  648
12  85.0  371
13  64.666666666666671  543
14  46.333333333333336  774
15  79.666666666666671  241
16  66.0  556
17  80.333333333333329  554
18  74.333333333333329  449
19  65.666666666666671  668
20  75.666666666666671  389
0  56.666666666666664  838
1  60.333333333333336  771
2  66.666666666666671  831
3  24.666666666666668  989
4  59.666666666666664  691
5  74.0  711
6  69.0  617
7  63.666666666666664  588
8  79.333333333333329  445
9  72.666666666666671  636
10  76.333333333333329  480
11  64.0  555
12  68.333333333333329  492
13  74.0  213
14  79.333333333333329  348
15  74.0  373
16  94.0  201
17  78.0  475
18  92.0  204
19  87.0  329
20  89.0  197
0  55.666666666666664  820
1  61.666666666666664  926
2  57.0  1040
3  67.0  667
4  57.0  719
5  66.0  848
6  44.333333333333336  702
7  72.666666666666671  562
8  76.333333333333329  660
9  44.0  712
10  87.666666666666671  368
11  59.333333333333336  485
12  79.333333333333329  470
13  74.0  469
14  58.333333333333336  577
15  85.333333333333329  428
16  84.666666666666671  391
17  69.666666666666671  602
18  87.0  292
19  82.0  373
20  77.333333333333329  352
0  29.666666666666668  881
1  67.333333333333329  817
2  57.666666666666664  749
3  52.0  898
4  62.333333333333336  762
5  52.666666666666664  818
6  74.0  430
7  81.333333333333329  459
8  64.666666666666671  688
9  83.0  475
10  53.333333333333336  646
11  72.333333333333329  454
12  73.0  459
13  61.666666666666664  701
14  79.333333333333329  374
15  69.333333333333329  480
16  65.0  541
17  71.666666666666671  546
18  73.0  535
19  95.0  204
20  83.666666666666671  228
0  42.666666666666664  824
1  37.333333333333336  869
2  54.666666666666664  825
3  30.0  766
4  64.0  755
5  64.333333333333329  723
6  76.666666666666671  592
7  57.666666666666664  605
8  45.0  909
9  65.666666666666671  475
10  79.0  276
11  88.333333333333329  248
12  72.333333333333329  434
13  72.0  474
14  66.666666666666671  531
15  67.0  361
16  80.333333333333329  568
17  78.333333333333329  484
18  66.0  395
19  96.0  68
20  80.666666666666671  520
0  59.666666666666664  775
1  41.666666666666664  856
2  39.333333333333336  644
3  55.0  793
4  67.0  597
5  55.333333333333336  855
6  64.0  633
7  64.333333333333329  682
8  65.333333333333329  601
9  81.666666666666671  388
10  84.333333333333329  245
11  94.666666666666671  126
12  73.666666666666671  525
13  70.0  634
14  59.0  737
15  84.666666666666671  286
16  43.666666666666664  602
17  86.0  231
18  74.666666666666671  466
19  91.333333333333329  329
20  87.666666666666671  251
0  42.666666666666664  825
1  65.0  701
2  69.666666666666671  682
3  48.0  632
4  69.333333333333329  661
5  66.666666666666671  705
6  83.666666666666671  481
7  68.333333333333329  619
8  82.333333333333329  399
9  59.666666666666664  762
10  69.666666666666671  501
11  63.0  698
12  74.333333333333329  494
13  80.666666666666671  332
14  81.0  348
15  71.0  434
16  90.333333333333329  200
17  84.0  288
18  75.333333333333329  528
19  83.0  280
20  80.666666666666671  354
0  68.333333333333329  777
1  40.666666666666664  974
2  63.0  915
3  69.0  744
4  49.0  769
5  57.333333333333336  499
6  55.0  722
7  66.0  709
8  83.333333333333329  468
9  42.333333333333336  645
10  76.333333333333329  498
11  56.666666666666664  652
12  63.0  560
13  76.666666666666671  432
14  73.666666666666671  424
15  86.333333333333329  395
16  79.333333333333329  492
17  70.0  320
18  88.666666666666671  226
19  92.666666666666671  276
20  75.666666666666671  297
0  65.0  809
1  39.666666666666664  833
2  66.666666666666671  714
3  55.0  765
4  62.333333333333336  768
5  73.333333333333329  486
6  73.0  603
7  74.333333333333329  550
8  64.666666666666671  723
9  75.0  426
10  88.0  305
11  83.666666666666671  272
12  73.0  770
13  77.333333333333329  555
14  77.333333333333329  451
15  73.666666666666671  424
16  84.0  249
17  95.333333333333329  153
18  79.0  294
19  80.333333333333329  316
20  73.666666666666671  529
0  77.333333333333329  798
1  84.666666666666671  582
2  58.333333333333336  902
3  46.666666666666664  902
4  65.333333333333329  723
5  62.333333333333336  745
6  61.333333333333336  601
7  80.333333333333329  360
8  49.333333333333336  690
9  73.666666666666671  542
10  84.0  533
11  68.333333333333329  465
12  85.666666666666671  345
13  73.0  527
14  64.333333333333329  359
15  77.0  305
16  63.666666666666664  431
17  84.333333333333329  156
18  54.666666666666664  562
19  67.0  296
20  77.0  494
0  57.333333333333336  870
1  46.666666666666664  755
2  46.0  739
3  68.0  633
4  40.666666666666664  728
5  61.333333333333336  724
6  60.0  706
7  57.666666666666664  726
8  46.333333333333336  791
9  60.666666666666664  634
10  82.666666666666671  436
11  73.0  436
12  73.666666666666671  448
13  71.333333333333329  425
14  78.0  461
15  82.333333333333329  439
16  90.0  267
17  64.666666666666671  447
18  74.0  373
19  80.666666666666671  447
20  81.333333333333329  433
0  27.333333333333332  814
1  61.666666666666664  771
2  48.0  670
3  67.0  664
4  54.0  790
5  66.333333333333329  598
6  44.0  986
7  59.666666666666664  692
8  62.666666666666664  604
9  82.0  485
10  64.333333333333329  685
11  73.0  453
12  60.666666666666664  470
13  79.0  333
14  80.666666666666671  397
15  46.0  572
16  61.333333333333336  496
17  85.333333333333329  310
18  66.666666666666671  447
19  96.333333333333329  94
20  67.0  416
0  43.333333333333336  891
1  47.0  946
2  48.0  968
3  59.333333333333336  866
4  47.0  458
5  74.666666666666671  632
6  57.666666666666664  532
7  62.0  634
8  53.333333333333336  638
9  60.666666666666664  937
10  84.0  374
11  53.666666666666664  766
12  78.0  405
13  72.666666666666671  315
14  65.666666666666671  295
15  76.666666666666671  400
16  80.0  185
17  60.333333333333336  587
18  67.0  324
19  71.333333333333329  340
20  73.666666666666671  229
0  64.666666666666671  806
1  77.333333333333329  674
2  45.0  912
3  52.333333333333336  798
4  84.666666666666671  453
5  52.0  695
6  68.666666666666671  573
7  73.0  445
8  64.333333333333329  731
9  77.0  550
10  82.666666666666671  341
11  70.333333333333329  610
12  59.666666666666664  671
13  78.0  530
14  96.0  145
15  51.666666666666664  556
16  74.666666666666671  446
17  84.333333333333329  343
18  80.666666666666671  344
19  74.0  406
20  79.0  299
0  57.666666666666664  802
1  58.0  680
2  70.333333333333329  774
3  72.333333333333329  712
4  79.0  545
5  87.333333333333329  320
6  53.666666666666664  765
7  63.666666666666664  556
8  73.666666666666671  581
9  72.666666666666671  431
10  83.333333333333329  359
11  73.333333333333329  514
12  73.0  597
13  54.666666666666664  273
14  80.666666666666671  335
15  74.333333333333329  466
16  82.0  385
17  65.0  349
18  78.0  457
19  81.0  460
20  54.333333333333336  443
0  52.0  1025
1  66.333333333333329  721
2  48.333333333333336  887
3  46.0  766
4  73.666666666666671  541
5  34.333333333333336  712
6  64.666666666666671  633
7  70.666666666666671  504
8  61.333333333333336  390
9  63.333333333333336  479
10  76.0  444
11  72.0  573
12  83.333333333333329  357
13  89.666666666666671  198
14  75.333333333333329  480
15  89.333333333333329  111
16  82.666666666666671  424
17  78.0  371
18  80.666666666666671  301
19  78.666666666666671  371
20  54.0  337
0  57.0  675
1  57.0  767
2  73.0  749
3  75.333333333333329  661
4  71.666666666666671  729
5  62.333333333333336  833
6  77.0  715
7  52.666666666666664  688
8  85.666666666666671  260
9  53.333333333333336  754
10  66.0  454
11  88.666666666666671  554
12  59.333333333333336  649
13  84.0  495
14  65.333333333333329  386
15  60.0  466
16  77.666666666666671  350
17  68.666666666666671  606
18  80.666666666666671  459
19  86.666666666666671  290
20  72.666666666666671  261
0  33.0  947
1  47.666666666666664  835
2  62.666666666666664  707
3  50.333333333333336  521
4  80.333333333333329  496
5  86.0  423
6  48.666666666666664  629
7  77.0  494
8  89.0  384
9  80.333333333333329  453
10  66.333333333333329  544
11  73.666666666666671  437
12  86.333333333333329  269
13  66.333333333333329  530
14  72.666666666666671  494
15  71.0  230
16  63.333333333333336  577
17  76.666666666666671  404
18  62.666666666666664  450
19  71.333333333333329  578
20  86.333333333333329  130
0  47.0  925
1  78.666666666666671  768
2  52.666666666666664  686
3  72.333333333333329  694
4  80.333333333333329  569
5  60.0  705
6  94.666666666666671  289
7  62.0  506
8  58.666666666666664  464
9  41.666666666666664  543
11  70.333333333333329  612
12  56.333333333333336  556
13  53.0  724
14  76.666666666666671  700
15  60.0  544
16  74.0  458
17  94.0  156
18  77.666666666666671  411
19  76.333333333333329  382
20  95.333333333333329  195
0  42.0  869
1  47.333333333333336  857
2  57.666666666666664  665
3  60.333333333333336  597
4  56.0  691
5  71.666666666666671  425
6  18.0  789
7  51.0  673
8  77.333333333333329  405
9  70.333333333333329  564
10  41.0  499
11  83.666666666666671  319
12  71.333333333333329  407
13  82.666666666666671  382
14  84.0  362
15  78.666666666666671  348
16  78.0  439
17  66.0  594
18  59.0  433
19  87.333333333333329  282
20  95.0  113
0  47.333333333333336  845
1  38.0  1125
2  71.666666666666671  687
3  55.333333333333336  657
4  64.666666666666671  709
5  56.666666666666664  839
6  62.666666666666664  405
7  84.0  408
8  74.666666666666671  462
9  91.0  328
10  45.666666666666664  578
11  86.333333333333329  366
12  93.666666666666671  277
13  82.666666666666671  502
14  95.333333333333329  157
15  87.666666666666671  311
16  62.333333333333336  455
17  69.333333333333329  199
18  74.0  530
19  80.0  404
20  97.666666666666671  36
0  56.666666666666664  849
1  63.0  702
2  52.666666666666664  858
3  46.0  789
4  64.0  784
5  68.666666666666671  402
6  32.666666666666664  786
7  53.333333333333336  735
8  79.333333333333329  413
9  56.333333333333336  625
10  77.333333333333329  584
11  56.666666666666664  653
12  80.666666666666671  383
13  65.333333333333329  603
14  83.333333333333329  465
15  92.0  255
16  72.333333333333329  524
17  82.0  95
18  88.333333333333329  170
19  74.333333333333329  344
20  59.333333333333336  674
0  59.333333333333336  930
1  37.0  864
2  60.333333333333336  744
3  58.333333333333336  761
4  26.333333333333332  881
5  55.333333333333336  834
6  74.0  564
7  64.666666666666671  548
8  72.333333333333329  642
9  64.333333333333329  410
10  69.333333333333329  512
11  75.666666666666671  559
12  81.333333333333329  426
13  73.0  463
14  73.333333333333329  429
15  61.0  424
16  58.0  408
17  86.333333333333329  178
18  85.333333333333329  130
19  83.0  294
20  75.333333333333329  298
0  56.0  981
1  46.0  996
2  53.333333333333336  901
3  76.666666666666671  604
4  42.0  674
5  60.666666666666664  636
6  54.0  713
7  63.0  618
8  69.333333333333329  684
9  60.0  553
10  71.666666666666671  435
11  90.666666666666671  301
12  70.0  360
13  73.666666666666671  483
14  68.333333333333329  415
15  57.333333333333336  327
16  65.0  661
17  76.333333333333329  545
18  88.333333333333329  272
19  57.0  325
20  69.333333333333329  470
0  71.666666666666671  770
1  65.666666666666671  675
2  84.0  678
3  60.0  700
4  51.666666666666664  670
5  63.666666666666664  729
6  83.0  519
7  66.666666666666671  887
8  62.0  662
9  45.0  639
10  81.333333333333329  421
11  71.333333333333329  400
12  42.666666666666664  764
13  81.0  321
14  74.0  537
15  82.666666666666671  268
16  52.0  578
17  76.333333333333329  512
18  88.333333333333329  324
19  96.666666666666671  144
20  91.666666666666671  144
0  33.666666666666664  724
1  73.333333333333329  775
2  54.333333333333336  858
3  46.0  614
4  59.333333333333336  783
5  63.666666666666664  750
6  82.333333333333329  481
7  78.666666666666671  596
8  50.666666666666664  678
9  70.666666666666671  474
10  63.333333333333336  517
11  78.333333333333329  414
12  91.333333333333329  286
13  74.0  361
14  84.666666666666671  294
15  68.0  417
16  80.0  377
17  71.666666666666671  536
18  88.666666666666671  139
19  74.333333333333329  390
20  77.333333333333329  350
0  63.666666666666664  895
1  46.666666666666664  909
2  54.0  1039
3  60.0  679
4  45.333333333333336  853
5  67.333333333333329  670
6  77.333333333333329  589
7  51.333333333333336  799
8  58.666666666666664  753
9  74.0  556
10  64.333333333333329  469
11  69.0  531
12  73.666666666666671  587
13  73.333333333333329  582
14  69.666666666666671  501
15  83.0  249
16  92.0  196
17  75.0  533
18  67.333333333333329  449
20  70.333333333333329  314
0  49.333333333333336  822
1  84.333333333333329  591
2  81.0  464
3  90.0  521
4  66.333333333333329  765
5  61.333333333333336  685
6  58.666666666666664  787
7  64.666666666666671  788
8  46.333333333333336  642
9  48.0  777
10  62.333333333333336  728
11  94.333333333333329  129
12  82.333333333333329  290
13  85.0  339
14  78.666666666666671  620
15  80.333333333333329  340
16  91.0  218
17  89.0  163
18  60.666666666666664  293
19  78.666666666666671  301
20  78.666666666666671  350
0  48.666666666666664  1004
1  48.0  752
2  53.666666666666664  997
3  48.0  858
4  63.666666666666664  566
5  58.0  720
6  46.333333333333336  665
7  65.333333333333329  681
8  76.666666666666671  523
9  80.0  502
10  67.0  688
11  80.0  484
12  64.666666666666671  510
13  52.0  681
14  92.333333333333329  182
15  46.666666666666664  597
16  85.0  271
17  65.333333333333329  645
18  80.666666666666671  284
19  68.666666666666671  321
20  92.0  216
0  37.333333333333336  715
1  44.666666666666664  728
2  40.666666666666664  713
3  57.333333333333336  612
4  81.0  723
5  76.0  571
6  86.666666666666671  395
7  70.666666666666671  620
8  55.333333333333336  700
9  84.666666666666671  407
10  69.0  505
11  71.333333333333329  576
12  97.0  106
13  76.0  451
14  63.0  582
15  83.0  422
16  88.333333333333329  171
17  64.333333333333329  471
18  86.0  160
19  91.0  91
20  75.0  393
0  39.666666666666664  947
1  75.666666666666671  548
2  59.0  743
3  57.0  738
4  81.0  546
5  57.333333333333336  802
6  55.666666666666664  540
7  64.333333333333329  600
8  81.0  516
9  52.0  518
10  62.333333333333336  649
11  78.666666666666671  325
12  77.333333333333329  403
13  56.0  413
14  91.333333333333329  256
15  75.0  447
16  78.666666666666671  465
17  71.333333333333329  348
18  79.666666666666671  416
19  86.333333333333329  231
20  68.666666666666671  574
0  44.666666666666664  987
1  46.666666666666664  981
2  46.333333333333336  833
3  48.0  838
4  66.0  599
5  59.666666666666664  790
6  84.333333333333329  539
7  69.333333333333329  636
8  75.666666666666671  357
9  70.0  507
10  77.333333333333329  443
11  76.333333333333329  528
12  67.333333333333329  440
13  72.666666666666671  295
14  66.666666666666671  391
15  72.333333333333329  466
16  77.333333333333329  547
17  84.0  400
18  83.666666666666671  323
19  69.333333333333329  246
20  70.333333333333329  509
0  42.333333333333336  834
1  35.0  934
2  78.0  764
3  48.0  631
4  68.666666666666671  493
5  51.0  662
6  72.666666666666671  619
7  70.0  530
8  77.666666666666671  344
9  69.0  683
10  60.333333333333336  793
11  76.333333333333329  451
12  51.0  556
13  70.333333333333329  448
14  78.333333333333329  339
15  70.0  415
16  68.333333333333329  347
17  80.0  154
18  70.0  634
19  55.333333333333336  525
20  74.0  451
0  52.666666666666664  871
1  60.333333333333336  973
2  54.666666666666664  867
3  73.666666666666671  624
4  46.666666666666664  964
5  80.0  493
6  70.0  467
7  81.0  358
8  69.0  552
9  64.666666666666671  476
10  75.666666666666671  554
11  71.0  778
12  92.0  332
13  58.666666666666664  658
14  93.333333333333329  211
15  56.666666666666664  470
16  78.0  382
17  82.666666666666671  396
18  93.666666666666671  86
19  82.333333333333329  317
20  72.0  368
0  51.0  841
1  36.333333333333336  841
2  62.0  748
3  62.0  866
4  76.333333333333329  627
5  67.333333333333329  564
6  72.0  694
7  74.0  620
8  86.666666666666671  348
9  61.666666666666664  629
10  53.666666666666664  722
11  70.333333333333329  465
12  67.333333333333329  424
13  71.666666666666671  552
14  73.666666666666671  417
15  71.0  428
16  79.666666666666671  335
17  74.0  414
18  75.666666666666671  446
19  84.0  308
20  79.666666666666671  446
0  52.0  807
1  64.333333333333329  800
2  55.0  807
3  52.333333333333336  749
4  49.666666666666664  764
5  85.0  449
6  44.333333333333336  567
7  82.333333333333329  275
8  67.0  541
9  75.0  543
10  72.333333333333329  499
11  55.0  708
12  70.333333333333329  417
13  92.666666666666671  181
14  95.333333333333329  38
15  78.0  370
16  50.333333333333336  320
17  79.666666666666671  386
18  90.666666666666671  217
19  71.0  349
20  78.333333333333329  430
0  41.333333333333336  925
1  59.666666666666664  733
2  46.333333333333336  612
3  65.666666666666671  645
4  58.333333333333336  674
5  70.333333333333329  718
6  77.666666666666671  527
7  62.666666666666664  580
8  68.666666666666671  618
9  86.666666666666671  334
10  69.666666666666671  525
11  85.0  175
12  76.666666666666671  426
13  79.0  449
14  72.666666666666671  399
15  91.333333333333329  291
16  80.666666666666671  363
17  83.666666666666671  216
18  82.0  413
19  86.333333333333329  160
20  76.0  414
0  70.0  739
1  65.333333333333329  687
2  67.666666666666671  961
3  57.0  827
4  41.333333333333336  967
5  46.0  675
6  34.333333333333336  997
7  67.333333333333329  611
8  55.333333333333336  561
9  67.0  639
10  96.333333333333329  185
11  75.0  591
12  68.666666666666671  572
13  80.0  494
14  78.0  406
15  72.666666666666671  279
16  80.666666666666671  487
17  92.0  144
18  72.666666666666671  335
19  97.0  86
20  78.666666666666671  428
0  62.0  884
1  78.666666666666671  667
2  66.666666666666671  785
3  71.333333333333329  781
4  44.666666666666664  750
5  69.0  609
6  85.0  466
7  61.0  673
8  79.0  561
9  43.0  734
10  60.333333333333336  663
11  80.666666666666671  328
12  72.0  543
13  65.333333333333329  327
14  77.666666666666671  378
15  69.666666666666671  432
16  77.0  476
17  87.333333333333329  171
18  65.666666666666671  518
19  75.666666666666671  445
20  96.0  91
0  67.666666666666671  746
1  51.666666666666664  937
2  59.666666666666664  987
3  83.0  529
4  54.666666666666664  619
5  67.0  731
6  58.333333333333336  759
7  54.0  622
8  71.333333333333329  628
9  65.0  191
10  79.0  260
11  75.666666666666671  534
12  69.333333333333329  539
13  68.666666666666671  677
14  70.666666666666671  428
15  68.0  498
16  89.333333333333329  276
17  69.333333333333329  388
18  76.0  424
19  95.0  138
20  92.0  158
0  73.333333333333329  755
1  64.666666666666671  841
2  74.0  619
3  67.333333333333329  590
4  64.0  720
5  69.333333333333329  759
6  67.666666666666671  623
7  59.333333333333336  568
8  98.0  125
9  49.666666666666664  539
10  80.666666666666671  390
11  93.666666666666671  224
12  64.0  496
13  75.666666666666671  417
14  86.0  403
15  58.666666666666664  476
16  85.666666666666671  434
17  81.0  209
18  74.0  416
19  69.0  441
20  84.0  364
0  37.666666666666664  846
1  71.666666666666671  831
2  31.333333333333332  903
3  50.666666666666664  808
4  48.0  847
5  65.0  616
6  65.666666666666671  644
7  61.0  816
8  53.0  506
9  71.0  392
10  96.0  157
11  61.0  509
12  62.333333333333336  523
13  67.666666666666671  476
14  68.0  432
15  68.0  489
16  88.333333333333329  268
17  71.333333333333329  455
18  82.333333333333329  408
19  71.0  469
20  69.333333333333329  406
0  73.0  880
1  63.666666666666664  809
2  43.0  801
3  71.666666666666671  654
4  65.666666666666671  469
5  62.666666666666664  543
6  58.666666666666664  912
7  79.333333333333329  619
8  43.0  701
9  82.0  447
10  91.0  158
11  70.666666666666671  753
12  66.333333333333329  538
13  67.666666666666671  189
14  80.0  389
15  76.333333333333329  455
16  83.0  380
17  83.333333333333329  424
18  81.666666666666671  453
19  80.333333333333329  370
20  76.333333333333329  261
0  59.0  980
1  70.0  801
2  70.666666666666671  829
3  64.333333333333329  804
4  50.333333333333336  857
5  54.666666666666664  564
6  42.0  639
7  54.666666666666664  647
8  66.333333333333329  618
9  51.0  581
10  91.666666666666671  181
11  85.333333333333329  343
12  77.333333333333329  483
13  96.333333333333329  165
14  75.666666666666671  417
15  78.666666666666671  487
16  65.0  532
17  54.666666666666664  526
18  76.0  320
19  87.666666666666671  376
20  74.666666666666671  493
0  77.333333333333329  826
1  47.0  848
2  53.666666666666664  997
3  66.0  664
4  65.666666666666671  626
5  65.333333333333329  694
6  75.666666666666671  660
7  74.666666666666671  552
8  53.333333333333336  550
9  72.666666666666671  498
10  83.666666666666671  377
11  91.666666666666671  203
12  81.0  313
13  84.333333333333329  274
14  72.666666666666671  508
15  93.666666666666671  145
16  61.666666666666664  473
17  68.333333333333329  451
18  73.666666666666671  358
19  80.0  588
20  87.333333333333329  371
0  36.333333333333336  796
1  59.0  806
2  68.0  723
3  65.666666666666671  753
4  55.333333333333336  740
5  62.333333333333336  779
6  34.666666666666664  959
7  82.0  457
8  59.666666666666664  411
9  55.666666666666664  781
10  63.0  562
11  72.0  595
12  69.333333333333329  495
13  51.666666666666664  725
14  98.0  61
15  72.0  445
16  81.333333333333329  574
17  82.666666666666671  282
18  82.333333333333329  464
19  65.333333333333329  622
20  87.0  301
0  70.0  798
1  47.333333333333336  1011
2  65.0  814
3  50.666666666666664  835
4  48.333333333333336  658
5  66.333333333333329  643
6  63.0  516
7  59.0  665
8  76.666666666666671  407
9  80.666666666666671  401
10  73.666666666666671  641
11  76.333333333333329  494
12  66.0  639
13  79.333333333333329  472
14  73.333333333333329  331
15  71.666666666666671  468
16  73.0  412
17  86.333333333333329  331
18  75.0  497
19  88.0  292
20  94.0  130
0  47.666666666666664  820
1  68.333333333333329  879
2  75.666666666666671  697
3  77.666666666666671  526
4  76.333333333333329  441
5  49.0  809
6  70.333333333333329  592
7  70.0  581
8  64.333333333333329  455
9  89.333333333333329  293
10  62.333333333333336  620
11  71.333333333333329  605
12  83.333333333333329  301
13  65.0  339
14  86.666666666666671  332
15  68.333333333333329  532
16  69.0  693
17  71.0  392
18  73.0  413
19  60.333333333333336  557
20  90.666666666666671  230
0  47.333333333333336  876
1  57.333333333333336  656
2  70.333333333333329  710
3  54.333333333333336  797
4  67.0  642
5  73.666666666666671  556
6  66.333333333333329  722
7  46.333333333333336  609
8  87.333333333333329  423
9  57.333333333333336  618
10  81.333333333333329  432
11  81.0  286
12  79.333333333333329  385
13  65.333333333333329  578
14  67.666666666666671  438
15  69.0  446
16  81.0  349
17  65.333333333333329  594
18  80.333333333333329  255
19  89.0  142
20  83.666666666666671  224
0  47.0  997
1  79.333333333333329  743
2  72.0  793
3  80.666666666666671  635
4  60.333333333333336  762
5  69.333333333333329  817
6  73.666666666666671  581
7  57.666666666666664  443
8  57.0  682
9  72.333333333333329  392
10  91.333333333333329  197
11  70.333333333333329  514
12  70.666666666666671  474
13  63.666666666666664  572
14  66.666666666666671  450
15  58.666666666666664  491
16  57.0  545
17  86.333333333333329  226
18  78.0  366
19  62.333333333333336  365
20  95.333333333333329  155
0  49.333333333333336  832
1  33.0  866
2  66.333333333333329  478
3  59.666666666666664  797
4  77.333333333333329  577
5  71.0  701
6  85.666666666666671  466
7  41.0  962
8  58.333333333333336  653
9  63.333333333333336  624
10  47.666666666666664  685
11  75.666666666666671  482
12  90.333333333333329  245
13  73.333333333333329  476
14  79.333333333333329  349
15  77.0  374
16  97.0  123
17  73.666666666666671  414
18  74.666666666666671  462
19  77.333333333333329  410
20  92.0  115
0  27.0  1090
1  54.666666666666664  733
2  66.333333333333329  596
3  64.333333333333329  809
4  80.0  576
5  92.666666666666671  158
6  37.333333333333336  772
7  49.666666666666664  693
8  71.333333333333329  454
9  69.0  501
10  62.0  523
11  60.0  589
12  73.0  330
13  77.0  320
14  54.0  452
15  83.333333333333329  386
16  80.333333333333329  432
17  81.666666666666671  373
18  96.0  93
19  84.666666666666671  263
20  77.666666666666671  356
0  74.333333333333329  701
1  52.666666666666664  754
2  75.666666666666671  743
3  61.666666666666664  728
4  57.666666666666664  890
5  52.0  953
6  42.333333333333336  529
7  71.333333333333329  680
8  74.333333333333329  636
9  63.666666666666664  550
10  73.666666666666671  531
11  65.333333333333329  718
12  89.333333333333329  310
13  64.333333333333329  594
14  73.666666666666671  508
15  69.333333333333329  554
16  81.333333333333329  373
17  69.666666666666671  380
18  88.666666666666671  330
19  73.333333333333329  405
20  88.666666666666671  121
0  60.333333333333336  785
1  37.333333333333336  821
2  60.666666666666664  683
3  81.333333333333329  565
4  57.666666666666664  893
5  55.666666666666664  571
6  81.333333333333329  577
7  75.0  463
8  62.333333333333336  594
9  82.666666666666671  551
10  58.333333333333336  630
11  68.666666666666671  614
12  72.0  495
13  74.333333333333329  593
14  63.0  363
15  67.666666666666671  247
16  61.0  756
17  85.0  253
18  88.333333333333329  347
19  66.666666666666671  495
20  71.0  396
0  59.333333333333336  806
1  60.0  879
2  55.666666666666664  825
3  63.666666666666664  739
4  74.333333333333329  535
5  70.0  526
6  71.0  592
7  69.0  520
8  61.0  843
9  77.0  514
10  58.333333333333336  565
11  58.666666666666664  702
12  88.333333333333329  228
13  94.0  239
14  68.0  545
15  68.333333333333329  466
16  80.0  378
17  76.0  407
18  67.333333333333329  406
19  77.0  337
20  87.0  149
0  56.0  847
1  88.333333333333329  636
2  44.0  794
3  54.0  868
4  62.333333333333336  696
5  59.333333333333336  746
6  46.333333333333336  529
7  98.0  221
8  69.333333333333329  570
9  78.0  281
10  80.666666666666671  363
11  76.0  576
12  85.0  406
13  74.333333333333329  577
14  71.333333333333329  327
15  73.0  308
16  84.333333333333329  406
17  68.333333333333329  510
18  70.0  544
19  56.333333333333336  697
20  81.666666666666671  342
0  69.666666666666671  773
1  57.333333333333336  970
2  57.333333333333336  783
3  68.666666666666671  747
4  58.333333333333336  770
5  48.666666666666664  619
6  61.333333333333336  556
7  90.333333333333329  293
8  66.666666666666671  742
9  79.666666666666671  483
10  89.666666666666671  304
11  78.666666666666671  441
12  81.666666666666671  406
13  81.333333333333329  346
14  69.666666666666671  523
15  64.666666666666671  442
16  84.0  256
17  72.333333333333329  524
18  96.0  89
19  74.666666666666671  523
20  67.333333333333329  658
0  70.0  869
1  74.333333333333329  691
2  67.333333333333329  788
3  47.333333333333336  579
4  83.666666666666671  460
5  69.0  697
6  76.0  526
7  65.0  672
8  93.0  258
9  70.333333333333329  601
10  93.333333333333329  165
11  51.333333333333336  574
12  83.333333333333329  381
13  86.0  293
14  92.333333333333329  197
15  79.0  474
16  84.0  258
17  71.333333333333329  585
18  74.0  396
19  60.666666666666664  501
20  91.0  167
0  74.0  601
1  63.666666666666664  743
2  43.0  933
3  65.0  668
4  79.333333333333329  646
5  66.333333333333329  737
6  62.333333333333336  757
7  62.666666666666664  568
8  54.0  669
9  80.0  650
10  70.333333333333329  550
11  76.0  441
12  62.333333333333336  544
13  75.666666666666671  462
14  60.333333333333336  342
15  84.0  348
16  66.666666666666671  493
17  89.333333333333329  131
18  75.666666666666671  654
19  79.666666666666671  461
20  72.666666666666671  420
0  69.0  680
1  64.0  863
2  67.333333333333329  651
3  51.666666666666664  898
4  75.666666666666671  534
5  69.333333333333329  412
6  77.0  536
7  59.0  672
8  72.333333333333329  504
9  59.666666666666664  793
10  63.666666666666664  723
11  78.333333333333329  431
12  71.666666666666671  349
13  72.333333333333329  389
14  83.333333333333329  309
15  64.0  796
16  81.333333333333329  412
17  76.333333333333329  381
18  75.333333333333329  347
19  71.0  477
20  87.666666666666671  54
0  61.666666666666664  790
1  24.0  817
2  63.666666666666664  765
3  66.0  846
4  70.0  820
5  64.666666666666671  915
6  46.333333333333336  732
7  66.666666666666671  537
8  70.0  588
9  66.0  701
10  63.0  416
11  67.333333333333329  342
12  64.666666666666671  780
13  70.666666666666671  346
14  91.0  208
15  75.0  415
16  83.333333333333329  244
17  72.0  346
18  89.666666666666671  220
19  62.666666666666664  581
20  57.666666666666664  429
0  60.666666666666664  773
1  51.333333333333336  939
2  63.666666666666664  933
3  63.0  858
4  55.0  878
5  69.0  548
6  57.0  739
7  82.0  436
8  68.666666666666671  606
9  81.666666666666671  369
10  61.0  546
11  79.0  327
12  73.666666666666671  557
13  71.0  510
14  76.333333333333329  443
15  78.0  216
16  75.333333333333329  380
17  69.0  307
18  79.0  315
19  82.0  277
20  69.333333333333329  554
0  53.333333333333336  811
1  48.0  878
2  88.333333333333329  505
3  44.0  1023
4  60.0  582
5  73.0  548
6  59.0  909
7  54.333333333333336  751
8  53.0  512
9  83.0  466
10  53.333333333333336  735
11  79.0  432
12  61.0  464
13  68.666666666666671  582
14  85.333333333333329  321
15  72.333333333333329  623
16  65.333333333333329  536
17  91.333333333333329  108
18  74.333333333333329  442
19  74.666666666666671  658
20  66.333333333333329  388
0  67.666666666666671  802
1  50.666666666666664  694
2  61.333333333333336  636
3  42.666666666666664  895
4  56.333333333333336  802
5  68.333333333333329  666
6  75.333333333333329  654
7  86.0  374
8  64.333333333333329  686
9  48.666666666666664  793
10  57.333333333333336  620
11  98.0  43
12  72.666666666666671  555
13  70.666666666666671  421
14  59.333333333333336  623
15  86.333333333333329  135
16  77.666666666666671  599
17  86.666666666666671  272
18  65.333333333333329  489
19  67.666666666666671  465
20  69.666666666666671  442
0  58.333333333333336  998
1  56.666666666666664  829
2  55.333333333333336  753
3  57.333333333333336  872
4  50.666666666666664  842
5  68.666666666666671  791
6  71.666666666666671  657
7  67.666666666666671  513
8  74.666666666666671  494
9  71.666666666666671  679
10  61.0  679
11  60.666666666666664  595
12  83.0  299
13  73.0  680
14  53.333333333333336  723
15  69.666666666666671  569
16  93.0  163
17  66.666666666666671  404
18  76.666666666666671  313
19  83.333333333333329  336
20  88.666666666666671  179
0  52.0  905
1  60.666666666666664  750
2  64.666666666666671  739
3  62.666666666666664  588
4  67.0  689
5  71.666666666666671  653
6  81.666666666666671  455
7  69.0  540
8  70.0  531
9  87.0  213
10  70.666666666666671  338
11  94.0  176
12  69.0  570
13  62.666666666666664  536
14  66.666666666666671  440
15  73.333333333333329  417
16  72.333333333333329  340
17  74.333333333333329  420
18  85.0  272
19  78.666666666666671  237
20  81.666666666666671  304
0  39.333333333333336  683
1  54.333333333333336  706
2  58.666666666666664  551
3  66.666666666666671  427
4  63.666666666666664  727
5  61.333333333333336  614
6  42.333333333333336  903
7  86.333333333333329  511
8  51.333333333333336  862
9  56.333333333333336  781
10  62.333333333333336  660
11  70.0  397
12  88.666666666666671  301
13  79.333333333333329  531
14  73.333333333333329  488
15  81.666666666666671  401
16  55.666666666666664  650
17  54.333333333333336  509
18  88.0  138
19  87.666666666666671  288
20  77.333333333333329  460
0  56.666666666666664  897
1  69.666666666666671  749
2  51.0  784
3  81.333333333333329  503
4  74.666666666666671  714
5  83.333333333333329  646
6  81.333333333333329  580
7  56.333333333333336  509
8  69.666666666666671  604
9  72.333333333333329  633
10  72.666666666666671  723
11  73.666666666666671  371
12  85.333333333333329  408
13  65.0  554
14  94.333333333333329  143
15  70.0  268
16  96.0  143
17  86.666666666666671  231
18  75.333333333333329  404
19  68.0  594
20  92.0  153
0  25.0  865
1  61.333333333333336  828
2  67.333333333333329  679
3  73.666666666666671  657
4  53.666666666666664  761
5  58.333333333333336  742
6  55.0  681
7  68.0  444
8  46.333333333333336  784
9  59.333333333333336  464
10  67.333333333333329  440
11  80.666666666666671  264
12  59.666666666666664  619
13  67.333333333333329  358
14  73.0  415
15  80.0  405
16  49.666666666666664  566
17  64.666666666666671  619
18  84.666666666666671  336
19  94.0  221
20  69.666666666666671  534
0  63.0  824
1  57.666666666666664  864
2  79.666666666666671  785
3  67.333333333333329  632
4  51.333333333333336  778
5  59.333333333333336  650
6  58.333333333333336  779
7  69.333333333333329  598
8  72.0  556
9  66.0  481
10  72.0  403
11  75.666666666666671  351
12  67.666666666666671  426
13  83.0  386
14  88.333333333333329  280
15  61.333333333333336  548
16  85.666666666666671  306
17  69.0  421
18  83.0  436
19  79.0  416
20  77.0  403
0  39.666666666666664  866
1  40.333333333333336  859
2  64.0  597
3  56.333333333333336  848
4  58.0  800
5  81.666666666666671  486
6  48.666666666666664  909
7  71.0  578
8  82.666666666666671  474
9  60.333333333333336  421
10  63.333333333333336  674
11  74.666666666666671  481
12  80.666666666666671  372
13  73.333333333333329  268
14  68.666666666666671  493
15  75.0  259
16  79.666666666666671  294
17  84.666666666666671  414
18  86.666666666666671  268
19  85.666666666666671  439
20  59.666666666666664  690
0  43.333333333333336  741
1  67.0  754
2  62.0  710
3  79.0  579
4  72.0  735
5  56.333333333333336  838
6  71.666666666666671  690
7  73.666666666666671  498
8  71.0  503
9  70.333333333333329  526
10  69.333333333333329  428
11  86.0  372
12  66.0  676
13  77.666666666666671  582
14  87.333333333333329  286
15  63.666666666666664  524
16  83.0  277
17  94.0  108
18  74.333333333333329  433
19  84.666666666666671  211
20  82.666666666666671  265
0  77.333333333333329  622
1  76.333333333333329  642
2  63.333333333333336  684
3  84.0  556
4  55.0  756
5  53.666666666666664  631
6  74.666666666666671  512
7  64.666666666666671  730
8  56.0  761
9  63.333333333333336  497
10  71.333333333333329  543
11  87.666666666666671  339
12  73.0  521
13  98.0  92
14  75.333333333333329  230
15  73.0  489
16  61.333333333333336  566
17  90.666666666666671  303
18  85.0  362
19  70.0  410
20  84.666666666666671  362
0  61.0  875
1  43.333333333333336  872
2  61.333333333333336  733
3  67.0  552
4  63.0  461
5  55.0  768
6  59.333333333333336  714
7  66.0  465
8  48.333333333333336  578
9  77.333333333333329  283
10  68.0  784
11  79.666666666666671  545
12  46.666666666666664  643
13  73.333333333333329  272
14  69.333333333333329  537
15  63.666666666666664  661
16  85.0  378
17  98.0  146
18  54.666666666666664  456
19  72.666666666666671  488
20  80.333333333333329  306
0  52.333333333333336  896
1  58.333333333333336  816
2  58.333333333333336  805
3  58.333333333333336  587
4  46.333333333333336  786
5  65.666666666666671  576
6  60.333333333333336  495
7  57.666666666666664  595
8  83.666666666666671  382
9  67.333333333333329  462
10  66.0  838
11  76.666666666666671  369
12  66.666666666666671  473
13  74.666666666666671  445
14  63.333333333333336  465
15  77.333333333333329  537
16  84.0  280
17  48.0  638
18  62.666666666666664  216
19  73.666666666666671  300
20  77.0  374
0  72.333333333333329  914
1  49.333333333333336  815
2  69.0  770
3  58.666666666666664  1124
4  69.0  592
5  50.333333333333336  719
6  67.666666666666671  613
7  73.0  601
8  66.666666666666671  566
9  71.0  451
10  54.333333333333336  610
11  64.666666666666671  522
12  62.666666666666664  421
13  71.333333333333329  638
14  67.0  439
15  70.333333333333329  412
16  65.0  515
17  82.333333333333329  233
18  82.0  334
19  80.666666666666671  311
20  77.0  319
0  79.666666666666671  713
1  60.333333333333336  844
2  59.0  819
3  47.333333333333336  693
4  70.333333333333329  484
5  65.333333333333329  605
6  78.333333333333329  451
7  53.333333333333336  1081
8  50.666666666666664  471
9  76.0  462
10  80.0  558
11  64.333333333333329  577
12  78.666666666666671  399
13  66.0  544
14  54.666666666666664  507
15  85.666666666666671  123
16  79.333333333333329  301
17  82.0  422
18  84.666666666666671  256
19  78.666666666666671  223
20  74.666666666666671  385
0  48.666666666666664  962
1  42.0  816
2  60.666666666666664  605
3  77.333333333333329  463
4  77.0  463
5  67.333333333333329  641
6  80.0  548
7  65.666666666666671  734
8  68.0  495
9  61.666666666666664  917
10  59.666666666666664  750
11  55.666666666666664  746
12  81.333333333333329  479
13  80.333333333333329  465
14  78.333333333333329  531
15  74.0  601
16  65.333333333333329  651
17  76.0  343
18  65.333333333333329  338
19  87.666666666666671  185
20  86.333333333333329  340
0  64.666666666666671  778
1  50.333333333333336  648
2  46.666666666666664  770
3  59.333333333333336  757
4  61.0  782
5  60.666666666666664  702
6  76.666666666666671  682
7  63.333333333333336  510
8  52.0  554
9  65.333333333333329  592
10  60.666666666666664  521
11  72.666666666666671  431
12  69.0  525
13  78.333333333333329  519
14  61.0  509
15  85.0  398
16  67.0  404
17  77.0  473
18  82.666666666666671  212
19  76.666666666666671  407
20  89.333333333333329  241
0  56.666666666666664  695
1  58.0  809
2  69.333333333333329  595
3  46.333333333333336  803
4  58.333333333333336  455
5  65.333333333333329  467
6  70.0  725
7  73.333333333333329  534
8  74.666666666666671  703
9  73.666666666666671  513
10  65.666666666666671  608
11  73.333333333333329  444
12  66.333333333333329  544
13  84.666666666666671  319
14  62.333333333333336  645
15  90.0  256
16  81.0  233
17  61.333333333333336  400
18  75.0  396
19  67.333333333333329  409
20  80.0  333
0  55.333333333333336  782
1  55.666666666666664  807
2  59.333333333333336  714
3  61.0  669
4  60.0  676
5  73.666666666666671  605
6  55.333333333333336  788
7  64.666666666666671  687
8  52.666666666666664  531
9  77.666666666666671  480
10  78.666666666666671  381
11  79.0  389
12  73.666666666666671  668
13  66.666666666666671  405
14  69.666666666666671  522
15  73.666666666666671  506
16  91.666666666666671  316
17  62.666666666666664  397
18  84.333333333333329  231
19  68.333333333333329  329
20  87.666666666666671  287
0  57.333333333333336  825
1  60.333333333333336  864
2  66.0  605
3  63.333333333333336  807
4  55.666666666666664  485
5  55.0  602
6  77.0  550
7  64.0  615
8  62.333333333333336  680
9  69.0  279
10  32.0  634
11  44.333333333333336  720
12  83.666666666666671  352
13  65.666666666666671  312
14  83.0  248
15  77.666666666666671  254
16  63.0  618
17  82.0  394
18  92.666666666666671  198
19  62.666666666666664  521
20  77.666666666666671  427
0  39.666666666666664  1122
1  56.0  763
2  64.333333333333329  794
3  64.333333333333329  497
4  53.666666666666664  517
5  68.333333333333329  421
6  96.666666666666671  198
7  73.666666666666671  544
8  66.0  840
9  43.666666666666664  504
10  60.333333333333336  402
11  60.666666666666664  692
12  79.666666666666671  588
13  87.333333333333329  220
14  53.0  526
15  79.333333333333329  600
16  92.333333333333329  261
17  57.666666666666664  531
18  70.0  484
19  79.666666666666671  419
20  81.666666666666671  122
0  69.666666666666671  714
1  66.0  732
2  75.0  677
3  55.666666666666664  685
4  55.666666666666664  600
5  69.0  706
6  60.333333333333336  671
7  75.666666666666671  478
8  51.0  987
9  50.0  782
10  67.666666666666671  560
11  77.666666666666671  471
12  66.0  554
13  84.666666666666671  383
14  83.333333333333329  390
15  73.0  614
16  77.0  373
17  81.0  464
18  55.0  552
19  71.0  483
20  88.333333333333329  358
0  54.333333333333336  889
1  47.0  878
2  53.666666666666664  789
3  70.666666666666671  655
4  81.333333333333329  500
5  36.333333333333336  1108
6  85.333333333333329  429
7  79.333333333333329  653
8  56.0  416
9  93.666666666666671  151
10  96.333333333333329  229
11  64.0  442
12  70.666666666666671  444
13  64.666666666666671  604
14  69.666666666666671  447
15  77.0  503
16  66.0  605
17  79.0  423
18  72.666666666666671  503
19  87.0  249
20  78.666666666666671  372
0  44.0  852
1  84.333333333333329  561
2  66.666666666666671  730
3  82.333333333333329  514
4  56.666666666666664  694
5  61.333333333333336  584
6  69.333333333333329  363
7  65.0  403
8  71.333333333333329  594
9  52.333333333333336  606
10  68.0  635
11  78.333333333333329  625
12  62.0  521
13  75.333333333333329  603
14  54.666666666666664  687
15  75.333333333333329  461
16  69.333333333333329  454
17  77.333333333333329  514
18  71.666666666666671  427
19  62.333333333333336  463
20  90.666666666666671  143
0  63.666666666666664  891
1  43.666666666666664  951
2  57.333333333333336  887
3  53.0  549
4  55.333333333333336  626
5  88.0  338
6  66.666666666666671  579
7  54.333333333333336  547
8  74.0  362
9  63.333333333333336  524
10  79.666666666666671  371
11  65.0  792
12  59.666666666666664  497
13  77.666666666666671  215
14  87.666666666666671  124
15  60.333333333333336  431
16  65.666666666666671  560
17  78.666666666666671  348
18  83.333333333333329  259
19  72.0  476
20  86.333333333333329  376
0  63.333333333333336  729
1  67.666666666666671  692
2  37.666666666666664  1015
3  43.0  820
4  56.333333333333336  887
5  64.0  820
6  51.666666666666664  736
7  67.666666666666671  765
8  78.666666666666671  647
9  73.666666666666671  457
10  70.0  601
11  47.333333333333336  543
12  72.666666666666671  484
13  65.666666666666671  502
14  82.333333333333329  305
15  67.333333333333329  433
16  68.0  408
17  86.666666666666671  216
18  84.0  250
19  69.333333333333329  373
20  64.333333333333329  325
0  78.333333333333329  775
1  39.0  933
2  53.0  796
3  78.666666666666671  546
4  73.0  504
5  57.333333333333336  618
6  78.0  495
7  53.333333333333336  725
8  62.666666666666664  593
9  78.333333333333329  507
10  95.0  296
11  64.0  363
12  90.666666666666671  261
13  77.333333333333329  488
14  74.0  431
15  71.0  512
16  58.666666666666664  271
17  90.333333333333329  173
18  65.666666666666671  582
19  78.333333333333329  452
20  80.0  550
0  62.333333333333336  779
1  60.0  708
2  52.0  890
3  42.666666666666664  870
4  58.666666666666664  730
5  58.0  592
6  71.0  647
7  73.666666666666671  432
8  75.666666666666671  584
9  66.666666666666671  486
10  70.333333333333329  430
11  45.666666666666664  636
12  86.333333333333329  436
13  78.333333333333329  353
14  85.0  378
15  88.333333333333329  382
16  76.333333333333329  439
17  84.333333333333329  282
18  70.333333333333329  464
19  82.333333333333329  309
20  74.666666666666671  326
0  68.0  794
1  41.666666666666664  884
2  28.666666666666668  784
3  63.333333333333336  711
4  69.0  579
5  56.333333333333336  612
6  68.0  539
7  52.666666666666664  617
8  66.0  549
9  69.333333333333329  484
10  48.333333333333336  706
11  78.333333333333329  402
12  78.333333333333329  463
13  53.0  505
14  83.0  347
15  76.0  414
16  90.0  292
17  55.0  492
18  68.666666666666671  283
19  73.333333333333329  656
20  62.666666666666664  444
0  28.0  851
1  38.666666666666664  826
2  59.333333333333336  713
3  49.333333333333336  653
4  60.333333333333336  709
5  56.666666666666664  526
6  72.0  579
7  81.0  391
8  84.0  325
9  68.666666666666671  289
10  85.666666666666671  394
11  60.666666666666664  652
12  72.0  442
13  73.0  746
14  85.0  330
15  69.333333333333329  465
16  68.0  609
17  70.333333333333329  458
18  70.666666666666671  407
19  58.0  505
20  75.333333333333329  336
