1  947.0  1363.0
1  938.0  811.0
1  976.0  596.0
1  999.0  933.0
1  908.0  1879.0
1  983.0  549.0
1  965.0  906.0
1  1000.0  29.0
1  301.0  3655.0
1  961.0  1318.0
1  995.0  208.0
1  980.0  202.0
1  977.0  577.0
1  967.0  397.0
1  982.0  1923.0
1  1000.0  384.0
1  1000.0  229.0
1  932.0  2190.0
1  970.0  1079.0
1  899.0  1534.0
2  922.0  1337.0
2  911.0  765.0
2  1000.0  1000.0
2  989.0  256.0
2  1000.0  187.0
2  1000.0  167.0
2  887.0  1952.0
2  990.0  525.0
2  988.0  487.0
2  944.0  1620.0
2  925.0  939.0
2  994.0  636.0
2  988.0  1048.0
2  747.0  1351.0
2  970.0  599.0
2  1000.0  181.0
2  996.0  1133.0
2  798.0  2132.0
2  932.0  528.0
2  919.0  1554.0
3  871.0  1372.0
3  941.0  1510.0
3  993.0  1031.0
3  950.0  1601.0
3  997.0  280.0
3  983.0  427.0
3  913.0  1556.0
3  1000.0  38.0
3  959.0  747.0
3  697.0  3591.0
3  791.0  2455.0
3  847.0  1917.0
3  963.0  1431.0
3  940.0  873.0
3  858.0  1856.0
3  914.0  1359.0
3  852.0  1361.0
3  861.0  1970.0
3  982.0  402.0
3  989.0  478.0
4  922.0  1144.0
4  924.0  649.0
4  957.0  613.0
4  822.0  2131.0
4  981.0  191.0
4  862.0  1443.0
4  895.0  1357.0
4  961.0  1700.0
4  989.0  825.0
4  904.0  1455.0
4  825.0  1863.0
4  884.0  2049.0
4  897.0  1177.0
4  906.0  1053.0
4  968.0  355.0
4  995.0  405.0
4  851.0  2481.0
4  964.0  743.0
4  956.0  349.0
4  868.0  2169.0
5  829.0  1931.0
5  957.0  1231.0
5  927.0  1306.0
5  999.0  45.0
5  846.0  1882.0
5  808.0  2065.0
5  867.0  2135.0
5  920.0  1081.0
5  870.0  1980.0
5  823.0  1966.0
5  900.0  1037.0
5  816.0  3034.0
5  911.0  1101.0
5  774.0  2301.0
5  841.0  2373.0
5  846.0  2371.0
5  910.0  1247.0
5  1000.0  8.0
5  622.0  2759.0
5  980.0  426.0
