1  36.0  250.0
2  47.0  380.0
3  57.0  398.0
4  31.0  341.0
5  23.0  424.0
6  26.0  611.0
7  23.0  421.0
1  83.0  394.0
2  64.0  507.0
3  18.0  289.0
4  41.0  420.0
5  43.0  366.0
6  28.0  424.0
7  42.0  450.0
1  69.0  429.0
2  39.0  572.0
3  50.0  675.0
4  16.0  420.0
5  39.0  405.0
6  18.0  289.0
7  26.0  619.0
1  38.0  630.0
2  40.0  393.0
3  29.0  542.0
4  67.0  506.0
5  27.0  355.0
6  42.0  533.0
7  43.0  638.0
1  32.0  357.0
2  25.0  412.0
3  59.0  428.0
4  26.0  396.0
5  67.0  478.0
6  45.0  470.0
7  30.0  563.0
1  34.0  370.0
2  35.0  287.0
3  17.0  268.0
4  68.0  430.0
5  34.0  488.0
6  37.0  434.0
7  35.0  469.0
1  8.0  343.0
2  48.0  449.0
3  46.0  554.0
4  28.0  448.0
5  15.0  307.0
6  27.0  584.0
7  18.0  474.0
1  27.0  568.0
2  40.0  307.0
3  25.0  517.0
4  38.0  524.0
5  39.0  465.0
6  35.0  413.0
7  18.0  299.0
1  48.0  382.0
2  41.0  432.0
3  30.0  426.0
4  33.0  421.0
5  29.0  581.0
6  24.0  393.0
7  18.0  568.0
1  55.0  531.0
2  15.0  206.0
3  57.0  587.0
4  38.0  558.0
5  67.0  435.0
6  16.0  419.0
7  36.0  366.0
1  57.0  603.0
2  21.0  449.0
3  53.0  544.0
4  64.0  488.0
5  20.0  400.0
6  36.0  501.0
7  52.0  473.0
1  25.0  351.0
2  39.0  286.0
3  20.0  434.0
4  44.0  492.0
5  37.0  512.0
6  19.0  386.0
7  16.0  283.0
1  20.0  778.0
2  23.0  352.0
3  32.0  587.0
4  44.0  530.0
5  36.0  468.0
6  61.0  431.0
7  29.0  559.0
1  35.0  405.0
2  64.0  384.0
3  56.0  386.0
4  50.0  421.0
5  25.0  416.0
6  26.0  384.0
7  18.0  633.0
1  37.0  413.0
2  17.0  270.0
3  46.0  520.0
4  47.0  486.0
5  61.0  417.0
6  40.0  388.0
7  39.0  355.0
1  51.0  458.0
2  55.0  528.0
3  52.0  430.0
4  19.0  545.0
5  35.0  403.0
6  48.0  494.0
7  40.0  466.0
1  39.0  455.0
2  29.0  444.0
3  75.0  335.0
4  36.0  624.0
5  40.0  516.0
6  19.0  426.0
7  58.0  461.0
1  43.0  344.0
2  34.0  467.0
3  35.0  430.0
4  24.0  347.0
5  41.0  550.0
6  49.0  427.0
7  31.0  451.0
1  53.0  387.0
2  39.0  456.0
3  55.0  399.0
4  50.0  606.0
5  49.0  494.0
6  29.0  563.0
7  22.0  508.0
1  55.0  529.0
2  53.0  353.0
3  47.0  370.0
4  35.0  520.0
5  58.0  504.0
6  7.0  225.0
7  17.0  385.0
1  7.0  166.0
2  26.0  185.0
3  44.0  423.0
4  43.0  440.0
5  42.0  364.0
6  23.0  258.0
7  35.0  428.0
1  53.0  492.0
2  39.0  494.0
3  52.0  453.0
4  30.0  561.0
5  26.0  443.0
6  28.0  416.0
7  47.0  423.0
1  49.0  588.0
2  55.0  452.0
3  57.0  477.0
4  54.0  387.0
5  48.0  642.0
6  20.0  170.0
7  66.0  453.0
1  51.0  462.0
2  48.0  333.0
3  29.0  316.0
4  40.0  575.0
5  34.0  452.0
6  52.0  474.0
7  31.0  390.0
1  36.0  384.0
2  48.0  462.0
3  24.0  326.0
4  58.0  452.0
5  6.0  365.0
6  41.0  491.0
7  21.0  418.0
1  56.0  294.0
2  30.0  398.0
3  51.0  379.0
4  32.0  411.0
5  49.0  454.0
6  45.0  425.0
7  43.0  492.0
1  54.0  477.0
2  31.0  426.0
3  51.0  479.0
4  49.0  566.0
5  38.0  422.0
6  39.0  445.0
7  48.0  413.0
1  53.0  519.0
2  27.0  546.0
3  21.0  530.0
4  24.0  529.0
5  36.0  517.0
6  42.0  447.0
7  41.0  462.0
1  44.0  396.0
2  21.0  534.0
3  55.0  428.0
4  26.0  388.0
5  30.0  395.0
6  52.0  416.0
7  51.0  568.0
1  37.0  367.0
2  47.0  390.0
3  67.0  447.0
4  20.0  405.0
5  33.0  434.0
6  34.0  296.0
7  31.0  496.0
1  24.0  386.0
2  60.0  370.0
3  36.0  518.0
4  20.0  324.0
5  23.0  446.0
6  36.0  627.0
7  60.0  418.0
1  32.0  312.0
2  22.0  373.0
3  22.0  342.0
4  23.0  367.0
5  31.0  478.0
6  16.0  509.0
7  55.0  416.0
1  56.0  470.0
2  73.0  394.0
3  77.0  342.0
4  41.0  390.0
5  17.0  418.0
6  27.0  415.0
7  43.0  457.0
1  24.0  589.0
2  50.0  472.0
3  30.0  672.0
4  49.0  270.0
5  43.0  527.0
6  34.0  477.0
7  16.0  406.0
1  20.0  461.0
2  27.0  504.0
3  56.0  413.0
4  40.0  488.0
5  23.0  584.0
6  74.0  388.0
7  28.0  415.0
1  31.0  476.0
2  68.0  389.0
3  63.0  388.0
4  48.0  458.0
5  26.0  293.0
6  48.0  566.0
7  40.0  496.0
1  19.0  458.0
2  39.0  381.0
3  13.0  218.0
4  40.0  497.0
5  27.0  373.0
6  42.0  335.0
7  49.0  382.0
1  39.0  500.0
2  76.0  466.0
3  38.0  457.0
4  27.0  319.0
5  39.0  455.0
6  50.0  366.0
7  36.0  570.0
1  34.0  444.0
2  45.0  505.0
3  38.0  391.0
4  47.0  393.0
5  26.0  390.0
6  41.0  351.0
7  23.0  449.0
1  56.0  496.0
2  37.0  325.0
3  67.0  362.0
4  73.0  389.0
5  19.0  529.0
6  27.0  452.0
7  42.0  447.0
1  58.0  384.0
2  56.0  620.0
3  57.0  495.0
4  23.0  519.0
5  40.0  498.0
6  36.0  467.0
7  77.0  359.0
1  19.0  608.0
2  72.0  379.0
3  21.0  436.0
4  49.0  555.0
5  18.0  405.0
6  28.0  267.0
7  20.0  353.0
1  79.0  367.0
2  48.0  454.0
3  42.0  442.0
4  38.0  369.0
5  39.0  539.0
6  45.0  480.0
7  26.0  417.0
1  47.0  397.0
2  34.0  422.0
3  48.0  448.0
4  38.0  506.0
5  48.0  398.0
6  30.0  518.0
7  38.0  485.0
1  36.0  428.0
2  47.0  278.0
3  17.0  321.0
4  16.0  405.0
5  13.0  574.0
6  37.0  285.0
7  55.0  484.0
1  55.0  363.0
2  60.0  349.0
3  39.0  434.0
4  46.0  423.0
5  34.0  487.0
6  44.0  531.0
7  45.0  470.0
1  66.0  421.0
2  15.0  297.0
3  48.0  460.0
4  52.0  391.0
5  63.0  400.0
6  56.0  446.0
7  31.0  459.0
1  26.0  437.0
2  65.0  378.0
3  13.0  379.0
4  47.0  492.0
5  31.0  336.0
6  36.0  393.0
7  34.0  503.0
1  59.0  642.0
2  15.0  176.0
3  40.0  463.0
4  33.0  394.0
5  14.0  419.0
6  52.0  517.0
7  22.0  447.0
1  73.0  393.0
2  58.0  384.0
3  22.0  456.0
4  58.0  506.0
5  37.0  345.0
6  14.0  440.0
7  38.0  517.0
1  35.0  276.0
2  47.0  352.0
3  18.0  281.0
4  64.0  453.0
5  40.0  437.0
6  47.0  465.0
7  48.0  405.0
1  74.0  364.0
2  63.0  413.0
3  41.0  499.0
4  34.0  317.0
5  55.0  451.0
6  37.0  493.0
7  40.0  389.0
1  62.0  368.0
2  35.0  429.0
3  54.0  536.0
4  57.0  495.0
5  36.0  350.0
6  42.0  470.0
7  27.0  560.0
1  64.0  397.0
2  26.0  392.0
3  28.0  288.0
4  52.0  425.0
5  48.0  513.0
6  10.0  235.0
7  17.0  357.0
1  66.0  393.0
2  54.0  480.0
3  49.0  424.0
4  35.0  376.0
5  44.0  384.0
6  36.0  595.0
7  44.0  534.0
1  54.0  346.0
2  51.0  389.0
3  50.0  408.0
4  33.0  387.0
5  30.0  406.0
6  36.0  484.0
7  23.0  376.0
1  71.0  385.0
2  42.0  334.0
3  41.0  419.0
4  36.0  544.0
5  66.0  421.0
6  44.0  555.0
7  27.0  507.0
1  31.0  402.0
2  53.0  411.0
3  74.0  389.0
4  19.0  435.0
5  22.0  539.0
6  54.0  408.0
7  32.0  510.0
1  64.0  396.0
2  74.0  399.0
3  46.0  473.0
4  17.0  331.0
5  43.0  459.0
6  48.0  369.0
7  28.0  275.0
1  15.0  340.0
2  36.0  638.0
3  59.0  363.0
4  44.0  461.0
5  34.0  369.0
6  24.0  429.0
7  20.0  567.0
1  5.0  219.0
2  62.0  421.0
3  69.0  416.0
4  49.0  515.0
5  34.0  491.0
6  27.0  327.0
7  43.0  462.0
1  31.0  459.0
2  27.0  273.0
3  31.0  437.0
4  34.0  448.0
5  43.0  520.0
6  47.0  478.0
7  39.0  471.0
1  56.0  343.0
2  22.0  543.0
3  63.0  414.0
4  51.0  438.0
5  36.0  503.0
6  17.0  370.0
7  31.0  536.0
1  71.0  370.0
2  55.0  302.0
3  45.0  470.0
4  20.0  436.0
5  42.0  417.0
6  49.0  509.0
7  49.0  497.0
1  74.0  338.0
2  34.0  388.0
3  57.0  498.0
4  33.0  591.0
5  26.0  402.0
6  24.0  427.0
7  15.0  324.0
1  46.0  627.0
2  37.0  554.0
3  36.0  346.0
4  32.0  703.0
5  35.0  320.0
6  50.0  437.0
7  71.0  411.0
1  94.0  292.0
2  27.0  279.0
3  68.0  282.0
4  43.0  493.0
5  57.0  476.0
6  31.0  465.0
7  42.0  568.0
1  70.0  396.0
2  34.0  520.0
3  32.0  374.0
4  37.0  293.0
5  17.0  423.0
6  33.0  402.0
7  33.0  632.0
1  73.0  334.0
2  25.0  391.0
3  39.0  533.0
4  42.0  444.0
5  33.0  435.0
6  15.0  467.0
7  36.0  513.0
1  81.0  375.0
2  24.0  585.0
3  24.0  444.0
4  23.0  386.0
5  50.0  517.0
6  35.0  417.0
7  24.0  420.0
1  10.0  436.0
2  39.0  396.0
3  58.0  572.0
4  32.0  411.0
5  38.0  485.0
6  57.0  467.0
7  23.0  445.0
1  57.0  275.0
2  52.0  293.0
3  31.0  358.0
4  55.0  440.0
5  59.0  384.0
6  59.0  546.0
7  27.0  483.0
1  58.0  491.0
2  49.0  371.0
3  54.0  376.0
4  29.0  432.0
5  17.0  303.0
6  24.0  447.0
7  16.0  454.0
1  59.0  501.0
2  38.0  277.0
3  43.0  409.0
4  42.0  516.0
5  68.0  441.0
6  50.0  524.0
7  50.0  546.0
1  56.0  422.0
2  58.0  410.0
3  55.0  428.0
4  62.0  513.0
5  27.0  553.0
6  33.0  532.0
7  26.0  480.0
1  37.0  372.0
2  21.0  513.0
3  47.0  503.0
4  25.0  592.0
5  39.0  477.0
6  47.0  554.0
7  36.0  469.0
1  69.0  393.0
2  58.0  527.0
3  65.0  411.0
4  46.0  498.0
5  38.0  434.0
6  12.0  348.0
7  27.0  597.0
1  41.0  465.0
2  41.0  576.0
3  47.0  456.0
4  54.0  347.0
5  24.0  446.0
6  67.0  436.0
7  13.0  343.0
1  82.0  356.0
2  41.0  452.0
3  38.0  236.0
4  30.0  378.0
5  14.0  531.0
6  49.0  427.0
7  38.0  462.0
1  56.0  422.0
2  16.0  474.0
3  27.0  492.0
4  38.0  462.0
5  52.0  501.0
6  50.0  380.0
7  31.0  469.0
1  22.0  476.0
2  52.0  493.0
3  29.0  523.0
4  46.0  530.0
5  52.0  495.0
6  23.0  267.0
7  53.0  511.0
1  69.0  409.0
2  44.0  492.0
3  30.0  537.0
4  24.0  570.0
5  67.0  415.0
6  25.0  452.0
7  17.0  457.0
1  53.0  350.0
2  49.0  514.0
3  49.0  495.0
4  38.0  626.0
5  46.0  523.0
6  49.0  434.0
7  64.0  405.0
1  15.0  192.0
2  26.0  430.0
3  35.0  684.0
4  9.0  436.0
5  33.0  589.0
6  18.0  358.0
7  24.0  293.0
1  29.0  470.0
2  65.0  447.0
3  22.0  267.0
4  40.0  437.0
5  38.0  423.0
6  42.0  399.0
7  30.0  582.0
1  66.0  428.0
2  22.0  495.0
3  32.0  354.0
4  41.0  414.0
5  51.0  489.0
6  55.0  510.0
7  53.0  508.0
1  72.0  407.0
2  49.0  552.0
3  54.0  512.0
4  46.0  422.0
5  34.0  541.0
6  52.0  472.0
7  59.0  373.0
1  53.0  295.0
2  31.0  365.0
3  47.0  387.0
4  41.0  434.0
5  36.0  375.0
6  44.0  518.0
7  23.0  519.0
1  16.0  244.0
2  17.0  523.0
3  29.0  399.0
4  34.0  520.0
5  29.0  583.0
6  43.0  523.0
7  32.0  613.0
1  69.0  417.0
2  30.0  412.0
3  35.0  312.0
4  43.0  427.0
5  33.0  560.0
6  30.0  572.0
7  54.0  554.0
1  62.0  494.0
2  59.0  483.0
3  61.0  428.0
4  45.0  377.0
5  53.0  398.0
6  39.0  478.0
7  49.0  574.0
1  57.0  387.0
2  48.0  630.0
3  79.0  331.0
4  40.0  463.0
5  28.0  397.0
6  39.0  409.0
7  49.0  585.0
1  28.0  263.0
2  29.0  424.0
3  58.0  464.0
4  42.0  516.0
5  47.0  384.0
6  28.0  302.0
7  21.0  402.0
1  52.0  253.0
2  47.0  234.0
3  28.0  336.0
4  47.0  573.0
5  46.0  487.0
6  37.0  459.0
7  34.0  601.0
1  51.0  345.0
2  58.0  441.0
3  28.0  461.0
4  34.0  366.0
5  80.0  343.0
6  51.0  503.0
7  48.0  452.0
1  60.0  242.0
2  47.0  467.0
3  43.0  525.0
4  46.0  419.0
5  21.0  458.0
6  53.0  471.0
7  57.0  409.0
1  27.0  301.0
2  41.0  470.0
3  52.0  397.0
4  40.0  577.0
5  26.0  482.0
6  27.0  548.0
7  52.0  497.0
1  55.0  496.0
2  44.0  522.0
3  58.0  431.0
4  24.0  449.0
5  62.0  443.0
6  44.0  400.0
7  45.0  400.0
1  41.0  372.0
2  26.0  208.0
3  37.0  422.0
4  26.0  624.0
5  33.0  365.0
6  50.0  504.0
7  22.0  345.0
1  22.0  568.0
2  25.0  313.0
3  55.0  398.0
4  47.0  490.0
5  45.0  452.0
6  31.0  415.0
7  13.0  441.0
