1  52.5  1663
2  45.200000000000003  1743
3  39.0  2059
4  43.0  1496
5  38.799999999999997  1289
1  55.899999999999999  1921
2  51.299999999999997  1860
3  50.600000000000001  1532
4  44.299999999999997  1585
5  33.799999999999997  1319
1  51.899999999999999  2015
2  40.600000000000001  2099
3  54.399999999999999  1465
4  34.799999999999997  1647
5  31.600000000000001  1477
1  62.200000000000003  1889
2  49.0  1888
3  38.600000000000001  1426
4  33.399999999999999  1798
5  37.399999999999999  1641
1  46.799999999999997  2298
2  56.399999999999999  1994
3  40.299999999999997  1558
4  35.700000000000003  1755
5  45.0  1473
1  57.899999999999999  2059
2  42.399999999999999  1971
3  44.200000000000003  2006
4  32.899999999999999  1474
5  25.100000000000001  1243
1  51.200000000000003  2058
2  50.200000000000003  1632
3  38.600000000000001  1361
4  42.100000000000001  1288
5  23.399999999999999  1394
1  51.200000000000003  2108
2  65.099999999999994  1852
3  51.600000000000001  1767
4  36.600000000000001  1382
5  27.699999999999999  1422
1  43.600000000000001  1852
2  46.299999999999997  2014
3  52.899999999999999  1670
4  33.0  1614
5  21.199999999999999  1213
1  49.700000000000003  1824
2  50.700000000000003  1817
3  48.899999999999999  1411
4  32.100000000000001  1873
5  37.899999999999999  1291
1  48.0  2093
2  54.399999999999999  2172
3  48.799999999999997  1547
4  29.800000000000001  1851
5  35.700000000000003  1263
1  51.5  2530
2  53.5  1727
3  37.0  1676
4  38.399999999999999  1675
5  34.0  1585
1  64.0  2139
2  46.799999999999997  1568
3  51.899999999999999  1452
4  33.799999999999997  1330
5  28.899999999999999  1285
1  57.899999999999999  2190
2  48.700000000000003  1778
3  45.200000000000003  1549
4  42.399999999999999  1636
5  31.100000000000001  1682
1  51.899999999999999  2081
2  51.299999999999997  1726
3  44.0  1529
4  40.299999999999997  1468
5  40.799999999999997  1257
1  52.5  2036
2  55.100000000000001  1846
3  41.200000000000003  1593
4  37.600000000000001  1573
5  31.5  1384
1  54.100000000000001  2184
2  58.299999999999997  1650
3  46.0  1478
4  34.399999999999999  1501
5  26.100000000000001  1352
1  48.200000000000003  1843
2  48.799999999999997  1788
3  46.5  1553
4  35.100000000000001  1345
5  37.0  1340
1  54.799999999999997  2400
2  53.5  1646
3  34.0  1455
4  33.899999999999999  1420
5  23.699999999999999  1375
1  49.0  2238
2  47.600000000000001  1812
3  29.899999999999999  1336
4  36.399999999999999  1596
5  27.100000000000001  1247
1  46.799999999999997  2087
2  39.600000000000001  2136
3  36.100000000000001  1642
4  34.399999999999999  1615
5  32.600000000000001  1504
1  44.600000000000001  2062
2  51.799999999999997  1640
3  41.0  1898
4  51.200000000000003  1599
5  38.399999999999999  1446
1  64.599999999999994  1829
2  43.5  1885
3  40.399999999999999  1782
4  34.5  1643
5  36.0  1390
1  62.399999999999999  1829
2  43.399999999999999  1701
3  34.5  1486
4  36.100000000000001  1568
5  27.800000000000001  1305
1  56.899999999999999  1836
2  53.399999999999999  1984
3  42.100000000000001  1622
4  38.799999999999997  1317
5  36.100000000000001  1282
1  46.399999999999999  2194
2  60.700000000000003  1763
3  34.700000000000003  1692
4  32.399999999999999  1832
5  29.0  1485
1  42.0  1764
2  60.399999999999999  1879
3  37.200000000000003  1468
4  40.100000000000001  1648
5  39.299999999999997  1452
1  50.399999999999999  2103
2  48.5  1749
3  34.100000000000001  1304
4  37.799999999999997  1569
5  37.600000000000001  1482
1  45.700000000000003  1846
2  38.899999999999999  1795
3  38.899999999999999  1707
4  45.899999999999999  1334
5  18.399999999999999  1579
1  52.200000000000003  2118
2  44.0  1896
3  34.700000000000003  1488
4  31.199999999999999  1634
5  34.600000000000001  1461
1  49.200000000000003  2162
2  54.799999999999997  1798
3  45.399999999999999  1483
4  35.799999999999997  1629
5  38.200000000000003  1622
1  44.5  2102
2  48.200000000000003  1771
3  32.899999999999999  1096
4  37.399999999999999  1318
5  41.299999999999997  1445
1  40.899999999999999  1753
2  63.899999999999999  1725
3  40.299999999999997  1684
4  35.0  1587
5  23.800000000000001  1486
1  59.399999999999999  1796
2  51.100000000000001  1788
3  40.299999999999997  1653
4  39.5  1569
5  37.899999999999999  1529
1  55.799999999999997  1978
2  50.299999999999997  1800
3  42.200000000000003  1864
4  48.200000000000003  1686
5  33.600000000000001  1708
1  44.899999999999999  2077
2  45.700000000000003  1909
3  46.399999999999999  1768
4  46.600000000000001  1771
5  39.0  1366
1  50.600000000000001  2158
2  45.700000000000003  1475
3  48.100000000000001  1825
4  40.299999999999997  1588
5  39.399999999999999  1202
1  55.100000000000001  1753
2  52.600000000000001  2005
3  37.100000000000001  1688
4  39.5  1687
5  37.600000000000001  1299
1  49.799999999999997  1739
2  45.700000000000003  1595
3  42.399999999999999  1461
4  39.700000000000003  1582
5  37.799999999999997  1366
1  56.200000000000003  1825
2  46.5  2044
3  40.299999999999997  1649
4  42.0  1386
5  37.600000000000001  1148
1  49.600000000000001  1695
2  53.899999999999999  1678
3  43.0  1819
4  28.100000000000001  1311
5  35.600000000000001  1528
1  65.900000000000006  1810
2  48.799999999999997  2107
3  50.0  1777
4  35.899999999999999  1922
5  30.899999999999999  1436
1  53.200000000000003  2436
2  49.0  1788
3  34.799999999999997  1720
4  45.5  1460
5  33.600000000000001  1621
1  47.100000000000001  1948
2  50.799999999999997  1995
3  37.0  1705
4  37.5  1343
5  29.800000000000001  1302
1  49.299999999999997  2010
2  52.5  1657
3  40.299999999999997  1637
4  45.100000000000001  1314
5  38.200000000000003  1317
1  60.0  1723
2  47.799999999999997  1822
3  41.700000000000003  1586
4  33.799999999999997  1653
5  36.700000000000003  1553
1  46.600000000000001  1633
2  39.0  1825
3  39.0  1507
4  31.800000000000001  1612
5  46.5  1323
1  52.600000000000001  1949
2  47.299999999999997  2174
3  35.399999999999999  1895
4  40.399999999999999  1499
5  24.0  1292
1  44.200000000000003  2081
2  42.299999999999997  1777
3  35.5  1321
4  35.899999999999999  1676
5  42.5  1345
1  50.399999999999999  2113
2  42.200000000000003  1674
3  38.200000000000003  1991
4  46.200000000000003  1597
5  35.100000000000001  1606
1  48.700000000000003  1883
2  45.600000000000001  1701
3  43.0  1709
4  38.799999999999997  1539
5  26.199999999999999  1413
1  54.399999999999999  1964
2  42.200000000000003  2015
3  38.799999999999997  1420
4  38.100000000000001  1550
5  30.800000000000001  1184
1  61.299999999999997  1559
2  55.799999999999997  1625
3  36.0  1506
4  35.5  1395
5  30.600000000000001  1000
1  45.5  2354
2  51.100000000000001  1813
3  42.799999999999997  1756
4  38.0  1560
5  23.800000000000001  1276
1  57.200000000000003  1989
2  52.600000000000001  1950
3  44.200000000000003  1570
4  34.200000000000003  1340
5  40.399999999999999  1409
1  51.5  1935
2  49.600000000000001  1670
3  40.899999999999999  1903
4  32.899999999999999  1560
5  32.5  1509
1  55.899999999999999  1816
2  52.100000000000001  1824
3  40.600000000000001  1691
4  41.399999999999999  1624
5  26.399999999999999  1366
1  58.0  1839
2  50.299999999999997  2251
3  44.899999999999999  1670
4  35.700000000000003  1492
5  33.100000000000001  1424
1  50.100000000000001  1861
2  52.299999999999997  1273
3  50.399999999999999  1435
4  36.899999999999999  1638
5  38.600000000000001  1304
1  46.399999999999999  2029
2  52.100000000000001  2030
3  41.600000000000001  1750
4  43.600000000000001  1386
5  36.899999999999999  1487
1  58.100000000000001  1832
2  50.200000000000003  1665
3  46.5  1750
4  34.700000000000003  1654
5  39.399999999999999  1445
1  61.799999999999997  1934
2  52.200000000000003  1744
3  38.799999999999997  1777
4  47.100000000000001  1656
5  26.100000000000001  1339
1  50.5  1952
2  44.700000000000003  1766
3  46.799999999999997  1937
4  46.899999999999999  1440
5  40.5  1348
1  46.5  2208
2  38.799999999999997  2201
3  45.200000000000003  1547
4  32.0  1800
5  35.100000000000001  1262
1  58.5  1938
2  57.399999999999999  1764
3  38.399999999999999  1736
4  48.200000000000003  1476
5  36.100000000000001  1634
1  57.700000000000003  1709
2  51.799999999999997  1604
3  45.299999999999997  1598
4  44.799999999999997  1614
5  36.299999999999997  1399
1  52.600000000000001  1866
2  34.399999999999999  2146
3  58.700000000000003  1616
4  44.399999999999999  1282
5  36.799999999999997  1393
1  52.200000000000003  2028
2  50.200000000000003  1896
3  46.0  1370
4  45.5  1758
5  30.600000000000001  1496
1  48.700000000000003  2129
2  53.700000000000003  1918
3  43.899999999999999  1502
4  43.200000000000003  1560
5  28.5  1365
1  45.799999999999997  2144
2  45.200000000000003  1840
3  40.5  1852
4  35.899999999999999  1696
5  36.399999999999999  1600
1  47.100000000000001  1792
2  55.899999999999999  1441
3  40.299999999999997  1787
4  41.799999999999997  1432
5  38.399999999999999  1405
1  49.899999999999999  2443
2  38.5  1796
3  49.600000000000001  1444
4  40.600000000000001  1302
5  30.199999999999999  1507
1  51.100000000000001  1852
2  43.899999999999999  1872
3  37.899999999999999  1425
4  36.700000000000003  1467
5  34.200000000000003  1539
1  47.799999999999997  1789
2  46.299999999999997  1919
3  35.399999999999999  1406
4  33.0  1875
5  40.5  1430
1  43.0  1940
2  36.200000000000003  1864
3  39.899999999999999  1470
4  34.200000000000003  1538
5  36.299999999999997  1384
1  52.100000000000001  2134
2  51.0  1729
3  44.299999999999997  1888
4  29.399999999999999  1708
5  32.399999999999999  1223
1  50.799999999999997  1886
2  43.0  1831
3  40.700000000000003  1600
4  28.0  1360
5  37.0  1370
1  48.100000000000001  2319
2  54.0  1909
3  42.600000000000001  1465
4  44.899999999999999  1531
5  33.799999999999997  1178
1  58.799999999999997  2048
2  53.399999999999999  1690
3  38.299999999999997  1619
4  26.399999999999999  1476
5  30.0  1386
1  51.399999999999999  1746
2  47.399999999999999  1858
3  37.700000000000003  1512
4  45.0  1508
5  41.799999999999997  1499
1  61.399999999999999  1993
2  54.899999999999999  2105
3  31.100000000000001  1527
4  34.899999999999999  1353
5  37.0  1484
1  55.200000000000003  2077
2  50.100000000000001  1663
3  47.0  1722
4  37.799999999999997  1389
5  23.600000000000001  1285
1  59.100000000000001  2068
2  56.0  1524
3  46.200000000000003  1362
4  43.5  1373
5  30.199999999999999  1585
1  55.100000000000001  1729
2  45.5  1899
3  30.399999999999999  1551
4  38.899999999999999  1650
5  42.799999999999997  1185
1  47.600000000000001  2009
2  55.299999999999997  1744
3  33.600000000000001  1568
4  38.5  1397
5  27.0  1243
1  46.399999999999999  2147
2  44.600000000000001  2148
3  44.399999999999999  1739
4  41.600000000000001  1580
5  26.300000000000001  1531
1  56.100000000000001  2040
2  50.299999999999997  1894
3  47.200000000000003  1696
4  48.0  1410
5  38.200000000000003  1316
1  45.5  1773
2  37.600000000000001  1949
3  40.299999999999997  1513
4  38.100000000000001  1219
5  32.200000000000003  1320
1  42.600000000000001  1868
2  50.0  1947
3  54.600000000000001  1794
4  44.0  1555
5  25.300000000000001  1424
1  47.0  2122
2  42.200000000000003  1696
3  42.799999999999997  1728
4  55.5  1283
5  25.399999999999999  1646
1  45.299999999999997  2265
2  48.600000000000001  1634
3  47.700000000000003  1556
4  49.399999999999999  1365
5  33.700000000000003  1176
1  44.899999999999999  2259
2  51.5  2090
3  45.700000000000003  1527
4  40.5  1628
5  39.600000000000001  1457
1  57.299999999999997  1778
2  50.899999999999999  1960
3  43.5  1756
4  45.100000000000001  1267
5  30.0  1309
1  45.399999999999999  2026
2  64.400000000000006  1676
3  47.899999999999999  1325
4  47.600000000000001  1485
5  33.5  1661
1  55.5  1969
2  41.799999999999997  1137
3  37.899999999999999  2022
4  47.799999999999997  1633
5  37.5  1609
1  55.899999999999999  1995
2  43.899999999999999  2019
3  39.0  1687
4  33.799999999999997  1451
5  36.799999999999997  1482
1  45.700000000000003  1790
2  40.899999999999999  2034
3  43.399999999999999  1763
4  41.0  1399
5  39.5  1457
1  49.899999999999999  2084
2  53.899999999999999  1694
3  47.600000000000001  1728
4  41.0  1454
5  25.399999999999999  1488
1  58.600000000000001  1972
2  46.200000000000003  1660
3  43.299999999999997  1772
4  35.600000000000001  1571
5  36.899999999999999  1259
1  44.899999999999999  1958
2  59.200000000000003  1960
3  27.199999999999999  1495
4  34.399999999999999  1723
5  38.200000000000003  1645
