0  35.0  413
0  56.0  367
0  48.0  404
0  43.0  348
0  68.0  418
0  41.0  487
0  59.0  371
0  23.0  391
0  9.0  413
0  54.0  481
0  56.0  295
0  52.0  518
0  46.0  401
0  62.0  394
0  68.0  295
0  27.0  490
0  45.0  407
0  30.0  483
0  23.0  351
0  69.0  320
0  15.0  161
0  28.0  451
0  36.0  339
0  54.0  459
0  3.0  327
0  33.0  299
0  51.0  403
0  24.0  386
0  49.0  337
0  29.0  449
0  54.0  476
0  43.0  454
0  40.0  394
0  45.0  412
0  21.0  566
0  40.0  468
0  30.0  338
0  32.0  571
0  42.0  340
0  51.0  399
0  48.0  439
0  33.0  483
0  49.0  387
0  36.0  558
0  52.0  412
0  35.0  624
0  64.0  385
0  66.0  444
0  38.0  579
0  60.0  241
0  34.0  384
0  25.0  504
0  62.0  311
0  22.0  200
0  15.0  446
0  28.0  124
0  80.0  263
0  32.0  290
0  48.0  343
0  26.0  616
0  37.0  514
0  17.0  455
0  30.0  364
0  54.0  357
0  53.0  402
0  44.0  406
0  53.0  450
0  27.0  440
0  25.0  356
0  68.0  332
0  21.0  219
0  37.0  463
0  53.0  416
0  48.0  646
0  25.0  427
0  72.0  365
0  50.0  506
0  8.0  360
0  34.0  636
0  33.0  583
0  79.0  289
0  24.0  516
0  70.0  368
0  31.0  443
0  26.0  342
0  46.0  362
0  66.0  335
0  45.0  310
0  26.0  428
0  76.0  339
0  34.0  302
0  41.0  400
0  29.0  188
0  80.0  326
0  39.0  397
0  44.0  410
0  77.0  337
0  44.0  292
0  10.0  678
0  31.0  432
1  40.0  469
1  84.0  266
1  39.0  226
1  73.0  389
1  47.0  487
1  53.0  354
1  69.0  329
1  81.0  282
1  45.0  586
1  68.0  392
1  56.0  335
1  39.0  546
1  50.0  405
1  42.0  382
1  61.0  489
1  70.0  273
1  37.0  349
1  62.0  357
1  65.0  274
1  49.0  401
1  35.0  422
1  53.0  416
1  89.0  285
1  42.0  387
1  44.0  412
1  66.0  297
1  49.0  318
1  39.0  340
1  47.0  355
1  51.0  337
1  73.0  365
1  37.0  339
1  38.0  480
1  16.0  488
1  58.0  402
1  49.0  454
1  76.0  364
1  42.0  356
1  69.0  317
1  45.0  461
1  42.0  403
1  82.0  321
1  41.0  458
1  3.0  355
1  17.0  556
1  52.0  352
1  63.0  252
1  34.0  285
1  63.0  419
1  77.0  330
1  34.0  371
1  74.0  370
1  59.0  371
1  50.0  305
1  19.0  358
1  24.0  386
1  68.0  256
1  58.0  401
1  40.0  441
1  61.0  373
1  61.0  322
1  76.0  312
1  15.0  370
1  42.0  420
1  70.0  327
1  72.0  332
1  33.0  301
1  76.0  373
1  47.0  458
1  63.0  369
1  55.0  562
1  61.0  303
1  49.0  358
1  65.0  342
1  61.0  301
1  36.0  499
1  16.0  235
1  30.0  574
1  35.0  340
1  67.0  379
1  60.0  392
1  53.0  464
1  33.0  387
1  69.0  355
1  68.0  389
1  37.0  508
1  44.0  549
1  54.0  306
1  56.0  404
1  44.0  419
1  19.0  343
1  55.0  350
1  36.0  283
1  41.0  463
1  46.0  385
1  43.0  447
1  62.0  381
1  49.0  418
1  53.0  409
1  45.0  291
2  82.0  279
2  86.0  290
2  66.0  409
2  63.0  356
2  85.0  348
2  42.0  498
2  53.0  331
2  59.0  389
2  47.0  473
2  35.0  526
2  34.0  513
2  60.0  459
2  40.0  366
2  59.0  372
2  28.0  283
2  57.0  425
2  46.0  372
2  33.0  411
2  28.0  267
2  17.0  299
2  65.0  389
2  35.0  445
2  47.0  486
2  49.0  371
2  19.0  511
2  68.0  327
2  41.0  388
2  64.0  409
2  80.0  314
2  45.0  481
2  46.0  379
2  70.0  337
2  82.0  315
2  64.0  363
2  79.0  308
2  54.0  417
2  42.0  537
2  43.0  204
2  54.0  340
2  30.0  302
2  33.0  514
2  45.0  414
2  61.0  412
2  50.0  405
2  41.0  312
2  44.0  417
2  49.0  458
2  64.0  327
2  46.0  405
2  53.0  246
2  30.0  244
2  67.0  410
2  26.0  241
2  21.0  243
2  53.0  378
2  46.0  475
2  53.0  445
2  54.0  429
2  55.0  386
2  68.0  424
2  41.0  352
2  52.0  377
2  45.0  375
2  62.0  301
2  52.0  422
2  40.0  454
2  60.0  370
2  24.0  365
2  25.0  208
2  69.0  376
2  51.0  448
2  24.0  314
2  69.0  373
2  38.0  548
2  11.0  226
2  45.0  500
2  56.0  472
2  85.0  317
2  39.0  539
2  64.0  464
2  52.0  471
2  61.0  402
2  65.0  391
2  35.0  232
2  73.0  350
2  75.0  317
2  22.0  556
2  50.0  269
2  52.0  382
2  53.0  345
2  25.0  465
2  61.0  362
2  54.0  402
2  22.0  343
2  23.0  221
2  52.0  362
2  50.0  244
2  23.0  259
2  53.0  361
2  54.0  640
3  58.0  410
3  39.0  378
3  52.0  386
3  22.0  296
3  54.0  242
3  49.0  435
3  33.0  351
3  89.0  273
3  76.0  298
3  64.0  338
3  36.0  343
3  34.0  384
3  58.0  438
3  85.0  329
3  40.0  237
3  52.0  400
3  48.0  350
3  52.0  409
3  53.0  407
3  43.0  489
3  58.0  388
3  51.0  463
3  35.0  288
3  65.0  355
3  26.0  232
3  42.0  410
3  35.0  325
3  66.0  337
3  36.0  441
3  63.0  417
3  43.0  481
3  14.0  792
3  48.0  373
3  46.0  328
3  69.0  380
3  30.0  547
3  24.0  346
3  61.0  352
3  74.0  302
3  72.0  349
3  38.0  314
3  54.0  385
3  61.0  311
3  66.0  299
3  47.0  486
3  52.0  390
3  25.0  553
3  22.0  536
3  34.0  437
3  49.0  412
3  62.0  387
3  50.0  462
3  96.0  248
3  63.0  324
3  43.0  289
3  29.0  501
3  67.0  385
3  64.0  298
3  85.0  338
3  79.0  362
3  61.0  369
3  39.0  332
3  46.0  473
3  70.0  410
3  50.0  328
3  46.0  366
3  79.0  332
3  56.0  491
3  39.0  421
3  47.0  328
3  30.0  359
3  60.0  476
3  28.0  435
3  55.0  435
3  52.0  302
3  45.0  426
3  37.0  567
3  43.0  538
3  41.0  509
3  55.0  385
3  50.0  448
3  56.0  324
3  60.0  416
3  16.0  479
3  61.0  366
3  47.0  554
3  58.0  373
3  18.0  224
3  63.0  353
3  42.0  394
3  56.0  450
3  69.0  334
3  38.0  437
3  49.0  282
3  59.0  328
3  15.0  406
3  38.0  442
3  42.0  384
3  75.0  313
3  12.0  220
4  62.0  457
4  61.0  379
4  40.0  370
4  72.0  322
4  22.0  235
4  43.0  464
4  82.0  293
4  35.0  535
4  65.0  317
4  48.0  500
4  51.0  415
4  62.0  422
4  19.0  253
4  43.0  477
4  33.0  338
4  60.0  409
4  34.0  404
4  31.0  436
4  48.0  336
4  40.0  439
4  77.0  337
4  60.0  420
4  40.0  245
4  54.0  446
4  40.0  501
4  44.0  404
4  37.0  325
4  41.0  444
4  26.0  483
4  56.0  416
4  24.0  334
4  67.0  408
4  33.0  405
4  53.0  410
4  54.0  469
4  56.0  391
4  41.0  311
4  65.0  355
4  46.0  435
4  35.0  386
4  60.0  295
4  37.0  506
4  28.0  404
4  67.0  344
4  43.0  474
4  54.0  250
4  35.0  361
4  65.0  363
4  31.0  278
4  53.0  432
4  60.0  381
4  32.0  690
4  53.0  412
4  62.0  298
4  42.0  448
4  29.0  251
4  46.0  348
4  36.0  442
4  34.0  411
4  48.0  435
4  35.0  291
4  27.0  291
4  31.0  436
4  48.0  495
4  44.0  267
4  55.0  348
4  48.0  303
4  28.0  508
4  61.0  427
4  58.0  349
4  31.0  304
4  25.0  311
4  74.0  270
4  34.0  476
4  55.0  257
4  60.0  361
4  39.0  284
4  14.0  275
4  77.0  369
4  19.0  364
4  16.0  246
4  55.0  349
4  41.0  313
4  52.0  379
4  29.0  496
4  72.0  318
4  50.0  522
4  68.0  410
4  56.0  315
4  44.0  422
4  49.0  278
4  59.0  384
4  61.0  387
4  47.0  309
4  40.0  422
4  65.0  422
4  42.0  406
4  50.0  297
4  1.0  282
4  36.0  494
5  61.0  398
5  87.0  322
5  51.0  383
5  57.0  351
5  66.0  401
5  42.0  545
5  59.0  428
5  60.0  408
5  53.0  428
5  50.0  405
5  28.0  282
5  47.0  500
5  32.0  570
5  47.0  357
5  61.0  424
5  83.0  310
5  74.0  328
5  50.0  480
5  45.0  317
5  30.0  522
5  49.0  349
5  57.0  497
5  26.0  559
5  11.0  266
5  29.0  224
5  26.0  268
5  49.0  288
5  36.0  454
5  56.0  378
5  29.0  203
5  44.0  282
5  65.0  399
5  65.0  270
5  49.0  538
5  30.0  302
5  43.0  505
5  28.0  520
5  55.0  255
5  65.0  394
5  70.0  315
5  20.0  364
5  65.0  239
5  69.0  369
5  41.0  219
5  24.0  507
5  36.0  221
5  16.0  438
5  27.0  603
5  36.0  406
5  48.0  405
5  37.0  428
5  39.0  399
5  54.0  429
5  63.0  325
5  38.0  455
5  65.0  293
5  47.0  582
5  66.0  275
5  76.0  311
5  32.0  495
5  51.0  181
5  29.0  483
5  24.0  330
5  32.0  556
5  48.0  332
5  52.0  467
5  56.0  371
5  79.0  299
5  43.0  342
5  48.0  376
5  72.0  375
5  23.0  310
5  66.0  245
5  37.0  540
5  27.0  389
5  43.0  278
5  51.0  446
5  58.0  414
5  48.0  410
5  47.0  573
5  46.0  239
5  31.0  267
5  51.0  307
5  76.0  374
5  51.0  312
5  33.0  399
5  46.0  306
5  45.0  416
5  51.0  495
5  36.0  505
5  63.0  355
5  58.0  390
5  64.0  364
5  51.0  466
5  45.0  410
5  48.0  272
5  57.0  406
5  48.0  387
5  8.0  313
5  45.0  451
6  53.0  456
6  63.0  432
6  63.0  305
6  75.0  439
6  56.0  414
6  58.0  384
6  49.0  525
6  46.0  338
6  79.0  359
6  70.0  379
6  62.0  377
6  50.0  439
6  52.0  351
6  41.0  440
6  30.0  280
6  54.0  497
6  59.0  397
6  47.0  520
6  64.0  468
6  44.0  325
6  41.0  392
6  22.0  140
6  37.0  462
6  30.0  459
6  63.0  332
6  47.0  507
6  48.0  410
6  50.0  258
6  11.0  603
6  58.0  362
6  68.0  386
6  47.0  324
6  80.0  246
6  65.0  367
6  46.0  300
6  58.0  286
6  63.0  350
6  89.0  293
6  29.0  400
6  55.0  234
6  44.0  316
6  59.0  450
6  59.0  353
6  57.0  374
6  52.0  432
6  52.0  479
6  59.0  410
6  67.0  381
6  33.0  367
6  55.0  498
6  57.0  432
6  12.0  306
6  18.0  334
6  50.0  359
6  76.0  337
6  56.0  347
6  66.0  377
6  72.0  293
6  58.0  302
6  52.0  422
6  66.0  333
6  32.0  519
6  52.0  338
6  65.0  192
6  34.0  427
6  47.0  498
6  61.0  483
6  53.0  368
6  27.0  504
6  33.0  243
6  42.0  344
6  43.0  344
6  47.0  402
6  67.0  399
6  63.0  366
6  44.0  278
6  62.0  432
6  27.0  359
6  57.0  381
6  65.0  314
6  51.0  470
6  45.0  424
6  42.0  315
6  48.0  492
6  81.0  300
6  87.0  266
6  51.0  323
6  60.0  342
6  41.0  325
6  52.0  425
6  21.0  309
6  71.0  294
6  37.0  274
6  52.0  362
6  40.0  465
6  55.0  265
6  39.0  560
6  75.0  359
6  40.0  362
6  75.0  349
7  36.0  273
7  76.0  317
7  36.0  425
7  56.0  286
7  51.0  406
7  50.0  384
7  18.0  256
7  26.0  355
7  72.0  370
7  68.0  302
7  65.0  396
7  77.0  323
7  44.0  403
7  70.0  383
7  17.0  407
7  44.0  413
7  6.0  338
7  40.0  429
7  75.0  298
7  28.0  355
7  45.0  245
7  59.0  451
7  37.0  280
7  47.0  547
7  38.0  496
7  56.0  339
7  37.0  450
7  59.0  357
7  54.0  331
7  36.0  536
7  42.0  430
7  65.0  310
7  38.0  403
7  43.0  385
7  51.0  387
7  25.0  366
7  61.0  315
7  71.0  330
7  49.0  442
7  47.0  431
7  25.0  350
7  49.0  333
7  44.0  324
7  54.0  508
7  75.0  378
7  23.0  353
7  20.0  290
7  61.0  353
7  75.0  280
7  76.0  219
7  18.0  327
7  26.0  295
7  65.0  405
7  42.0  454
7  48.0  522
7  31.0  547
7  51.0  440
7  27.0  337
7  32.0  533
7  75.0  341
7  64.0  416
7  87.0  327
7  32.0  450
7  18.0  418
7  45.0  405
7  59.0  444
7  89.0  281
7  66.0  365
7  69.0  343
7  51.0  410
7  67.0  370
7  56.0  390
7  65.0  485
7  59.0  378
7  53.0  517
7  58.0  367
7  71.0  369
7  62.0  455
7  19.0  676
7  52.0  409
7  58.0  417
7  40.0  424
7  60.0  356
7  52.0  308
7  70.0  345
7  28.0  589
7  67.0  386
7  44.0  307
7  39.0  493
7  52.0  409
7  63.0  278
7  50.0  545
7  56.0  431
7  49.0  224
7  40.0  404
7  75.0  278
7  52.0  303
7  64.0  468
7  42.0  446
7  55.0  319
8  62.0  409
8  52.0  330
8  48.0  460
8  72.0  399
8  62.0  342
8  60.0  420
8  27.0  409
8  39.0  413
8  82.0  322
8  33.0  588
8  72.0  360
8  66.0  388
8  83.0  231
8  26.0  297
8  39.0  501
8  36.0  408
8  74.0  349
8  19.0  305
8  64.0  328
8  27.0  345
8  33.0  342
8  58.0  365
8  30.0  329
8  43.0  404
8  33.0  470
8  46.0  457
8  74.0  372
8  50.0  546
8  33.0  359
8  69.0  367
8  59.0  364
8  94.0  248
8  49.0  418
8  52.0  430
8  39.0  295
8  76.0  277
8  49.0  346
8  38.0  284
8  17.0  217
8  45.0  400
8  47.0  411
8  51.0  415
8  46.0  372
8  61.0  357
8  46.0  281
8  57.0  304
8  54.0  497
8  25.0  552
8  36.0  381
8  24.0  369
8  31.0  229
8  23.0  427
8  54.0  498
8  35.0  293
8  43.0  370
8  68.0  387
8  27.0  391
8  76.0  313
8  35.0  219
8  58.0  496
8  49.0  332
8  23.0  323
8  66.0  447
8  63.0  347
8  58.0  328
8  51.0  424
8  49.0  388
8  46.0  402
8  49.0  511
8  72.0  340
8  31.0  261
8  51.0  313
8  52.0  481
8  17.0  392
8  34.0  538
8  45.0  379
8  44.0  530
8  63.0  293
8  88.0  290
8  29.0  396
8  60.0  241
8  43.0  383
8  27.0  352
8  60.0  481
8  52.0  491
8  58.0  490
8  53.0  444
8  35.0  419
8  31.0  309
8  57.0  491
8  51.0  362
8  36.0  338
8  61.0  422
8  57.0  411
8  60.0  381
8  62.0  325
8  73.0  336
8  41.0  346
8  50.0  448
8  42.0  349
9  49.0  434
9  50.0  464
9  62.0  363
9  79.0  256
9  47.0  362
9  67.0  451
9  22.0  524
9  55.0  304
9  78.0  340
9  30.0  178
9  23.0  309
9  68.0  309
9  39.0  416
9  43.0  499
9  27.0  386
9  35.0  272
9  45.0  411
9  53.0  291
9  51.0  407
9  73.0  301
9  49.0  509
9  69.0  397
9  53.0  382
9  36.0  505
9  64.0  324
9  59.0  391
9  52.0  319
9  64.0  359
9  48.0  320
9  60.0  398
9  38.0  495
9  41.0  446
9  60.0  439
9  52.0  389
9  38.0  420
9  78.0  236
9  7.0  331
9  50.0  304
9  29.0  329
9  74.0  165
9  82.0  330
9  51.0  317
9  49.0  288
9  32.0  218
9  59.0  408
9  66.0  365
9  44.0  496
9  27.0  476
9  57.0  365
9  43.0  253
9  53.0  365
9  37.0  406
9  39.0  478
9  44.0  346
9  89.0  301
9  46.0  483
9  50.0  436
9  43.0  501
9  58.0  165
9  57.0  529
9  71.0  345
9  42.0  578
9  65.0  448
9  46.0  333
9  66.0  362
9  28.0  405
9  55.0  419
9  46.0  409
9  92.0  229
9  26.0  485
9  59.0  342
9  44.0  513
9  53.0  472
9  14.0  264
9  90.0  254
9  27.0  550
9  73.0  338
9  61.0  372
9  49.0  328
9  50.0  567
9  54.0  432
9  81.0  276
9  33.0  358
9  45.0  466
9  44.0  318
9  64.0  399
9  48.0  485
9  36.0  392
9  60.0  387
9  71.0  378
9  63.0  405
9  35.0  647
9  57.0  235
9  52.0  430
9  62.0  402
9  85.0  340
9  14.0  376
9  67.0  384
9  65.0  328
9  50.0  249
10  59.0  420
10  71.0  396
10  72.0  375
10  69.0  435
10  36.0  485
10  35.0  502
10  59.0  384
10  26.0  375
10  18.0  524
10  57.0  274
10  47.0  477
10  25.0  288
10  70.0  393
10  57.0  372
10  54.0  405
10  20.0  568
10  69.0  237
10  50.0  283
10  69.0  388
10  28.0  347
10  58.0  328
10  32.0  502
10  48.0  514
10  54.0  430
10  21.0  479
10  69.0  344
10  42.0  436
10  72.0  305
10  61.0  424
10  57.0  412
10  31.0  291
10  29.0  291
10  52.0  431
10  67.0  279
10  40.0  291
10  41.0  419
10  42.0  398
10  17.0  526
10  60.0  301
10  53.0  277
10  42.0  312
10  27.0  377
10  47.0  462
10  41.0  258
10  66.0  281
10  46.0  592
10  32.0  420
10  45.0  376
10  42.0  470
10  64.0  319
10  63.0  310
10  60.0  409
10  35.0  251
10  71.0  255
10  47.0  421
10  60.0  395
10  44.0  544
10  58.0  451
10  60.0  374
10  44.0  338
10  21.0  392
10  54.0  348
10  60.0  502
10  65.0  470
10  41.0  366
10  24.0  563
10  37.0  417
10  39.0  349
10  55.0  465
10  39.0  449
10  58.0  340
10  93.0  250
10  61.0  419
10  52.0  325
10  62.0  429
10  62.0  312
10  66.0  322
10  39.0  392
10  26.0  407
10  69.0  320
10  38.0  305
10  33.0  248
10  57.0  422
10  47.0  330
10  46.0  475
10  43.0  272
10  51.0  291
10  51.0  376
10  21.0  500
10  65.0  365
10  43.0  557
10  54.0  490
10  66.0  194
10  46.0  388
10  27.0  494
10  56.0  381
10  33.0  380
10  59.0  417
10  63.0  278
10  59.0  357
11  37.0  345
11  49.0  510
11  44.0  265
11  59.0  332
11  53.0  417
11  81.0  340
11  58.0  329
11  23.0  540
11  45.0  313
11  60.0  416
11  64.0  440
11  52.0  418
11  52.0  404
11  16.0  410
11  64.0  409
11  49.0  373
11  38.0  328
11  12.0  131
11  47.0  266
11  61.0  310
11  69.0  318
11  27.0  333
11  72.0  380
11  46.0  460
11  71.0  392
11  83.0  342
11  44.0  558
11  80.0  309
11  36.0  368
11  46.0  527
11  57.0  415
11  72.0  257
11  61.0  386
11  39.0  472
11  47.0  369
11  43.0  349
11  35.0  463
11  46.0  361
11  58.0  303
11  21.0  397
11  73.0  342
11  76.0  331
11  43.0  202
11  69.0  346
11  73.0  366
11  65.0  239
11  33.0  348
11  57.0  465
11  71.0  301
11  25.0  326
11  52.0  355
11  35.0  435
11  69.0  418
11  37.0  280
11  60.0  349
11  60.0  387
11  48.0  256
11  60.0  370
11  42.0  325
11  48.0  519
11  61.0  458
11  73.0  294
11  66.0  434
11  72.0  143
11  49.0  295
11  33.0  177
11  55.0  282
11  54.0  481
11  47.0  412
11  57.0  398
11  34.0  779
11  13.0  450
11  41.0  283
11  43.0  278
11  45.0  524
11  68.0  264
11  58.0  336
11  47.0  433
11  39.0  408
11  84.0  282
11  47.0  305
11  68.0  367
11  59.0  337
11  49.0  227
11  72.0  399
11  58.0  209
11  76.0  329
11  59.0  392
11  34.0  310
11  59.0  249
11  32.0  203
11  32.0  353
11  49.0  323
11  35.0  187
11  48.0  276
11  61.0  446
11  36.0  457
11  27.0  611
11  52.0  499
11  50.0  338
12  49.0  316
12  45.0  308
12  57.0  333
12  37.0  433
12  48.0  235
12  32.0  495
12  49.0  298
12  73.0  429
12  39.0  346
12  52.0  187
12  35.0  415
12  58.0  443
12  53.0  271
12  74.0  343
12  47.0  347
12  40.0  429
12  37.0  269
12  59.0  359
12  62.0  444
12  55.0  364
12  42.0  344
12  47.0  601
12  83.0  254
12  40.0  173
12  53.0  393
12  72.0  365
12  68.0  426
12  72.0  351
12  60.0  438
12  65.0  371
12  65.0  408
12  43.0  244
12  50.0  232
12  22.0  431
12  60.0  348
12  70.0  326
12  32.0  586
12  21.0  424
12  46.0  290
12  53.0  409
12  67.0  282
12  43.0  543
12  43.0  536
12  46.0  509
12  89.0  270
12  74.0  340
12  47.0  345
12  55.0  364
12  50.0  439
12  70.0  333
12  48.0  156
12  61.0  303
12  51.0  305
12  34.0  379
12  49.0  327
12  63.0  409
12  17.0  238
12  10.0  234
12  53.0  347
12  41.0  491
12  47.0  379
12  59.0  189
12  36.0  521
12  38.0  242
12  77.0  278
12  61.0  384
12  51.0  401
12  41.0  291
12  66.0  405
12  56.0  474
12  61.0  386
12  75.0  316
12  30.0  433
12  29.0  359
12  51.0  440
12  48.0  477
12  73.0  327
12  62.0  370
12  80.0  350
12  23.0  360
12  67.0  360
12  20.0  471
12  49.0  449
12  26.0  195
12  52.0  423
12  42.0  480
12  41.0  419
12  37.0  301
12  48.0  369
12  41.0  386
12  65.0  278
12  35.0  465
12  63.0  318
12  48.0  528
12  37.0  489
12  59.0  327
12  56.0  369
12  66.0  401
12  59.0  385
12  33.0  444
13  27.0  266
13  29.0  377
13  41.0  483
13  31.0  421
13  34.0  469
13  38.0  301
13  20.0  615
13  54.0  360
13  52.0  326
13  45.0  408
13  37.0  493
13  63.0  393
13  79.0  256
13  60.0  456
13  69.0  390
13  76.0  221
13  51.0  515
13  62.0  435
13  43.0  494
13  44.0  320
13  46.0  472
13  52.0  198
13  45.0  364
13  68.0  349
13  67.0  351
13  38.0  251
13  71.0  377
13  57.0  326
13  71.0  318
13  76.0  407
13  27.0  451
13  58.0  323
13  63.0  426
13  43.0  391
13  50.0  406
13  30.0  405
13  55.0  284
13  49.0  387
13  46.0  444
13  41.0  464
13  62.0  241
13  57.0  361
13  68.0  387
13  26.0  527
13  36.0  540
13  67.0  249
13  76.0  319
13  23.0  262
13  71.0  374
13  75.0  176
13  52.0  414
13  39.0  424
13  87.0  316
13  44.0  528
13  68.0  384
13  26.0  314
13  61.0  185
13  39.0  488
13  16.0  362
13  48.0  493
13  85.0  323
13  28.0  353
13  77.0  305
13  54.0  378
13  50.0  390
13  39.0  504
13  50.0  345
13  71.0  270
13  58.0  408
13  57.0  431
13  61.0  484
13  48.0  385
13  62.0  328
13  65.0  420
13  45.0  514
13  52.0  226
13  53.0  569
13  66.0  391
13  55.0  446
13  60.0  343
13  48.0  602
13  30.0  350
13  48.0  283
13  46.0  402
13  56.0  402
13  12.0  435
13  87.0  233
13  46.0  294
13  32.0  299
13  70.0  259
13  66.0  351
13  81.0  234
13  79.0  322
13  59.0  183
13  46.0  471
13  38.0  444
13  53.0  524
13  41.0  581
13  46.0  241
13  67.0  349
14  56.0  338
14  58.0  397
14  18.0  635
14  35.0  279
14  72.0  289
14  38.0  395
14  46.0  399
14  52.0  488
14  24.0  380
14  60.0  415
14  45.0  464
14  50.0  289
14  44.0  360
14  42.0  355
14  43.0  627
14  61.0  381
14  34.0  219
14  21.0  439
14  49.0  258
14  23.0  274
14  44.0  490
14  65.0  227
14  39.0  316
14  72.0  251
14  15.0  372
14  36.0  319
14  62.0  347
14  68.0  353
14  35.0  239
14  31.0  282
14  54.0  347
14  46.0  476
14  66.0  382
14  74.0  354
14  36.0  162
14  67.0  231
14  63.0  446
14  55.0  436
14  62.0  430
14  51.0  327
14  75.0  359
14  15.0  439
14  41.0  689
14  59.0  352
14  77.0  306
14  44.0  294
14  47.0  374
14  81.0  279
14  72.0  392
14  54.0  469
14  16.0  213
14  41.0  556
14  66.0  385
14  40.0  417
14  59.0  328
14  76.0  287
14  60.0  440
14  66.0  382
14  60.0  341
14  63.0  274
14  42.0  364
14  30.0  573
14  51.0  465
14  93.0  232
14  63.0  377
14  53.0  363
14  42.0  550
14  65.0  294
14  35.0  457
14  14.0  304
14  65.0  322
14  34.0  537
14  57.0  440
14  69.0  307
14  69.0  433
14  41.0  557
14  43.0  435
14  40.0  367
14  40.0  386
14  62.0  440
14  40.0  370
14  52.0  246
14  51.0  388
14  66.0  370
14  38.0  445
14  76.0  365
14  92.0  245
14  39.0  442
14  63.0  433
14  81.0  340
14  38.0  426
14  71.0  288
14  59.0  371
14  49.0  476
14  63.0  379
14  55.0  559
14  45.0  382
14  68.0  362
14  81.0  302
14  55.0  407
15  46.0  291
15  62.0  333
15  77.0  288
15  62.0  325
15  83.0  212
15  77.0  397
15  61.0  384
15  31.0  242
15  44.0  307
15  45.0  444
15  25.0  447
15  46.0  338
15  61.0  293
15  41.0  559
15  86.0  300
15  66.0  304
15  36.0  482
15  40.0  268
15  54.0  200
15  55.0  415
15  29.0  298
15  20.0  239
15  69.0  311
15  53.0  462
15  67.0  352
15  32.0  242
15  50.0  360
15  49.0  479
15  55.0  394
15  67.0  375
15  55.0  466
15  29.0  536
15  23.0  547
15  69.0  286
15  39.0  529
15  42.0  463
15  64.0  268
15  33.0  303
15  53.0  265
15  67.0  350
15  80.0  186
15  50.0  331
15  63.0  158
15  80.0  339
15  53.0  300
15  46.0  324
15  66.0  363
15  41.0  372
15  25.0  444
15  58.0  385
15  64.0  393
15  44.0  353
15  65.0  382
15  47.0  271
15  25.0  333
15  65.0  405
15  86.0  319
15  64.0  438
15  36.0  577
15  65.0  411
15  58.0  359
15  33.0  603
15  61.0  399
15  33.0  317
15  78.0  315
15  41.0  496
15  71.0  312
15  97.0  227
15  58.0  431
15  36.0  511
15  47.0  328
15  63.0  394
15  66.0  380
15  45.0  436
15  24.0  274
15  61.0  288
15  73.0  368
15  48.0  477
15  56.0  361
15  60.0  401
15  61.0  254
15  30.0  354
15  66.0  341
15  39.0  352
15  30.0  467
15  38.0  218
15  74.0  377
15  46.0  374
15  53.0  374
15  71.0  388
15  55.0  375
15  48.0  458
15  65.0  330
15  50.0  411
15  57.0  232
15  56.0  428
15  33.0  416
15  38.0  344
15  72.0  218
15  71.0  394
16  67.0  401
16  41.0  386
16  43.0  257
16  66.0  314
16  65.0  321
16  59.0  309
16  75.0  373
16  49.0  308
16  42.0  483
16  50.0  372
16  45.0  396
16  55.0  326
16  54.0  461
16  58.0  408
16  69.0  349
16  54.0  367
16  75.0  304
16  47.0  444
16  48.0  320
16  45.0  526
16  55.0  386
16  68.0  347
16  63.0  409
16  69.0  292
16  77.0  363
16  48.0  534
16  26.0  466
16  37.0  470
16  61.0  450
16  54.0  412
16  39.0  320
16  31.0  438
16  36.0  557
16  58.0  349
16  58.0  368
16  56.0  369
16  69.0  283
16  56.0  302
16  19.0  462
16  81.0  295
16  21.0  257
16  40.0  532
16  31.0  452
16  82.0  266
16  61.0  346
16  40.0  417
16  30.0  439
16  60.0  451
16  71.0  336
16  40.0  259
16  31.0  470
16  43.0  416
16  77.0  313
16  58.0  414
16  73.0  288
16  46.0  435
16  42.0  215
16  71.0  296
16  58.0  340
16  39.0  429
16  65.0  378
16  58.0  160
16  19.0  525
16  54.0  284
16  31.0  376
16  65.0  300
16  59.0  242
16  18.0  371
16  46.0  317
16  45.0  330
16  49.0  209
16  57.0  279
16  48.0  471
16  72.0  396
16  51.0  272
16  74.0  359
16  38.0  328
16  73.0  232
16  43.0  424
16  56.0  247
16  57.0  456
16  74.0  139
16  33.0  233
16  72.0  315
16  30.0  213
16  47.0  544
16  51.0  390
16  56.0  371
16  42.0  375
16  46.0  238
16  52.0  240
16  49.0  683
16  63.0  452
16  65.0  250
16  71.0  342
16  32.0  340
16  44.0  504
16  58.0  387
16  40.0  324
16  51.0  216
17  46.0  453
17  72.0  378
17  59.0  413
17  68.0  415
17  58.0  419
17  55.0  435
17  76.0  283
17  84.0  191
17  56.0  314
17  68.0  335
17  78.0  324
17  64.0  308
17  45.0  273
17  18.0  538
17  51.0  197
17  58.0  333
17  54.0  440
17  47.0  411
17  64.0  194
17  27.0  385
17  47.0  306
17  58.0  369
17  63.0  275
17  54.0  337
17  64.0  260
17  64.0  387
17  59.0  172
17  70.0  373
17  52.0  446
17  67.0  347
17  69.0  348
17  15.0  311
17  22.0  421
17  24.0  251
17  69.0  323
17  66.0  417
17  23.0  344
17  65.0  450
17  38.0  364
17  44.0  322
17  51.0  334
17  84.0  301
17  49.0  350
17  57.0  539
17  82.0  296
17  39.0  414
17  45.0  440
17  64.0  355
17  69.0  315
17  79.0  389
17  57.0  358
17  74.0  331
17  52.0  434
17  36.0  366
17  52.0  210
17  85.0  262
17  79.0  298
17  64.0  221
17  46.0  338
17  50.0  446
17  43.0  513
17  49.0  483
17  29.0  259
17  64.0  260
17  47.0  394
17  65.0  384
17  58.0  442
17  46.0  494
17  57.0  281
17  16.0  484
17  71.0  315
17  46.0  360
17  28.0  342
17  25.0  552
17  54.0  417
17  50.0  280
17  63.0  408
17  61.0  462
17  53.0  328
17  57.0  290
17  77.0  330
17  32.0  404
17  61.0  424
17  34.0  452
17  71.0  367
17  66.0  333
17  86.0  253
17  40.0  577
17  70.0  364
17  44.0  381
17  51.0  382
17  81.0  344
17  65.0  396
17  63.0  322
17  49.0  556
17  46.0  288
17  47.0  518
17  57.0  452
17  45.0  489
17  71.0  376
18  17.0  226
18  49.0  283
18  76.0  182
18  33.0  519
18  81.0  311
18  55.0  464
18  24.0  275
18  34.0  250
18  54.0  339
18  72.0  363
18  56.0  292
18  63.0  411
18  38.0  282
18  38.0  481
18  57.0  348
18  59.0  273
18  57.0  366
18  85.0  306
18  56.0  526
18  39.0  487
18  25.0  223
18  67.0  391
18  56.0  383
18  55.0  244
18  47.0  345
18  82.0  322
18  61.0  447
18  47.0  547
18  44.0  319
18  71.0  342
18  53.0  383
18  49.0  342
18  59.0  329
18  23.0  655
18  84.0  210
18  44.0  450
18  82.0  351
18  63.0  413
18  66.0  386
18  16.0  533
18  49.0  447
18  38.0  425
18  54.0  388
18  42.0  318
18  61.0  441
18  70.0  284
18  66.0  409
18  39.0  453
18  25.0  413
18  51.0  336
18  66.0  343
18  58.0  465
18  52.0  483
18  26.0  424
18  40.0  371
18  64.0  341
18  35.0  567
18  50.0  408
18  62.0  282
18  72.0  410
18  26.0  331
18  58.0  197
18  65.0  255
18  31.0  485
18  58.0  130
18  41.0  662
18  78.0  335
18  30.0  467
18  64.0  440
18  62.0  343
18  34.0  483
18  57.0  513
18  55.0  489
18  66.0  368
18  46.0  526
18  31.0  184
18  59.0  399
18  65.0  261
18  34.0  383
18  44.0  408
18  32.0  532
18  49.0  279
18  52.0  321
18  54.0  386
18  44.0  325
18  42.0  412
18  56.0  402
18  33.0  422
18  38.0  486
18  59.0  256
18  26.0  200
18  41.0  450
18  70.0  321
18  46.0  427
18  82.0  329
18  54.0  330
18  73.0  361
18  59.0  503
18  55.0  447
18  45.0  328
19  43.0  430
19  63.0  254
19  42.0  593
19  77.0  376
19  55.0  461
19  36.0  342
19  78.0  227
19  76.0  194
19  62.0  356
19  47.0  434
19  68.0  414
19  70.0  294
19  78.0  217
19  23.0  530
19  64.0  401
19  60.0  332
19  64.0  296
19  51.0  320
19  77.0  311
19  54.0  338
19  56.0  325
19  50.0  275
19  47.0  251
19  41.0  392
19  75.0  277
19  55.0  401
19  58.0  377
19  30.0  378
19  75.0  277
19  74.0  194
19  49.0  305
19  58.0  403
19  77.0  340
19  46.0  576
19  71.0  348
19  64.0  321
19  81.0  254
19  65.0  439
19  36.0  258
19  60.0  296
19  43.0  508
19  57.0  309
19  39.0  278
19  73.0  235
19  53.0  433
19  80.0  329
19  58.0  505
19  80.0  278
19  44.0  291
19  53.0  302
19  57.0  371
19  22.0  536
19  39.0  259
19  59.0  380
19  31.0  364
19  76.0  346
19  39.0  516
19  28.0  345
19  67.0  265
19  58.0  398
19  81.0  220
19  46.0  282
19  58.0  358
19  64.0  376
19  39.0  468
19  88.0  266
19  64.0  267
19  28.0  527
19  57.0  480
19  54.0  439
19  62.0  447
19  47.0  183
19  66.0  278
19  58.0  406
19  40.0  296
19  57.0  408
19  52.0  451
19  52.0  339
19  55.0  234
19  44.0  422
19  55.0  449
19  61.0  411
19  49.0  477
19  50.0  536
19  50.0  290
19  72.0  370
19  53.0  313
19  59.0  350
19  90.0  284
19  48.0  545
19  52.0  395
19  67.0  376
19  28.0  524
19  78.0  242
19  58.0  358
19  84.0  298
19  23.0  372
19  60.0  397
19  48.0  446
19  87.0  291
20  60.0  376
20  54.0  308
20  41.0  517
20  52.0  403
20  90.0  279
20  54.0  418
20  35.0  461
20  53.0  484
20  69.0  237
20  32.0  510
20  71.0  220
20  77.0  332
20  44.0  288
20  68.0  339
20  46.0  371
20  42.0  276
20  72.0  350
20  61.0  436
20  67.0  276
20  51.0  332
20  8.0  361
20  75.0  358
20  72.0  294
20  32.0  399
20  49.0  454
20  80.0  232
20  36.0  458
20  58.0  345
20  57.0  396
20  67.0  398
20  38.0  490
20  40.0  417
20  25.0  293
20  67.0  368
20  29.0  124
20  60.0  420
20  79.0  281
20  61.0  217
20  61.0  402
20  34.0  315
20  59.0  332
20  48.0  526
20  65.0  370
20  57.0  408
20  46.0  437
20  59.0  365
20  84.0  318
20  81.0  277
20  71.0  381
20  27.0  623
20  40.0  534
20  40.0  456
20  63.0  460
20  61.0  401
20  50.0  351
20  54.0  401
20  52.0  515
20  29.0  548
20  63.0  322
20  64.0  326
20  57.0  455
20  42.0  561
20  44.0  438
20  62.0  545
20  50.0  429
20  48.0  462
20  71.0  335
20  68.0  367
20  51.0  368
20  49.0  455
20  76.0  435
20  42.0  533
20  26.0  298
20  37.0  290
20  31.0  420
20  39.0  299
20  39.0  410
20  56.0  478
20  69.0  334
20  47.0  282
20  54.0  291
20  57.0  326
20  76.0  288
20  49.0  444
20  61.0  325
20  76.0  390
20  84.0  286
20  60.0  390
20  53.0  450
20  64.0  342
20  88.0  171
20  43.0  561
20  45.0  465
20  33.0  310
20  67.0  288
20  30.0  443
20  68.0  413
20  77.0  269
20  42.0  349
20  31.0  474
