0  54.0  588
0  49.0  478
0  16.0  327
0  91.0  230
0  61.0  443
0  50.0  537
0  42.0  320
0  58.0  223
0  17.0  375
0  38.0  446
0  27.0  248
0  57.0  358
0  48.0  568
0  33.0  473
0  60.0  416
0  44.0  440
0  77.0  318
0  34.0  404
0  27.0  484
0  62.0  438
0  56.0  322
0  21.0  302
0  53.0  337
0  38.0  360
0  79.0  334
0  41.0  567
0  67.0  345
0  23.0  198
0  86.0  283
0  52.0  480
0  45.0  492
0  47.0  425
0  40.0  358
0  79.0  258
0  49.0  323
0  67.0  403
0  46.0  446
0  48.0  451
0  54.0  372
0  25.0  374
0  37.0  377
0  80.0  304
0  50.0  561
0  60.0  261
0  41.0  225
0  40.0  307
0  33.0  462
0  22.0  272
0  42.0  378
0  48.0  336
0  16.0  446
0  31.0  380
0  45.0  571
0  25.0  448
0  47.0  496
0  66.0  437
0  51.0  467
0  42.0  486
0  35.0  417
0  57.0  360
0  39.0  528
0  31.0  395
0  78.0  257
0  16.0  313
0  63.0  383
0  33.0  413
0  27.0  473
0  42.0  479
0  33.0  314
0  92.0  270
0  44.0  554
0  34.0  403
0  31.0  271
0  63.0  354
0  80.0  300
0  60.0  459
0  67.0  339
0  47.0  432
0  29.0  416
0  23.0  369
0  75.0  315
0  34.0  487
0  55.0  387
0  48.0  599
0  37.0  368
0  55.0  389
0  48.0  419
0  60.0  344
0  24.0  400
0  37.0  439
0  64.0  408
0  35.0  389
0  64.0  394
0  59.0  425
0  27.0  339
0  82.0  289
0  44.0  533
0  73.0  344
0  63.0  376
0  97.0  234
1  42.0  180
1  68.0  335
1  46.0  360
1  38.0  489
1  64.0  345
1  59.0  452
1  34.0  375
1  44.0  560
1  25.0  504
1  45.0  436
1  33.0  458
1  63.0  302
1  53.0  370
1  23.0  268
1  59.0  370
1  33.0  374
1  45.0  190
1  58.0  348
1  42.0  441
1  39.0  289
1  21.0  333
1  0.0  276
1  31.0  429
1  34.0  179
1  40.0  261
1  42.0  432
1  32.0  521
1  50.0  513
1  52.0  356
1  58.0  342
1  41.0  358
1  80.0  208
1  49.0  312
1  78.0  334
1  45.0  255
1  68.0  486
1  71.0  355
1  57.0  346
1  33.0  381
1  56.0  391
1  56.0  288
1  58.0  408
1  44.0  459
1  82.0  297
1  91.0  258
1  20.0  304
1  32.0  252
1  39.0  402
1  34.0  499
1  33.0  403
1  52.0  327
1  54.0  440
1  59.0  273
1  45.0  496
1  59.0  417
1  40.0  314
1  26.0  476
1  30.0  355
1  40.0  429
1  47.0  304
1  52.0  453
1  21.0  427
1  38.0  331
1  16.0  263
1  42.0  522
1  24.0  346
1  40.0  348
1  44.0  329
1  51.0  357
1  60.0  428
1  64.0  437
1  62.0  381
1  20.0  507
1  50.0  327
1  37.0  551
1  82.0  339
1  78.0  348
1  72.0  322
1  46.0  500
1  15.0  236
1  32.0  379
1  35.0  463
1  48.0  420
1  35.0  534
1  40.0  323
1  22.0  556
1  56.0  284
1  53.0  420
1  63.0  370
1  18.0  307
1  68.0  411
1  43.0  158
1  32.0  350
1  80.0  282
1  63.0  351
1  71.0  372
1  50.0  361
1  79.0  354
1  50.0  328
1  74.0  361
2  90.0  292
2  56.0  297
2  40.0  248
2  44.0  355
2  18.0  224
2  38.0  311
2  41.0  418
2  28.0  283
2  68.0  388
2  33.0  324
2  64.0  338
2  24.0  253
2  29.0  344
2  46.0  452
2  24.0  244
2  45.0  428
2  70.0  400
2  79.0  312
2  43.0  268
2  87.0  296
2  10.0  619
2  51.0  329
2  47.0  481
2  48.0  326
2  50.0  436
2  54.0  297
2  58.0  336
2  21.0  379
2  79.0  351
2  72.0  297
2  78.0  311
2  50.0  362
2  60.0  452
2  54.0  410
2  75.0  347
2  43.0  358
2  50.0  274
2  19.0  238
2  45.0  331
2  47.0  317
2  36.0  390
2  49.0  367
2  74.0  347
2  67.0  367
2  41.0  474
2  69.0  312
2  40.0  422
2  75.0  292
2  31.0  265
2  56.0  329
2  83.0  311
2  65.0  348
2  56.0  400
2  78.0  354
2  64.0  396
2  44.0  295
2  36.0  384
2  74.0  331
2  62.0  445
2  44.0  546
2  55.0  410
2  28.0  407
2  32.0  466
2  30.0  492
2  44.0  430
2  73.0  372
2  31.0  250
2  15.0  300
2  24.0  288
2  46.0  551
2  58.0  388
2  32.0  471
2  40.0  492
2  66.0  419
2  56.0  530
2  55.0  422
2  78.0  303
2  8.0  238
2  69.0  332
2  53.0  490
2  39.0  334
2  59.0  389
2  33.0  538
2  86.0  272
2  65.0  358
2  47.0  393
2  39.0  285
2  65.0  360
2  44.0  285
2  73.0  343
2  29.0  403
2  52.0  383
2  26.0  417
2  31.0  467
2  32.0  362
2  54.0  304
2  24.0  636
2  51.0  436
2  55.0  464
2  22.0  431
3  60.0  428
3  57.0  365
3  50.0  332
3  37.0  370
3  25.0  364
3  36.0  409
3  58.0  361
3  52.0  407
3  38.0  277
3  32.0  366
3  48.0  280
3  16.0  205
3  87.0  320
3  77.0  238
3  57.0  362
3  46.0  313
3  40.0  329
3  72.0  383
3  66.0  389
3  59.0  432
3  51.0  456
3  61.0  272
3  71.0  381
3  79.0  297
3  43.0  295
3  33.0  344
3  70.0  377
3  80.0  291
3  76.0  349
3  28.0  446
3  24.0  497
3  65.0  307
3  24.0  530
3  57.0  522
3  40.0  361
3  31.0  440
3  60.0  433
3  30.0  198
3  54.0  314
3  36.0  389
3  48.0  386
3  53.0  440
3  43.0  405
3  62.0  278
3  43.0  326
3  34.0  267
3  23.0  229
3  48.0  295
3  46.0  326
3  46.0  575
3  28.0  236
3  54.0  508
3  53.0  453
3  59.0  374
3  42.0  377
3  30.0  394
3  43.0  412
3  85.0  301
3  74.0  386
3  60.0  396
3  58.0  460
3  2.0  540
3  34.0  515
3  19.0  416
3  21.0  402
3  47.0  523
3  70.0  322
3  40.0  487
3  72.0  355
3  46.0  318
3  46.0  515
3  40.0  405
3  45.0  589
3  40.0  308
3  70.0  420
3  53.0  289
3  3.0  314
3  55.0  364
3  70.0  265
3  46.0  411
3  60.0  405
3  64.0  370
3  34.0  252
3  47.0  498
3  41.0  395
3  36.0  442
3  45.0  419
3  38.0  366
3  39.0  368
3  32.0  242
3  75.0  420
3  26.0  237
3  28.0  375
3  32.0  360
3  47.0  334
3  59.0  476
3  51.0  357
3  12.0  388
3  44.0  230
3  42.0  606
4  21.0  303
4  28.0  386
4  79.0  329
4  62.0  369
4  44.0  444
4  31.0  355
4  40.0  338
4  60.0  398
4  64.0  387
4  33.0  507
4  64.0  362
4  71.0  333
4  56.0  356
4  31.0  406
4  44.0  258
4  57.0  386
4  37.0  431
4  63.0  430
4  56.0  506
4  49.0  301
4  40.0  265
4  42.0  435
4  49.0  445
4  9.0  288
4  48.0  334
4  77.0  352
4  23.0  371
4  30.0  420
4  57.0  290
4  73.0  383
4  46.0  422
4  22.0  446
4  74.0  265
4  71.0  393
4  34.0  369
4  49.0  454
4  49.0  197
4  38.0  654
4  61.0  392
4  16.0  253
4  48.0  484
4  31.0  389
4  37.0  449
4  41.0  286
4  42.0  439
4  50.0  516
4  37.0  473
4  55.0  373
4  60.0  375
4  64.0  388
4  70.0  336
4  60.0  410
4  70.0  397
4  20.0  508
4  55.0  361
4  55.0  375
4  44.0  493
4  18.0  293
4  53.0  288
4  63.0  445
4  49.0  411
4  29.0  470
4  17.0  400
4  37.0  556
4  67.0  336
4  61.0  322
4  60.0  414
4  28.0  479
4  71.0  374
4  51.0  477
4  48.0  305
4  47.0  263
4  36.0  453
4  68.0  308
4  50.0  458
4  37.0  581
4  29.0  478
4  30.0  235
4  48.0  309
4  41.0  341
4  54.0  442
4  49.0  394
4  49.0  397
4  50.0  451
4  52.0  413
4  75.0  400
4  69.0  321
4  66.0  306
4  30.0  403
4  65.0  299
4  32.0  457
4  34.0  370
4  30.0  364
4  57.0  304
4  83.0  330
4  73.0  348
4  52.0  463
4  15.0  325
4  47.0  377
4  55.0  390
5  63.0  411
5  37.0  455
5  26.0  262
5  50.0  382
5  54.0  385
5  37.0  462
5  44.0  440
5  42.0  424
5  95.0  219
5  45.0  478
5  42.0  447
5  46.0  507
5  59.0  533
5  72.0  296
5  80.0  300
5  44.0  381
5  35.0  378
5  59.0  282
5  32.0  396
5  30.0  372
5  54.0  319
5  61.0  359
5  77.0  268
5  54.0  291
5  42.0  447
5  56.0  417
5  66.0  425
5  47.0  375
5  65.0  347
5  59.0  328
5  38.0  393
5  39.0  382
5  74.0  432
5  58.0  456
5  65.0  408
5  54.0  417
5  71.0  368
5  54.0  363
5  32.0  294
5  31.0  363
5  28.0  404
5  41.0  376
5  54.0  470
5  69.0  234
5  64.0  334
5  73.0  403
5  43.0  275
5  49.0  325
5  47.0  430
5  60.0  447
5  52.0  418
5  56.0  454
5  51.0  487
5  52.0  336
5  53.0  276
5  37.0  428
5  56.0  347
5  20.0  337
5  86.0  293
5  49.0  388
5  59.0  389
5  65.0  401
5  41.0  505
5  69.0  347
5  57.0  479
5  38.0  310
5  60.0  443
5  49.0  473
5  24.0  230
5  71.0  250
5  48.0  310
5  34.0  393
5  37.0  558
5  14.0  458
5  37.0  377
5  46.0  464
5  40.0  351
5  34.0  412
5  37.0  371
5  54.0  439
5  61.0  456
5  50.0  338
5  42.0  418
5  33.0  390
5  51.0  440
5  35.0  254
5  62.0  332
5  38.0  334
5  29.0  330
5  58.0  466
5  73.0  410
5  78.0  336
5  60.0  378
5  57.0  317
5  43.0  345
5  38.0  471
5  36.0  389
5  71.0  408
5  55.0  392
5  73.0  253
6  72.0  398
6  40.0  283
6  54.0  493
6  40.0  340
6  55.0  331
6  72.0  401
6  56.0  404
6  36.0  414
6  20.0  585
6  18.0  618
6  46.0  390
6  45.0  320
6  45.0  408
6  43.0  366
6  39.0  405
6  23.0  462
6  32.0  551
6  59.0  441
6  57.0  403
6  21.0  600
6  44.0  384
6  53.0  318
6  54.0  461
6  26.0  408
6  50.0  329
6  38.0  449
6  74.0  296
6  38.0  431
6  39.0  340
6  23.0  321
6  71.0  434
6  66.0  415
6  62.0  379
6  44.0  504
6  31.0  200
6  72.0  326
6  71.0  326
6  70.0  336
6  44.0  308
6  37.0  355
6  69.0  378
6  34.0  340
6  58.0  413
6  18.0  298
6  65.0  392
6  71.0  267
6  56.0  445
6  35.0  266
6  46.0  374
6  22.0  245
6  72.0  340
6  32.0  231
6  64.0  403
6  74.0  282
6  61.0  298
6  48.0  346
6  43.0  498
6  39.0  487
6  65.0  423
6  57.0  343
6  50.0  358
6  46.0  385
6  47.0  378
6  38.0  356
6  47.0  324
6  43.0  260
6  62.0  339
6  73.0  339
6  44.0  543
6  73.0  308
6  34.0  385
6  52.0  409
6  66.0  425
6  27.0  378
6  51.0  398
6  64.0  307
6  31.0  432
6  50.0  403
6  54.0  498
6  86.0  265
6  70.0  370
6  23.0  467
6  44.0  279
6  68.0  291
6  64.0  383
6  39.0  439
6  65.0  382
6  33.0  395
6  25.0  425
6  13.0  291
6  32.0  392
6  9.0  377
6  58.0  355
6  82.0  320
6  54.0  295
6  59.0  443
6  73.0  338
6  53.0  375
6  64.0  402
6  30.0  343
7  58.0  352
7  42.0  320
7  73.0  410
7  38.0  438
7  68.0  325
7  76.0  366
7  67.0  401
7  87.0  285
7  48.0  205
7  36.0  379
7  43.0  472
7  57.0  208
7  60.0  347
7  33.0  394
7  41.0  637
7  50.0  375
7  28.0  205
7  67.0  342
7  60.0  282
7  57.0  397
7  41.0  286
7  11.0  416
7  14.0  383
7  39.0  435
7  75.0  306
7  17.0  354
7  61.0  335
7  23.0  416
7  46.0  199
7  31.0  263
7  27.0  420
7  54.0  258
7  77.0  338
7  49.0  272
7  65.0  404
7  33.0  600
7  33.0  544
7  27.0  266
7  54.0  352
7  53.0  435
7  46.0  468
7  75.0  280
7  85.0  293
7  41.0  469
7  31.0  389
7  41.0  466
7  64.0  416
7  55.0  514
7  27.0  318
7  50.0  489
7  39.0  366
7  24.0  407
7  38.0  416
7  0.0  63
7  50.0  388
7  61.0  289
7  34.0  445
7  59.0  405
7  60.0  316
7  30.0  429
7  60.0  265
7  71.0  351
7  66.0  389
7  44.0  354
7  20.0  342
7  22.0  332
7  25.0  377
7  55.0  360
7  46.0  429
7  72.0  340
7  55.0  413
7  9.0  520
7  41.0  497
7  52.0  485
7  82.0  321
7  44.0  477
7  49.0  416
7  53.0  397
7  52.0  406
7  55.0  491
7  33.0  385
7  48.0  223
7  45.0  346
7  33.0  487
7  65.0  389
7  78.0  341
7  52.0  338
7  63.0  428
7  48.0  431
7  31.0  266
7  62.0  385
7  6.0  207
7  45.0  339
7  36.0  411
7  37.0  408
7  69.0  370
7  59.0  397
7  17.0  407
7  41.0  357
7  65.0  401
8  76.0  325
8  59.0  326
8  35.0  409
8  64.0  324
8  43.0  426
8  51.0  361
8  36.0  438
8  48.0  472
8  60.0  372
8  48.0  263
8  70.0  382
8  56.0  447
8  52.0  430
8  51.0  291
8  37.0  442
8  35.0  480
8  54.0  369
8  41.0  358
8  55.0  346
8  77.0  246
8  71.0  299
8  42.0  525
8  38.0  530
8  52.0  333
8  68.0  405
8  29.0  443
8  59.0  239
8  51.0  444
8  39.0  495
8  64.0  286
8  45.0  391
8  36.0  338
8  84.0  319
8  69.0  407
8  56.0  400
8  73.0  272
8  33.0  458
8  76.0  329
8  56.0  436
8  61.0  411
8  38.0  570
8  27.0  490
8  56.0  340
8  59.0  326
8  66.0  333
8  28.0  348
8  29.0  464
8  53.0  454
8  34.0  301
8  39.0  473
8  50.0  252
8  39.0  349
8  66.0  361
8  46.0  454
8  47.0  356
8  36.0  195
8  62.0  349
8  78.0  263
8  46.0  176
8  54.0  247
8  64.0  407
8  76.0  351
8  57.0  302
8  75.0  282
8  72.0  311
8  22.0  450
8  58.0  463
8  54.0  524
8  37.0  211
8  56.0  382
8  34.0  407
8  46.0  319
8  16.0  265
8  62.0  311
8  75.0  357
8  58.0  307
8  42.0  360
8  75.0  337
8  41.0  398
8  36.0  531
8  65.0  400
8  42.0  392
8  51.0  435
8  51.0  495
8  65.0  383
8  64.0  379
8  50.0  471
8  36.0  398
8  44.0  392
8  63.0  274
8  51.0  325
8  74.0  326
8  55.0  491
8  51.0  312
8  31.0  397
8  86.0  159
8  22.0  305
8  54.0  391
8  48.0  385
8  67.0  324
9  67.0  354
9  38.0  484
9  54.0  186
9  82.0  280
9  50.0  368
9  79.0  343
9  81.0  316
9  89.0  254
9  50.0  387
9  52.0  266
9  57.0  486
9  45.0  501
9  30.0  401
9  64.0  367
9  55.0  414
9  38.0  459
9  33.0  473
9  43.0  443
9  52.0  382
9  49.0  453
9  59.0  237
9  55.0  461
9  50.0  406
9  84.0  270
9  55.0  322
9  67.0  316
9  75.0  410
9  43.0  412
9  36.0  285
9  57.0  325
9  57.0  361
9  63.0  414
9  70.0  408
9  60.0  411
9  41.0  307
9  45.0  190
9  48.0  436
9  43.0  384
9  50.0  455
9  64.0  355
9  78.0  278
9  29.0  458
9  35.0  311
9  34.0  153
9  37.0  376
9  60.0  385
9  45.0  467
9  51.0  452
9  32.0  618
9  66.0  393
9  53.0  412
9  76.0  209
9  65.0  351
9  36.0  491
9  46.0  504
9  40.0  351
9  61.0  264
9  20.0  428
9  38.0  316
9  48.0  351
9  42.0  473
9  41.0  474
9  30.0  478
9  50.0  508
9  50.0  416
9  52.0  307
9  82.0  254
9  41.0  353
9  56.0  418
9  59.0  346
9  75.0  333
9  78.0  395
9  53.0  349
9  28.0  335
9  40.0  460
9  16.0  368
9  37.0  339
9  30.0  207
9  27.0  371
9  43.0  522
9  27.0  370
9  39.0  442
9  61.0  311
9  63.0  295
9  78.0  287
9  69.0  351
9  48.0  404
9  45.0  338
9  71.0  305
9  41.0  504
9  54.0  242
9  64.0  163
9  67.0  369
9  59.0  277
9  52.0  330
9  47.0  503
9  44.0  544
9  66.0  339
9  48.0  310
9  47.0  594
10  69.0  390
10  37.0  311
10  50.0  489
10  59.0  310
10  71.0  418
10  11.0  256
10  80.0  339
10  64.0  269
10  56.0  265
10  44.0  397
10  49.0  455
10  16.0  200
10  92.0  258
10  54.0  481
10  48.0  274
10  61.0  438
10  75.0  274
10  40.0  456
10  50.0  229
10  48.0  496
10  36.0  420
10  81.0  253
10  25.0  584
10  51.0  327
10  62.0  423
10  18.0  162
10  38.0  424
10  27.0  232
10  47.0  498
10  48.0  399
10  57.0  387
10  63.0  431
10  25.0  486
10  66.0  242
10  37.0  462
10  48.0  244
10  33.0  424
10  60.0  462
10  25.0  596
10  36.0  358
10  40.0  347
10  53.0  517
10  71.0  319
10  65.0  319
10  30.0  416
10  60.0  319
10  65.0  325
10  29.0  204
10  41.0  402
10  22.0  218
10  72.0  352
10  55.0  335
10  65.0  268
10  42.0  481
10  66.0  392
10  33.0  328
10  44.0  398
10  26.0  682
10  34.0  439
10  59.0  480
10  49.0  449
10  56.0  454
10  65.0  300
10  42.0  672
10  49.0  417
10  56.0  438
10  79.0  348
10  65.0  373
10  43.0  348
10  85.0  305
10  63.0  338
10  36.0  416
10  41.0  348
10  65.0  361
10  29.0  449
10  34.0  389
10  66.0  431
10  10.0  297
10  25.0  164
10  41.0  415
10  64.0  282
10  53.0  325
10  59.0  381
10  64.0  398
10  17.0  493
10  54.0  310
10  63.0  283
10  84.0  211
10  59.0  376
10  21.0  228
10  64.0  376
10  65.0  361
10  56.0  293
10  48.0  340
10  65.0  372
10  43.0  489
10  57.0  330
10  51.0  327
10  66.0  306
10  50.0  542
11  36.0  401
11  54.0  400
11  35.0  413
11  44.0  324
11  38.0  209
11  54.0  517
11  55.0  291
11  41.0  370
11  55.0  482
11  44.0  530
11  49.0  457
11  30.0  228
11  65.0  381
11  46.0  177
11  33.0  430
11  41.0  200
11  37.0  458
11  42.0  544
11  44.0  305
11  24.0  389
11  75.0  294
11  32.0  371
11  44.0  365
11  56.0  435
11  25.0  378
11  26.0  501
11  38.0  486
11  15.0  437
11  36.0  569
11  31.0  390
11  60.0  248
11  67.0  351
11  74.0  346
11  19.0  467
11  79.0  273
11  74.0  436
11  64.0  424
11  40.0  403
11  75.0  338
11  21.0  500
11  31.0  290
11  44.0  330
11  48.0  492
11  48.0  389
11  13.0  197
11  43.0  355
11  39.0  454
11  53.0  425
11  57.0  341
11  75.0  402
11  51.0  244
11  18.0  302
11  29.0  311
11  89.0  320
11  57.0  391
11  77.0  362
11  72.0  287
11  50.0  419
11  47.0  503
11  77.0  341
11  26.0  217
11  45.0  249
11  73.0  315
11  33.0  755
11  27.0  465
11  40.0  241
11  46.0  463
11  39.0  476
11  16.0  303
11  55.0  402
11  42.0  307
11  38.0  339
11  61.0  387
11  24.0  178
11  2.0  163
11  47.0  429
11  63.0  438
11  66.0  378
11  37.0  495
11  41.0  429
11  57.0  182
11  36.0  306
11  76.0  362
11  89.0  304
11  69.0  326
11  56.0  365
11  32.0  284
11  51.0  487
11  32.0  381
11  69.0  426
11  88.0  248
11  72.0  318
11  43.0  381
11  50.0  332
11  28.0  274
11  40.0  446
11  38.0  352
11  62.0  385
11  71.0  382
11  72.0  396
12  30.0  283
12  34.0  301
12  38.0  483
12  53.0  262
12  10.0  323
12  44.0  477
12  74.0  340
12  27.0  481
12  74.0  344
12  63.0  300
12  50.0  344
12  39.0  329
12  69.0  312
12  52.0  309
12  51.0  384
12  63.0  447
12  87.0  298
12  56.0  432
12  53.0  454
12  51.0  279
12  79.0  258
12  48.0  215
12  76.0  317
12  57.0  209
12  31.0  275
12  53.0  405
12  62.0  370
12  23.0  245
12  52.0  238
12  61.0  430
12  22.0  506
12  84.0  296
12  39.0  440
12  77.0  321
12  57.0  430
12  68.0  306
12  41.0  495
12  34.0  313
12  38.0  215
12  55.0  419
12  60.0  428
12  52.0  489
12  73.0  333
12  59.0  367
12  61.0  238
12  62.0  465
12  59.0  368
12  51.0  333
12  48.0  393
12  46.0  359
12  44.0  399
12  76.0  311
12  65.0  397
12  68.0  344
12  47.0  439
12  64.0  352
12  57.0  518
12  42.0  713
12  80.0  282
12  25.0  436
12  63.0  305
12  16.0  486
12  52.0  287
12  59.0  446
12  44.0  260
12  75.0  332
12  42.0  358
12  56.0  387
12  58.0  392
12  34.0  322
12  56.0  336
12  68.0  356
12  48.0  443
12  75.0  193
12  59.0  432
12  78.0  312
12  33.0  404
12  50.0  285
12  52.0  366
12  53.0  441
12  75.0  278
12  48.0  340
12  61.0  449
12  45.0  435
12  37.0  573
12  42.0  256
12  73.0  377
12  45.0  265
12  87.0  289
12  55.0  452
12  14.0  402
12  66.0  370
12  57.0  402
12  37.0  551
12  45.0  449
12  49.0  162
12  50.0  407
12  66.0  339
12  60.0  327
12  53.0  339
13  58.0  301
13  53.0  344
13  52.0  367
13  54.0  319
13  44.0  595
13  42.0  468
13  46.0  319
13  3.0  581
13  56.0  326
13  35.0  300
13  13.0  351
13  24.0  457
13  59.0  398
13  40.0  484
13  53.0  488
13  49.0  509
13  40.0  451
13  46.0  351
13  62.0  344
13  61.0  397
13  49.0  456
13  30.0  458
13  36.0  156
13  56.0  359
13  45.0  178
13  53.0  385
13  45.0  327
13  44.0  421
13  61.0  372
13  61.0  403
13  51.0  394
13  66.0  382
13  68.0  330
13  47.0  462
13  67.0  330
13  79.0  312
13  59.0  501
13  63.0  374
13  67.0  327
13  60.0  358
13  53.0  400
13  39.0  356
13  65.0  306
13  77.0  288
13  57.0  424
13  69.0  372
13  33.0  255
13  65.0  346
13  71.0  276
13  25.0  284
13  41.0  406
13  88.0  181
13  44.0  455
13  59.0  279
13  52.0  474
13  66.0  436
13  70.0  199
13  35.0  371
13  60.0  381
13  53.0  434
13  39.0  542
13  61.0  319
13  72.0  396
13  65.0  305
13  63.0  432
13  66.0  414
13  36.0  302
13  47.0  332
13  61.0  473
13  48.0  341
13  30.0  449
13  38.0  550
13  64.0  417
13  46.0  321
13  45.0  457
13  57.0  373
13  62.0  455
13  57.0  321
13  57.0  360
13  30.0  417
13  59.0  243
13  40.0  499
13  65.0  317
13  51.0  390
13  13.0  436
13  60.0  299
13  37.0  410
13  46.0  428
13  16.0  479
13  47.0  357
13  74.0  341
13  70.0  325
13  49.0  318
13  42.0  430
13  44.0  353
13  40.0  209
13  55.0  420
13  52.0  247
13  34.0  391
13  57.0  380
14  49.0  526
14  42.0  443
14  58.0  399
14  24.0  439
14  40.0  530
14  63.0  280
14  72.0  294
14  81.0  366
14  40.0  330
14  80.0  262
14  30.0  389
14  28.0  592
14  53.0  272
14  30.0  268
14  80.0  324
14  74.0  261
14  47.0  512
14  32.0  469
14  72.0  390
14  60.0  447
14  50.0  390
14  44.0  277
14  31.0  366
14  39.0  494
14  74.0  354
14  68.0  453
14  62.0  256
14  42.0  487
14  72.0  310
14  39.0  426
14  47.0  492
14  34.0  371
14  53.0  277
14  61.0  354
14  66.0  399
14  72.0  250
14  81.0  144
14  64.0  360
14  52.0  486
14  26.0  600
14  58.0  299
14  66.0  344
14  38.0  178
14  53.0  228
14  65.0  327
14  45.0  404
14  43.0  313
14  33.0  273
14  54.0  385
14  44.0  548
14  60.0  400
14  38.0  236
14  41.0  541
14  56.0  427
14  18.0  439
14  65.0  246
14  22.0  462
14  51.0  461
14  49.0  418
14  56.0  334
14  40.0  417
14  19.0  251
14  65.0  252
14  72.0  347
14  57.0  231
14  56.0  303
14  19.0  173
14  62.0  361
14  44.0  357
14  24.0  432
14  32.0  430
14  59.0  389
14  76.0  292
14  67.0  211
14  69.0  305
14  42.0  458
14  47.0  349
14  45.0  402
14  68.0  314
14  67.0  435
14  49.0  525
14  51.0  302
14  68.0  369
14  57.0  376
14  22.0  167
14  34.0  456
14  54.0  426
14  84.0  304
14  82.0  246
14  55.0  251
14  46.0  313
14  20.0  382
14  45.0  319
14  53.0  309
14  28.0  662
14  84.0  292
14  57.0  265
14  46.0  145
14  31.0  347
14  64.0  454
15  84.0  332
15  77.0  326
15  15.0  461
15  57.0  382
15  38.0  330
15  67.0  315
15  49.0  218
15  62.0  316
15  48.0  336
15  33.0  312
15  41.0  393
15  48.0  447
15  53.0  405
15  88.0  301
15  71.0  343
15  47.0  273
15  19.0  514
15  52.0  268
15  63.0  459
15  38.0  432
15  69.0  314
15  9.0  400
15  51.0  346
15  57.0  452
15  43.0  312
15  25.0  354
15  55.0  345
15  76.0  373
15  81.0  270
15  64.0  227
15  36.0  397
15  65.0  308
15  42.0  412
15  50.0  383
15  68.0  364
15  36.0  371
15  43.0  185
15  41.0  351
15  48.0  197
15  39.0  430
15  63.0  240
15  47.0  485
15  79.0  333
15  57.0  302
15  64.0  279
15  80.0  188
15  54.0  474
15  66.0  378
15  36.0  279
15  57.0  486
15  50.0  304
15  38.0  275
15  69.0  360
15  26.0  332
15  60.0  340
15  73.0  337
15  35.0  355
15  62.0  322
15  53.0  468
15  50.0  362
15  50.0  295
15  43.0  234
15  25.0  205
15  55.0  488
15  80.0  316
15  42.0  396
15  55.0  402
15  40.0  521
15  40.0  325
15  59.0  412
15  51.0  474
15  62.0  326
15  38.0  451
15  71.0  299
15  41.0  246
15  63.0  452
15  38.0  373
15  70.0  366
15  49.0  313
15  38.0  375
15  29.0  333
15  38.0  489
15  68.0  355
15  47.0  468
15  53.0  464
15  52.0  391
15  66.0  353
15  72.0  366
15  45.0  420
15  40.0  422
15  39.0  440
15  52.0  163
15  34.0  367
15  53.0  448
15  56.0  309
15  57.0  267
15  55.0  301
15  56.0  382
15  47.0  335
15  14.0  273
16  51.0  373
16  16.0  374
16  71.0  343
16  43.0  302
16  52.0  366
16  48.0  535
16  44.0  318
16  66.0  430
16  33.0  335
16  64.0  203
16  47.0  387
16  24.0  345
16  61.0  290
16  56.0  263
16  53.0  407
16  61.0  329
16  77.0  276
16  51.0  463
16  73.0  365
16  57.0  378
16  20.0  484
16  97.0  157
16  62.0  302
16  50.0  395
16  68.0  381
16  44.0  463
16  65.0  442
16  79.0  322
16  63.0  431
16  36.0  584
16  71.0  270
16  45.0  363
16  80.0  298
16  64.0  347
16  86.0  299
16  46.0  537
16  46.0  316
16  30.0  233
16  42.0  400
16  34.0  266
16  64.0  357
16  53.0  387
16  64.0  282
16  74.0  277
16  83.0  299
16  52.0  287
16  50.0  499
16  73.0  284
16  33.0  382
16  75.0  292
16  55.0  413
16  52.0  374
16  21.0  394
16  39.0  423
16  61.0  370
16  29.0  336
16  82.0  318
16  31.0  368
16  41.0  420
16  48.0  537
16  76.0  349
16  64.0  351
16  25.0  354
16  30.0  272
16  66.0  294
16  62.0  446
16  81.0  319
16  26.0  361
16  69.0  217
16  62.0  353
16  27.0  529
16  55.0  341
16  83.0  316
16  41.0  418
16  58.0  381
16  74.0  377
16  54.0  301
16  90.0  266
16  59.0  358
16  28.0  411
16  41.0  532
16  44.0  300
16  61.0  318
16  90.0  250
16  74.0  344
16  41.0  342
16  50.0  472
16  30.0  469
16  40.0  265
16  28.0  396
16  52.0  317
16  43.0  431
16  55.0  368
16  33.0  441
16  77.0  334
16  60.0  351
16  45.0  502
16  59.0  322
16  60.0  307
16  93.0  229
17  54.0  350
17  31.0  505
17  46.0  301
17  56.0  230
17  47.0  486
17  30.0  302
17  73.0  338
17  59.0  362
17  28.0  454
17  35.0  375
17  60.0  337
17  54.0  395
17  64.0  350
17  44.0  440
17  82.0  217
17  45.0  387
17  57.0  427
17  97.0  265
17  65.0  387
17  62.0  396
17  43.0  435
17  46.0  268
17  49.0  477
17  57.0  328
17  81.0  272
17  46.0  401
17  54.0  449
17  59.0  154
17  15.0  636
17  45.0  566
17  66.0  414
17  50.0  400
17  42.0  443
17  66.0  329
17  35.0  420
17  64.0  155
17  29.0  259
17  43.0  400
17  65.0  352
17  47.0  469
17  52.0  394
17  51.0  296
17  68.0  355
17  37.0  451
17  80.0  334
17  85.0  297
17  69.0  406
17  25.0  275
17  23.0  510
17  30.0  395
17  58.0  415
17  70.0  362
17  52.0  347
17  69.0  299
17  54.0  224
17  45.0  453
17  73.0  271
17  47.0  350
17  75.0  385
17  77.0  372
17  48.0  426
17  30.0  124
17  73.0  313
17  43.0  478
17  37.0  429
17  65.0  295
17  67.0  335
17  42.0  417
17  54.0  379
17  70.0  169
17  46.0  346
17  51.0  410
17  17.0  465
17  56.0  465
17  69.0  289
17  24.0  516
17  69.0  385
17  42.0  410
17  69.0  512
17  55.0  434
17  73.0  340
17  45.0  560
17  61.0  295
17  74.0  355
17  79.0  264
17  72.0  336
17  48.0  194
17  48.0  364
17  63.0  220
17  22.0  590
17  48.0  246
17  54.0  235
17  89.0  282
17  67.0  279
17  53.0  410
17  67.0  178
17  72.0  312
17  31.0  228
17  65.0  248
17  38.0  372
18  75.0  341
18  51.0  392
18  37.0  302
18  71.0  353
18  56.0  456
18  52.0  461
18  20.0  458
18  54.0  439
18  69.0  349
18  32.0  522
18  35.0  562
18  48.0  507
18  72.0  308
18  57.0  404
18  64.0  175
18  77.0  266
18  59.0  359
18  48.0  362
18  47.0  448
18  62.0  363
18  23.0  72
18  40.0  520
18  48.0  352
18  58.0  380
18  54.0  229
18  57.0  367
18  61.0  326
18  52.0  442
18  38.0  224
18  63.0  312
18  61.0  425
18  54.0  477
18  70.0  400
18  92.0  271
18  45.0  343
18  50.0  406
18  90.0  264
18  84.0  215
18  66.0  435
18  53.0  356
18  31.0  412
18  68.0  288
18  70.0  159
18  54.0  461
18  70.0  372
18  46.0  276
18  68.0  372
18  81.0  316
18  59.0  483
18  57.0  216
18  56.0  322
18  88.0  288
18  52.0  456
18  34.0  425
18  60.0  273
18  63.0  275
18  42.0  455
18  74.0  293
18  46.0  434
18  31.0  547
18  91.0  279
18  54.0  391
18  42.0  399
18  47.0  440
18  56.0  427
18  66.0  423
18  63.0  328
18  76.0  331
18  66.0  327
18  45.0  374
18  66.0  334
18  75.0  251
18  58.0  362
18  51.0  380
18  29.0  426
18  61.0  389
18  16.0  329
18  68.0  167
18  49.0  368
18  63.0  426
18  32.0  234
18  13.0  392
18  77.0  338
18  30.0  354
18  67.0  370
18  83.0  329
18  66.0  339
18  19.0  469
18  58.0  350
18  48.0  352
18  63.0  271
18  80.0  354
18  75.0  312
18  45.0  358
18  71.0  376
18  39.0  370
18  42.0  441
18  67.0  263
18  58.0  337
18  49.0  266
19  59.0  521
19  33.0  303
19  58.0  263
19  76.0  375
19  60.0  319
19  61.0  442
19  53.0  330
19  65.0  314
19  65.0  328
19  76.0  376
19  47.0  500
19  71.0  327
19  57.0  374
19  71.0  297
19  55.0  442
19  58.0  367
19  62.0  258
19  44.0  284
19  53.0  375
19  71.0  290
19  65.0  404
19  57.0  449
19  74.0  249
19  28.0  363
19  37.0  295
19  37.0  556
19  76.0  301
19  69.0  322
19  79.0  296
19  59.0  428
19  51.0  269
19  40.0  409
19  76.0  163
19  48.0  471
19  50.0  405
19  58.0  341
19  53.0  322
19  58.0  356
19  42.0  277
19  60.0  338
19  65.0  433
19  53.0  427
19  59.0  399
19  69.0  361
19  53.0  364
19  80.0  159
19  51.0  404
19  76.0  316
19  72.0  253
19  69.0  461
19  37.0  398
19  40.0  406
19  50.0  454
19  28.0  562
19  60.0  312
19  49.0  495
19  46.0  337
19  75.0  281
19  35.0  250
19  65.0  322
19  56.0  519
19  79.0  335
19  45.0  376
19  71.0  330
19  68.0  316
19  75.0  305
19  49.0  199
19  46.0  307
19  80.0  344
19  52.0  383
19  73.0  349
19  74.0  180
19  63.0  348
19  40.0  324
19  56.0  441
19  68.0  326
19  50.0  309
19  86.0  229
19  45.0  474
19  39.0  441
19  72.0  298
19  76.0  328
19  53.0  254
19  70.0  363
19  81.0  161
19  43.0  458
19  39.0  191
19  38.0  292
19  26.0  287
19  53.0  526
19  50.0  320
19  57.0  256
19  72.0  354
19  71.0  294
19  41.0  489
19  57.0  224
19  42.0  229
19  42.0  394
19  63.0  328
19  46.0  451
20  74.0  377
20  61.0  241
20  48.0  445
20  87.0  262
20  49.0  512
20  45.0  329
20  54.0  436
20  73.0  357
20  63.0  269
20  68.0  327
20  65.0  294
20  58.0  392
20  55.0  317
20  43.0  479
20  53.0  421
20  80.0  323
20  65.0  211
20  65.0  366
20  76.0  263
20  63.0  468
20  49.0  314
20  72.0  333
20  29.0  524
20  28.0  253
20  52.0  421
20  37.0  341
20  43.0  320
20  86.0  203
20  37.0  331
20  56.0  376
20  36.0  500
20  34.0  276
20  62.0  414
20  46.0  401
20  48.0  523
20  70.0  432
20  92.0  247
20  36.0  413
20  53.0  420
20  73.0  282
20  53.0  444
20  26.0  292
20  42.0  389
20  41.0  368
20  58.0  383
20  40.0  385
20  49.0  272
20  78.0  326
20  63.0  438
20  32.0  522
20  69.0  266
20  53.0  235
20  78.0  324
20  66.0  371
20  69.0  345
20  53.0  429
20  65.0  408
20  42.0  358
20  38.0  413
20  77.0  333
20  65.0  381
20  50.0  375
20  48.0  333
20  77.0  241
20  49.0  410
20  47.0  268
20  56.0  374
20  33.0  227
20  80.0  315
20  52.0  451
20  38.0  330
20  60.0  149
20  49.0  333
20  53.0  389
20  62.0  480
20  60.0  360
20  32.0  174
20  80.0  310
20  78.0  310
20  43.0  459
20  70.0  407
20  54.0  230
20  41.0  316
20  66.0  370
20  25.0  372
20  38.0  450
20  70.0  320
20  55.0  229
20  69.0  372
20  56.0  464
20  62.0  140
20  77.0  234
20  71.0  234
20  36.0  346
20  67.0  366
20  69.0  271
20  19.0  574
20  81.0  362
20  55.0  396
20  52.0  449
