1  46.0  425
2  19.0  508
3  21.0  386
4  18.0  336
5  19.0  321
1  62.0  326
2  42.0  468
3  40.0  221
4  35.0  323
5  40.0  283
1  42.0  481
2  51.0  460
3  22.0  474
4  0.0  197
5  34.0  225
1  66.0  415
2  36.0  356
3  31.0  373
4  29.0  195
5  18.0  222
1  40.0  431
2  46.0  326
3  9.0  287
4  47.0  212
5  36.0  183
1  40.0  357
2  52.0  433
3  12.0  272
4  45.0  246
5  42.0  301
1  58.0  336
2  32.0  504
3  32.0  288
4  0.0  181
5  36.0  216
1  32.0  474
2  67.0  300
3  52.0  315
4  41.0  262
5  13.0  243
1  37.0  401
2  26.0  476
3  34.0  272
4  39.0  339
5  17.0  292
1  46.0  362
2  40.0  481
3  43.0  384
4  12.0  269
5  26.0  317
1  61.0  319
2  55.0  319
3  41.0  389
4  11.0  395
5  17.0  273
1  50.0  477
2  30.0  504
3  19.0  332
4  28.0  379
5  9.0  273
1  21.0  330
2  17.0  351
3  9.0  356
4  10.0  247
5  10.0  334
1  46.0  502
2  46.0  310
3  35.0  402
4  15.0  150
5  23.0  243
1  55.0  408
2  74.0  291
3  41.0  459
4  37.0  379
5  29.0  215
1  39.0  485
2  9.0  434
3  49.0  251
4  10.0  267
5  16.0  236
1  42.0  444
2  35.0  303
3  9.0  261
4  2.0  281
5  78.0  284
1  60.0  322
2  11.0  458
3  11.0  335
4  16.0  373
5  27.0  218
1  59.0  354
2  42.0  337
3  26.0  305
4  15.0  375
5  4.0  368
1  19.0  627
2  73.0  360
3  3.0  275
4  14.0  321
5  0.0  268
1  10.0  241
2  60.0  328
3  32.0  182
4  19.0  331
5  4.0  170
1  18.0  420
2  43.0  363
3  15.0  337
4  30.0  353
5  20.0  309
1  27.0  304
2  25.0  434
3  11.0  525
4  11.0  349
5  48.0  230
1  44.0  339
2  24.0  277
3  27.0  234
4  9.0  364
5  37.0  264
1  88.0  268
2  14.0  420
3  16.0  398
4  42.0  291
5  22.0  202
1  46.0  319
2  35.0  466
3  19.0  325
4  17.0  266
5  17.0  202
1  34.0  380
2  61.0  371
3  10.0  204
4  3.0  364
5  8.0  235
1  24.0  344
2  48.0  381
3  14.0  269
4  24.0  285
5  15.0  192
1  27.0  290
2  57.0  466
3  23.0  267
4  25.0  328
5  3.0  219
1  46.0  478
2  44.0  445
3  22.0  306
4  43.0  353
5  9.0  219
1  60.0  314
2  40.0  356
3  41.0  339
4  47.0  286
5  28.0  341
1  64.0  404
2  19.0  296
3  8.0  158
4  4.0  230
5  10.0  162
1  11.0  327
2  46.0  476
3  2.0  320
4  15.0  421
5  26.0  430
1  46.0  492
2  49.0  458
3  10.0  239
4  10.0  247
5  0.0  222
1  8.0  240
2  41.0  321
3  15.0  323
4  20.0  236
5  40.0  349
1  65.0  333
2  54.0  439
3  51.0  400
4  28.0  170
5  49.0  303
1  59.0  378
2  62.0  386
3  26.0  492
4  23.0  282
5  22.0  280
1  35.0  482
2  9.0  353
3  35.0  383
4  25.0  389
5  30.0  305
1  46.0  602
2  22.0  278
3  28.0  420
4  5.0  208
5  27.0  264
1  37.0  358
2  31.0  457
3  42.0  353
4  37.0  347
5  7.0  234
1  44.0  244
2  33.0  302
3  56.0  309
4  22.0  341
5  22.0  183
1  52.0  336
2  60.0  374
3  54.0  320
4  32.0  360
5  30.0  242
1  25.0  433
2  27.0  458
3  14.0  333
4  59.0  321
5  34.0  251
1  82.0  255
2  34.0  320
3  32.0  260
4  41.0  246
5  19.0  259
1  20.0  340
2  20.0  254
3  45.0  310
4  24.0  341
5  24.0  332
1  24.0  321
2  50.0  452
3  53.0  318
4  42.0  276
5  9.0  342
1  40.0  378
2  22.0  295
3  48.0  354
4  26.0  259
5  14.0  267
1  36.0  382
2  58.0  345
3  30.0  274
4  10.0  278
5  28.0  244
1  54.0  362
2  50.0  385
3  6.0  378
4  35.0  363
5  18.0  338
1  42.0  431
2  19.0  454
3  22.0  373
4  47.0  345
5  23.0  261
1  61.0  323
2  59.0  347
3  43.0  378
4  23.0  313
5  29.0  332
1  81.0  307
2  59.0  444
3  29.0  346
4  25.0  250
5  8.0  186
1  46.0  352
2  23.0  312
3  19.0  300
4  36.0  495
5  42.0  218
1  31.0  530
2  52.0  326
3  11.0  293
4  5.0  134
5  57.0  294
1  41.0  437
2  18.0  282
3  14.0  269
4  39.0  420
5  26.0  325
1  41.0  336
2  50.0  214
3  19.0  211
4  16.0  411
5  23.0  472
1  45.0  454
2  79.0  290
3  19.0  392
4  23.0  387
5  40.0  344
1  36.0  341
2  54.0  446
3  10.0  258
4  36.0  260
5  42.0  323
1  57.0  334
2  55.0  465
3  9.0  286
4  43.0  415
5  32.0  282
1  29.0  453
2  30.0  497
3  54.0  325
4  14.0  349
5  35.0  315
1  33.0  440
2  56.0  381
3  13.0  160
4  33.0  384
5  16.0  262
1  26.0  458
2  40.0  281
3  54.0  353
4  17.0  293
5  35.0  242
1  36.0  438
2  53.0  323
3  31.0  274
4  33.0  293
5  34.0  388
1  66.0  342
2  34.0  402
3  11.0  310
4  38.0  229
5  0.0  283
1  43.0  328
2  10.0  141
3  28.0  270
4  45.0  208
5  23.0  270
1  28.0  315
2  49.0  445
3  20.0  214
4  37.0  224
5  2.0  264
1  27.0  378
2  67.0  316
3  46.0  443
4  50.0  363
5  10.0  408
1  48.0  382
2  45.0  376
3  18.0  475
4  35.0  308
5  14.0  368
1  60.0  448
2  66.0  384
3  36.0  471
4  9.0  305
5  77.0  287
1  30.0  480
2  63.0  394
3  23.0  340
4  56.0  433
5  20.0  345
1  38.0  390
2  29.0  364
3  24.0  328
4  15.0  360
5  8.0  206
1  51.0  467
2  36.0  259
3  9.0  222
4  22.0  358
5  11.0  238
1  31.0  423
2  52.0  354
3  38.0  510
4  17.0  271
5  25.0  318
1  22.0  334
2  52.0  389
3  17.0  399
4  0.0  124
5  6.0  379
1  18.0  489
2  35.0  454
3  25.0  381
4  48.0  326
5  23.0  438
1  70.0  395
2  21.0  407
3  8.0  247
4  27.0  310
5  11.0  218
1  17.0  281
2  61.0  461
3  64.0  183
4  14.0  298
5  19.0  283
1  53.0  344
2  47.0  437
3  45.0  310
4  15.0  228
5  30.0  362
1  29.0  407
2  25.0  561
3  6.0  247
4  34.0  275
5  51.0  247
1  59.0  328
2  58.0  405
3  3.0  379
4  37.0  357
5  31.0  440
1  24.0  350
2  39.0  498
3  37.0  208
4  21.0  302
5  5.0  209
1  47.0  355
2  61.0  312
3  23.0  252
4  40.0  235
5  31.0  308
1  45.0  310
2  32.0  452
3  9.0  157
4  33.0  399
5  34.0  312
1  61.0  341
2  52.0  429
3  55.0  294
4  20.0  245
5  36.0  322
1  28.0  417
2  50.0  356
3  15.0  250
4  38.0  332
5  39.0  244
1  46.0  380
2  13.0  604
3  53.0  261
4  6.0  312
5  47.0  243
1  42.0  363
2  49.0  289
3  48.0  348
4  23.0  382
5  22.0  189
1  46.0  433
2  34.0  292
3  29.0  237
4  12.0  219
5  16.0  247
1  34.0  360
2  38.0  449
3  44.0  358
4  56.0  281
5  13.0  259
1  42.0  230
2  56.0  391
3  41.0  376
4  1.0  120
5  34.0  353
1  45.0  309
2  12.0  394
3  20.0  249
4  38.0  294
5  5.0  432
1  21.0  384
2  9.0  537
3  38.0  302
4  20.0  338
5  26.0  328
1  21.0  254
2  23.0  262
3  25.0  514
4  15.0  347
5  0.0  209
1  67.0  301
2  38.0  285
3  38.0  283
4  52.0  303
5  17.0  262
1  23.0  408
2  42.0  415
3  38.0  344
4  49.0  450
5  33.0  410
1  28.0  541
2  43.0  341
3  31.0  263
4  23.0  336
5  3.0  168
1  68.0  322
2  14.0  446
3  33.0  305
4  23.0  249
5  13.0  135
1  65.0  389
2  22.0  292
3  1.0  258
4  26.0  232
5  25.0  307
1  62.0  396
2  50.0  343
3  16.0  210
4  0.0  177
5  39.0  274
1  52.0  456
2  56.0  394
3  58.0  398
4  16.0  242
5  11.0  261
