1  51.0  511
2  41.0  519
3  30.0  382
4  54.0  455
5  34.0  503
1  37.0  451
2  68.0  512
3  47.0  468
4  62.0  470
5  50.0  391
1  49.0  413
2  45.0  392
3  34.0  383
4  37.0  417
5  30.0  422
1  70.0  478
2  82.0  506
3  18.0  455
4  37.0  504
5  45.0  449
1  34.0  503
2  49.0  480
3  25.0  372
4  31.0  492
5  18.0  432
1  25.0  217
2  57.0  525
3  57.0  437
4  38.0  522
5  28.0  405
1  66.0  504
2  30.0  370
3  29.0  379
4  69.0  461
5  44.0  352
1  58.0  516
2  53.0  507
3  50.0  514
4  37.0  395
5  23.0  434
1  33.0  372
2  63.0  510
3  15.0  334
4  45.0  400
5  66.0  443
1  47.0  491
2  46.0  359
3  24.0  521
4  50.0  453
5  33.0  383
1  51.0  487
2  41.0  497
3  46.0  438
4  24.0  404
5  6.0  309
1  57.0  476
2  35.0  443
3  46.0  469
4  33.0  390
5  73.0  494
1  58.0  487
2  12.0  277
3  26.0  293
4  37.0  355
5  57.0  463
1  32.0  315
2  41.0  484
3  9.0  325
4  26.0  395
5  40.0  517
1  44.0  463
2  80.0  491
3  60.0  456
4  32.0  397
5  51.0  438
1  78.0  516
2  71.0  472
3  27.0  314
4  34.0  451
5  73.0  487
1  53.0  478
2  38.0  394
3  49.0  422
4  59.0  531
5  39.0  431
1  19.0  493
2  33.0  501
3  23.0  281
4  36.0  485
5  74.0  474
1  50.0  511
2  28.0  329
3  37.0  383
4  50.0  485
5  33.0  376
1  42.0  490
2  49.0  519
3  60.0  479
4  60.0  495
5  45.0  444
1  48.0  500
2  30.0  318
3  60.0  519
4  29.0  321
5  37.0  425
1  48.0  488
2  43.0  521
3  77.0  512
4  28.0  341
5  30.0  291
1  45.0  467
2  57.0  515
3  33.0  479
4  86.0  514
5  33.0  352
1  37.0  492
2  45.0  423
3  62.0  514
4  13.0  323
5  39.0  475
1  48.0  446
2  43.0  527
3  31.0  308
4  42.0  458
5  41.0  309
1  35.0  504
2  46.0  443
3  59.0  437
4  50.0  433
5  45.0  423
1  29.0  327
2  70.0  522
3  66.0  491
4  15.0  303
5  44.0  354
1  28.0  514
2  30.0  469
3  13.0  347
4  68.0  481
5  70.0  489
1  67.0  478
2  77.0  509
3  9.0  319
4  75.0  514
5  34.0  285
1  31.0  354
2  21.0  383
3  65.0  487
4  55.0  432
5  36.0  459
1  40.0  473
2  50.0  488
3  28.0  318
4  60.0  444
5  20.0  484
1  36.0  393
2  50.0  490
3  3.0  360
4  18.0  421
5  56.0  471
1  42.0  496
2  32.0  422
3  56.0  506
4  42.0  351
5  54.0  474
1  57.0  526
2  52.0  467
3  26.0  372
4  56.0  488
5  77.0  477
1  33.0  461
2  70.0  534
3  52.0  397
4  30.0  457
5  29.0  337
1  57.0  514
2  50.0  428
3  42.0  362
4  24.0  399
5  37.0  321
1  68.0  488
2  70.0  525
3  24.0  402
4  22.0  271
5  25.0  396
1  43.0  469
2  29.0  316
3  63.0  507
4  59.0  428
5  52.0  481
1  15.0  338
2  36.0  340
3  18.0  314
4  44.0  399
5  27.0  311
1  59.0  469
2  34.0  474
3  35.0  459
4  52.0  393
5  70.0  495
1  59.0  479
2  64.0  525
3  90.0  504
4  55.0  507
5  46.0  464
1  80.0  496
2  40.0  421
3  44.0  481
4  34.0  415
5  52.0  449
1  39.0  434
2  33.0  346
3  53.0  498
4  35.0  403
5  22.0  444
1  73.0  486
2  69.0  496
3  8.0  304
4  14.0  253
5  36.0  394
1  25.0  417
2  33.0  290
3  71.0  506
4  65.0  464
5  33.0  445
1  30.0  440
2  33.0  457
3  61.0  452
4  31.0  321
5  42.0  484
1  44.0  484
2  44.0  435
3  47.0  478
4  56.0  513
5  25.0  361
1  51.0  487
2  44.0  505
3  32.0  481
4  53.0  455
5  69.0  408
1  62.0  511
2  62.0  510
3  16.0  438
4  47.0  450
5  12.0  349
1  53.0  477
2  55.0  475
3  41.0  496
4  56.0  450
5  28.0  472
1  64.0  512
2  52.0  472
3  31.0  403
4  40.0  489
5  48.0  458
1  74.0  512
2  34.0  477
3  28.0  282
4  44.0  484
5  46.0  477
1  23.0  427
2  25.0  418
3  56.0  459
4  36.0  306
5  35.0  437
1  39.0  421
2  24.0  469
3  50.0  427
4  36.0  376
5  38.0  462
1  27.0  360
2  48.0  496
3  35.0  455
4  28.0  328
5  70.0  497
1  61.0  483
2  76.0  523
3  77.0  499
4  36.0  471
5  37.0  370
1  38.0  469
2  28.0  437
3  26.0  305
4  51.0  360
5  44.0  429
1  25.0  337
2  32.0  386
3  41.0  455
4  29.0  400
5  57.0  511
1  34.0  434
2  56.0  500
3  45.0  415
4  47.0  451
5  43.0  459
1  27.0  441
2  72.0  499
3  31.0  339
4  49.0  512
5  72.0  500
1  51.0  497
2  51.0  519
3  27.0  449
4  53.0  442
5  54.0  430
1  26.0  304
2  49.0  513
3  30.0  298
4  52.0  473
5  34.0  477
1  52.0  458
2  82.0  506
3  79.0  497
4  35.0  496
5  58.0  503
1  20.0  433
2  24.0  303
3  46.0  468
4  20.0  345
5  30.0  361
1  63.0  483
2  41.0  457
3  30.0  391
4  31.0  341
5  64.0  508
1  48.0  454
2  62.0  512
3  34.0  370
4  47.0  453
5  60.0  466
1  63.0  449
2  58.0  527
3  66.0  481
4  4.0  245
5  32.0  344
1  24.0  446
2  42.0  443
3  38.0  425
4  26.0  476
5  38.0  378
1  38.0  466
2  36.0  438
3  49.0  511
4  46.0  374
5  55.0  468
1  60.0  495
2  46.0  490
3  36.0  457
4  61.0  475
5  56.0  476
1  23.0  472
2  80.0  526
3  48.0  447
4  20.0  400
5  43.0  434
1  43.0  490
2  66.0  518
3  32.0  374
4  16.0  243
5  79.0  518
1  31.0  344
2  54.0  446
3  49.0  460
4  65.0  481
5  41.0  432
1  43.0  503
2  50.0  418
3  43.0  510
4  19.0  234
5  50.0  415
1  64.0  525
2  50.0  515
3  56.0  478
4  18.0  242
5  48.0  358
1  45.0  491
2  61.0  475
3  31.0  455
4  33.0  329
5  54.0  506
1  35.0  433
2  61.0  527
3  75.0  513
4  26.0  355
5  68.0  512
1  19.0  301
2  40.0  445
3  52.0  446
4  35.0  348
5  31.0  348
1  34.0  357
2  46.0  449
3  36.0  427
4  49.0  456
5  31.0  403
1  43.0  492
2  43.0  313
3  15.0  360
4  43.0  487
5  31.0  428
1  69.0  466
2  67.0  497
3  61.0  448
4  52.0  471
5  43.0  414
1  40.0  514
2  59.0  512
3  30.0  374
4  56.0  494
5  18.0  359
1  48.0  510
2  44.0  419
3  31.0  371
4  49.0  433
5  48.0  424
1  28.0  397
2  42.0  524
3  21.0  355
4  33.0  365
5  58.0  446
1  78.0  525
2  25.0  298
3  46.0  407
4  31.0  453
5  57.0  410
1  57.0  512
2  64.0  473
3  50.0  464
4  50.0  395
5  46.0  459
1  24.0  501
2  35.0  442
3  65.0  476
4  25.0  358
5  21.0  421
1  28.0  378
2  40.0  410
3  74.0  512
4  46.0  505
5  7.0  327
1  57.0  471
2  39.0  379
3  39.0  376
4  62.0  505
5  42.0  459
1  65.0  458
2  48.0  495
3  36.0  319
4  48.0  339
5  34.0  436
1  54.0  517
2  34.0  504
3  38.0  367
4  57.0  390
5  75.0  458
1  21.0  440
2  47.0  422
3  77.0  451
4  40.0  435
5  20.0  469
1  42.0  401
2  33.0  418
3  18.0  237
4  58.0  510
5  41.0  443
1  30.0  475
2  37.0  472
3  79.0  515
4  24.0  330
5  38.0  488
1  72.0  511
2  50.0  448
3  27.0  326
4  24.0  412
5  34.0  389
1  59.0  502
2  83.0  511
3  25.0  371
4  41.0  405
5  83.0  500
1  34.0  423
2  41.0  512
3  43.0  420
4  40.0  381
5  45.0  455
1  21.0  455
2  40.0  347
3  46.0  469
4  46.0  513
5  57.0  498
1  72.0  494
2  62.0  399
3  34.0  376
4  34.0  373
5  51.0  436
1  39.0  495
2  62.0  422
3  38.0  347
4  18.0  428
5  24.0  382
