1  13.0  215
2  91.0  510
3  68.0  519
4  55.0  510
5  54.0  451
6  29.0  469
7  43.0  469
1  36.0  479
2  49.0  513
3  44.0  471
4  41.0  539
5  63.0  476
6  52.0  551
7  48.0  402
1  86.0  516
2  39.0  483
3  34.0  522
4  81.0  526
5  45.0  516
6  52.0  513
7  53.0  507
1  64.0  515
2  53.0  499
3  30.0  275
4  5.0  467
5  34.0  490
6  34.0  340
7  56.0  543
1  57.0  442
2  46.0  467
3  53.0  406
4  20.0  258
5  30.0  335
6  52.0  447
7  56.0  523
1  31.0  400
2  42.0  391
3  41.0  464
4  38.0  431
5  28.0  335
6  43.0  473
7  55.0  519
1  76.0  509
2  61.0  511
3  33.0  506
4  46.0  487
5  27.0  329
6  51.0  602
7  83.0  500
1  31.0  392
2  52.0  387
3  39.0  470
4  63.0  456
5  75.0  536
6  38.0  491
7  36.0  467
1  57.0  505
2  24.0  340
3  53.0  492
4  39.0  452
5  71.0  557
6  52.0  526
7  13.0  266
1  67.0  513
2  60.0  505
3  64.0  422
4  43.0  345
5  27.0  293
6  46.0  500
7  47.0  561
1  87.0  509
2  52.0  399
3  54.0  547
4  40.0  479
5  41.0  529
6  15.0  416
7  67.0  522
1  53.0  465
2  27.0  370
3  70.0  496
4  47.0  512
5  53.0  386
6  25.0  504
7  17.0  454
1  86.0  509
2  33.0  421
3  40.0  378
4  48.0  450
5  32.0  429
6  54.0  558
7  48.0  559
1  30.0  325
2  61.0  507
3  40.0  507
4  50.0  444
5  33.0  503
6  55.0  542
7  71.0  522
1  14.0  415
2  42.0  408
3  29.0  344
4  83.0  503
5  47.0  519
6  39.0  483
7  51.0  529
1  47.0  503
2  52.0  450
3  51.0  404
4  35.0  459
5  35.0  510
6  45.0  464
7  39.0  475
1  72.0  479
2  68.0  491
3  41.0  407
4  48.0  445
5  47.0  506
6  47.0  511
7  46.0  450
1  48.0  482
2  82.0  504
3  74.0  454
4  55.0  518
5  47.0  497
6  44.0  522
7  47.0  488
1  57.0  502
2  60.0  427
3  79.0  520
4  41.0  441
5  48.0  542
6  29.0  406
7  32.0  466
1  24.0  451
2  17.0  274
3  62.0  512
4  45.0  385
5  39.0  491
6  73.0  546
7  59.0  577
1  36.0  485
2  35.0  437
3  27.0  440
4  30.0  466
5  51.0  489
6  40.0  481
7  58.0  568
1  28.0  415
2  78.0  500
3  47.0  453
4  65.0  516
5  55.0  548
6  30.0  356
7  58.0  520
1  53.0  399
2  61.0  483
3  32.0  396
4  75.0  518
5  40.0  406
6  53.0  482
7  44.0  542
1  56.0  493
2  33.0  355
3  51.0  500
4  48.0  445
5  67.0  522
6  53.0  552
7  24.0  342
1  7.0  222
2  57.0  508
3  9.0  278
4  43.0  471
5  30.0  525
6  56.0  527
7  42.0  454
1  57.0  512
2  62.0  503
3  49.0  353
4  56.0  494
5  40.0  460
6  45.0  486
7  57.0  451
1  0.0  272
2  38.0  443
3  49.0  499
4  47.0  501
5  72.0  556
6  27.0  412
7  56.0  495
1  55.0  385
2  56.0  445
3  23.0  278
4  36.0  486
5  49.0  518
6  36.0  422
7  44.0  497
1  51.0  509
2  15.0  456
3  44.0  420
4  26.0  343
5  51.0  457
6  44.0  519
7  64.0  570
1  48.0  502
2  45.0  488
3  41.0  497
4  43.0  461
5  55.0  454
6  39.0  389
7  42.0  389
1  43.0  467
2  37.0  313
3  42.0  498
4  70.0  516
5  16.0  256
6  24.0  327
7  45.0  505
1  31.0  492
2  31.0  380
3  66.0  450
4  50.0  524
5  64.0  507
6  67.0  530
7  34.0  467
1  69.0  487
2  38.0  450
3  85.0  518
4  40.0  417
5  36.0  457
6  79.0  539
7  43.0  487
1  28.0  493
2  85.0  513
3  79.0  519
4  59.0  536
5  57.0  462
6  82.0  524
7  47.0  530
1  47.0  478
2  36.0  464
3  60.0  476
4  59.0  517
5  48.0  494
6  67.0  457
7  36.0  342
1  69.0  508
2  34.0  475
3  65.0  447
4  45.0  384
5  52.0  528
6  37.0  336
7  37.0  491
1  91.0  513
2  74.0  497
3  21.0  304
4  62.0  526
5  34.0  346
6  35.0  465
7  58.0  480
1  44.0  403
2  14.0  317
3  28.0  332
4  38.0  329
5  66.0  532
6  48.0  410
7  58.0  521
1  61.0  516
2  45.0  414
3  25.0  357
4  24.0  350
5  25.0  560
6  58.0  558
7  48.0  461
1  13.0  446
2  29.0  303
3  53.0  484
4  43.0  547
5  58.0  446
6  42.0  446
7  41.0  492
1  16.0  340
2  42.0  424
3  53.0  372
4  61.0  514
5  78.0  512
6  31.0  494
7  70.0  477
1  54.0  428
2  64.0  509
3  42.0  361
4  28.0  415
5  68.0  533
6  42.0  514
7  49.0  514
1  72.0  499
2  13.0  296
3  18.0  301
4  41.0  492
5  60.0  459
6  32.0  334
7  60.0  483
1  38.0  414
2  20.0  309
3  62.0  487
4  46.0  484
5  71.0  523
6  38.0  447
7  34.0  445
1  89.0  508
2  31.0  445
3  29.0  383
4  71.0  512
5  43.0  423
6  62.0  489
7  54.0  525
1  86.0  500
2  59.0  510
3  62.0  504
4  79.0  494
5  6.0  321
6  47.0  457
7  44.0  496
1  42.0  452
2  68.0  515
3  24.0  383
4  41.0  365
5  42.0  448
6  72.0  543
7  49.0  484
1  54.0  476
2  52.0  469
3  34.0  481
4  58.0  518
5  27.0  395
6  54.0  470
7  59.0  493
1  43.0  441
2  23.0  319
3  76.0  522
4  35.0  407
5  50.0  567
6  66.0  541
7  42.0  456
1  85.0  504
2  72.0  512
3  52.0  508
4  50.0  519
5  69.0  507
6  28.0  519
7  16.0  427
1  59.0  505
2  27.0  394
3  54.0  524
4  80.0  512
5  45.0  408
6  47.0  486
7  66.0  593
1  9.0  414
2  62.0  519
3  69.0  477
4  63.0  537
5  21.0  381
6  55.0  513
7  61.0  514
1  40.0  388
2  23.0  450
3  47.0  433
4  70.0  518
5  36.0  419
6  48.0  484
7  37.0  479
1  27.0  433
2  24.0  375
3  48.0  511
4  22.0  275
5  53.0  473
6  37.0  553
7  48.0  419
1  58.0  480
2  76.0  516
3  70.0  510
4  70.0  520
5  24.0  317
6  28.0  507
7  24.0  394
1  38.0  414
2  34.0  352
3  48.0  461
4  36.0  490
5  58.0  476
6  25.0  474
7  50.0  542
1  67.0  520
2  20.0  451
3  57.0  510
4  29.0  385
5  35.0  558
6  32.0  555
7  69.0  568
1  22.0  293
2  55.0  490
3  53.0  513
4  50.0  436
5  11.0  367
6  29.0  475
7  60.0  583
1  31.0  381
2  44.0  366
3  65.0  500
4  41.0  431
5  35.0  488
6  56.0  479
7  53.0  519
1  47.0  437
2  59.0  518
3  44.0  526
4  60.0  516
5  69.0  531
6  17.0  243
7  47.0  539
1  40.0  499
2  70.0  502
3  68.0  511
4  18.0  479
5  35.0  378
6  41.0  466
7  35.0  526
1  36.0  512
2  47.0  502
3  71.0  469
4  84.0  480
5  53.0  480
6  61.0  576
7  60.0  482
1  31.0  274
2  50.0  383
3  59.0  506
4  60.0  394
5  28.0  447
6  51.0  551
7  62.0  565
1  74.0  505
2  48.0  505
3  31.0  299
4  23.0  378
5  41.0  421
6  26.0  334
7  42.0  458
1  4.0  335
2  67.0  507
3  55.0  499
4  49.0  412
5  31.0  524
6  37.0  413
7  34.0  435
1  74.0  504
2  64.0  469
3  83.0  506
4  26.0  432
5  73.0  518
6  28.0  220
7  39.0  493
1  26.0  448
2  39.0  467
3  60.0  420
4  45.0  446
5  33.0  562
6  44.0  474
7  40.0  518
1  12.0  254
2  8.0  342
3  46.0  506
4  31.0  371
5  48.0  438
6  57.0  526
7  56.0  490
1  67.0  514
2  28.0  361
3  41.0  371
4  38.0  476
5  71.0  496
6  79.0  527
7  25.0  517
1  77.0  493
2  23.0  329
3  38.0  388
4  69.0  500
5  30.0  380
6  50.0  554
7  24.0  458
1  72.0  506
2  35.0  485
3  64.0  498
4  34.0  515
5  70.0  539
6  70.0  545
7  59.0  526
1  45.0  514
2  50.0  465
3  42.0  506
4  43.0  472
5  32.0  459
6  55.0  471
7  47.0  573
1  75.0  437
2  24.0  286
3  68.0  503
4  25.0  364
5  55.0  539
6  42.0  384
7  61.0  542
1  53.0  492
2  63.0  512
3  57.0  518
4  42.0  431
5  55.0  512
6  67.0  552
7  32.0  489
1  52.0  452
2  28.0  297
3  35.0  451
4  39.0  408
5  44.0  349
6  37.0  363
7  51.0  598
1  22.0  296
2  71.0  468
3  40.0  537
4  52.0  524
5  32.0  516
6  60.0  530
7  40.0  555
1  38.0  488
2  60.0  483
3  57.0  489
4  66.0  504
5  71.0  500
6  61.0  509
7  34.0  451
1  46.0  387
2  62.0  477
3  54.0  521
4  44.0  507
5  46.0  412
6  36.0  397
7  24.0  322
1  34.0  432
2  29.0  323
3  67.0  503
4  48.0  454
5  43.0  471
6  50.0  476
7  44.0  425
1  24.0  462
2  16.0  329
3  52.0  480
4  59.0  456
5  72.0  451
6  33.0  349
7  50.0  539
1  23.0  388
2  22.0  470
3  37.0  361
4  1.0  200
5  35.0  500
6  46.0  509
7  50.0  414
1  14.0  323
2  34.0  365
3  56.0  366
4  41.0  511
5  41.0  525
6  40.0  499
7  28.0  441
1  65.0  514
2  25.0  236
3  61.0  486
4  40.0  455
5  32.0  412
6  66.0  526
7  56.0  514
1  31.0  481
2  61.0  504
3  19.0  282
4  18.0  496
5  49.0  536
6  35.0  379
7  69.0  508
1  44.0  489
2  0.0  68
3  36.0  513
4  58.0  516
5  22.0  431
6  53.0  488
7  22.0  465
1  49.0  482
2  36.0  429
3  23.0  399
4  77.0  521
5  42.0  468
6  64.0  532
7  56.0  432
1  70.0  417
2  65.0  508
3  65.0  503
4  49.0  450
5  53.0  466
6  49.0  420
7  22.0  370
1  55.0  516
2  75.0  499
3  24.0  412
4  54.0  441
5  51.0  537
6  23.0  449
7  40.0  489
1  69.0  507
2  73.0  493
3  33.0  478
4  41.0  479
5  50.0  510
6  11.0  437
7  60.0  513
1  42.0  405
2  46.0  459
3  49.0  451
4  23.0  463
5  77.0  561
6  57.0  474
7  84.0  502
1  46.0  298
2  85.0  509
3  25.0  420
4  38.0  529
5  75.0  449
6  13.0  365
7  14.0  441
1  25.0  500
2  23.0  400
3  72.0  477
4  16.0  361
5  53.0  516
6  38.0  376
7  35.0  532
1  51.0  472
2  45.0  370
3  61.0  479
4  48.0  451
5  63.0  571
6  35.0  440
7  35.0  468
1  22.0  257
2  62.0  416
3  52.0  535
4  71.0  510
5  59.0  562
6  31.0  498
7  20.0  468
1  64.0  514
2  49.0  503
3  33.0  485
4  45.0  460
5  44.0  407
6  27.0  410
7  30.0  425
1  92.0  503
2  48.0  440
3  46.0  515
4  59.0  516
5  25.0  436
6  18.0  346
7  49.0  514
1  25.0  230
2  25.0  504
3  75.0  489
4  71.0  496
5  44.0  456
6  29.0  444
7  11.0  402
1  35.0  466
2  22.0  437
3  68.0  504
4  44.0  489
5  29.0  421
6  63.0  532
7  35.0  515
1  98.0  514
2  46.0  448
3  35.0  348
4  21.0  446
5  23.0  297
6  43.0  493
7  41.0  531
1  67.0  483
2  75.0  516
3  34.0  338
4  62.0  442
5  21.0  463
6  13.0  408
7  37.0  540
