1  0.0  201
2  75.5  361
3  53.333333333333336  429
4  72.5  587
5  80.599999999999994  521
6  58.333333333333336  906
7  78.285714285714292  787
8  81.5  708
9  88.777777777777771  623
10  73.400000000000006  1159
1  43.0  359
2  51.5  359
3  69.333333333333329  742
4  78.75  510
5  78.799999999999997  718
6  83.333333333333329  636
7  81.142857142857139  643
8  86.625  617
9  85.777777777777771  790
10  88.299999999999997  738
1  30.0  389
2  62.0  413
3  78.666666666666671  419
4  91.75  435
5  61.799999999999997  875
6  64.0  857
7  83.428571428571431  637
8  82.5  741
9  82.333333333333329  926
10  79.099999999999994  739
1  32.0  264
2  46.5  461
3  85.666666666666671  350
4  71.75  689
5  82.200000000000003  441
6  77.666666666666671  712
7  82.857142857142861  761
9  91.666666666666671  536
10  89.400000000000006  874
1  52.0  240
2  45.0  580
3  68.0  616
4  67.25  710
5  65.400000000000006  723
6  77.0  561
8  88.625  765
9  89.333333333333329  622
10  86.700000000000003  776
1  27.0  416
2  72.0  439
3  55.666666666666664  543
4  71.75  688
5  75.599999999999994  690
6  74.833333333333329  577
7  86.142857142857139  478
8  84.0  822
9  90.444444444444443  661
10  76.900000000000006  1064
1  29.0  559
2  52.5  604
3  72.0  536
4  72.25  589
5  88.200000000000003  394
6  81.833333333333329  641
7  87.571428571428569  723
8  91.875  562
9  80.222222222222229  843
10  83.700000000000003  920
1  22.0  294
2  85.0  300
3  78.333333333333329  515
4  89.25  409
5  83.799999999999997  679
6  75.833333333333329  820
7  92.142857142857139  567
8  86.125  746
9  77.444444444444443  1071
10  81.200000000000003  698
1  24.0  338
2  69.5  457
3  79.0  537
4  87.5  523
5  73.400000000000006  576
6  84.0  660
7  88.714285714285708  449
8  79.75  752
9  88.0  690
10  84.900000000000006  778
1  48.0  461
2  66.5  538
3  52.333333333333336  353
4  78.0  684
5  87.799999999999997  366
6  75.666666666666671  651
7  79.857142857142861  647
8  79.375  778
9  87.666666666666671  734
10  86.200000000000003  904
1  53.0  250
2  46.5  387
3  86.333333333333329  406
4  64.25  774
5  79.799999999999997  766
6  74.666666666666671  550
7  79.714285714285708  809
8  80.875  920
9  89.111111111111114  835
10  87.299999999999997  758
1  21.0  460
2  48.5  623
3  56.333333333333336  700
4  79.0  600
5  82.599999999999994  575
6  77.833333333333329  831
7  85.857142857142861  705
8  90.0  600
9  79.666666666666671  833
10  88.900000000000006  705
1  78.0  137
2  58.0  383
3  77.0  471
4  77.25  541
5  75.599999999999994  686
6  85.166666666666671  457
7  82.714285714285708  769
8  77.0  743
9  88.333333333333329  668
10  83.700000000000003  878
1  49.0  433
2  71.5  452
3  72.0  440
4  71.0  581
5  70.599999999999994  747
6  77.833333333333329  660
7  72.571428571428569  871
8  85.25  653
9  86.0  657
10  76.5  816
1  64.0  282
2  81.5  364
3  75.333333333333329  464
4  76.5  671
5  73.400000000000006  561
6  84.166666666666671  539
7  86.428571428571431  585
8  86.5  688
9  76.777777777777771  829
10  85.099999999999994  900
1  47.0  329
2  67.5  376
3  81.0  445
4  75.75  536
5  78.200000000000003  680
6  79.166666666666671  709
7  66.428571428571431  773
8  76.625  795
9  86.444444444444443  843
10  83.0  959
1  29.0  348
2  34.0  595
3  80.0  534
4  56.75  769
5  75.400000000000006  629
6  73.0  640
7  89.428571428571431  635
8  78.375  731
9  83.444444444444443  856
10  79.099999999999994  871
1  38.0  386
2  46.0  506
3  55.0  637
4  83.75  447
5  76.400000000000006  733
6  80.0  494
7  78.857142857142861  755
8  76.875  603
9  86.777777777777771  753
10  74.799999999999997  833
1  53.0  449
2  62.0  531
3  95.666666666666671  204
4  85.25  266
5  58.600000000000001  836
6  80.666666666666671  861
7  83.142857142857139  624
8  86.5  837
9  83.222222222222229  726
10  83.099999999999994  692
1  25.0  548
2  62.0  483
3  72.333333333333329  499
4  78.75  476
5  78.799999999999997  321
6  80.5  758
7  76.714285714285708  824
8  82.625  604
9  83.222222222222229  655
10  85.5  812
