1  74.0  338
2  47.0  159
3  82.0  233
4  66.0  226
5  75.0  211
6  57.0  302
7  35.0  306
1  96.0  26
2  73.0  215
3  32.0  251
4  77.0  181
5  49.0  414
6  35.0  284
7  43.0  261
1  73.0  231
2  52.0  190
3  68.0  142
4  80.0  141
5  80.0  232
6  36.0  236
7  68.0  304
1  73.0  147
2  74.0  198
3  30.0  480
4  74.0  251
5  88.0  139
6  76.0  246
7  62.0  240
1  95.0  56
2  71.0  234
3  80.0  256
4  68.0  355
5  71.0  232
6  62.0  251
7  60.0  338
1  97.0  55
2  26.0  201
3  79.0  315
4  42.0  344
5  34.0  379
6  66.0  237
7  76.0  251
1  76.0  243
2  89.0  118
3  96.0  14
4  94.0  70
5  34.0  418
6  61.0  291
7  77.0  280
1  84.0  279
2  81.0  188
3  92.0  149
4  58.0  384
5  73.0  246
6  54.0  217
7  12.0  266
1  46.0  327
2  89.0  194
3  66.0  140
4  27.0  266
5  58.0  238
6  37.0  405
7  85.0  177
1  67.0  153
2  87.0  93
3  60.0  318
4  80.0  227
5  37.0  418
6  24.0  361
7  91.0  98
1  89.0  153
2  48.0  182
3  69.0  233
4  22.0  386
5  67.0  356
6  81.0  241
7  60.0  348
1  67.0  355
2  92.0  94
3  39.0  464
4  49.0  412
5  65.0  255
6  44.0  432
7  38.0  420
1  88.0  94
2  37.0  294
3  62.0  318
4  66.0  356
5  97.0  27
6  70.0  159
7  33.0  329
1  78.0  92
2  42.0  203
3  82.0  159
4  63.0  181
5  69.0  237
6  59.0  209
7  38.0  300
1  88.0  47
2  56.0  268
3  91.0  81
4  40.0  460
5  53.0  368
6  54.0  334
7  53.0  388
1  54.0  367
2  96.0  63
3  72.0  145
4  38.0  294
5  88.0  168
6  54.0  416
7  65.0  372
1  56.0  221
2  83.0  188
3  68.0  132
4  38.0  217
5  49.0  253
6  56.0  417
7  54.0  420
1  18.0  173
2  78.0  194
3  37.0  268
4  47.0  324
5  53.0  146
6  43.0  442
7  18.0  759
1  97.0  40
2  87.0  116
3  83.0  261
4  77.0  251
5  48.0  363
6  49.0  435
7  93.0  80
1  45.0  65
2  79.0  274
3  75.0  211
4  25.0  297
5  69.0  280
6  78.0  231
7  39.0  530
1  85.0  287
2  90.0  158
3  74.0  260
4  38.0  174
5  69.0  274
6  84.0  138
7  48.0  464
1  32.0  162
2  76.0  240
3  52.0  370
4  48.0  251
5  63.0  310
6  54.0  283
7  47.0  430
1  97.0  75
2  80.0  225
3  71.0  150
4  60.0  317
5  25.0  322
6  72.0  276
7  32.0  227
1  64.0  488
2  22.0  439
3  46.0  247
4  77.0  193
5  61.0  343
6  68.0  331
7  47.0  313
1  97.0  51
2  84.0  216
3  47.0  391
4  30.0  350
5  28.0  384
6  86.0  135
7  73.0  230
1  83.0  136
2  96.0  63
3  80.0  212
4  42.0  328
5  51.0  317
6  60.0  375
7  26.0  341
1  89.0  185
2  46.0  406
3  42.0  190
4  73.0  219
5  41.0  485
6  55.0  410
7  64.0  390
1  95.0  108
2  51.0  236
3  74.0  184
4  78.0  211
5  79.0  311
6  61.0  330
7  28.0  445
1  97.0  62
2  91.0  168
3  59.0  396
4  68.0  166
5  64.0  288
6  32.0  333
7  18.0  474
1  97.0  21
2  74.0  321
3  89.0  241
4  26.0  343
5  34.0  538
6  42.0  213
7  25.0  636
1  97.0  142
2  86.0  180
3  33.0  346
4  68.0  227
5  55.0  180
6  37.0  316
7  65.0  402
1  92.0  104
2  84.0  186
3  84.0  110
4  52.0  367
5  91.0  77
6  61.0  312
7  58.0  304
1  97.0  43
2  40.0  252
3  79.0  214
4  40.0  321
5  24.0  302
6  48.0  482
7  84.0  243
1  96.0  53
2  52.0  225
3  81.0  298
4  51.0  294
5  96.0  77
6  28.0  385
7  30.0  513
1  72.0  243
2  43.0  289
3  48.0  388
4  49.0  190
5  61.0  252
6  64.0  225
7  40.0  376
1  72.0  229
2  91.0  73
3  62.0  345
4  66.0  285
5  91.0  76
6  80.0  262
7  65.0  351
1  97.0  40
2  35.0  291
3  43.0  280
4  59.0  289
5  43.0  163
6  63.0  240
7  55.0  310
1  0.0  232
2  48.0  294
3  36.0  500
4  64.0  224
5  15.0  409
6  54.0  356
7  48.0  390
1  96.0  132
2  39.0  359
3  64.0  266
4  58.0  317
5  91.0  111
6  75.0  241
7  24.0  442
1  82.0  113
2  79.0  198
3  40.0  307
4  44.0  251
5  87.0  219
6  54.0  378
7  48.0  176
1  86.0  164
2  81.0  316
3  29.0  235
4  48.0  344
5  84.0  158
6  56.0  415
7  70.0  394
1  80.0  172
2  94.0  57
3  69.0  298
4  50.0  362
5  75.0  131
6  84.0  170
7  39.0  283
1  97.0  28
2  63.0  418
3  78.0  332
4  48.0  341
5  32.0  193
6  52.0  458
7  34.0  425
1  86.0  139
2  86.0  113
3  32.0  574
4  48.0  519
5  71.0  353
6  65.0  237
7  60.0  436
1  96.0  22
2  81.0  125
3  35.0  333
4  47.0  294
5  56.0  386
6  95.0  38
7  59.0  359
1  83.0  186
2  68.0  138
3  57.0  263
4  40.0  325
5  35.0  465
6  43.0  417
7  32.0  527
1  75.0  91
2  79.0  262
3  64.0  318
4  58.0  296
5  45.0  299
6  55.0  350
7  65.0  422
1  91.0  65
2  34.0  196
3  94.0  101
4  62.0  211
5  48.0  539
6  75.0  269
7  44.0  323
1  96.0  93
2  83.0  203
3  80.0  286
4  42.0  367
5  53.0  402
6  33.0  418
7  43.0  333
1  60.0  282
2  85.0  77
3  81.0  181
4  86.0  163
5  39.0  357
6  80.0  179
7  61.0  249
1  91.0  134
2  84.0  173
3  48.0  298
4  71.0  358
5  75.0  270
6  35.0  424
7  67.0  252
1  97.0  46
2  35.0  269
3  56.0  342
4  82.0  147
5  62.0  364
6  90.0  225
7  74.0  235
1  97.0  31
2  36.0  103
3  42.0  233
4  62.0  238
5  52.0  285
6  33.0  333
7  47.0  379
1  25.0  282
2  92.0  133
3  46.0  367
4  54.0  449
5  36.0  431
6  70.0  393
7  55.0  373
1  46.0  380
2  51.0  265
3  43.0  354
4  34.0  427
5  53.0  354
6  63.0  301
7  34.0  500
1  97.0  31
2  65.0  166
3  61.0  378
4  46.0  247
5  52.0  349
6  26.0  428
7  58.0  409
1  20.0  287
2  65.0  287
3  69.0  250
4  84.0  204
5  62.0  281
6  64.0  379
7  60.0  369
1  87.0  211
2  72.0  300
3  52.0  123
4  91.0  168
5  49.0  273
6  45.0  451
7  62.0  338
1  68.0  207
2  41.0  361
3  56.0  201
4  35.0  435
5  23.0  347
6  65.0  309
7  65.0  225
1  45.0  531
2  81.0  208
3  69.0  309
4  62.0  258
5  64.0  237
6  47.0  260
7  75.0  329
1  85.0  114
2  77.0  220
3  68.0  307
4  49.0  381
5  38.0  230
6  65.0  310
7  48.0  484
1  91.0  104
2  29.0  450
3  87.0  218
4  73.0  102
5  40.0  332
6  47.0  373
7  53.0  518
1  53.0  372
2  30.0  150
3  12.0  224
4  33.0  238
5  69.0  268
6  70.0  352
7  28.0  390
1  97.0  21
2  72.0  174
3  37.0  284
4  81.0  165
5  30.0  368
6  65.0  232
7  48.0  331
1  84.0  199
2  81.0  151
3  75.0  284
4  81.0  198
5  91.0  114
6  25.0  324
7  33.0  358
1  84.0  185
2  84.0  328
3  60.0  105
4  75.0  193
5  64.0  352
6  56.0  277
7  26.0  353
1  81.0  208
2  75.0  107
3  53.0  256
4  53.0  394
5  73.0  369
6  41.0  352
7  56.0  317
1  97.0  22
2  58.0  412
3  19.0  328
4  75.0  116
5  50.0  326
6  42.0  445
7  25.0  476
1  38.0  243
2  81.0  192
3  59.0  249
4  52.0  339
5  79.0  265
6  77.0  255
7  76.0  289
1  62.0  146
2  77.0  102
3  70.0  355
4  73.0  268
5  38.0  340
6  50.0  388
7  54.0  449
1  93.0  64
2  81.0  154
3  45.0  383
4  80.0  246
5  30.0  267
6  73.0  332
7  51.0  360
1  88.0  85
2  87.0  202
3  59.0  304
4  82.0  144
5  58.0  191
6  53.0  293
7  47.0  71
1  97.0  26
2  77.0  171
3  84.0  143
4  65.0  270
5  75.0  174
6  22.0  428
7  63.0  385
1  21.0  413
2  88.0  68
3  70.0  169
4  57.0  329
5  33.0  348
6  59.0  209
7  78.0  341
1  97.0  21
2  84.0  69
3  59.0  335
4  47.0  295
5  78.0  202
6  41.0  331
7  58.0  389
1  91.0  108
2  89.0  140
3  65.0  286
4  62.0  353
5  54.0  270
6  48.0  382
7  46.0  504
1  52.0  165
2  36.0  378
3  80.0  215
4  84.0  173
5  47.0  268
6  65.0  400
7  54.0  375
1  60.0  119
2  86.0  235
3  58.0  289
4  56.0  419
5  72.0  341
6  40.0  253
7  47.0  315
1  97.0  116
2  82.0  159
3  51.0  383
4  76.0  251
5  42.0  267
6  78.0  290
7  52.0  288
1  96.0  46
2  74.0  224
3  72.0  162
4  85.0  197
5  60.0  341
6  53.0  241
7  54.0  447
1  82.0  162
2  75.0  142
3  59.0  357
4  52.0  271
5  61.0  324
6  52.0  444
7  71.0  271
1  80.0  205
2  96.0  128
3  28.0  251
4  24.0  390
5  74.0  108
6  40.0  254
7  60.0  279
1  74.0  88
2  67.0  250
3  62.0  300
4  27.0  169
5  37.0  415
6  69.0  346
7  41.0  514
1  97.0  33
2  80.0  102
3  75.0  215
4  82.0  202
5  68.0  324
6  62.0  386
7  73.0  329
1  19.0  440
2  57.0  159
3  83.0  219
4  96.0  103
5  53.0  402
6  74.0  241
7  21.0  415
1  71.0  236
2  68.0  343
3  71.0  336
4  58.0  271
5  66.0  306
6  56.0  404
7  92.0  182
1  97.0  30
2  42.0  387
3  74.0  347
4  56.0  354
5  79.0  297
6  74.0  158
7  49.0  352
1  76.0  273
2  49.0  292
3  57.0  369
4  39.0  315
5  28.0  300
6  74.0  213
7  54.0  367
1  77.0  269
2  89.0  134
3  52.0  445
4  91.0  92
5  78.0  299
6  50.0  432
7  25.0  373
1  74.0  96
2  89.0  191
3  53.0  377
4  60.0  398
5  73.0  176
6  49.0  403
7  42.0  563
1  78.0  246
2  67.0  236
3  86.0  139
4  35.0  298
5  58.0  324
6  42.0  450
7  42.0  413
1  97.0  34
2  77.0  74
3  95.0  71
4  90.0  86
5  39.0  394
6  17.0  354
7  90.0  111
1  29.0  194
2  81.0  206
3  44.0  477
4  73.0  270
5  45.0  374
6  31.0  244
7  57.0  314
1  94.0  210
2  51.0  350
3  61.0  302
4  21.0  303
5  76.0  286
6  62.0  395
7  40.0  366
1  68.0  178
2  80.0  199
3  68.0  352
4  36.0  257
5  78.0  202
6  19.0  325
7  48.0  272
1  93.0  110
2  66.0  332
3  31.0  492
4  36.0  173
5  47.0  362
6  40.0  420
7  63.0  306
1  83.0  81
2  50.0  335
3  76.0  309
4  26.0  486
5  54.0  342
6  56.0  296
7  64.0  363
1  29.0  330
2  27.0  339
3  97.0  36
4  80.0  196
5  85.0  109
6  63.0  315
7  36.0  502
1  96.0  78
2  70.0  316
3  75.0  223
4  71.0  348
5  70.0  278
6  59.0  217
7  39.0  416
1  76.0  199
2  71.0  277
3  70.0  227
4  51.0  209
5  63.0  327
6  39.0  528
7  41.0  306
