1  3.0  215.0
1  13.0  367.0
1  56.0  493.0
1  19.0  411.0
1  23.0  385.0
1  46.0  391.0
1  31.0  455.0
1  8.0  456.0
1  57.0  491.0
1  48.0  357.0
1  32.0  499.0
1  61.0  500.0
1  21.0  492.0
1  69.0  482.0
1  16.0  259.0
1  43.0  488.0
1  45.0  479.0
1  27.0  440.0
1  91.0  500.0
1  37.0  462.0
1  37.0  477.0
1  63.0  477.0
1  46.0  463.0
1  59.0  485.0
1  34.0  416.0
1  11.0  391.0
1  32.0  394.0
1  43.0  446.0
1  63.0  475.0
1  40.0  400.0
1  42.0  389.0
1  37.0  468.0
1  35.0  424.0
1  36.0  459.0
1  66.0  458.0
1  53.0  489.0
1  23.0  375.0
1  21.0  406.0
1  42.0  435.0
1  57.0  497.0
1  61.0  474.0
1  49.0  473.0
1  43.0  412.0
1  37.0  356.0
1  28.0  376.0
1  44.0  419.0
1  47.0  497.0
1  43.0  354.0
1  53.0  494.0
1  49.0  500.0
1  30.0  374.0
1  35.0  365.0
1  31.0  413.0
1  31.0  481.0
1  22.0  406.0
1  33.0  393.0
1  67.0  499.0
1  43.0  451.0
1  53.0  445.0
1  8.0  460.0
1  17.0  369.0
1  40.0  419.0
1  52.0  450.0
1  39.0  464.0
1  41.0  480.0
1  18.0  446.0
1  32.0  339.0
1  59.0  399.0
1  34.0  460.0
1  25.0  487.0
1  16.0  351.0
1  59.0  400.0
1  41.0  461.0
1  27.0  350.0
1  38.0  400.0
1  39.0  473.0
1  34.0  480.0
1  30.0  493.0
1  18.0  373.0
1  33.0  407.0
1  68.0  498.0
1  62.0  471.0
1  48.0  467.0
1  51.0  459.0
1  37.0  492.0
1  26.0  496.0
1  54.0  438.0
1  51.0  473.0
1  27.0  291.0
1  76.0  500.0
1  43.0  483.0
1  41.0  486.0
1  37.0  420.0
1  45.0  488.0
1  35.0  457.0
1  51.0  490.0
1  44.0  482.0
1  29.0  369.0
1  9.0  445.0
1  12.0  459.0
2  71.0  500.0
2  64.0  475.0
2  36.0  458.0
2  37.0  378.0
2  65.0  440.0
2  17.0  275.0
2  38.0  450.0
2  51.0  490.0
2  18.0  305.0
2  45.0  423.0
2  58.0  390.0
2  64.0  470.0
2  38.0  461.0
2  45.0  396.0
2  67.0  438.0
2  66.0  472.0
2  32.0  440.0
2  35.0  356.0
2  48.0  485.0
2  32.0  395.0
2  59.0  495.0
2  27.0  366.0
2  15.0  356.0
2  42.0  376.0
2  59.0  454.0
2  27.0  409.0
2  38.0  370.0
2  29.0  325.0
2  18.0  413.0
2  27.0  438.0
2  33.0  338.0
2  66.0  484.0
2  32.0  403.0
2  76.0  500.0
2  55.0  440.0
2  22.0  429.0
2  11.0  334.0
2  42.0  439.0
2  74.0  496.0
2  33.0  379.0
2  42.0  368.0
2  29.0  405.0
2  62.0  468.0
2  28.0  330.0
2  36.0  442.0
2  44.0  438.0
2  36.0  332.0
2  46.0  430.0
2  47.0  489.0
2  52.0  431.0
2  28.0  234.0
2  33.0  439.0
2  18.0  389.0
2  57.0  428.0
2  59.0  495.0
2  41.0  454.0
2  23.0  378.0
2  22.0  392.0
2  23.0  474.0
2  17.0  242.0
2  15.0  424.0
2  53.0  421.0
2  30.0  460.0
2  11.0  277.0
2  50.0  442.0
2  49.0  480.0
2  42.0  360.0
2  52.0  403.0
2  44.0  492.0
2  35.0  495.0
2  25.0  362.0
2  36.0  481.0
2  37.0  378.0
2  39.0  473.0
2  23.0  264.0
2  54.0  443.0
2  47.0  476.0
2  50.0  493.0
2  19.0  350.0
2  43.0  434.0
2  31.0  431.0
2  24.0  426.0
2  36.0  412.0
2  63.0  479.0
2  59.0  470.0
2  52.0  500.0
2  26.0  437.0
2  37.0  384.0
2  42.0  474.0
2  26.0  417.0
2  36.0  430.0
2  49.0  434.0
2  35.0  474.0
2  27.0  391.0
2  15.0  440.0
2  25.0  401.0
2  29.0  351.0
2  24.0  431.0
2  0.0  262.0
2  32.0  473.0
3  42.0  413.0
3  20.0  245.0
3  32.0  290.0
3  35.0  343.0
3  27.0  246.0
3  19.0  276.0
3  24.0  417.0
3  21.0  310.0
3  26.0  255.0
3  30.0  454.0
3  28.0  388.0
3  10.0  232.0
3  10.0  232.0
3  12.0  204.0
3  19.0  335.0
3  3.0  146.0
3  28.0  439.0
3  49.0  459.0
3  48.0  445.0
3  26.0  402.0
3  17.0  220.0
3  23.0  385.0
3  14.0  258.0
3  6.0  180.0
3  27.0  392.0
3  26.0  334.0
3  30.0  305.0
3  68.0  470.0
3  29.0  293.0
3  67.0  494.0
3  46.0  347.0
3  41.0  405.0
3  19.0  293.0
3  6.0  248.0
3  7.0  335.0
3  32.0  437.0
3  32.0  370.0
3  5.0  253.0
3  55.0  422.0
3  16.0  313.0
3  37.0  315.0
3  0.0  295.0
3  37.0  334.0
3  34.0  478.0
3  49.0  376.0
3  42.0  323.0
3  31.0  336.0
3  50.0  445.0
3  23.0  322.0
3  19.0  289.0
3  15.0  273.0
3  58.0  434.0
3  54.0  447.0
3  34.0  467.0
3  24.0  290.0
3  35.0  399.0
3  55.0  446.0
3  49.0  397.0
3  24.0  459.0
3  26.0  398.0
3  12.0  185.0
3  40.0  331.0
3  29.0  425.0
3  9.0  304.0
3  18.0  323.0
3  55.0  484.0
3  44.0  447.0
3  36.0  413.0
3  54.0  492.0
3  22.0  300.0
3  30.0  496.0
3  22.0  290.0
3  33.0  274.0
3  0.0  282.0
3  39.0  333.0
3  39.0  442.0
3  18.0  400.0
3  10.0  243.0
3  14.0  214.0
3  16.0  311.0
3  17.0  374.0
3  31.0  301.0
3  14.0  376.0
3  63.0  399.0
3  52.0  470.0
3  32.0  419.0
3  58.0  450.0
3  32.0  410.0
3  44.0  449.0
3  26.0  369.0
3  22.0  184.0
3  37.0  411.0
3  42.0  427.0
3  63.0  461.0
3  35.0  390.0
3  41.0  459.0
3  39.0  424.0
3  61.0  356.0
3  30.0  463.0
3  21.0  374.0
4  21.0  363.0
4  34.0  357.0
4  15.0  170.0
4  41.0  376.0
4  42.0  344.0
4  28.0  339.0
4  22.0  346.0
4  32.0  441.0
4  17.0  374.0
4  21.0  340.0
4  11.0  338.0
4  42.0  399.0
4  29.0  285.0
4  35.0  380.0
4  36.0  342.0
4  41.0  353.0
4  41.0  382.0
4  14.0  284.0
4  29.0  400.0
4  53.0  467.0
4  26.0  226.0
4  11.0  273.0
4  10.0  281.0
4  43.0  394.0
4  22.0  262.0
4  33.0  375.0
4  15.0  315.0
4  18.0  357.0
4  7.0  263.0
4  31.0  350.0
4  12.0  220.0
4  15.0  370.0
4  53.0  418.0
4  0.0  245.0
4  30.0  363.0
4  7.0  177.0
4  27.0  333.0
4  22.0  441.0
4  15.0  297.0
4  31.0  340.0
4  36.0  300.0
4  5.0  299.0
4  35.0  414.0
4  23.0  343.0
4  32.0  297.0
4  17.0  310.0
4  17.0  306.0
4  10.0  84.0
4  7.0  181.0
4  27.0  478.0
4  38.0  385.0
4  11.0  268.0
4  31.0  394.0
4  52.0  333.0
4  6.0  236.0
4  14.0  255.0
4  2.0  203.0
4  72.0  462.0
4  18.0  283.0
4  35.0  337.0
4  0.0  94.0
4  44.0  346.0
4  32.0  387.0
4  17.0  298.0
4  18.0  370.0
4  28.0  420.0
4  6.0  330.0
4  66.0  469.0
4  29.0  368.0
4  50.0  463.0
4  68.0  484.0
4  15.0  273.0
4  54.0  435.0
4  0.0  149.0
4  16.0  319.0
4  30.0  369.0
4  42.0  448.0
4  41.0  401.0
4  8.0  331.0
4  27.0  327.0
4  29.0  363.0
4  45.0  422.0
4  37.0  327.0
4  37.0  253.0
4  45.0  475.0
4  23.0  339.0
4  27.0  386.0
4  16.0  296.0
4  35.0  440.0
4  22.0  374.0
4  23.0  360.0
4  23.0  384.0
4  35.0  346.0
4  0.0  166.0
4  22.0  376.0
4  48.0  365.0
4  30.0  262.0
4  18.0  283.0
4  8.0  283.0
4  74.0  440.0
5  22.0  297.0
5  6.0  251.0
5  12.0  228.0
5  12.0  284.0
5  50.0  435.0
5  37.0  422.0
5  31.0  304.0
5  41.0  348.0
5  15.0  290.0
5  28.0  275.0
5  45.0  378.0
5  29.0  268.0
5  37.0  305.0
5  52.0  434.0
5  31.0  243.0
5  17.0  341.0
5  29.0  279.0
5  5.0  256.0
5  29.0  334.0
5  38.0  375.0
5  20.0  347.0
5  26.0  380.0
5  13.0  274.0
5  0.0  200.0
5  22.0  298.0
5  28.0  348.0
5  15.0  265.0
5  35.0  384.0
5  47.0  431.0
5  29.0  352.0
5  24.0  359.0
5  17.0  414.0
5  9.0  284.0
5  20.0  320.0
5  26.0  288.0
5  9.0  288.0
5  24.0  322.0
5  9.0  246.0
5  22.0  372.0
5  10.0  278.0
5  13.0  186.0
5  17.0  391.0
5  10.0  268.0
5  9.0  295.0
5  24.0  302.0
5  23.0  349.0
5  27.0  330.0
5  7.0  212.0
5  0.0  71.0
5  27.0  374.0
5  30.0  383.0
5  1.0  256.0
5  35.0  398.0
5  22.0  186.0
5  12.0  303.0
5  18.0  335.0
5  5.0  156.0
5  24.0  227.0
5  16.0  339.0
5  0.0  161.0
5  24.0  291.0
5  48.0  395.0
5  30.0  350.0
5  13.0  303.0
5  30.0  324.0
5  16.0  214.0
5  38.0  396.0
5  27.0  275.0
5  32.0  323.0
5  29.0  396.0
5  2.0  249.0
5  7.0  255.0
5  36.0  333.0
5  13.0  278.0
5  8.0  283.0
5  48.0  381.0
5  9.0  270.0
5  63.0  464.0
5  15.0  316.0
5  22.0  268.0
5  47.0  357.0
5  7.0  192.0
5  9.0  287.0
5  43.0  368.0
5  11.0  329.0
5  15.0  332.0
5  42.0  420.0
5  35.0  376.0
5  19.0  262.0
5  26.0  310.0
5  11.0  324.0
5  5.0  277.0
5  21.0  262.0
5  18.0  293.0
5  31.0  403.0
5  23.0  444.0
5  15.0  269.0
5  31.0  411.0
5  37.0  426.0
5  54.0  408.0
