5  29.0  545.0
5  43.0  462.0
5  52.0  662.0
5  83.0  553.0
5  51.0  738.0
5  54.0  591.0
5  28.0  784.0
5  63.0  815.0
5  51.0  593.0
5  70.0  754.0
5  72.0  740.0
5  34.0  607.0
5  24.0  539.0
5  49.0  848.0
5  13.0  574.0
5  45.0  758.0
5  55.0  615.0
5  29.0  774.0
5  67.0  659.0
5  15.0  473.0
5  23.0  384.0
5  97.0  839.0
5  43.0  653.0
5  30.0  649.0
5  86.0  1112.0
5  89.0  756.0
5  20.0  482.0
5  68.0  853.0
5  41.0  556.0
5  47.0  698.0
5  56.0  500.0
5  64.0  802.0
5  3.0  341.0
5  80.0  801.0
5  16.0  568.0
5  100.0  771.0
5  53.0  655.0
5  70.0  757.0
5  31.0  812.0
5  36.0  578.0
5  30.0  486.0
5  81.0  763.0
5  18.0  412.0
5  66.0  855.0
5  6.0  154.0
5  29.0  705.0
5  42.0  605.0
5  45.0  794.0
5  53.0  687.0
5  99.0  610.0
5  72.0  854.0
5  34.0  705.0
5  96.0  1183.0
5  36.0  640.0
5  24.0  500.0
5  32.0  565.0
5  39.0  573.0
5  36.0  716.0
5  0.0  342.0
5  62.0  606.0
5  25.0  663.0
5  30.0  592.0
5  40.0  780.0
5  74.0  768.0
5  3.0  482.0
5  83.0  919.0
5  32.0  509.0
5  35.0  602.0
5  43.0  597.0
5  79.0  856.0
5  35.0  581.0
5  35.0  621.0
5  55.0  650.0
5  71.0  895.0
5  55.0  586.0
5  51.0  800.0
5  83.0  521.0
5  39.0  656.0
5  39.0  382.0
5  0.0  501.0
5  27.0  668.0
5  100.0  693.0
5  31.0  756.0
5  31.0  667.0
5  36.0  622.0
5  78.0  858.0
5  43.0  648.0
5  48.0  629.0
5  66.0  778.0
5  16.0  381.0
5  0.0  409.0
5  59.0  573.0
5  42.0  715.0
5  76.0  866.0
5  73.0  706.0
5  33.0  600.0
5  59.0  701.0
5  65.0  721.0
5  62.0  874.0
5  72.0  798.0
