1  95.0  2356.0
1  68.0  1870.0
1  92.0  1735.0
1  54.0  1339.0
1  100.0  2311.0
1  72.0  1842.0
1  99.0  2653.0
1  100.0  1925.0
1  94.0  2420.0
1  100.0  2588.0
1  73.0  1670.0
1  70.0  1771.0
1  100.0  2786.0
1  100.0  2322.0
1  100.0  2520.0
1  96.0  2187.0
1  90.0  2169.0
1  100.0  2425.0
1  81.0  2097.0
1  58.0  1374.0
2  99.0  2854.0
2  79.0  1851.0
2  91.0  2162.0
2  97.0  2384.0
2  100.0  2757.0
2  100.0  1200.0
2  100.0  2104.0
2  70.0  1516.0
2  95.0  1877.0
2  9.0  412.0
2  100.0  2547.0
2  98.0  2440.0
2  89.0  2412.0
2  100.0  2289.0
2  90.0  2079.0
2  100.0  2529.0
2  87.0  1913.0
2  45.0  1212.0
2  100.0  2339.0
2  70.0  2033.0
3  72.0  1983.0
3  72.0  2045.0
3  78.0  1767.0
3  45.0  1072.0
3  100.0  1691.0
3  92.0  2243.0
3  56.0  1344.0
3  72.0  1665.0
3  88.0  2192.0
3  87.0  1803.0
3  100.0  2255.0
3  100.0  2238.0
3  100.0  2740.0
3  89.0  2229.0
3  45.0  1471.0
3  56.0  1975.0
3  99.0  2131.0
3  57.0  1172.0
3  77.0  2290.0
3  70.0  2020.0
4  43.0  1216.0
4  71.0  1972.0
4  41.0  1132.0
4  47.0  1624.0
4  70.0  2766.0
4  72.0  1131.0
4  88.0  2792.0
4  100.0  2597.0
4  60.0  1737.0
4  52.0  1814.0
4  68.0  1484.0
4  100.0  2848.0
4  100.0  2546.0
4  37.0  1241.0
4  89.0  2204.0
4  59.0  1578.0
4  28.0  1302.0
4  88.0  2181.0
4  100.0  2832.0
4  96.0  2514.0
5  100.0  3951.0
5  72.0  2100.0
5  94.0  3305.0
5  91.0  1846.0
5  45.0  1324.0
5  27.0  920.0
5  37.0  1500.0
5  100.0  2782.0
5  0.0  390.0
5  58.0  1299.0
5  0.0  1216.0
5  70.0  2395.0
5  70.0  1650.0
5  82.0  2266.0
5  39.0  1797.0
5  31.0  1100.0
5  46.0  5057.0
5  94.0  2402.0
5  91.0  2616.0
5  68.0  2602.0
