1  69.0  355
2  45.0  466
3  9.0  319
4  40.0  410
5  25.0  371
6  35.0  504
7  53.0  525
1  57.0  275
2  56.0  326
3  63.0  443
4  63.0  403
5  37.0  396
6  65.0  254
7  38.0  463
1  30.0  340
2  76.0  280
3  44.0  440
4  52.0  496
5  34.0  645
6  33.0  473
7  32.0  441
1  67.0  377
2  53.0  297
3  42.0  342
4  37.0  524
5  35.0  433
6  45.0  400
7  44.0  477
1  72.0  376
2  54.0  478
3  61.0  392
4  44.0  433
5  60.0  331
6  51.0  387
7  39.0  259
1  66.0  446
2  77.0  279
3  44.0  488
4  83.0  309
5  26.0  522
6  41.0  407
7  49.0  369
1  64.0  183
2  51.0  419
3  68.0  414
4  50.0  409
5  56.0  384
6  44.0  283
7  53.0  405
1  31.0  397
2  23.0  535
3  28.0  247
4  65.0  337
5  68.0  386
6  59.0  335
7  71.0  330
1  30.0  343
2  24.0  533
3  32.0  272
4  54.0  324
5  23.0  520
6  16.0  640
7  37.0  565
1  2.0  278
2  72.0  378
3  72.0  291
4  77.0  273
5  34.0  398
6  47.0  418
7  49.0  496
1  42.0  548
2  78.0  275
3  55.0  207
4  62.0  350
5  74.0  311
6  31.0  350
7  62.0  425
1  40.0  463
2  56.0  503
3  30.0  443
4  47.0  463
5  82.0  315
6  46.0  393
7  40.0  351
1  29.0  415
2  48.0  541
3  76.0  366
4  39.0  270
5  36.0  423
6  52.0  540
7  37.0  388
1  44.0  472
2  54.0  343
3  51.0  397
4  36.0  423
5  41.0  504
6  59.0  332
7  41.0  481
1  56.0  472
2  43.0  529
3  76.0  283
4  72.0  400
5  47.0  541
6  52.0  427
7  41.0  353
1  93.0  267
2  78.0  248
3  55.0  493
4  36.0  486
5  31.0  424
6  36.0  583
7  32.0  470
1  77.0  292
2  68.0  363
3  47.0  280
4  24.0  499
5  75.0  351
6  35.0  582
7  39.0  488
1  54.0  376
2  48.0  336
3  58.0  395
4  35.0  438
5  24.0  501
6  51.0  388
7  31.0  490
1  44.0  327
2  68.0  381
3  59.0  283
4  68.0  387
5  32.0  411
6  51.0  354
7  22.0  477
1  82.0  354
2  51.0  344
3  19.0  597
4  51.0  439
5  68.0  392
6  39.0  509
7  46.0  364
1  28.0  601
2  34.0  255
3  62.0  394
4  54.0  439
5  46.0  389
6  44.0  369
7  47.0  501
1  39.0  394
2  24.0  375
3  52.0  378
4  40.0  344
5  51.0  393
6  44.0  265
7  34.0  571
1  61.0  402
2  32.0  394
3  42.0  402
4  48.0  447
5  37.0  445
6  57.0  501
7  23.0  538
1  66.0  328
2  73.0  317
3  78.0  354
4  33.0  616
5  60.0  487
6  73.0  408
7  53.0  405
1  69.0  339
2  25.0  576
3  70.0  287
4  23.0  297
5  71.0  329
6  31.0  402
7  55.0  422
1  45.0  152
2  15.0  324
3  41.0  531
4  41.0  431
5  65.0  354
6  59.0  347
7  39.0  350
1  41.0  314
2  43.0  301
3  44.0  372
4  91.0  274
5  51.0  391
6  52.0  496
7  44.0  497
1  66.0  328
2  40.0  243
3  46.0  298
4  37.0  523
5  43.0  528
6  37.0  460
7  36.0  405
1  57.0  279
2  11.0  255
3  46.0  354
4  54.0  355
5  47.0  316
6  41.0  323
7  39.0  479
1  20.0  549
2  13.0  331
3  46.0  428
4  68.0  419
5  64.0  426
6  63.0  400
7  53.0  421
1  47.0  286
2  91.0  246
3  28.0  450
4  64.0  297
5  68.0  294
6  55.0  426
7  23.0  386
1  66.0  284
2  37.0  232
3  29.0  361
4  65.0  367
5  40.0  380
6  68.0  405
7  71.0  348
1  33.0  481
2  43.0  276
3  19.0  484
4  70.0  365
5  46.0  458
6  46.0  469
7  20.0  461
1  88.0  293
2  59.0  362
3  48.0  278
4  28.0  237
5  42.0  405
6  65.0  439
7  33.0  450
1  78.0  418
2  54.0  493
3  74.0  343
4  61.0  383
5  38.0  407
6  49.0  448
7  54.0  438
1  65.0  405
2  27.0  415
3  68.0  334
4  45.0  386
5  42.0  490
6  58.0  399
7  25.0  482
1  79.0  334
2  43.0  402
3  54.0  459
4  38.0  393
5  65.0  347
6  57.0  284
7  33.0  443
1  82.0  292
2  5.0  211
3  40.0  274
4  68.0  311
5  49.0  431
6  40.0  486
7  36.0  429
1  59.0  297
2  37.0  323
3  81.0  258
4  22.0  518
5  33.0  416
6  30.0  373
7  48.0  481
1  43.0  421
2  28.0  337
3  43.0  375
4  58.0  498
5  16.0  364
6  36.0  382
7  36.0  468
1  21.0  305
2  51.0  354
3  36.0  441
4  38.0  459
5  74.0  338
6  29.0  474
7  37.0  380
1  70.0  354
2  73.0  339
3  40.0  441
4  52.0  333
5  50.0  538
6  42.0  410
7  33.0  363
1  76.0  359
2  34.0  436
3  21.0  386
4  54.0  410
5  52.0  449
6  64.0  345
7  52.0  408
1  50.0  473
2  20.0  617
3  23.0  358
4  52.0  410
5  58.0  471
6  39.0  517
7  34.0  412
1  61.0  384
2  55.0  328
3  30.0  185
4  43.0  427
5  28.0  272
6  44.0  490
7  74.0  376
1  12.0  617
2  32.0  353
3  62.0  282
4  78.0  333
5  33.0  478
6  42.0  227
7  72.0  355
1  34.0  222
2  49.0  471
3  33.0  384
4  23.0  430
5  54.0  418
6  66.0  343
7  47.0  418
1  83.0  244
2  31.0  407
3  80.0  202
4  32.0  336
5  72.0  354
6  42.0  448
7  57.0  457
1  85.0  212
2  91.0  273
3  43.0  453
4  52.0  432
5  42.0  427
6  39.0  505
7  43.0  426
1  37.0  496
2  67.0  279
3  39.0  321
4  47.0  412
5  58.0  392
6  55.0  314
7  36.0  394
1  23.0  559
2  48.0  311
3  26.0  428
4  32.0  243
5  41.0  349
6  30.0  354
7  41.0  294
1  67.0  441
2  25.0  619
3  34.0  583
4  43.0  189
5  30.0  310
6  33.0  393
7  65.0  311
1  92.0  257
2  52.0  451
3  42.0  327
4  35.0  411
5  44.0  300
6  58.0  501
7  39.0  423
1  37.0  384
2  55.0  250
3  64.0  393
4  49.0  336
5  51.0  262
6  58.0  402
7  31.0  376
1  59.0  361
2  29.0  428
3  74.0  348
4  57.0  357
5  54.0  326
6  39.0  522
7  38.0  517
1  87.0  308
2  66.0  383
3  25.0  525
4  36.0  407
5  19.0  359
6  45.0  302
7  39.0  498
1  57.0  453
2  52.0  393
3  70.0  317
4  51.0  300
5  37.0  540
6  58.0  430
7  40.0  500
1  54.0  329
2  76.0  415
3  51.0  483
4  33.0  383
5  44.0  444
6  48.0  474
7  20.0  394
1  63.0  361
2  62.0  430
3  71.0  274
4  49.0  447
5  42.0  537
6  61.0  337
7  57.0  341
1  30.0  174
2  7.0  426
3  67.0  350
4  71.0  299
5  31.0  533
6  47.0  544
7  37.0  407
1  53.0  382
2  79.0  356
3  35.0  321
4  35.0  302
5  60.0  416
6  28.0  453
7  28.0  357
1  50.0  410
2  41.0  499
3  53.0  260
4  38.0  424
5  46.0  241
6  55.0  432
7  44.0  364
1  56.0  509
2  37.0  401
3  75.0  340
4  62.0  409
5  42.0  360
6  48.0  298
7  41.0  448
1  67.0  397
2  46.0  456
3  41.0  276
4  54.0  416
5  40.0  405
6  40.0  406
7  14.0  472
1  32.0  508
2  58.0  449
3  52.0  456
4  32.0  274
5  51.0  456
6  35.0  351
7  55.0  403
1  32.0  236
2  29.0  405
3  39.0  327
4  18.0  365
5  59.0  223
6  46.0  460
7  37.0  509
1  8.0  412
2  92.0  233
3  53.0  409
4  46.0  212
5  38.0  455
6  60.0  352
7  32.0  541
1  78.0  326
2  37.0  242
3  52.0  196
4  61.0  359
5  52.0  444
6  37.0  459
7  30.0  217
1  63.0  359
2  56.0  290
3  97.0  185
4  49.0  388
5  50.0  538
6  45.0  452
7  57.0  392
1  18.0  398
2  76.0  204
3  65.0  389
4  54.0  408
5  53.0  343
6  97.0  283
7  41.0  375
1  44.0  504
2  7.0  383
3  53.0  184
4  44.0  341
5  40.0  370
6  51.0  430
7  37.0  359
1  69.0  371
2  57.0  428
3  74.0  299
4  68.0  365
5  34.0  342
6  32.0  489
7  46.0  487
1  82.0  302
2  29.0  477
3  61.0  464
4  46.0  286
5  45.0  531
6  22.0  414
7  56.0  390
1  21.0  231
2  41.0  408
3  47.0  412
4  67.0  392
5  52.0  297
6  76.0  362
7  49.0  443
1  30.0  252
2  54.0  228
3  57.0  369
4  36.0  276
5  47.0  418
6  42.0  278
7  32.0  396
1  58.0  528
2  43.0  371
3  38.0  358
4  29.0  334
5  52.0  435
6  50.0  271
7  50.0  460
1  31.0  443
2  59.0  349
3  44.0  354
4  55.0  323
5  52.0  481
6  52.0  459
7  17.0  479
1  74.0  379
2  32.0  465
3  49.0  446
4  31.0  583
5  30.0  403
6  63.0  448
7  53.0  257
1  18.0  352
2  47.0  413
3  26.0  308
4  21.0  588
5  77.0  341
6  46.0  385
7  36.0  282
1  24.0  415
2  64.0  376
3  36.0  447
4  53.0  532
5  42.0  463
6  35.0  305
7  46.0  393
1  79.0  342
2  42.0  194
3  48.0  504
4  60.0  385
5  82.0  347
6  39.0  546
7  43.0  324
1  46.0  562
2  27.0  487
3  95.0  226
4  21.0  358
5  49.0  497
6  24.0  466
7  57.0  305
1  39.0  488
2  41.0  393
3  25.0  173
4  67.0  404
5  44.0  463
6  40.0  323
7  23.0  369
1  69.0  375
2  44.0  333
3  70.0  259
4  51.0  370
5  18.0  371
6  50.0  511
7  47.0  378
1  65.0  438
2  58.0  373
3  83.0  337
4  77.0  314
5  51.0  349
6  29.0  442
7  29.0  434
1  74.0  353
2  41.0  363
3  38.0  571
4  51.0  368
5  42.0  388
6  60.0  316
7  51.0  327
1  33.0  193
2  24.0  348
3  35.0  472
4  48.0  387
5  43.0  412
6  51.0  510
7  41.0  478
1  52.0  502
2  9.0  355
3  34.0  234
4  68.0  415
5  29.0  378
6  49.0  153
7  25.0  444
1  24.0  418
2  23.0  311
3  32.0  525
4  58.0  397
5  82.0  314
6  34.0  316
7  64.0  384
1  44.0  474
2  49.0  353
3  44.0  378
4  51.0  415
5  47.0  411
6  39.0  506
7  64.0  439
1  45.0  374
2  25.0  475
3  19.0  336
4  72.0  383
5  47.0  406
6  42.0  368
7  32.0  539
1  70.0  272
2  66.0  374
3  54.0  445
4  54.0  428
5  0.0  402
6  48.0  277
7  38.0  455
1  45.0  447
2  30.0  394
3  43.0  417
4  60.0  303
5  48.0  405
6  31.0  502
7  41.0  422
1  48.0  306
2  16.0  157
3  51.0  434
4  57.0  343
5  61.0  416
6  34.0  358
7  66.0  363
1  61.0  292
2  63.0  229
3  66.0  304
4  39.0  547
5  43.0  418
6  29.0  513
7  44.0  360
1  47.0  328
2  47.0  344
3  25.0  536
4  44.0  382
5  45.0  462
6  44.0  169
7  66.0  215
1  79.0  349
2  67.0  355
3  38.0  506
4  31.0  385
5  69.0  306
6  64.0  324
7  39.0  386
1  97.0  278
2  26.0  356
3  33.0  396
4  43.0  286
5  31.0  475
6  46.0  412
7  62.0  288
1  68.0  309
2  43.0  492
3  58.0  439
4  36.0  512
5  33.0  334
6  90.0  267
7  37.0  557
1  55.0  332
2  73.0  312
3  74.0  296
4  32.0  472
5  36.0  409
6  22.0  409
7  59.0  373
