0  43.0  526
0  32.0  421
0  30.0  253
0  69.0  330
0  59.0  305
0  72.0  248
0  83.0  253
0  55.0  349
0  55.0  432
0  68.0  397
0  47.0  578
0  25.0  425
0  42.0  423
0  51.0  360
0  39.0  455
0  39.0  285
0  68.0  290
0  50.0  388
0  42.0  357
0  28.0  324
0  57.0  329
0  51.0  529
0  13.0  348
0  34.0  216
0  40.0  255
0  61.0  357
0  44.0  416
0  52.0  294
0  58.0  374
0  67.0  362
0  54.0  483
0  60.0  453
0  44.0  336
0  13.0  433
0  43.0  416
0  63.0  384
0  33.0  347
0  61.0  423
0  45.0  358
0  4.0  635
0  44.0  436
0  52.0  434
0  24.0  449
0  58.0  289
0  61.0  397
0  47.0  432
0  58.0  368
0  16.0  171
0  74.0  326
0  29.0  252
0  32.0  308
0  36.0  309
0  70.0  327
0  59.0  343
0  52.0  434
0  49.0  528
0  37.0  399
0  69.0  388
0  79.0  243
0  37.0  298
0  48.0  312
0  37.0  337
0  24.0  296
0  48.0  359
0  64.0  389
0  72.0  355
0  59.0  359
0  37.0  525
0  54.0  365
0  53.0  448
0  57.0  432
0  80.0  313
0  35.0  346
0  19.0  628
0  52.0  608
0  55.0  354
0  22.0  546
0  19.0  350
0  49.0  257
0  71.0  302
0  53.0  439
0  24.0  493
0  59.0  420
0  36.0  349
0  37.0  506
0  30.0  321
0  19.0  364
0  17.0  492
0  39.0  235
0  77.0  325
0  54.0  346
0  35.0  222
0  71.0  367
0  67.0  395
0  31.0  380
0  47.0  349
0  57.0  231
0  9.0  191
0  38.0  392
0  44.0  302
1  56.0  377
1  65.0  415
1  39.0  318
1  59.0  218
1  48.0  301
1  14.0  398
1  34.0  337
1  55.0  396
1  24.0  373
1  32.0  350
1  35.0  468
1  34.0  342
1  47.0  462
1  66.0  423
1  14.0  301
1  20.0  351
1  22.0  412
1  81.0  325
1  48.0  504
1  72.0  405
1  32.0  320
1  51.0  472
1  62.0  433
1  38.0  427
1  43.0  386
1  36.0  294
1  17.0  346
1  43.0  466
1  46.0  409
1  23.0  334
1  52.0  439
1  38.0  353
1  40.0  542
1  67.0  393
1  36.0  199
1  9.0  590
1  35.0  557
1  73.0  345
1  46.0  310
1  47.0  359
1  64.0  370
1  46.0  584
1  33.0  516
1  6.0  608
1  63.0  507
1  64.0  410
1  52.0  477
1  39.0  341
1  49.0  539
1  35.0  407
1  52.0  322
1  32.0  477
1  59.0  378
1  11.0  436
1  76.0  398
1  52.0  366
1  67.0  389
1  29.0  345
1  49.0  391
1  61.0  412
1  31.0  527
1  49.0  282
1  35.0  335
1  30.0  254
1  33.0  339
1  83.0  324
1  17.0  394
1  56.0  463
1  66.0  267
1  21.0  300
1  59.0  306
1  36.0  400
1  46.0  485
1  42.0  322
1  56.0  348
1  44.0  346
1  62.0  497
1  32.0  453
1  69.0  397
1  78.0  281
1  55.0  382
1  56.0  346
1  56.0  214
1  68.0  405
1  47.0  314
1  43.0  388
1  20.0  182
1  31.0  466
1  56.0  343
1  46.0  397
1  47.0  373
1  48.0  365
1  47.0  324
1  41.0  532
1  34.0  289
1  63.0  296
1  50.0  358
1  53.0  402
1  46.0  360
1  69.0  301
2  34.0  355
2  49.0  617
2  6.0  407
2  22.0  329
2  77.0  371
2  23.0  241
2  63.0  328
2  75.0  339
2  54.0  440
2  15.0  349
2  21.0  545
2  60.0  417
2  57.0  341
2  44.0  232
2  65.0  325
2  48.0  438
2  48.0  342
2  37.0  250
2  50.0  283
2  14.0  389
2  11.0  108
2  71.0  294
2  55.0  453
2  39.0  234
2  53.0  425
2  48.0  494
2  72.0  377
2  52.0  321
2  41.0  451
2  34.0  488
2  66.0  372
2  36.0  379
2  18.0  484
2  47.0  260
2  24.0  243
2  41.0  425
2  38.0  419
2  68.0  384
2  51.0  639
2  59.0  341
2  52.0  443
2  24.0  320
2  38.0  400
2  40.0  332
2  28.0  348
2  28.0  207
2  44.0  315
2  31.0  405
2  59.0  491
2  47.0  293
2  61.0  304
2  56.0  361
2  65.0  315
2  39.0  282
2  26.0  293
2  51.0  386
2  46.0  396
2  58.0  315
2  49.0  372
2  57.0  302
2  50.0  310
2  61.0  407
2  53.0  291
2  33.0  280
2  55.0  348
2  67.0  378
2  52.0  383
2  49.0  407
2  41.0  462
2  52.0  324
2  48.0  335
2  43.0  508
2  66.0  362
2  47.0  425
2  63.0  410
2  64.0  409
2  51.0  293
2  52.0  541
2  19.0  354
2  42.0  536
2  33.0  416
2  51.0  388
2  56.0  363
2  56.0  356
2  33.0  307
2  34.0  285
2  33.0  479
2  30.0  494
2  21.0  412
2  29.0  360
2  56.0  427
2  55.0  336
2  70.0  371
2  25.0  468
2  71.0  363
2  36.0  289
2  34.0  536
2  82.0  314
2  59.0  410
2  57.0  280
3  40.0  457
3  50.0  389
3  82.0  242
3  58.0  386
3  74.0  362
3  38.0  384
3  57.0  418
3  59.0  398
3  39.0  480
3  47.0  354
3  81.0  336
3  30.0  479
3  41.0  340
3  26.0  614
3  72.0  314
3  64.0  400
3  18.0  563
3  44.0  343
3  52.0  522
3  35.0  537
3  53.0  414
3  25.0  588
3  41.0  402
3  58.0  455
3  96.0  212
3  55.0  348
3  46.0  394
3  62.0  328
3  53.0  502
3  44.0  380
3  30.0  380
3  23.0  237
3  59.0  329
3  61.0  351
3  67.0  303
3  53.0  452
3  20.0  304
3  66.0  333
3  62.0  376
3  58.0  318
3  52.0  361
3  39.0  292
3  39.0  324
3  59.0  364
3  48.0  279
3  61.0  375
3  62.0  374
3  15.0  414
3  45.0  345
3  53.0  338
3  43.0  339
3  39.0  343
3  79.0  369
3  66.0  392
3  31.0  386
3  48.0  413
3  65.0  347
3  79.0  296
3  83.0  314
3  37.0  529
3  18.0  643
3  50.0  484
3  53.0  367
3  45.0  333
3  74.0  405
3  65.0  400
3  28.0  397
3  67.0  310
3  13.0  392
3  39.0  308
3  46.0  335
3  44.0  279
3  42.0  324
3  41.0  520
3  66.0  314
3  42.0  460
3  55.0  408
3  61.0  327
3  30.0  342
3  54.0  397
3  72.0  340
3  60.0  410
3  50.0  381
3  53.0  439
3  60.0  343
3  40.0  303
3  28.0  235
3  42.0  464
3  61.0  378
3  53.0  331
3  76.0  346
3  30.0  441
3  11.0  456
3  54.0  392
3  17.0  449
3  36.0  335
3  85.0  298
3  48.0  393
3  52.0  437
3  48.0  418
4  46.0  340
4  56.0  373
4  38.0  344
4  67.0  176
4  37.0  371
4  60.0  387
4  59.0  381
4  75.0  328
4  42.0  312
4  51.0  377
4  64.0  484
4  74.0  334
4  34.0  460
4  57.0  345
4  17.0  352
4  71.0  370
4  34.0  298
4  61.0  233
4  72.0  354
4  42.0  431
4  60.0  413
4  69.0  429
4  44.0  466
4  38.0  359
4  48.0  457
4  47.0  334
4  36.0  381
4  67.0  302
4  50.0  439
4  58.0  331
4  34.0  250
4  53.0  315
4  41.0  589
4  58.0  381
4  32.0  355
4  19.0  369
4  46.0  291
4  48.0  362
4  31.0  409
4  66.0  384
4  60.0  511
4  69.0  354
4  46.0  570
4  46.0  575
4  62.0  354
4  32.0  347
4  72.0  410
4  33.0  310
4  78.0  308
4  66.0  369
4  55.0  408
4  58.0  419
4  51.0  391
4  48.0  328
4  59.0  329
4  89.0  257
4  32.0  452
4  28.0  249
4  89.0  288
4  44.0  494
4  61.0  364
4  53.0  352
4  58.0  414
4  33.0  415
4  71.0  328
4  46.0  369
4  69.0  299
4  32.0  452
4  82.0  319
4  23.0  283
4  36.0  384
4  64.0  388
4  24.0  352
4  34.0  470
4  38.0  403
4  74.0  374
4  75.0  352
4  40.0  375
4  39.0  419
4  81.0  316
4  34.0  353
4  76.0  319
4  77.0  395
4  55.0  365
4  61.0  350
4  70.0  325
4  42.0  509
4  38.0  483
4  37.0  512
4  21.0  406
4  55.0  427
4  36.0  488
4  41.0  249
4  17.0  487
4  35.0  371
4  37.0  423
4  28.0  554
4  62.0  400
4  80.0  329
4  29.0  572
5  45.0  547
5  48.0  305
5  23.0  384
5  25.0  313
5  28.0  403
5  44.0  301
5  35.0  614
5  71.0  401
5  67.0  377
5  68.0  410
5  52.0  336
5  79.0  316
5  52.0  335
5  63.0  336
5  58.0  425
5  65.0  366
5  33.0  297
5  38.0  537
5  27.0  417
5  38.0  408
5  75.0  301
5  41.0  388
5  32.0  282
5  38.0  334
5  49.0  284
5  49.0  322
5  40.0  494
5  44.0  426
5  14.0  475
5  47.0  457
5  9.0  229
5  57.0  259
5  12.0  458
5  53.0  369
5  61.0  469
5  73.0  374
5  72.0  345
5  40.0  371
5  33.0  433
5  69.0  374
5  70.0  317
5  56.0  391
5  55.0  375
5  50.0  270
5  47.0  205
5  72.0  321
5  48.0  679
5  36.0  271
5  32.0  315
5  41.0  533
5  17.0  268
5  69.0  362
5  57.0  356
5  52.0  368
5  63.0  297
5  35.0  375
5  22.0  211
5  46.0  444
5  25.0  455
5  65.0  335
5  49.0  360
5  74.0  350
5  41.0  470
5  51.0  287
5  39.0  248
5  58.0  429
5  55.0  269
5  42.0  373
5  65.0  251
5  68.0  382
5  36.0  404
5  41.0  261
5  30.0  422
5  37.0  501
5  64.0  360
5  33.0  305
5  30.0  499
5  40.0  351
5  53.0  363
5  10.0  308
5  21.0  267
5  55.0  385
5  53.0  519
5  81.0  254
5  33.0  451
5  46.0  493
5  35.0  393
5  29.0  252
5  66.0  311
5  18.0  445
5  55.0  399
5  48.0  319
5  42.0  396
5  18.0  191
5  73.0  414
5  73.0  285
5  41.0  370
5  53.0  424
5  50.0  428
5  64.0  326
6  65.0  272
6  41.0  269
6  68.0  362
6  70.0  229
6  57.0  430
6  33.0  672
6  32.0  282
6  55.0  428
6  26.0  285
6  70.0  407
6  24.0  257
6  28.0  439
6  62.0  248
6  45.0  487
6  21.0  573
6  63.0  392
6  48.0  395
6  62.0  253
6  57.0  312
6  31.0  462
6  37.0  436
6  52.0  473
6  33.0  310
6  53.0  513
6  77.0  276
6  44.0  421
6  57.0  413
6  48.0  274
6  21.0  449
6  68.0  361
6  42.0  628
6  33.0  376
6  33.0  218
6  43.0  358
6  42.0  383
6  54.0  327
6  89.0  283
6  27.0  311
6  28.0  305
6  49.0  486
6  12.0  422
6  48.0  410
6  28.0  426
6  73.0  335
6  50.0  382
6  59.0  315
6  59.0  465
6  46.0  261
6  53.0  300
6  52.0  479
6  87.0  312
6  52.0  398
6  57.0  373
6  68.0  393
6  34.0  279
6  92.0  235
6  46.0  541
6  38.0  354
6  45.0  367
6  48.0  366
6  41.0  298
6  67.0  317
6  77.0  337
6  37.0  180
6  50.0  300
6  9.0  350
6  58.0  252
6  36.0  487
6  71.0  326
6  36.0  311
6  52.0  370
6  64.0  332
6  26.0  499
6  51.0  444
6  47.0  409
6  20.0  587
6  52.0  403
6  22.0  412
6  25.0  389
6  37.0  322
6  87.0  262
6  50.0  216
6  68.0  396
6  65.0  404
6  52.0  272
6  40.0  567
6  43.0  330
6  29.0  434
6  24.0  339
6  43.0  465
6  70.0  360
6  64.0  254
6  38.0  436
6  47.0  490
6  16.0  484
6  40.0  487
6  55.0  391
6  55.0  504
6  76.0  365
6  87.0  245
7  66.0  297
7  36.0  240
7  71.0  265
7  28.0  264
7  52.0  405
7  47.0  521
7  68.0  387
7  49.0  419
7  21.0  554
7  64.0  341
7  45.0  303
7  51.0  380
7  63.0  332
7  73.0  291
7  62.0  471
7  33.0  436
7  49.0  474
7  62.0  349
7  5.0  177
7  67.0  381
7  29.0  585
7  43.0  224
7  60.0  434
7  42.0  294
7  32.0  392
7  50.0  303
7  32.0  278
7  50.0  291
7  56.0  419
7  51.0  430
7  39.0  419
7  57.0  404
7  14.0  522
7  66.0  207
7  51.0  333
7  51.0  381
7  78.0  284
7  33.0  333
7  73.0  279
7  33.0  477
7  40.0  390
7  64.0  390
7  50.0  432
7  19.0  655
7  45.0  420
7  39.0  522
7  47.0  488
7  20.0  166
7  41.0  400
7  42.0  408
7  57.0  398
7  51.0  413
7  60.0  371
7  44.0  267
7  52.0  400
7  56.0  301
7  79.0  334
7  61.0  374
7  73.0  366
7  24.0  356
7  32.0  342
7  43.0  433
7  38.0  416
7  35.0  416
7  64.0  243
7  56.0  506
7  46.0  445
7  31.0  273
7  58.0  402
7  58.0  278
7  17.0  400
7  84.0  281
7  62.0  466
7  19.0  484
7  71.0  366
7  27.0  398
7  30.0  458
7  68.0  251
7  36.0  321
7  53.0  433
7  34.0  385
7  47.0  382
7  40.0  344
7  33.0  451
7  37.0  362
7  34.0  433
7  57.0  311
7  47.0  371
7  72.0  362
7  37.0  345
7  38.0  220
7  52.0  273
7  49.0  341
7  65.0  283
7  41.0  425
7  53.0  356
7  26.0  306
7  16.0  352
7  78.0  271
7  55.0  242
8  44.0  366
8  58.0  388
8  54.0  440
8  48.0  212
8  61.0  330
8  86.0  299
8  51.0  318
8  93.0  254
8  30.0  381
8  51.0  365
8  23.0  306
8  52.0  393
8  67.0  295
8  31.0  537
8  32.0  459
8  59.0  310
8  38.0  463
8  71.0  359
8  56.0  355
8  29.0  364
8  54.0  205
8  34.0  355
8  71.0  355
8  71.0  393
8  42.0  330
8  24.0  574
8  55.0  387
8  42.0  528
8  45.0  395
8  66.0  419
8  55.0  298
8  46.0  440
8  42.0  463
8  28.0  286
8  22.0  177
8  44.0  326
8  39.0  463
8  47.0  481
8  65.0  387
8  45.0  486
8  37.0  377
8  50.0  296
8  55.0  382
8  48.0  333
8  34.0  252
8  40.0  249
8  84.0  240
8  53.0  263
8  78.0  408
8  52.0  261
8  38.0  493
8  47.0  458
8  40.0  345
8  35.0  193
8  50.0  495
8  49.0  316
8  48.0  438
8  72.0  448
8  59.0  274
8  62.0  377
8  58.0  395
8  32.0  431
8  46.0  451
8  61.0  298
8  62.0  467
8  52.0  374
8  72.0  319
8  17.0  285
8  43.0  339
8  49.0  348
8  73.0  322
8  63.0  434
8  58.0  451
8  46.0  421
8  39.0  371
8  30.0  482
8  30.0  254
8  55.0  477
8  73.0  425
8  59.0  375
8  41.0  636
8  68.0  169
8  76.0  293
8  66.0  307
8  56.0  394
8  76.0  307
8  50.0  551
8  34.0  339
8  64.0  406
8  57.0  331
8  44.0  350
8  46.0  362
8  67.0  379
8  47.0  283
8  46.0  450
8  35.0  440
8  59.0  371
8  58.0  267
8  61.0  466
8  28.0  504
9  46.0  495
9  36.0  251
9  45.0  463
9  38.0  464
9  78.0  358
9  48.0  458
9  76.0  348
9  32.0  479
9  42.0  364
9  57.0  406
9  62.0  342
9  34.0  487
9  59.0  276
9  37.0  280
9  47.0  470
9  75.0  293
9  52.0  529
9  34.0  374
9  18.0  511
9  34.0  339
9  57.0  405
9  60.0  318
9  64.0  408
9  49.0  381
9  38.0  413
9  44.0  401
9  60.0  434
9  30.0  326
9  39.0  259
9  53.0  276
9  29.0  405
9  29.0  524
9  61.0  273
9  21.0  457
9  72.0  348
9  52.0  339
9  49.0  483
9  43.0  293
9  52.0  551
9  36.0  436
9  53.0  417
9  60.0  372
9  25.0  321
9  79.0  371
9  33.0  376
9  64.0  396
9  72.0  428
9  42.0  572
9  52.0  282
9  29.0  486
9  58.0  372
9  34.0  394
9  54.0  428
9  23.0  325
9  41.0  308
9  61.0  210
9  31.0  487
9  67.0  211
9  32.0  483
9  44.0  356
9  54.0  364
9  58.0  319
9  96.0  225
9  60.0  296
9  79.0  181
9  56.0  378
9  61.0  233
9  50.0  432
9  41.0  342
9  58.0  327
9  64.0  408
9  49.0  292
9  58.0  328
9  49.0  379
9  58.0  451
9  25.0  371
9  53.0  247
9  56.0  420
9  68.0  408
9  39.0  372
9  69.0  281
9  87.0  271
9  17.0  282
9  71.0  414
9  79.0  354
9  54.0  484
9  32.0  462
9  95.0  237
9  50.0  342
9  53.0  313
9  66.0  370
9  61.0  476
9  37.0  428
9  47.0  405
9  48.0  348
9  63.0  414
9  69.0  262
9  34.0  216
9  25.0  520
9  39.0  410
10  52.0  282
10  71.0  379
10  71.0  343
10  38.0  582
10  77.0  325
10  76.0  340
10  27.0  337
10  53.0  255
10  17.0  347
10  46.0  446
10  82.0  304
10  48.0  433
10  52.0  221
10  75.0  426
10  45.0  532
10  34.0  273
10  52.0  400
10  63.0  391
10  58.0  451
10  58.0  326
10  51.0  342
10  52.0  327
10  55.0  372
10  52.0  270
10  56.0  292
10  47.0  524
10  31.0  450
10  78.0  256
10  81.0  269
10  37.0  248
10  51.0  373
10  71.0  351
10  46.0  329
10  67.0  339
10  23.0  483
10  30.0  468
10  43.0  222
10  73.0  279
10  36.0  409
10  7.0  360
10  46.0  430
10  41.0  380
10  37.0  355
10  68.0  334
10  63.0  399
10  46.0  424
10  76.0  334
10  53.0  404
10  60.0  342
10  29.0  398
10  49.0  368
10  45.0  396
10  33.0  277
10  35.0  261
10  57.0  250
10  68.0  384
10  49.0  420
10  21.0  245
10  65.0  437
10  64.0  218
10  42.0  330
10  47.0  383
10  42.0  216
10  25.0  324
10  43.0  256
10  55.0  357
10  48.0  405
10  35.0  321
10  46.0  314
10  61.0  379
10  70.0  349
10  50.0  533
10  23.0  382
10  77.0  337
10  51.0  275
10  48.0  450
10  52.0  319
10  63.0  449
10  75.0  354
10  64.0  342
10  64.0  321
10  73.0  406
10  77.0  346
10  45.0  421
10  73.0  344
10  47.0  262
10  43.0  396
10  33.0  510
10  75.0  345
10  65.0  205
10  46.0  388
10  65.0  289
10  62.0  363
10  56.0  474
10  58.0  243
10  67.0  291
10  80.0  341
10  64.0  413
10  27.0  257
10  51.0  308
11  74.0  369
11  69.0  324
11  54.0  372
11  43.0  343
11  62.0  247
11  76.0  241
11  40.0  421
11  41.0  279
11  82.0  311
11  71.0  246
11  75.0  337
11  76.0  348
11  42.0  301
11  65.0  394
11  68.0  360
11  74.0  350
11  53.0  335
11  37.0  369
11  40.0  400
11  63.0  467
11  56.0  333
11  46.0  494
11  35.0  460
11  85.0  290
11  32.0  327
11  29.0  464
11  34.0  237
11  32.0  180
11  45.0  342
11  12.0  769
11  55.0  400
11  63.0  430
11  52.0  389
11  60.0  253
11  62.0  333
11  63.0  324
11  27.0  426
11  31.0  455
11  44.0  256
11  35.0  326
11  45.0  321
11  53.0  469
11  71.0  353
11  86.0  273
11  65.0  392
11  59.0  402
11  32.0  487
11  57.0  415
11  59.0  377
11  64.0  168
11  61.0  358
11  43.0  428
11  11.0  259
11  68.0  287
11  51.0  426
11  73.0  280
11  64.0  436
11  44.0  231
11  64.0  435
11  44.0  548
11  36.0  408
11  74.0  347
11  79.0  247
11  38.0  307
11  49.0  299
11  59.0  396
11  49.0  341
11  36.0  360
11  59.0  421
11  36.0  599
11  46.0  529
11  82.0  324
11  41.0  307
11  51.0  504
11  42.0  256
11  74.0  342
11  44.0  343
11  67.0  325
11  39.0  417
11  54.0  267
11  46.0  476
11  58.0  346
11  55.0  327
11  50.0  430
11  56.0  305
11  63.0  474
11  79.0  358
11  68.0  346
11  49.0  381
11  71.0  303
11  34.0  258
11  52.0  315
11  36.0  391
11  65.0  318
11  22.0  493
11  50.0  417
11  18.0  546
11  72.0  429
11  59.0  462
11  60.0  330
12  73.0  347
12  46.0  375
12  79.0  278
12  39.0  350
12  64.0  384
12  52.0  275
12  44.0  318
12  52.0  373
12  14.0  558
12  71.0  368
12  52.0  359
12  72.0  390
12  61.0  392
12  57.0  441
12  52.0  255
12  58.0  461
12  54.0  505
12  66.0  455
12  45.0  438
12  36.0  456
12  30.0  368
12  41.0  544
12  67.0  452
12  53.0  392
12  41.0  350
12  59.0  426
12  81.0  360
12  68.0  242
12  28.0  360
12  38.0  280
12  24.0  297
12  19.0  631
12  59.0  461
12  57.0  412
12  53.0  376
12  30.0  216
12  45.0  415
12  26.0  235
12  38.0  507
12  39.0  197
12  33.0  437
12  61.0  386
12  51.0  329
12  50.0  363
12  52.0  344
12  54.0  377
12  46.0  447
12  33.0  502
12  75.0  373
12  34.0  298
12  63.0  362
12  85.0  264
12  44.0  363
12  68.0  399
12  60.0  393
12  42.0  657
12  55.0  438
12  50.0  212
12  47.0  287
12  53.0  379
12  47.0  290
12  14.0  417
12  40.0  431
12  45.0  462
12  38.0  418
12  85.0  290
12  66.0  438
12  51.0  363
12  67.0  370
12  68.0  242
12  48.0  299
12  72.0  407
12  34.0  446
12  71.0  224
12  58.0  428
12  19.0  424
12  50.0  522
12  22.0  384
12  33.0  524
12  54.0  352
12  32.0  353
12  44.0  435
12  94.0  246
12  46.0  437
12  49.0  413
12  58.0  305
12  45.0  431
12  65.0  306
12  40.0  269
12  29.0  437
12  49.0  324
12  62.0  402
12  41.0  407
12  37.0  410
12  40.0  293
12  69.0  375
12  92.0  212
12  59.0  414
12  52.0  439
12  51.0  342
13  49.0  348
13  63.0  319
13  47.0  492
13  72.0  314
13  24.0  254
13  68.0  435
13  25.0  249
13  44.0  403
13  62.0  286
13  49.0  177
13  71.0  280
13  36.0  457
13  66.0  254
13  81.0  257
13  53.0  425
13  77.0  349
13  77.0  346
13  50.0  269
13  53.0  586
13  46.0  294
13  47.0  578
13  25.0  341
13  70.0  277
13  58.0  380
13  44.0  369
13  54.0  443
13  70.0  320
13  51.0  515
13  53.0  566
13  45.0  371
13  41.0  473
13  55.0  446
13  73.0  293
13  56.0  263
13  32.0  473
13  82.0  294
13  48.0  356
13  57.0  479
13  75.0  372
13  88.0  276
13  61.0  324
13  62.0  313
13  44.0  236
13  83.0  281
13  65.0  406
13  33.0  478
13  59.0  228
13  61.0  490
13  41.0  182
13  25.0  176
13  66.0  348
13  66.0  375
13  67.0  288
13  52.0  445
13  69.0  407
13  27.0  535
13  49.0  485
13  41.0  190
13  55.0  219
13  51.0  433
13  27.0  595
13  61.0  277
13  50.0  338
13  61.0  432
13  77.0  298
13  76.0  377
13  18.0  180
13  26.0  357
13  77.0  325
13  73.0  292
13  17.0  258
13  55.0  394
13  41.0  492
13  44.0  504
13  53.0  477
13  57.0  395
13  44.0  432
13  72.0  326
13  15.0  370
13  66.0  417
13  68.0  340
13  42.0  424
13  42.0  421
13  38.0  322
13  42.0  321
13  60.0  228
13  56.0  261
13  56.0  462
13  57.0  334
13  49.0  305
13  64.0  385
13  47.0  257
13  55.0  501
13  60.0  407
13  67.0  336
13  56.0  387
13  52.0  297
13  46.0  506
13  74.0  375
13  30.0  445
14  67.0  353
14  89.0  284
14  43.0  369
14  43.0  355
14  44.0  291
14  53.0  320
14  24.0  513
14  67.0  427
14  84.0  300
14  53.0  384
14  65.0  390
14  61.0  262
14  25.0  553
14  71.0  244
14  41.0  285
14  55.0  418
14  37.0  372
14  44.0  354
14  60.0  378
14  67.0  389
14  88.0  247
14  50.0  406
14  82.0  275
14  84.0  172
14  28.0  361
14  63.0  377
14  51.0  316
14  87.0  224
14  38.0  509
14  77.0  323
14  60.0  325
14  33.0  173
14  41.0  276
14  77.0  342
14  65.0  418
14  43.0  289
14  38.0  309
14  64.0  329
14  20.0  347
14  47.0  360
14  63.0  291
14  30.0  558
14  70.0  392
14  24.0  366
14  64.0  365
14  53.0  416
14  44.0  430
14  51.0  410
14  51.0  351
14  35.0  310
14  53.0  266
14  66.0  270
14  55.0  385
14  52.0  442
14  75.0  235
14  64.0  358
14  42.0  433
14  62.0  362
14  22.0  257
14  48.0  371
14  69.0  363
14  36.0  465
14  60.0  331
14  78.0  349
14  67.0  345
14  42.0  538
14  55.0  510
14  65.0  338
14  57.0  473
14  40.0  419
14  54.0  388
14  70.0  391
14  60.0  417
14  47.0  377
14  87.0  279
14  58.0  425
14  43.0  305
14  76.0  310
14  28.0  455
14  66.0  293
14  67.0  382
14  34.0  361
14  76.0  369
14  56.0  446
14  62.0  278
14  33.0  512
14  52.0  359
14  38.0  482
14  73.0  387
14  55.0  329
14  30.0  528
14  72.0  209
14  45.0  616
14  42.0  318
14  40.0  452
14  23.0  315
14  63.0  415
14  52.0  252
14  34.0  312
14  26.0  234
15  21.0  712
15  32.0  348
15  56.0  261
15  74.0  352
15  47.0  387
15  71.0  272
15  69.0  392
15  77.0  328
15  49.0  424
15  62.0  217
15  64.0  435
15  39.0  434
15  64.0  427
15  33.0  457
15  40.0  331
15  51.0  276
15  73.0  379
15  45.0  330
15  73.0  334
15  50.0  247
15  55.0  501
15  60.0  472
15  53.0  389
15  64.0  280
15  67.0  358
15  62.0  234
15  51.0  367
15  75.0  358
15  34.0  568
15  31.0  432
15  77.0  254
15  87.0  267
15  48.0  494
15  59.0  465
15  64.0  357
15  73.0  262
15  20.0  564
15  66.0  286
15  67.0  308
15  49.0  338
15  48.0  461
15  51.0  461
15  62.0  387
15  54.0  380
15  60.0  401
15  62.0  328
15  54.0  304
15  49.0  352
15  64.0  370
15  48.0  320
15  42.0  335
15  67.0  317
15  57.0  459
15  68.0  341
15  66.0  297
15  55.0  212
15  50.0  469
15  38.0  352
15  28.0  471
15  51.0  318
15  56.0  161
15  36.0  378
15  66.0  317
15  25.0  324
15  43.0  366
15  34.0  370
15  87.0  157
15  43.0  296
15  42.0  357
15  21.0  378
15  72.0  280
15  82.0  289
15  58.0  303
15  39.0  420
15  54.0  212
15  53.0  323
15  49.0  485
15  18.0  403
15  52.0  402
15  45.0  438
15  80.0  334
15  65.0  343
15  27.0  264
15  52.0  387
15  57.0  485
15  61.0  478
15  36.0  343
15  70.0  326
15  56.0  443
15  57.0  503
15  55.0  381
15  28.0  419
15  74.0  310
15  61.0  385
15  70.0  348
15  42.0  408
15  41.0  484
15  30.0  226
15  36.0  594
15  77.0  221
16  70.0  312
16  35.0  225
16  30.0  385
16  59.0  469
16  41.0  365
16  67.0  386
16  71.0  284
16  46.0  345
16  63.0  346
16  45.0  331
16  50.0  471
16  63.0  365
16  44.0  372
16  77.0  385
16  47.0  191
16  32.0  350
16  49.0  311
16  50.0  367
16  49.0  255
16  62.0  359
16  32.0  329
16  35.0  581
16  41.0  489
16  47.0  267
16  23.0  404
16  47.0  338
16  19.0  530
16  77.0  309
16  77.0  324
16  39.0  384
16  27.0  486
16  57.0  351
16  43.0  328
16  71.0  201
16  49.0  206
16  46.0  358
16  65.0  386
16  55.0  404
16  88.0  281
16  31.0  527
16  34.0  368
16  69.0  340
16  24.0  516
16  62.0  306
16  71.0  165
16  45.0  297
16  64.0  411
16  23.0  426
16  58.0  357
16  81.0  186
16  66.0  341
16  26.0  70
16  74.0  200
16  67.0  253
16  74.0  320
16  59.0  347
16  55.0  371
16  60.0  348
16  64.0  241
16  39.0  558
16  65.0  432
16  43.0  494
16  64.0  318
16  16.0  391
16  34.0  418
16  85.0  239
16  58.0  464
16  54.0  268
16  42.0  272
16  57.0  329
16  43.0  392
16  36.0  330
16  74.0  383
16  46.0  495
16  66.0  373
16  42.0  514
16  55.0  455
16  41.0  414
16  32.0  392
16  76.0  323
16  62.0  351
16  54.0  239
16  58.0  345
16  34.0  502
16  48.0  299
16  28.0  255
16  64.0  412
16  65.0  434
16  59.0  264
16  69.0  238
16  48.0  560
16  52.0  237
16  55.0  403
16  65.0  338
16  46.0  323
16  46.0  381
16  49.0  412
16  26.0  622
16  72.0  421
16  60.0  425
17  48.0  309
17  53.0  305
17  51.0  360
17  53.0  331
17  55.0  510
17  44.0  437
17  65.0  330
17  53.0  450
17  50.0  432
17  65.0  329
17  48.0  371
17  59.0  462
17  65.0  345
17  67.0  260
17  28.0  471
17  51.0  297
17  57.0  303
17  47.0  434
17  35.0  341
17  61.0  287
17  58.0  281
17  39.0  401
17  28.0  249
17  14.0  358
17  45.0  471
17  59.0  294
17  52.0  360
17  63.0  454
17  38.0  418
17  51.0  148
17  80.0  203
17  50.0  397
17  72.0  294
17  16.0  290
17  38.0  401
17  28.0  460
17  40.0  293
17  43.0  348
17  60.0  427
17  62.0  354
17  48.0  490
17  48.0  452
17  41.0  354
17  41.0  548
17  61.0  261
17  34.0  324
17  52.0  491
17  56.0  342
17  40.0  115
17  61.0  273
17  31.0  203
17  77.0  431
17  84.0  232
17  50.0  340
17  82.0  280
17  81.0  219
17  50.0  366
17  69.0  353
17  62.0  228
17  80.0  357
17  72.0  311
17  69.0  364
17  63.0  420
17  53.0  481
17  45.0  518
17  37.0  501
17  39.0  427
17  60.0  351
17  45.0  251
17  76.0  309
17  64.0  300
17  37.0  295
17  61.0  466
17  65.0  308
17  32.0  478
17  44.0  339
17  78.0  345
17  89.0  282
17  80.0  193
17  49.0  397
17  70.0  243
17  51.0  306
17  51.0  349
17  74.0  277
17  68.0  378
17  50.0  149
17  82.0  221
17  47.0  221
17  47.0  398
17  61.0  268
17  54.0  279
17  55.0  323
17  65.0  343
17  50.0  239
17  65.0  374
17  45.0  419
17  40.0  447
17  51.0  251
17  29.0  389
17  16.0  585
18  56.0  290
18  50.0  291
18  37.0  523
18  40.0  340
18  81.0  280
18  41.0  459
18  45.0  354
18  66.0  311
18  76.0  195
18  89.0  223
18  42.0  400
18  66.0  169
18  52.0  314
18  43.0  444
18  74.0  298
18  52.0  417
18  56.0  338
18  47.0  422
18  54.0  254
18  75.0  345
18  54.0  252
18  42.0  161
18  44.0  359
18  60.0  427
18  39.0  498
18  76.0  377
18  57.0  260
18  63.0  442
18  85.0  318
18  48.0  365
18  41.0  437
18  79.0  216
18  43.0  398
18  52.0  401
18  41.0  326
18  35.0  449
18  56.0  427
18  64.0  397
18  45.0  261
18  58.0  347
18  75.0  243
18  57.0  308
18  55.0  375
18  63.0  403
18  55.0  250
18  54.0  227
18  43.0  274
18  83.0  323
18  35.0  378
18  77.0  359
18  69.0  351
18  50.0  393
18  25.0  455
18  88.0  257
18  76.0  287
18  75.0  273
18  78.0  227
18  26.0  251
18  80.0  260
18  68.0  348
18  69.0  327
18  52.0  346
18  70.0  332
18  61.0  364
18  44.0  274
18  84.0  317
18  68.0  182
18  60.0  318
18  62.0  130
18  56.0  470
18  30.0  371
18  68.0  294
18  55.0  164
18  63.0  311
18  73.0  332
18  55.0  279
18  48.0  581
18  49.0  227
18  60.0  263
18  56.0  421
18  60.0  296
18  51.0  353
18  52.0  395
18  43.0  488
18  76.0  338
18  54.0  380
18  63.0  201
18  45.0  446
18  61.0  266
18  69.0  328
18  39.0  402
18  40.0  331
18  52.0  438
18  32.0  370
18  55.0  420
18  40.0  320
18  53.0  333
18  67.0  208
18  86.0  248
18  56.0  198
19  40.0  314
19  54.0  472
19  79.0  352
19  29.0  354
19  46.0  385
19  63.0  382
19  74.0  277
19  77.0  194
19  53.0  393
19  58.0  340
19  76.0  298
19  47.0  321
19  90.0  213
19  64.0  210
19  44.0  406
19  50.0  329
19  47.0  295
19  71.0  337
19  43.0  393
19  50.0  209
19  39.0  538
19  65.0  278
19  76.0  319
19  65.0  467
19  36.0  448
19  68.0  343
19  43.0  396
19  82.0  360
19  61.0  256
19  42.0  426
19  66.0  324
19  59.0  326
19  71.0  366
19  33.0  409
19  67.0  282
19  54.0  469
19  44.0  481
19  30.0  232
19  38.0  365
19  34.0  317
19  28.0  336
19  45.0  371
19  43.0  390
19  30.0  504
19  71.0  353
19  48.0  440
19  69.0  307
19  35.0  483
19  46.0  394
19  93.0  262
19  57.0  301
19  81.0  197
19  62.0  322
19  68.0  394
19  35.0  477
19  25.0  295
19  64.0  492
19  57.0  506
19  53.0  380
19  83.0  285
19  58.0  281
19  63.0  288
19  56.0  296
19  3.0  552
19  39.0  373
19  51.0  365
19  32.0  536
19  57.0  468
19  54.0  324
19  67.0  346
19  57.0  385
19  59.0  383
19  50.0  323
19  52.0  403
19  48.0  369
19  71.0  307
19  81.0  329
19  56.0  345
19  50.0  487
19  36.0  506
19  55.0  439
19  58.0  218
19  55.0  321
19  39.0  195
19  34.0  477
19  45.0  502
19  73.0  229
19  42.0  505
19  46.0  466
19  72.0  217
19  97.0  188
19  55.0  499
19  12.0  573
19  59.0  416
19  60.0  307
19  57.0  363
19  49.0  232
19  45.0  353
19  64.0  394
19  59.0  426
20  76.0  293
20  63.0  110
20  19.0  355
20  68.0  325
20  52.0  188
20  42.0  470
20  35.0  456
20  53.0  376
20  76.0  321
20  24.0  558
20  44.0  303
20  30.0  318
20  72.0  383
20  71.0  480
20  82.0  243
20  60.0  362
20  33.0  493
20  59.0  314
20  39.0  536
20  77.0  368
20  34.0  372
20  25.0  487
20  60.0  409
20  52.0  316
20  66.0  271
20  58.0  412
20  4.0  216
20  88.0  178
20  64.0  317
20  52.0  433
20  46.0  435
20  70.0  417
20  56.0  323
20  62.0  385
20  56.0  329
20  44.0  492
20  81.0  282
20  66.0  263
20  32.0  628
20  48.0  496
20  62.0  425
20  49.0  267
20  77.0  202
20  61.0  331
20  62.0  435
20  57.0  470
20  68.0  291
20  50.0  309
20  69.0  366
20  79.0  318
20  60.0  404
20  60.0  358
20  52.0  339
20  55.0  365
20  30.0  528
20  49.0  291
20  61.0  412
20  59.0  393
20  77.0  250
20  74.0  235
20  72.0  293
20  59.0  250
20  49.0  421
20  34.0  586
20  44.0  478
20  81.0  291
20  69.0  315
20  68.0  442
20  39.0  442
20  86.0  151
20  62.0  333
20  30.0  315
20  61.0  409
20  52.0  494
20  52.0  287
20  38.0  188
20  77.0  302
20  38.0  544
20  51.0  456
20  62.0  385
20  53.0  206
20  41.0  210
20  46.0  283
20  51.0  434
20  34.0  369
20  57.0  443
20  47.0  516
20  31.0  476
20  57.0  296
20  28.0  430
20  61.0  320
20  75.0  370
20  90.0  181
20  58.0  337
20  61.0  329
20  72.0  406
20  44.0  507
20  57.0  445
20  69.0  270
20  44.0  352
