1  71.0  73
2  93.0  109
3  85.0  117
4  70.0  284
5  29.0  215
6  61.0  347
7  19.0  464
1  34.0  320
2  86.0  157
3  63.0  325
4  46.0  176
5  43.0  299
6  23.0  313
7  53.0  359
1  88.0  126
2  47.0  227
3  72.0  95
4  54.0  220
5  54.0  345
6  79.0  186
7  89.0  129
1  26.0  320
2  65.0  355
3  86.0  190
4  79.0  260
5  74.0  137
6  54.0  193
7  70.0  342
1  97.0  52
2  97.0  77
3  71.0  159
4  82.0  247
5  63.0  361
6  42.0  403
7  42.0  324
1  97.0  82
2  80.0  161
3  41.0  402
4  51.0  253
5  24.0  508
6  65.0  361
7  34.0  374
1  92.0  132
2  47.0  383
3  35.0  278
4  56.0  361
5  60.0  386
6  26.0  437
7  96.0  76
1  97.0  34
2  84.0  217
3  68.0  289
4  85.0  249
5  42.0  410
6  59.0  249
7  51.0  244
1  89.0  64
2  86.0  108
3  84.0  107
4  35.0  252
5  78.0  202
6  50.0  330
7  52.0  310
1  95.0  46
2  81.0  154
3  66.0  337
4  80.0  233
5  62.0  336
6  47.0  250
7  84.0  142
1  95.0  56
2  74.0  156
3  42.0  417
4  61.0  266
5  36.0  186
6  72.0  90
7  94.0  52
1  97.0  28
2  97.0  14
3  67.0  255
4  54.0  379
5  45.0  392
6  53.0  463
7  47.0  359
1  27.0  346
2  73.0  269
3  43.0  349
4  85.0  225
5  75.0  354
6  55.0  364
7  37.0  372
1  97.0  43
2  43.0  288
3  69.0  208
4  82.0  199
5  58.0  432
6  72.0  343
7  32.0  420
1  82.0  63
2  71.0  321
3  59.0  265
4  45.0  207
5  56.0  474
6  67.0  321
7  50.0  463
1  95.0  54
2  90.0  115
3  53.0  418
4  63.0  362
5  55.0  415
6  50.0  303
7  54.0  399
1  97.0  35
2  94.0  104
3  97.0  63
4  69.0  314
5  79.0  193
6  52.0  357
7  37.0  365
1  85.0  145
2  71.0  328
3  31.0  351
4  66.0  366
5  72.0  329
6  46.0  423
7  72.0  273
1  79.0  183
2  54.0  337
3  53.0  221
4  78.0  177
5  70.0  283
6  54.0  380
7  59.0  456
1  97.0  52
2  90.0  142
3  74.0  152
4  41.0  417
5  54.0  62
6  60.0  235
7  55.0  132
1  94.0  64
2  97.0  19
3  69.0  366
4  46.0  161
5  54.0  244
6  84.0  309
7  68.0  263
1  88.0  46
2  97.0  24
3  95.0  70
4  76.0  245
5  48.0  309
6  43.0  352
7  33.0  410
1  90.0  66
2  67.0  273
3  25.0  192
4  97.0  26
5  66.0  337
6  41.0  353
7  27.0  472
1  97.0  40
2  32.0  147
3  60.0  167
4  61.0  308
5  93.0  83
6  56.0  411
7  46.0  253
1  51.0  430
2  80.0  227
3  34.0  353
4  59.0  388
5  87.0  194
6  32.0  375
7  43.0  528
1  79.0  162
2  50.0  93
3  88.0  72
4  79.0  242
5  84.0  293
6  37.0  254
7  34.0  290
1  91.0  103
2  90.0  72
3  58.0  308
4  51.0  342
5  51.0  404
6  60.0  302
7  57.0  435
1  97.0  29
2  46.0  383
3  55.0  338
4  68.0  271
5  44.0  304
6  38.0  329
7  46.0  392
1  77.0  265
2  68.0  205
3  71.0  321
4  67.0  214
5  85.0  171
6  68.0  254
7  47.0  345
1  77.0  120
2  80.0  162
3  33.0  459
4  80.0  220
5  60.0  161
6  78.0  110
7  51.0  240
1  85.0  122
2  84.0  140
3  56.0  427
4  62.0  290
5  19.0  452
6  56.0  273
7  45.0  455
1  76.0  88
2  80.0  201
3  84.0  75
4  29.0  388
5  77.0  135
6  65.0  398
7  62.0  335
1  54.0  157
2  84.0  293
3  49.0  441
4  21.0  462
5  73.0  238
6  68.0  290
7  75.0  272
1  18.0  254
2  76.0  271
3  23.0  393
4  36.0  282
5  39.0  262
6  24.0  352
7  24.0  328
1  96.0  34
2  29.0  357
3  41.0  345
4  52.0  324
5  56.0  347
6  58.0  209
7  38.0  438
1  93.0  51
2  94.0  96
3  43.0  354
4  81.0  206
5  78.0  259
6  36.0  341
7  35.0  369
1  40.0  251
2  60.0  251
3  85.0  192
4  56.0  252
5  50.0  304
6  94.0  89
7  89.0  120
1  87.0  59
2  77.0  290
3  84.0  169
4  36.0  205
5  94.0  89
6  76.0  259
7  31.0  355
1  47.0  336
2  58.0  299
3  67.0  253
4  58.0  228
5  85.0  122
6  39.0  368
7  58.0  175
1  93.0  49
2  78.0  270
3  82.0  193
4  81.0  197
5  66.0  312
6  38.0  480
7  64.0  135
1  79.0  162
2  64.0  200
3  49.0  533
4  55.0  279
5  32.0  340
6  62.0  192
7  60.0  204
1  56.0  229
2  82.0  228
3  78.0  383
4  56.0  224
5  34.0  293
6  61.0  275
7  28.0  413
1  97.0  21
2  81.0  188
3  91.0  83
4  71.0  271
5  51.0  388
6  57.0  312
7  54.0  252
1  97.0  51
2  93.0  117
3  19.0  240
4  29.0  295
5  63.0  234
6  40.0  312
7  50.0  427
1  95.0  83
2  55.0  358
3  75.0  222
4  57.0  370
5  73.0  298
6  74.0  200
7  26.0  301
1  92.0  88
2  59.0  229
3  81.0  241
4  79.0  217
5  67.0  311
6  34.0  382
7  88.0  43
1  85.0  139
2  44.0  305
3  76.0  172
4  36.0  386
5  35.0  292
6  97.0  43
7  43.0  414
1  61.0  48
2  73.0  159
3  18.0  426
4  31.0  310
5  47.0  447
6  56.0  259
7  40.0  309
1  46.0  526
2  83.0  136
3  30.0  410
4  56.0  321
5  52.0  334
6  36.0  294
7  78.0  158
1  87.0  150
2  32.0  335
3  30.0  419
4  80.0  189
5  84.0  237
6  74.0  216
7  76.0  146
1  97.0  52
2  65.0  299
3  87.0  240
4  65.0  264
5  35.0  423
6  34.0  394
7  40.0  422
1  24.0  329
2  65.0  151
3  38.0  386
4  52.0  418
5  73.0  175
6  81.0  227
7  28.0  429
1  55.0  132
2  97.0  53
3  84.0  99
4  43.0  217
5  92.0  106
6  84.0  163
7  57.0  355
1  97.0  50
2  87.0  158
3  56.0  314
4  67.0  272
5  72.0  297
6  38.0  572
7  54.0  338
1  97.0  61
2  76.0  256
3  59.0  429
4  61.0  362
5  36.0  258
6  75.0  291
7  69.0  238
1  83.0  191
2  81.0  137
3  78.0  194
4  72.0  265
5  60.0  348
6  58.0  296
7  52.0  379
1  50.0  396
2  82.0  166
3  86.0  292
4  59.0  253
5  60.0  142
6  50.0  448
7  41.0  423
1  97.0  94
2  61.0  198
3  28.0  364
4  45.0  331
5  58.0  188
6  59.0  330
7  83.0  184
1  78.0  173
2  76.0  181
3  54.0  270
4  30.0  498
5  54.0  373
6  44.0  331
7  97.0  31
1  61.0  443
2  61.0  405
3  58.0  242
4  61.0  302
5  40.0  285
6  20.0  296
7  51.0  436
1  47.0  165
2  54.0  198
3  92.0  164
4  34.0  323
5  92.0  125
6  85.0  229
7  48.0  436
1  81.0  92
2  27.0  314
3  39.0  256
4  73.0  211
5  80.0  129
6  77.0  186
7  28.0  373
1  28.0  188
2  77.0  212
3  90.0  66
4  39.0  129
5  42.0  286
6  65.0  306
7  40.0  483
1  56.0  290
2  19.0  139
3  47.0  256
4  75.0  191
5  84.0  169
6  72.0  242
7  57.0  345
1  97.0  33
2  55.0  324
3  68.0  326
4  75.0  177
5  71.0  268
6  40.0  365
7  55.0  294
1  68.0  227
2  66.0  251
3  32.0  378
4  43.0  280
5  73.0  212
6  96.0  23
7  76.0  147
1  74.0  51
2  80.0  148
3  56.0  363
4  43.0  493
5  53.0  252
6  52.0  344
7  32.0  406
1  94.0  114
2  85.0  112
3  81.0  157
4  21.0  308
5  43.0  396
6  53.0  225
7  41.0  388
1  42.0  409
2  56.0  330
3  30.0  396
4  79.0  147
5  55.0  348
6  51.0  419
7  57.0  285
1  97.0  52
2  19.0  303
3  74.0  297
4  46.0  305
5  62.0  401
6  36.0  509
7  36.0  560
1  97.0  43
2  76.0  238
3  69.0  302
4  71.0  314
5  47.0  320
6  83.0  148
7  34.0  418
1  49.0  212
2  67.0  146
3  85.0  201
4  32.0  452
5  66.0  237
6  27.0  286
7  50.0  325
1  68.0  198
2  74.0  188
3  48.0  210
4  62.0  252
5  55.0  401
6  37.0  349
7  76.0  270
1  78.0  246
2  69.0  160
3  77.0  216
4  80.0  103
5  41.0  476
6  79.0  210
7  43.0  359
1  85.0  99
2  45.0  299
3  89.0  236
4  46.0  228
5  65.0  287
6  60.0  340
7  45.0  431
1  96.0  104
2  70.0  271
3  97.0  34
4  94.0  90
5  68.0  313
6  64.0  391
7  58.0  215
1  97.0  122
2  81.0  98
3  81.0  210
4  87.0  209
5  57.0  287
6  52.0  240
7  76.0  216
1  72.0  259
2  26.0  280
3  70.0  322
4  58.0  270
5  68.0  233
6  69.0  401
7  44.0  454
1  92.0  60
2  55.0  230
3  93.0  143
4  44.0  255
5  62.0  363
6  32.0  251
7  70.0  329
1  81.0  265
2  79.0  324
3  58.0  236
4  56.0  284
5  70.0  200
6  63.0  421
7  84.0  197
1  97.0  37
2  34.0  303
3  88.0  195
4  79.0  341
5  67.0  391
6  61.0  362
7  45.0  301
1  41.0  155
2  18.0  409
3  57.0  360
4  70.0  242
5  78.0  214
6  83.0  229
7  53.0  308
1  93.0  33
2  79.0  182
3  69.0  269
4  78.0  167
5  51.0  373
6  82.0  185
7  32.0  417
1  93.0  81
2  69.0  257
3  26.0  616
4  62.0  170
5  35.0  320
6  54.0  287
7  37.0  456
1  69.0  151
2  78.0  153
3  87.0  130
4  87.0  158
5  61.0  306
6  91.0  128
7  28.0  440
1  90.0  163
2  74.0  332
3  74.0  259
4  50.0  215
5  46.0  390
6  89.0  171
7  78.0  271
1  82.0  136
2  37.0  253
3  60.0  216
4  45.0  356
5  54.0  242
6  66.0  298
7  62.0  238
1  88.0  138
2  88.0  155
3  69.0  288
4  88.0  82
5  53.0  347
6  39.0  374
7  60.0  177
1  97.0  37
2  76.0  293
3  77.0  218
4  61.0  373
5  64.0  302
6  20.0  202
7  86.0  166
1  87.0  123
2  70.0  307
3  96.0  136
4  27.0  290
5  56.0  409
6  52.0  332
7  46.0  434
1  95.0  84
2  69.0  429
3  66.0  279
4  57.0  169
5  36.0  398
6  36.0  483
7  50.0  461
1  92.0  115
2  66.0  239
3  40.0  326
4  25.0  180
5  63.0  238
6  45.0  233
7  87.0  135
1  96.0  107
2  87.0  164
3  94.0  151
4  47.0  395
5  58.0  257
6  68.0  357
7  55.0  267
1  55.0  233
2  89.0  165
3  75.0  162
4  71.0  252
5  73.0  255
6  46.0  404
7  74.0  261
1  53.0  102
2  88.0  133
3  85.0  204
4  97.0  172
5  69.0  306
6  72.0  295
7  76.0  153
1  70.0  221
2  72.0  216
3  50.0  291
4  53.0  108
5  59.0  286
6  61.0  331
7  64.0  216
1  96.0  41
2  91.0  97
3  87.0  184
4  63.0  308
5  76.0  317
6  58.0  406
7  51.0  492
1  75.0  218
2  20.0  592
3  43.0  338
4  84.0  127
5  47.0  345
6  44.0  295
7  67.0  253
1  88.0  113
2  94.0  97
3  69.0  209
4  62.0  211
5  79.0  252
6  83.0  225
7  75.0  282
1  96.0  29
2  58.0  208
3  76.0  318
4  61.0  339
5  55.0  140
6  38.0  565
7  54.0  464
