1  43.0  506
2  58.0  521
3  66.0  507
4  37.0  472
5  67.0  527
6  36.0  687
7  38.0  561
1  87.0  517
2  25.0  458
3  13.0  533
4  45.0  480
5  45.0  463
6  57.0  515
7  35.0  508
1  80.0  507
2  83.0  510
3  75.0  495
4  24.0  466
5  67.0  681
6  26.0  576
7  64.0  513
1  52.0  515
2  56.0  511
3  55.0  476
4  41.0  451
5  65.0  568
6  24.0  519
7  54.0  534
1  16.0  339
2  45.0  444
3  87.0  515
4  48.0  381
5  31.0  546
6  48.0  466
7  35.0  575
1  97.0  498
2  67.0  462
3  31.0  501
4  32.0  463
5  54.0  444
6  36.0  470
7  24.0  472
1  13.0  151
2  21.0  347
3  35.0  360
4  87.0  548
5  15.0  408
6  50.0  413
7  67.0  581
1  65.0  500
2  77.0  516
3  45.0  425
4  33.0  497
5  25.0  481
6  36.0  485
7  58.0  588
1  80.0  498
2  57.0  538
3  30.0  383
4  49.0  526
5  42.0  449
6  33.0  529
7  32.0  448
1  52.0  483
2  69.0  416
3  54.0  495
4  42.0  496
5  36.0  532
6  54.0  531
7  51.0  537
1  21.0  356
2  49.0  496
3  47.0  478
4  50.0  571
5  44.0  617
6  15.0  286
7  58.0  492
1  44.0  362
2  41.0  523
3  42.0  425
4  68.0  448
5  60.0  543
6  38.0  543
7  39.0  493
1  1.0  451
2  54.0  460
3  30.0  427
4  73.0  525
5  51.0  560
6  45.0  435
7  17.0  455
1  43.0  509
2  77.0  524
3  52.0  469
4  26.0  517
5  5.0  304
6  38.0  590
7  28.0  580
1  49.0  402
2  49.0  499
3  40.0  373
4  42.0  539
5  69.0  567
6  27.0  392
7  61.0  547
1  45.0  486
2  40.0  498
3  55.0  528
4  35.0  508
5  24.0  375
6  25.0  504
7  35.0  542
1  35.0  508
2  16.0  351
3  39.0  525
4  22.0  450
5  27.0  467
6  27.0  569
7  33.0  595
1  66.0  523
2  51.0  532
3  62.0  537
4  90.0  573
5  67.0  504
6  54.0  526
7  69.0  519
1  77.0  503
2  36.0  420
3  60.0  549
4  54.0  462
5  34.0  438
6  37.0  431
7  36.0  597
1  38.0  506
2  41.0  458
3  39.0  471
4  45.0  480
5  61.0  498
6  55.0  539
7  60.0  520
1  70.0  508
2  44.0  508
3  60.0  530
4  35.0  417
5  50.0  421
6  56.0  563
7  35.0  507
1  97.0  513
2  33.0  399
3  56.0  511
4  75.0  577
5  61.0  505
6  49.0  568
7  24.0  409
1  29.0  329
2  57.0  493
3  36.0  444
4  39.0  593
5  14.0  393
6  41.0  468
7  44.0  506
1  76.0  531
2  46.0  509
3  80.0  521
4  48.0  545
5  46.0  555
6  11.0  361
7  72.0  485
1  34.0  485
2  51.0  434
3  66.0  543
4  58.0  506
5  75.0  515
6  63.0  521
7  54.0  635
1  46.0  512
2  38.0  562
3  35.0  511
4  80.0  528
5  59.0  503
6  54.0  596
7  55.0  546
1  54.0  340
2  43.0  446
3  36.0  505
4  25.0  280
5  40.0  495
6  27.0  460
7  77.0  513
1  66.0  494
2  23.0  445
3  58.0  526
4  57.0  481
5  39.0  547
6  62.0  585
7  37.0  512
1  57.0  511
2  58.0  450
3  74.0  533
4  54.0  447
5  76.0  551
6  37.0  659
7  39.0  582
1  8.0  267
2  69.0  499
3  65.0  553
4  26.0  402
5  84.0  523
6  44.0  517
7  33.0  560
1  56.0  514
2  17.0  408
3  35.0  476
4  43.0  430
5  62.0  550
6  42.0  507
7  44.0  616
1  75.0  523
2  51.0  504
3  56.0  531
4  38.0  482
5  58.0  486
6  29.0  468
7  44.0  627
1  45.0  371
2  60.0  519
3  50.0  500
4  74.0  548
5  21.0  435
6  43.0  386
7  68.0  562
1  38.0  387
2  31.0  346
3  7.0  220
4  49.0  439
5  34.0  473
6  56.0  519
7  14.0  328
1  37.0  492
2  47.0  463
3  19.0  377
4  23.0  439
5  55.0  583
6  57.0  475
7  36.0  527
1  78.0  525
2  50.0  498
3  64.0  515
4  40.0  547
5  73.0  535
6  29.0  567
7  37.0  584
1  71.0  520
2  71.0  494
3  56.0  528
4  35.0  423
5  32.0  523
6  34.0  496
7  34.0  575
1  73.0  480
2  19.0  272
3  50.0  542
4  41.0  393
5  70.0  588
6  50.0  461
7  35.0  454
1  42.0  326
2  57.0  329
3  38.0  449
4  37.0  462
5  31.0  448
6  50.0  471
7  62.0  422
1  63.0  516
2  47.0  459
3  17.0  322
4  53.0  569
5  31.0  517
6  49.0  513
7  50.0  597
1  21.0  447
2  22.0  271
3  34.0  352
4  57.0  511
5  35.0  530
6  44.0  506
7  32.0  443
1  26.0  379
2  44.0  495
3  55.0  476
4  62.0  535
5  33.0  423
6  46.0  505
7  23.0  558
1  51.0  514
2  53.0  445
3  52.0  521
4  79.0  535
5  33.0  442
6  52.0  504
7  25.0  535
1  66.0  495
2  0.0  208
3  31.0  533
4  82.0  547
5  34.0  483
6  76.0  548
7  38.0  616
1  83.0  520
2  59.0  462
3  66.0  565
4  31.0  401
5  58.0  577
6  40.0  596
7  26.0  547
1  14.0  365
2  54.0  471
3  25.0  373
4  58.0  524
5  44.0  585
6  71.0  550
7  19.0  471
1  77.0  499
2  67.0  434
3  56.0  521
4  26.0  327
5  50.0  540
6  25.0  496
7  22.0  500
1  67.0  511
2  3.0  257
3  26.0  359
4  42.0  502
5  30.0  358
6  39.0  584
7  40.0  598
1  74.0  521
2  68.0  530
3  24.0  341
4  51.0  519
5  39.0  433
6  41.0  397
7  46.0  547
1  65.0  498
2  56.0  474
3  34.0  387
4  61.0  505
5  24.0  485
6  36.0  590
7  60.0  513
1  30.0  526
2  33.0  389
3  29.0  547
4  52.0  523
5  83.0  565
6  33.0  481
7  30.0  514
1  44.0  435
2  29.0  370
3  58.0  555
4  46.0  538
5  64.0  584
6  63.0  593
7  36.0  645
1  56.0  519
2  65.0  517
3  50.0  519
4  34.0  459
5  23.0  436
6  54.0  579
7  46.0  549
1  59.0  523
2  59.0  472
3  58.0  447
4  55.0  577
5  48.0  519
6  11.0  399
7  65.0  516
1  9.0  234
2  42.0  498
3  35.0  466
4  32.0  527
5  57.0  477
6  46.0  429
7  23.0  345
1  29.0  428
2  70.0  537
3  68.0  521
4  44.0  553
5  53.0  565
6  24.0  476
7  31.0  579
1  81.0  520
2  69.0  501
3  38.0  446
4  5.0  199
5  27.0  389
6  30.0  397
7  16.0  281
1  54.0  422
2  65.0  492
3  38.0  391
4  32.0  468
5  33.0  452
6  48.0  587
7  48.0  584
1  59.0  500
2  12.0  259
3  76.0  574
4  57.0  531
5  54.0  516
6  38.0  603
7  36.0  535
1  51.0  505
2  40.0  497
3  22.0  373
4  23.0  405
5  32.0  599
6  23.0  514
7  34.0  563
1  61.0  513
2  79.0  518
3  20.0  358
4  41.0  538
5  69.0  545
6  28.0  494
7  68.0  582
1  49.0  528
2  72.0  514
3  42.0  563
4  62.0  519
5  34.0  350
6  8.0  502
7  45.0  430
1  61.0  516
2  51.0  554
3  28.0  334
4  54.0  440
5  37.0  499
6  23.0  515
7  31.0  513
1  67.0  506
2  34.0  482
3  69.0  520
4  27.0  359
5  63.0  552
6  41.0  575
7  24.0  485
1  20.0  460
2  48.0  471
3  50.0  530
4  49.0  492
5  36.0  480
6  62.0  561
7  39.0  589
1  32.0  284
2  63.0  504
3  41.0  313
4  45.0  520
5  22.0  446
6  15.0  431
7  40.0  490
1  79.0  514
2  66.0  535
3  72.0  552
4  87.0  539
5  39.0  415
6  63.0  551
7  37.0  559
1  94.0  523
2  50.0  523
3  24.0  499
4  37.0  541
5  24.0  445
6  33.0  537
7  27.0  654
1  60.0  512
2  50.0  505
3  52.0  440
4  48.0  557
5  50.0  567
6  38.0  607
7  43.0  549
1  75.0  522
2  56.0  508
3  51.0  514
4  39.0  530
5  43.0  559
6  41.0  597
7  51.0  576
1  73.0  518
2  41.0  521
3  53.0  518
4  64.0  497
5  48.0  579
6  36.0  525
7  64.0  599
1  16.0  319
2  16.0  318
3  70.0  506
4  4.0  229
5  30.0  425
6  55.0  574
7  32.0  408
1  55.0  399
2  82.0  533
3  65.0  483
4  50.0  494
5  44.0  526
6  52.0  561
7  40.0  611
1  62.0  496
2  58.0  512
3  64.0  549
4  54.0  516
5  30.0  414
6  52.0  625
7  36.0  506
1  66.0  500
2  14.0  492
3  52.0  483
4  38.0  486
5  57.0  574
6  42.0  538
7  49.0  648
1  61.0  501
2  36.0  413
3  44.0  469
4  57.0  508
5  42.0  512
6  37.0  383
7  30.0  544
1  71.0  502
2  26.0  331
3  44.0  432
4  34.0  471
5  28.0  408
6  55.0  668
7  37.0  556
1  75.0  483
2  86.0  527
3  39.0  524
4  29.0  497
5  54.0  605
6  32.0  320
7  39.0  471
1  38.0  507
2  37.0  375
3  62.0  534
4  81.0  526
5  60.0  524
6  50.0  584
7  37.0  531
1  57.0  407
2  61.0  489
3  39.0  470
4  25.0  478
5  37.0  505
6  27.0  434
7  60.0  492
1  59.0  499
2  47.0  534
3  56.0  540
4  75.0  596
5  52.0  501
6  29.0  577
7  33.0  372
1  39.0  516
2  81.0  502
3  52.0  506
4  51.0  446
5  56.0  490
6  36.0  551
7  26.0  433
1  30.0  464
2  47.0  514
3  53.0  492
4  65.0  515
5  38.0  494
6  49.0  561
7  38.0  522
1  85.0  509
2  56.0  515
3  25.0  343
4  62.0  490
5  39.0  398
6  45.0  567
7  62.0  562
1  23.0  328
2  22.0  450
3  68.0  482
4  54.0  533
5  42.0  427
6  43.0  576
7  44.0  546
1  75.0  511
2  80.0  522
3  56.0  474
4  53.0  616
5  48.0  554
6  43.0  513
7  48.0  520
1  9.0  156
2  28.0  485
3  40.0  530
4  33.0  490
5  77.0  540
6  53.0  509
7  18.0  569
1  54.0  479
2  55.0  545
3  60.0  532
4  33.0  420
5  57.0  538
6  50.0  541
7  29.0  490
1  28.0  480
2  28.0  480
3  52.0  495
4  61.0  533
5  48.0  602
6  58.0  499
7  38.0  492
1  77.0  477
2  65.0  512
3  33.0  532
4  46.0  566
5  58.0  583
6  35.0  572
7  27.0  557
1  28.0  456
2  0.0  228
3  50.0  539
4  64.0  573
5  35.0  478
6  76.0  558
7  50.0  511
1  67.0  477
2  59.0  508
3  46.0  519
4  41.0  523
5  49.0  364
6  21.0  372
7  29.0  436
1  68.0  461
2  41.0  492
3  30.0  345
4  60.0  588
5  57.0  546
6  37.0  600
7  33.0  590
1  65.0  511
2  40.0  510
3  63.0  527
4  46.0  437
5  63.0  524
6  56.0  562
7  32.0  550
1  82.0  507
2  45.0  477
3  65.0  525
4  19.0  327
5  61.0  487
6  56.0  473
7  43.0  540
1  73.0  513
2  51.0  525
3  63.0  530
4  63.0  546
5  36.0  599
6  28.0  507
7  51.0  533
1  95.0  507
2  15.0  348
3  88.0  493
4  66.0  486
5  54.0  607
6  60.0  515
7  57.0  506
1  36.0  498
2  52.0  508
3  80.0  562
4  56.0  593
5  49.0  515
6  41.0  466
7  18.0  433
1  11.0  377
2  70.0  489
3  29.0  336
4  69.0  534
5  45.0  513
6  40.0  531
7  73.0  514
1  89.0  515
2  50.0  423
3  74.0  481
4  21.0  564
5  22.0  464
6  72.0  579
7  26.0  583
