1  68.0  176.0
2  43.0  231.0
3  93.0  70.0
4  81.0  167.0
5  38.0  358.0
6  50.0  381.0
7  44.0  316.0
1  93.0  68.0
2  74.0  404.0
3  27.0  432.0
4  63.0  193.0
5  75.0  162.0
6  43.0  414.0
7  69.0  398.0
1  96.0  71.0
2  46.0  423.0
3  75.0  137.0
4  71.0  308.0
5  45.0  462.0
6  79.0  136.0
7  45.0  436.0
1  98.0  17.0
2  97.0  54.0
3  72.0  293.0
4  77.0  185.0
5  36.0  272.0
6  51.0  320.0
7  77.0  228.0
1  92.0  64.0
2  98.0  39.0
3  32.0  449.0
4  44.0  400.0
5  60.0  414.0
6  57.0  472.0
7  45.0  381.0
1  93.0  121.0
2  88.0  100.0
3  43.0  276.0
4  60.0  405.0
5  81.0  154.0
6  60.0  392.0
7  66.0  294.0
1  27.0  401.0
2  83.0  48.0
3  55.0  278.0
4  41.0  268.0
5  27.0  373.0
6  21.0  379.0
7  44.0  525.0
1  89.0  119.0
2  83.0  129.0
3  36.0  268.0
4  69.0  378.0
5  38.0  494.0
6  75.0  246.0
7  45.0  503.0
1  98.0  18.0
2  98.0  37.0
3  75.0  216.0
4  28.0  416.0
5  68.0  331.0
6  76.0  272.0
7  47.0  522.0
1  73.0  166.0
2  35.0  207.0
3  56.0  272.0
4  65.0  358.0
5  39.0  355.0
6  49.0  482.0
7  38.0  258.0
1  63.0  419.0
2  72.0  162.0
3  35.0  635.0
4  81.0  228.0
5  47.0  329.0
6  50.0  384.0
7  71.0  457.0
1  80.0  172.0
2  61.0  359.0
3  57.0  336.0
4  62.0  374.0
5  56.0  513.0
6  24.0  371.0
7  35.0  480.0
1  85.0  45.0
2  85.0  166.0
3  52.0  327.0
4  37.0  350.0
5  43.0  348.0
6  56.0  451.0
7  35.0  267.0
1  38.0  424.0
2  75.0  352.0
3  61.0  350.0
4  53.0  421.0
5  44.0  220.0
6  69.0  305.0
7  33.0  259.0
1  98.0  23.0
2  93.0  167.0
3  81.0  172.0
4  53.0  334.0
5  38.0  291.0
6  65.0  394.0
7  77.0  248.0
1  71.0  303.0
2  78.0  163.0
3  16.0  448.0
4  84.0  136.0
5  61.0  285.0
6  39.0  447.0
7  54.0  323.0
1  95.0  45.0
2  83.0  157.0
3  82.0  200.0
4  42.0  144.0
5  69.0  366.0
6  67.0  399.0
7  35.0  529.0
1  98.0  46.0
2  67.0  314.0
3  74.0  214.0
4  35.0  276.0
5  49.0  338.0
6  71.0  406.0
7  31.0  465.0
1  83.0  177.0
2  90.0  220.0
3  58.0  145.0
4  40.0  280.0
5  61.0  399.0
6  61.0  385.0
7  34.0  535.0
1  45.0  203.0
2  30.0  353.0
3  27.0  350.0
4  73.0  309.0
5  33.0  283.0
6  47.0  458.0
7  52.0  451.0
1  98.0  9.0
2  36.0  100.0
3  98.0  5.0
4  81.0  71.0
5  23.0  496.0
6  6.0  251.0
7  36.0  350.0
1  98.0  23.0
2  62.0  202.0
3  34.0  464.0
4  66.0  356.0
5  32.0  342.0
6  43.0  524.0
7  34.0  429.0
1  77.0  289.0
2  35.0  269.0
3  51.0  473.0
4  76.0  311.0
5  50.0  452.0
6  61.0  329.0
7  39.0  382.0
1  90.0  90.0
2  52.0  494.0
3  64.0  248.0
4  61.0  389.0
5  30.0  405.0
6  47.0  485.0
7  46.0  460.0
1  76.0  360.0
2  30.0  118.0
3  83.0  233.0
4  92.0  102.0
5  46.0  292.0
6  63.0  245.0
7  67.0  324.0
1  94.0  24.0
2  82.0  140.0
3  47.0  422.0
4  91.0  92.0
5  65.0  199.0
6  21.0  296.0
7  91.0  156.0
1  97.0  58.0
2  42.0  411.0
3  41.0  428.0
4  31.0  308.0
5  39.0  223.0
6  56.0  366.0
7  30.0  428.0
1  98.0  32.0
2  73.0  242.0
3  65.0  181.0
4  64.0  211.0
5  35.0  377.0
6  47.0  436.0
7  44.0  396.0
1  93.0  59.0
2  98.0  21.0
3  73.0  268.0
4  89.0  119.0
5  54.0  435.0
6  21.0  393.0
7  84.0  160.0
1  47.0  312.0
2  79.0  261.0
3  77.0  290.0
4  61.0  242.0
5  66.0  341.0
6  36.0  408.0
7  45.0  396.0
1  77.0  277.0
2  81.0  153.0
3  64.0  312.0
4  70.0  259.0
5  85.0  147.0
6  43.0  557.0
7  96.0  64.0
1  94.0  59.0
2  46.0  459.0
3  83.0  169.0
4  59.0  336.0
5  53.0  317.0
6  38.0  337.0
7  48.0  257.0
1  74.0  251.0
2  91.0  156.0
3  87.0  142.0
4  52.0  172.0
5  65.0  305.0
6  35.0  419.0
7  41.0  503.0
1  73.0  29.0
2  48.0  399.0
3  74.0  408.0
4  34.0  501.0
5  38.0  389.0
6  36.0  231.0
7  62.0  267.0
1  73.0  311.0
2  64.0  264.0
3  76.0  268.0
4  56.0  418.0
5  16.0  286.0
6  49.0  380.0
7  51.0  421.0
1  84.0  163.0
2  82.0  256.0
3  55.0  190.0
4  63.0  400.0
5  55.0  329.0
6  45.0  280.0
7  37.0  529.0
1  83.0  35.0
2  54.0  338.0
3  76.0  298.0
4  36.0  384.0
5  42.0  426.0
6  52.0  352.0
7  41.0  464.0
1  82.0  256.0
2  94.0  116.0
3  93.0  68.0
4  58.0  277.0
5  49.0  346.0
6  31.0  264.0
7  66.0  187.0
1  57.0  63.0
2  58.0  339.0
3  72.0  266.0
4  56.0  418.0
5  46.0  378.0
6  34.0  257.0
7  32.0  111.0
1  49.0  234.0
2  79.0  291.0
3  43.0  360.0
4  55.0  407.0
5  78.0  258.0
6  60.0  388.0
7  43.0  484.0
1  96.0  56.0
2  78.0  197.0
3  47.0  485.0
4  51.0  540.0
5  40.0  339.0
6  51.0  525.0
7  69.0  212.0
1  85.0  115.0
2  81.0  253.0
3  79.0  222.0
4  77.0  288.0
5  49.0  440.0
6  46.0  415.0
7  37.0  513.0
1  57.0  173.0
2  95.0  96.0
3  61.0  305.0
4  48.0  234.0
5  45.0  361.0
6  54.0  371.0
7  65.0  371.0
1  72.0  243.0
2  59.0  290.0
3  77.0  233.0
4  66.0  293.0
5  45.0  466.0
6  82.0  204.0
7  63.0  391.0
1  71.0  167.0
2  74.0  228.0
3  40.0  449.0
4  86.0  150.0
5  57.0  415.0
6  51.0  408.0
7  45.0  448.0
1  98.0  28.0
2  79.0  210.0
3  80.0  244.0
4  42.0  463.0
5  53.0  447.0
6  33.0  549.0
7  29.0  437.0
1  82.0  209.0
2  82.0  191.0
3  65.0  309.0
4  72.0  252.0
5  41.0  312.0
6  75.0  258.0
7  23.0  496.0
1  75.0  203.0
2  66.0  227.0
3  48.0  325.0
4  25.0  486.0
5  45.0  421.0
6  52.0  411.0
7  50.0  217.0
1  89.0  84.0
2  43.0  276.0
3  71.0  240.0
4  54.0  411.0
5  58.0  181.0
6  58.0  185.0
7  29.0  386.0
1  98.0  39.0
2  36.0  290.0
3  63.0  470.0
4  54.0  411.0
5  57.0  317.0
6  53.0  375.0
7  34.0  347.0
1  98.0  10.0
2  67.0  267.0
3  96.0  112.0
4  52.0  380.0
5  64.0  227.0
6  28.0  469.0
7  40.0  373.0
1  93.0  136.0
2  72.0  401.0
3  59.0  354.0
4  38.0  384.0
5  47.0  357.0
6  27.0  276.0
7  36.0  325.0
1  85.0  187.0
2  63.0  286.0
3  41.0  234.0
4  67.0  359.0
5  45.0  434.0
6  82.0  143.0
7  49.0  265.0
1  91.0  75.0
2  63.0  321.0
3  53.0  311.0
4  59.0  471.0
5  36.0  422.0
6  78.0  156.0
7  26.0  455.0
1  93.0  101.0
2  69.0  287.0
3  98.0  33.0
4  68.0  249.0
5  38.0  551.0
6  18.0  309.0
7  39.0  462.0
1  93.0  71.0
2  95.0  107.0
3  45.0  194.0
4  85.0  72.0
5  43.0  291.0
6  48.0  516.0
7  78.0  165.0
1  95.0  95.0
2  48.0  193.0
3  30.0  222.0
4  29.0  337.0
5  66.0  118.0
6  42.0  377.0
7  31.0  527.0
1  79.0  208.0
2  33.0  311.0
3  22.0  297.0
4  46.0  266.0
5  63.0  397.0
6  34.0  441.0
7  38.0  237.0
1  95.0  77.0
2  96.0  59.0
3  62.0  253.0
4  36.0  273.0
5  30.0  313.0
6  58.0  264.0
7  89.0  112.0
1  78.0  141.0
2  77.0  229.0
3  54.0  256.0
4  89.0  188.0
5  80.0  268.0
6  50.0  476.0
7  48.0  368.0
1  98.0  10.0
2  98.0  10.0
3  68.0  151.0
4  67.0  389.0
5  13.0  584.0
6  39.0  345.0
7  48.0  435.0
1  65.0  292.0
2  65.0  162.0
3  75.0  279.0
4  54.0  183.0
5  46.0  589.0
6  34.0  219.0
7  73.0  247.0
1  86.0  258.0
2  21.0  228.0
3  28.0  245.0
4  58.0  198.0
5  51.0  485.0
6  57.0  279.0
7  54.0  258.0
1  98.0  8.0
2  48.0  421.0
3  92.0  234.0
4  96.0  23.0
5  60.0  249.0
6  71.0  285.0
7  43.0  421.0
1  80.0  29.0
2  35.0  292.0
3  68.0  279.0
4  48.0  498.0
5  43.0  463.0
6  38.0  409.0
7  24.0  413.0
1  41.0  261.0
2  36.0  428.0
3  53.0  243.0
4  69.0  242.0
5  29.0  433.0
6  58.0  283.0
7  41.0  494.0
1  63.0  451.0
2  89.0  131.0
3  27.0  497.0
4  27.0  394.0
5  51.0  398.0
6  64.0  357.0
7  43.0  478.0
1  78.0  200.0
2  98.0  21.0
3  62.0  415.0
4  61.0  322.0
5  55.0  332.0
6  73.0  339.0
7  40.0  425.0
1  79.0  270.0
2  24.0  204.0
3  61.0  361.0
4  71.0  220.0
5  83.0  109.0
6  40.0  469.0
7  62.0  449.0
1  96.0  39.0
2  91.0  65.0
3  55.0  346.0
4  53.0  517.0
5  58.0  381.0
6  78.0  154.0
7  40.0  286.0
1  85.0  315.0
2  92.0  77.0
3  77.0  329.0
4  49.0  405.0
5  42.0  464.0
6  46.0  395.0
7  50.0  311.0
1  85.0  111.0
2  47.0  207.0
3  68.0  293.0
4  24.0  306.0
5  40.0  369.0
6  54.0  422.0
7  23.0  330.0
1  28.0  200.0
2  87.0  111.0
3  75.0  77.0
4  44.0  405.0
5  58.0  362.0
6  62.0  359.0
7  69.0  399.0
1  88.0  72.0
2  95.0  18.0
3  66.0  442.0
4  26.0  452.0
5  40.0  403.0
6  74.0  463.0
7  41.0  265.0
1  88.0  81.0
2  82.0  187.0
3  43.0  533.0
4  40.0  364.0
5  64.0  425.0
6  40.0  462.0
7  53.0  413.0
1  34.0  365.0
2  62.0  464.0
3  50.0  285.0
4  31.0  416.0
5  46.0  245.0
6  41.0  486.0
7  81.0  187.0
1  88.0  154.0
2  33.0  177.0
3  47.0  502.0
4  47.0  225.0
5  88.0  142.0
6  58.0  347.0
7  54.0  328.0
1  98.0  38.0
2  94.0  72.0
3  68.0  231.0
4  37.0  410.0
5  48.0  317.0
6  25.0  373.0
7  54.0  248.0
1  40.0  232.0
2  56.0  328.0
3  68.0  243.0
4  73.0  205.0
5  35.0  381.0
6  34.0  461.0
7  37.0  408.0
1  79.0  219.0
2  88.0  172.0
3  56.0  351.0
4  77.0  283.0
5  28.0  338.0
6  82.0  143.0
7  35.0  400.0
1  89.0  144.0
2  31.0  285.0
3  46.0  333.0
4  56.0  392.0
5  29.0  317.0
6  36.0  503.0
7  41.0  370.0
1  90.0  158.0
2  98.0  34.0
3  42.0  214.0
4  48.0  255.0
5  72.0  216.0
6  68.0  226.0
7  76.0  228.0
1  93.0  78.0
2  40.0  239.0
3  42.0  391.0
4  47.0  476.0
5  44.0  365.0
6  60.0  241.0
7  53.0  432.0
1  86.0  150.0
2  52.0  311.0
3  88.0  129.0
4  74.0  222.0
5  84.0  99.0
6  62.0  330.0
7  55.0  425.0
1  98.0  11.0
2  88.0  160.0
3  56.0  385.0
4  20.0  462.0
5  84.0  181.0
6  52.0  407.0
7  21.0  558.0
1  64.0  257.0
2  92.0  100.0
3  55.0  282.0
4  73.0  363.0
5  86.0  11.0
6  36.0  608.0
7  35.0  576.0
1  22.0  555.0
2  85.0  137.0
3  28.0  368.0
4  38.0  405.0
5  59.0  457.0
6  68.0  257.0
7  55.0  405.0
1  41.0  237.0
2  66.0  331.0
3  60.0  393.0
4  43.0  437.0
5  37.0  467.0
6  47.0  424.0
7  39.0  372.0
1  80.0  21.0
2  89.0  118.0
3  63.0  391.0
4  46.0  343.0
5  79.0  170.0
6  69.0  410.0
7  62.0  188.0
1  97.0  42.0
2  49.0  322.0
3  59.0  302.0
4  66.0  430.0
5  63.0  332.0
6  53.0  226.0
7  45.0  505.0
1  66.0  75.0
2  57.0  441.0
3  42.0  156.0
4  54.0  353.0
5  51.0  432.0
6  82.0  224.0
7  68.0  250.0
1  97.0  94.0
2  61.0  252.0
3  78.0  274.0
4  55.0  391.0
5  71.0  309.0
6  55.0  400.0
7  26.0  604.0
1  28.0  441.0
2  57.0  207.0
3  80.0  254.0
4  79.0  186.0
5  33.0  517.0
6  96.0  27.0
7  54.0  436.0
1  74.0  281.0
2  42.0  264.0
3  20.0  295.0
4  82.0  104.0
5  39.0  400.0
6  73.0  257.0
7  30.0  527.0
1  44.0  452.0
2  70.0  149.0
3  59.0  340.0
4  44.0  209.0
5  61.0  424.0
6  66.0  342.0
7  32.0  470.0
1  96.0  132.0
2  71.0  223.0
3  73.0  190.0
4  81.0  261.0
5  51.0  214.0
6  50.0  373.0
7  51.0  460.0
1  92.0  29.0
2  79.0  184.0
3  64.0  409.0
4  50.0  223.0
5  61.0  359.0
6  66.0  296.0
7  71.0  212.0
1  46.0  354.0
2  75.0  331.0
3  63.0  275.0
4  56.0  393.0
5  50.0  473.0
6  64.0  326.0
7  55.0  319.0
1  89.0  150.0
2  87.0  245.0
3  44.0  201.0
4  55.0  333.0
5  32.0  396.0
6  58.0  451.0
7  28.0  355.0
1  88.0  71.0
2  88.0  101.0
3  84.0  121.0
4  87.0  157.0
5  56.0  318.0
6  21.0  449.0
7  40.0  436.0
