1  67.0  364.0
2  42.0  266.0
3  72.0  65.0
4  70.0  242.0
5  28.0  343.0
6  67.0  319.0
7  37.0  382.0
1  86.0  126.0
2  72.0  196.0
3  87.0  105.0
4  83.0  212.0
5  59.0  284.0
6  46.0  194.0
7  52.0  338.0
1  98.0  12.0
2  89.0  127.0
3  70.0  390.0
4  36.0  273.0
5  89.0  170.0
6  29.0  505.0
7  20.0  402.0
1  73.0  201.0
2  74.0  194.0
3  44.0  206.0
4  39.0  303.0
5  28.0  450.0
6  56.0  449.0
7  41.0  516.0
1  67.0  94.0
2  60.0  279.0
3  80.0  201.0
4  36.0  393.0
5  32.0  432.0
6  50.0  412.0
7  50.0  414.0
1  79.0  237.0
2  60.0  328.0
3  54.0  268.0
4  44.0  439.0
5  72.0  299.0
6  93.0  94.0
7  53.0  218.0
1  68.0  60.0
2  90.0  106.0
3  32.0  266.0
4  57.0  389.0
5  59.0  383.0
6  49.0  392.0
7  48.0  409.0
1  96.0  83.0
2  68.0  316.0
3  48.0  339.0
4  18.0  343.0
5  76.0  320.0
6  28.0  453.0
7  33.0  330.0
1  68.0  359.0
2  98.0  47.0
3  34.0  242.0
4  49.0  259.0
5  40.0  316.0
6  72.0  247.0
7  67.0  224.0
1  69.0  77.0
2  86.0  154.0
3  30.0  481.0
4  54.0  157.0
5  68.0  115.0
6  40.0  469.0
7  48.0  453.0
1  58.0  242.0
2  66.0  312.0
3  59.0  453.0
4  22.0  383.0
5  30.0  485.0
6  36.0  299.0
7  61.0  381.0
1  96.0  66.0
2  94.0  125.0
3  68.0  306.0
4  87.0  141.0
5  54.0  451.0
6  60.0  412.0
7  65.0  325.0
1  92.0  100.0
2  96.0  81.0
3  85.0  192.0
4  62.0  417.0
5  66.0  230.0
6  85.0  84.0
7  65.0  371.0
1  69.0  238.0
2  86.0  138.0
3  98.0  16.0
4  50.0  374.0
5  61.0  337.0
6  45.0  231.0
7  65.0  269.0
1  76.0  147.0
2  87.0  200.0
3  50.0  353.0
4  85.0  112.0
5  41.0  374.0
6  87.0  185.0
7  69.0  336.0
1  88.0  102.0
2  68.0  314.0
3  67.0  257.0
4  53.0  336.0
5  29.0  344.0
6  46.0  408.0
7  52.0  352.0
1  93.0  50.0
2  69.0  339.0
3  41.0  291.0
4  57.0  372.0
5  51.0  416.0
6  84.0  116.0
7  43.0  240.0
1  18.0  183.0
2  67.0  291.0
3  50.0  254.0
4  92.0  128.0
5  76.0  234.0
6  73.0  205.0
7  39.0  437.0
1  70.0  318.0
2  44.0  606.0
3  56.0  387.0
4  36.0  358.0
5  91.0  44.0
6  40.0  580.0
7  31.0  519.0
1  70.0  247.0
2  42.0  588.0
3  68.0  403.0
4  34.0  440.0
5  93.0  82.0
6  43.0  379.0
7  61.0  309.0
1  64.0  177.0
2  83.0  135.0
3  19.0  348.0
4  61.0  359.0
5  52.0  444.0
6  31.0  353.0
7  86.0  138.0
1  34.0  206.0
2  66.0  409.0
3  50.0  450.0
4  42.0  304.0
5  46.0  336.0
6  40.0  392.0
7  64.0  351.0
1  98.0  14.0
2  82.0  166.0
3  83.0  219.0
4  46.0  391.0
5  48.0  396.0
6  41.0  382.0
7  60.0  460.0
1  98.0  32.0
2  18.0  509.0
3  63.0  418.0
4  47.0  379.0
5  62.0  298.0
6  25.0  503.0
7  47.0  388.0
1  91.0  87.0
2  86.0  134.0
3  32.0  261.0
4  21.0  407.0
5  52.0  375.0
6  41.0  265.0
7  29.0  470.0
1  75.0  305.0
2  58.0  192.0
3  81.0  197.0
4  62.0  445.0
5  44.0  419.0
6  70.0  291.0
7  77.0  165.0
1  74.0  138.0
2  56.0  305.0
3  61.0  205.0
4  93.0  38.0
5  45.0  334.0
6  63.0  423.0
7  41.0  380.0
1  51.0  205.0
2  71.0  315.0
3  81.0  171.0
4  79.0  175.0
5  45.0  382.0
6  52.0  453.0
7  22.0  352.0
1  88.0  158.0
2  82.0  243.0
3  71.0  324.0
4  53.0  366.0
5  45.0  378.0
6  63.0  386.0
7  74.0  127.0
1  48.0  343.0
2  98.0  15.0
3  64.0  263.0
4  87.0  119.0
5  26.0  533.0
6  62.0  408.0
7  66.0  308.0
1  49.0  264.0
2  87.0  137.0
3  86.0  226.0
4  47.0  448.0
5  66.0  273.0
6  39.0  296.0
7  63.0  446.0
1  81.0  234.0
2  97.0  59.0
3  37.0  430.0
4  67.0  261.0
5  58.0  303.0
6  60.0  251.0
7  38.0  333.0
1  98.0  32.0
2  60.0  428.0
3  60.0  267.0
4  30.0  402.0
5  38.0  419.0
6  33.0  481.0
7  42.0  384.0
1  89.0  86.0
2  74.0  285.0
3  54.0  450.0
4  70.0  240.0
5  24.0  254.0
6  37.0  504.0
7  65.0  364.0
1  76.0  329.0
2  19.0  280.0
3  51.0  230.0
4  79.0  227.0
5  49.0  323.0
6  56.0  397.0
7  98.0  13.0
1  31.0  336.0
2  51.0  296.0
3  45.0  269.0
4  76.0  258.0
5  31.0  472.0
6  46.0  350.0
7  84.0  143.0
1  91.0  106.0
2  96.0  69.0
3  82.0  252.0
4  39.0  503.0
5  91.0  86.0
6  22.0  454.0
7  47.0  364.0
1  73.0  167.0
2  37.0  519.0
3  52.0  386.0
4  69.0  330.0
5  91.0  54.0
6  42.0  373.0
7  65.0  338.0
1  91.0  210.0
2  59.0  317.0
3  50.0  437.0
4  67.0  380.0
5  50.0  209.0
6  55.0  505.0
7  54.0  407.0
1  72.0  307.0
2  23.0  221.0
3  48.0  430.0
4  58.0  303.0
5  62.0  397.0
6  92.0  126.0
7  49.0  406.0
1  83.0  211.0
2  97.0  37.0
3  39.0  343.0
4  66.0  257.0
5  85.0  133.0
6  33.0  393.0
7  3.0  156.0
1  34.0  414.0
2  98.0  8.0
3  41.0  179.0
4  68.0  79.0
5  43.0  467.0
6  52.0  354.0
7  44.0  297.0
1  98.0  42.0
2  23.0  468.0
3  43.0  346.0
4  69.0  219.0
5  81.0  118.0
6  46.0  363.0
7  40.0  446.0
1  79.0  33.0
2  74.0  254.0
3  65.0  102.0
4  53.0  366.0
5  32.0  437.0
6  37.0  313.0
7  42.0  483.0
1  98.0  20.0
2  95.0  68.0
3  42.0  376.0
4  54.0  242.0
5  35.0  365.0
6  55.0  434.0
7  52.0  302.0
1  92.0  112.0
2  83.0  190.0
3  60.0  238.0
4  50.0  267.0
5  77.0  302.0
6  75.0  125.0
7  60.0  459.0
1  98.0  20.0
2  84.0  157.0
3  81.0  161.0
4  52.0  365.0
5  26.0  533.0
6  24.0  312.0
7  22.0  425.0
1  29.0  266.0
2  70.0  264.0
3  53.0  372.0
4  96.0  97.0
5  63.0  359.0
6  53.0  439.0
7  27.0  381.0
1  98.0  16.0
2  80.0  287.0
3  45.0  414.0
4  52.0  562.0
5  49.0  371.0
6  66.0  291.0
7  74.0  188.0
1  83.0  257.0
2  46.0  270.0
3  64.0  371.0
4  35.0  323.0
5  61.0  339.0
6  76.0  155.0
7  38.0  462.0
1  75.0  115.0
2  80.0  164.0
3  71.0  279.0
4  41.0  351.0
5  48.0  207.0
6  24.0  476.0
7  57.0  300.0
1  90.0  134.0
2  41.0  422.0
3  48.0  287.0
4  63.0  410.0
5  72.0  169.0
6  41.0  409.0
7  59.0  375.0
1  80.0  367.0
2  72.0  234.0
3  26.0  370.0
4  66.0  170.0
5  86.0  145.0
6  56.0  204.0
7  48.0  404.0
1  96.0  52.0
2  78.0  122.0
3  80.0  234.0
4  73.0  399.0
5  84.0  153.0
6  58.0  268.0
7  39.0  332.0
1  98.0  35.0
2  95.0  114.0
3  68.0  380.0
4  63.0  372.0
5  58.0  409.0
6  69.0  379.0
7  97.0  76.0
1  70.0  223.0
2  40.0  418.0
3  58.0  331.0
4  69.0  188.0
5  86.0  105.0
6  45.0  255.0
7  84.0  145.0
1  23.0  201.0
2  38.0  401.0
3  60.0  333.0
4  89.0  80.0
5  46.0  353.0
6  35.0  393.0
7  68.0  374.0
1  98.0  17.0
2  64.0  227.0
3  58.0  348.0
4  59.0  391.0
5  80.0  227.0
6  75.0  190.0
7  65.0  296.0
1  92.0  71.0
2  80.0  172.0
3  73.0  185.0
4  76.0  269.0
5  34.0  392.0
6  49.0  315.0
7  80.0  228.0
1  89.0  56.0
2  58.0  359.0
3  51.0  370.0
4  79.0  270.0
5  55.0  175.0
6  79.0  261.0
7  28.0  450.0
1  98.0  50.0
2  94.0  84.0
3  43.0  371.0
4  55.0  316.0
5  50.0  348.0
6  98.0  26.0
7  62.0  198.0
1  94.0  124.0
2  66.0  95.0
3  51.0  376.0
4  27.0  378.0
5  46.0  447.0
6  69.0  174.0
7  57.0  446.0
1  93.0  161.0
2  72.0  183.0
3  93.0  79.0
4  63.0  199.0
5  43.0  350.0
6  56.0  399.0
7  74.0  248.0
1  91.0  59.0
2  68.0  186.0
3  59.0  367.0
4  54.0  347.0
5  41.0  348.0
6  57.0  360.0
7  41.0  423.0
1  76.0  54.0
2  78.0  232.0
3  77.0  223.0
4  37.0  278.0
5  84.0  157.0
6  56.0  230.0
7  87.0  157.0
1  87.0  91.0
2  69.0  266.0
3  75.0  288.0
4  41.0  293.0
5  91.0  105.0
6  61.0  346.0
7  40.0  441.0
1  76.0  246.0
2  82.0  190.0
3  59.0  278.0
4  42.0  459.0
5  78.0  244.0
6  40.0  524.0
7  51.0  404.0
1  61.0  71.0
2  98.0  12.0
3  71.0  162.0
4  52.0  363.0
5  83.0  198.0
6  23.0  330.0
7  67.0  174.0
1  98.0  10.0
2  70.0  361.0
3  61.0  321.0
4  74.0  121.0
5  96.0  90.0
6  37.0  353.0
7  23.0  473.0
1  98.0  56.0
2  66.0  68.0
3  38.0  331.0
4  88.0  118.0
5  29.0  379.0
6  47.0  352.0
7  74.0  145.0
1  90.0  93.0
2  37.0  295.0
3  65.0  224.0
4  35.0  330.0
5  70.0  293.0
6  59.0  403.0
7  83.0  206.0
1  90.0  68.0
2  17.0  212.0
3  42.0  292.0
4  76.0  255.0
5  54.0  379.0
6  45.0  429.0
7  55.0  389.0
1  90.0  57.0
2  73.0  221.0
3  31.0  276.0
4  36.0  387.0
5  57.0  327.0
6  55.0  341.0
7  19.0  517.0
1  80.0  79.0
2  32.0  281.0
3  75.0  320.0
4  96.0  45.0
5  27.0  447.0
6  35.0  333.0
7  56.0  270.0
1  50.0  240.0
2  67.0  189.0
3  44.0  336.0
4  68.0  275.0
5  35.0  436.0
6  50.0  500.0
7  47.0  386.0
1  94.0  211.0
2  91.0  82.0
3  30.0  285.0
4  66.0  269.0
5  31.0  273.0
6  35.0  414.0
7  34.0  357.0
1  62.0  352.0
2  95.0  96.0
3  35.0  320.0
4  51.0  374.0
5  48.0  329.0
6  53.0  402.0
7  64.0  366.0
1  93.0  201.0
2  65.0  333.0
3  71.0  205.0
4  68.0  361.0
5  77.0  218.0
6  49.0  497.0
7  27.0  357.0
1  76.0  132.0
2  42.0  228.0
3  67.0  198.0
4  64.0  419.0
5  57.0  465.0
6  68.0  219.0
7  98.0  19.0
1  98.0  19.0
2  86.0  191.0
3  14.0  161.0
4  88.0  139.0
5  31.0  341.0
6  58.0  467.0
7  58.0  303.0
1  79.0  251.0
2  77.0  120.0
3  63.0  183.0
4  65.0  351.0
5  52.0  470.0
6  54.0  413.0
7  27.0  370.0
1  62.0  141.0
2  90.0  130.0
3  64.0  366.0
4  95.0  42.0
5  54.0  218.0
6  82.0  227.0
7  74.0  378.0
1  96.0  59.0
2  32.0  278.0
3  38.0  440.0
4  27.0  414.0
5  39.0  464.0
6  65.0  263.0
7  58.0  308.0
1  91.0  56.0
2  58.0  453.0
3  64.0  456.0
4  22.0  383.0
5  84.0  150.0
6  59.0  489.0
7  47.0  323.0
1  98.0  27.0
2  41.0  381.0
3  51.0  295.0
4  44.0  439.0
5  53.0  340.0
6  46.0  305.0
7  68.0  186.0
1  15.0  149.0
2  61.0  268.0
3  51.0  524.0
4  46.0  424.0
5  53.0  278.0
6  37.0  390.0
7  34.0  474.0
1  98.0  19.0
2  64.0  340.0
3  65.0  276.0
4  52.0  455.0
5  65.0  450.0
6  23.0  466.0
7  43.0  361.0
1  63.0  245.0
2  85.0  144.0
3  24.0  459.0
4  69.0  305.0
5  66.0  341.0
6  49.0  396.0
7  37.0  270.0
1  47.0  571.0
2  79.0  198.0
3  87.0  192.0
4  84.0  93.0
5  45.0  445.0
6  42.0  190.0
7  37.0  251.0
1  98.0  25.0
2  72.0  156.0
3  60.0  329.0
4  82.0  138.0
5  32.0  272.0
6  34.0  460.0
7  29.0  459.0
1  82.0  243.0
2  84.0  171.0
3  58.0  365.0
4  85.0  76.0
5  92.0  61.0
6  38.0  364.0
7  56.0  304.0
1  96.0  35.0
2  94.0  117.0
3  41.0  425.0
4  42.0  435.0
5  88.0  123.0
6  62.0  435.0
7  72.0  258.0
1  98.0  30.0
2  76.0  97.0
3  70.0  288.0
4  83.0  278.0
5  33.0  499.0
6  49.0  387.0
7  67.0  311.0
1  38.0  422.0
2  90.0  70.0
3  38.0  453.0
4  46.0  286.0
5  34.0  226.0
6  52.0  402.0
7  56.0  402.0
1  90.0  199.0
2  73.0  293.0
3  67.0  315.0
4  98.0  8.0
5  63.0  304.0
6  53.0  449.0
7  84.0  212.0
1  97.0  29.0
2  63.0  286.0
3  77.0  287.0
4  78.0  141.0
5  79.0  161.0
6  41.0  429.0
7  44.0  480.0
1  86.0  245.0
2  89.0  160.0
3  72.0  127.0
4  17.0  268.0
5  70.0  280.0
6  63.0  294.0
7  47.0  471.0
1  63.0  341.0
2  75.0  213.0
3  98.0  35.0
4  57.0  225.0
5  76.0  198.0
6  41.0  409.0
7  25.0  412.0
1  43.0  251.0
2  92.0  47.0
3  48.0  364.0
4  46.0  461.0
5  86.0  258.0
6  33.0  438.0
7  49.0  237.0
1  60.0  426.0
2  64.0  233.0
3  66.0  126.0
4  76.0  309.0
5  64.0  322.0
6  61.0  350.0
7  56.0  455.0
