1  69.0  385
2  66.5  395
3  95.333333333333329  184
4  77.5  665
5  97.0  409
6  86.333333333333329  530
7  74.0  786
8  85.625  978
9  79.555555555555557  779
10  85.799999999999997  854
1  67.0  387
2  56.5  452
3  64.666666666666671  651
4  56.75  714
5  81.400000000000006  546
6  76.666666666666671  866
7  85.285714285714292  677
8  70.375  765
9  86.333333333333329  825
10  77.599999999999994  817
1  21.0  546
2  60.5  391
3  82.0  529
4  81.75  450
5  91.0  355
6  84.666666666666671  533
7  91.428571428571431  417
8  81.125  694
9  91.0  616
10  79.099999999999994  773
1  25.0  325
2  58.5  444
3  61.0  647
4  91.0  329
5  72.599999999999994  794
6  70.833333333333329  616
7  77.428571428571431  787
8  91.25  554
9  77.333333333333329  810
10  74.299999999999997  866
1  36.0  459
2  72.5  572
3  80.666666666666671  489
4  89.5  499
5  85.0  600
6  82.833333333333329  761
7  82.571428571428569  698
8  88.25  678
9  92.111111111111114  487
10  82.299999999999997  914
1  28.0  488
2  75.5  389
3  55.0  782
4  81.75  559
5  87.799999999999997  425
6  88.0  406
7  91.428571428571431  386
8  82.875  703
9  88.222222222222229  739
10  84.799999999999997  748
1  69.0  470
2  63.5  445
3  70.666666666666671  523
4  74.0  607
5  69.599999999999994  553
6  71.166666666666671  678
7  78.0  763
8  75.375  974
9  82.111111111111114  793
10  81.900000000000006  939
1  39.0  406
2  54.5  336
3  64.333333333333329  451
4  63.25  446
5  84.799999999999997  550
6  85.666666666666671  691
7  81.285714285714292  841
8  73.875  648
9  80.555555555555557  721
10  77.5  776
1  34.0  335
2  68.0  342
3  71.666666666666671  511
4  71.0  621
5  65.200000000000003  816
6  86.5  648
7  89.0  720
8  90.25  781
9  87.222222222222229  795
10  88.700000000000003  734
1  14.0  186
2  43.5  573
3  49.666666666666664  559
4  67.75  532
5  77.400000000000006  652
6  80.333333333333329  475
7  94.142857142857139  427
8  72.25  824
9  82.777777777777771  782
10  80.900000000000006  909
1  48.0  322
2  58.0  626
3  66.333333333333329  443
4  59.5  580
5  78.599999999999994  461
6  84.0  653
7  73.857142857142861  848
8  83.625  686
9  82.888888888888886  1010
10  83.900000000000006  779
1  22.0  375
2  56.0  597
3  59.333333333333336  450
4  72.75  508
5  77.400000000000006  470
6  91.166666666666671  509
7  84.571428571428569  759
8  85.125  657
9  87.111111111111114  805
10  88.0  914
1  79.0  206
2  60.5  451
3  60.666666666666664  345
4  82.25  496
5  75.200000000000003  521
6  86.833333333333329  383
7  80.142857142857139  691
8  86.625  485
9  87.0  697
10  80.900000000000006  925
1  13.0  526
2  48.0  578
3  61.0  567
4  90.25  241
5  82.599999999999994  594
6  83.166666666666671  491
7  79.857142857142861  819
8  84.625  670
9  87.777777777777771  759
10  84.0  670
1  40.0  309
2  49.5  674
3  66.0  710
4  80.5  592
5  58.0  835
6  84.5  827
7  81.0  592
8  87.875  521
9  84.555555555555557  614
10  78.299999999999997  864
1  36.0  436
2  60.0  449
3  82.333333333333329  312
4  86.0  493
5  83.200000000000003  646
6  78.833333333333329  753
7  74.571428571428569  580
8  86.375  633
9  85.555555555555557  675
10  81.5  839
1  40.0  545
2  80.0  251
3  83.0  378
4  68.75  570
5  80.799999999999997  522
6  87.0  536
7  86.142857142857139  660
8  80.75  846
9  80.333333333333329  806
10  82.599999999999994  894
1  25.0  285
2  42.0  702
3  66.333333333333329  363
4  94.5  266
5  83.0  587
6  77.333333333333329  681
7  84.142857142857139  497
8  81.375  748
9  84.666666666666671  771
10  89.900000000000006  635
1  51.0  313
2  41.0  547
3  62.333333333333336  542
4  80.0  704
5  71.400000000000006  752
6  85.333333333333329  678
7  75.571428571428569  757
8  76.0  904
9  79.777777777777771  809
10  77.799999999999997  835
1  50.0  450
2  68.5  592
3  81.333333333333329  386
4  72.0  758
5  77.799999999999997  512
6  85.166666666666671  553
7  80.571428571428569  973
8  81.625  863
9  85.222222222222229  663
10  86.599999999999994  739
1  15.0  443
2  75.5  480
3  69.333333333333329  458
4  71.75  633
5  84.599999999999994  483
6  80.666666666666671  688
7  88.857142857142861  483
8  79.5  540
9  73.777777777777771  890
10  88.400000000000006  802
1  48.0  418
2  60.5  424
3  73.666666666666671  498
4  83.0  634
5  74.799999999999997  434
6  78.5  615
7  87.857142857142861  580
8  87.625  614
9  76.666666666666671  850
10  83.599999999999994  917
1  75.0  105
2  48.0  639
3  73.666666666666671  611
4  74.5  634
5  79.599999999999994  472
6  77.5  736
7  77.857142857142861  643
8  83.875  823
9  79.333333333333329  800
10  88.099999999999994  796
1  90.0  105
2  43.0  528
3  74.333333333333329  573
4  67.5  570
5  67.400000000000006  739
6  75.166666666666671  701
7  77.285714285714292  834
8  75.5  807
9  74.777777777777771  739
10  84.900000000000006  714
1  82.0  124
2  95.5  255
3  80.333333333333329  325
4  69.5  694
5  92.200000000000003  408
6  84.5  476
7  85.714285714285708  724
8  80.5  888
9  82.777777777777771  826
10  84.299999999999997  763
1  41.0  407
2  72.5  407
3  74.0  486
4  76.25  524
5  82.599999999999994  656
6  83.166666666666671  670
7  85.857142857142861  590
8  76.25  659
9  87.666666666666671  927
10  89.900000000000006  1088
1  15.0  305
2  35.5  768
3  66.666666666666671  382
4  83.25  438
5  80.400000000000006  278
6  85.333333333333329  522
7  78.285714285714292  743
8  80.875  698
9  83.333333333333329  805
10  87.0  818
1  26.0  313
2  72.0  357
3  71.666666666666671  304
4  69.25  516
5  77.799999999999997  564
6  81.0  818
7  77.714285714285708  776
8  86.875  653
9  76.333333333333329  738
10  88.099999999999994  681
1  50.0  340
2  70.0  562
3  95.333333333333329  206
4  76.5  522
5  83.400000000000006  492
6  89.833333333333329  496
7  89.428571428571431  451
8  77.75  640
9  81.777777777777771  1009
10  82.0  820
1  35.0  223
2  73.5  304
3  88.666666666666671  373
4  78.25  528
5  83.599999999999994  506
6  85.5  611
7  81.142857142857139  722
8  85.125  751
9  87.222222222222229  656
10  90.299999999999997  788
1  61.0  244
2  61.5  525
3  50.0  693
4  74.0  512
5  87.200000000000003  601
6  89.833333333333329  521
7  79.142857142857139  492
8  82.75  648
9  87.333333333333329  678
10  89.200000000000003  891
1  25.0  265
2  66.0  494
3  84.0  483
4  89.0  415
5  84.0  502
6  79.333333333333329  645
7  86.142857142857139  563
8  85.625  686
9  80.777777777777771  761
10  79.900000000000006  896
1  29.0  409
2  63.0  514
3  49.333333333333336  774
4  85.0  487
5  69.599999999999994  676
6  65.5  866
7  83.857142857142861  521
8  89.125  644
9  85.666666666666671  774
10  84.5  829
1  34.0  469
2  64.5  528
3  68.333333333333329  516
4  71.5  661
5  60.200000000000003  784
6  69.333333333333329  954
7  79.714285714285708  765
8  82.875  703
9  88.777777777777771  628
10  82.799999999999997  719
1  23.0  789
2  89.0  184
3  55.333333333333336  573
4  69.75  467
5  90.400000000000006  452
6  82.666666666666671  593
7  79.428571428571431  894
8  82.5  849
9  90.555555555555557  474
10  79.5  710
1  67.0  316
2  40.5  419
3  53.0  767
4  63.25  666
5  89.400000000000006  287
6  92.166666666666671  408
7  83.0  837
8  86.25  515
9  83.555555555555557  725
10  84.099999999999994  847
1  26.0  385
2  45.5  514
3  77.666666666666671  548
4  65.75  772
5  86.0  552
6  81.166666666666671  729
7  83.571428571428569  696
8  85.5  690
9  80.222222222222229  746
10  83.0  784
1  63.0  380
2  61.0  419
3  75.333333333333329  505
4  85.75  739
5  82.400000000000006  565
6  70.833333333333329  607
7  79.571428571428569  600
8  79.875  641
9  79.222222222222229  822
10  87.799999999999997  924
1  29.0  93
2  49.0  483
3  55.333333333333336  634
4  84.5  427
5  79.599999999999994  646
6  89.5  397
7  84.428571428571431  773
8  83.25  863
9  81.666666666666671  1025
10  81.299999999999997  916
1  20.0  349
2  41.0  640
3  75.333333333333329  698
4  80.5  500
5  80.0  550
6  77.5  740
7  84.142857142857139  615
8  83.75  603
9  85.111111111111114  647
10  90.700000000000003  567
1  61.0  347
2  55.0  398
3  79.666666666666671  345
4  76.5  539
5  76.200000000000003  623
6  73.333333333333329  628
7  86.142857142857139  748
8  84.25  784
9  88.555555555555557  793
10  86.5  702
1  51.0  377
2  40.0  532
3  65.666666666666671  590
4  61.25  628
5  51.0  782
6  95.166666666666671  306
7  86.857142857142861  604
8  79.0  635
9  83.555555555555557  967
10  85.900000000000006  715
1  16.0  260
2  90.0  153
3  63.0  565
4  68.25  567
5  86.200000000000003  483
6  83.0  690
7  77.714285714285708  783
8  75.375  878
9  77.666666666666671  786
10  81.200000000000003  983
1  45.0  261
2  54.5  465
3  52.0  558
4  64.25  810
5  85.799999999999997  558
6  92.666666666666671  421
7  85.857142857142861  463
8  78.625  900
9  88.444444444444443  753
10  85.0  921
1  53.0  265
2  55.0  699
3  50.333333333333336  623
4  78.25  618
5  58.600000000000001  602
6  80.833333333333329  489
7  89.285714285714292  523
8  86.625  744
9  83.777777777777771  601
10  86.400000000000006  712
1  49.0  535
2  65.0  430
3  82.333333333333329  564
4  73.0  611
5  87.799999999999997  468
6  68.666666666666671  570
7  78.142857142857139  701
8  85.5  753
9  93.333333333333329  491
10  85.900000000000006  779
1  79.0  299
2  67.5  293
3  57.666666666666664  614
4  52.5  831
5  75.400000000000006  700
6  91.166666666666671  589
7  82.571428571428569  504
8  86.75  683
9  90.888888888888886  688
10  81.5  905
1  30.0  511
2  47.5  447
3  72.333333333333329  446
4  88.0  392
5  77.599999999999994  660
6  74.666666666666671  753
7  75.285714285714292  716
8  80.0  695
10  82.299999999999997  861
1  27.0  300
2  59.5  482
3  70.333333333333329  595
4  71.25  711
5  66.400000000000006  578
6  68.666666666666671  865
7  81.142857142857139  550
8  83.625  683
9  83.777777777777771  830
10  77.700000000000003  1043
1  29.0  494
2  59.0  339
3  68.333333333333329  520
4  79.5  557
5  69.0  718
6  87.166666666666671  576
7  86.714285714285708  591
8  84.75  639
9  88.666666666666671  622
10  79.700000000000003  919
