0  66.0  399.0
0  57.0  349.0
0  56.0  324.0
0  29.0  363.0
0  26.0  543.0
0  44.0  392.0
0  67.0  363.0
0  26.0  403.0
0  17.0  326.0
0  14.0  303.0
0  62.0  400.0
0  44.0  305.0
0  58.0  324.0
0  54.0  419.0
0  43.0  443.0
0  54.0  393.0
0  54.0  439.0
0  72.0  348.0
0  49.0  434.0
0  78.0  399.0
0  40.0  569.0
0  28.0  501.0
0  38.0  483.0
0  24.0  542.0
0  55.0  284.0
0  53.0  346.0
0  67.0  452.0
0  9.0  232.0
0  35.0  357.0
0  59.0  397.0
0  77.0  330.0
0  21.0  420.0
0  48.0  472.0
0  55.0  415.0
0  39.0  324.0
0  43.0  411.0
0  48.0  322.0
0  59.0  395.0
0  47.0  253.0
0  53.0  558.0
0  79.0  332.0
0  51.0  373.0
0  18.0  454.0
0  48.0  382.0
0  45.0  255.0
0  22.0  414.0
0  81.0  295.0
0  14.0  333.0
0  43.0  567.0
0  44.0  274.0
0  53.0  253.0
0  16.0  352.0
0  33.0  370.0
0  68.0  384.0
0  42.0  414.0
0  14.0  183.0
0  29.0  414.0
0  37.0  307.0
0  52.0  307.0
0  45.0  482.0
0  28.0  461.0
0  70.0  281.0
0  44.0  215.0
0  92.0  285.0
0  79.0  358.0
0  66.0  389.0
0  20.0  279.0
0  42.0  331.0
0  47.0  334.0
0  62.0  303.0
0  22.0  280.0
0  68.0  358.0
0  51.0  332.0
0  61.0  337.0
0  65.0  316.0
0  69.0  391.0
0  38.0  533.0
0  40.0  368.0
0  33.0  277.0
0  38.0  446.0
0  42.0  418.0
0  21.0  459.0
0  25.0  349.0
0  43.0  338.0
0  45.0  361.0
0  39.0  380.0
0  69.0  432.0
0  82.0  265.0
0  71.0  364.0
0  60.0  370.0
0  46.0  315.0
0  24.0  339.0
0  30.0  504.0
0  75.0  378.0
0  20.0  312.0
0  70.0  289.0
0  18.0  396.0
0  57.0  469.0
0  57.0  297.0
0  63.0  357.0
1  38.0  234.0
1  70.0  426.0
1  51.0  293.0
1  51.0  484.0
1  11.0  274.0
1  79.0  360.0
1  65.0  428.0
1  41.0  438.0
1  64.0  294.0
1  43.0  500.0
1  62.0  412.0
1  71.0  361.0
1  35.0  565.0
1  32.0  414.0
1  46.0  405.0
1  37.0  430.0
1  64.0  365.0
1  66.0  457.0
1  42.0  389.0
1  53.0  496.0
1  33.0  357.0
1  74.0  312.0
1  57.0  432.0
1  62.0  407.0
1  58.0  263.0
1  66.0  372.0
1  49.0  409.0
1  71.0  258.0
1  42.0  387.0
1  71.0  366.0
1  57.0  366.0
1  63.0  224.0
1  49.0  270.0
1  47.0  293.0
1  46.0  288.0
1  56.0  338.0
1  20.0  455.0
1  45.0  247.0
1  52.0  327.0
1  47.0  363.0
1  50.0  361.0
1  42.0  684.0
1  73.0  366.0
1  57.0  393.0
1  26.0  502.0
1  52.0  471.0
1  53.0  314.0
1  39.0  206.0
1  80.0  316.0
1  71.0  391.0
1  52.0  399.0
1  40.0  354.0
1  41.0  343.0
1  38.0  393.0
1  53.0  400.0
1  56.0  320.0
1  57.0  368.0
1  46.0  337.0
1  76.0  416.0
1  63.0  362.0
1  77.0  307.0
1  14.0  324.0
1  66.0  319.0
1  34.0  561.0
1  56.0  449.0
1  59.0  531.0
1  32.0  577.0
1  71.0  325.0
1  67.0  370.0
1  56.0  396.0
1  51.0  521.0
1  35.0  313.0
1  57.0  516.0
1  70.0  408.0
1  64.0  454.0
1  37.0  421.0
1  44.0  443.0
1  40.0  426.0
1  38.0  242.0
1  49.0  498.0
1  42.0  334.0
1  51.0  393.0
1  46.0  432.0
1  32.0  549.0
1  52.0  332.0
1  39.0  342.0
1  63.0  486.0
1  30.0  303.0
1  35.0  677.0
1  45.0  221.0
1  31.0  414.0
1  45.0  328.0
1  55.0  369.0
1  31.0  439.0
1  53.0  471.0
1  61.0  334.0
1  30.0  396.0
1  52.0  416.0
1  47.0  299.0
1  44.0  370.0
2  49.0  483.0
2  52.0  383.0
2  76.0  363.0
2  50.0  364.0
2  50.0  280.0
2  69.0  320.0
2  68.0  258.0
2  51.0  536.0
2  52.0  473.0
2  68.0  432.0
2  55.0  409.0
2  37.0  358.0
2  60.0  381.0
2  35.0  543.0
2  45.0  470.0
2  63.0  342.0
2  66.0  332.0
2  46.0  492.0
2  46.0  324.0
2  24.0  506.0
2  45.0  413.0
2  61.0  458.0
2  41.0  462.0
2  64.0  345.0
2  36.0  402.0
2  28.0  325.0
2  51.0  276.0
2  45.0  503.0
2  58.0  298.0
2  56.0  332.0
2  44.0  335.0
2  73.0  349.0
2  66.0  380.0
2  33.0  576.0
2  46.0  463.0
2  33.0  458.0
2  27.0  429.0
2  43.0  409.0
2  52.0  291.0
2  51.0  393.0
2  74.0  331.0
2  46.0  544.0
2  54.0  459.0
2  66.0  397.0
2  54.0  388.0
2  75.0  390.0
2  58.0  438.0
2  43.0  299.0
2  44.0  477.0
2  42.0  388.0
2  32.0  417.0
2  51.0  373.0
2  49.0  405.0
2  79.0  340.0
2  40.0  441.0
2  52.0  355.0
2  56.0  314.0
2  47.0  374.0
2  50.0  432.0
2  47.0  462.0
2  59.0  496.0
2  51.0  427.0
2  36.0  324.0
2  76.0  226.0
2  26.0  271.0
2  69.0  404.0
2  37.0  474.0
2  27.0  297.0
2  38.0  403.0
2  25.0  309.0
2  15.0  273.0
2  53.0  461.0
2  42.0  387.0
2  24.0  342.0
2  47.0  383.0
2  52.0  406.0
2  79.0  258.0
2  66.0  327.0
2  41.0  290.0
2  32.0  386.0
2  80.0  313.0
2  80.0  344.0
2  47.0  336.0
2  41.0  362.0
2  42.0  207.0
2  56.0  376.0
2  69.0  270.0
2  49.0  408.0
2  67.0  355.0
2  20.0  425.0
2  34.0  283.0
2  75.0  338.0
2  18.0  346.0
2  81.0  320.0
2  18.0  403.0
2  40.0  411.0
2  70.0  270.0
2  70.0  321.0
2  31.0  332.0
2  21.0  385.0
3  48.0  410.0
3  38.0  440.0
3  72.0  342.0
3  51.0  419.0
3  55.0  272.0
3  29.0  548.0
3  56.0  355.0
3  33.0  486.0
3  70.0  348.0
3  46.0  434.0
3  74.0  338.0
3  44.0  331.0
3  45.0  384.0
3  63.0  368.0
3  37.0  227.0
3  75.0  329.0
3  15.0  463.0
3  52.0  373.0
3  59.0  317.0
3  66.0  408.0
3  25.0  408.0
3  61.0  355.0
3  42.0  333.0
3  17.0  368.0
3  52.0  348.0
3  56.0  423.0
3  31.0  406.0
3  51.0  244.0
3  18.0  223.0
3  72.0  355.0
3  78.0  310.0
3  47.0  512.0
3  58.0  368.0
3  67.0  321.0
3  45.0  272.0
3  50.0  304.0
3  0.0  212.0
3  40.0  384.0
3  56.0  335.0
3  67.0  344.0
3  45.0  319.0
3  47.0  366.0
3  54.0  467.0
3  51.0  399.0
3  77.0  351.0
3  35.0  527.0
3  7.0  374.0
3  41.0  639.0
3  43.0  370.0
3  26.0  379.0
3  69.0  356.0
3  25.0  348.0
3  73.0  339.0
3  40.0  334.0
3  39.0  580.0
3  42.0  334.0
3  52.0  480.0
3  68.0  321.0
3  41.0  484.0
3  41.0  329.0
3  36.0  175.0
3  48.0  221.0
3  65.0  343.0
3  54.0  301.0
3  60.0  359.0
3  52.0  450.0
3  56.0  314.0
3  46.0  334.0
3  67.0  359.0
3  45.0  408.0
3  60.0  393.0
3  64.0  413.0
3  39.0  472.0
3  44.0  309.0
3  42.0  276.0
3  61.0  349.0
3  77.0  311.0
3  77.0  300.0
3  63.0  239.0
3  71.0  355.0
3  76.0  314.0
3  47.0  349.0
3  55.0  427.0
3  70.0  282.0
3  37.0  388.0
3  67.0  339.0
3  55.0  235.0
3  52.0  422.0
3  66.0  309.0
3  37.0  462.0
3  22.0  334.0
3  37.0  393.0
3  78.0  318.0
3  22.0  435.0
3  47.0  483.0
3  39.0  266.0
3  58.0  281.0
3  69.0  364.0
3  62.0  448.0
3  71.0  432.0
4  76.0  310.0
4  48.0  335.0
4  54.0  403.0
4  48.0  258.0
4  44.0  339.0
4  56.0  335.0
4  36.0  419.0
4  36.0  399.0
4  74.0  316.0
4  89.0  257.0
4  62.0  375.0
4  62.0  395.0
4  84.0  327.0
4  47.0  501.0
4  56.0  253.0
4  36.0  231.0
4  43.0  441.0
4  39.0  476.0
4  57.0  488.0
4  43.0  363.0
4  35.0  253.0
4  74.0  410.0
4  65.0  345.0
4  71.0  356.0
4  66.0  382.0
4  38.0  373.0
4  58.0  353.0
4  44.0  398.0
4  35.0  530.0
4  34.0  372.0
4  69.0  364.0
4  9.0  324.0
4  41.0  545.0
4  71.0  278.0
4  73.0  299.0
4  91.0  278.0
4  55.0  239.0
4  34.0  314.0
4  29.0  441.0
4  62.0  299.0
4  73.0  411.0
4  71.0  358.0
4  22.0  432.0
4  51.0  393.0
4  37.0  451.0
4  58.0  397.0
4  9.0  482.0
4  48.0  262.0
4  64.0  416.0
4  38.0  362.0
4  44.0  476.0
4  32.0  288.0
4  51.0  507.0
4  23.0  492.0
4  33.0  185.0
4  92.0  269.0
4  57.0  453.0
4  48.0  443.0
4  74.0  309.0
4  47.0  447.0
4  64.0  418.0
4  87.0  275.0
4  43.0  476.0
4  59.0  404.0
4  21.0  318.0
4  66.0  309.0
4  50.0  419.0
4  40.0  305.0
4  28.0  416.0
4  58.0  412.0
4  47.0  461.0
4  45.0  265.0
4  43.0  385.0
4  48.0  317.0
4  65.0  394.0
4  54.0  162.0
4  16.0  218.0
4  64.0  409.0
4  14.0  454.0
4  67.0  410.0
4  27.0  466.0
4  33.0  457.0
4  40.0  488.0
4  32.0  532.0
4  70.0  361.0
4  27.0  259.0
4  75.0  391.0
4  69.0  320.0
4  59.0  275.0
4  64.0  402.0
4  46.0  458.0
4  25.0  279.0
4  24.0  410.0
4  72.0  393.0
4  56.0  240.0
4  40.0  390.0
4  15.0  281.0
4  53.0  368.0
4  48.0  477.0
4  25.0  351.0
5  55.0  409.0
5  32.0  233.0
5  63.0  493.0
5  33.0  586.0
5  38.0  301.0
5  53.0  293.0
5  15.0  325.0
5  33.0  638.0
5  24.0  435.0
5  42.0  336.0
5  69.0  432.0
5  31.0  455.0
5  48.0  434.0
5  60.0  406.0
5  42.0  317.0
5  31.0  421.0
5  26.0  470.0
5  34.0  462.0
5  38.0  306.0
5  66.0  389.0
5  57.0  366.0
5  15.0  294.0
5  83.0  256.0
5  29.0  187.0
5  43.0  233.0
5  60.0  406.0
5  89.0  290.0
5  73.0  381.0
5  26.0  436.0
5  46.0  325.0
5  37.0  295.0
5  21.0  173.0
5  63.0  456.0
5  40.0  450.0
5  33.0  539.0
5  36.0  430.0
5  47.0  576.0
5  50.0  249.0
5  42.0  483.0
5  79.0  266.0
5  47.0  407.0
5  56.0  305.0
5  51.0  278.0
5  46.0  414.0
5  27.0  353.0
5  81.0  309.0
5  49.0  323.0
5  29.0  333.0
5  72.0  355.0
5  64.0  315.0
5  73.0  339.0
5  54.0  448.0
5  51.0  295.0
5  22.0  324.0
5  61.0  458.0
5  48.0  359.0
5  18.0  335.0
5  57.0  409.0
5  47.0  291.0
5  63.0  425.0
5  75.0  303.0
5  39.0  326.0
5  32.0  306.0
5  73.0  346.0
5  60.0  349.0
5  46.0  437.0
5  50.0  390.0
5  46.0  335.0
5  22.0  302.0
5  50.0  231.0
5  46.0  246.0
5  40.0  316.0
5  75.0  319.0
5  34.0  497.0
5  24.0  465.0
5  74.0  360.0
5  66.0  401.0
5  82.0  294.0
5  82.0  322.0
5  47.0  430.0
5  38.0  475.0
5  42.0  593.0
5  43.0  327.0
5  51.0  413.0
5  48.0  354.0
5  58.0  374.0
5  43.0  347.0
5  85.0  264.0
5  77.0  338.0
5  56.0  273.0
5  41.0  280.0
5  27.0  352.0
5  50.0  248.0
5  46.0  385.0
5  24.0  290.0
5  70.0  368.0
5  56.0  323.0
5  50.0  466.0
5  69.0  390.0
5  59.0  390.0
6  84.0  298.0
6  13.0  199.0
6  71.0  361.0
6  47.0  431.0
6  30.0  457.0
6  53.0  372.0
6  57.0  193.0
6  57.0  398.0
6  52.0  458.0
6  33.0  443.0
6  30.0  171.0
6  31.0  393.0
6  45.0  605.0
6  31.0  462.0
6  61.0  372.0
6  24.0  307.0
6  23.0  256.0
6  34.0  421.0
6  28.0  300.0
6  35.0  334.0
6  71.0  420.0
6  32.0  485.0
6  54.0  435.0
6  56.0  336.0
6  62.0  408.0
6  42.0  404.0
6  66.0  431.0
6  59.0  255.0
6  47.0  301.0
6  39.0  456.0
6  58.0  413.0
6  56.0  376.0
6  61.0  323.0
6  86.0  312.0
6  56.0  365.0
6  84.0  293.0
6  29.0  387.0
6  35.0  475.0
6  54.0  364.0
6  37.0  420.0
6  69.0  357.0
6  27.0  446.0
6  41.0  489.0
6  27.0  512.0
6  79.0  372.0
6  33.0  468.0
6  15.0  315.0
6  47.0  406.0
6  46.0  408.0
6  57.0  347.0
6  25.0  379.0
6  41.0  472.0
6  40.0  340.0
6  67.0  321.0
6  47.0  482.0
6  46.0  420.0
6  56.0  414.0
6  32.0  344.0
6  66.0  403.0
6  44.0  471.0
6  45.0  245.0
6  75.0  320.0
6  46.0  547.0
6  74.0  356.0
6  26.0  505.0
6  31.0  354.0
6  55.0  489.0
6  34.0  314.0
6  44.0  496.0
6  95.0  238.0
6  49.0  186.0
6  53.0  456.0
6  48.0  326.0
6  46.0  347.0
6  37.0  397.0
6  53.0  396.0
6  70.0  379.0
6  83.0  271.0
6  41.0  433.0
6  65.0  335.0
6  61.0  399.0
6  47.0  403.0
6  33.0  182.0
6  59.0  394.0
6  57.0  378.0
6  58.0  274.0
6  40.0  401.0
6  35.0  377.0
6  30.0  530.0
6  41.0  196.0
6  45.0  393.0
6  29.0  491.0
6  43.0  256.0
6  62.0  318.0
6  52.0  303.0
6  28.0  297.0
6  10.0  343.0
6  61.0  480.0
6  60.0  323.0
6  64.0  374.0
7  77.0  275.0
7  59.0  304.0
7  52.0  367.0
7  52.0  235.0
7  62.0  314.0
7  45.0  450.0
7  60.0  377.0
7  53.0  471.0
7  43.0  362.0
7  61.0  405.0
7  40.0  423.0
7  34.0  515.0
7  81.0  335.0
7  81.0  225.0
7  54.0  334.0
7  60.0  370.0
7  72.0  290.0
7  70.0  292.0
7  45.0  572.0
7  25.0  480.0
7  32.0  492.0
7  43.0  509.0
7  39.0  362.0
7  52.0  449.0
7  27.0  556.0
7  12.0  361.0
7  59.0  378.0
7  15.0  312.0
7  42.0  285.0
7  22.0  441.0
7  54.0  474.0
7  72.0  397.0
7  10.0  399.0
7  85.0  354.0
7  15.0  326.0
7  36.0  316.0
7  52.0  477.0
7  34.0  599.0
7  47.0  434.0
7  40.0  461.0
7  57.0  239.0
7  14.0  386.0
7  56.0  332.0
7  77.0  338.0
7  62.0  261.0
7  40.0  194.0
7  30.0  615.0
7  36.0  622.0
7  44.0  485.0
7  32.0  267.0
7  37.0  264.0
7  81.0  234.0
7  56.0  375.0
7  47.0  478.0
7  43.0  406.0
7  44.0  393.0
7  29.0  324.0
7  89.0  311.0
7  67.0  376.0
7  43.0  326.0
7  42.0  315.0
7  59.0  412.0
7  55.0  545.0
7  55.0  407.0
7  39.0  374.0
7  50.0  342.0
7  56.0  419.0
7  51.0  492.0
7  71.0  314.0
7  23.0  337.0
7  54.0  375.0
7  59.0  411.0
7  65.0  280.0
7  44.0  414.0
7  55.0  235.0
7  60.0  317.0
7  56.0  343.0
7  35.0  488.0
7  84.0  285.0
7  69.0  270.0
7  38.0  340.0
7  70.0  288.0
7  55.0  313.0
7  57.0  318.0
7  82.0  270.0
7  63.0  321.0
7  25.0  348.0
7  49.0  399.0
7  64.0  417.0
7  53.0  344.0
7  27.0  564.0
7  58.0  479.0
7  55.0  353.0
7  61.0  413.0
7  43.0  420.0
7  70.0  333.0
7  47.0  518.0
7  44.0  425.0
7  36.0  348.0
7  46.0  424.0
8  34.0  257.0
8  69.0  271.0
8  48.0  481.0
8  78.0  316.0
8  20.0  233.0
8  30.0  412.0
8  44.0  258.0
8  71.0  474.0
8  91.0  253.0
8  50.0  358.0
8  64.0  267.0
8  71.0  311.0
8  29.0  503.0
8  13.0  339.0
8  18.0  362.0
8  30.0  271.0
8  71.0  383.0
8  47.0  196.0
8  19.0  424.0
8  31.0  460.0
8  43.0  445.0
8  49.0  228.0
8  66.0  345.0
8  65.0  258.0
8  45.0  306.0
8  57.0  411.0
8  69.0  264.0
8  84.0  312.0
8  73.0  511.0
8  52.0  450.0
8  60.0  437.0
8  47.0  496.0
8  46.0  362.0
8  74.0  316.0
8  34.0  557.0
8  50.0  195.0
8  41.0  408.0
8  24.0  369.0
8  94.0  247.0
8  29.0  355.0
8  47.0  425.0
8  31.0  285.0
8  69.0  446.0
8  57.0  394.0
8  68.0  288.0
8  46.0  433.0
8  43.0  362.0
8  63.0  360.0
8  44.0  417.0
8  31.0  490.0
8  61.0  421.0
8  36.0  472.0
8  75.0  322.0
8  41.0  430.0
8  37.0  487.0
8  63.0  305.0
8  53.0  283.0
8  55.0  271.0
8  50.0  420.0
8  43.0  305.0
8  47.0  314.0
8  21.0  340.0
8  60.0  331.0
8  45.0  476.0
8  80.0  388.0
8  44.0  304.0
8  45.0  334.0
8  51.0  399.0
8  40.0  394.0
8  43.0  290.0
8  71.0  359.0
8  76.0  318.0
8  53.0  237.0
8  87.0  229.0
8  37.0  451.0
8  80.0  278.0
8  64.0  396.0
8  39.0  400.0
8  27.0  269.0
8  38.0  403.0
8  61.0  322.0
8  53.0  370.0
8  51.0  580.0
8  51.0  346.0
8  64.0  326.0
8  38.0  349.0
8  50.0  482.0
8  57.0  328.0
8  24.0  370.0
8  55.0  309.0
8  36.0  416.0
8  52.0  308.0
8  32.0  268.0
8  66.0  395.0
8  56.0  350.0
8  78.0  302.0
8  34.0  258.0
8  33.0  344.0
8  45.0  514.0
8  76.0  335.0
9  37.0  274.0
9  49.0  436.0
9  50.0  310.0
9  53.0  300.0
9  59.0  375.0
9  62.0  269.0
9  60.0  431.0
9  74.0  378.0
9  56.0  384.0
9  53.0  390.0
9  54.0  418.0
9  34.0  370.0
9  39.0  374.0
9  63.0  364.0
9  63.0  397.0
9  68.0  351.0
9  73.0  260.0
9  65.0  350.0
9  40.0  330.0
9  40.0  345.0
9  52.0  201.0
9  60.0  317.0
9  87.0  283.0
9  58.0  301.0
9  42.0  406.0
9  34.0  397.0
9  70.0  440.0
9  57.0  436.0
9  35.0  350.0
9  74.0  344.0
9  72.0  415.0
9  53.0  509.0
9  44.0  379.0
9  42.0  507.0
9  47.0  157.0
9  51.0  346.0
9  56.0  178.0
9  33.0  487.0
9  53.0  364.0
9  56.0  383.0
9  50.0  494.0
9  43.0  362.0
9  71.0  178.0
9  62.0  207.0
9  50.0  461.0
9  33.0  455.0
9  36.0  477.0
9  78.0  313.0
9  67.0  357.0
9  52.0  409.0
9  64.0  460.0
9  56.0  332.0
9  55.0  383.0
9  60.0  393.0
9  42.0  114.0
9  66.0  381.0
9  41.0  411.0
9  24.0  365.0
9  37.0  523.0
9  53.0  491.0
9  53.0  360.0
9  55.0  268.0
9  63.0  321.0
9  50.0  453.0
9  61.0  448.0
9  25.0  366.0
9  57.0  486.0
9  46.0  451.0
9  39.0  465.0
9  74.0  319.0
9  38.0  286.0
9  32.0  154.0
9  69.0  365.0
9  59.0  383.0
9  64.0  306.0
9  69.0  307.0
9  51.0  298.0
9  43.0  334.0
9  47.0  439.0
9  77.0  311.0
9  28.0  348.0
9  50.0  331.0
9  53.0  401.0
9  40.0  382.0
9  57.0  361.0
9  56.0  399.0
9  63.0  343.0
9  80.0  323.0
9  67.0  342.0
9  87.0  281.0
9  65.0  402.0
9  55.0  516.0
9  43.0  430.0
9  65.0  349.0
9  56.0  398.0
9  58.0  457.0
9  37.0  457.0
9  41.0  371.0
9  67.0  377.0
9  56.0  369.0
10  51.0  418.0
10  44.0  264.0
10  63.0  406.0
10  67.0  373.0
10  89.0  289.0
10  81.0  340.0
10  54.0  257.0
10  33.0  380.0
10  64.0  422.0
10  65.0  284.0
10  66.0  294.0
10  58.0  268.0
10  47.0  381.0
10  51.0  357.0
10  46.0  363.0
10  46.0  426.0
10  68.0  345.0
10  72.0  396.0
10  85.0  262.0
10  40.0  439.0
10  87.0  301.0
10  67.0  316.0
10  36.0  374.0
10  38.0  201.0
10  31.0  332.0
10  55.0  430.0
10  65.0  357.0
10  35.0  525.0
10  57.0  407.0
10  64.0  308.0
10  65.0  281.0
10  41.0  574.0
10  75.0  347.0
10  33.0  392.0
10  33.0  479.0
10  60.0  410.0
10  27.0  294.0
10  43.0  361.0
10  36.0  450.0
10  56.0  453.0
10  37.0  298.0
10  77.0  245.0
10  23.0  382.0
10  69.0  347.0
10  47.0  379.0
10  18.0  423.0
10  66.0  340.0
10  27.0  472.0
10  53.0  351.0
10  35.0  520.0
10  50.0  224.0
10  55.0  280.0
10  68.0  370.0
10  47.0  438.0
10  51.0  394.0
10  81.0  251.0
10  42.0  373.0
10  52.0  472.0
10  57.0  343.0
10  35.0  199.0
10  61.0  492.0
10  67.0  354.0
10  56.0  243.0
10  66.0  395.0
10  55.0  367.0
10  45.0  438.0
10  38.0  297.0
10  25.0  267.0
10  54.0  388.0
10  32.0  325.0
10  55.0  435.0
10  63.0  243.0
10  51.0  355.0
10  71.0  361.0
10  59.0  443.0
10  32.0  434.0
10  67.0  428.0
10  47.0  367.0
10  14.0  476.0
10  49.0  409.0
10  84.0  321.0
10  38.0  191.0
10  53.0  338.0
10  55.0  422.0
10  65.0  351.0
10  66.0  365.0
10  34.0  210.0
10  62.0  353.0
10  52.0  419.0
10  58.0  340.0
10  56.0  342.0
10  18.0  369.0
10  78.0  335.0
10  76.0  177.0
10  33.0  398.0
10  33.0  246.0
10  51.0  431.0
10  47.0  562.0
10  44.0  426.0
10  25.0  488.0
11  57.0  399.0
11  63.0  240.0
11  90.0  274.0
11  44.0  431.0
11  33.0  441.0
11  56.0  389.0
11  30.0  354.0
11  60.0  281.0
11  58.0  439.0
11  83.0  317.0
11  47.0  257.0
11  27.0  475.0
11  18.0  440.0
11  71.0  410.0
11  52.0  383.0
11  75.0  372.0
11  48.0  292.0
11  48.0  274.0
11  50.0  382.0
11  47.0  416.0
11  63.0  292.0
11  92.0  245.0
11  73.0  358.0
11  9.0  464.0
11  37.0  640.0
11  55.0  401.0
11  58.0  388.0
11  25.0  358.0
11  63.0  410.0
11  73.0  340.0
11  54.0  459.0
11  76.0  375.0
11  71.0  360.0
11  57.0  402.0
11  82.0  286.0
11  55.0  209.0
11  58.0  315.0
11  28.0  382.0
11  45.0  472.0
11  59.0  334.0
11  42.0  297.0
11  44.0  618.0
11  25.0  385.0
11  39.0  394.0
11  50.0  312.0
11  73.0  163.0
11  70.0  354.0
11  61.0  221.0
11  66.0  211.0
11  28.0  403.0
11  89.0  269.0
11  57.0  405.0
11  68.0  348.0
11  48.0  280.0
11  31.0  370.0
11  81.0  272.0
11  48.0  252.0
11  84.0  361.0
11  63.0  297.0
11  69.0  295.0
11  49.0  411.0
11  70.0  313.0
11  42.0  469.0
11  59.0  253.0
11  56.0  546.0
11  48.0  306.0
11  74.0  379.0
11  70.0  284.0
11  78.0  328.0
11  61.0  507.0
11  24.0  299.0
11  80.0  309.0
11  72.0  348.0
11  43.0  386.0
11  49.0  336.0
11  80.0  288.0
11  55.0  420.0
11  74.0  319.0
11  59.0  436.0
11  61.0  422.0
11  43.0  378.0
11  53.0  377.0
11  52.0  320.0
11  59.0  225.0
11  65.0  296.0
11  82.0  313.0
11  35.0  265.0
11  35.0  463.0
11  35.0  271.0
11  83.0  285.0
11  44.0  450.0
11  37.0  289.0
11  64.0  329.0
11  46.0  315.0
11  29.0  306.0
11  72.0  244.0
11  38.0  591.0
11  46.0  221.0
11  68.0  370.0
11  29.0  461.0
12  32.0  175.0
12  52.0  405.0
12  44.0  401.0
12  49.0  346.0
12  49.0  320.0
12  6.0  430.0
12  41.0  201.0
12  40.0  208.0
12  82.0  289.0
12  43.0  426.0
12  40.0  325.0
12  65.0  343.0
12  54.0  385.0
12  33.0  306.0
12  57.0  354.0
12  68.0  339.0
12  42.0  400.0
12  52.0  480.0
12  45.0  388.0
12  47.0  343.0
12  9.0  438.0
12  73.0  358.0
12  36.0  185.0
12  24.0  346.0
12  55.0  293.0
12  69.0  402.0
12  44.0  351.0
12  70.0  313.0
12  57.0  446.0
12  20.0  474.0
12  47.0  483.0
12  51.0  450.0
12  83.0  317.0
12  70.0  326.0
12  58.0  257.0
12  36.0  271.0
12  26.0  361.0
12  61.0  434.0
12  48.0  473.0
12  33.0  576.0
12  39.0  312.0
12  55.0  353.0
12  47.0  288.0
12  60.0  409.0
12  13.0  266.0
12  62.0  399.0
12  42.0  497.0
12  59.0  343.0
12  67.0  426.0
12  62.0  349.0
12  69.0  338.0
12  22.0  237.0
12  59.0  514.0
12  21.0  448.0
12  36.0  305.0
12  67.0  387.0
12  75.0  379.0
12  69.0  334.0
12  45.0  485.0
12  49.0  491.0
12  42.0  434.0
12  43.0  301.0
12  31.0  347.0
12  27.0  373.0
12  57.0  202.0
12  29.0  366.0
12  84.0  259.0
12  30.0  272.0
12  36.0  298.0
12  63.0  444.0
12  85.0  283.0
12  51.0  234.0
12  29.0  302.0
12  40.0  430.0
12  59.0  435.0
12  25.0  340.0
12  45.0  275.0
12  68.0  336.0
12  43.0  302.0
12  56.0  351.0
12  59.0  324.0
12  59.0  229.0
12  44.0  345.0
12  39.0  259.0
12  54.0  196.0
12  51.0  384.0
12  50.0  405.0
12  30.0  344.0
12  39.0  463.0
12  64.0  454.0
12  58.0  255.0
12  22.0  337.0
12  67.0  426.0
12  76.0  209.0
12  59.0  383.0
12  57.0  422.0
12  53.0  316.0
12  50.0  220.0
12  32.0  430.0
12  26.0  296.0
13  75.0  301.0
13  45.0  460.0
13  50.0  284.0
13  54.0  413.0
13  77.0  216.0
13  44.0  363.0
13  53.0  250.0
13  64.0  252.0
13  26.0  496.0
13  69.0  341.0
13  71.0  361.0
13  23.0  203.0
13  44.0  286.0
13  67.0  192.0
13  19.0  745.0
13  35.0  481.0
13  44.0  482.0
13  42.0  448.0
13  19.0  177.0
13  51.0  353.0
13  67.0  488.0
13  17.0  328.0
13  54.0  389.0
13  76.0  226.0
13  63.0  413.0
13  69.0  278.0
13  27.0  284.0
13  72.0  459.0
13  24.0  391.0
13  59.0  384.0
13  48.0  451.0
13  49.0  396.0
13  20.0  564.0
13  42.0  467.0
13  31.0  458.0
13  33.0  607.0
13  52.0  348.0
13  42.0  380.0
13  60.0  442.0
13  58.0  380.0
13  39.0  316.0
13  57.0  242.0
13  41.0  240.0
13  54.0  440.0
13  75.0  351.0
13  54.0  291.0
13  60.0  306.0
13  40.0  479.0
13  57.0  420.0
13  30.0  253.0
13  61.0  321.0
13  47.0  259.0
13  55.0  460.0
13  57.0  398.0
13  64.0  287.0
13  36.0  533.0
13  50.0  376.0
13  39.0  448.0
13  18.0  438.0
13  54.0  403.0
13  50.0  310.0
13  42.0  496.0
13  54.0  282.0
13  42.0  261.0
13  40.0  437.0
13  61.0  322.0
13  53.0  272.0
13  56.0  516.0
13  48.0  350.0
13  41.0  86.0
13  43.0  317.0
13  67.0  383.0
13  44.0  470.0
13  47.0  552.0
13  69.0  263.0
13  36.0  304.0
13  93.0  246.0
13  67.0  330.0
13  62.0  450.0
13  61.0  395.0
13  45.0  544.0
13  72.0  396.0
13  61.0  199.0
13  51.0  314.0
13  75.0  311.0
13  61.0  301.0
13  75.0  270.0
13  46.0  567.0
13  45.0  360.0
13  36.0  379.0
13  51.0  222.0
13  72.0  418.0
13  57.0  415.0
13  44.0  203.0
13  76.0  341.0
13  51.0  384.0
13  25.0  315.0
13  24.0  414.0
13  46.0  362.0
13  78.0  283.0
14  49.0  385.0
14  82.0  310.0
14  53.0  491.0
14  60.0  410.0
14  47.0  545.0
14  34.0  285.0
14  46.0  384.0
14  64.0  407.0
14  52.0  509.0
14  43.0  459.0
14  52.0  404.0
14  75.0  306.0
14  41.0  411.0
14  49.0  346.0
14  60.0  295.0
14  72.0  360.0
14  73.0  279.0
14  34.0  342.0
14  81.0  338.0
14  57.0  345.0
14  66.0  159.0
14  77.0  293.0
14  45.0  276.0
14  61.0  380.0
14  100.0  105.0
14  51.0  252.0
14  64.0  474.0
14  55.0  423.0
14  46.0  499.0
14  59.0  389.0
14  33.0  257.0
14  59.0  385.0
14  44.0  281.0
14  70.0  320.0
14  74.0  347.0
14  45.0  530.0
14  33.0  530.0
14  88.0  285.0
14  63.0  411.0
14  50.0  385.0
14  27.0  313.0
14  76.0  329.0
14  74.0  349.0
14  32.0  544.0
14  85.0  338.0
14  33.0  294.0
14  32.0  273.0
14  49.0  645.0
14  52.0  281.0
14  51.0  457.0
14  61.0  399.0
14  56.0  388.0
14  63.0  200.0
14  56.0  424.0
14  31.0  514.0
14  55.0  451.0
14  61.0  417.0
14  45.0  344.0
14  41.0  426.0
14  75.0  347.0
14  27.0  465.0
14  73.0  290.0
14  66.0  274.0
14  50.0  361.0
14  52.0  405.0
14  29.0  190.0
14  64.0  448.0
14  64.0  229.0
14  67.0  329.0
14  36.0  402.0
14  47.0  292.0
14  76.0  324.0
14  73.0  347.0
14  31.0  298.0
14  39.0  420.0
14  62.0  322.0
14  25.0  350.0
14  83.0  191.0
14  48.0  221.0
14  48.0  552.0
14  59.0  434.0
14  56.0  256.0
14  53.0  365.0
14  62.0  381.0
14  76.0  395.0
14  53.0  393.0
14  55.0  237.0
14  36.0  266.0
14  57.0  384.0
14  76.0  316.0
14  40.0  435.0
14  47.0  309.0
14  44.0  319.0
14  56.0  337.0
14  54.0  428.0
14  50.0  318.0
14  64.0  417.0
14  60.0  259.0
14  77.0  222.0
14  56.0  354.0
15  58.0  281.0
15  48.0  431.0
15  14.0  407.0
15  65.0  298.0
15  51.0  359.0
15  43.0  254.0
15  67.0  407.0
15  75.0  316.0
15  52.0  394.0
15  61.0  486.0
15  75.0  355.0
15  70.0  277.0
15  57.0  411.0
15  54.0  403.0
15  50.0  258.0
15  70.0  304.0
15  31.0  56.0
15  76.0  356.0
15  38.0  334.0
15  55.0  417.0
15  46.0  276.0
15  69.0  342.0
15  75.0  316.0
15  61.0  379.0
15  53.0  460.0
15  54.0  336.0
15  36.0  258.0
15  65.0  387.0
15  53.0  441.0
15  41.0  477.0
15  65.0  290.0
15  43.0  469.0
15  44.0  326.0
15  61.0  376.0
15  50.0  459.0
15  48.0  364.0
15  48.0  340.0
15  62.0  421.0
15  55.0  357.0
15  58.0  219.0
15  42.0  387.0
15  51.0  342.0
15  77.0  345.0
15  51.0  318.0
15  76.0  376.0
15  40.0  166.0
15  60.0  271.0
15  74.0  246.0
15  24.0  544.0
15  68.0  293.0
15  37.0  476.0
15  60.0  268.0
15  54.0  453.0
15  67.0  297.0
15  74.0  331.0
15  31.0  385.0
15  59.0  436.0
15  33.0  514.0
15  52.0  444.0
15  73.0  296.0
15  33.0  378.0
15  64.0  147.0
15  80.0  332.0
15  59.0  300.0
15  33.0  308.0
15  48.0  349.0
15  63.0  220.0
15  71.0  338.0
15  80.0  323.0
15  58.0  404.0
15  41.0  293.0
15  54.0  350.0
15  59.0  294.0
15  51.0  334.0
15  33.0  426.0
15  61.0  261.0
15  96.0  227.0
15  56.0  455.0
15  62.0  399.0
15  21.0  374.0
15  52.0  256.0
15  41.0  466.0
15  49.0  345.0
15  71.0  313.0
15  25.0  536.0
15  30.0  407.0
15  39.0  312.0
15  46.0  352.0
15  67.0  366.0
15  15.0  467.0
15  57.0  398.0
15  45.0  260.0
15  15.0  324.0
15  25.0  388.0
15  41.0  420.0
15  44.0  355.0
15  69.0  329.0
15  60.0  398.0
15  72.0  132.0
15  53.0  348.0
16  70.0  338.0
16  55.0  361.0
16  65.0  381.0
16  49.0  261.0
16  63.0  350.0
16  22.0  165.0
16  65.0  425.0
16  68.0  365.0
16  76.0  350.0
16  67.0  282.0
16  70.0  414.0
16  66.0  346.0
16  76.0  371.0
16  53.0  347.0
16  73.0  317.0
16  59.0  345.0
16  50.0  391.0
16  77.0  278.0
16  32.0  328.0
16  56.0  367.0
16  35.0  178.0
16  70.0  322.0
16  58.0  403.0
16  68.0  369.0
16  33.0  444.0
16  85.0  141.0
16  83.0  295.0
16  68.0  319.0
16  79.0  236.0
16  59.0  377.0
16  43.0  395.0
16  44.0  416.0
16  70.0  319.0
16  56.0  542.0
16  51.0  176.0
16  53.0  430.0
16  33.0  532.0
16  76.0  332.0
16  52.0  259.0
16  79.0  275.0
16  75.0  362.0
16  53.0  463.0
16  81.0  332.0
16  75.0  207.0
16  55.0  361.0
16  65.0  299.0
16  91.0  251.0
16  49.0  344.0
16  41.0  360.0
16  47.0  227.0
16  52.0  552.0
16  76.0  341.0
16  78.0  300.0
16  41.0  515.0
16  42.0  384.0
16  65.0  299.0
16  75.0  347.0
16  38.0  292.0
16  49.0  431.0
16  45.0  342.0
16  56.0  461.0
16  52.0  352.0
16  82.0  318.0
16  72.0  269.0
16  67.0  353.0
16  31.0  390.0
16  77.0  389.0
16  57.0  445.0
16  70.0  278.0
16  44.0  316.0
16  66.0  411.0
16  62.0  298.0
16  35.0  548.0
16  40.0  413.0
16  83.0  282.0
16  46.0  171.0
16  45.0  538.0
16  61.0  411.0
16  61.0  453.0
16  57.0  244.0
16  50.0  411.0
16  68.0  371.0
16  71.0  387.0
16  79.0  298.0
16  94.0  235.0
16  73.0  254.0
16  81.0  299.0
16  70.0  362.0
16  63.0  480.0
16  46.0  279.0
16  65.0  364.0
16  84.0  291.0
16  76.0  313.0
16  49.0  314.0
16  30.0  429.0
16  78.0  154.0
16  52.0  374.0
16  74.0  284.0
16  47.0  421.0
16  47.0  436.0
17  59.0  302.0
17  43.0  215.0
17  21.0  328.0
17  47.0  254.0
17  64.0  348.0
17  53.0  148.0
17  63.0  431.0
17  53.0  316.0
17  67.0  353.0
17  67.0  378.0
17  53.0  279.0
17  33.0  383.0
17  57.0  374.0
17  65.0  275.0
17  55.0  225.0
17  31.0  365.0
17  66.0  222.0
17  56.0  362.0
17  61.0  258.0
17  44.0  438.0
17  40.0  372.0
17  34.0  421.0
17  67.0  369.0
17  50.0  322.0
17  70.0  275.0
17  24.0  520.0
17  70.0  425.0
17  39.0  260.0
17  32.0  281.0
17  49.0  197.0
17  54.0  405.0
17  50.0  490.0
17  44.0  422.0
17  50.0  520.0
17  36.0  232.0
17  33.0  269.0
17  59.0  373.0
17  74.0  281.0
17  51.0  358.0
17  28.0  525.0
17  30.0  604.0
17  64.0  207.0
17  85.0  280.0
17  56.0  386.0
17  59.0  383.0
17  28.0  465.0
17  44.0  310.0
17  63.0  249.0
17  63.0  329.0
17  32.0  400.0
17  35.0  420.0
17  83.0  188.0
17  56.0  384.0
17  50.0  584.0
17  39.0  615.0
17  40.0  509.0
17  45.0  465.0
17  48.0  258.0
17  77.0  320.0
17  50.0  173.0
17  77.0  338.0
17  40.0  414.0
17  45.0  391.0
17  46.0  535.0
17  49.0  607.0
17  49.0  274.0
17  52.0  454.0
17  26.0  392.0
17  51.0  407.0
17  72.0  404.0
17  66.0  370.0
17  66.0  286.0
17  59.0  452.0
17  29.0  286.0
17  46.0  385.0
17  43.0  534.0
17  34.0  280.0
17  39.0  335.0
17  64.0  400.0
17  60.0  394.0
17  64.0  333.0
17  86.0  292.0
17  50.0  512.0
17  69.0  386.0
17  38.0  545.0
17  86.0  151.0
17  52.0  511.0
17  39.0  453.0
17  56.0  340.0
17  80.0  306.0
17  66.0  314.0
17  37.0  455.0
17  41.0  269.0
17  55.0  413.0
17  34.0  340.0
17  36.0  407.0
17  50.0  287.0
17  39.0  192.0
17  72.0  218.0
17  41.0  310.0
18  64.0  305.0
18  71.0  238.0
18  59.0  422.0
18  58.0  365.0
18  34.0  420.0
18  46.0  387.0
18  73.0  210.0
18  39.0  324.0
18  29.0  579.0
18  51.0  434.0
18  52.0  317.0
18  68.0  410.0
18  24.0  411.0
18  56.0  220.0
18  66.0  340.0
18  27.0  407.0
18  49.0  500.0
18  55.0  483.0
18  60.0  451.0
18  37.0  506.0
18  62.0  268.0
18  81.0  322.0
18  37.0  364.0
18  74.0  338.0
18  56.0  347.0
18  75.0  344.0
18  54.0  349.0
18  56.0  477.0
18  53.0  357.0
18  47.0  363.0
18  19.0  460.0
18  61.0  401.0
18  48.0  324.0
18  43.0  407.0
18  84.0  299.0
18  45.0  261.0
18  47.0  357.0
18  78.0  304.0
18  69.0  265.0
18  75.0  310.0
18  73.0  337.0
18  57.0  292.0
18  47.0  368.0
18  72.0  274.0
18  71.0  236.0
18  64.0  333.0
18  70.0  288.0
18  58.0  415.0
18  54.0  153.0
18  55.0  316.0
18  57.0  342.0
18  77.0  394.0
18  70.0  284.0
18  41.0  528.0
18  31.0  298.0
18  41.0  506.0
18  51.0  418.0
18  64.0  423.0
18  28.0  348.0
18  53.0  306.0
18  57.0  405.0
18  38.0  123.0
18  63.0  355.0
18  43.0  434.0
18  82.0  289.0
18  50.0  427.0
18  35.0  475.0
18  58.0  416.0
18  27.0  517.0
18  30.0  453.0
18  68.0  344.0
18  35.0  502.0
18  58.0  347.0
18  70.0  317.0
18  43.0  247.0
18  32.0  408.0
18  34.0  402.0
18  75.0  361.0
18  43.0  176.0
18  48.0  471.0
18  61.0  385.0
18  15.0  406.0
18  55.0  341.0
18  73.0  292.0
18  38.0  351.0
18  29.0  639.0
18  65.0  404.0
18  56.0  351.0
18  91.0  232.0
18  58.0  395.0
18  64.0  238.0
18  88.0  266.0
18  59.0  403.0
18  49.0  410.0
18  42.0  415.0
18  31.0  409.0
18  48.0  336.0
18  68.0  382.0
18  42.0  349.0
18  51.0  359.0
19  60.0  364.0
19  29.0  289.0
19  67.0  368.0
19  89.0  184.0
19  66.0  447.0
19  57.0  236.0
19  56.0  396.0
19  72.0  333.0
19  61.0  342.0
19  69.0  353.0
19  58.0  459.0
19  85.0  131.0
19  70.0  310.0
19  43.0  403.0
19  64.0  506.0
19  52.0  276.0
19  67.0  295.0
19  62.0  556.0
19  58.0  172.0
19  51.0  369.0
19  32.0  555.0
19  53.0  406.0
19  47.0  395.0
19  58.0  334.0
19  74.0  336.0
19  53.0  416.0
19  48.0  463.0
19  51.0  254.0
19  38.0  483.0
19  79.0  283.0
19  62.0  445.0
19  53.0  337.0
19  47.0  444.0
19  29.0  465.0
19  56.0  409.0
19  56.0  424.0
19  56.0  200.0
19  43.0  342.0
19  35.0  339.0
19  55.0  172.0
19  80.0  277.0
19  51.0  402.0
19  28.0  451.0
19  34.0  255.0
19  59.0  343.0
19  52.0  342.0
19  86.0  265.0
19  52.0  233.0
19  55.0  369.0
19  72.0  288.0
19  39.0  286.0
19  62.0  460.0
19  56.0  343.0
19  76.0  340.0
19  54.0  329.0
19  67.0  255.0
19  63.0  499.0
19  79.0  255.0
19  19.0  558.0
19  44.0  346.0
19  48.0  409.0
19  40.0  503.0
19  89.0  179.0
19  56.0  391.0
19  37.0  473.0
19  56.0  224.0
19  67.0  201.0
19  57.0  397.0
19  80.0  302.0
19  38.0  575.0
19  55.0  213.0
19  45.0  464.0
19  54.0  403.0
19  26.0  179.0
19  69.0  338.0
19  57.0  285.0
19  69.0  273.0
19  48.0  447.0
19  49.0  544.0
19  46.0  512.0
19  85.0  309.0
19  62.0  372.0
19  66.0  231.0
19  42.0  255.0
19  44.0  510.0
19  50.0  341.0
19  41.0  417.0
19  82.0  273.0
19  73.0  254.0
19  43.0  442.0
19  67.0  263.0
19  54.0  447.0
19  29.0  464.0
19  40.0  529.0
19  90.0  268.0
19  59.0  428.0
19  48.0  225.0
19  26.0  512.0
19  64.0  312.0
19  73.0  348.0
20  37.0  389.0
20  48.0  388.0
20  29.0  388.0
20  69.0  285.0
20  57.0  359.0
20  76.0  197.0
20  67.0  445.0
20  45.0  402.0
20  43.0  400.0
20  50.0  331.0
20  48.0  486.0
20  54.0  434.0
20  27.0  150.0
20  31.0  422.0
20  52.0  378.0
20  74.0  268.0
20  71.0  307.0
20  63.0  179.0
20  41.0  264.0
20  36.0  263.0
20  66.0  457.0
20  47.0  321.0
20  69.0  430.0
20  59.0  363.0
20  56.0  336.0
20  36.0  443.0
20  52.0  203.0
20  42.0  532.0
20  16.0  413.0
20  74.0  255.0
20  49.0  353.0
20  32.0  394.0
20  82.0  175.0
20  76.0  240.0
20  41.0  471.0
20  70.0  284.0
20  28.0  254.0
20  59.0  265.0
20  51.0  471.0
20  78.0  304.0
20  74.0  280.0
20  49.0  346.0
20  67.0  224.0
20  46.0  571.0
20  29.0  321.0
20  18.0  665.0
20  36.0  316.0
20  74.0  206.0
20  49.0  383.0
20  75.0  339.0
20  74.0  245.0
20  39.0  398.0
20  36.0  423.0
20  40.0  272.0
20  69.0  424.0
20  71.0  284.0
20  50.0  403.0
20  64.0  338.0
20  40.0  469.0
20  79.0  276.0
20  70.0  381.0
20  54.0  477.0
20  46.0  360.0
20  47.0  372.0
20  64.0  387.0
20  28.0  568.0
20  62.0  348.0
20  23.0  458.0
20  71.0  300.0
20  60.0  274.0
20  74.0  367.0
20  60.0  310.0
20  66.0  419.0
20  53.0  499.0
20  63.0  408.0
20  80.0  339.0
20  45.0  189.0
20  67.0  374.0
20  56.0  254.0
20  60.0  352.0
20  76.0  342.0
20  46.0  281.0
20  39.0  451.0
20  32.0  500.0
20  79.0  330.0
20  26.0  540.0
20  51.0  398.0
20  18.0  317.0
20  45.0  258.0
20  36.0  442.0
20  65.0  308.0
20  72.0  325.0
20  66.0  215.0
20  54.0  388.0
20  57.0  334.0
20  62.0  384.0
20  54.0  462.0
20  44.0  361.0
20  51.0  439.0
20  68.0  150.0
