1  13.0  318
2  88.0  219
3  0.0  263
4  32.0  360
5  15.0  360
1  31.0  392
2  29.0  259
3  8.0  309
4  32.0  240
5  13.0  292
1  33.0  378
2  50.0  456
3  27.0  414
4  46.0  342
5  6.0  103
1  58.0  299
2  24.0  395
3  34.0  245
4  26.0  383
5  27.0  316
1  69.0  335
2  20.0  382
3  36.0  341
4  38.0  254
5  44.0  358
1  37.0  423
2  24.0  399
3  29.0  452
4  4.0  268
5  23.0  325
1  75.0  276
2  34.0  268
3  40.0  539
4  33.0  250
5  19.0  352
1  42.0  470
2  35.0  351
3  37.0  279
4  23.0  297
5  13.0  371
1  39.0  472
2  68.0  251
3  38.0  260
4  19.0  309
5  48.0  279
1  38.0  384
2  43.0  324
3  57.0  332
4  58.0  305
5  14.0  233
1  51.0  410
2  24.0  507
3  26.0  456
4  22.0  254
5  1.0  165
1  47.0  288
2  36.0  417
3  45.0  381
4  20.0  381
5  2.0  168
1  50.0  470
2  38.0  554
3  56.0  351
4  32.0  360
5  29.0  272
1  10.0  224
2  15.0  366
3  31.0  393
4  32.0  291
5  0.0  266
1  30.0  385
2  49.0  434
3  15.0  322
4  13.0  405
5  9.0  238
1  76.0  318
2  58.0  339
3  18.0  449
4  20.0  207
5  32.0  340
1  34.0  433
2  34.0  412
3  27.0  380
4  69.0  349
5  14.0  245
1  29.0  394
2  14.0  299
3  47.0  259
4  26.0  249
5  20.0  143
1  26.0  430
2  61.0  303
3  59.0  356
4  6.0  509
5  24.0  279
1  67.0  334
2  33.0  287
3  49.0  263
4  36.0  373
5  29.0  223
1  45.0  479
2  45.0  329
3  50.0  379
4  34.0  219
5  22.0  333
1  76.0  378
2  50.0  403
3  23.0  415
4  20.0  310
5  48.0  235
1  80.0  307
2  21.0  277
3  20.0  279
4  26.0  300
5  33.0  301
1  29.0  404
2  54.0  444
3  37.0  473
4  11.0  145
5  18.0  352
1  52.0  332
2  7.0  299
3  7.0  306
4  9.0  286
5  19.0  276
1  44.0  477
2  32.0  395
3  36.0  334
4  35.0  253
5  18.0  409
1  25.0  417
2  49.0  378
3  7.0  180
4  60.0  356
5  51.0  357
1  38.0  291
2  68.0  359
3  44.0  333
4  12.0  453
5  28.0  288
1  47.0  425
2  43.0  446
3  20.0  254
4  2.0  313
5  21.0  249
1  0.0  286
2  36.0  405
3  15.0  288
4  5.0  355
5  11.0  127
1  24.0  364
2  27.0  341
3  20.0  339
4  27.0  340
5  20.0  306
1  1.0  275
2  44.0  334
3  58.0  252
4  31.0  277
5  1.0  237
1  55.0  359
2  22.0  345
3  23.0  283
4  30.0  271
5  8.0  227
1  32.0  431
2  51.0  433
3  63.0  297
4  49.0  214
5  30.0  310
1  38.0  477
2  40.0  485
3  19.0  344
4  15.0  374
5  0.0  153
1  39.0  439
2  66.0  399
3  36.0  330
4  17.0  385
5  0.0  294
1  48.0  416
2  33.0  357
3  27.0  378
4  14.0  255
5  0.0  208
1  45.0  453
2  18.0  400
3  44.0  390
4  19.0  329
5  44.0  277
1  50.0  498
2  46.0  407
3  42.0  305
4  10.0  318
5  12.0  273
1  46.0  378
2  50.0  448
3  51.0  350
4  2.0  186
5  20.0  338
1  15.0  204
2  5.0  409
3  28.0  410
4  8.0  215
5  15.0  259
1  51.0  381
2  32.0  455
3  37.0  228
4  38.0  205
5  21.0  445
1  51.0  334
2  48.0  394
3  41.0  463
4  18.0  274
5  18.0  333
1  23.0  527
2  55.0  389
3  44.0  264
4  28.0  274
5  12.0  237
1  28.0  419
2  71.0  296
3  70.0  253
4  35.0  261
5  20.0  353
1  57.0  334
2  42.0  495
3  58.0  308
4  32.0  209
5  36.0  309
1  47.0  356
2  55.0  395
3  0.0  161
4  29.0  255
5  19.0  205
1  30.0  449
2  55.0  385
3  33.0  341
4  42.0  339
5  13.0  169
1  32.0  253
2  54.0  276
3  40.0  421
4  26.0  367
5  39.0  272
1  37.0  650
2  48.0  427
3  12.0  224
4  45.0  433
5  23.0  235
1  37.0  271
2  49.0  393
3  19.0  348
4  46.0  357
5  11.0  332
1  27.0  480
2  48.0  385
3  40.0  374
4  8.0  175
5  19.0  171
1  27.0  485
2  8.0  337
3  36.0  514
4  8.0  293
5  37.0  274
1  16.0  405
2  29.0  437
3  21.0  227
4  33.0  167
5  23.0  393
1  43.0  405
2  23.0  282
3  27.0  264
4  13.0  306
5  24.0  306
1  38.0  406
2  71.0  340
3  0.0  241
4  35.0  303
5  23.0  333
1  19.0  494
2  46.0  421
3  20.0  237
4  5.0  175
5  14.0  168
1  60.0  312
2  30.0  342
3  4.0  264
4  18.0  299
5  28.0  261
1  70.0  384
2  62.0  476
3  47.0  389
4  12.0  317
5  31.0  354
1  51.0  361
2  26.0  321
3  10.0  339
4  3.0  337
5  33.0  375
1  44.0  351
2  12.0  358
3  23.0  426
4  40.0  319
5  27.0  287
1  69.0  330
2  27.0  478
3  0.0  251
4  54.0  280
5  14.0  266
1  41.0  422
2  39.0  477
3  10.0  233
4  20.0  283
5  33.0  345
1  39.0  396
2  35.0  495
3  17.0  277
4  18.0  376
5  12.0  227
1  26.0  463
2  48.0  307
3  9.0  257
4  39.0  316
5  32.0  262
1  28.0  370
2  34.0  372
3  38.0  322
4  10.0  238
5  32.0  389
1  47.0  407
2  47.0  344
3  65.0  346
4  32.0  282
5  6.0  176
1  12.0  519
2  49.0  379
3  25.0  418
4  20.0  203
5  22.0  318
1  29.0  404
2  17.0  395
3  3.0  135
4  12.0  343
5  33.0  398
1  26.0  471
2  10.0  265
3  35.0  361
4  8.0  236
5  29.0  272
1  24.0  254
2  31.0  362
3  58.0  381
4  20.0  264
5  16.0  325
1  63.0  400
2  27.0  233
3  2.0  298
4  48.0  224
5  18.0  287
1  40.0  594
2  32.0  413
3  41.0  350
4  34.0  310
5  15.0  251
1  46.0  345
2  26.0  454
3  31.0  387
4  62.0  330
5  15.0  259
1  44.0  465
2  38.0  386
3  29.0  422
4  9.0  215
5  22.0  183
1  40.0  423
2  0.0  435
3  44.0  388
4  8.0  373
5  6.0  175
1  43.0  347
2  49.0  365
3  1.0  241
4  24.0  314
5  22.0  255
1  29.0  301
2  45.0  386
3  34.0  291
4  29.0  308
5  13.0  200
1  48.0  331
2  45.0  298
3  50.0  303
4  24.0  510
5  38.0  227
1  32.0  436
2  46.0  336
3  26.0  232
4  19.0  282
5  10.0  360
1  66.0  325
2  20.0  246
3  39.0  362
4  47.0  354
5  7.0  260
1  52.0  475
2  31.0  216
3  50.0  261
4  23.0  357
5  18.0  224
1  17.0  408
2  40.0  239
3  50.0  319
4  18.0  218
5  17.0  193
1  30.0  411
2  49.0  286
3  8.0  383
4  0.0  177
5  38.0  337
1  64.0  321
2  51.0  421
3  16.0  238
4  14.0  189
5  12.0  240
1  45.0  257
2  49.0  409
3  21.0  356
4  6.0  311
5  23.0  213
1  58.0  371
2  58.0  342
3  36.0  315
4  16.0  375
5  15.0  268
1  54.0  347
2  49.0  537
3  58.0  380
4  40.0  259
5  42.0  279
1  33.0  316
2  42.0  508
3  9.0  325
4  28.0  275
5  45.0  271
1  30.0  297
2  47.0  386
3  29.0  437
4  8.0  354
5  18.0  210
1  42.0  360
2  28.0  327
3  38.0  369
4  20.0  446
5  31.0  242
1  44.0  343
2  23.0  257
3  17.0  455
4  26.0  251
5  20.0  297
1  18.0  384
2  24.0  346
3  31.0  384
4  38.0  292
5  11.0  334
1  27.0  509
2  70.0  346
3  4.0  321
4  22.0  265
5  44.0  348
1  53.0  449
2  36.0  310
3  21.0  307
4  0.0  228
5  46.0  350
1  41.0  185
2  56.0  381
3  26.0  296
4  63.0  334
5  11.0  163
1  67.0  315
2  17.0  310
3  14.0  190
4  5.0  224
5  33.0  254
1  26.0  366
2  65.0  345
3  43.0  414
4  10.0  332
5  25.0  300
1  29.0  406
2  69.0  367
3  39.0  300
4  57.0  295
5  9.0  203
1  24.0  471
2  28.0  434
3  45.0  296
4  22.0  342
5  36.0  335
