1  57.0  425
2  35.0  363
3  31.0  470
4  50.0  424
5  53.0  394
6  57.0  419
7  54.0  300
1  18.0  424
2  43.0  481
3  63.0  429
4  72.0  329
5  69.0  400
6  27.0  601
7  50.0  584
1  45.0  643
2  49.0  418
3  59.0  378
4  70.0  359
5  50.0  506
6  33.0  375
7  25.0  355
1  68.0  231
2  36.0  387
3  46.0  321
4  36.0  351
5  37.0  499
6  45.0  268
7  38.0  411
1  79.0  336
2  37.0  178
3  68.0  319
4  49.0  414
5  51.0  318
6  62.0  392
7  23.0  155
1  41.0  501
2  57.0  424
3  44.0  406
4  42.0  404
5  50.0  373
6  62.0  444
7  36.0  456
1  30.0  292
2  6.0  275
3  44.0  409
4  68.0  396
5  67.0  343
6  33.0  530
7  26.0  344
1  51.0  304
2  34.0  313
3  74.0  377
4  58.0  464
5  48.0  406
6  51.0  493
7  56.0  300
1  39.0  295
2  33.0  505
3  39.0  441
4  50.0  549
5  38.0  324
6  46.0  416
7  28.0  499
1  50.0  404
2  44.0  303
3  58.0  385
4  33.0  491
5  52.0  421
6  72.0  353
7  48.0  369
1  35.0  208
2  55.0  441
3  27.0  382
4  56.0  324
5  53.0  430
6  26.0  401
7  43.0  162
1  70.0  311
2  58.0  413
3  46.0  282
4  49.0  403
5  69.0  229
6  36.0  388
7  43.0  476
1  45.0  581
2  58.0  302
3  67.0  401
4  46.0  366
5  53.0  411
6  60.0  458
7  23.0  358
1  95.0  228
2  54.0  477
3  70.0  299
4  63.0  398
5  9.0  435
6  29.0  397
7  29.0  346
1  51.0  255
2  33.0  300
3  55.0  438
4  49.0  375
5  63.0  330
6  69.0  384
7  70.0  420
1  59.0  412
2  62.0  229
3  50.0  395
4  66.0  404
5  72.0  331
6  56.0  457
7  35.0  606
1  38.0  391
2  56.0  299
3  57.0  218
4  35.0  510
5  40.0  539
6  23.0  575
7  52.0  359
1  61.0  290
2  51.0  595
3  30.0  289
4  45.0  434
5  70.0  399
6  38.0  204
7  53.0  333
1  49.0  230
2  32.0  698
3  46.0  511
4  48.0  352
5  35.0  499
6  72.0  229
7  29.0  488
1  24.0  687
2  41.0  471
3  43.0  416
4  89.0  302
5  51.0  371
6  15.0  386
7  44.0  485
1  68.0  455
2  23.0  205
3  31.0  162
4  28.0  381
5  48.0  396
6  36.0  495
7  35.0  390
1  30.0  282
2  37.0  469
3  35.0  302
4  50.0  403
5  57.0  292
6  47.0  340
7  74.0  380
1  34.0  248
2  47.0  354
3  48.0  382
4  29.0  493
5  13.0  393
6  92.0  241
7  44.0  399
1  28.0  553
2  45.0  171
3  59.0  234
4  83.0  246
5  61.0  394
6  43.0  443
7  42.0  617
1  81.0  361
2  73.0  367
3  40.0  378
4  17.0  581
5  26.0  379
6  48.0  263
7  41.0  453
1  48.0  555
2  51.0  470
3  41.0  309
4  55.0  320
5  44.0  409
6  33.0  368
7  45.0  467
1  45.0  347
2  31.0  704
3  42.0  304
4  73.0  389
5  84.0  229
6  49.0  518
7  51.0  455
1  41.0  465
2  57.0  441
3  73.0  392
4  44.0  474
5  53.0  362
6  54.0  366
7  45.0  336
1  46.0  369
2  47.0  468
3  49.0  404
4  72.0  333
5  54.0  310
6  33.0  418
7  49.0  432
1  49.0  434
2  78.0  285
3  37.0  508
4  70.0  350
5  24.0  481
6  56.0  404
7  49.0  364
1  75.0  326
2  42.0  289
3  53.0  215
4  65.0  406
5  60.0  417
6  74.0  383
7  17.0  444
1  77.0  354
2  19.0  521
3  23.0  313
4  76.0  366
5  40.0  405
6  59.0  406
7  47.0  362
1  45.0  257
2  76.0  374
3  52.0  485
4  66.0  161
5  36.0  432
6  56.0  315
7  30.0  417
1  42.0  161
2  54.0  372
3  34.0  510
4  37.0  312
5  35.0  570
6  56.0  259
7  43.0  502
1  64.0  299
2  70.0  235
3  52.0  258
4  52.0  383
5  36.0  269
6  52.0  406
7  56.0  324
1  46.0  393
2  40.0  639
3  52.0  489
4  25.0  349
5  72.0  300
6  46.0  508
7  60.0  369
1  46.0  345
2  25.0  439
3  67.0  353
4  55.0  362
5  56.0  384
6  53.0  377
7  40.0  344
1  61.0  364
2  80.0  233
3  67.0  234
4  44.0  383
5  40.0  302
6  53.0  433
7  42.0  504
1  56.0  509
2  23.0  418
3  53.0  518
4  63.0  464
5  46.0  449
6  33.0  445
7  45.0  509
1  76.0  303
2  56.0  447
3  71.0  352
4  45.0  176
5  50.0  533
6  54.0  483
7  75.0  345
1  77.0  370
2  26.0  292
3  78.0  348
4  57.0  317
5  60.0  420
6  63.0  386
7  34.0  440
1  73.0  290
2  69.0  372
3  58.0  368
4  56.0  402
5  43.0  289
6  28.0  367
7  50.0  443
1  60.0  432
2  56.0  379
3  74.0  382
4  61.0  280
5  26.0  322
6  26.0  489
7  81.0  356
1  55.0  183
2  50.0  470
3  75.0  304
4  56.0  334
5  47.0  426
6  40.0  387
7  39.0  511
1  68.0  413
2  31.0  489
3  39.0  368
4  36.0  466
5  35.0  426
6  10.0  225
7  52.0  354
1  64.0  250
2  61.0  195
3  75.0  325
4  57.0  242
5  35.0  492
6  14.0  345
7  34.0  404
1  44.0  538
2  44.0  552
3  53.0  398
4  44.0  353
5  48.0  330
6  31.0  356
7  35.0  432
1  61.0  291
2  45.0  359
3  38.0  596
4  51.0  360
5  17.0  409
6  58.0  292
7  42.0  493
1  62.0  402
2  39.0  485
3  53.0  363
4  64.0  406
5  61.0  282
6  35.0  371
7  57.0  409
1  80.0  307
2  47.0  375
3  53.0  314
4  50.0  364
5  24.0  309
6  81.0  303
7  22.0  367
1  54.0  376
2  37.0  398
3  53.0  249
4  22.0  422
5  80.0  379
6  76.0  300
7  40.0  396
1  53.0  344
2  18.0  694
3  73.0  240
4  53.0  469
5  64.0  435
6  14.0  509
7  39.0  354
1  58.0  415
2  42.0  273
3  48.0  637
4  28.0  395
5  55.0  432
6  34.0  782
7  58.0  393
1  45.0  428
2  63.0  343
3  39.0  563
4  23.0  558
5  61.0  496
6  60.0  379
7  38.0  527
1  51.0  427
2  44.0  430
3  78.0  319
4  31.0  354
5  37.0  512
6  64.0  453
7  48.0  271
1  67.0  421
2  91.0  282
3  24.0  425
4  49.0  307
5  50.0  366
6  44.0  441
7  26.0  449
1  17.0  551
2  32.0  397
3  79.0  365
4  29.0  240
5  31.0  477
6  25.0  460
7  41.0  320
1  51.0  111
2  49.0  491
3  12.0  374
4  33.0  240
5  21.0  311
6  33.0  388
7  54.0  459
1  44.0  333
2  61.0  344
3  48.0  359
4  33.0  489
5  70.0  376
6  50.0  503
7  57.0  469
1  53.0  447
2  64.0  482
3  53.0  451
4  36.0  276
5  60.0  462
6  45.0  413
7  57.0  371
1  19.0  237
2  29.0  446
3  60.0  468
4  72.0  374
5  35.0  498
6  25.0  338
7  37.0  463
1  33.0  480
2  41.0  538
3  50.0  325
4  58.0  495
5  50.0  480
6  56.0  436
7  41.0  315
1  78.0  347
2  43.0  618
3  47.0  276
4  80.0  316
5  39.0  448
6  58.0  463
7  58.0  438
1  33.0  322
2  73.0  317
3  65.0  425
4  54.0  377
5  44.0  474
6  30.0  449
7  30.0  448
1  82.0  359
2  48.0  249
3  38.0  330
4  63.0  311
5  35.0  499
6  47.0  380
7  21.0  369
1  70.0  393
2  33.0  303
3  57.0  382
4  87.0  288
5  51.0  488
6  54.0  453
7  62.0  502
1  43.0  463
2  47.0  235
3  45.0  428
4  61.0  389
5  39.0  247
6  68.0  242
7  54.0  449
1  58.0  461
2  33.0  396
3  55.0  341
4  46.0  178
5  52.0  445
6  16.0  305
7  39.0  578
1  47.0  438
2  55.0  436
3  60.0  480
4  52.0  338
5  59.0  335
6  61.0  366
7  43.0  543
1  51.0  385
2  37.0  163
3  39.0  258
4  58.0  283
5  54.0  421
6  51.0  406
7  26.0  539
1  68.0  376
2  30.0  493
3  31.0  428
4  60.0  480
5  52.0  223
6  26.0  480
7  57.0  365
1  57.0  547
2  78.0  355
3  55.0  371
4  23.0  289
5  39.0  437
6  46.0  420
7  30.0  379
1  57.0  294
2  20.0  331
3  68.0  327
4  46.0  331
5  31.0  281
6  45.0  370
7  37.0  506
1  81.0  324
2  65.0  296
3  41.0  493
4  43.0  626
5  19.0  417
6  64.0  394
7  64.0  462
1  56.0  494
2  52.0  247
3  59.0  405
4  33.0  430
5  51.0  455
6  61.0  296
7  55.0  479
1  77.0  383
2  41.0  518
3  24.0  591
4  45.0  444
5  61.0  334
6  36.0  545
7  24.0  508
1  58.0  326
2  65.0  235
3  53.0  351
4  32.0  464
5  48.0  437
6  36.0  250
7  34.0  320
1  26.0  420
2  28.0  286
3  74.0  284
4  34.0  577
5  47.0  427
6  37.0  445
7  40.0  364
1  67.0  379
2  46.0  410
3  35.0  632
4  43.0  345
5  70.0  403
6  40.0  205
7  60.0  285
1  36.0  350
2  60.0  329
3  24.0  482
4  33.0  462
5  55.0  262
6  30.0  502
7  62.0  400
1  64.0  254
2  65.0  426
3  84.0  292
4  45.0  411
5  24.0  572
6  69.0  362
7  50.0  501
1  80.0  301
2  15.0  262
3  80.0  332
4  85.0  298
5  35.0  373
6  47.0  518
7  37.0  536
1  57.0  301
2  58.0  365
3  29.0  479
4  49.0  325
5  58.0  424
6  36.0  313
7  33.0  548
1  59.0  329
2  43.0  232
3  71.0  387
4  29.0  487
5  30.0  461
6  33.0  422
7  45.0  521
1  69.0  362
2  51.0  417
3  25.0  550
4  40.0  561
5  62.0  455
6  33.0  404
7  42.0  506
1  45.0  418
2  42.0  651
3  61.0  378
4  36.0  425
5  42.0  414
6  56.0  393
7  26.0  304
1  41.0  476
2  61.0  385
3  36.0  170
4  55.0  444
5  24.0  334
6  36.0  311
7  51.0  329
1  44.0  353
2  53.0  337
3  60.0  573
4  54.0  401
5  30.0  428
6  31.0  443
7  19.0  458
1  65.0  372
2  69.0  337
3  76.0  322
4  44.0  400
5  57.0  452
6  45.0  349
7  35.0  332
1  70.0  287
2  79.0  294
3  56.0  420
4  32.0  285
5  63.0  388
6  33.0  179
7  46.0  462
1  29.0  232
2  63.0  325
3  38.0  309
4  70.0  410
5  20.0  337
6  42.0  321
7  65.0  209
1  32.0  360
2  29.0  196
3  49.0  368
4  41.0  301
5  46.0  292
6  49.0  471
7  19.0  465
1  46.0  568
2  80.0  284
3  40.0  437
4  78.0  274
5  34.0  338
6  47.0  479
7  59.0  361
1  67.0  396
2  57.0  395
3  60.0  319
4  71.0  364
5  72.0  405
6  53.0  386
7  39.0  457
1  57.0  488
2  71.0  365
3  70.0  379
4  65.0  425
5  42.0  458
6  34.0  444
7  53.0  458
1  25.0  490
2  21.0  306
3  10.0  400
4  60.0  451
5  81.0  324
6  47.0  335
7  25.0  506
1  55.0  467
2  46.0  271
3  29.0  263
4  37.0  535
5  59.0  410
6  37.0  353
7  18.0  441
1  73.0  381
2  33.0  604
3  25.0  410
4  38.0  331
5  57.0  258
6  59.0  447
7  36.0  427
1  18.0  436
2  40.0  674
3  45.0  553
4  54.0  328
5  55.0  315
6  35.0  420
7  32.0  193
1  55.0  427
2  38.0  259
3  22.0  296
4  40.0  424
5  47.0  373
6  63.0  288
7  31.0  537
