2  27.0  917
4  34.25  1567
6  53.0  1863
8  47.75  2342
10  38.399999999999999  2441
12  38.833333333333336  3532
14  43.785714285714285  3581
16  36.125  4471
18  41.277777777777779  4690
20  40.649999999999999  4562
2  61.0  734
4  36.5  1439
6  27.0  2230
8  44.125  2233
10  46.5  3054
12  43.083333333333336  3446
14  36.571428571428569  3772
16  39.8125  3593
18  35.666666666666664  3980
20  45.200000000000003  4470
2  50.5  732
4  40.75  1359
6  45.5  1941
8  55.125  2618
10  37.600000000000001  3038
12  36.0  3376
14  33.928571428571431  3424
16  39.3125  3986
18  32.833333333333336  4452
20  45.350000000000001  4495
2  20.0  834
4  49.5  1359
6  48.5  1996
8  47.25  2247
10  45.899999999999999  3294
12  39.25  3349
14  43.714285714285715  3824
16  38.9375  4314
18  44.222222222222221  4591
20  44.649999999999999  4562
2  48.5  843
4  53.25  1167
6  35.0  1821
8  45.25  2585
10  46.5  2976
12  47.583333333333336  3274
14  39.142857142857146  3783
16  42.9375  3784
18  42.277777777777779  4201
20  37.649999999999999  4490
2  41.5  832
4  32.0  1319
6  41.0  2236
8  48.375  2570
10  45.899999999999999  3651
12  44.666666666666664  3457
14  48.428571428571431  3412
16  42.6875  3759
18  44.166666666666664  4015
20  37.950000000000003  4506
2  42.5  569
4  48.0  1260
6  49.166666666666664  2066
8  53.25  2673
10  29.699999999999999  2158
12  51.416666666666664  3539
14  47.214285714285715  4004
16  40.875  4064
18  41.611111111111114  4626
20  44.600000000000001  4571
2  58.0  726
4  50.25  1485
6  54.5  1702
8  45.125  2429
10  41.100000000000001  3276
12  34.166666666666664  2825
14  40.571428571428569  3894
16  41.25  4150
18  43.444444444444443  4483
20  45.700000000000003  4694
2  36.5  812
4  53.25  1451
6  31.333333333333332  2218
8  44.875  2460
10  48.0  3126
12  39.5  3274
14  37.214285714285715  3996
16  42.5  4258
18  31.388888888888889  3808
20  41.25  4799
2  42.5  866
4  56.0  1559
6  48.166666666666664  2091
8  31.75  2112
10  41.0  2896
12  42.75  3387
14  40.214285714285715  3726
16  42.75  4178
18  39.5  4481
20  39.299999999999997  4401
2  26.5  712
4  54.0  1335
6  49.0  1818
8  54.0  2199
10  51.299999999999997  2801
12  44.25  3114
14  41.071428571428569  3592
16  29.1875  3741
18  43.388888888888886  4083
20  36.899999999999999  4303
2  53.5  732
4  47.25  1177
6  45.0  1839
8  45.0  2204
10  47.899999999999999  3059
12  42.833333333333336  3100
14  49.071428571428569  4005
16  36.625  4107
18  38.0  4044
20  45.850000000000001  4594
2  51.0  569
4  40.75  1208
6  50.5  2022
8  35.125  2275
10  40.799999999999997  3133
12  35.416666666666664  3108
14  49.0  3765
16  44.4375  4070
18  42.333333333333336  4290
20  43.799999999999997  4328
2  37.0  784
4  51.75  1227
6  42.333333333333336  2031
8  34.75  2603
10  37.200000000000003  3243
12  42.5  3465
14  40.714285714285715  3497
16  40.125  4063
18  43.388888888888886  4464
20  40.200000000000003  4456
2  51.0  528
4  40.75  1581
6  49.833333333333336  2035
8  26.0  2718
10  48.100000000000001  2968
12  32.083333333333336  3068
14  34.0  3930
16  47.3125  4011
18  42.277777777777779  4429
20  36.700000000000003  4368
2  48.5  722
4  40.0  1242
6  53.0  2022
8  43.0  2521
10  49.600000000000001  2823
12  36.916666666666664  3177
14  45.214285714285715  3785
16  32.3125  3962
18  38.0  4209
20  32.299999999999997  4078
2  47.5  713
4  42.5  1417
6  41.5  2299
8  49.25  2204
10  40.299999999999997  2940
12  37.166666666666664  3119
14  49.071428571428569  3652
16  38.8125  4307
18  37.388888888888886  4264
20  44.549999999999997  4514
2  37.0  619
4  42.5  1573
6  29.666666666666668  1903
8  35.0  2636
10  46.399999999999999  3141
12  40.333333333333336  3132
14  50.357142857142854  3561
16  31.5625  3524
18  36.666666666666664  4209
20  41.5  4715
2  58.0  718
4  45.25  1542
6  54.666666666666664  2056
8  42.625  2460
10  42.600000000000001  3091
12  47.75  3440
14  45.785714285714285  4235
16  29.4375  3532
18  45.5  4312
20  37.799999999999997  4145
2  56.5  734
4  52.5  1125
6  51.833333333333336  2165
8  44.375  2273
10  40.700000000000003  2814
12  33.583333333333336  3137
14  39.642857142857146  3671
16  38.75  4379
18  41.222222222222221  4237
20  34.200000000000003  4062
2  50.5  660
4  44.5  1473
6  52.166666666666664  2305
8  41.625  2103
10  43.0  3124
12  46.416666666666664  2666
14  46.928571428571431  3631
16  49.125  3793
18  46.444444444444443  4334
20  30.350000000000001  4541
2  51.0  799
4  37.75  1168
6  32.666666666666664  1910
8  49.875  2227
10  49.0  3035
12  30.666666666666668  3190
14  36.357142857142854  3530
16  33.5  3911
18  36.277777777777779  3745
20  38.350000000000001  4754
2  31.0  897
4  38.5  1479
6  38.666666666666664  2030
8  40.25  2464
10  42.899999999999999  2641
12  34.5  3643
14  36.571428571428569  3794
16  29.875  4041
18  43.944444444444443  4255
20  43.450000000000003  4705
2  40.5  571
4  44.0  1191
6  52.333333333333336  1835
8  49.5  2314
10  43.299999999999997  3151
12  31.666666666666668  3185
14  42.071428571428569  3835
16  39.875  4571
18  39.944444444444443  3680
20  42.25  4952
2  53.5  821
4  42.25  1369
6  38.166666666666664  1972
8  42.375  2585
10  50.5  2959
12  44.833333333333336  3536
14  36.0  3229
16  36.6875  3739
18  41.388888888888886  4571
20  37.049999999999997  4601
2  41.5  768
4  57.0  1276
6  40.666666666666664  2091
8  40.125  2742
10  40.5  2687
12  43.75  3301
14  43.5  3524
16  42.5625  3800
18  41.611111111111114  4559
20  46.399999999999999  4623
2  22.5  647
4  25.75  1542
6  54.166666666666664  1851
8  33.0  2419
10  49.700000000000003  2767
12  45.0  3214
14  39.857142857142854  3817
16  38.625  4072
18  41.055555555555557  3925
20  42.399999999999999  4553
2  47.5  597
4  42.5  1674
6  40.166666666666664  1864
8  42.375  2380
10  43.899999999999999  2828
12  48.083333333333336  3465
14  36.5  3377
16  45.625  3688
18  39.777777777777779  4595
20  36.799999999999997  4629
2  35.0  812
4  49.5  1428
6  52.166666666666664  1790
8  40.875  2435
10  41.600000000000001  2373
12  45.916666666666664  3604
14  41.571428571428569  3680
16  30.6875  3815
18  37.166666666666664  4258
20  41.850000000000001  4630
2  21.5  556
4  37.0  1213
6  25.166666666666668  1662
8  55.25  2152
10  50.5  3089
12  34.25  3611
14  39.428571428571431  3937
16  38.6875  4122
18  43.222222222222221  4393
20  35.399999999999999  4524
2  55.5  766
4  52.5  1521
6  45.5  1988
8  45.625  2504
10  47.399999999999999  2444
12  40.25  3288
14  37.714285714285715  3981
16  45.4375  3937
18  37.777777777777779  4530
20  38.299999999999997  4539
2  53.0  775
4  38.0  1585
6  43.666666666666664  1976
8  50.75  2259
10  39.899999999999999  2982
12  45.416666666666664  3158
14  42.142857142857146  3550
16  29.75  3993
18  39.111111111111114  3937
20  35.299999999999997  4683
2  61.0  786
4  45.75  1411
6  33.166666666666664  2109
8  54.375  2186
10  34.700000000000003  2689
12  38.5  3315
14  33.285714285714285  3726
16  39.4375  4066
18  41.055555555555557  4280
20  35.600000000000001  4463
2  46.5  737
4  34.25  1596
6  38.333333333333336  1717
8  52.0  2308
10  47.100000000000001  3480
12  39.0  3368
14  35.285714285714285  3935
16  40.6875  4210
18  34.833333333333336  4003
20  31.600000000000001  4400
2  38.5  837
4  37.75  1423
6  45.666666666666664  2373
8  32.875  2657
10  39.200000000000003  2639
12  48.5  3505
14  44.5  3584
16  41.75  4007
18  36.111111111111114  4437
20  38.600000000000001  4670
2  47.5  795
4  54.75  1202
6  50.0  1675
8  52.25  2336
10  48.399999999999999  2824
12  40.25  3259
14  38.357142857142854  3728
16  41.125  3882
18  40.166666666666664  4126
20  44.549999999999997  4797
2  59.0  596
4  40.25  1174
6  42.166666666666664  2081
8  39.875  2715
10  51.200000000000003  3118
12  35.166666666666664  3340
14  42.142857142857146  3820
16  37.25  3902
18  34.611111111111114  4286
20  32.899999999999999  4756
2  58.0  783
4  34.5  1579
6  39.5  2061
8  46.375  2104
10  38.899999999999999  2094
12  41.583333333333336  3046
14  35.928571428571431  3850
16  43.0  3957
18  38.777777777777779  4015
20  36.350000000000001  4874
2  52.0  913
4  33.5  1188
6  42.166666666666664  2104
8  39.625  2714
10  38.100000000000001  3093
12  43.5  3608
14  34.071428571428569  4026
16  33.8125  4112
18  43.055555555555557  4003
20  34.049999999999997  4096
2  35.5  943
4  47.0  1614
6  45.833333333333336  2282
8  37.375  2601
10  32.399999999999999  2577
12  37.666666666666664  3151
14  34.071428571428569  3987
16  45.375  4008
18  34.0  3850
20  35.799999999999997  4597
2  70.0  613
4  53.75  1404
6  44.333333333333336  2121
8  52.375  2469
10  46.0  2943
12  45.583333333333336  3264
14  42.857142857142854  3248
16  34.0625  3930
18  36.444444444444443  4442
20  41.600000000000001  4644
2  46.5  953
4  47.25  1541
6  38.833333333333336  1847
8  47.0  2092
10  47.5  2728
12  38.166666666666664  3251
14  39.571428571428569  3889
16  45.0625  3883
18  42.722222222222221  4235
20  39.0  4413
2  10.5  366
4  41.25  1288
6  51.333333333333336  1943
8  41.25  2409
10  45.399999999999999  3047
12  37.166666666666664  3295
14  34.571428571428569  3416
16  41.0  3801
18  43.833333333333336  4470
20  33.100000000000001  4179
2  32.5  506
4  47.5  1295
6  47.166666666666664  1734
8  48.625  2287
10  39.299999999999997  2645
12  48.0  3342
14  34.5  4158
16  41.25  4274
18  40.944444444444443  4033
20  40.5  4704
2  58.0  755
4  47.75  1096
6  37.0  2257
8  43.5  2809
10  39.600000000000001  3089
12  39.25  3390
14  43.357142857142854  3841
16  35.6875  4587
18  45.611111111111114  4459
20  50.75  4272
2  43.5  657
4  53.75  1499
6  54.666666666666664  1992
8  45.5  2312
10  39.299999999999997  2679
12  41.916666666666664  3333
14  38.357142857142854  3489
16  43.5625  3916
18  33.444444444444443  4580
20  32.899999999999999  4651
2  43.0  646
4  46.75  719
6  49.833333333333336  2017
8  44.0  2886
10  40.700000000000003  3161
12  44.916666666666664  3263
14  36.428571428571431  3539
16  42.4375  4253
18  38.111111111111114  4342
20  41.5  4794
2  31.0  864
4  34.0  1554
6  52.0  1625
8  37.375  2449
10  55.399999999999999  3080
12  37.0  3025
14  41.714285714285715  3888
16  36.125  4254
18  40.722222222222221  4096
20  35.75  4729
2  62.0  777
4  44.5  1688
6  41.0  2090
8  34.25  2270
10  50.799999999999997  2818
12  45.25  3229
14  32.785714285714285  3668
16  38.25  4198
18  34.888888888888886  3949
20  39.149999999999999  4012
2  50.5  642
4  55.0  1206
6  42.333333333333336  1849
8  48.625  2870
10  47.100000000000001  2934
12  39.416666666666664  3003
14  41.928571428571431  3990
16  35.0  3904
18  37.944444444444443  3991
20  43.200000000000003  4242
2  64.5  711
4  30.75  1346
6  34.5  2180
8  45.125  2642
10  39.799999999999997  3097
12  40.833333333333336  3649
14  37.285714285714285  3152
16  37.9375  4010
18  33.444444444444443  4188
20  32.25  4319
2  63.0  576
4  42.75  1540
6  37.0  2209
8  38.875  2322
10  45.100000000000001  2838
12  39.666666666666664  3518
14  43.0  3844
16  40.75  3936
18  38.666666666666664  4110
20  45.200000000000003  4263
2  55.5  681
4  40.5  1406
6  44.833333333333336  1800
8  44.25  2793
10  46.299999999999997  2691
12  44.583333333333336  3278
14  41.142857142857146  3904
16  33.9375  3890
18  33.833333333333336  4289
20  40.149999999999999  4747
2  56.5  760
4  50.75  1465
6  54.666666666666664  2054
8  33.25  2043
10  44.100000000000001  2777
12  41.166666666666664  3412
14  50.642857142857146  3761
16  37.5625  3671
18  30.333333333333332  3581
20  35.200000000000003  4748
2  50.0  748
4  45.5  1362
6  41.5  1976
8  50.5  2561
10  47.399999999999999  2978
12  39.583333333333336  3252
14  36.571428571428569  3277
16  40.3125  4093
18  36.277777777777779  4151
20  30.800000000000001  4661
2  32.0  925
4  39.0  1351
6  51.333333333333336  1889
8  45.875  2537
10  44.799999999999997  2919
12  35.583333333333336  3573
14  38.714285714285715  4116
16  39.3125  3741
18  35.0  4035
20  42.850000000000001  4653
2  51.0  914
4  56.25  1380
6  49.666666666666664  1727
8  49.625  2683
10  22.699999999999999  2451
12  45.333333333333336  3218
14  36.5  3638
16  40.3125  3946
18  42.166666666666664  4171
20  34.799999999999997  3837
2  46.5  762
4  38.75  1396
6  51.333333333333336  2040
8  51.25  2400
10  35.5  2523
12  36.166666666666664  3285
14  34.785714285714285  3818
16  41.25  4042
18  31.611111111111111  4503
20  41.149999999999999  4649
2  53.5  860
4  56.0  1319
6  43.666666666666664  1899
8  32.75  2191
10  54.600000000000001  2836
12  51.166666666666664  2955
14  42.857142857142854  3753
16  42.25  3942
18  33.666666666666664  3851
20  35.350000000000001  4811
2  24.5  709
4  41.25  1276
6  36.5  1930
8  43.125  2154
10  40.399999999999999  2747
12  33.333333333333336  3017
14  44.142857142857146  3805
16  44.375  4327
18  44.055555555555557  4136
20  41.600000000000001  4493
2  30.5  894
4  52.75  1316
6  33.333333333333336  1591
8  38.0  2803
10  45.200000000000003  2777
12  55.75  3416
14  41.785714285714285  3743
16  34.9375  3688
18  40.333333333333336  4590
20  43.200000000000003  4263
2  52.5  712
4  47.75  1116
6  35.166666666666664  2034
8  50.25  2478
10  40.200000000000003  3058
12  42.75  3467
14  39.285714285714285  3378
16  37.375  4102
18  39.5  3781
20  35.600000000000001  4512
2  63.0  794
4  48.0  1666
6  46.5  1850
8  30.25  2443
10  52.600000000000001  2729
12  31.833333333333332  3640
14  37.571428571428569  3990
16  37.1875  4329
18  40.5  4325
20  36.700000000000003  4245
2  37.0  727
4  54.0  1315
6  48.333333333333336  1602
8  41.5  2451
10  46.100000000000001  2803
12  42.583333333333336  3193
14  38.714285714285715  3475
16  42.8125  4291
18  35.722222222222221  4293
20  38.549999999999997  4271
2  48.0  827
4  54.5  1534
6  38.0  1977
8  57.375  2515
10  43.600000000000001  2410
12  38.416666666666664  3131
14  39.285714285714285  3893
16  39.8125  4100
18  30.777777777777779  4025
20  39.600000000000001  4593
2  43.5  866
4  46.0  1256
6  55.666666666666664  1764
8  54.0  2238
10  37.899999999999999  3447
12  47.833333333333336  3479
14  44.0  3625
16  30.3125  3727
18  36.388888888888886  4133
20  42.299999999999997  4902
2  53.5  737
4  64.5  1205
6  47.5  1723
8  46.25  2484
10  40.0  3025
12  42.416666666666664  3184
14  33.142857142857146  3506
16  37.625  3903
18  33.611111111111114  4386
20  40.899999999999999  4374
2  43.5  779
4  33.75  1678
6  47.166666666666664  2288
8  49.0  2795
10  35.700000000000003  2712
12  32.0  3598
14  40.714285714285715  3388
16  42.9375  3851
18  37.777777777777779  4047
20  38.850000000000001  4728
2  58.0  605
4  47.75  1400
6  39.5  2028
8  55.875  2287
10  29.600000000000001  2734
12  41.166666666666664  3201
14  43.142857142857146  3715
16  36.3125  3928
18  42.944444444444443  4230
20  37.850000000000001  4760
2  39.0  741
4  47.0  1201
6  40.5  2097
8  45.625  2301
10  37.299999999999997  2956
12  41.25  3740
14  43.928571428571431  3615
16  41.1875  3985
18  38.777777777777779  4083
20  39.350000000000001  4937
2  46.0  609
4  45.75  1495
6  42.166666666666664  1977
8  31.75  2417
10  42.100000000000001  2820
12  42.5  3099
14  40.357142857142854  3573
16  42.125  3922
18  36.111111111111114  4438
20  45.299999999999997  4571
2  32.0  715
4  55.25  1197
6  26.833333333333332  1551
8  42.5  2434
10  55.799999999999997  2506
12  39.75  3446
14  31.928571428571427  4283
16  39.0625  4019
18  40.611111111111114  4510
20  31.550000000000001  4526
2  34.0  640
4  37.0  1398
6  39.333333333333336  1855
8  72.625  1499
10  29.800000000000001  3155
12  33.916666666666664  3340
14  40.142857142857146  3573
16  38.6875  3595
18  40.277777777777779  4506
20  42.700000000000003  4290
2  46.0  502
4  48.0  1333
6  41.0  2121
8  41.5  2854
10  57.100000000000001  2762
12  40.0  3210
14  46.5  3745
16  39.625  4148
18  40.722222222222221  3999
20  40.75  4615
2  41.5  997
4  40.0  1516
6  45.5  2063
8  54.375  2227
10  44.5  2736
12  45.5  3351
14  45.285714285714285  3693
16  39.875  3708
18  44.611111111111114  4413
20  36.149999999999999  4591
2  60.0  671
4  53.25  1250
6  48.333333333333336  2185
8  48.875  2383
10  44.799999999999997  3097
12  31.0  3258
14  38.214285714285715  3858
16  36.375  3815
18  41.111111111111114  4210
20  41.5  3976
2  62.5  747
4  46.0  1151
6  33.0  1982
8  44.25  2336
10  35.5  2995
12  46.166666666666664  3219
14  40.285714285714285  3467
16  39.5  3883
18  36.333333333333336  4553
20  39.899999999999999  4296
2  50.5  771
4  27.75  1258
6  47.833333333333336  1919
8  46.125  2737
10  42.799999999999997  2936
12  42.083333333333336  3017
14  42.5  3691
16  38.5  4354
18  38.944444444444443  4512
20  36.350000000000001  3925
2  49.0  536
4  60.5  1218
6  40.5  1881
8  45.125  2252
10  48.200000000000003  3156
12  37.916666666666664  2922
14  41.285714285714285  4061
16  44.875  3909
18  49.388888888888886  4553
20  35.799999999999997  4455
2  46.0  616
4  45.25  1547
6  46.833333333333336  2202
8  56.75  2182
10  52.399999999999999  3045
12  51.5  2996
14  46.071428571428569  3373
16  47.5  4248
18  40.888888888888886  3925
20  41.299999999999997  4921
2  36.5  695
4  41.5  1221
6  41.166666666666664  2026
8  49.125  2366
10  42.0  3010
12  41.833333333333336  3627
14  41.0  3551
16  43.625  3710
18  40.944444444444443  4545
20  37.450000000000003  4564
2  38.0  800
4  72.0  1180
6  44.333333333333336  2347
8  39.375  2084
10  43.299999999999997  2919
12  32.666666666666664  3319
14  41.0  3929
16  34.5  3651
18  47.333333333333336  4170
20  43.299999999999997  4320
2  44.0  789
4  53.25  1623
6  24.666666666666668  1694
8  46.0  2216
10  35.200000000000003  2893
12  31.833333333333332  3331
14  33.928571428571431  3830
16  45.5625  4034
18  35.222222222222221  4637
20  48.649999999999999  4875
2  40.0  817
4  58.5  1282
6  46.5  1904
8  35.125  2132
10  40.0  2820
12  43.083333333333336  3876
14  28.357142857142858  3866
16  45.8125  3644
18  43.166666666666664  3927
20  35.049999999999997  4422
2  54.5  837
4  56.5  1209
6  32.0  2301
8  38.5  2375
10  37.600000000000001  3366
12  51.25  2960
14  44.857142857142854  3849
16  32.4375  3762
18  36.611111111111114  4966
20  42.149999999999999  4317
2  40.0  653
4  64.25  1074
6  37.5  1784
8  44.75  2521
10  35.0  2647
12  43.583333333333336  3359
14  42.071428571428569  3611
16  36.3125  3977
18  38.944444444444443  4337
20  39.600000000000001  4219
2  60.0  771
4  43.5  1375
6  50.166666666666664  2130
8  54.75  2465
10  39.299999999999997  2767
12  52.416666666666664  3660
14  43.285714285714285  3549
16  41.375  4304
18  42.555555555555557  4367
20  42.399999999999999  4598
2  38.0  813
4  37.5  1539
6  45.833333333333336  2006
8  56.625  2174
10  39.799999999999997  2771
12  42.0  3187
14  41.928571428571431  3576
16  46.4375  3988
18  39.666666666666664  4311
20  38.600000000000001  4476
2  47.0  986
4  39.0  1438
6  49.666666666666664  1946
8  54.875  2145
10  52.0  2924
12  42.5  3179
14  38.0  3316
16  34.0625  4049
18  38.111111111111114  4120
20  33.049999999999997  3932
2  77.5  549
4  64.25  1367
6  50.0  1943
8  34.25  2195
10  46.399999999999999  2715
12  43.0  3458
14  46.0  3767
16  42.0  4226
18  42.888888888888886  4352
20  29.100000000000001  3935
2  55.0  915
4  36.75  1606
6  44.666666666666664  2045
8  32.375  2774
10  37.100000000000001  3236
12  38.083333333333336  3594
14  48.214285714285715  3462
16  39.0  4345
18  35.222222222222221  4214
20  39.0  4723
2  44.5  692
4  41.5  1466
6  41.166666666666664  1811
8  47.875  2544
10  39.899999999999999  3050
12  37.333333333333336  3554
14  37.714285714285715  3346
16  41.0625  3807
18  32.222222222222221  4021
20  32.049999999999997  4354
2  43.0  775
4  47.75  1523
6  49.333333333333336  2276
8  45.375  2648
10  43.0  3034
12  29.833333333333332  3272
14  48.357142857142854  3837
16  47.4375  4200
18  38.277777777777779  4379
20  41.399999999999999  4150
2  59.0  853
4  68.25  1186
6  52.666666666666664  1788
8  36.625  2123
10  48.700000000000003  2909
12  51.0  3219
14  42.142857142857146  3404
16  40.625  4370
18  42.555555555555557  4422
20  38.899999999999999  3959
2  62.0  760
4  55.5  1272
6  40.333333333333336  2151
8  39.75  2169
10  50.100000000000001  2908
12  40.25  2958
14  44.857142857142854  3993
16  41.125  4226
18  42.0  4398
20  33.75  4460
2  37.5  774
4  48.75  1317
6  46.0  1815
8  38.75  2291
10  43.399999999999999  2631
12  41.416666666666664  3420
14  34.642857142857146  3411
16  39.5625  4524
18  44.0  4131
20  32.450000000000003  5074
2  46.0  754
4  54.75  1329
6  48.0  1897
8  49.875  2469
10  38.700000000000003  2676
12  44.666666666666664  3762
14  44.071428571428569  3656
16  40.125  3502
18  37.666666666666664  4019
20  36.149999999999999  4524
2  34.5  824
4  40.25  1242
6  35.666666666666664  2164
8  34.5  2557
10  42.200000000000003  2809
12  39.75  3321
14  40.857142857142854  3843
16  37.3125  3697
18  43.277777777777779  4606
20  29.050000000000001  4439
2  35.0  1035
4  34.25  1121
6  54.166666666666664  2098
8  53.5  2196
10  47.299999999999997  2597
12  51.333333333333336  3187
14  41.285714285714285  3567
16  42.4375  3709
18  37.166666666666664  4407
20  39.549999999999997  4312
2  64.0  695
4  22.25  1091
6  38.666666666666664  1751
8  28.25  2821
10  50.700000000000003  2925
12  40.0  2962
14  44.0  3692
16  37.375  3869
18  39.666666666666664  4231
20  35.100000000000001  4475
