0  48.0  489
0  67.0  464
0  78.0  508
0  47.0  437
0  40.0  434
0  42.0  415
0  69.0  498
0  40.0  389
0  28.0  356
0  61.0  485
0  37.0  508
0  31.0  407
0  17.0  296
0  21.0  384
0  38.0  392
0  16.0  398
0  38.0  322
0  43.0  375
0  22.0  433
0  26.0  371
0  45.0  461
0  31.0  513
0  68.0  500
0  61.0  515
0  74.0  514
0  37.0  471
0  59.0  477
0  69.0  482
0  38.0  507
0  50.0  503
0  27.0  446
0  37.0  461
0  49.0  505
0  37.0  336
0  35.0  456
0  46.0  519
0  57.0  498
0  37.0  426
0  18.0  280
0  56.0  510
0  63.0  502
0  29.0  388
0  48.0  388
0  36.0  496
0  37.0  400
0  56.0  417
0  66.0  455
0  28.0  498
0  49.0  478
0  65.0  512
0  52.0  508
0  22.0  355
0  59.0  523
0  73.0  511
0  13.0  351
0  42.0  456
0  36.0  509
0  39.0  450
0  27.0  430
0  39.0  501
0  32.0  311
0  30.0  416
0  38.0  442
0  53.0  495
0  34.0  442
0  72.0  533
0  63.0  529
0  37.0  378
0  22.0  409
0  39.0  470
0  21.0  353
0  51.0  480
0  17.0  502
0  34.0  420
0  35.0  384
0  29.0  498
0  24.0  353
0  24.0  333
0  71.0  498
0  54.0  458
0  38.0  509
0  56.0  519
0  71.0  480
0  21.0  309
0  85.0  511
0  57.0  492
0  21.0  433
0  74.0  523
0  77.0  495
0  43.0  404
0  61.0  467
0  65.0  493
0  61.0  514
0  32.0  296
0  54.0  486
0  42.0  405
0  48.0  516
0  60.0  500
0  63.0  518
0  57.0  475
