1  82.0  281
2  73.0  319
3  19.0  359
4  35.0  498
5  65.0  369
6  51.0  440
7  36.0  446
1  52.0  488
2  48.0  364
3  42.0  417
4  46.0  399
5  40.0  361
6  42.0  420
7  38.0  522
1  36.0  335
2  53.0  306
3  63.0  398
4  41.0  461
5  71.0  373
6  45.0  518
7  32.0  359
1  61.0  318
2  61.0  435
3  12.0  402
4  77.0  260
5  65.0  302
6  47.0  444
7  28.0  470
1  73.0  346
2  30.0  463
3  38.0  384
4  37.0  480
5  51.0  336
6  37.0  407
7  50.0  437
1  67.0  256
2  43.0  554
3  62.0  452
4  34.0  360
5  46.0  479
6  70.0  386
7  40.0  415
1  72.0  354
2  76.0  392
3  35.0  307
4  64.0  478
5  47.0  397
6  44.0  365
7  26.0  494
1  73.0  364
2  74.0  393
3  48.0  549
4  55.0  374
5  49.0  382
6  47.0  638
7  53.0  508
1  58.0  345
2  30.0  248
3  54.0  367
4  29.0  385
5  25.0  341
6  53.0  333
7  24.0  467
1  62.0  426
2  51.0  382
3  46.0  479
4  33.0  350
5  54.0  401
6  55.0  415
7  38.0  459
1  17.0  409
2  78.0  319
3  48.0  421
4  46.0  493
5  34.0  289
6  46.0  545
7  44.0  498
1  83.0  366
2  56.0  397
3  34.0  378
4  56.0  315
5  46.0  459
6  70.0  377
7  50.0  451
1  76.0  408
2  56.0  423
3  54.0  437
4  64.0  384
5  22.0  447
6  59.0  362
7  54.0  357
1  46.0  279
2  55.0  245
3  50.0  434
4  33.0  439
5  39.0  351
6  19.0  464
7  39.0  309
1  37.0  450
2  42.0  574
3  46.0  401
4  36.0  464
5  44.0  388
6  47.0  437
7  44.0  488
1  35.0  448
2  18.0  330
3  63.0  434
4  71.0  338
5  46.0  427
6  21.0  328
7  24.0  344
1  32.0  302
2  76.0  336
3  61.0  370
4  59.0  406
5  45.0  329
6  50.0  509
7  61.0  400
1  24.0  573
2  54.0  414
3  40.0  458
4  43.0  442
5  49.0  377
6  51.0  549
7  77.0  343
1  71.0  331
2  48.0  441
3  62.0  464
4  59.0  485
5  36.0  341
6  56.0  556
7  47.0  396
1  32.0  462
2  69.0  331
3  53.0  471
4  54.0  377
5  51.0  455
6  27.0  513
7  32.0  440
1  54.0  424
2  39.0  433
3  30.0  271
4  33.0  461
5  56.0  324
6  69.0  360
7  18.0  188
1  29.0  367
2  35.0  268
3  49.0  368
4  37.0  292
5  59.0  447
6  25.0  443
7  24.0  445
1  25.0  313
2  66.0  369
3  68.0  377
4  74.0  358
5  22.0  426
6  30.0  504
7  30.0  538
1  43.0  572
2  28.0  289
3  20.0  523
4  67.0  330
5  32.0  380
6  46.0  489
7  69.0  376
1  63.0  340
2  75.0  347
3  45.0  454
4  21.0  398
5  34.0  304
6  65.0  360
7  46.0  380
1  30.0  482
2  59.0  428
3  39.0  602
4  70.0  414
5  23.0  369
6  42.0  273
7  37.0  250
1  32.0  399
2  32.0  456
3  50.0  357
4  36.0  355
5  45.0  328
6  35.0  375
7  46.0  267
1  73.0  386
2  59.0  315
3  23.0  377
4  43.0  353
5  32.0  419
6  50.0  396
7  41.0  328
1  37.0  558
2  30.0  270
3  54.0  345
4  63.0  419
5  46.0  382
6  5.0  282
7  47.0  512
1  20.0  359
2  59.0  370
3  80.0  372
4  88.0  327
5  45.0  514
6  24.0  360
7  25.0  523
1  47.0  317
2  34.0  315
3  23.0  510
4  54.0  353
5  33.0  484
6  26.0  434
7  50.0  419
1  44.0  517
2  86.0  288
3  37.0  246
4  38.0  407
5  38.0  371
6  22.0  364
7  30.0  448
1  64.0  447
2  25.0  270
3  38.0  287
4  57.0  384
5  14.0  545
6  23.0  403
7  18.0  321
1  63.0  361
2  60.0  424
3  74.0  265
4  20.0  356
5  32.0  452
6  45.0  532
7  5.0  441
1  45.0  390
2  40.0  327
3  63.0  346
4  23.0  428
5  54.0  474
6  50.0  424
7  35.0  453
1  35.0  548
2  62.0  464
3  22.0  238
4  14.0  237
5  42.0  358
6  35.0  406
7  68.0  347
1  53.0  392
2  44.0  368
3  23.0  300
4  21.0  586
5  38.0  455
6  56.0  426
7  31.0  472
1  23.0  564
2  40.0  429
3  62.0  386
4  6.0  314
5  57.0  480
6  57.0  410
7  22.0  526
1  23.0  310
2  23.0  508
3  53.0  453
4  50.0  554
5  53.0  363
6  73.0  383
7  33.0  447
1  44.0  381
2  41.0  434
3  44.0  339
4  27.0  350
5  78.0  280
6  23.0  498
7  25.0  376
1  65.0  297
2  53.0  251
3  72.0  368
4  44.0  353
5  40.0  445
6  27.0  389
7  35.0  537
1  43.0  491
2  16.0  365
3  35.0  329
4  42.0  437
5  46.0  550
6  40.0  362
7  19.0  425
1  59.0  348
2  55.0  350
3  37.0  404
4  32.0  445
5  43.0  336
6  41.0  495
7  24.0  530
1  8.0  307
2  25.0  261
3  68.0  390
4  51.0  401
5  59.0  249
6  22.0  543
7  72.0  297
1  27.0  347
2  42.0  566
3  54.0  448
4  23.0  461
5  26.0  394
6  70.0  364
7  39.0  369
1  9.0  251
2  62.0  332
3  55.0  337
4  16.0  435
5  69.0  308
6  59.0  398
7  49.0  359
1  30.0  403
2  37.0  521
3  35.0  248
4  27.0  376
5  47.0  510
6  46.0  413
7  45.0  445
1  6.0  230
2  46.0  579
3  63.0  389
4  80.0  306
5  61.0  433
6  43.0  582
7  21.0  655
1  61.0  435
2  74.0  366
3  60.0  433
4  51.0  449
5  27.0  465
6  24.0  281
7  30.0  322
1  60.0  371
2  62.0  459
3  35.0  396
4  11.0  254
5  49.0  443
6  44.0  360
7  29.0  489
1  40.0  449
2  51.0  412
3  67.0  414
4  27.0  505
5  23.0  369
6  46.0  397
7  32.0  365
1  80.0  351
2  73.0  349
3  41.0  323
4  27.0  348
5  28.0  498
6  44.0  495
7  45.0  420
1  27.0  396
2  36.0  411
3  61.0  401
4  55.0  302
5  49.0  366
6  45.0  651
7  65.0  346
1  62.0  357
2  54.0  273
3  54.0  428
4  8.0  421
5  44.0  452
6  87.0  266
7  24.0  428
1  29.0  276
2  42.0  469
3  44.0  403
4  19.0  327
5  28.0  354
6  40.0  433
7  65.0  451
1  49.0  510
2  79.0  331
3  59.0  540
4  56.0  356
5  39.0  437
6  25.0  366
7  58.0  405
1  7.0  198
2  41.0  315
3  23.0  350
4  27.0  347
5  47.0  485
6  46.0  516
7  33.0  421
1  31.0  468
2  74.0  280
3  56.0  383
4  27.0  387
5  38.0  421
6  34.0  304
7  19.0  311
1  58.0  406
2  12.0  341
3  42.0  361
4  66.0  341
5  38.0  381
6  41.0  545
7  65.0  492
1  41.0  362
2  48.0  299
3  23.0  480
4  56.0  398
5  36.0  352
6  82.0  278
7  46.0  431
1  42.0  363
2  32.0  537
3  84.0  305
4  51.0  357
5  54.0  450
6  45.0  329
7  45.0  330
1  70.0  457
2  23.0  297
3  36.0  271
4  55.0  424
5  35.0  432
6  40.0  447
7  35.0  472
1  45.0  504
2  48.0  424
3  55.0  328
4  46.0  431
5  39.0  371
6  47.0  499
7  36.0  405
1  62.0  365
2  38.0  531
3  58.0  410
4  48.0  440
5  37.0  333
6  42.0  404
7  30.0  380
1  79.0  349
2  63.0  402
3  27.0  340
4  17.0  349
5  52.0  452
6  52.0  386
7  41.0  376
1  16.0  320
2  46.0  318
3  24.0  326
4  78.0  382
5  54.0  447
6  38.0  371
7  39.0  445
1  57.0  434
2  46.0  458
3  27.0  327
4  34.0  252
5  49.0  478
6  29.0  403
7  33.0  525
1  81.0  304
2  70.0  431
3  56.0  364
4  60.0  333
5  49.0  423
6  66.0  381
7  44.0  538
1  40.0  289
2  33.0  393
3  61.0  243
4  42.0  503
5  65.0  328
6  21.0  242
7  63.0  364
1  58.0  331
2  32.0  185
3  52.0  463
4  67.0  436
5  59.0  332
6  33.0  495
7  11.0  528
1  84.0  300
2  48.0  405
3  27.0  423
4  39.0  593
5  50.0  345
6  33.0  440
7  22.0  459
1  57.0  314
2  89.0  253
3  43.0  429
4  59.0  406
5  30.0  421
6  72.0  375
7  22.0  417
1  38.0  410
2  50.0  429
3  75.0  367
4  59.0  477
5  50.0  296
6  72.0  356
7  25.0  280
1  28.0  515
2  60.0  389
3  44.0  437
4  43.0  240
5  42.0  414
6  15.0  286
7  46.0  235
1  41.0  270
2  45.0  456
3  57.0  488
4  26.0  272
5  33.0  352
6  46.0  434
7  40.0  416
1  32.0  550
2  74.0  352
3  20.0  419
4  39.0  352
5  49.0  351
6  46.0  491
7  18.0  445
1  83.0  276
2  34.0  387
3  29.0  412
4  48.0  572
5  23.0  462
6  57.0  445
7  10.0  348
1  69.0  302
2  84.0  328
3  69.0  388
4  44.0  326
5  52.0  394
6  37.0  436
7  41.0  426
1  81.0  386
2  24.0  352
3  51.0  348
4  55.0  473
5  39.0  559
6  42.0  351
7  39.0  449
1  67.0  428
2  39.0  406
3  59.0  411
4  49.0  482
5  25.0  424
6  66.0  253
7  38.0  474
1  89.0  304
2  50.0  361
3  34.0  406
4  37.0  358
5  56.0  339
6  24.0  420
7  40.0  431
1  71.0  389
2  40.0  469
3  19.0  343
4  22.0  350
5  20.0  272
6  45.0  500
7  34.0  366
1  64.0  301
2  51.0  447
3  45.0  451
4  30.0  364
5  60.0  289
6  19.0  373
7  23.0  375
1  41.0  311
2  41.0  457
3  36.0  382
4  47.0  381
5  61.0  400
6  53.0  472
7  86.0  304
1  28.0  654
2  45.0  396
3  50.0  298
4  45.0  429
5  64.0  460
6  20.0  443
7  18.0  350
1  50.0  454
2  65.0  326
3  25.0  422
4  40.0  356
5  26.0  456
6  30.0  331
7  44.0  426
1  49.0  450
2  57.0  432
3  69.0  368
4  30.0  292
5  55.0  401
6  46.0  459
7  55.0  440
1  65.0  374
2  37.0  294
3  34.0  404
4  41.0  511
5  40.0  476
6  37.0  367
7  30.0  419
1  36.0  315
2  62.0  498
3  43.0  425
4  36.0  282
5  30.0  506
6  39.0  325
7  48.0  403
1  49.0  388
2  65.0  412
3  37.0  223
4  33.0  408
5  40.0  235
6  40.0  466
7  40.0  452
1  24.0  292
2  64.0  357
3  26.0  407
4  68.0  416
5  47.0  386
6  63.0  390
7  54.0  439
1  43.0  518
2  80.0  275
3  41.0  335
4  69.0  350
5  37.0  551
6  22.0  530
7  38.0  438
1  51.0  465
2  53.0  380
3  63.0  366
4  70.0  370
5  25.0  516
6  43.0  563
7  64.0  428
1  52.0  391
2  69.0  321
3  33.0  508
4  53.0  345
5  64.0  385
6  62.0  407
7  37.0  246
1  66.0  432
2  18.0  461
3  57.0  339
4  17.0  237
5  34.0  278
6  46.0  407
7  42.0  336
1  38.0  436
2  58.0  447
3  80.0  270
4  41.0  426
5  32.0  561
6  78.0  289
7  13.0  336
1  41.0  552
2  47.0  271
3  54.0  369
4  36.0  421
5  31.0  506
6  42.0  521
7  33.0  377
1  54.0  406
2  32.0  518
3  89.0  294
4  71.0  348
5  61.0  393
6  26.0  605
7  8.0  551
1  45.0  357
2  58.0  391
3  25.0  412
4  39.0  404
5  45.0  434
6  57.0  393
7  53.0  282
1  16.0  402
2  56.0  268
3  27.0  364
4  39.0  412
5  68.0  376
6  21.0  321
7  39.0  321
