1  0.0  10000.0
1  29.0  7188.0
1  30.0  7090.0
1  1.0  9904.0
1  14.0  8642.0
1  0.0  10000.0
1  5.0  9515.0
1  0.0  10000.0
1  0.0  10000.0
1  0.0  10000.0
1  46.0  5538.0
1  25.0  7575.0
1  41.0  6027.0
1  0.0  10000.0
1  6.0  9418.0
1  2.0  9807.0
1  63.0  3892.0
1  19.0  8158.0
1  4.0  9612.0
1  74.0  2826.0
1  17.0  8352.0
1  100.0  300.0
1  0.0  10000.0
1  15.0  8546.0
1  26.0  7479.0
1  16.0  8448.0
1  2.0  9808.0
1  25.0  7576.0
1  22.0  7866.0
1  34.0  6714.0
1  89.0  1367.0
1  21.0  7963.0
1  0.0  10000.0
1  0.0  10000.0
1  30.0  7090.0
1  0.0  10000.0
1  0.0  10000.0
1  100.0  312.0
1  9.0  9127.0
1  25.0  7575.0
1  45.0  5635.0
1  0.0  10000.0
1  8.0  9224.0
1  58.0  4376.0
1  0.0  10000.0
1  3.0  9709.0
1  59.0  4285.0
1  20.0  8061.0
1  25.0  7575.0
1  30.0  7092.0
1  0.0  10000.0
1  61.0  4088.0
1  0.0  10000.0
1  6.0  9418.0
1  17.0  8351.0
1  15.0  8547.0
1  50.0  5151.0
1  42.0  5926.0
1  13.0  8739.0
1  0.0  10000.0
1  0.0  10000.0
1  14.0  8642.0
1  0.0  10000.0
1  31.0  6998.0
1  60.0  4183.0
1  0.0  10000.0
1  50.0  5151.0
1  25.0  7578.0
1  19.0  8157.0
1  15.0  8545.0
1  0.0  10000.0
1  0.0  10000.0
1  0.0  10000.0
1  0.0  10000.0
1  14.0  8643.0
1  5.0  9515.0
1  0.0  10000.0
1  1.0  9903.0
1  4.0  9613.0
1  0.0  10000.0
1  5.0  9517.0
1  15.0  8545.0
1  13.0  8739.0
1  100.0  300.0
1  93.0  980.0
1  0.0  10000.0
1  0.0  10000.0
1  19.0  8157.0
1  24.0  7672.0
1  0.0  10000.0
1  9.0  9127.0
1  25.0  7575.0
1  46.0  5538.0
1  2.0  9807.0
1  22.0  7867.0
1  22.0  7866.0
1  18.0  8255.0
1  6.0  9418.0
1  2.0  9806.0
1  19.0  8157.0
2  6.0  9420.0
2  0.0  10000.0
2  49.0  5247.0
2  39.0  6217.0
2  0.0  10000.0
2  14.0  8642.0
2  61.0  4088.0
2  0.0  10000.0
2  0.0  10000.0
2  56.0  4569.0
2  18.0  8254.0
2  24.0  7673.0
2  7.0  9321.0
2  10.0  9030.0
2  23.0  7769.0
2  2.0  9806.0
2  20.0  8061.0
2  0.0  10000.0
2  9.0  9127.0
2  10.0  9031.0
2  0.0  10000.0
2  0.0  10000.0
2  0.0  10000.0
2  21.0  7967.0
2  25.0  7576.0
2  1.0  9903.0
2  0.0  10000.0
2  28.0  7288.0
2  25.0  7575.0
2  28.0  7284.0
2  1.0  9903.0
2  47.0  5443.0
2  0.0  10000.0
2  44.0  5734.0
2  0.0  10000.0
2  15.0  8547.0
2  22.0  7868.0
2  17.0  8351.0
2  3.0  9709.0
2  29.0  7187.0
2  42.0  5926.0
2  0.0  10000.0
2  39.0  6219.0
2  33.0  6800.0
2  33.0  6799.0
2  62.0  3987.0
2  41.0  6023.0
2  5.0  9516.0
2  27.0  7381.0
2  46.0  5540.0
2  35.0  6606.0
2  11.0  8935.0
2  72.0  3016.0
2  17.0  8351.0
2  11.0  8933.0
2  0.0  10000.0
2  14.0  8642.0
2  17.0  8352.0
2  20.0  8060.0
2  7.0  9321.0
2  1.0  9903.0
2  0.0  10000.0
2  10.0  9030.0
2  21.0  7966.0
2  1.0  9903.0
2  41.0  6024.0
2  65.0  3695.0
2  5.0  9516.0
2  3.0  9709.0
2  33.0  6800.0
2  8.0  9224.0
2  42.0  5927.0
2  33.0  6799.0
2  12.0  8838.0
2  0.0  10000.0
2  12.0  8838.0
2  51.0  5057.0
2  6.0  9418.0
2  24.0  7672.0
2  46.0  5538.0
2  23.0  7771.0
2  72.0  3017.0
2  25.0  7575.0
2  39.0  6219.0
2  23.0  7772.0
2  5.0  9516.0
2  46.0  5538.0
2  6.0  9420.0
2  19.0  8157.0
2  0.0  10000.0
2  0.0  10000.0
2  34.0  6702.0
2  32.0  6899.0
2  10.0  9030.0
2  8.0  9224.0
2  0.0  10000.0
2  16.0  8448.0
2  42.0  5927.0
2  63.0  3891.0
2  0.0  10000.0
3  3.0  9710.0
3  17.0  8351.0
3  23.0  7769.0
3  17.0  8352.0
3  38.0  6321.0
3  5.0  9515.0
3  49.0  5248.0
3  2.0  9806.0
3  39.0  6219.0
3  26.0  7478.0
3  0.0  10000.0
3  24.0  7674.0
3  3.0  9709.0
3  41.0  6029.0
3  6.0  9421.0
3  8.0  9225.0
3  23.0  7769.0
3  8.0  9225.0
3  19.0  8157.0
3  2.0  9806.0
3  8.0  9224.0
3  27.0  7381.0
3  23.0  7769.0
3  0.0  10000.0
3  28.0  7284.0
3  46.0  5541.0
3  22.0  7868.0
3  37.0  6412.0
3  0.0  10000.0
3  0.0  10000.0
3  16.0  8457.0
3  8.0  9224.0
3  0.0  10000.0
3  32.0  6902.0
3  16.0  8448.0
3  16.0  8449.0
3  34.0  6703.0
3  0.0  10000.0
3  33.0  6799.0
3  4.0  9613.0
3  12.0  8836.0
3  31.0  6993.0
3  11.0  8933.0
3  11.0  8933.0
3  37.0  6412.0
3  34.0  6703.0
3  0.0  10000.0
3  22.0  7866.0
3  18.0  8258.0
3  22.0  7868.0
3  29.0  7190.0
3  20.0  8060.0
3  6.0  9418.0
3  4.0  9612.0
3  60.0  4182.0
3  53.0  4859.0
3  11.0  8933.0
3  24.0  7675.0
3  0.0  10000.0
3  16.0  8451.0
3  18.0  8255.0
3  0.0  10000.0
3  44.0  5738.0
3  6.0  9419.0
3  0.0  10000.0
3  31.0  6994.0
3  30.0  7090.0
3  17.0  8351.0
3  4.0  9612.0
3  0.0  10000.0
3  30.0  7091.0
3  0.0  10000.0
3  0.0  10000.0
3  9.0  9127.0
3  57.0  4474.0
3  21.0  7963.0
3  19.0  8158.0
3  19.0  8157.0
3  16.0  8449.0
3  4.0  9612.0
3  19.0  8157.0
3  49.0  5248.0
3  10.0  9034.0
3  0.0  10000.0
3  0.0  10000.0
3  18.0  8255.0
3  18.0  8255.0
3  22.0  7867.0
3  10.0  9030.0
3  0.0  10000.0
3  20.0  8063.0
3  0.0  10000.0
3  37.0  6413.0
3  37.0  6413.0
3  54.0  4762.0
3  71.0  3129.0
3  0.0  10000.0
3  12.0  8836.0
3  0.0  10000.0
3  5.0  9515.0
4  28.0  7286.0
4  14.0  8642.0
4  64.0  3796.0
4  30.0  7091.0
4  21.0  7963.0
4  23.0  7769.0
4  52.0  4959.0
4  38.0  6316.0
4  2.0  9806.0
4  39.0  6219.0
4  5.0  9515.0
4  7.0  9322.0
4  0.0  10000.0
4  35.0  6607.0
4  20.0  8060.0
4  0.0  10000.0
4  14.0  8644.0
4  46.0  5547.0
4  1.0  9903.0
4  21.0  7982.0
4  15.0  8546.0
4  30.0  7093.0
4  13.0  8739.0
4  40.0  6120.0
4  4.0  9612.0
4  21.0  7964.0
4  13.0  8739.0
4  34.0  6707.0
4  13.0  8741.0
4  30.0  7093.0
4  0.0  10000.0
4  11.0  8934.0
4  8.0  9225.0
4  16.0  8451.0
4  7.0  9321.0
4  37.0  6411.0
4  15.0  8545.0
4  12.0  8838.0
4  13.0  8742.0
4  23.0  7770.0
4  10.0  9030.0
4  5.0  9515.0
4  9.0  9127.0
4  44.0  5733.0
4  3.0  9711.0
4  2.0  9806.0
4  35.0  6605.0
4  2.0  9806.0
4  0.0  10000.0
4  25.0  7579.0
4  8.0  9226.0
4  12.0  8836.0
4  12.0  8836.0
4  17.0  8351.0
4  18.0  8254.0
4  5.0  9515.0
4  53.0  4868.0
4  4.0  9612.0
4  71.0  3114.0
4  9.0  9127.0
4  0.0  10000.0
4  1.0  9903.0
4  4.0  9612.0
4  35.0  6606.0
4  0.0  10000.0
4  2.0  9806.0
4  9.0  9127.0
4  38.0  6315.0
4  22.0  7867.0
4  100.0  300.0
4  18.0  8254.0
4  5.0  9516.0
4  12.0  8836.0
4  67.0  3501.0
4  34.0  6702.0
4  29.0  7189.0
4  50.0  5154.0
4  22.0  7866.0
4  1.0  9903.0
4  20.0  8060.0
4  21.0  7965.0
4  8.0  9225.0
4  31.0  6995.0
4  28.0  7285.0
4  0.0  10000.0
4  27.0  7381.0
4  11.0  8933.0
4  3.0  9709.0
4  31.0  6993.0
4  37.0  6411.0
4  2.0  9806.0
4  50.0  5150.0
4  0.0  10000.0
4  25.0  7575.0
4  18.0  8253.0
4  28.0  7284.0
4  19.0  8158.0
4  17.0  8353.0
4  10.0  9031.0
4  48.0  5347.0
5  28.0  7285.0
5  10.0  9031.0
5  0.0  10000.0
5  24.0  7672.0
5  0.0  10000.0
5  2.0  9806.0
5  23.0  7769.0
5  32.0  6896.0
5  0.0  10000.0
5  17.0  8351.0
5  22.0  7867.0
5  26.0  7479.0
5  21.0  7965.0
5  10.0  9030.0
5  49.0  5252.0
5  31.0  6994.0
5  19.0  8157.0
5  11.0  8933.0
5  19.0  8157.0
5  23.0  7769.0
5  28.0  7287.0
5  21.0  7963.0
5  28.0  7284.0
5  29.0  7187.0
5  0.0  10000.0
5  0.0  10000.0
5  10.0  9030.0
5  42.0  5928.0
5  1.0  9903.0
5  9.0  9127.0
5  27.0  7381.0
5  23.0  7772.0
5  19.0  8159.0
5  18.0  8254.0
5  12.0  8836.0
5  17.0  8354.0
5  6.0  9418.0
5  9.0  9127.0
5  17.0  8353.0
5  15.0  8545.0
5  10.0  9031.0
5  34.0  6704.0
5  23.0  7769.0
5  28.0  7286.0
5  36.0  6509.0
5  31.0  6994.0
5  7.0  9321.0
5  42.0  5928.0
5  1.0  9903.0
5  28.0  7294.0
5  0.0  10000.0
5  7.0  9321.0
5  16.0  8448.0
5  24.0  7674.0
5  27.0  7381.0
5  14.0  8644.0
5  13.0  8740.0
5  9.0  9129.0
5  55.0  4666.0
5  18.0  8254.0
5  7.0  9321.0
5  11.0  8935.0
5  14.0  8643.0
5  11.0  8933.0
5  6.0  9418.0
5  9.0  9127.0
5  8.0  9224.0
5  12.0  8837.0
5  5.0  9515.0
5  9.0  9127.0
5  9.0  9127.0
5  24.0  7672.0
5  5.0  9515.0
5  23.0  7775.0
5  0.0  10000.0
5  1.0  9903.0
5  25.0  7577.0
5  12.0  8837.0
5  41.0  6025.0
5  10.0  9030.0
5  11.0  8935.0
5  28.0  7285.0
5  12.0  8836.0
5  3.0  9711.0
5  10.0  9031.0
5  48.0  5346.0
5  25.0  7577.0
5  22.0  7866.0
5  0.0  10000.0
5  9.0  9127.0
5  4.0  9612.0
5  100.0  300.0
5  11.0  8933.0
5  33.0  6801.0
5  41.0  6024.0
5  0.0  10000.0
5  25.0  7576.0
5  31.0  6993.0
5  6.0  9418.0
5  15.0  8545.0
6  13.0  8746.0
6  50.0  5151.0
6  8.0  9224.0
6  10.0  9032.0
6  5.0  9515.0
6  19.0  8163.0
6  0.0  10000.0
6  6.0  9418.0
6  8.0  9224.0
6  13.0  8741.0
6  7.0  9321.0
6  0.0  10000.0
6  49.0  5247.0
6  0.0  10000.0
6  29.0  7187.0
6  38.0  6314.0
6  20.0  8060.0
6  10.0  9031.0
6  13.0  8739.0
6  4.0  9612.0
6  28.0  7286.0
6  6.0  9418.0
6  32.0  6896.0
6  35.0  6605.0
6  6.0  9418.0
6  6.0  9421.0
6  21.0  7964.0
6  40.0  6120.0
6  24.0  7672.0
6  3.0  9709.0
6  38.0  6314.0
6  39.0  6217.0
6  25.0  7589.0
6  55.0  4666.0
6  42.0  5928.0
6  18.0  8254.0
6  28.0  7284.0
6  45.0  5635.0
6  5.0  9516.0
6  3.0  9710.0
6  8.0  9225.0
6  69.0  3307.0
6  18.0  8254.0
6  6.0  9418.0
6  35.0  6608.0
6  17.0  8351.0
6  1.0  9903.0
6  16.0  8450.0
6  27.0  7381.0
6  12.0  8836.0
6  47.0  5441.0
6  32.0  6901.0
6  6.0  9419.0
6  16.0  8448.0
6  28.0  7284.0
6  36.0  6508.0
6  13.0  8739.0
6  0.0  10000.0
6  8.0  9224.0
6  34.0  6702.0
6  16.0  8448.0
6  38.0  6314.0
6  12.0  8838.0
6  21.0  7965.0
6  2.0  9806.0
6  12.0  8837.0
6  13.0  8740.0
6  10.0  9030.0
6  26.0  7480.0
6  17.0  8351.0
6  31.0  6994.0
6  25.0  7576.0
6  4.0  9613.0
6  10.0  9030.0
6  31.0  6994.0
6  5.0  9517.0
6  92.0  1076.0
6  9.0  9127.0
6  21.0  7963.0
6  7.0  9321.0
6  20.0  8060.0
6  11.0  8933.0
6  15.0  8545.0
6  15.0  8545.0
6  42.0  5926.0
6  14.0  8644.0
6  23.0  7770.0
6  15.0  8546.0
6  40.0  6121.0
6  12.0  8838.0
6  55.0  4669.0
6  45.0  5685.0
6  0.0  10000.0
6  6.0  9418.0
6  21.0  7964.0
6  58.0  4465.0
6  30.0  7091.0
6  11.0  8933.0
6  12.0  8837.0
6  17.0  8351.0
