1  41.0  350
2  45.0  422
3  54.0  454
4  56.0  309
5  44.0  458
6  32.0  527
7  50.0  389
1  33.0  323
2  51.0  413
3  45.0  530
4  62.0  418
5  56.0  404
6  48.0  319
7  22.0  503
1  67.0  212
2  59.0  410
3  65.0  336
4  94.0  223
5  62.0  313
6  43.0  348
7  65.0  459
1  60.0  325
2  46.0  452
3  43.0  329
4  61.0  358
5  66.0  261
6  55.0  235
7  49.0  234
1  50.0  457
2  45.0  265
3  34.0  405
4  94.0  202
5  30.0  418
6  77.0  349
7  34.0  388
1  80.0  223
2  47.0  391
3  38.0  370
4  42.0  382
5  59.0  302
6  56.0  370
7  65.0  413
1  63.0  374
2  38.0  380
3  62.0  357
4  31.0  606
5  44.0  550
6  51.0  396
7  48.0  398
1  39.0  262
2  74.0  343
3  40.0  468
4  34.0  257
5  63.0  242
6  70.0  329
7  77.0  372
1  49.0  280
2  58.0  420
3  57.0  303
4  78.0  312
5  36.0  457
6  44.0  356
7  55.0  591
1  61.0  478
2  66.0  352
3  82.0  351
4  53.0  279
5  77.0  354
6  59.0  414
7  60.0  439
1  56.0  247
2  38.0  483
3  46.0  439
4  37.0  495
5  42.0  452
6  59.0  354
7  55.0  340
1  84.0  297
2  73.0  365
3  60.0  364
4  51.0  434
5  64.0  441
6  70.0  376
7  55.0  376
1  35.0  493
2  43.0  470
3  32.0  699
4  44.0  392
5  51.0  394
6  62.0  311
7  27.0  427
1  54.0  458
2  35.0  436
3  56.0  472
4  47.0  325
5  55.0  394
6  59.0  342
7  63.0  391
1  47.0  350
2  49.0  407
3  66.0  368
4  35.0  323
5  72.0  309
6  45.0  296
7  60.0  408
1  13.0  172
2  57.0  344
3  88.0  285
4  55.0  361
5  38.0  316
6  72.0  309
7  42.0  334
1  89.0  298
2  18.0  379
3  50.0  266
4  33.0  535
5  32.0  469
6  41.0  272
7  49.0  384
1  37.0  498
2  27.0  541
3  70.0  341
4  37.0  429
5  34.0  171
6  38.0  429
7  45.0  411
1  70.0  324
2  47.0  333
3  73.0  159
4  52.0  390
5  57.0  398
6  38.0  324
7  48.0  404
1  48.0  485
2  34.0  546
3  34.0  410
4  65.0  356
5  52.0  429
6  51.0  310
7  50.0  371
1  43.0  428
2  73.0  308
3  24.0  559
4  21.0  558
5  15.0  456
6  62.0  322
7  63.0  249
1  26.0  420
2  48.0  371
3  72.0  360
4  43.0  471
5  38.0  404
6  62.0  408
7  58.0  362
1  29.0  674
2  47.0  478
3  34.0  455
4  72.0  356
5  58.0  546
6  51.0  405
7  51.0  364
1  48.0  438
2  81.0  335
3  70.0  320
4  63.0  270
5  58.0  337
6  62.0  334
7  65.0  428
1  58.0  407
2  47.0  340
3  54.0  386
4  18.0  498
5  48.0  332
6  29.0  639
7  50.0  323
1  55.0  507
2  49.0  521
3  59.0  396
4  39.0  411
5  26.0  403
6  46.0  352
7  46.0  349
1  43.0  412
2  73.0  364
3  54.0  249
4  55.0  437
5  42.0  457
6  58.0  334
7  55.0  472
1  47.0  252
2  29.0  322
3  28.0  464
4  63.0  372
5  62.0  364
6  33.0  411
7  42.0  286
1  59.0  422
2  66.0  374
3  43.0  370
4  46.0  354
5  41.0  406
6  62.0  280
7  48.0  395
1  70.0  341
2  54.0  304
3  30.0  509
4  90.0  266
5  50.0  415
6  48.0  470
7  58.0  340
1  35.0  388
2  76.0  350
3  26.0  286
4  66.0  383
5  59.0  411
6  50.0  346
7  80.0  321
1  58.0  451
2  45.0  435
3  35.0  515
4  57.0  467
5  30.0  210
6  36.0  370
7  53.0  341
1  58.0  359
2  61.0  421
3  83.0  286
4  35.0  481
5  42.0  438
6  68.0  357
7  30.0  434
1  25.0  368
2  41.0  195
3  35.0  581
4  84.0  295
5  49.0  378
6  52.0  362
7  47.0  422
1  68.0  323
2  61.0  388
3  63.0  429
4  61.0  362
5  48.0  361
6  54.0  363
7  40.0  430
1  64.0  378
2  35.0  463
3  22.0  495
4  58.0  421
5  65.0  304
6  46.0  330
7  37.0  251
1  66.0  414
2  70.0  316
3  52.0  371
4  50.0  410
5  69.0  391
6  69.0  401
7  28.0  311
1  54.0  392
2  47.0  250
3  41.0  236
4  28.0  341
5  52.0  345
6  20.0  296
7  35.0  510
1  23.0  324
2  17.0  182
3  58.0  392
4  46.0  439
5  38.0  333
6  48.0  496
7  55.0  473
1  42.0  555
2  41.0  447
3  55.0  421
4  66.0  396
5  76.0  321
6  57.0  451
7  45.0  394
1  71.0  365
2  90.0  251
3  59.0  283
4  73.0  277
5  51.0  503
6  44.0  376
7  42.0  423
1  69.0  389
2  53.0  485
3  39.0  232
4  71.0  335
5  48.0  379
6  61.0  329
7  34.0  388
1  57.0  389
2  49.0  450
3  22.0  284
4  60.0  279
5  68.0  388
6  31.0  230
7  26.0  444
1  48.0  465
2  66.0  296
3  73.0  354
4  57.0  516
5  44.0  356
6  74.0  267
7  45.0  486
1  55.0  361
2  51.0  346
3  49.0  199
4  46.0  234
5  28.0  336
6  39.0  303
7  63.0  263
1  59.0  322
2  83.0  273
3  45.0  376
4  49.0  407
5  52.0  268
6  56.0  371
7  44.0  427
1  58.0  452
2  72.0  419
3  23.0  328
4  35.0  367
5  51.0  473
6  60.0  361
7  72.0  412
1  22.0  538
2  34.0  482
3  55.0  498
4  50.0  379
5  72.0  349
6  37.0  512
7  59.0  490
1  53.0  314
2  60.0  399
3  37.0  454
4  37.0  405
5  60.0  269
6  33.0  439
7  54.0  400
1  50.0  461
2  68.0  279
3  55.0  229
4  84.0  275
5  75.0  165
6  26.0  464
7  52.0  352
1  26.0  271
2  44.0  350
3  64.0  445
4  61.0  219
5  34.0  236
6  63.0  480
7  46.0  488
1  65.0  252
2  68.0  348
3  51.0  360
4  35.0  344
5  39.0  492
6  23.0  445
7  65.0  405
1  72.0  358
2  71.0  409
3  46.0  438
4  38.0  267
5  62.0  381
6  58.0  221
7  48.0  439
1  61.0  425
2  24.0  329
3  70.0  326
4  53.0  459
5  76.0  257
6  33.0  390
7  53.0  382
1  48.0  463
2  81.0  337
3  71.0  396
4  50.0  329
5  45.0  385
6  63.0  364
7  69.0  315
1  48.0  551
2  40.0  255
3  44.0  305
4  52.0  411
5  65.0  378
6  61.0  363
7  38.0  601
1  60.0  442
2  41.0  335
3  53.0  462
4  57.0  320
5  52.0  411
6  53.0  503
7  37.0  381
1  35.0  466
2  59.0  280
3  63.0  426
4  40.0  397
5  45.0  193
6  79.0  350
7  31.0  374
1  50.0  279
2  55.0  440
3  30.0  241
4  29.0  364
5  33.0  535
6  76.0  351
7  40.0  378
1  1.0  618
2  76.0  279
3  57.0  428
4  55.0  371
5  37.0  367
6  45.0  464
7  46.0  323
1  25.0  588
2  77.0  401
3  39.0  396
4  65.0  368
5  30.0  351
6  41.0  434
7  21.0  387
1  17.0  256
2  23.0  642
3  40.0  325
4  50.0  362
5  66.0  328
6  76.0  334
7  57.0  339
1  70.0  372
2  51.0  301
3  57.0  331
4  25.0  336
5  66.0  379
6  36.0  419
7  57.0  468
1  58.0  281
2  80.0  330
3  68.0  383
4  77.0  240
5  51.0  293
6  55.0  381
7  40.0  391
1  76.0  429
2  64.0  433
3  45.0  343
4  54.0  324
5  43.0  272
6  47.0  426
7  52.0  459
1  10.0  350
2  38.0  384
3  67.0  329
4  46.0  316
5  30.0  465
6  38.0  348
7  40.0  499
1  51.0  519
2  61.0  431
3  60.0  366
4  66.0  410
5  35.0  373
6  53.0  394
7  36.0  478
1  50.0  380
2  43.0  391
3  44.0  473
4  32.0  354
5  43.0  441
6  60.0  315
7  42.0  405
1  42.0  396
2  42.0  443
3  33.0  331
4  75.0  354
5  52.0  289
6  25.0  498
7  56.0  392
1  21.0  562
2  58.0  409
3  45.0  379
4  38.0  350
5  62.0  350
6  40.0  356
7  40.0  474
1  57.0  155
2  47.0  507
3  71.0  317
4  51.0  425
5  40.0  351
6  77.0  305
7  33.0  351
1  67.0  239
2  62.0  271
3  48.0  210
4  52.0  278
5  56.0  450
6  49.0  220
7  25.0  385
1  54.0  456
2  42.0  342
3  41.0  467
4  45.0  382
5  82.0  315
6  65.0  313
7  47.0  465
1  56.0  310
2  84.0  260
3  55.0  387
4  67.0  449
5  73.0  163
6  31.0  385
7  39.0  311
1  34.0  324
2  42.0  295
3  26.0  444
4  70.0  343
5  39.0  407
6  54.0  432
7  60.0  344
1  37.0  177
2  85.0  313
3  44.0  607
4  53.0  312
5  23.0  436
6  68.0  396
7  36.0  397
1  51.0  379
2  29.0  316
3  54.0  141
4  51.0  427
5  50.0  343
6  61.0  389
7  26.0  398
1  70.0  417
2  55.0  399
3  58.0  391
4  47.0  215
5  51.0  370
6  50.0  416
7  34.0  514
1  23.0  480
2  44.0  492
3  38.0  397
4  59.0  322
5  43.0  386
6  28.0  344
7  44.0  557
1  69.0  437
2  78.0  337
3  65.0  357
4  62.0  271
5  39.0  467
6  50.0  446
7  24.0  509
1  29.0  390
2  76.0  235
3  41.0  337
4  74.0  260
5  35.0  314
6  46.0  436
7  84.0  301
1  34.0  409
2  83.0  323
3  47.0  325
4  31.0  649
5  56.0  476
6  55.0  357
7  47.0  491
1  34.0  475
2  59.0  251
3  30.0  232
4  66.0  290
5  59.0  504
6  58.0  317
7  61.0  257
1  68.0  329
2  61.0  426
3  64.0  448
4  21.0  101
5  74.0  335
6  63.0  375
7  50.0  426
1  30.0  243
2  56.0  444
3  15.0  267
4  14.0  414
5  54.0  390
6  47.0  392
7  45.0  305
1  41.0  526
2  13.0  642
3  67.0  354
4  53.0  360
5  47.0  415
6  57.0  402
7  38.0  425
1  78.0  364
2  42.0  191
3  56.0  369
4  58.0  374
5  45.0  389
6  74.0  340
7  57.0  380
1  61.0  352
2  71.0  360
3  41.0  458
4  77.0  288
5  77.0  284
6  54.0  442
7  37.0  455
1  31.0  564
2  51.0  314
3  33.0  366
4  71.0  229
5  51.0  467
6  17.0  471
7  48.0  342
1  77.0  379
2  58.0  324
3  28.0  240
4  44.0  349
5  56.0  376
6  50.0  326
7  61.0  336
1  55.0  435
2  46.0  631
3  64.0  393
4  39.0  377
5  18.0  459
6  33.0  433
7  46.0  408
1  55.0  402
2  39.0  494
3  51.0  316
4  55.0  394
5  40.0  377
6  54.0  311
7  52.0  342
1  46.0  451
2  62.0  437
3  66.0  338
4  54.0  185
5  59.0  441
6  12.0  717
7  31.0  411
1  66.0  290
2  24.0  540
3  69.0  425
4  47.0  447
5  73.0  371
6  67.0  396
7  56.0  407
1  31.0  578
2  65.0  224
3  64.0  403
4  63.0  350
5  60.0  436
6  62.0  319
7  60.0  298
1  46.0  315
2  65.0  365
3  23.0  300
4  44.0  298
5  60.0  383
6  62.0  170
7  67.0  370
1  51.0  328
2  48.0  476
3  58.0  486
4  52.0  483
5  51.0  189
6  49.0  230
7  54.0  446
1  52.0  402
2  51.0  357
3  29.0  281
4  46.0  236
5  32.0  298
6  28.0  423
7  49.0  473
1  49.0  479
2  56.0  193
3  66.0  453
4  61.0  351
5  54.0  204
6  50.0  342
7  51.0  194
1  59.0  311
2  29.0  425
3  40.0  442
4  38.0  411
5  67.0  386
6  47.0  224
7  55.0  401
