1  62.0  452.0
2  77.0  500.0
3  41.0  355.0
4  62.0  442.0
5  40.0  498.0
6  54.0  469.0
7  34.0  444.0
1  50.0  447.0
2  32.0  490.0
3  42.0  399.0
4  66.0  450.0
5  47.0  454.0
6  24.0  303.0
7  42.0  493.0
1  53.0  469.0
2  72.0  500.0
3  15.0  290.0
4  62.0  483.0
5  36.0  355.0
6  44.0  497.0
7  18.0  442.0
1  32.0  341.0
2  4.0  213.0
3  14.0  468.0
4  39.0  401.0
5  76.0  464.0
6  40.0  406.0
7  20.0  290.0
1  22.0  461.0
2  34.0  423.0
3  42.0  494.0
4  42.0  433.0
5  34.0  479.0
6  17.0  435.0
7  36.0  396.0
1  57.0  448.0
2  14.0  267.0
3  57.0  475.0
4  42.0  366.0
5  25.0  375.0
6  43.0  468.0
7  52.0  375.0
1  54.0  500.0
2  27.0  400.0
3  54.0  461.0
4  38.0  463.0
5  45.0  498.0
6  39.0  464.0
7  40.0  430.0
1  56.0  500.0
2  35.0  499.0
3  44.0  456.0
4  16.0  348.0
5  41.0  467.0
6  55.0  494.0
7  27.0  431.0
1  40.0  417.0
2  19.0  259.0
3  89.0  496.0
4  44.0  433.0
5  58.0  489.0
6  41.0  457.0
7  30.0  335.0
1  76.0  500.0
2  42.0  405.0
3  60.0  459.0
4  27.0  402.0
5  36.0  460.0
6  20.0  352.0
7  52.0  495.0
1  90.0  500.0
2  42.0  484.0
3  34.0  491.0
4  75.0  500.0
5  43.0  456.0
6  65.0  500.0
7  52.0  492.0
1  57.0  470.0
2  72.0  500.0
3  62.0  460.0
4  19.0  313.0
5  37.0  401.0
6  59.0  466.0
7  77.0  500.0
1  24.0  410.0
2  84.0  500.0
3  61.0  493.0
4  48.0  477.0
5  52.0  403.0
6  43.0  457.0
7  32.0  415.0
1  34.0  432.0
2  28.0  474.0
3  9.0  287.0
4  36.0  421.0
5  46.0  492.0
6  24.0  372.0
7  34.0  406.0
1  44.0  487.0
2  44.0  471.0
3  55.0  493.0
4  37.0  445.0
5  42.0  428.0
6  53.0  463.0
7  41.0  423.0
1  68.0  500.0
2  37.0  427.0
3  62.0  480.0
4  59.0  424.0
5  45.0  353.0
6  16.0  424.0
7  31.0  477.0
1  72.0  500.0
2  61.0  482.0
3  28.0  403.0
4  53.0  454.0
5  56.0  500.0
6  33.0  344.0
7  23.0  347.0
1  31.0  414.0
2  50.0  450.0
3  35.0  468.0
4  36.0  458.0
5  38.0  299.0
6  33.0  480.0
7  49.0  494.0
1  35.0  431.0
2  85.0  500.0
3  51.0  450.0
4  42.0  308.0
5  45.0  447.0
6  34.0  427.0
7  38.0  463.0
1  31.0  321.0
2  32.0  500.0
3  53.0  491.0
4  26.0  431.0
5  42.0  383.0
6  42.0  445.0
7  64.0  500.0
1  56.0  462.0
2  58.0  489.0
3  52.0  498.0
4  38.0  478.0
5  60.0  500.0
6  42.0  435.0
7  38.0  465.0
1  55.0  497.0
2  33.0  311.0
3  70.0  490.0
4  42.0  376.0
5  37.0  353.0
6  39.0  483.0
7  69.0  481.0
1  23.0  425.0
2  26.0  475.0
3  38.0  451.0
4  45.0  441.0
5  42.0  460.0
6  66.0  500.0
7  51.0  450.0
1  25.0  269.0
2  29.0  500.0
3  72.0  453.0
4  50.0  440.0
5  39.0  346.0
6  31.0  483.0
7  53.0  500.0
1  37.0  482.0
2  60.0  413.0
3  25.0  413.0
4  46.0  440.0
5  35.0  417.0
6  35.0  413.0
7  36.0  398.0
1  19.0  475.0
2  0.0  377.0
3  38.0  444.0
4  35.0  474.0
5  20.0  385.0
6  43.0  385.0
7  24.0  456.0
1  69.0  447.0
2  52.0  464.0
3  90.0  500.0
4  79.0  500.0
5  29.0  377.0
6  29.0  472.0
7  15.0  321.0
1  74.0  500.0
2  73.0  500.0
3  30.0  445.0
4  22.0  317.0
5  59.0  492.0
6  80.0  500.0
7  30.0  414.0
1  38.0  421.0
2  75.0  500.0
3  57.0  462.0
4  25.0  407.0
5  52.0  430.0
6  60.0  495.0
7  29.0  424.0
1  18.0  450.0
2  62.0  428.0
3  78.0  500.0
4  54.0  475.0
5  64.0  489.0
6  57.0  488.0
7  64.0  449.0
1  39.0  440.0
2  26.0  284.0
3  24.0  328.0
4  32.0  405.0
5  66.0  415.0
6  45.0  443.0
7  50.0  494.0
1  53.0  391.0
2  22.0  345.0
3  37.0  464.0
4  21.0  407.0
5  46.0  481.0
6  28.0  340.0
7  64.0  493.0
1  89.0  500.0
2  65.0  432.0
3  45.0  439.0
4  50.0  481.0
5  36.0  434.0
6  34.0  383.0
7  41.0  385.0
1  55.0  499.0
2  36.0  469.0
3  43.0  401.0
4  46.0  360.0
5  45.0  488.0
6  50.0  500.0
7  36.0  433.0
1  91.0  500.0
2  41.0  482.0
3  27.0  490.0
4  44.0  472.0
5  68.0  475.0
6  50.0  482.0
7  49.0  419.0
1  42.0  496.0
2  6.0  248.0
3  36.0  384.0
4  43.0  365.0
5  52.0  448.0
6  48.0  472.0
7  32.0  482.0
1  38.0  473.0
2  24.0  333.0
3  69.0  500.0
4  36.0  412.0
5  18.0  373.0
6  30.0  401.0
7  52.0  492.0
1  17.0  455.0
2  22.0  366.0
3  24.0  425.0
4  48.0  414.0
5  44.0  430.0
6  66.0  500.0
7  52.0  450.0
1  12.0  387.0
2  56.0  497.0
3  31.0  435.0
4  68.0  477.0
5  25.0  221.0
6  40.0  390.0
7  62.0  491.0
1  47.0  474.0
2  23.0  334.0
3  43.0  484.0
4  30.0  271.0
5  17.0  202.0
6  46.0  417.0
7  27.0  493.0
1  60.0  500.0
2  48.0  482.0
3  65.0  488.0
4  29.0  492.0
5  37.0  464.0
6  41.0  402.0
7  51.0  481.0
1  40.0  421.0
2  67.0  477.0
3  57.0  497.0
4  53.0  472.0
5  44.0  424.0
6  32.0  452.0
7  39.0  415.0
1  70.0  500.0
2  78.0  498.0
3  43.0  387.0
4  64.0  486.0
5  37.0  459.0
6  22.0  497.0
7  63.0  491.0
1  61.0  500.0
2  77.0  490.0
3  69.0  452.0
4  42.0  436.0
5  23.0  384.0
6  36.0  444.0
7  19.0  403.0
1  6.0  355.0
2  47.0  360.0
3  25.0  368.0
4  63.0  494.0
5  41.0  439.0
6  20.0  264.0
7  51.0  374.0
1  41.0  458.0
2  51.0  481.0
3  7.0  244.0
4  40.0  441.0
5  26.0  439.0
6  47.0  485.0
7  46.0  460.0
1  57.0  496.0
2  22.0  367.0
3  44.0  354.0
4  73.0  485.0
5  64.0  486.0
6  25.0  340.0
7  43.0  491.0
1  6.0  252.0
2  69.0  494.0
3  63.0  500.0
4  46.0  470.0
5  34.0  436.0
6  39.0  378.0
7  43.0  475.0
1  47.0  469.0
2  48.0  465.0
3  53.0  419.0
4  38.0  489.0
5  23.0  396.0
6  61.0  478.0
7  51.0  466.0
1  29.0  465.0
2  43.0  499.0
3  24.0  246.0
4  42.0  450.0
5  49.0  449.0
6  49.0  396.0
7  41.0  476.0
1  76.0  500.0
2  75.0  500.0
3  69.0  499.0
4  56.0  446.0
5  44.0  461.0
6  47.0  496.0
7  27.0  476.0
1  67.0  494.0
2  58.0  500.0
3  20.0  394.0
4  30.0  406.0
5  55.0  494.0
6  57.0  482.0
7  37.0  386.0
1  78.0  500.0
2  37.0  402.0
3  25.0  411.0
4  45.0  469.0
5  63.0  498.0
6  42.0  348.0
7  72.0  459.0
1  45.0  436.0
2  51.0  452.0
3  73.0  480.0
4  42.0  468.0
5  58.0  482.0
6  45.0  448.0
7  35.0  455.0
1  65.0  499.0
2  48.0  440.0
3  73.0  500.0
4  43.0  443.0
5  24.0  318.0
6  44.0  458.0
7  37.0  438.0
1  54.0  487.0
2  70.0  500.0
3  61.0  500.0
4  14.0  191.0
5  36.0  422.0
6  36.0  362.0
7  29.0  423.0
1  44.0  476.0
2  56.0  476.0
3  53.0  482.0
4  40.0  439.0
5  62.0  476.0
6  33.0  448.0
7  39.0  393.0
1  65.0  500.0
2  29.0  358.0
3  54.0  433.0
4  65.0  500.0
5  49.0  388.0
6  31.0  457.0
7  27.0  477.0
1  0.0  224.0
2  49.0  471.0
3  92.0  500.0
4  65.0  495.0
5  38.0  474.0
6  40.0  420.0
7  39.0  463.0
1  74.0  500.0
2  80.0  494.0
3  59.0  500.0
4  51.0  475.0
5  39.0  458.0
6  23.0  433.0
7  27.0  386.0
1  31.0  477.0
2  73.0  459.0
3  50.0  476.0
4  63.0  472.0
5  43.0  458.0
6  4.0  195.0
7  36.0  423.0
1  46.0  323.0
2  38.0  429.0
3  47.0  469.0
4  53.0  483.0
5  56.0  488.0
6  55.0  497.0
7  55.0  448.0
1  20.0  439.0
2  53.0  471.0
3  69.0  473.0
4  34.0  500.0
5  54.0  478.0
6  32.0  451.0
7  41.0  438.0
1  23.0  440.0
2  65.0  497.0
3  39.0  433.0
4  32.0  464.0
5  43.0  456.0
6  15.0  359.0
7  45.0  417.0
1  70.0  500.0
2  63.0  482.0
3  36.0  452.0
4  21.0  309.0
5  46.0  402.0
6  42.0  442.0
7  34.0  381.0
1  31.0  313.0
2  83.0  497.0
3  35.0  378.0
4  32.0  487.0
5  23.0  359.0
6  48.0  418.0
7  26.0  460.0
1  46.0  498.0
2  42.0  470.0
3  66.0  500.0
4  43.0  446.0
5  54.0  496.0
6  41.0  435.0
7  40.0  481.0
1  64.0  448.0
2  31.0  492.0
3  67.0  493.0
4  39.0  395.0
5  58.0  496.0
6  61.0  500.0
7  22.0  371.0
1  42.0  304.0
2  59.0  500.0
3  48.0  484.0
4  40.0  494.0
5  41.0  401.0
6  37.0  475.0
7  45.0  458.0
1  57.0  499.0
2  35.0  487.0
3  47.0  360.0
4  51.0  499.0
5  55.0  488.0
6  54.0  480.0
7  42.0  441.0
1  56.0  473.0
2  51.0  495.0
3  32.0  345.0
4  57.0  500.0
5  60.0  494.0
6  47.0  476.0
7  61.0  489.0
1  66.0  481.0
2  75.0  494.0
3  32.0  357.0
4  51.0  494.0
5  61.0  486.0
6  26.0  388.0
7  59.0  487.0
1  65.0  500.0
2  26.0  319.0
3  63.0  499.0
4  60.0  500.0
5  54.0  451.0
6  44.0  413.0
7  39.0  450.0
1  45.0  491.0
2  49.0  472.0
3  83.0  499.0
4  53.0  408.0
5  42.0  461.0
6  45.0  407.0
7  83.0  500.0
1  32.0  496.0
2  73.0  500.0
3  32.0  403.0
4  31.0  290.0
5  39.0  479.0
6  43.0  495.0
7  35.0  465.0
1  61.0  457.0
2  49.0  468.0
3  53.0  500.0
4  53.0  406.0
5  32.0  415.0
6  56.0  437.0
7  22.0  348.0
1  55.0  499.0
2  43.0  309.0
3  39.0  500.0
4  53.0  446.0
5  64.0  499.0
6  23.0  371.0
7  49.0  455.0
1  23.0  381.0
2  49.0  500.0
3  29.0  427.0
4  36.0  407.0
5  43.0  472.0
6  35.0  404.0
7  35.0  400.0
1  58.0  484.0
2  20.0  321.0
3  57.0  468.0
4  77.0  500.0
5  26.0  349.0
6  38.0  403.0
7  27.0  470.0
1  26.0  410.0
2  38.0  454.0
3  73.0  477.0
4  57.0  439.0
5  40.0  469.0
6  33.0  490.0
7  41.0  484.0
1  56.0  412.0
2  65.0  474.0
3  61.0  474.0
4  43.0  479.0
5  77.0  476.0
6  36.0  347.0
7  48.0  469.0
1  63.0  484.0
2  55.0  413.0
3  50.0  444.0
4  53.0  432.0
5  37.0  404.0
6  40.0  402.0
7  40.0  478.0
1  49.0  435.0
2  89.0  498.0
3  21.0  381.0
4  39.0  459.0
5  42.0  474.0
6  41.0  467.0
7  52.0  481.0
1  38.0  315.0
2  40.0  452.0
3  16.0  303.0
4  37.0  444.0
5  69.0  485.0
6  57.0  439.0
7  55.0  485.0
1  28.0  407.0
2  52.0  499.0
3  50.0  498.0
4  38.0  480.0
5  46.0  367.0
6  51.0  416.0
7  31.0  444.0
1  15.0  335.0
2  44.0  424.0
3  10.0  220.0
4  44.0  498.0
5  47.0  493.0
6  28.0  448.0
7  36.0  497.0
1  45.0  500.0
2  73.0  499.0
3  5.0  347.0
4  33.0  419.0
5  35.0  434.0
6  45.0  422.0
7  42.0  416.0
1  7.0  497.0
2  27.0  327.0
3  33.0  444.0
4  33.0  343.0
5  35.0  409.0
6  43.0  380.0
7  30.0  313.0
1  44.0  451.0
2  39.0  412.0
3  43.0  379.0
4  23.0  411.0
5  24.0  339.0
6  50.0  464.0
7  29.0  449.0
1  19.0  429.0
2  44.0  477.0
3  39.0  332.0
4  46.0  463.0
5  48.0  479.0
6  53.0  475.0
7  48.0  471.0
1  65.0  499.0
2  23.0  356.0
3  43.0  342.0
4  29.0  366.0
5  42.0  453.0
6  34.0  476.0
7  64.0  476.0
1  41.0  458.0
2  33.0  462.0
3  32.0  470.0
4  41.0  476.0
5  34.0  431.0
6  43.0  432.0
7  39.0  438.0
1  27.0  356.0
2  33.0  420.0
3  61.0  472.0
4  64.0  500.0
5  43.0  454.0
6  44.0  430.0
7  37.0  478.0
1  55.0  450.0
2  56.0  500.0
3  44.0  453.0
4  32.0  394.0
5  47.0  466.0
6  25.0  493.0
7  46.0  469.0
1  57.0  500.0
2  74.0  490.0
3  68.0  498.0
4  65.0  464.0
5  45.0  387.0
6  65.0  486.0
7  53.0  500.0
1  63.0  500.0
2  37.0  436.0
3  53.0  423.0
4  33.0  494.0
5  61.0  444.0
6  56.0  468.0
7  46.0  451.0
1  34.0  215.0
2  49.0  500.0
3  28.0  486.0
4  35.0  478.0
5  37.0  453.0
6  57.0  494.0
7  39.0  454.0
1  69.0  486.0
2  19.0  297.0
3  51.0  474.0
4  58.0  500.0
5  31.0  397.0
6  41.0  500.0
7  46.0  498.0
1  50.0  388.0
2  39.0  497.0
3  40.0  456.0
4  80.0  500.0
5  23.0  500.0
6  54.0  491.0
7  46.0  477.0
1  82.0  500.0
2  22.0  328.0
3  55.0  471.0
4  37.0  423.0
5  45.0  485.0
6  27.0  279.0
7  63.0  483.0
