40  6.7999999999999998  1689
60  16.100000000000001  2459
80  35.200000000000003  3448
100  37.700000000000003  3714
120  47.399999999999999  3868
140  61.200000000000003  4356
160  71.599999999999994  4716
180  68.400000000000006  4584
200  87.599999999999994  5006
40  10.1  1597
60  24.199999999999999  2579
80  39.799999999999997  3476
100  46.5  4130
120  52.299999999999997  3785
140  52.899999999999999  4238
160  64.799999999999997  4578
180  70.799999999999997  4557
200  78.200000000000003  4837
40  14.0  1893
60  22.0  2562
80  41.399999999999999  3888
100  51.299999999999997  4249
120  52.200000000000003  3983
140  52.899999999999999  3992
160  47.600000000000001  3858
180  74.400000000000006  4739
200  57.200000000000003  4395
40  17.100000000000001  1969
60  25.199999999999999  2828
80  33.100000000000001  3189
100  44.399999999999999  4207
120  46.200000000000003  4331
140  48.5  3930
160  57.799999999999997  4453
180  71.700000000000003  4630
200  72.200000000000003  4750
40  12.4  1624
60  33.899999999999999  2926
80  27.100000000000001  3161
100  39.799999999999997  3712
120  47.100000000000001  4353
140  54.700000000000003  4393
160  57.299999999999997  4012
180  76.299999999999997  4649
200  64.099999999999994  4334
40  7.0  1659
60  25.800000000000001  2680
80  37.0  3602
100  40.299999999999997  3665
120  58.600000000000001  4311
140  53.100000000000001  4152
160  63.0  4505
180  59.799999999999997  4618
200  74.0  4666
40  9.5999999999999996  1710
60  29.899999999999999  2732
80  36.100000000000001  3688
100  47.200000000000003  3898
120  45.0  3949
140  53.299999999999997  4056
160  68.099999999999994  4778
180  67.400000000000006  4484
200  70.900000000000006  4612
40  17.899999999999999  2319
60  15.9  2555
80  28.800000000000001  3075
100  34.5  3413
120  50.0  4105
140  54.700000000000003  4140
160  74.599999999999994  4785
180  65.400000000000006  4506
200  65.299999999999997  4542
40  15.6  1989
60  23.199999999999999  2947
80  36.100000000000001  3015
100  45.100000000000001  3661
120  54.799999999999997  4197
140  63.799999999999997  4444
160  58.799999999999997  4301
180  74.0  4758
200  71.5  4753
40  18.5  2002
60  13.0  2608
80  42.0  3595
100  45.600000000000001  3982
120  48.200000000000003  3841
140  56.100000000000001  4179
160  61.700000000000003  4515
180  65.5  4441
200  70.900000000000006  4597
40  11.800000000000001  1802
60  20.399999999999999  2742
80  39.399999999999999  3535
100  45.899999999999999  4049
120  45.100000000000001  3806
140  52.799999999999997  4154
160  54.0  4186
180  75.900000000000006  4602
200  80.599999999999994  4869
40  10.4  1702
60  20.300000000000001  2737
80  28.0  3260
100  42.899999999999999  3624
120  49.100000000000001  3982
140  56.799999999999997  4389
160  65.700000000000003  4486
180  60.600000000000001  4419
200  64.900000000000006  4569
40  9.8000000000000007  1863
60  21.5  2633
80  35.799999999999997  3326
100  46.100000000000001  3817
120  52.299999999999997  3843
140  57.0  4573
160  66.0  4683
180  71.099999999999994  4479
200  70.0  4708
40  4.0  1601
60  16.399999999999999  2441
80  29.600000000000001  3140
100  47.600000000000001  4007
120  48.0  4324
140  47.100000000000001  4078
160  69.900000000000006  4787
180  67.599999999999994  4473
200  59.899999999999999  4353
40  12.9  1957
60  20.899999999999999  2887
80  31.699999999999999  3149
100  42.299999999999997  3999
120  61.799999999999997  4437
140  55.399999999999999  4243
160  66.0  4506
180  68.400000000000006  4520
200  60.399999999999999  4038
40  9.5  1668
60  20.800000000000001  2725
80  24.600000000000001  2862
100  56.200000000000003  4162
120  51.0  3913
140  63.399999999999999  4353
160  58.100000000000001  4137
180  64.799999999999997  4667
200  75.700000000000003  4812
40  19.800000000000001  2167
60  18.399999999999999  2496
80  34.799999999999997  3696
100  39.5  3707
120  48.100000000000001  4387
140  58.600000000000001  4365
160  60.100000000000001  4397
180  79.0  4719
200  79.5  4850
40  13.0  1862
60  29.199999999999999  2737
80  27.600000000000001  3564
100  50.0  3964
120  32.0  3249
140  61.399999999999999  4324
160  53.5  3990
180  66.0  4546
200  72.900000000000006  4463
40  12.0  1938
60  24.800000000000001  2916
80  33.700000000000003  3516
100  44.600000000000001  3669
120  63.5  4309
140  58.700000000000003  4469
160  64.200000000000003  4440
180  67.200000000000003  4625
200  74.599999999999994  4465
40  11.1  2043
60  14.199999999999999  2283
80  39.899999999999999  3469
100  45.899999999999999  3905
120  49.899999999999999  4143
140  53.700000000000003  4549
160  63.5  4384
180  65.200000000000003  4449
200  66.5  4479
40  9.5999999999999996  1777
60  19.399999999999999  2606
80  33.799999999999997  3365
100  36.899999999999999  3529
120  56.100000000000001  4165
140  62.200000000000003  4287
160  54.600000000000001  4144
180  71.5  4780
200  79.700000000000003  4863
40  15.699999999999999  2291
60  26.199999999999999  2953
80  39.5  3614
100  41.5  3767
120  46.899999999999999  3887
140  44.700000000000003  3939
160  48.0  4136
180  66.799999999999997  4532
200  74.700000000000003  4745
40  10.0  1619
60  28.100000000000001  2872
80  32.399999999999999  3355
100  42.700000000000003  3831
120  53.399999999999999  4266
140  62.0  4587
160  54.600000000000001  4354
180  70.400000000000006  4725
200  74.599999999999994  4810
40  15.199999999999999  1890
60  34.799999999999997  3317
80  36.200000000000003  3179
100  39.600000000000001  3602
120  47.899999999999999  3932
140  55.700000000000003  4332
160  67.299999999999997  4393
180  73.299999999999997  4527
200  79.200000000000003  4775
40  12.6  1710
60  20.600000000000001  2710
80  31.600000000000001  3584
100  36.5  3828
120  50.0  4185
140  52.600000000000001  4098
160  58.600000000000001  4382
180  75.400000000000006  4898
200  72.299999999999997  4713
40  12.800000000000001  1970
60  23.100000000000001  2783
80  33.0  3326
100  39.299999999999997  3648
120  58.5  4200
140  55.0  4345
160  56.399999999999999  4342
180  73.5  4580
200  82.900000000000006  4843
40  21.199999999999999  2223
60  23.399999999999999  2854
80  31.199999999999999  3220
100  50.5  4055
120  42.100000000000001  3762
140  49.299999999999997  4251
160  65.5  4616
180  79.400000000000006  4821
200  75.5  4782
40  19.5  2373
60  26.199999999999999  2516
80  28.600000000000001  3536
100  37.600000000000001  3424
120  45.200000000000003  4126
140  60.600000000000001  4608
160  52.5  4345
180  69.200000000000003  4475
200  70.400000000000006  4688
40  17.699999999999999  2032
60  17.300000000000001  2311
80  28.699999999999999  3270
100  55.600000000000001  4030
120  55.200000000000003  4246
140  60.600000000000001  4457
160  64.099999999999994  4520
180  60.700000000000003  4056
200  66.0  4598
40  13.699999999999999  1805
60  27.800000000000001  2602
80  33.299999999999997  3072
100  43.799999999999997  3521
120  56.899999999999999  4055
140  55.299999999999997  4574
160  74.299999999999997  4706
180  60.5  4385
200  73.400000000000006  4792
40  13.0  1672
60  21.800000000000001  2889
80  31.0  3290
100  47.899999999999999  3861
120  61.299999999999997  4389
140  62.600000000000001  4279
160  72.099999999999994  4614
180  68.900000000000006  4669
200  75.0  4629
40  8.9000000000000004  1948
60  26.899999999999999  2857
80  38.299999999999997  3612
100  41.100000000000001  3914
120  48.299999999999997  4127
140  52.5  4189
160  73.599999999999994  4513
180  62.700000000000003  4424
200  69.700000000000003  4253
40  18.199999999999999  2196
60  18.0  2511
80  38.399999999999999  3483
100  41.0  3634
120  47.299999999999997  4056
140  64.5  4517
160  66.0  4662
180  68.400000000000006  4889
200  78.299999999999997  4931
40  19.300000000000001  2135
60  26.5  2762
80  29.399999999999999  3124
100  40.799999999999997  3460
120  43.100000000000001  3761
140  56.799999999999997  4457
160  66.099999999999994  4616
180  67.599999999999994  4466
200  76.400000000000006  4727
40  12.5  1856
60  24.800000000000001  2618
80  36.600000000000001  3389
100  45.5  3930
120  53.799999999999997  4000
140  49.299999999999997  3850
160  68.900000000000006  4431
180  72.400000000000006  4611
200  64.0  4527
40  12.1  2103
60  23.399999999999999  2833
80  40.700000000000003  3351
100  39.100000000000001  3702
120  51.600000000000001  4069
140  57.299999999999997  4385
160  51.5  4454
180  72.200000000000003  4631
200  57.899999999999999  4131
40  6.4000000000000004  1641
60  19.199999999999999  2584
80  39.5  3821
100  46.399999999999999  3385
120  56.5  4289
140  61.600000000000001  4723
160  70.799999999999997  4874
180  67.599999999999994  4515
200  74.700000000000003  4879
40  15.1  1683
60  22.699999999999999  3001
80  32.200000000000003  3399
100  43.399999999999999  3679
120  52.700000000000003  4147
140  64.0  4363
160  52.600000000000001  3933
180  72.299999999999997  4721
200  76.299999999999997  4742
40  7.0999999999999996  1678
60  21.5  2516
80  25.5  3257
100  44.899999999999999  3791
120  59.100000000000001  4542
140  69.0  4461
160  53.100000000000001  4009
180  68.299999999999997  4342
200  67.599999999999994  4659
40  13.4  2202
60  16.800000000000001  2715
80  37.600000000000001  3244
100  41.5  3678
120  55.700000000000003  4239
140  63.299999999999997  4395
160  65.400000000000006  4527
180  64.400000000000006  4689
200  77.299999999999997  4906
40  15.300000000000001  2077
60  27.399999999999999  2958
80  28.600000000000001  3142
100  44.899999999999999  3893
120  50.799999999999997  4309
140  56.799999999999997  4121
160  62.5  4643
180  65.0  4560
200  81.200000000000003  4952
40  6.0  1635
60  25.100000000000001  2979
80  45.299999999999997  3818
100  40.899999999999999  4049
120  45.399999999999999  4032
140  65.099999999999994  4541
160  66.5  4559
180  62.700000000000003  4353
200  73.0  4763
40  13.300000000000001  1967
60  15.300000000000001  2523
80  33.299999999999997  3239
100  44.200000000000003  3852
120  55.799999999999997  4244
140  71.0  4562
160  67.599999999999994  4598
180  77.400000000000006  4872
200  86.099999999999994  4968
40  12.800000000000001  1748
60  20.0  2614
80  37.799999999999997  3416
100  38.700000000000003  3620
120  43.399999999999999  3876
140  58.0  4243
160  51.299999999999997  3922
180  68.400000000000006  4796
200  77.0  4936
40  9.8000000000000007  1570
60  21.699999999999999  2708
80  37.600000000000001  3478
100  34.600000000000001  3315
120  45.700000000000003  3831
140  56.299999999999997  3998
160  68.799999999999997  4662
180  66.099999999999994  4437
200  67.5  4603
40  13.5  1693
60  22.100000000000001  2731
80  29.800000000000001  3123
100  52.5  3948
120  56.600000000000001  4290
140  51.5  4001
160  69.599999999999994  4460
180  76.599999999999994  4908
200  76.299999999999997  4724
40  11.1  1802
60  22.399999999999999  2504
80  42.100000000000001  3648
100  36.799999999999997  3591
120  48.0  3777
140  69.0  4488
160  63.0  4499
180  67.5  4691
200  79.0  4865
40  10.1  1967
60  23.199999999999999  2893
80  30.399999999999999  3417
100  44.100000000000001  3899
120  50.799999999999997  3919
140  50.5  4134
160  57.5  4308
180  73.799999999999997  4907
200  68.599999999999994  4781
40  13.800000000000001  2254
60  27.0  2999
80  35.600000000000001  3676
100  39.299999999999997  3863
120  49.5  4213
140  65.0  4638
160  68.900000000000006  4405
180  65.5  4464
200  52.399999999999999  4161
40  17.600000000000001  2232
60  25.699999999999999  2733
80  38.899999999999999  3184
100  41.0  3778
120  50.200000000000003  4320
140  55.0  4314
160  61.799999999999997  4319
180  65.900000000000006  4741
200  67.099999999999994  4737
40  6.7999999999999998  1863
60  23.600000000000001  2749
80  35.5  3088
100  45.399999999999999  3906
120  53.200000000000003  4286
140  55.200000000000003  3933
160  70.200000000000003  4585
180  68.299999999999997  4504
200  73.200000000000003  4874
40  12.9  1861
60  14.1  2472
80  32.0  3423
100  48.299999999999997  3878
120  46.299999999999997  3815
140  41.399999999999999  3772
160  71.799999999999997  4914
180  69.799999999999997  4555
200  68.099999999999994  4372
40  12.699999999999999  1997
60  21.0  2539
80  39.200000000000003  3540
100  37.899999999999999  3554
120  45.5  4047
140  53.600000000000001  4412
160  57.100000000000001  4149
180  66.5  4323
200  71.299999999999997  4574
40  13.699999999999999  1915
60  14.699999999999999  2222
80  30.600000000000001  3159
100  41.600000000000001  3944
120  48.5  3890
140  63.700000000000003  4295
160  56.299999999999997  4072
180  61.299999999999997  4365
200  77.400000000000006  4872
40  13.1  2083
60  22.699999999999999  2484
80  34.200000000000003  3319
100  43.299999999999997  3807
120  45.700000000000003  3789
140  50.799999999999997  4188
160  69.700000000000003  4440
180  62.600000000000001  4438
200  68.0  4696
40  15.4  1898
60  20.800000000000001  2383
80  40.200000000000003  3330
100  49.0  3738
120  51.5  4026
140  55.799999999999997  4427
160  71.599999999999994  4741
180  68.299999999999997  4400
200  72.5  4744
40  16.0  2223
60  24.100000000000001  2779
80  18.699999999999999  2795
100  42.0  3469
120  44.600000000000001  4016
140  57.0  4087
160  73.0  4584
180  73.299999999999997  4556
200  73.099999999999994  4909
40  14.5  2051
60  19.100000000000001  2210
80  29.899999999999999  3392
100  44.5  3577
120  56.899999999999999  4371
140  63.100000000000001  4607
160  67.400000000000006  4648
180  70.900000000000006  4537
200  75.0  4770
40  19.199999999999999  2242
60  21.300000000000001  3009
80  35.799999999999997  3542
100  54.600000000000001  4123
120  51.100000000000001  4009
140  47.299999999999997  4179
160  65.700000000000003  4641
180  65.299999999999997  4469
200  79.5  4794
40  10.300000000000001  2062
60  17.399999999999999  2267
80  39.0  3430
100  40.0  3636
120  46.799999999999997  3812
140  62.200000000000003  4626
160  68.599999999999994  4513
180  66.099999999999994  4353
200  75.5  4844
40  17.399999999999999  1985
60  24.699999999999999  2561
80  41.799999999999997  3861
100  39.299999999999997  3753
120  53.299999999999997  4018
140  59.399999999999999  4531
160  49.299999999999997  4074
180  72.200000000000003  4602
200  73.900000000000006  4732
40  13.6  1649
60  21.300000000000001  2458
80  32.0  3546
100  49.700000000000003  4126
120  51.100000000000001  4316
140  56.399999999999999  4136
160  62.799999999999997  4505
180  71.900000000000006  4559
200  75.099999999999994  4797
40  18.899999999999999  2089
60  17.800000000000001  2345
80  25.300000000000001  3241
100  33.399999999999999  3627
120  46.399999999999999  3768
140  61.399999999999999  4087
160  66.900000000000006  4584
180  64.099999999999994  4464
200  82.799999999999997  4841
40  11.4  2025
60  24.300000000000001  2702
80  34.299999999999997  3092
100  45.399999999999999  3783
120  46.399999999999999  4037
140  70.299999999999997  4554
160  71.400000000000006  4746
180  68.0  4433
200  75.5  4806
40  13.800000000000001  1888
60  20.0  2559
80  30.899999999999999  3110
100  38.100000000000001  3921
120  53.0  4061
140  56.399999999999999  4453
160  57.100000000000001  4279
180  85.299999999999997  5075
200  63.799999999999997  4295
40  10.800000000000001  1975
60  14.300000000000001  2126
80  29.399999999999999  3508
100  47.200000000000003  3997
120  59.200000000000003  4407
140  64.400000000000006  4593
160  60.299999999999997  4350
180  69.799999999999997  4803
200  76.400000000000006  4815
40  6.2000000000000002  1574
60  24.699999999999999  2856
80  33.799999999999997  3658
100  40.5  3943
120  42.399999999999999  4097
140  64.700000000000003  4421
160  61.600000000000001  4664
180  67.400000000000006  4414
200  77.099999999999994  4729
40  7.7000000000000002  1843
60  31.100000000000001  3307
80  25.199999999999999  3115
100  42.299999999999997  3979
120  53.299999999999997  4623
140  59.0  4202
160  57.700000000000003  4200
180  68.099999999999994  4520
200  74.900000000000006  4691
40  13.800000000000001  2084
60  22.0  2423
80  27.899999999999999  3324
100  51.5  4033
120  63.200000000000003  4481
140  48.299999999999997  4124
160  65.0  4556
180  64.799999999999997  4408
200  76.099999999999994  4784
40  14.800000000000001  1926
60  24.800000000000001  2907
80  44.799999999999997  3657
100  41.799999999999997  3714
120  47.0  3983
140  58.5  4321
160  63.200000000000003  4545
180  68.099999999999994  4482
200  71.299999999999997  4479
40  11.800000000000001  2218
60  24.5  2715
80  25.199999999999999  2988
100  33.899999999999999  3338
120  55.399999999999999  4313
140  55.100000000000001  4215
160  73.799999999999997  4606
180  75.400000000000006  4748
200  66.400000000000006  4771
40  12.300000000000001  1653
60  25.699999999999999  2773
80  33.299999999999997  3032
100  47.200000000000003  3656
120  41.0  3383
140  66.400000000000006  4586
160  57.5  4431
180  73.900000000000006  4636
200  70.5  4561
40  10.699999999999999  2011
60  28.600000000000001  2639
80  45.399999999999999  3577
100  35.0  3603
120  62.200000000000003  4516
140  63.0  4362
160  54.799999999999997  4072
180  84.299999999999997  4949
200  73.299999999999997  4625
40  13.6  1844
60  27.199999999999999  2816
80  34.899999999999999  3314
100  48.700000000000003  3950
120  51.799999999999997  4304
140  56.0  4237
160  64.200000000000003  4646
180  65.599999999999994  4638
200  69.799999999999997  4815
40  14.699999999999999  1828
60  29.5  3185
80  36.200000000000003  3255
100  39.100000000000001  3771
120  47.799999999999997  3626
140  47.299999999999997  4210
160  66.400000000000006  4336
180  71.299999999999997  4502
200  77.0  4702
40  9.5999999999999996  1859
60  28.0  2896
80  33.799999999999997  3323
100  44.299999999999997  3805
120  54.799999999999997  4071
140  42.799999999999997  3597
160  68.099999999999994  4301
180  68.5  4542
200  80.200000000000003  4683
40  14.199999999999999  2341
60  23.800000000000001  2857
80  26.0  3330
100  40.0  3772
120  53.0  4226
140  50.299999999999997  4109
160  55.100000000000001  4426
180  63.899999999999999  4586
200  71.0  4770
40  6.9000000000000004  1678
60  24.600000000000001  2627
80  35.0  3252
100  43.700000000000003  3886
120  54.700000000000003  3936
140  64.799999999999997  4559
160  58.200000000000003  4640
180  59.0  4301
200  83.0  4905
40  13.199999999999999  1789
60  31.100000000000001  2895
80  34.299999999999997  3556
100  40.700000000000003  3530
120  51.100000000000001  4017
140  57.100000000000001  4505
160  58.899999999999999  4337
180  73.700000000000003  4405
200  73.099999999999994  4758
40  18.0  2046
60  18.199999999999999  2695
80  41.0  3631
100  46.200000000000003  3954
120  43.0  3526
140  54.200000000000003  4282
160  64.900000000000006  4385
180  68.599999999999994  4680
200  72.400000000000006  4822
40  15.1  2006
60  16.0  2308
80  35.200000000000003  3227
100  51.600000000000001  3916
120  43.299999999999997  4211
140  61.5  4233
160  52.100000000000001  4082
180  72.599999999999994  4756
200  61.299999999999997  4151
40  12.6  1703
60  27.399999999999999  3246
80  30.199999999999999  3047
100  42.399999999999999  3638
120  47.899999999999999  3879
140  55.100000000000001  4010
160  64.700000000000003  4389
180  78.299999999999997  4758
200  70.799999999999997  4574
40  16.399999999999999  1993
60  23.199999999999999  2163
80  33.799999999999997  3431
100  37.299999999999997  3579
120  47.0  3914
140  45.200000000000003  3766
160  60.100000000000001  4378
180  66.799999999999997  4549
200  66.299999999999997  4619
40  13.300000000000001  1631
60  21.699999999999999  2575
80  36.700000000000003  3608
100  43.399999999999999  3740
120  43.700000000000003  3596
140  56.5  4248
160  65.099999999999994  4349
180  69.5  4570
200  81.400000000000006  4739
40  11.300000000000001  1959
60  28.600000000000001  2830
80  30.300000000000001  2832
100  38.0  3758
120  52.200000000000003  4145
140  57.899999999999999  4298
160  63.5  4433
180  69.400000000000006  4766
200  68.599999999999994  4540
40  15.0  2336
60  23.199999999999999  2516
80  31.199999999999999  2869
100  37.899999999999999  3390
120  55.799999999999997  4152
140  58.600000000000001  4097
160  61.799999999999997  4371
180  73.599999999999994  4875
200  65.0  4613
40  11.199999999999999  1953
60  28.600000000000001  2433
80  42.399999999999999  3535
100  45.100000000000001  3494
120  40.399999999999999  3824
140  51.899999999999999  4025
160  57.299999999999997  3897
180  76.599999999999994  4684
200  77.099999999999994  4812
40  14.1  2137
60  17.199999999999999  2650
80  28.300000000000001  3142
100  44.0  3725
120  49.399999999999999  4113
140  61.899999999999999  4432
160  65.900000000000006  4444
180  78.5  4763
200  67.099999999999994  4313
40  10.9  1869
60  19.399999999999999  2336
80  33.799999999999997  3608
100  47.899999999999999  3799
120  64.200000000000003  4402
140  59.700000000000003  4547
160  59.200000000000003  4190
180  72.799999999999997  4430
200  77.400000000000006  4693
40  8.4000000000000004  1566
60  28.800000000000001  2698
80  37.100000000000001  3351
100  41.899999999999999  3944
120  47.5  3919
140  58.5  4286
160  65.299999999999997  4609
180  68.5  4656
200  70.799999999999997  4477
40  15.0  2052
60  21.800000000000001  2699
80  48.799999999999997  3822
100  41.799999999999997  3712
120  48.0  4143
140  64.5  4516
160  71.700000000000003  4811
180  62.799999999999997  4545
200  70.700000000000003  4749
40  17.399999999999999  2372
60  27.199999999999999  2649
80  31.300000000000001  3379
100  50.700000000000003  4050
120  47.700000000000003  3875
140  62.100000000000001  4486
160  67.5  4482
180  66.700000000000003  4451
200  75.0  4765
40  10.1  1890
60  21.100000000000001  3008
80  32.100000000000001  3574
100  39.799999999999997  3257
120  52.0  4012
140  54.200000000000003  4127
160  65.200000000000003  4358
180  78.599999999999994  4986
200  67.900000000000006  4714
40  16.199999999999999  1880
60  23.399999999999999  2496
80  37.0  3505
100  43.299999999999997  4030
120  53.100000000000001  4141
140  59.399999999999999  4507
160  56.0  4183
180  75.799999999999997  4830
200  73.900000000000006  4691
40  14.9  1902
60  20.100000000000001  2326
80  28.5  3210
100  53.299999999999997  3879
120  52.399999999999999  4068
140  64.200000000000003  4657
160  64.5  4476
180  80.200000000000003  4948
200  76.099999999999994  4846
40  11.5  1894
60  16.399999999999999  2476
80  34.799999999999997  3447
100  40.700000000000003  3509
120  43.0  3433
140  57.700000000000003  4358
160  65.099999999999994  4767
180  80.099999999999994  4921
200  66.400000000000006  4511
40  15.5  1829
60  16.399999999999999  2673
80  28.699999999999999  3154
100  40.299999999999997  3879
120  48.100000000000001  3716
140  59.5  4223
160  60.799999999999997  4486
180  65.0  4599
200  70.700000000000003  4450
40  15.199999999999999  2042
60  22.600000000000001  2915
80  35.299999999999997  3475
100  28.399999999999999  3614
120  54.0  4136
140  63.899999999999999  4552
160  67.799999999999997  4651
180  63.899999999999999  4359
200  63.5  4534
40  11.9  1905
60  23.100000000000001  2713
80  30.600000000000001  3190
100  39.299999999999997  3898
120  54.700000000000003  4449
140  51.399999999999999  4108
160  72.400000000000006  4660
180  81.900000000000006  4825
200  64.200000000000003  4607
40  9.0  1766
60  21.5  2981
80  25.899999999999999  2967
100  43.899999999999999  3881
120  64.0  4625
140  54.100000000000001  4436
160  67.0  4463
180  70.599999999999994  4330
200  67.400000000000006  4564
