0  74.666666666666671  716
1  59.666666666666664  691
2  64.0  931
3  73.333333333333329  876
4  69.333333333333329  885
5  54.666666666666664  833
6  62.333333333333336  786
7  57.666666666666664  885
8  70.333333333333329  941
9  70.666666666666671  870
10  40.333333333333336  1135
11  64.333333333333329  1038
12  42.0  1072
13  69.333333333333329  915
14  55.666666666666664  840
15  46.333333333333336  730
16  51.666666666666664  871
17  58.666666666666664  893
18  54.333333333333336  977
19  56.666666666666664  948
20  65.333333333333329  770
0  49.333333333333336  750
1  61.0  865
2  60.333333333333336  768
3  81.666666666666671  719
4  76.666666666666671  677
5  60.0  764
6  65.333333333333329  775
7  77.333333333333329  789
8  52.0  928
9  64.333333333333329  1020
10  68.0  874
11  68.333333333333329  793
12  54.333333333333336  940
13  65.666666666666671  994
14  66.666666666666671  848
15  58.0  1027
16  47.333333333333336  951
17  76.666666666666671  708
18  71.0  842
19  67.666666666666671  757
20  66.666666666666671  826
