1  87.0  120.0
1  92.0  109.0
1  84.0  231.0
1  29.0  224.0
1  72.0  224.0
1  81.0  133.0
1  18.0  246.0
1  91.0  59.0
1  90.0  37.0
1  49.0  417.0
1  9.0  257.0
1  75.0  137.0
1  81.0  166.0
1  100.0  48.0
1  48.0  325.0
1  92.0  64.0
1  97.0  13.0
1  64.0  405.0
1  100.0  1.0
1  13.0  210.0
1  68.0  198.0
1  54.0  305.0
1  43.0  348.0
1  47.0  375.0
1  93.0  39.0
1  38.0  342.0
1  61.0  243.0
1  24.0  298.0
1  82.0  171.0
1  28.0  306.0
1  97.0  75.0
1  68.0  278.0
1  91.0  91.0
1  100.0  7.0
1  74.0  136.0
1  60.0  181.0
1  83.0  176.0
1  74.0  206.0
1  49.0  276.0
1  50.0  191.0
1  82.0  270.0
1  57.0  178.0
1  52.0  344.0
1  70.0  234.0
1  92.0  180.0
1  93.0  134.0
1  29.0  543.0
1  66.0  232.0
1  43.0  300.0
1  67.0  334.0
1  93.0  69.0
1  90.0  88.0
1  78.0  169.0
1  94.0  54.0
1  46.0  281.0
1  96.0  90.0
1  91.0  29.0
1  79.0  211.0
1  73.0  247.0
1  36.0  399.0
1  98.0  15.0
1  68.0  282.0
1  32.0  262.0
1  72.0  240.0
1  100.0  2.0
1  80.0  178.0
1  96.0  64.0
1  92.0  109.0
1  77.0  138.0
1  100.0  52.0
1  88.0  144.0
1  99.0  11.0
1  93.0  151.0
1  0.0  274.0
1  59.0  302.0
1  85.0  157.0
1  35.0  290.0
1  0.0  307.0
1  93.0  40.0
1  68.0  41.0
1  67.0  274.0
1  45.0  229.0
1  80.0  139.0
1  61.0  134.0
1  0.0  460.0
1  87.0  127.0
1  96.0  23.0
1  65.0  283.0
1  52.0  239.0
1  64.0  190.0
1  65.0  268.0
1  97.0  53.0
1  89.0  158.0
1  65.0  305.0
1  83.0  193.0
1  36.0  330.0
1  89.0  83.0
1  66.0  318.0
1  60.0  271.0
1  8.0  169.0
2  76.0  228.0
2  91.0  133.0
2  95.0  140.0
2  56.0  346.0
2  84.0  182.0
2  48.0  233.0
2  74.0  139.0
2  80.0  147.0
2  25.0  103.0
2  86.0  170.0
2  69.0  159.0
2  95.0  32.0
2  65.0  264.0
2  62.0  302.0
2  58.0  187.0
2  77.0  286.0
2  83.0  153.0
2  71.0  127.0
2  90.0  202.0
2  12.0  113.0
2  49.0  194.0
2  54.0  303.0
2  77.0  177.0
2  42.0  327.0
2  54.0  307.0
2  67.0  308.0
2  83.0  48.0
2  48.0  510.0
2  51.0  318.0
2  44.0  213.0
2  47.0  421.0
2  96.0  58.0
2  77.0  226.0
2  56.0  126.0
2  89.0  179.0
2  91.0  122.0
2  100.0  152.0
2  49.0  191.0
2  76.0  271.0
2  64.0  291.0
2  56.0  180.0
2  4.0  210.0
2  73.0  173.0
2  90.0  105.0
2  66.0  224.0
2  65.0  322.0
2  65.0  297.0
2  51.0  309.0
2  97.0  25.0
2  97.0  63.0
2  82.0  157.0
2  57.0  333.0
2  84.0  123.0
2  43.0  651.0
2  76.0  229.0
2  80.0  167.0
2  60.0  276.0
2  64.0  207.0
2  64.0  205.0
2  0.0  648.0
2  57.0  402.0
2  90.0  43.0
2  80.0  133.0
2  0.0  149.0
2  96.0  20.0
2  68.0  114.0
2  63.0  282.0
2  78.0  216.0
2  100.0  12.0
2  86.0  240.0
2  70.0  339.0
2  79.0  253.0
2  21.0  280.0
2  100.0  106.0
2  93.0  158.0
2  77.0  274.0
2  77.0  180.0
2  71.0  290.0
2  85.0  149.0
2  42.0  632.0
2  100.0  24.0
2  80.0  234.0
2  78.0  190.0
2  90.0  181.0
2  34.0  246.0
2  18.0  89.0
2  81.0  211.0
2  66.0  174.0
2  47.0  99.0
2  56.0  374.0
2  13.0  345.0
2  66.0  258.0
2  79.0  268.0
2  66.0  194.0
2  35.0  284.0
2  36.0  619.0
2  100.0  100.0
2  100.0  8.0
2  19.0  378.0
2  61.0  63.0
3  48.0  159.0
3  100.0  0.0
3  93.0  235.0
3  80.0  94.0
3  77.0  240.0
3  82.0  92.0
3  98.0  12.0
3  39.0  401.0
3  38.0  209.0
3  21.0  598.0
3  100.0  30.0
3  42.0  433.0
3  100.0  200.0
3  79.0  109.0
3  84.0  91.0
3  58.0  236.0
3  54.0  249.0
3  46.0  278.0
3  83.0  29.0
3  78.0  172.0
3  34.0  164.0
3  67.0  197.0
3  76.0  198.0
3  52.0  491.0
3  75.0  237.0
3  20.0  269.0
3  84.0  158.0
3  95.0  198.0
3  60.0  241.0
3  0.0  80.0
3  87.0  45.0
3  49.0  270.0
3  37.0  220.0
3  97.0  56.0
3  65.0  232.0
3  62.0  208.0
3  46.0  180.0
3  55.0  265.0
3  17.0  160.0
3  71.0  197.0
3  100.0  2.0
3  81.0  140.0
3  86.0  174.0
3  47.0  368.0
3  67.0  73.0
3  0.0  113.0
3  89.0  233.0
3  43.0  357.0
3  47.0  165.0
3  93.0  107.0
3  39.0  334.0
3  95.0  21.0
3  28.0  542.0
3  79.0  146.0
3  60.0  229.0
3  23.0  279.0
3  64.0  227.0
3  10.0  659.0
3  92.0  74.0
3  30.0  283.0
3  83.0  176.0
3  71.0  247.0
3  64.0  143.0
3  73.0  306.0
3  83.0  256.0
3  88.0  119.0
3  74.0  171.0
3  83.0  50.0
3  71.0  415.0
3  97.0  69.0
3  67.0  312.0
3  56.0  272.0
3  81.0  101.0
3  24.0  279.0
3  24.0  232.0
3  100.0  30.0
3  51.0  315.0
3  35.0  259.0
3  42.0  181.0
3  68.0  170.0
3  71.0  209.0
3  0.0  0.0
3  57.0  385.0
3  69.0  429.0
3  60.0  295.0
3  98.0  122.0
3  66.0  292.0
3  37.0  183.0
3  0.0  0.0
3  82.0  233.0
3  37.0  269.0
3  77.0  198.0
3  47.0  236.0
3  52.0  270.0
3  72.0  268.0
3  0.0  778.0
3  7.0  145.0
3  63.0  163.0
3  76.0  184.0
3  86.0  162.0
4  60.0  324.0
4  79.0  224.0
4  44.0  232.0
4  96.0  121.0
4  100.0  94.0
4  96.0  125.0
4  94.0  112.0
4  91.0  81.0
4  85.0  115.0
4  81.0  118.0
4  32.0  280.0
4  71.0  164.0
4  59.0  231.0
4  100.0  100.0
4  100.0  4.0
4  73.0  305.0
4  18.0  508.0
4  27.0  177.0
4  63.0  218.0
4  48.0  546.0
4  70.0  258.0
4  90.0  138.0
4  56.0  248.0
4  21.0  286.0
4  19.0  213.0
4  53.0  316.0
4  56.0  234.0
4  87.0  46.0
4  96.0  18.0
4  100.0  13.0
4  9.0  173.0
4  70.0  490.0
4  100.0  36.0
4  36.0  281.0
4  72.0  209.0
4  63.0  216.0
4  25.0  175.0
4  25.0  108.0
4  48.0  280.0
4  100.0  100.0
4  91.0  78.0
4  73.0  214.0
4  70.0  229.0
4  79.0  314.0
4  76.0  166.0
4  80.0  320.0
4  94.0  112.0
4  72.0  151.0
4  73.0  76.0
4  88.0  128.0
4  100.0  10.0
4  74.0  175.0
4  73.0  195.0
4  78.0  318.0
4  67.0  278.0
4  95.0  101.0
4  42.0  318.0
4  34.0  479.0
4  79.0  197.0
4  43.0  142.0
4  52.0  224.0
4  81.0  118.0
4  60.0  162.0
4  69.0  153.0
4  0.0  257.0
4  78.0  137.0
4  73.0  207.0
4  100.0  7.0
4  66.0  172.0
4  64.0  137.0
4  78.0  170.0
4  7.0  196.0
4  75.0  138.0
4  59.0  309.0
4  99.0  39.0
4  47.0  225.0
4  98.0  41.0
4  100.0  20.0
4  58.0  291.0
4  6.0  183.0
4  48.0  314.0
4  100.0  23.0
4  63.0  262.0
4  33.0  326.0
4  35.0  346.0
4  64.0  132.0
4  100.0  19.0
4  87.0  147.0
4  72.0  141.0
4  40.0  345.0
4  68.0  296.0
4  38.0  206.0
4  95.0  52.0
4  73.0  155.0
4  71.0  201.0
4  0.0  466.0
4  29.0  254.0
4  71.0  295.0
4  77.0  264.0
4  64.0  374.0
5  97.0  117.0
5  61.0  221.0
5  65.0  255.0
5  100.0  42.0
5  22.0  236.0
5  100.0  200.0
5  6.0  443.0
5  26.0  381.0
5  23.0  235.0
5  73.0  184.0
5  47.0  164.0
5  66.0  153.0
5  25.0  345.0
5  64.0  200.0
5  93.0  56.0
5  81.0  87.0
5  57.0  450.0
5  66.0  111.0
5  32.0  468.0
5  87.0  96.0
5  84.0  179.0
5  26.0  326.0
5  81.0  137.0
5  73.0  178.0
5  66.0  302.0
5  64.0  292.0
5  64.0  263.0
5  56.0  545.0
5  100.0  1.0
5  92.0  75.0
5  54.0  277.0
5  58.0  270.0
5  61.0  211.0
5  52.0  232.0
5  39.0  404.0
5  53.0  212.0
5  51.0  364.0
5  89.0  117.0
5  52.0  256.0
5  100.0  103.0
5  86.0  144.0
5  17.0  628.0
5  60.0  179.0
5  54.0  104.0
5  59.0  252.0
5  65.0  221.0
5  54.0  272.0
5  90.0  157.0
5  63.0  144.0
5  93.0  53.0
5  63.0  348.0
5  28.0  266.0
5  20.0  261.0
5  0.0  295.0
5  44.0  442.0
5  82.0  87.0
5  38.0  169.0
5  8.0  189.0
5  57.0  233.0
5  45.0  193.0
5  82.0  233.0
5  57.0  176.0
5  86.0  110.0
5  67.0  174.0
5  66.0  235.0
5  60.0  282.0
5  8.0  68.0
5  100.0  200.0
5  31.0  485.0
5  45.0  238.0
5  98.0  53.0
5  60.0  231.0
5  73.0  245.0
5  93.0  38.0
5  82.0  48.0
5  46.0  238.0
5  88.0  64.0
5  59.0  164.0
5  45.0  393.0
5  55.0  241.0
5  83.0  129.0
5  60.0  184.0
5  73.0  301.0
5  80.0  82.0
5  13.0  306.0
5  57.0  414.0
5  75.0  239.0
5  65.0  188.0
5  100.0  45.0
5  91.0  100.0
5  0.0  190.0
5  100.0  0.0
5  91.0  81.0
5  56.0  148.0
5  90.0  162.0
5  61.0  182.0
5  62.0  214.0
5  100.0  200.0
5  80.0  88.0
5  82.0  190.0
