5  36.0  786.0
5  54.0  591.0
5  52.0  641.0
5  63.0  872.0
5  20.0  523.0
5  18.0  513.0
5  43.0  636.0
5  57.0  665.0
5  48.0  663.0
5  48.0  653.0
5  33.0  423.0
5  69.0  706.0
5  43.0  643.0
5  52.0  735.0
5  44.0  785.0
5  24.0  543.0
5  55.0  746.0
5  69.0  606.0
5  2.0  319.0
5  45.0  513.0
5  37.0  603.0
5  15.0  652.0
5  49.0  784.0
5  48.0  323.0
5  96.0  695.0
5  52.0  720.0
5  65.0  801.0
5  13.0  580.0
5  53.0  782.0
5  33.0  588.0
5  78.0  607.0
5  45.0  703.0
5  31.0  503.0
5  60.0  557.0
5  59.0  816.0
5  62.0  735.0
5  35.0  580.0
5  66.0  790.0
5  50.0  462.0
5  41.0  551.0
5  45.0  811.0
5  36.0  641.0
5  53.0  635.0
5  24.0  643.0
5  60.0  598.0
5  23.0  492.0
5  76.0  850.0
5  50.0  679.0
5  48.0  661.0
5  61.0  634.0
5  32.0  458.0
5  50.0  689.0
5  51.0  561.0
5  12.0  517.0
5  50.0  575.0
5  0.0  562.0
5  24.0  867.0
5  39.0  352.0
5  25.0  353.0
5  52.0  626.0
5  45.0  695.0
5  64.0  758.0
5  36.0  726.0
5  57.0  623.0
5  49.0  724.0
5  51.0  842.0
5  43.0  746.0
5  45.0  651.0
5  65.0  822.0
5  30.0  599.0
5  57.0  591.0
5  26.0  711.0
5  24.0  537.0
5  17.0  420.0
5  30.0  573.0
5  43.0  663.0
5  70.0  892.0
5  61.0  689.0
5  39.0  631.0
5  29.0  826.0
5  53.0  701.0
5  50.0  650.0
5  0.0  498.0
5  45.0  781.0
5  40.0  403.0
5  37.0  749.0
5  52.0  846.0
5  35.0  589.0
5  64.0  785.0
5  31.0  592.0
5  44.0  714.0
5  14.0  738.0
5  22.0  426.0
5  33.0  755.0
5  14.0  507.0
5  3.0  512.0
5  47.0  626.0
5  59.0  534.0
5  68.0  606.0
5  53.0  1044.0
