1  41.0  383.0
1  58.0  354.0
1  33.0  500.0
1  62.0  404.0
1  46.0  359.0
1  37.0  423.0
1  11.0  515.0
1  86.0  279.0
1  75.0  236.0
1  52.0  230.0
1  38.0  378.0
1  34.0  336.0
1  80.0  323.0
1  58.0  218.0
1  49.0  352.0
1  69.0  333.0
1  42.0  422.0
1  42.0  435.0
1  68.0  373.0
1  31.0  462.0
1  27.0  381.0
1  63.0  335.0
1  20.0  509.0
1  53.0  407.0
1  34.0  384.0
1  61.0  335.0
1  56.0  376.0
1  63.0  294.0
1  52.0  385.0
1  23.0  305.0
1  46.0  273.0
1  47.0  213.0
1  69.0  334.0
1  18.0  357.0
1  31.0  447.0
1  54.0  353.0
1  40.0  433.0
1  47.0  315.0
1  82.0  298.0
1  80.0  246.0
1  53.0  374.0
1  14.0  488.0
1  58.0  320.0
1  32.0  478.0
1  12.0  394.0
1  50.0  177.0
1  55.0  355.0
1  61.0  380.0
1  57.0  349.0
1  44.0  414.0
1  57.0  315.0
1  41.0  303.0
1  72.0  314.0
1  66.0  346.0
1  76.0  341.0
1  60.0  425.0
1  67.0  335.0
1  75.0  316.0
1  68.0  267.0
1  25.0  374.0
1  49.0  204.0
1  45.0  413.0
1  36.0  492.0
1  67.0  393.0
1  64.0  287.0
1  75.0  358.0
1  83.0  306.0
1  53.0  283.0
1  32.0  447.0
1  34.0  361.0
1  47.0  346.0
1  21.0  475.0
1  44.0  507.0
1  34.0  448.0
1  41.0  383.0
1  60.0  247.0
1  52.0  359.0
1  27.0  436.0
1  64.0  427.0
1  55.0  335.0
1  33.0  402.0
1  38.0  387.0
1  36.0  249.0
1  44.0  436.0
1  35.0  402.0
1  54.0  404.0
1  62.0  392.0
1  52.0  214.0
1  67.0  336.0
1  46.0  304.0
1  33.0  501.0
1  39.0  398.0
1  60.0  349.0
1  14.0  422.0
1  42.0  268.0
1  63.0  379.0
1  69.0  356.0
1  25.0  414.0
1  51.0  297.0
1  36.0  417.0
2  58.0  252.0
2  29.0  373.0
2  46.0  227.0
2  51.0  300.0
2  43.0  327.0
2  9.0  192.0
2  58.0  369.0
2  19.0  425.0
2  57.0  326.0
2  62.0  349.0
2  63.0  318.0
2  30.0  294.0
2  48.0  453.0
2  56.0  350.0
2  35.0  292.0
2  36.0  353.0
2  46.0  273.0
2  70.0  298.0
2  48.0  417.0
2  45.0  300.0
2  64.0  366.0
2  48.0  427.0
2  34.0  662.0
2  38.0  576.0
2  37.0  323.0
2  69.0  349.0
2  41.0  294.0
2  26.0  444.0
2  38.0  342.0
2  48.0  312.0
2  20.0  498.0
2  12.0  568.0
2  49.0  255.0
2  25.0  281.0
2  45.0  344.0
2  40.0  282.0
2  34.0  290.0
2  64.0  362.0
2  59.0  363.0
2  14.0  376.0
2  57.0  401.0
2  52.0  318.0
2  56.0  498.0
2  42.0  479.0
2  52.0  372.0
2  33.0  475.0
2  33.0  246.0
2  63.0  303.0
2  19.0  448.0
2  31.0  335.0
2  44.0  349.0
2  63.0  347.0
2  49.0  387.0
2  25.0  475.0
2  24.0  331.0
2  49.0  517.0
2  64.0  393.0
2  70.0  314.0
2  82.0  307.0
2  29.0  370.0
2  42.0  520.0
2  60.0  254.0
2  68.0  328.0
2  32.0  376.0
2  42.0  413.0
2  15.0  393.0
2  36.0  240.0
2  27.0  459.0
2  65.0  295.0
2  38.0  357.0
2  29.0  574.0
2  22.0  447.0
2  49.0  274.0
2  42.0  347.0
2  47.0  262.0
2  28.0  289.0
2  60.0  335.0
2  10.0  345.0
2  35.0  290.0
2  70.0  411.0
2  10.0  247.0
2  53.0  311.0
2  54.0  299.0
2  29.0  270.0
2  57.0  216.0
2  49.0  287.0
2  82.0  345.0
2  66.0  349.0
2  36.0  406.0
2  43.0  295.0
2  58.0  376.0
2  30.0  447.0
2  61.0  317.0
2  59.0  378.0
2  62.0  341.0
2  37.0  370.0
2  43.0  261.0
2  49.0  380.0
2  37.0  418.0
2  28.0  470.0
3  16.0  341.0
3  39.0  419.0
3  28.0  365.0
3  48.0  170.0
3  25.0  433.0
3  65.0  246.0
3  16.0  261.0
3  26.0  186.0
3  30.0  327.0
3  26.0  170.0
3  20.0  373.0
3  28.0  316.0
3  51.0  220.0
3  47.0  533.0
3  33.0  161.0
3  29.0  163.0
3  7.0  423.0
3  47.0  205.0
3  54.0  344.0
3  33.0  344.0
3  29.0  220.0
3  47.0  285.0
3  44.0  253.0
3  31.0  311.0
3  48.0  362.0
3  21.0  325.0
3  40.0  321.0
3  36.0  371.0
3  40.0  352.0
3  40.0  297.0
3  42.0  197.0
3  30.0  282.0
3  8.0  159.0
3  42.0  362.0
3  47.0  332.0
3  62.0  356.0
3  70.0  304.0
3  61.0  289.0
3  48.0  299.0
3  18.0  422.0
3  20.0  391.0
3  59.0  214.0
3  49.0  465.0
3  25.0  233.0
3  63.0  358.0
3  15.0  348.0
3  39.0  275.0
3  61.0  352.0
3  50.0  379.0
3  28.0  252.0
3  51.0  340.0
3  22.0  434.0
3  55.0  277.0
3  55.0  351.0
3  19.0  427.0
3  48.0  360.0
3  29.0  214.0
3  37.0  251.0
3  56.0  318.0
3  16.0  355.0
3  47.0  223.0
3  22.0  396.0
3  25.0  354.0
3  27.0  207.0
3  60.0  335.0
3  31.0  167.0
3  37.0  298.0
3  58.0  316.0
3  39.0  247.0
3  34.0  258.0
3  33.0  305.0
3  20.0  347.0
3  32.0  186.0
3  36.0  251.0
3  0.0  165.0
3  40.0  406.0
3  42.0  381.0
3  48.0  257.0
3  20.0  273.0
3  32.0  271.0
3  15.0  200.0
3  41.0  341.0
3  57.0  188.0
3  12.0  323.0
3  54.0  277.0
3  42.0  544.0
3  65.0  341.0
3  36.0  319.0
3  12.0  511.0
3  72.0  290.0
3  10.0  300.0
3  13.0  271.0
3  58.0  346.0
3  45.0  283.0
3  11.0  446.0
3  18.0  305.0
3  20.0  231.0
3  77.0  298.0
3  4.0  147.0
3  29.0  245.0
4  35.0  286.0
4  20.0  311.0
4  48.0  334.0
4  33.0  265.0
4  33.0  297.0
4  19.0  349.0
4  10.0  237.0
4  44.0  271.0
4  29.0  329.0
4  35.0  249.0
4  25.0  273.0
4  53.0  393.0
4  47.0  258.0
4  6.0  214.0
4  58.0  279.0
4  29.0  311.0
4  38.0  455.0
4  65.0  265.0
4  43.0  239.0
4  26.0  302.0
4  26.0  371.0
4  28.0  178.0
4  19.0  479.0
4  30.0  265.0
4  39.0  354.0
4  33.0  249.0
4  25.0  366.0
4  25.0  307.0
4  1.0  358.0
4  21.0  166.0
4  32.0  289.0
4  21.0  163.0
4  58.0  277.0
4  48.0  304.0
4  19.0  270.0
4  42.0  361.0
4  39.0  349.0
4  6.0  235.0
4  20.0  327.0
4  30.0  233.0
4  19.0  152.0
4  11.0  370.0
4  36.0  412.0
4  70.0  230.0
4  39.0  343.0
4  40.0  317.0
4  16.0  214.0
4  44.0  360.0
4  34.0  258.0
4  42.0  251.0
4  64.0  250.0
4  29.0  259.0
4  33.0  347.0
4  69.0  330.0
4  16.0  175.0
4  21.0  300.0
4  25.0  218.0
4  14.0  185.0
4  34.0  394.0
4  32.0  345.0
4  24.0  219.0
4  22.0  156.0
4  34.0  266.0
4  49.0  298.0
4  17.0  173.0
4  39.0  396.0
4  27.0  271.0
4  39.0  281.0
4  20.0  258.0
4  37.0  211.0
4  11.0  203.0
4  58.0  309.0
4  39.0  247.0
4  50.0  272.0
4  28.0  219.0
4  0.0  29.0
4  1.0  142.0
4  3.0  337.0
4  20.0  383.0
4  48.0  328.0
4  5.0  177.0
4  9.0  250.0
4  20.0  229.0
4  3.0  296.0
4  25.0  295.0
4  45.0  309.0
4  27.0  350.0
4  17.0  192.0
4  33.0  395.0
4  27.0  155.0
4  52.0  164.0
4  58.0  371.0
4  49.0  337.0
4  16.0  343.0
4  65.0  294.0
4  17.0  332.0
4  21.0  405.0
4  12.0  129.0
4  24.0  478.0
4  56.0  287.0
5  26.0  313.0
5  51.0  280.0
5  39.0  145.0
5  35.0  249.0
5  33.0  217.0
5  48.0  253.0
5  28.0  188.0
5  16.0  255.0
5  49.0  248.0
5  16.0  314.0
5  43.0  252.0
5  8.0  144.0
5  19.0  213.0
5  12.0  238.0
5  30.0  346.0
5  22.0  237.0
5  25.0  251.0
5  23.0  336.0
5  62.0  249.0
5  10.0  411.0
5  57.0  277.0
5  9.0  257.0
5  22.0  327.0
5  50.0  264.0
5  42.0  272.0
5  36.0  327.0
5  56.0  409.0
5  15.0  322.0
5  20.0  324.0
5  31.0  263.0
5  21.0  330.0
5  25.0  333.0
5  22.0  372.0
5  15.0  335.0
5  31.0  349.0
5  25.0  204.0
5  45.0  245.0
5  38.0  293.0
5  14.0  266.0
5  28.0  194.0
5  53.0  224.0
5  10.0  386.0
5  31.0  486.0
5  13.0  278.0
5  17.0  151.0
5  13.0  291.0
5  18.0  206.0
5  35.0  314.0
5  30.0  321.0
5  52.0  316.0
5  26.0  248.0
5  48.0  196.0
5  34.0  227.0
5  20.0  298.0
5  27.0  164.0
5  25.0  228.0
5  25.0  368.0
5  59.0  233.0
5  27.0  211.0
5  28.0  226.0
5  36.0  266.0
5  13.0  162.0
5  19.0  277.0
5  17.0  295.0
5  16.0  279.0
5  38.0  424.0
5  42.0  229.0
5  11.0  266.0
5  13.0  310.0
5  37.0  342.0
5  15.0  267.0
5  47.0  269.0
5  4.0  287.0
5  13.0  235.0
5  20.0  273.0
5  15.0  246.0
5  10.0  144.0
5  51.0  273.0
5  4.0  111.0
5  4.0  174.0
5  15.0  257.0
5  0.0  237.0
5  20.0  350.0
5  40.0  318.0
5  34.0  492.0
5  43.0  242.0
5  24.0  190.0
5  42.0  322.0
5  38.0  324.0
5  42.0  232.0
5  14.0  236.0
5  29.0  351.0
5  18.0  344.0
5  23.0  298.0
5  34.0  294.0
5  15.0  299.0
5  45.0  262.0
5  43.0  202.0
5  33.0  367.0
5  31.0  254.0
