1  80.0  766.0
1  27.0  516.0
1  60.0  746.0
1  46.0  823.0
1  52.0  722.0
1  32.0  475.0
1  60.0  952.0
1  71.0  923.0
1  57.0  667.0
1  84.0  781.0
1  34.0  662.0
1  68.0  1089.0
1  54.0  906.0
1  85.0  1365.0
1  72.0  836.0
1  15.0  284.0
1  29.0  542.0
1  45.0  640.0
1  58.0  666.0
1  46.0  638.0
1  49.0  737.0
1  48.0  595.0
1  63.0  1067.0
1  41.0  611.0
1  19.0  330.0
1  39.0  694.0
1  10.0  684.0
1  26.0  303.0
1  18.0  563.0
1  59.0  777.0
1  19.0  412.0
1  13.0  352.0
1  59.0  710.0
1  52.0  712.0
1  58.0  728.0
1  44.0  811.0
1  48.0  713.0
1  100.0  1145.0
1  44.0  730.0
1  30.0  596.0
1  40.0  633.0
1  34.0  585.0
1  23.0  697.0
1  43.0  675.0
1  56.0  817.0
1  71.0  798.0
1  63.0  852.0
1  39.0  761.0
1  60.0  754.0
1  41.0  715.0
1  52.0  680.0
1  32.0  462.0
1  66.0  660.0
1  12.0  551.0
1  28.0  681.0
1  57.0  733.0
1  26.0  657.0
1  63.0  654.0
1  0.0  180.0
1  62.0  786.0
1  11.0  304.0
1  43.0  617.0
1  37.0  621.0
1  43.0  745.0
1  66.0  810.0
1  32.0  635.0
1  22.0  534.0
1  1.0  458.0
1  55.0  848.0
1  83.0  767.0
1  41.0  768.0
1  60.0  647.0
1  57.0  739.0
1  38.0  594.0
1  39.0  654.0
1  76.0  812.0
1  0.0  376.0
1  25.0  912.0
1  69.0  820.0
1  21.0  521.0
1  64.0  723.0
1  33.0  674.0
1  92.0  714.0
1  64.0  870.0
1  53.0  607.0
1  51.0  807.0
1  23.0  313.0
1  39.0  720.0
1  52.0  727.0
1  25.0  547.0
1  45.0  719.0
1  67.0  900.0
1  36.0  641.0
1  64.0  1009.0
1  40.0  642.0
1  96.0  1376.0
1  38.0  707.0
1  38.0  518.0
1  57.0  624.0
1  97.0  1012.0
2  35.0  663.0
2  13.0  537.0
2  98.0  1308.0
2  77.0  959.0
2  55.0  924.0
2  33.0  464.0
2  29.0  397.0
2  30.0  1011.0
2  53.0  911.0
2  72.0  780.0
2  40.0  343.0
2  0.0  600.0
2  49.0  850.0
2  41.0  837.0
2  24.0  490.0
2  50.0  666.0
2  71.0  630.0
2  68.0  835.0
2  47.0  842.0
2  33.0  735.0
2  57.0  658.0
2  41.0  574.0
2  74.0  869.0
2  61.0  754.0
2  0.0  412.0
2  35.0  602.0
2  100.0  614.0
2  42.0  626.0
2  23.0  418.0
2  36.0  475.0
2  48.0  588.0
2  10.0  529.0
2  72.0  761.0
2  14.0  722.0
2  55.0  863.0
2  81.0  1094.0
2  46.0  579.0
2  64.0  785.0
2  87.0  1171.0
2  40.0  554.0
2  26.0  371.0
2  52.0  721.0
2  41.0  685.0
2  86.0  1308.0
2  45.0  695.0
2  66.0  1026.0
2  43.0  800.0
2  63.0  807.0
2  71.0  1067.0
2  66.0  1199.0
2  60.0  761.0
2  50.0  828.0
2  13.0  535.0
2  34.0  826.0
2  5.0  322.0
2  25.0  505.0
2  88.0  1045.0
2  42.0  804.0
2  89.0  922.0
2  45.0  801.0
2  87.0  949.0
2  76.0  691.0
2  46.0  773.0
2  39.0  631.0
2  66.0  941.0
2  7.0  652.0
2  81.0  893.0
2  69.0  861.0
2  66.0  826.0
2  58.0  719.0
2  56.0  967.0
2  30.0  826.0
2  29.0  628.0
2  56.0  565.0
2  48.0  518.0
2  36.0  868.0
2  43.0  656.0
2  62.0  770.0
2  100.0  400.0
2  96.0  708.0
2  48.0  634.0
2  62.0  746.0
2  34.0  483.0
2  67.0  1003.0
2  51.0  638.0
2  90.0  1012.0
2  79.0  1031.0
2  35.0  674.0
2  27.0  671.0
2  53.0  877.0
2  48.0  653.0
2  80.0  911.0
2  39.0  702.0
2  48.0  569.0
2  52.0  594.0
2  80.0  1139.0
2  21.0  819.0
2  26.0  477.0
2  42.0  870.0
2  41.0  660.0
3  19.0  463.0
3  4.0  552.0
3  47.0  666.0
3  49.0  886.0
3  70.0  773.0
3  66.0  850.0
3  39.0  709.0
3  21.0  221.0
3  0.0  352.0
3  41.0  724.0
3  52.0  523.0
3  56.0  808.0
3  37.0  748.0
3  72.0  867.0
3  52.0  804.0
3  0.0  367.0
3  25.0  497.0
3  58.0  637.0
3  51.0  747.0
3  43.0  554.0
3  51.0  630.0
3  69.0  736.0
3  36.0  551.0
3  83.0  1280.0
3  20.0  596.0
3  48.0  716.0
3  60.0  588.0
3  87.0  895.0
3  60.0  637.0
3  22.0  458.0
3  37.0  660.0
3  38.0  437.0
3  53.0  786.0
3  0.0  348.0
3  48.0  658.0
3  37.0  387.0
3  85.0  1168.0
3  52.0  549.0
3  75.0  977.0
3  21.0  307.0
3  27.0  405.0
3  47.0  880.0
3  34.0  881.0
3  46.0  676.0
3  82.0  780.0
3  23.0  403.0
3  64.0  604.0
3  20.0  535.0
3  57.0  868.0
3  42.0  707.0
3  23.0  479.0
3  45.0  885.0
3  55.0  843.0
3  43.0  702.0
3  49.0  875.0
3  69.0  778.0
3  18.0  280.0
3  47.0  470.0
3  0.0  500.0
3  100.0  1128.0
3  29.0  494.0
3  64.0  850.0
3  55.0  732.0
3  27.0  533.0
3  41.0  608.0
3  29.0  486.0
3  28.0  659.0
3  60.0  638.0
3  64.0  729.0
3  92.0  1027.0
3  81.0  859.0
3  42.0  528.0
3  61.0  891.0
3  30.0  631.0
3  37.0  701.0
3  48.0  775.0
3  56.0  651.0
3  73.0  716.0
3  45.0  599.0
3  76.0  824.0
3  78.0  1031.0
3  51.0  507.0
3  8.0  278.0
3  73.0  910.0
3  19.0  606.0
3  27.0  431.0
3  8.0  420.0
3  24.0  543.0
3  26.0  475.0
3  0.0  95.0
3  56.0  739.0
3  39.0  564.0
3  47.0  668.0
3  0.0  302.0
3  5.0  408.0
3  19.0  469.0
3  34.0  688.0
3  37.0  779.0
3  47.0  837.0
3  70.0  904.0
4  32.0  926.0
4  17.0  407.0
4  28.0  552.0
4  7.0  179.0
4  19.0  723.0
4  62.0  898.0
4  42.0  669.0
4  23.0  585.0
4  51.0  556.0
4  31.0  555.0
4  0.0  500.0
4  94.0  917.0
4  30.0  604.0
4  16.0  318.0
4  23.0  398.0
4  100.0  988.0
4  75.0  934.0
4  27.0  753.0
4  59.0  676.0
4  28.0  528.0
4  28.0  490.0
4  75.0  818.0
4  100.0  1383.0
4  39.0  648.0
4  17.0  657.0
4  29.0  478.0
4  55.0  846.0
4  27.0  525.0
4  38.0  803.0
4  24.0  434.0
4  60.0  834.0
4  20.0  434.0
4  42.0  456.0
4  53.0  715.0
4  100.0  1000.0
4  66.0  599.0
4  74.0  811.0
4  91.0  1042.0
4  21.0  640.0
4  45.0  589.0
4  6.0  244.0
4  36.0  420.0
4  68.0  608.0
4  71.0  911.0
4  0.0  432.0
4  59.0  957.0
4  54.0  812.0
4  79.0  694.0
4  94.0  753.0
4  54.0  775.0
4  46.0  420.0
4  81.0  1026.0
4  55.0  1151.0
4  100.0  628.0
4  68.0  699.0
4  15.0  500.0
4  48.0  1094.0
4  24.0  325.0
4  20.0  662.0
4  98.0  797.0
4  52.0  611.0
4  63.0  1008.0
4  27.0  607.0
4  7.0  515.0
4  69.0  779.0
4  31.0  685.0
4  56.0  786.0
4  33.0  691.0
4  28.0  401.0
4  42.0  389.0
4  20.0  529.0
4  32.0  416.0
4  32.0  587.0
4  43.0  568.0
4  42.0  770.0
4  57.0  795.0
4  75.0  897.0
4  64.0  762.0
4  30.0  796.0
4  64.0  805.0
4  52.0  814.0
4  25.0  422.0
4  99.0  1461.0
4  0.0  829.0
4  62.0  828.0
4  13.0  354.0
4  45.0  712.0
4  52.0  757.0
4  80.0  1069.0
4  38.0  672.0
4  52.0  766.0
4  50.0  634.0
4  44.0  561.0
4  23.0  374.0
4  21.0  494.0
4  6.0  351.0
4  17.0  263.0
4  23.0  491.0
4  49.0  746.0
4  86.0  686.0
5  63.0  824.0
5  8.0  351.0
5  76.0  989.0
5  62.0  1013.0
5  69.0  884.0
5  100.0  1381.0
5  58.0  842.0
5  33.0  927.0
5  17.0  368.0
5  0.0  363.0
5  22.0  486.0
5  0.0  527.0
5  50.0  666.0
5  54.0  882.0
5  41.0  551.0
5  21.0  461.0
5  42.0  678.0
5  28.0  451.0
5  61.0  623.0
5  0.0  568.0
5  43.0  682.0
5  33.0  501.0
5  23.0  382.0
5  40.0  732.0
5  37.0  741.0
5  60.0  944.0
5  49.0  934.0
5  50.0  397.0
5  21.0  301.0
5  76.0  1035.0
5  49.0  712.0
5  42.0  634.0
5  59.0  666.0
5  43.0  644.0
5  23.0  569.0
5  74.0  951.0
5  26.0  405.0
5  39.0  655.0
5  41.0  717.0
5  36.0  473.0
5  79.0  702.0
5  35.0  616.0
5  74.0  876.0
5  31.0  728.0
5  34.0  794.0
5  65.0  814.0
5  35.0  576.0
5  50.0  729.0
5  54.0  757.0
5  29.0  487.0
5  49.0  986.0
5  63.0  852.0
5  29.0  472.0
5  51.0  690.0
5  64.0  622.0
5  30.0  391.0
5  31.0  583.0
5  67.0  769.0
5  37.0  706.0
5  27.0  473.0
5  51.0  1198.0
5  52.0  771.0
5  37.0  596.0
5  63.0  960.0
5  65.0  869.0
5  45.0  843.0
5  57.0  634.0
5  64.0  665.0
5  50.0  510.0
5  26.0  467.0
5  33.0  583.0
5  54.0  464.0
5  36.0  497.0
5  48.0  564.0
5  100.0  1182.0
5  24.0  364.0
5  26.0  445.0
5  33.0  707.0
5  48.0  655.0
5  93.0  1145.0
5  40.0  746.0
5  26.0  723.0
5  100.0  1200.0
5  47.0  289.0
5  32.0  658.0
5  71.0  1156.0
5  75.0  757.0
5  45.0  688.0
5  23.0  654.0
5  48.0  823.0
5  62.0  694.0
5  36.0  422.0
5  54.0  790.0
5  62.0  802.0
5  37.0  579.0
5  26.0  286.0
5  41.0  707.0
5  36.0  529.0
5  74.0  753.0
5  61.0  722.0
