1  31.0  424
2  56.0  433
3  61.0  412
4  27.0  322
5  44.0  294
6  76.0  353
7  54.0  411
1  61.0  386
2  7.0  531
3  46.0  291
4  51.0  322
5  50.0  319
6  59.0  324
7  36.0  245
1  41.0  480
2  29.0  369
3  26.0  673
4  65.0  309
5  52.0  401
6  53.0  446
7  43.0  444
1  40.0  324
2  31.0  417
3  31.0  412
4  69.0  376
5  34.0  345
6  76.0  319
7  55.0  458
1  27.0  525
2  46.0  273
3  35.0  559
4  48.0  375
5  76.0  361
6  73.0  284
7  23.0  580
1  47.0  505
2  43.0  462
3  55.0  513
4  31.0  420
5  42.0  317
6  61.0  380
7  41.0  301
1  39.0  424
2  34.0  487
3  38.0  421
4  71.0  374
5  57.0  376
6  20.0  547
7  38.0  424
1  32.0  459
2  51.0  508
3  38.0  331
4  26.0  396
5  32.0  496
6  47.0  460
7  47.0  288
1  73.0  327
2  35.0  361
3  69.0  250
4  22.0  337
5  34.0  354
6  27.0  307
7  41.0  442
1  57.0  443
2  54.0  580
3  80.0  318
4  50.0  273
5  58.0  402
6  65.0  339
7  49.0  496
1  52.0  221
2  81.0  278
3  46.0  373
4  54.0  327
5  41.0  391
6  26.0  486
7  23.0  467
1  70.0  428
2  50.0  582
3  72.0  405
4  39.0  412
5  38.0  453
6  33.0  550
7  70.0  288
1  67.0  367
2  78.0  325
3  51.0  315
4  77.0  329
5  64.0  329
6  44.0  504
7  53.0  388
1  55.0  355
2  68.0  354
3  44.0  463
4  44.0  235
5  37.0  511
6  44.0  410
7  52.0  414
1  79.0  315
2  37.0  487
3  63.0  366
4  50.0  464
5  39.0  489
6  32.0  489
7  38.0  466
1  19.0  482
2  67.0  401
3  55.0  227
4  50.0  301
5  24.0  443
6  24.0  543
7  34.0  505
1  78.0  314
2  58.0  237
3  63.0  281
4  71.0  330
5  52.0  451
6  48.0  389
7  25.0  578
1  57.0  457
2  42.0  457
3  63.0  410
4  32.0  357
5  64.0  445
6  18.0  383
7  44.0  489
1  68.0  233
2  41.0  350
3  44.0  399
4  38.0  291
5  56.0  361
6  47.0  330
7  41.0  401
1  79.0  333
2  55.0  435
3  33.0  274
4  34.0  471
5  53.0  333
6  37.0  395
7  24.0  423
1  62.0  397
2  55.0  383
3  52.0  481
4  81.0  271
5  50.0  368
6  37.0  437
7  32.0  377
1  54.0  452
2  33.0  388
3  49.0  504
4  60.0  419
5  59.0  309
6  58.0  371
7  43.0  482
1  50.0  463
2  30.0  255
3  60.0  350
4  31.0  664
5  47.0  461
6  75.0  211
7  20.0  536
1  82.0  92
2  22.0  381
3  66.0  465
4  43.0  334
5  33.0  450
6  50.0  480
7  16.0  416
1  38.0  503
2  65.0  325
3  56.0  217
4  68.0  454
5  27.0  347
6  67.0  416
7  56.0  328
1  55.0  491
2  61.0  362
3  54.0  319
4  24.0  319
5  23.0  442
6  54.0  421
7  42.0  339
1  84.0  292
2  54.0  233
3  69.0  327
4  34.0  322
5  33.0  557
6  55.0  358
7  55.0  403
1  42.0  363
2  50.0  382
3  60.0  334
4  29.0  512
5  51.0  466
6  53.0  478
7  15.0  547
1  52.0  486
2  75.0  392
3  49.0  271
4  37.0  522
5  62.0  398
6  38.0  266
7  54.0  524
1  50.0  372
2  67.0  469
3  65.0  343
4  80.0  287
5  54.0  313
6  48.0  428
7  41.0  463
1  58.0  370
2  62.0  417
3  48.0  389
4  57.0  379
5  55.0  447
6  32.0  452
7  49.0  421
1  72.0  246
2  26.0  172
3  54.0  323
4  30.0  499
5  68.0  392
6  27.0  391
7  25.0  513
1  66.0  148
2  41.0  400
3  69.0  372
4  33.0  483
5  38.0  346
6  48.0  511
7  41.0  505
1  42.0  286
2  38.0  502
3  43.0  305
4  21.0  221
5  35.0  528
6  14.0  604
7  57.0  447
1  45.0  551
2  78.0  293
3  52.0  257
4  42.0  311
5  47.0  461
6  59.0  331
7  39.0  501
1  59.0  330
2  55.0  326
3  88.0  278
4  62.0  402
5  50.0  503
6  56.0  420
7  53.0  523
1  40.0  274
2  59.0  348
3  49.0  548
4  80.0  315
5  58.0  464
6  68.0  385
7  16.0  549
1  46.0  445
2  41.0  473
3  35.0  550
4  55.0  419
5  44.0  190
6  58.0  471
7  32.0  508
1  53.0  276
2  15.0  345
3  41.0  344
4  44.0  403
5  52.0  267
6  30.0  528
7  65.0  396
1  40.0  473
2  39.0  324
3  54.0  415
4  77.0  364
5  67.0  319
6  23.0  500
7  21.0  331
1  53.0  416
2  58.0  400
3  58.0  457
4  46.0  397
5  37.0  475
6  53.0  357
7  34.0  369
1  6.0  362
2  44.0  358
3  35.0  494
4  56.0  320
5  53.0  342
6  44.0  454
7  48.0  408
1  65.0  354
2  18.0  393
3  62.0  285
4  32.0  340
5  68.0  390
6  47.0  415
7  40.0  426
1  67.0  306
2  64.0  359
3  67.0  342
4  66.0  410
5  33.0  511
6  43.0  346
7  23.0  545
1  23.0  594
2  65.0  387
3  33.0  377
4  56.0  450
5  29.0  323
6  80.0  354
7  50.0  348
1  59.0  278
2  75.0  402
3  29.0  386
4  54.0  341
5  37.0  412
6  51.0  461
7  32.0  571
1  36.0  483
2  23.0  338
3  19.0  235
4  40.0  262
5  42.0  551
6  70.0  338
7  37.0  383
1  55.0  453
2  27.0  345
3  61.0  396
4  57.0  274
5  87.0  243
6  42.0  528
7  17.0  422
1  58.0  486
2  53.0  382
3  31.0  269
4  38.0  210
5  47.0  327
6  37.0  524
7  53.0  455
1  49.0  374
2  37.0  314
3  52.0  405
4  23.0  403
5  66.0  399
6  42.0  376
7  43.0  515
1  65.0  383
2  42.0  548
3  28.0  269
4  16.0  423
5  42.0  439
6  45.0  569
7  13.0  443
1  42.0  163
2  45.0  246
3  62.0  377
4  23.0  447
5  67.0  375
6  41.0  414
7  41.0  520
1  23.0  139
2  35.0  348
3  41.0  367
4  53.0  412
5  41.0  505
6  55.0  426
7  30.0  475
1  42.0  320
2  82.0  154
3  55.0  328
4  60.0  436
5  56.0  461
6  41.0  475
7  28.0  555
1  61.0  368
2  50.0  462
3  58.0  418
4  60.0  407
5  52.0  369
6  74.0  374
7  29.0  417
1  30.0  564
2  39.0  440
3  34.0  423
4  29.0  462
5  58.0  374
6  19.0  298
7  39.0  402
1  42.0  508
2  26.0  291
3  43.0  508
4  67.0  395
5  35.0  481
6  49.0  311
7  28.0  570
1  59.0  413
2  50.0  255
3  38.0  399
4  45.0  437
5  52.0  496
6  51.0  459
7  36.0  480
1  51.0  430
2  64.0  356
3  61.0  357
4  53.0  444
5  41.0  328
6  17.0  377
7  57.0  439
1  16.0  317
2  36.0  290
3  55.0  439
4  61.0  406
5  47.0  377
6  66.0  380
7  41.0  413
1  52.0  348
2  35.0  412
3  35.0  341
4  51.0  413
5  34.0  396
6  43.0  523
7  33.0  426
1  22.0  517
2  61.0  406
3  44.0  251
4  54.0  383
5  38.0  298
6  33.0  352
7  31.0  514
1  58.0  497
2  64.0  341
3  67.0  455
4  42.0  459
5  45.0  383
6  28.0  614
7  32.0  539
1  87.0  207
2  50.0  268
3  61.0  270
4  39.0  308
5  75.0  348
6  51.0  468
7  33.0  488
1  37.0  277
2  43.0  411
3  33.0  461
4  39.0  411
5  23.0  365
6  17.0  407
7  20.0  342
1  61.0  434
2  43.0  221
3  61.0  411
4  29.0  481
5  50.0  402
6  67.0  425
7  70.0  371
1  55.0  312
2  44.0  489
3  38.0  502
4  28.0  334
5  72.0  413
6  51.0  433
7  43.0  500
1  70.0  327
2  31.0  231
3  50.0  347
4  25.0  479
5  41.0  364
6  71.0  359
7  60.0  377
1  64.0  409
2  53.0  338
3  33.0  371
4  34.0  297
5  48.0  518
6  47.0  397
7  57.0  375
1  56.0  461
2  68.0  310
3  64.0  380
4  82.0  341
5  77.0  330
6  29.0  408
7  36.0  498
1  69.0  451
2  35.0  435
3  32.0  453
4  69.0  363
5  45.0  428
6  36.0  512
7  32.0  447
1  23.0  389
2  33.0  194
3  18.0  391
4  50.0  287
5  57.0  228
6  67.0  293
7  42.0  246
1  39.0  469
2  51.0  448
3  93.0  272
4  51.0  409
5  29.0  399
6  39.0  434
7  21.0  354
1  30.0  466
2  48.0  242
3  20.0  265
4  25.0  346
5  14.0  488
6  34.0  541
7  55.0  394
1  64.0  315
2  13.0  403
3  50.0  398
4  38.0  589
5  50.0  522
6  76.0  271
7  82.0  281
1  79.0  261
2  69.0  370
3  52.0  485
4  56.0  411
5  32.0  343
6  37.0  412
7  59.0  375
1  70.0  314
2  54.0  325
3  56.0  177
4  47.0  401
5  38.0  295
6  54.0  381
7  37.0  431
1  41.0  654
2  57.0  296
3  68.0  271
4  57.0  386
5  49.0  368
6  45.0  190
7  67.0  414
1  46.0  479
2  18.0  249
3  44.0  351
4  37.0  417
5  50.0  409
6  23.0  408
7  43.0  490
1  34.0  569
2  38.0  438
3  29.0  355
4  41.0  323
5  64.0  375
6  62.0  469
7  53.0  422
1  55.0  347
2  53.0  468
3  39.0  208
4  50.0  330
5  39.0  215
6  35.0  443
7  39.0  506
1  54.0  421
2  50.0  361
3  55.0  434
4  36.0  422
5  48.0  447
6  37.0  375
7  54.0  519
1  55.0  444
2  54.0  537
3  24.0  330
4  36.0  301
5  56.0  320
6  38.0  301
7  43.0  520
1  67.0  262
2  54.0  459
3  37.0  352
4  28.0  352
5  60.0  353
6  29.0  432
7  57.0  478
1  75.0  381
2  45.0  456
3  58.0  436
4  35.0  468
5  34.0  462
6  61.0  396
7  33.0  502
1  53.0  329
2  42.0  460
3  70.0  315
4  63.0  328
5  41.0  446
6  41.0  379
7  32.0  468
1  75.0  327
2  52.0  387
3  46.0  451
4  41.0  357
5  29.0  718
6  29.0  583
7  37.0  445
1  33.0  284
2  63.0  339
3  70.0  247
4  46.0  496
5  44.0  446
6  38.0  512
7  61.0  462
1  71.0  447
2  31.0  420
3  49.0  460
4  54.0  374
5  22.0  571
6  45.0  403
7  39.0  463
1  62.0  371
2  84.0  301
3  45.0  399
4  61.0  510
5  59.0  276
6  59.0  388
7  32.0  379
1  52.0  491
2  55.0  418
3  13.0  382
4  36.0  387
5  70.0  340
6  39.0  467
7  37.0  269
1  27.0  487
2  65.0  464
3  19.0  339
4  32.0  333
5  62.0  321
6  32.0  348
7  62.0  415
1  51.0  434
2  52.0  369
3  89.0  279
4  41.0  582
5  29.0  409
6  55.0  516
7  63.0  503
1  34.0  263
2  43.0  435
3  56.0  377
4  40.0  289
5  49.0  291
6  39.0  381
7  32.0  480
1  43.0  252
2  54.0  364
3  48.0  409
4  59.0  318
5  30.0  496
6  51.0  521
7  55.0  394
1  52.0  308
2  60.0  346
3  52.0  337
4  67.0  256
5  28.0  283
6  54.0  367
7  35.0  533
1  69.0  310
2  38.0  436
3  59.0  336
4  76.0  324
5  73.0  262
6  54.0  409
7  17.0  433
1  44.0  415
2  79.0  323
3  36.0  561
4  19.0  355
5  26.0  415
6  46.0  281
7  34.0  445
1  37.0  408
2  75.0  297
3  12.0  220
4  55.0  441
5  36.0  356
6  46.0  448
7  40.0  461
1  41.0  431
2  26.0  353
3  68.0  314
4  30.0  453
5  45.0  441
6  46.0  473
7  45.0  388
