2  55.5  479
4  71.5  1029
6  54.166666666666664  1215
8  65.125  1826
10  59.700000000000003  2204
12  54.0  2540
14  52.5  2531
16  49.25  2937
18  55.388888888888886  3967
20  48.799999999999997  3793
2  63.5  499
4  73.0  884
6  69.5  1405
8  58.25  1845
10  56.100000000000001  2179
12  58.583333333333336  2593
14  52.785714285714285  3213
16  51.9375  3256
18  49.833333333333336  3362
20  53.200000000000003  4088
2  49.5  632
4  75.5  888
6  57.5  1633
8  58.125  1901
10  42.700000000000003  2209
12  62.333333333333336  2663
14  50.714285714285715  3092
16  48.5625  3139
18  48.277777777777779  3495
20  47.399999999999999  3703
2  61.5  530
4  46.25  1080
6  55.5  1123
8  60.75  1905
10  65.900000000000006  1848
12  58.583333333333336  2365
14  49.5  2971
16  53.5625  3132
18  51.555555555555557  3401
20  41.700000000000003  3992
2  42.0  480
4  42.5  1077
6  62.333333333333336  1482
8  53.5  2017
10  55.5  2046
12  51.5  2478
14  49.857142857142854  2760
16  54.3125  3174
18  47.777777777777779  3477
20  47.0  3583
2  67.0  555
4  63.25  759
6  55.0  1343
8  53.375  1800
10  63.0  1921
12  62.083333333333336  2322
14  51.785714285714285  3120
16  42.125  3220
18  56.666666666666664  3382
20  47.950000000000003  3698
2  65.0  568
4  62.25  771
6  67.333333333333329  1340
8  63.0  1569
10  51.5  2432
12  57.916666666666664  2813
14  57.785714285714285  2686
16  51.375  3174
18  49.944444444444443  3468
20  47.200000000000003  3495
2  40.5  484
4  77.75  669
6  58.333333333333336  1471
8  65.25  1711
10  40.700000000000003  2115
12  53.666666666666664  2143
14  51.571428571428569  2931
16  53.875  3400
18  47.388888888888886  3691
20  46.0  3549
2  54.5  432
4  83.75  659
6  61.0  1321
8  59.0  1676
10  56.899999999999999  2395
12  42.5  2602
14  43.357142857142854  2620
16  59.5  3418
18  54.777777777777779  3446
20  49.899999999999999  3563
2  62.0  729
4  70.25  989
6  59.166666666666664  1627
8  55.375  1495
10  49.100000000000001  2286
12  48.166666666666664  2591
14  49.928571428571431  2728
16  51.4375  3231
18  47.333333333333336  3697
20  43.200000000000003  4151
2  71.0  254
4  60.25  1010
6  64.166666666666671  1287
8  65.75  1859
10  52.200000000000003  1990
12  63.0  2425
14  47.571428571428569  3059
16  51.6875  3005
18  45.611111111111114  3395
20  56.25  3573
2  66.5  611
4  58.0  736
6  64.0  1142
8  61.375  2090
10  55.299999999999997  1842
12  56.5  2502
14  56.214285714285715  2655
16  42.3125  3375
18  44.611111111111114  3498
20  53.950000000000003  3662
2  53.5  662
4  75.0  920
6  55.833333333333336  1418
8  55.25  1759
10  47.299999999999997  2138
12  56.166666666666664  2581
14  61.214285714285715  2918
16  50.9375  3046
18  45.666666666666664  3516
20  48.299999999999997  4443
2  32.5  527
4  71.5  1037
6  77.333333333333329  1082
8  57.25  1843
10  50.700000000000003  2359
12  46.25  2643
14  56.857142857142854  2749
16  54.1875  3065
18  46.722222222222221  3926
20  43.75  3946
2  62.0  636
4  72.5  824
6  44.5  1595
8  57.375  1635
10  59.299999999999997  2539
12  52.666666666666664  2445
14  54.642857142857146  3376
16  49.5  3296
18  55.888888888888886  3697
20  51.350000000000001  3679
2  66.0  575
4  32.0  1183
6  61.333333333333336  1693
8  63.5  1726
10  62.700000000000003  1970
12  55.916666666666664  2328
14  54.928571428571431  3185
16  46.625  3199
18  53.611111111111114  3517
20  44.850000000000001  4015
2  63.0  597
4  35.5  1161
6  58.0  1780
8  55.875  1825
10  61.299999999999997  2198
12  56.5  2596
14  42.071428571428569  2778
16  51.8125  3459
18  54.222222222222221  3683
20  43.25  3754
2  71.0  347
4  81.25  653
6  64.333333333333329  1451
8  60.375  1894
10  53.100000000000001  2080
12  57.916666666666664  2540
14  47.285714285714285  2901
16  59.0625  3330
18  46.777777777777779  3790
20  46.549999999999997  4033
2  69.5  522
4  61.5  848
6  61.5  1530
8  46.375  1543
10  52.399999999999999  2145
12  62.5  2339
14  61.428571428571431  2701
16  44.5625  2950
18  51.333333333333336  3181
20  50.350000000000001  3624
2  39.0  539
4  47.0  1070
6  55.166666666666664  1234
8  52.125  1996
10  63.100000000000001  2075
12  63.416666666666664  2379
14  51.0  2745
16  42.9375  3076
18  44.388888888888886  3217
20  44.899999999999999  3739
2  76.0  509
4  63.25  1095
6  57.0  1391
8  60.75  1784
10  56.5  2142
12  52.666666666666664  2496
14  45.571428571428569  2720
16  48.875  2970
18  42.333333333333336  3484
20  50.450000000000003  3544
2  49.0  451
4  70.0  661
6  61.0  1658
8  70.5  1612
10  63.899999999999999  2078
12  51.666666666666664  2548
14  54.785714285714285  2884
16  49.4375  2792
18  49.333333333333336  3570
20  47.399999999999999  3906
2  71.5  537
4  81.5  639
6  61.5  1322
8  57.625  1929
10  56.600000000000001  2245
12  65.166666666666671  2657
14  43.285714285714285  2994
16  62.5  3437
18  55.944444444444443  3164
20  49.100000000000001  4335
2  52.0  620
4  67.75  717
6  56.0  1500
8  49.5  1926
10  40.399999999999999  2278
12  67.0  2424
14  58.0  2867
16  47.3125  2710
18  48.166666666666664  3434
20  46.600000000000001  3863
2  57.0  502
4  59.75  996
6  48.0  1896
8  49.875  1799
10  43.0  2129
12  51.833333333333336  2459
14  48.0  3308
16  46.75  3348
18  48.722222222222221  3310
20  48.600000000000001  3309
2  52.0  565
4  73.75  783
6  53.333333333333336  1520
8  52.0  1689
10  56.200000000000003  2008
12  53.416666666666664  2607
14  51.928571428571431  2922
16  53.25  3127
18  48.722222222222221  3685
20  45.25  4362
2  65.0  388
4  51.25  897
6  64.333333333333329  1504
8  42.625  1776
10  56.100000000000001  2387
12  55.666666666666664  2612
14  50.214285714285715  2987
16  53.875  3371
18  48.722222222222221  3587
20  44.049999999999997  4216
2  66.5  501
4  72.75  837
6  60.833333333333336  1354
8  59.125  2062
10  50.200000000000003  2358
12  53.166666666666664  2683
14  47.785714285714285  2979
16  58.8125  2929
18  39.388888888888886  3317
20  49.299999999999997  3725
2  56.5  508
4  50.75  905
6  67.166666666666671  1453
8  64.625  1694
10  53.0  2555
12  60.083333333333336  2417
14  55.714285714285715  2743
16  54.0  3090
18  52.611111111111114  3736
20  44.850000000000001  3700
2  79.0  229
4  64.0  756
6  68.5  1856
8  66.0  1505
10  55.799999999999997  2192
12  55.916666666666664  2429
14  47.5  2555
16  41.25  3459
18  51.944444444444443  3179
20  48.25  3672
2  76.0  514
4  43.25  1156
6  57.0  1352
8  61.875  1902
10  61.200000000000003  2335
12  49.083333333333336  2891
14  52.714285714285715  3131
16  57.5  2911
18  45.222222222222221  3499
20  49.350000000000001  3786
2  75.0  432
4  46.0  1151
6  71.333333333333329  1421
8  64.625  1845
10  61.0  2005
12  58.75  2735
14  45.142857142857146  2606
16  49.875  3254
18  39.611111111111114  3418
20  49.0  3681
2  58.0  501
4  66.25  832
6  68.333333333333329  1334
8  51.5  2089
10  61.899999999999999  2285
12  57.833333333333336  2362
14  44.142857142857146  2875
16  48.125  3150
18  48.444444444444443  3261
20  50.0  4152
2  82.0  344
4  69.25  693
6  66.166666666666671  1356
8  48.75  2142
10  53.600000000000001  2447
12  55.25  2723
14  53.285714285714285  2423
16  47.1875  2999
18  47.166666666666664  3433
20  49.5  3743
2  53.0  665
4  52.5  1134
6  38.833333333333336  1304
8  57.125  1538
10  54.799999999999997  2224
12  49.333333333333336  2556
14  51.285714285714285  3016
16  45.1875  2989
18  50.222222222222221  3667
20  50.700000000000003  4034
2  54.0  494
4  53.75  1105
6  59.166666666666664  1470
8  62.625  1902
10  58.100000000000001  2043
12  54.75  2564
14  49.928571428571431  2717
16  49.0  3105
18  52.388888888888886  3529
20  48.25  3864
2  72.5  498
4  50.5  1159
6  65.5  1585
8  59.125  1976
10  61.299999999999997  2124
12  63.75  2147
14  52.857142857142854  2944
16  50.8125  3406
18  49.5  3365
20  45.649999999999999  3831
2  75.0  237
4  60.25  1089
6  59.833333333333336  1495
8  54.75  1413
10  56.399999999999999  2036
12  53.333333333333336  2406
14  50.857142857142854  3205
16  55.5  3336
18  50.055555555555557  3683
20  50.600000000000001  3729
2  56.5  517
4  68.0  1176
6  58.5  1604
8  50.875  1721
10  59.299999999999997  2105
12  61.833333333333336  2590
14  40.357142857142854  2881
16  41.75  3435
18  52.833333333333336  3346
20  42.200000000000003  3535
2  63.0  414
4  65.0  824
6  44.5  1495
8  62.0  1982
10  50.600000000000001  2669
12  41.083333333333336  2832
14  53.642857142857146  2902
16  56.3125  3116
18  57.444444444444443  3385
20  45.950000000000003  3588
2  33.0  697
4  59.25  957
6  66.333333333333329  1400
8  57.25  1877
10  52.299999999999997  1947
12  46.75  2353
14  51.642857142857146  2633
16  55.6875  3063
18  54.611111111111114  3324
20  47.450000000000003  3540
2  75.5  539
4  75.25  961
6  53.5  1574
8  61.0  1661
10  50.299999999999997  2007
12  54.416666666666664  2160
14  53.5  2947
16  50.1875  3221
18  55.722222222222221  3201
20  52.850000000000001  4145
2  60.0  502
4  72.25  870
6  69.333333333333329  1348
8  59.25  1753
10  54.200000000000003  1936
12  48.5  2911
14  47.571428571428569  2911
16  52.375  3187
18  56.111111111111114  3190
20  44.399999999999999  3627
2  70.5  563
4  68.5  1018
6  53.166666666666664  1142
8  66.625  1796
10  58.100000000000001  2157
12  41.166666666666664  2628
14  56.142857142857146  2958
16  51.375  3445
18  47.833333333333336  3504
20  49.5  3556
2  68.0  365
4  53.25  1190
6  69.0  1299
8  55.75  1657
10  52.100000000000001  2296
12  49.666666666666664  2403
14  54.571428571428569  2945
16  53.0625  3378
18  47.277777777777779  3320
20  47.549999999999997  3798
2  74.0  370
4  81.5  740
6  67.166666666666671  1156
8  52.25  2363
10  49.100000000000001  2018
12  52.916666666666664  2447
14  59.071428571428569  2657
16  47.25  3221
18  50.5  3822
20  41.899999999999999  3663
2  60.0  584
4  64.0  1077
6  56.833333333333336  1452
8  59.0  1801
10  48.200000000000003  2374
12  48.166666666666664  2344
14  53.714285714285715  3144
16  56.5625  3164
18  49.277777777777779  3315
20  47.200000000000003  3969
2  65.0  375
4  56.25  725
6  56.833333333333336  933
8  50.375  1747
10  54.600000000000001  2450
12  53.166666666666664  2048
14  53.428571428571431  3221
16  51.875  3309
18  47.833333333333336  3674
20  47.950000000000003  3959
2  59.5  636
4  71.0  860
6  64.5  906
8  53.625  2176
10  62.899999999999999  2241
12  46.333333333333336  2875
14  55.0  3007
16  46.125  3449
18  52.666666666666664  3376
20  48.950000000000003  3721
2  74.0  516
4  62.5  769
6  62.666666666666664  1383
8  52.625  1810
10  57.100000000000001  2292
12  57.166666666666664  2061
14  51.142857142857146  2857
16  54.625  3356
18  50.611111111111114  3284
20  48.850000000000001  3855
2  60.5  567
4  68.5  950
6  49.833333333333336  1477
8  56.375  1841
10  54.700000000000003  2348
12  54.333333333333336  2828
14  56.142857142857146  2900
16  48.375  3245
18  58.333333333333336  3286
20  48.350000000000001  3742
2  49.5  357
4  62.0  1305
6  61.166666666666664  1231
8  65.125  1606
10  62.899999999999999  2289
12  57.166666666666664  2468
14  51.071428571428569  2944
16  47.0  2719
18  46.944444444444443  3709
20  47.450000000000003  3484
2  34.5  497
4  64.25  1050
6  55.5  1497
8  54.0  1991
10  61.0  2244
12  49.666666666666664  2260
14  45.714285714285715  2370
16  51.875  3440
18  48.666666666666664  3379
20  49.5  3891
2  60.5  530
4  59.75  762
6  64.5  1532
8  59.875  1785
10  55.100000000000001  2386
12  51.333333333333336  2271
14  53.428571428571431  2771
16  43.0  3133
18  54.611111111111114  3515
20  49.299999999999997  3883
2  48.5  617
4  50.5  835
6  59.333333333333336  1079
8  63.375  1446
10  49.299999999999997  2135
12  50.166666666666664  3013
14  59.428571428571431  2963
16  56.0  2856
18  38.0  3621
20  54.25  3815
2  47.0  452
4  53.75  1122
6  59.5  1517
8  74.25  1289
10  57.799999999999997  2418
12  43.75  2746
14  54.357142857142854  2869
16  50.875  3219
18  41.888888888888886  3808
20  45.5  3843
2  71.0  616
4  73.25  1026
6  63.333333333333336  1594
8  44.0  2243
10  57.299999999999997  2217
12  48.083333333333336  2817
14  46.428571428571431  2805
16  54.6875  3250
18  52.944444444444443  3608
20  43.399999999999999  3547
2  64.0  387
4  54.25  942
6  60.666666666666664  1191
8  62.25  1600
10  58.5  2054
12  56.666666666666664  2541
14  54.214285714285715  2987
16  50.6875  3404
18  50.277777777777779  3483
20  44.850000000000001  3683
2  68.0  459
4  75.25  845
6  58.5  1280
8  56.25  1845
10  55.299999999999997  2427
12  60.083333333333336  2268
14  57.357142857142854  3100
16  50.8125  3168
18  44.444444444444443  3856
20  46.950000000000003  3762
2  75.5  462
4  54.25  1028
6  70.166666666666671  1240
8  48.875  1303
10  55.399999999999999  2113
12  57.333333333333336  2522
14  52.714285714285715  3328
16  49.6875  3276
18  50.555555555555557  3238
20  45.350000000000001  3671
2  65.0  412
4  58.25  1194
6  61.333333333333336  1593
8  54.75  1734
10  47.399999999999999  2083
12  46.833333333333336  2475
14  57.5  2397
16  49.375  3483
18  43.777777777777779  3243
20  45.5  3741
2  69.0  589
4  60.0  1259
6  49.166666666666664  1545
8  68.625  1782
10  64.900000000000006  2277
12  55.666666666666664  2621
14  59.571428571428569  2843
16  50.125  3598
18  56.888888888888886  3481
20  45.350000000000001  3609
2  56.5  612
4  65.25  1067
6  63.833333333333336  1460
8  58.375  1581
10  52.399999999999999  1672
12  51.5  2666
14  38.428571428571431  2625
16  52.9375  2953
18  52.277777777777779  3847
20  47.799999999999997  3624
2  63.0  579
4  63.25  854
6  53.833333333333336  1764
8  55.875  1889
10  55.399999999999999  2445
12  54.5  2560
14  44.142857142857146  3106
16  51.625  3334
18  48.666666666666664  3540
20  50.899999999999999  4287
2  63.0  436
4  75.25  735
6  52.0  1540
8  54.375  1768
10  58.899999999999999  2115
12  52.5  2396
14  49.071428571428569  2715
16  55.875  3208
18  50.444444444444443  3573
20  42.350000000000001  3508
2  50.0  630
4  64.75  1127
6  69.0  1047
8  61.75  1814
10  57.299999999999997  1748
12  54.0  2345
14  61.214285714285715  2875
16  49.875  3101
18  44.888888888888886  3268
20  44.799999999999997  3848
2  61.5  463
4  64.0  930
6  67.833333333333329  1560
8  55.375  1837
10  57.200000000000003  2207
12  62.0  2599
14  46.357142857142854  3070
16  49.0  3520
18  52.611111111111114  3757
20  48.049999999999997  4112
2  63.5  518
4  62.5  1041
6  63.166666666666664  1216
8  53.625  2164
10  53.299999999999997  2123
12  61.25  2480
14  48.214285714285715  2927
16  53.1875  3315
18  51.833333333333336  3500
20  42.700000000000003  3324
2  72.0  624
4  58.75  1060
6  53.166666666666664  1320
8  55.625  1685
10  63.899999999999999  2031
12  62.333333333333336  2438
14  53.071428571428569  2726
16  50.4375  3447
18  53.055555555555557  3676
20  49.700000000000003  4071
2  79.0  243
4  75.0  864
6  60.333333333333336  1480
8  55.0  1924
10  60.299999999999997  2460
12  49.666666666666664  2586
14  50.571428571428569  2825
16  43.1875  3074
18  53.888888888888886  3534
20  42.149999999999999  4139
2  74.5  437
4  70.5  913
6  60.333333333333336  1622
8  64.375  1913
10  51.200000000000003  1974
12  47.666666666666664  2500
14  63.142857142857146  2995
16  50.9375  3042
18  43.777777777777779  3496
20  39.5  3511
2  51.0  567
4  66.25  775
6  55.5  1330
8  62.875  1487
10  62.700000000000003  1807
12  52.75  2753
14  51.0  2954
16  53.4375  3032
18  54.277777777777779  3562
20  41.549999999999997  4177
2  86.0  193
4  53.5  1108
6  73.5  1308
8  54.75  1909
10  63.5  2273
12  54.333333333333336  2551
14  49.642857142857146  3178
16  43.9375  3276
18  54.166666666666664  3361
20  41.350000000000001  3865
2  72.5  437
4  71.25  685
6  60.333333333333336  1642
8  50.5  1788
10  47.799999999999997  2715
12  51.833333333333336  2653
14  50.357142857142854  2926
16  50.8125  3530
18  44.666666666666664  3522
20  49.299999999999997  3605
2  45.5  735
4  49.5  1080
6  55.833333333333336  1464
8  55.25  2031
10  43.399999999999999  2275
12  65.666666666666671  2275
14  51.428571428571431  2963
16  47.5625  3168
18  51.0  3477
20  56.5  3920
2  61.0  507
4  51.75  1076
6  66.166666666666671  1474
8  55.75  1536
10  52.0  2462
12  54.416666666666664  2674
14  44.0  2685
16  53.6875  3231
18  50.777777777777779  3669
20  48.799999999999997  4037
2  54.0  676
4  58.0  877
6  51.166666666666664  1375
8  58.5  2272
10  47.399999999999999  1988
12  54.583333333333336  2390
14  53.071428571428569  2757
16  56.6875  3288
18  49.444444444444443  3283
20  46.549999999999997  3594
2  56.5  597
4  55.5  1136
6  59.5  1127
8  71.625  1834
10  61.799999999999997  1905
12  51.333333333333336  2425
14  53.0  2959
16  49.625  3166
18  48.166666666666664  3900
20  50.149999999999999  3888
2  63.5  510
4  68.75  736
6  67.333333333333329  1095
8  68.625  1846
10  45.399999999999999  2015
12  44.5  2484
14  50.571428571428569  3288
16  52.0625  3700
18  53.111111111111114  3410
20  42.100000000000001  3855
2  62.0  629
4  49.75  837
6  65.5  1351
8  44.5  1598
10  49.799999999999997  2205
12  46.0  2556
14  55.642857142857146  3364
16  44.375  3361
18  48.5  3810
20  40.399999999999999  4172
2  44.0  476
4  54.25  1078
6  59.833333333333336  1687
8  65.625  1705
10  64.0  2273
12  51.916666666666664  2827
14  56.428571428571431  3104
16  49.375  3392
18  50.888888888888886  3392
20  51.600000000000001  3754
2  53.0  556
4  77.0  958
6  46.166666666666664  1619
8  70.125  1541
10  53.600000000000001  2430
12  46.083333333333336  2728
14  58.142857142857146  2887
16  47.0  2668
18  53.5  3234
20  46.75  3796
2  86.0  196
4  69.5  895
6  64.666666666666671  1491
8  52.5  1755
10  54.200000000000003  2024
12  54.916666666666664  2693
14  45.785714285714285  2865
16  51.125  3223
18  49.388888888888886  3389
20  54.350000000000001  3793
2  63.5  613
4  71.25  960
6  73.166666666666671  1287
8  52.0  1905
10  65.5  2158
12  49.916666666666664  2450
14  58.928571428571431  2912
16  47.4375  3368
18  53.222222222222221  3573
20  48.049999999999997  3917
2  69.0  594
4  57.5  868
6  72.166666666666671  1190
8  45.75  1553
10  63.799999999999997  2125
12  49.25  2677
14  58.071428571428569  2788
16  47.375  3105
18  46.611111111111114  4042
20  52.600000000000001  3700
2  39.5  606
4  63.0  921
6  59.5  1051
8  60.75  1948
10  61.299999999999997  2175
12  54.916666666666664  2623
14  47.857142857142854  3106
16  43.375  3039
18  39.0  3436
20  45.549999999999997  4266
2  62.0  428
4  52.5  1061
6  55.833333333333336  1272
8  53.625  1639
10  51.600000000000001  2218
12  51.583333333333336  2762
14  54.071428571428569  2662
16  51.875  3110
18  45.055555555555557  3435
20  44.700000000000003  3508
2  64.5  294
4  56.0  1063
6  59.833333333333336  1517
8  60.625  2098
10  57.100000000000001  2188
12  57.333333333333336  3070
14  53.5  2838
16  51.3125  2666
18  50.111111111111114  3221
20  45.200000000000003  3891
2  40.5  626
4  56.25  838
6  43.5  1729
8  60.25  1592
10  42.700000000000003  2378
12  49.166666666666664  2339
14  61.714285714285715  2923
16  51.25  3677
18  47.222222222222221  3689
20  38.950000000000003  3747
2  88.0  125
4  47.75  1089
6  42.0  1438
8  49.75  1924
10  61.399999999999999  2239
12  49.833333333333336  2825
14  54.071428571428569  2452
16  48.0625  3242
18  50.277777777777779  3620
20  48.899999999999999  3840
2  67.5  561
4  70.75  972
6  59.0  1285
8  57.625  1764
10  50.899999999999999  2024
12  50.666666666666664  2670
14  53.785714285714285  3015
16  52.5  2857
18  41.166666666666664  3288
20  49.899999999999999  3619
2  56.0  689
4  66.0  961
6  60.0  1236
8  57.0  1510
10  38.899999999999999  2217
12  60.083333333333336  2492
14  52.642857142857146  2991
16  49.3125  3258
18  49.388888888888886  3412
20  47.399999999999999  3456
2  71.0  484
4  52.25  1209
6  49.666666666666664  1223
8  52.375  1747
10  56.100000000000001  2247
12  48.0  2544
14  54.714285714285715  2758
16  46.6875  3148
18  46.666666666666664  3306
20  48.100000000000001  3734
2  69.0  468
4  71.75  835
6  49.5  1762
8  68.0  1669
10  53.5  2076
12  52.916666666666664  2879
14  52.714285714285715  3191
16  56.0625  3133
18  56.833333333333336  3392
20  44.25  3869
2  80.5  362
4  36.5  1086
6  60.0  1283
8  54.125  1829
10  61.100000000000001  1924
12  55.333333333333336  2830
14  60.285714285714285  2698
16  52.0  3053
18  49.944444444444443  3628
20  47.399999999999999  3413
2  80.0  258
4  72.5  780
6  65.666666666666671  1218
8  60.75  1938
10  52.700000000000003  2258
12  61.0  2520
14  48.5  2699
16  53.375  3205
18  52.555555555555557  3430
20  46.200000000000003  3513
2  78.0  356
4  63.25  876
6  58.833333333333336  1257
8  50.0  1455
10  57.899999999999999  2066
12  55.833333333333336  2547
14  56.5  2739
16  52.5625  2910
18  58.555555555555557  3662
20  45.299999999999997  3699
2  64.5  558
4  71.75  771
6  54.333333333333336  1155
8  56.875  1735
10  49.700000000000003  2421
12  61.583333333333336  2491
14  45.214285714285715  2828
16  56.375  3169
18  52.5  3575
20  48.25  3806
2  50.5  556
4  61.5  933
6  62.333333333333336  1251
8  61.375  1969
10  37.899999999999999  2253
12  52.583333333333336  2574
14  57.285714285714285  2749
16  56.0  3240
18  47.166666666666664  3685
20  43.700000000000003  3679
2  68.5  552
4  64.0  904
6  74.666666666666671  1234
8  66.625  1496
10  57.5  2031
12  48.916666666666664  2492
14  49.714285714285715  3120
16  57.25  3313
18  51.888888888888886  3292
20  49.149999999999999  3737
