1  0.0  216
2  63.0  482
3  52.0  449
4  72.0  512
5  44.0  570
6  59.0  517
7  43.0  516
1  28.0  459
2  38.0  350
3  40.0  438
4  30.0  459
5  27.0  370
6  63.0  524
7  49.0  501
1  51.0  490
2  19.0  400
3  28.0  380
4  35.0  445
5  38.0  446
6  43.0  510
7  15.0  270
1  69.0  502
2  23.0  346
3  53.0  406
4  72.0  490
5  57.0  494
6  31.0  533
7  42.0  546
1  74.0  488
2  76.0  496
3  74.0  468
4  52.0  449
5  43.0  457
6  19.0  425
7  41.0  532
1  35.0  452
2  41.0  465
3  63.0  508
4  43.0  528
5  58.0  510
6  27.0  510
7  31.0  534
1  33.0  348
2  51.0  461
3  50.0  401
4  59.0  478
5  58.0  503
6  21.0  389
7  51.0  505
1  55.0  469
2  51.0  511
3  32.0  429
4  64.0  525
5  36.0  498
6  34.0  485
7  58.0  522
1  39.0  513
2  57.0  510
3  46.0  519
4  43.0  415
5  21.0  300
6  68.0  511
7  11.0  500
1  51.0  349
2  85.0  507
3  52.0  478
4  67.0  554
5  78.0  523
6  60.0  595
7  38.0  542
1  71.0  503
2  74.0  496
3  45.0  487
4  41.0  402
5  30.0  419
6  44.0  426
7  28.0  466
1  32.0  400
2  72.0  401
3  76.0  500
4  45.0  513
5  64.0  532
6  54.0  549
7  13.0  443
1  46.0  474
2  47.0  516
3  45.0  505
4  40.0  390
5  61.0  506
6  31.0  329
7  29.0  521
1  63.0  508
2  35.0  424
3  58.0  455
4  60.0  512
5  39.0  410
6  29.0  356
7  36.0  482
1  27.0  506
2  26.0  493
3  0.0  90
4  43.0  514
5  36.0  435
6  23.0  379
7  46.0  491
1  35.0  449
2  63.0  510
3  40.0  509
4  41.0  529
5  40.0  419
6  33.0  499
7  30.0  266
1  27.0  467
2  37.0  488
3  33.0  365
4  46.0  431
5  30.0  407
6  50.0  368
7  52.0  487
1  52.0  506
2  79.0  486
3  46.0  444
4  46.0  508
5  46.0  380
6  65.0  502
7  47.0  467
1  39.0  504
2  67.0  501
3  20.0  458
4  25.0  344
5  55.0  507
6  35.0  568
7  36.0  434
1  62.0  452
2  64.0  432
3  70.0  473
4  23.0  377
5  46.0  399
6  65.0  512
7  68.0  541
1  56.0  497
2  55.0  502
3  59.0  482
4  12.0  277
5  36.0  429
6  52.0  524
7  58.0  480
1  36.0  293
2  46.0  512
3  34.0  440
4  42.0  485
5  47.0  537
6  47.0  460
7  59.0  551
1  63.0  503
2  19.0  268
3  39.0  477
4  59.0  461
5  53.0  509
6  67.0  459
7  33.0  519
1  50.0  480
2  50.0  462
3  35.0  340
4  30.0  383
5  68.0  525
6  67.0  519
7  32.0  419
1  31.0  421
2  47.0  487
3  86.0  523
4  58.0  523
5  27.0  418
6  47.0  453
7  46.0  479
1  16.0  347
2  51.0  504
3  51.0  517
4  14.0  239
5  68.0  460
6  79.0  520
7  42.0  446
1  64.0  513
2  50.0  497
3  47.0  501
4  63.0  484
5  45.0  502
6  27.0  386
7  51.0  559
1  50.0  520
2  51.0  512
3  12.0  428
4  47.0  526
5  46.0  569
6  34.0  446
7  52.0  513
1  51.0  492
2  62.0  519
3  39.0  522
4  72.0  525
5  33.0  442
6  48.0  543
7  48.0  466
1  27.0  431
2  47.0  509
3  49.0  482
4  58.0  376
5  38.0  540
6  48.0  433
7  44.0  449
1  48.0  495
2  57.0  496
3  36.0  526
4  50.0  479
5  47.0  465
6  38.0  455
7  30.0  366
1  49.0  506
2  59.0  479
3  69.0  522
4  23.0  295
5  26.0  356
6  38.0  503
7  61.0  465
1  71.0  481
2  27.0  431
3  34.0  347
4  50.0  509
5  51.0  454
6  34.0  525
7  52.0  528
1  23.0  362
2  71.0  503
3  60.0  476
4  41.0  440
5  60.0  507
6  79.0  540
7  72.0  465
1  32.0  324
2  31.0  525
3  62.0  488
4  21.0  426
5  26.0  363
6  58.0  558
7  72.0  520
1  63.0  482
2  45.0  422
3  52.0  521
4  43.0  475
5  55.0  516
6  26.0  358
7  53.0  487
1  37.0  411
2  57.0  514
3  42.0  508
4  53.0  470
5  47.0  575
6  64.0  555
7  47.0  418
1  73.0  511
2  16.0  348
3  27.0  385
4  39.0  426
5  54.0  386
6  15.0  483
7  69.0  526
1  38.0  485
2  32.0  396
3  71.0  516
4  18.0  299
5  67.0  553
6  37.0  368
7  51.0  520
1  63.0  505
2  7.0  280
3  31.0  327
4  32.0  363
5  16.0  385
6  70.0  531
7  65.0  473
1  21.0  230
2  5.0  302
3  30.0  402
4  65.0  537
5  23.0  398
6  56.0  543
7  34.0  409
1  58.0  511
2  48.0  499
3  34.0  406
4  64.0  511
5  40.0  484
6  49.0  471
7  29.0  361
1  63.0  489
2  56.0  437
3  75.0  501
4  37.0  503
5  46.0  389
6  47.0  502
7  53.0  530
1  49.0  462
2  70.0  505
3  46.0  425
4  41.0  429
5  45.0  435
6  33.0  422
7  47.0  566
1  55.0  393
2  19.0  337
3  38.0  424
4  43.0  440
5  14.0  336
6  35.0  476
7  48.0  524
1  19.0  414
2  14.0  276
3  27.0  395
4  54.0  517
5  68.0  504
6  47.0  450
7  39.0  512
1  54.0  499
2  66.0  481
3  36.0  444
4  39.0  481
5  55.0  432
6  66.0  565
7  22.0  462
1  47.0  437
2  33.0  421
3  56.0  492
4  53.0  436
5  41.0  409
6  73.0  562
7  37.0  438
1  30.0  453
2  58.0  505
3  37.0  378
4  48.0  492
5  43.0  551
6  39.0  521
7  44.0  469
1  38.0  510
2  18.0  402
3  32.0  505
4  47.0  491
5  45.0  531
6  60.0  533
7  50.0  533
1  44.0  362
2  27.0  380
3  32.0  461
4  61.0  522
5  16.0  340
6  41.0  511
7  51.0  538
1  59.0  425
2  56.0  434
3  79.0  522
4  61.0  514
5  54.0  514
6  48.0  584
7  31.0  469
1  37.0  512
2  28.0  466
3  30.0  505
4  38.0  462
5  67.0  535
6  54.0  463
7  19.0  381
1  11.0  329
2  49.0  440
3  85.0  511
4  54.0  513
5  58.0  516
6  48.0  499
7  38.0  454
1  17.0  384
2  34.0  416
3  28.0  460
4  70.0  458
5  62.0  511
6  71.0  508
7  47.0  440
1  46.0  414
2  45.0  501
3  48.0  497
4  61.0  562
5  74.0  520
6  61.0  516
7  28.0  412
1  72.0  500
2  28.0  393
3  38.0  371
4  28.0  419
5  48.0  516
6  48.0  446
7  45.0  486
1  60.0  508
2  88.0  500
3  7.0  308
4  47.0  424
5  58.0  572
6  49.0  521
7  18.0  327
1  22.0  514
2  75.0  503
3  60.0  516
4  36.0  510
5  63.0  547
6  45.0  477
7  31.0  461
1  73.0  484
2  49.0  384
3  33.0  421
4  34.0  359
5  65.0  526
6  46.0  457
7  55.0  569
1  25.0  473
2  64.0  518
3  44.0  404
4  38.0  458
5  29.0  337
6  29.0  319
7  58.0  513
1  50.0  506
2  0.0  228
3  62.0  512
4  45.0  513
5  74.0  573
6  51.0  486
7  52.0  521
1  44.0  503
2  30.0  342
3  25.0  311
4  31.0  448
5  46.0  371
6  80.0  486
7  65.0  558
1  36.0  499
2  35.0  389
3  20.0  453
4  17.0  275
5  40.0  361
6  38.0  442
7  65.0  538
1  69.0  504
2  54.0  485
3  4.0  333
4  58.0  502
5  35.0  538
6  52.0  511
7  67.0  535
1  57.0  493
2  13.0  508
3  37.0  483
4  22.0  344
5  44.0  420
6  26.0  397
7  41.0  437
1  55.0  509
2  22.0  307
3  46.0  478
4  51.0  529
5  55.0  500
6  49.0  513
7  59.0  509
1  17.0  355
2  56.0  442
3  21.0  278
4  31.0  461
5  42.0  466
6  38.0  509
7  35.0  476
1  55.0  470
2  17.0  278
3  63.0  444
4  75.0  491
5  33.0  455
6  53.0  446
7  34.0  428
1  39.0  496
2  51.0  449
3  44.0  492
4  29.0  504
5  56.0  539
6  67.0  482
7  56.0  429
1  22.0  391
2  73.0  509
3  68.0  493
4  59.0  476
5  29.0  471
6  28.0  378
7  53.0  422
1  55.0  501
2  41.0  470
3  71.0  497
4  43.0  527
5  53.0  571
6  37.0  407
7  58.0  505
1  2.0  369
2  70.0  485
3  27.0  293
4  82.0  529
5  23.0  475
6  48.0  394
7  40.0  464
1  27.0  512
2  59.0  411
3  85.0  526
4  54.0  524
5  44.0  507
6  23.0  472
7  47.0  459
1  60.0  490
2  22.0  373
3  74.0  511
4  37.0  479
5  33.0  452
6  44.0  439
7  65.0  531
1  38.0  509
2  49.0  489
3  39.0  480
4  88.0  514
5  26.0  375
6  46.0  499
7  37.0  539
1  66.0  451
2  51.0  453
3  34.0  377
4  68.0  524
5  40.0  445
6  52.0  458
7  63.0  586
1  51.0  500
2  17.0  367
3  57.0  516
4  67.0  526
5  36.0  446
6  73.0  526
7  31.0  560
1  50.0  468
2  43.0  498
3  42.0  353
4  50.0  509
5  46.0  540
6  54.0  465
7  59.0  493
1  53.0  517
2  37.0  499
3  27.0  422
4  44.0  484
5  77.0  537
6  44.0  525
7  19.0  436
1  65.0  424
2  65.0  517
3  65.0  532
4  16.0  436
5  41.0  494
6  34.0  465
7  15.0  448
1  65.0  463
2  54.0  353
3  47.0  488
4  63.0  505
5  58.0  475
6  47.0  475
7  51.0  523
1  77.0  510
2  60.0  414
3  36.0  350
4  70.0  519
5  17.0  404
6  50.0  455
7  51.0  449
1  60.0  467
2  47.0  470
3  74.0  500
4  46.0  522
5  40.0  386
6  31.0  448
7  51.0  493
1  46.0  483
2  60.0  504
3  6.0  272
4  19.0  362
5  35.0  424
6  28.0  542
7  36.0  499
1  38.0  311
2  46.0  472
3  66.0  503
4  41.0  359
5  66.0  533
6  46.0  504
7  41.0  535
1  80.0  508
2  29.0  306
3  36.0  476
4  60.0  508
5  68.0  456
6  36.0  432
7  41.0  450
1  60.0  460
2  23.0  464
3  66.0  427
4  60.0  468
5  46.0  525
6  78.0  523
7  54.0  459
1  69.0  479
2  47.0  435
3  56.0  534
4  66.0  509
5  26.0  471
6  45.0  568
7  36.0  571
1  54.0  498
2  81.0  508
3  53.0  454
4  41.0  467
5  31.0  481
6  47.0  479
7  47.0  456
1  75.0  510
2  46.0  428
3  95.0  501
4  54.0  509
5  61.0  556
6  42.0  507
7  40.0  476
1  83.0  504
2  50.0  484
3  69.0  539
4  69.0  472
5  58.0  473
6  31.0  456
7  21.0  368
1  86.0  511
2  64.0  494
3  14.0  346
4  37.0  406
5  54.0  458
6  50.0  498
7  37.0  503
1  27.0  500
2  68.0  490
3  45.0  497
4  12.0  391
5  61.0  455
6  32.0  489
7  29.0  397
1  36.0  467
2  54.0  493
3  39.0  456
4  50.0  515
5  61.0  561
6  54.0  487
7  54.0  568
1  36.0  375
2  48.0  461
3  35.0  365
4  45.0  543
5  50.0  462
6  26.0  453
7  41.0  571
1  28.0  407
2  32.0  290
3  90.0  504
4  35.0  409
5  76.0  425
6  25.0  554
7  44.0  539
1  31.0  351
2  64.0  511
3  75.0  496
4  33.0  384
5  83.0  517
6  53.0  483
7  34.0  492
1  51.0  480
2  36.0  433
3  56.0  443
4  58.0  505
5  64.0  488
6  59.0  550
7  42.0  429
1  19.0  448
2  80.0  499
3  74.0  518
4  62.0  465
5  51.0  507
6  56.0  500
7  69.0  536
