1  56.0  359
2  77.0  288
3  42.0  254
4  42.0  375
5  50.0  419
6  61.0  470
7  38.0  585
1  36.0  378
2  31.0  151
3  49.0  392
4  46.0  367
5  60.0  348
6  33.0  414
7  43.0  342
1  35.0  534
2  61.0  436
3  46.0  366
4  38.0  417
5  34.0  387
6  25.0  372
7  34.0  498
1  85.0  269
2  29.0  588
3  44.0  424
4  44.0  512
5  66.0  372
6  41.0  409
7  57.0  399
1  40.0  526
2  45.0  532
3  42.0  361
4  54.0  469
5  58.0  404
6  18.0  216
7  46.0  460
1  0.0  360
2  70.0  358
3  37.0  366
4  41.0  366
5  51.0  320
6  56.0  446
7  26.0  334
1  66.0  343
2  33.0  187
3  37.0  570
4  43.0  320
5  56.0  404
6  58.0  324
7  64.0  353
1  21.0  281
2  14.0  367
3  67.0  326
4  48.0  256
5  42.0  395
6  48.0  384
7  44.0  463
1  66.0  418
2  52.0  374
3  57.0  360
4  32.0  540
5  2.0  277
6  50.0  421
7  24.0  424
1  11.0  211
2  68.0  244
3  41.0  366
4  50.0  368
5  50.0  405
6  41.0  335
7  48.0  353
1  22.0  673
2  35.0  386
3  61.0  440
4  40.0  356
5  24.0  495
6  22.0  500
7  19.0  581
1  92.0  245
2  95.0  249
3  48.0  437
4  63.0  309
5  40.0  416
6  49.0  377
7  48.0  441
1  53.0  323
2  46.0  463
3  31.0  625
4  61.0  356
5  52.0  501
6  30.0  472
7  46.0  399
1  44.0  259
2  43.0  435
3  33.0  289
4  61.0  400
5  19.0  421
6  32.0  419
7  44.0  497
1  39.0  360
2  48.0  575
3  64.0  464
4  35.0  361
5  27.0  664
6  45.0  435
7  42.0  315
1  18.0  258
2  19.0  200
3  33.0  279
4  57.0  371
5  32.0  580
6  37.0  456
7  17.0  577
1  12.0  310
2  76.0  426
3  76.0  311
4  41.0  221
5  64.0  344
6  15.0  285
7  49.0  420
1  38.0  407
2  47.0  338
3  54.0  356
4  51.0  427
5  43.0  391
6  25.0  357
7  13.0  241
1  66.0  324
2  35.0  371
3  27.0  408
4  53.0  441
5  57.0  416
6  24.0  283
7  35.0  389
1  58.0  328
2  48.0  393
3  61.0  409
4  65.0  346
5  24.0  375
6  45.0  284
7  65.0  250
1  23.0  399
2  13.0  324
3  61.0  315
4  33.0  372
5  61.0  329
6  60.0  427
7  35.0  613
1  49.0  467
2  59.0  367
3  22.0  479
4  40.0  561
5  43.0  321
6  53.0  457
7  51.0  467
1  66.0  320
2  29.0  601
3  42.0  313
4  43.0  354
5  67.0  340
6  24.0  344
7  49.0  459
1  31.0  347
2  45.0  365
3  57.0  437
4  14.0  688
5  55.0  457
6  39.0  384
7  23.0  246
1  39.0  476
2  15.0  400
3  67.0  321
4  19.0  617
5  53.0  477
6  44.0  353
7  39.0  405
1  26.0  272
2  60.0  337
3  48.0  356
4  7.0  340
5  34.0  506
6  31.0  416
7  38.0  442
1  26.0  310
2  58.0  364
3  73.0  356
4  42.0  478
5  44.0  296
6  20.0  357
7  24.0  484
1  40.0  495
2  38.0  483
3  41.0  618
4  89.0  305
5  41.0  274
6  15.0  412
7  25.0  302
1  41.0  496
2  48.0  380
3  49.0  398
4  39.0  354
5  27.0  281
6  9.0  487
7  32.0  347
1  35.0  617
2  24.0  284
3  21.0  297
4  38.0  443
5  48.0  300
6  29.0  452
7  28.0  527
1  51.0  483
2  63.0  293
3  28.0  702
4  21.0  472
5  33.0  377
6  59.0  404
7  31.0  460
1  51.0  307
2  74.0  324
3  31.0  433
4  28.0  347
5  35.0  549
6  22.0  647
7  67.0  389
1  66.0  445
2  58.0  382
3  45.0  499
4  53.0  257
5  62.0  476
6  69.0  357
7  43.0  520
1  1.0  295
2  34.0  527
3  44.0  359
4  37.0  485
5  55.0  314
6  43.0  380
7  41.0  514
1  20.0  388
2  35.0  529
3  65.0  374
4  62.0  391
5  74.0  402
6  22.0  318
7  38.0  499
1  33.0  737
2  47.0  286
3  25.0  467
4  37.0  286
5  39.0  506
6  52.0  325
7  30.0  314
1  26.0  562
2  67.0  297
3  46.0  354
4  52.0  446
5  64.0  378
6  26.0  465
7  30.0  456
1  26.0  398
2  87.0  340
3  85.0  303
4  34.0  304
5  23.0  591
6  17.0  566
7  61.0  370
1  13.0  225
2  33.0  395
3  35.0  422
4  31.0  422
5  43.0  506
6  21.0  443
7  51.0  514
1  70.0  296
2  55.0  364
3  25.0  532
4  45.0  347
5  64.0  368
6  31.0  241
7  25.0  334
1  39.0  452
2  16.0  273
3  51.0  458
4  49.0  283
5  45.0  450
6  29.0  351
7  44.0  485
1  48.0  284
2  53.0  475
3  61.0  401
4  26.0  290
5  47.0  508
6  22.0  483
7  34.0  357
1  60.0  409
2  44.0  254
3  42.0  315
4  51.0  380
5  56.0  368
6  36.0  333
7  53.0  336
1  73.0  296
2  19.0  420
3  36.0  617
4  49.0  386
5  55.0  481
6  40.0  325
7  25.0  284
1  57.0  447
2  45.0  562
3  45.0  389
4  52.0  305
5  57.0  426
6  46.0  515
7  29.0  468
1  86.0  298
2  35.0  398
3  49.0  384
4  38.0  437
5  49.0  398
6  40.0  486
7  52.0  389
1  35.0  422
2  46.0  420
3  46.0  391
4  70.0  513
5  54.0  494
6  76.0  392
7  52.0  418
1  7.0  241
2  78.0  320
3  40.0  386
4  34.0  363
5  27.0  351
6  49.0  460
7  50.0  452
1  84.0  279
2  28.0  576
3  43.0  454
4  42.0  442
5  73.0  376
6  28.0  395
7  19.0  271
1  39.0  388
2  77.0  407
3  36.0  366
4  55.0  507
5  59.0  415
6  49.0  431
7  39.0  441
1  67.0  357
2  28.0  273
3  58.0  463
4  77.0  374
5  11.0  246
6  51.0  432
7  32.0  360
1  0.0  311
2  78.0  366
3  49.0  256
4  41.0  483
5  34.0  305
6  63.0  410
7  48.0  360
1  80.0  339
2  60.0  454
3  36.0  376
4  53.0  490
5  44.0  289
6  62.0  408
7  29.0  438
1  47.0  488
2  79.0  237
3  71.0  345
4  53.0  424
5  42.0  331
6  25.0  469
7  24.0  481
1  27.0  417
2  41.0  464
3  58.0  399
4  48.0  483
5  41.0  509
6  48.0  419
7  45.0  375
1  71.0  320
2  1.0  257
3  64.0  462
4  48.0  475
5  15.0  204
6  41.0  412
7  27.0  488
1  18.0  423
2  62.0  449
3  55.0  394
4  34.0  493
5  19.0  422
6  27.0  383
7  26.0  391
1  54.0  398
2  53.0  472
3  15.0  189
4  46.0  587
5  36.0  594
6  18.0  418
7  54.0  530
1  58.0  321
2  4.0  203
3  61.0  459
4  60.0  362
5  66.0  363
6  12.0  231
7  65.0  394
1  18.0  408
2  31.0  309
3  40.0  402
4  44.0  463
5  50.0  345
6  31.0  464
7  46.0  426
1  34.0  579
2  54.0  351
3  62.0  322
4  41.0  375
5  28.0  354
6  54.0  270
7  29.0  345
1  68.0  327
2  58.0  411
3  27.0  356
4  35.0  380
5  50.0  354
6  33.0  216
7  57.0  381
1  29.0  479
2  36.0  308
3  59.0  301
4  53.0  452
5  46.0  486
6  47.0  369
7  21.0  596
1  57.0  480
2  26.0  272
3  60.0  364
4  50.0  404
5  32.0  598
6  9.0  351
7  31.0  643
1  42.0  452
2  9.0  407
3  59.0  272
4  66.0  338
5  30.0  456
6  55.0  347
7  25.0  444
1  10.0  551
2  29.0  555
3  59.0  386
4  26.0  366
5  42.0  402
6  38.0  491
7  62.0  391
1  86.0  294
2  52.0  460
3  20.0  432
4  83.0  328
5  71.0  309
6  39.0  414
7  53.0  358
1  32.0  598
2  21.0  214
3  52.0  530
4  66.0  334
5  46.0  397
6  80.0  344
7  18.0  338
1  36.0  452
2  52.0  379
3  68.0  332
4  28.0  395
5  34.0  430
6  46.0  510
7  48.0  452
1  13.0  400
2  78.0  385
3  38.0  538
4  53.0  424
5  42.0  450
6  43.0  404
7  49.0  443
1  27.0  532
2  54.0  420
3  59.0  272
4  48.0  285
5  55.0  470
6  35.0  433
7  36.0  409
1  37.0  344
2  29.0  367
3  40.0  668
4  18.0  389
5  33.0  340
6  31.0  474
7  50.0  549
1  32.0  501
2  60.0  435
3  26.0  258
4  23.0  325
5  51.0  331
6  41.0  294
7  30.0  479
1  70.0  365
2  80.0  359
3  43.0  421
4  36.0  300
5  42.0  399
6  61.0  465
7  49.0  406
1  40.0  304
2  58.0  358
3  50.0  518
4  17.0  318
5  36.0  269
6  55.0  442
7  66.0  315
1  63.0  408
2  67.0  441
3  23.0  482
4  49.0  396
5  68.0  294
6  46.0  315
7  25.0  553
1  22.0  507
2  47.0  404
3  48.0  449
4  60.0  386
5  53.0  462
6  47.0  384
7  14.0  479
1  64.0  425
2  34.0  489
3  44.0  414
4  38.0  354
5  48.0  438
6  36.0  409
7  50.0  339
1  12.0  405
2  64.0  440
3  42.0  284
4  36.0  322
5  28.0  259
6  44.0  488
7  33.0  529
1  27.0  376
2  52.0  501
3  69.0  375
4  45.0  421
5  15.0  269
6  47.0  419
7  31.0  484
1  27.0  494
2  33.0  401
3  58.0  436
4  27.0  236
5  61.0  369
6  52.0  467
7  29.0  334
1  50.0  503
2  42.0  350
3  78.0  323
4  67.0  370
5  16.0  366
6  50.0  503
7  33.0  420
1  51.0  421
2  71.0  357
3  53.0  525
4  47.0  473
5  60.0  418
6  48.0  505
7  76.0  232
1  80.0  269
2  56.0  418
3  53.0  452
4  41.0  409
5  21.0  287
6  33.0  406
7  74.0  338
1  40.0  392
2  40.0  412
3  57.0  442
4  56.0  440
5  48.0  355
6  34.0  512
7  44.0  535
1  88.0  322
2  48.0  517
3  39.0  299
4  1.0  389
5  71.0  324
6  29.0  441
7  59.0  382
1  9.0  452
2  26.0  358
3  66.0  408
4  13.0  404
5  22.0  350
6  35.0  531
7  24.0  586
1  17.0  317
2  68.0  254
3  43.0  318
4  48.0  346
5  21.0  406
6  59.0  364
7  41.0  319
1  43.0  474
2  79.0  320
3  54.0  444
4  56.0  279
5  60.0  397
6  44.0  413
7  53.0  342
1  69.0  532
2  48.0  349
3  58.0  383
4  42.0  434
5  38.0  460
6  58.0  402
7  26.0  466
1  57.0  380
2  69.0  367
3  40.0  385
4  42.0  419
5  27.0  411
6  45.0  541
7  34.0  494
1  75.0  382
2  73.0  391
3  51.0  512
4  33.0  387
5  50.0  523
6  25.0  387
7  36.0  499
1  35.0  614
2  36.0  577
3  58.0  291
4  75.0  366
5  26.0  572
6  59.0  376
7  21.0  463
1  91.0  265
2  48.0  548
3  39.0  542
4  50.0  283
5  31.0  445
6  46.0  417
7  40.0  487
1  33.0  485
2  32.0  354
3  55.0  421
4  41.0  324
5  22.0  276
6  19.0  575
7  18.0  492
1  66.0  329
2  37.0  227
3  34.0  488
4  42.0  459
5  25.0  382
6  18.0  302
7  20.0  503
1  41.0  390
2  45.0  225
3  58.0  463
4  29.0  478
5  72.0  355
6  22.0  546
7  26.0  438
1  24.0  441
2  40.0  415
3  52.0  340
4  41.0  398
5  51.0  416
6  38.0  323
7  35.0  280
1  15.0  484
2  11.0  243
3  34.0  417
4  28.0  386
5  63.0  253
6  47.0  450
7  18.0  571
1  56.0  465
2  27.0  676
3  62.0  266
4  51.0  365
5  27.0  412
6  59.0  351
7  30.0  543
