1  90.0  145
2  76.0  253
3  70.0  307
4  32.0  424
5  71.0  283
6  30.0  416
7  49.0  390
1  77.0  133
2  29.0  491
3  76.0  179
4  67.0  236
5  29.0  399
6  65.0  279
7  77.0  298
1  84.0  66
2  89.0  142
3  42.0  257
4  77.0  114
5  59.0  259
6  37.0  495
7  38.0  357
1  68.0  191
2  97.0  29
3  77.0  139
4  81.0  175
5  62.0  324
6  53.0  358
7  34.0  404
1  97.0  53
2  79.0  213
3  60.0  392
4  74.0  257
5  46.0  337
6  55.0  353
7  36.0  515
1  68.0  118
2  32.0  423
3  50.0  223
4  81.0  142
5  44.0  257
6  54.0  339
7  54.0  365
1  97.0  35
2  62.0  254
3  42.0  365
4  75.0  156
5  68.0  214
6  50.0  240
7  67.0  320
1  79.0  115
2  78.0  195
3  82.0  188
4  54.0  343
5  57.0  357
6  25.0  286
7  57.0  299
1  97.0  47
2  85.0  179
3  94.0  59
4  65.0  174
5  29.0  311
6  72.0  318
7  35.0  482
1  97.0  62
2  84.0  168
3  67.0  326
4  44.0  377
5  47.0  286
6  49.0  364
7  44.0  388
1  97.0  69
2  33.0  437
3  93.0  106
4  77.0  222
5  44.0  432
6  70.0  291
7  50.0  518
1  84.0  66
2  97.0  38
3  72.0  234
4  42.0  180
5  52.0  245
6  43.0  331
7  31.0  422
1  97.0  66
2  89.0  187
3  93.0  102
4  52.0  288
5  56.0  182
6  51.0  460
7  73.0  323
1  89.0  188
2  78.0  187
3  84.0  215
4  86.0  183
5  50.0  396
6  68.0  156
7  52.0  237
1  85.0  95
2  64.0  338
3  85.0  280
4  49.0  341
5  41.0  249
6  18.0  354
7  44.0  391
1  94.0  62
2  69.0  291
3  63.0  338
4  65.0  351
5  34.0  472
6  61.0  396
7  31.0  475
1  97.0  68
2  90.0  87
3  68.0  244
4  71.0  205
5  23.0  309
6  37.0  432
7  86.0  150
1  70.0  339
2  97.0  27
3  87.0  240
4  38.0  280
5  59.0  360
6  42.0  407
7  69.0  364
1  85.0  61
2  75.0  231
3  70.0  211
4  33.0  430
5  58.0  416
6  49.0  397
7  61.0  256
1  54.0  239
2  85.0  164
3  58.0  238
4  68.0  412
5  83.0  281
6  24.0  312
7  47.0  491
1  40.0  322
2  50.0  231
3  77.0  271
4  68.0  179
5  40.0  251
6  62.0  349
7  39.0  310
1  95.0  43
2  85.0  190
3  55.0  326
4  94.0  115
5  14.0  149
6  56.0  358
7  71.0  288
1  97.0  19
2  77.0  67
3  66.0  92
4  37.0  246
5  39.0  452
6  57.0  368
7  29.0  379
1  16.0  218
2  56.0  230
3  71.0  182
4  73.0  153
5  55.0  365
6  20.0  365
7  32.0  541
1  97.0  62
2  87.0  213
3  72.0  333
4  75.0  327
5  80.0  265
6  78.0  251
7  15.0  491
1  97.0  85
2  64.0  254
3  73.0  277
4  80.0  231
5  72.0  265
6  64.0  338
7  21.0  445
1  85.0  99
2  55.0  211
3  89.0  151
4  61.0  222
5  70.0  306
6  86.0  101
7  39.0  334
1  97.0  58
2  54.0  408
3  51.0  435
4  49.0  230
5  39.0  396
6  97.0  55
7  38.0  300
1  75.0  239
2  65.0  288
3  66.0  253
4  47.0  185
5  64.0  194
6  34.0  403
7  43.0  315
1  91.0  241
2  71.0  236
3  91.0  62
4  77.0  220
5  52.0  308
6  54.0  224
7  59.0  371
1  94.0  124
2  74.0  198
3  29.0  269
4  45.0  266
5  51.0  233
6  45.0  331
7  33.0  365
1  92.0  83
2  88.0  115
3  55.0  316
4  78.0  207
5  64.0  194
6  53.0  276
7  30.0  434
1  53.0  387
2  53.0  288
3  52.0  239
4  77.0  278
5  59.0  350
6  24.0  339
7  59.0  356
1  72.0  267
2  63.0  258
3  55.0  174
4  49.0  194
5  80.0  80
6  37.0  461
7  42.0  320
1  56.0  123
2  43.0  234
3  62.0  341
4  69.0  272
5  48.0  317
6  77.0  289
7  43.0  221
1  94.0  56
2  57.0  172
3  35.0  334
4  48.0  446
5  53.0  300
6  54.0  243
7  45.0  335
1  93.0  11
2  76.0  204
3  32.0  381
4  67.0  221
5  66.0  357
6  54.0  423
7  56.0  283
1  91.0  0
2  74.0  174
3  33.0  302
4  36.0  485
5  59.0  383
6  32.0  314
7  60.0  201
1  83.0  70
2  64.0  257
3  46.0  277
4  76.0  323
5  55.0  334
6  52.0  379
7  38.0  316
1  83.0  228
2  81.0  154
3  75.0  227
4  58.0  210
5  57.0  294
6  35.0  362
7  34.0  529
1  65.0  119
2  60.0  212
3  61.0  121
4  82.0  247
5  34.0  429
6  37.0  388
7  29.0  426
1  82.0  262
2  86.0  219
3  85.0  113
4  85.0  199
5  82.0  204
6  44.0  403
7  46.0  431
1  57.0  199
2  46.0  226
3  57.0  318
4  82.0  113
5  54.0  378
6  31.0  223
7  50.0  246
1  72.0  375
2  43.0  426
3  81.0  161
4  66.0  166
5  44.0  455
6  50.0  465
7  42.0  334
1  75.0  152
2  94.0  93
3  93.0  91
4  85.0  235
5  52.0  403
6  42.0  390
7  74.0  303
1  76.0  308
2  14.0  369
3  94.0  101
4  63.0  329
5  88.0  128
6  62.0  291
7  56.0  245
1  93.0  33
2  90.0  163
3  58.0  311
4  97.0  35
5  50.0  328
6  70.0  237
7  39.0  337
1  60.0  333
2  73.0  336
3  59.0  217
4  42.0  330
5  64.0  226
6  54.0  264
7  30.0  305
1  97.0  52
2  83.0  130
3  82.0  162
4  60.0  453
5  74.0  140
6  65.0  232
7  36.0  438
1  46.0  329
2  45.0  397
3  58.0  149
4  60.0  401
5  71.0  362
6  16.0  259
7  31.0  316
1  97.0  49
2  94.0  140
3  57.0  315
4  43.0  433
5  55.0  350
6  62.0  266
7  42.0  376
1  52.0  292
2  78.0  165
3  91.0  104
4  65.0  349
5  23.0  281
6  85.0  233
7  71.0  285
1  48.0  126
2  85.0  223
3  62.0  127
4  51.0  300
5  61.0  353
6  45.0  231
7  72.0  240
1  94.0  83
2  81.0  156
3  41.0  335
4  39.0  312
5  39.0  326
6  55.0  235
7  52.0  457
1  91.0  119
2  80.0  224
3  53.0  276
4  40.0  353
5  78.0  187
6  86.0  244
7  64.0  140
1  61.0  315
2  58.0  331
3  91.0  145
4  86.0  102
5  67.0  232
6  78.0  343
7  41.0  326
1  80.0  93
2  77.0  132
3  66.0  226
4  53.0  291
5  73.0  245
6  80.0  303
7  66.0  417
1  76.0  249
2  97.0  164
3  72.0  258
4  52.0  251
5  54.0  283
6  59.0  263
7  65.0  305
1  32.0  441
2  72.0  203
3  58.0  113
4  59.0  225
5  37.0  376
6  61.0  270
7  49.0  264
1  94.0  57
2  89.0  109
3  82.0  99
4  65.0  266
5  80.0  178
6  55.0  450
7  61.0  306
1  87.0  76
2  83.0  234
3  59.0  362
4  56.0  395
5  66.0  257
6  54.0  301
7  86.0  155
1  58.0  430
2  64.0  315
3  75.0  248
4  75.0  295
5  62.0  268
6  47.0  347
7  87.0  151
1  96.0  53
2  64.0  360
3  78.0  231
4  57.0  301
5  31.0  384
6  73.0  229
7  27.0  342
1  72.0  54
2  72.0  237
3  68.0  226
4  53.0  274
5  55.0  251
6  44.0  328
7  39.0  440
1  83.0  236
2  86.0  193
3  76.0  314
4  39.0  461
5  31.0  428
6  71.0  224
7  71.0  296
1  86.0  184
2  97.0  39
3  69.0  182
4  51.0  286
5  79.0  247
6  58.0  257
7  42.0  425
1  69.0  332
2  51.0  250
3  63.0  231
4  97.0  16
5  37.0  215
6  62.0  281
7  45.0  349
1  97.0  36
2  52.0  189
3  68.0  101
4  86.0  154
5  74.0  239
6  68.0  299
7  51.0  377
1  97.0  62
2  81.0  294
3  76.0  93
4  39.0  173
5  57.0  338
6  80.0  263
7  67.0  259
1  68.0  349
2  97.0  69
3  78.0  169
4  69.0  290
5  55.0  318
6  45.0  355
7  25.0  298
1  97.0  71
2  46.0  294
3  25.0  210
4  56.0  187
5  91.0  69
6  84.0  171
7  45.0  304
1  93.0  79
2  80.0  191
3  61.0  170
4  77.0  164
5  48.0  408
6  54.0  380
7  32.0  361
1  95.0  7
2  80.0  196
3  73.0  294
4  69.0  256
5  66.0  245
6  38.0  409
7  41.0  249
1  6.0  285
2  50.0  223
3  85.0  254
4  77.0  337
5  52.0  395
6  32.0  434
7  31.0  477
1  74.0  281
2  53.0  172
3  70.0  221
4  61.0  368
5  49.0  334
6  35.0  170
7  40.0  459
1  71.0  188
2  38.0  409
3  67.0  301
4  61.0  325
5  56.0  440
6  57.0  248
7  78.0  217
1  36.0  520
2  35.0  279
3  92.0  126
4  40.0  313
5  66.0  292
6  46.0  331
7  28.0  458
1  5.0  139
2  93.0  114
3  78.0  218
4  73.0  292
5  74.0  90
6  31.0  441
7  75.0  224
1  96.0  118
2  75.0  231
3  71.0  325
4  88.0  179
5  30.0  341
6  62.0  421
7  36.0  406
1  60.0  331
2  34.0  320
3  70.0  216
4  68.0  279
5  79.0  280
6  65.0  271
7  28.0  504
1  83.0  215
2  39.0  452
3  44.0  231
4  58.0  339
5  74.0  120
6  45.0  450
7  28.0  486
1  90.0  145
2  90.0  167
3  46.0  332
4  85.0  193
5  63.0  309
6  55.0  161
7  50.0  239
1  83.0  94
2  76.0  112
3  83.0  206
4  49.0  333
5  48.0  415
6  43.0  436
7  37.0  359
1  97.0  48
2  73.0  272
3  80.0  161
4  74.0  63
5  41.0  284
6  59.0  418
7  48.0  320
1  96.0  30
2  83.0  176
3  48.0  338
4  65.0  251
5  66.0  312
6  59.0  314
7  56.0  404
1  97.0  112
2  32.0  353
3  84.0  223
4  58.0  183
5  81.0  124
6  28.0  337
7  40.0  409
1  86.0  165
2  19.0  239
3  54.0  286
4  24.0  461
5  80.0  288
6  59.0  417
7  44.0  428
1  92.0  72
2  83.0  150
3  79.0  236
4  93.0  77
5  66.0  169
6  65.0  302
7  54.0  326
1  76.0  183
2  58.0  358
3  47.0  210
4  48.0  369
5  50.0  295
6  44.0  303
7  57.0  329
1  52.0  238
2  90.0  127
3  46.0  332
4  84.0  235
5  66.0  294
6  23.0  351
7  17.0  457
1  97.0  48
2  20.0  311
3  45.0  358
4  30.0  387
5  27.0  363
6  58.0  480
7  53.0  255
1  51.0  336
2  95.0  56
3  89.0  203
4  93.0  84
5  58.0  381
6  35.0  340
7  47.0  419
1  79.0  190
2  83.0  171
3  42.0  217
4  61.0  238
5  78.0  329
6  58.0  72
7  87.0  150
1  86.0  106
2  51.0  556
3  87.0  222
4  37.0  422
5  74.0  239
6  95.0  106
7  46.0  259
1  80.0  226
2  60.0  407
3  67.0  339
4  34.0  250
5  49.0  262
6  58.0  368
7  43.0  392
1  97.0  38
2  66.0  162
3  73.0  239
4  96.0  126
5  35.0  313
6  79.0  233
7  39.0  452
1  97.0  43
2  96.0  60
3  77.0  353
4  71.0  239
5  68.0  286
6  70.0  219
7  86.0  255
1  92.0  26
2  88.0  93
3  56.0  356
4  67.0  143
5  68.0  262
6  43.0  383
7  87.0  139
1  37.0  203
2  97.0  36
3  77.0  227
4  74.0  300
5  29.0  331
6  48.0  406
7  42.0  535
1  97.0  75
2  97.0  46
3  74.0  249
4  83.0  221
5  66.0  281
6  33.0  463
7  36.0  468
