1  47.0  468
2  65.0  537
3  25.0  377
4  54.0  561
5  52.0  486
6  25.0  477
7  37.0  462
1  51.0  489
2  49.0  535
3  48.0  506
4  49.0  518
5  41.0  485
6  45.0  373
7  39.0  598
1  51.0  517
2  12.0  241
3  43.0  531
4  47.0  490
5  53.0  554
6  50.0  506
7  37.0  434
1  54.0  388
2  46.0  472
3  41.0  449
4  57.0  589
5  48.0  519
6  68.0  497
7  18.0  524
1  49.0  449
2  61.0  489
3  32.0  384
4  47.0  447
5  22.0  474
6  59.0  538
7  60.0  524
1  90.0  494
2  55.0  499
3  52.0  513
4  73.0  528
5  59.0  409
6  52.0  643
7  28.0  339
1  28.0  366
2  35.0  350
3  45.0  504
4  46.0  507
5  31.0  511
6  16.0  400
7  53.0  601
1  45.0  475
2  16.0  263
3  37.0  450
4  40.0  507
5  47.0  485
6  57.0  536
7  32.0  503
1  15.0  229
2  71.0  491
3  68.0  469
4  13.0  309
5  51.0  553
6  43.0  533
7  67.0  704
1  66.0  443
2  52.0  488
3  50.0  553
4  34.0  558
5  29.0  583
6  72.0  505
7  34.0  376
1  32.0  400
2  76.0  525
3  58.0  499
4  35.0  521
5  52.0  520
6  29.0  490
7  47.0  444
1  54.0  503
2  24.0  265
3  40.0  446
4  29.0  510
5  54.0  571
6  37.0  442
7  39.0  407
1  49.0  423
2  39.0  498
3  46.0  445
4  27.0  433
5  52.0  497
6  24.0  460
7  46.0  556
1  36.0  508
2  64.0  508
3  33.0  478
4  49.0  509
5  21.0  343
6  60.0  479
7  56.0  481
1  31.0  457
2  9.0  344
3  54.0  476
4  29.0  521
5  33.0  462
6  28.0  539
7  30.0  457
1  10.0  200
2  29.0  300
3  52.0  438
4  58.0  498
5  21.0  469
6  50.0  571
7  58.0  568
1  58.0  485
2  14.0  390
3  89.0  555
4  44.0  564
5  60.0  539
6  44.0  577
7  9.0  429
1  77.0  514
2  83.0  479
3  40.0  395
4  46.0  507
5  40.0  457
6  34.0  569
7  46.0  526
1  65.0  411
2  26.0  379
3  55.0  570
4  18.0  410
5  91.0  512
6  21.0  584
7  42.0  556
1  25.0  452
2  80.0  484
3  36.0  492
4  62.0  519
5  57.0  530
6  50.0  420
7  71.0  579
1  50.0  483
2  56.0  533
3  80.0  523
4  42.0  440
5  64.0  534
6  27.0  511
7  35.0  510
1  30.0  471
2  53.0  538
3  55.0  497
4  38.0  346
5  61.0  491
6  68.0  520
7  40.0  515
1  87.0  500
2  47.0  503
3  16.0  356
4  51.0  478
5  40.0  328
6  49.0  435
7  29.0  549
1  44.0  514
2  38.0  341
3  38.0  502
4  43.0  479
5  44.0  383
6  30.0  416
7  15.0  435
1  68.0  488
2  61.0  503
3  35.0  392
4  14.0  477
5  47.0  506
6  41.0  470
7  37.0  580
1  0.0  313
2  11.0  439
3  52.0  562
4  37.0  426
5  18.0  359
6  44.0  546
7  10.0  463
1  70.0  502
2  48.0  451
3  45.0  441
4  57.0  449
5  57.0  514
6  22.0  495
7  28.0  416
1  47.0  428
2  23.0  414
3  44.0  399
4  50.0  459
5  12.0  512
6  52.0  536
7  45.0  542
1  28.0  365
2  41.0  474
3  42.0  552
4  58.0  528
5  38.0  540
6  33.0  523
7  86.0  534
1  69.0  531
2  37.0  391
3  21.0  360
4  43.0  554
5  50.0  531
6  22.0  500
7  26.0  472
1  62.0  483
2  49.0  508
3  26.0  281
4  57.0  451
5  33.0  515
6  55.0  587
7  25.0  396
1  23.0  257
2  65.0  488
3  42.0  477
4  37.0  447
5  35.0  417
6  31.0  424
7  47.0  561
1  60.0  412
2  51.0  377
3  79.0  514
4  54.0  468
5  46.0  514
6  51.0  508
7  30.0  471
1  73.0  505
2  25.0  238
3  78.0  522
4  44.0  509
5  34.0  422
6  54.0  554
7  20.0  351
1  16.0  386
2  42.0  490
3  13.0  418
4  69.0  520
5  39.0  502
6  56.0  632
7  55.0  565
1  35.0  416
2  45.0  484
3  32.0  518
4  42.0  492
5  52.0  575
6  61.0  567
7  31.0  570
1  56.0  428
2  72.0  510
3  74.0  527
4  42.0  573
5  52.0  527
6  69.0  506
7  46.0  498
1  22.0  488
2  41.0  409
3  40.0  503
4  71.0  520
5  57.0  559
6  45.0  516
7  22.0  515
1  39.0  489
2  29.0  453
3  57.0  533
4  55.0  583
5  47.0  558
6  27.0  548
7  36.0  539
1  74.0  504
2  84.0  526
3  51.0  430
4  79.0  507
5  46.0  527
6  76.0  565
7  80.0  527
1  73.0  509
2  20.0  362
3  37.0  474
4  45.0  482
5  20.0  404
6  83.0  513
7  11.0  403
1  53.0  428
2  82.0  514
3  57.0  499
4  45.0  535
5  42.0  490
6  42.0  506
7  33.0  590
1  55.0  442
2  63.0  520
3  53.0  524
4  55.0  600
5  72.0  521
6  65.0  598
7  36.0  516
1  40.0  387
2  76.0  514
3  15.0  357
4  55.0  537
5  26.0  401
6  47.0  569
7  64.0  515
1  32.0  401
2  41.0  409
3  41.0  399
4  43.0  459
5  38.0  457
6  62.0  556
7  19.0  337
1  49.0  510
2  24.0  482
3  24.0  536
4  44.0  503
5  53.0  538
6  57.0  619
7  57.0  609
1  65.0  516
2  72.0  542
3  31.0  520
4  61.0  532
5  38.0  429
6  57.0  607
7  25.0  456
1  42.0  512
2  36.0  467
3  69.0  576
4  32.0  435
5  46.0  532
6  57.0  461
7  74.0  559
1  82.0  517
2  48.0  523
3  57.0  507
4  40.0  504
5  58.0  503
6  13.0  452
7  52.0  539
1  15.0  255
2  28.0  426
3  51.0  428
4  25.0  521
5  38.0  585
6  46.0  577
7  22.0  467
1  60.0  464
2  42.0  529
3  53.0  540
4  67.0  566
5  45.0  597
6  43.0  523
7  38.0  604
1  40.0  503
2  42.0  518
3  58.0  534
4  65.0  579
5  63.0  467
6  32.0  413
7  40.0  580
1  46.0  474
2  59.0  506
3  58.0  473
4  58.0  516
5  29.0  455
6  36.0  478
7  22.0  357
1  40.0  348
2  38.0  515
3  58.0  521
4  66.0  546
5  35.0  390
6  26.0  533
7  28.0  543
1  78.0  509
2  55.0  434
3  39.0  527
4  64.0  543
5  31.0  527
6  54.0  542
7  34.0  579
1  48.0  492
2  7.0  399
3  18.0  470
4  50.0  442
5  26.0  473
6  50.0  483
7  40.0  591
1  81.0  509
2  41.0  518
3  56.0  435
4  33.0  396
5  44.0  556
6  25.0  374
7  37.0  611
1  45.0  429
2  97.0  563
3  68.0  541
4  21.0  385
5  44.0  465
6  31.0  503
7  43.0  578
1  56.0  491
2  74.0  538
3  54.0  541
4  17.0  395
5  54.0  547
6  43.0  402
7  42.0  638
1  67.0  525
2  28.0  508
3  41.0  438
4  36.0  561
5  52.0  507
6  33.0  309
7  57.0  503
1  50.0  356
2  48.0  523
3  70.0  521
4  71.0  511
5  75.0  547
6  29.0  576
7  35.0  482
1  10.0  458
2  50.0  497
3  67.0  537
4  54.0  488
5  39.0  480
6  20.0  326
7  25.0  539
1  55.0  513
2  64.0  565
3  86.0  515
4  59.0  525
5  73.0  581
6  32.0  519
7  48.0  606
1  29.0  516
2  49.0  481
3  56.0  499
4  75.0  590
5  43.0  525
6  55.0  511
7  49.0  512
1  49.0  454
2  67.0  531
3  33.0  405
4  28.0  467
5  43.0  532
6  76.0  561
7  60.0  562
1  43.0  507
2  36.0  434
3  41.0  489
4  34.0  507
5  49.0  502
6  36.0  638
7  46.0  423
1  28.0  240
2  18.0  516
3  55.0  509
4  38.0  509
5  34.0  445
6  33.0  496
7  49.0  476
1  68.0  514
2  48.0  518
3  27.0  315
4  66.0  559
5  74.0  565
6  19.0  456
7  47.0  598
1  21.0  337
2  32.0  480
3  49.0  354
4  81.0  497
5  35.0  519
6  33.0  537
7  31.0  595
1  61.0  451
2  75.0  508
3  62.0  517
4  54.0  514
5  24.0  309
6  54.0  555
7  21.0  384
1  33.0  442
2  37.0  464
3  41.0  492
4  25.0  339
5  30.0  473
6  36.0  557
7  39.0  480
1  40.0  506
2  36.0  462
3  45.0  567
4  73.0  583
5  31.0  403
6  41.0  618
7  46.0  536
1  56.0  513
2  53.0  549
3  28.0  494
4  55.0  558
5  34.0  609
6  41.0  503
7  47.0  532
1  53.0  433
2  35.0  441
3  21.0  323
4  58.0  482
5  37.0  424
6  20.0  362
7  24.0  558
1  20.0  236
2  41.0  514
3  2.0  275
4  11.0  307
5  18.0  279
6  29.0  433
7  28.0  471
1  59.0  517
2  56.0  479
3  71.0  507
4  46.0  427
5  49.0  487
6  33.0  530
7  48.0  456
1  56.0  502
2  66.0  509
3  71.0  588
4  38.0  468
5  36.0  441
6  31.0  440
7  27.0  547
1  30.0  397
2  76.0  515
3  60.0  529
4  43.0  487
5  57.0  570
6  22.0  441
7  18.0  507
1  57.0  512
2  5.0  185
3  60.0  504
4  36.0  515
5  27.0  451
6  53.0  567
7  30.0  477
1  69.0  511
2  37.0  533
3  30.0  493
4  38.0  463
5  48.0  518
6  58.0  601
7  43.0  550
1  25.0  291
2  29.0  501
3  40.0  499
4  47.0  505
5  33.0  638
6  53.0  512
7  12.0  389
1  55.0  500
2  9.0  277
3  28.0  277
4  45.0  460
5  25.0  338
6  30.0  455
7  53.0  513
1  63.0  523
2  49.0  551
3  45.0  547
4  33.0  507
5  59.0  572
6  32.0  507
7  16.0  310
1  46.0  358
2  72.0  526
3  52.0  519
4  72.0  473
5  38.0  540
6  59.0  591
7  51.0  551
1  21.0  386
2  23.0  451
3  74.0  498
4  47.0  553
5  58.0  542
6  61.0  546
7  44.0  562
1  75.0  484
2  82.0  518
3  38.0  478
4  34.0  506
5  34.0  486
6  39.0  506
7  76.0  519
1  62.0  508
2  39.0  534
3  40.0  420
4  49.0  505
5  72.0  531
6  42.0  557
7  45.0  541
1  66.0  506
2  66.0  531
3  31.0  488
4  45.0  396
5  49.0  469
6  54.0  535
7  51.0  570
1  61.0  484
2  68.0  502
3  48.0  520
4  57.0  521
5  54.0  568
6  46.0  561
7  26.0  497
1  48.0  478
2  36.0  313
3  54.0  527
4  51.0  530
5  50.0  570
6  48.0  497
7  56.0  643
1  15.0  253
2  33.0  472
3  41.0  401
4  28.0  331
5  28.0  586
6  54.0  594
7  48.0  647
1  57.0  508
2  30.0  392
3  45.0  442
4  40.0  329
5  26.0  458
6  53.0  576
7  30.0  457
1  35.0  515
2  40.0  519
3  29.0  498
4  43.0  540
5  61.0  556
6  70.0  528
7  37.0  445
1  61.0  507
2  65.0  499
3  49.0  505
4  74.0  555
5  81.0  491
6  77.0  607
7  35.0  548
1  68.0  441
2  37.0  347
3  77.0  540
4  57.0  536
5  58.0  464
6  55.0  488
7  57.0  557
1  22.0  386
2  58.0  433
3  35.0  477
4  32.0  350
5  53.0  487
6  16.0  466
7  22.0  396
1  32.0  430
2  65.0  511
3  35.0  453
4  12.0  461
5  36.0  428
6  45.0  602
7  43.0  566
1  39.0  337
2  44.0  484
3  23.0  512
4  39.0  361
5  42.0  355
6  65.0  549
7  50.0  548
1  29.0  476
2  52.0  488
3  62.0  532
4  68.0  576
5  45.0  513
6  53.0  505
7  59.0  717
1  63.0  504
2  21.0  337
3  64.0  521
4  40.0  585
5  36.0  494
6  39.0  438
7  56.0  459
