0  51.0  436
1  27.0  209
2  86.0  267
3  64.0  221
4  78.0  163
5  36.0  357
6  65.0  227
7  47.0  221
8  78.0  184
9  69.0  339
10  56.0  206
11  74.0  310
12  83.0  61
13  82.0  159
14  62.0  223
15  88.0  167
16  75.0  178
17  95.0  48
18  66.0  138
19  44.0  371
20  78.0  154
0  41.0  460
1  92.0  175
2  40.0  378
3  53.0  403
4  54.0  383
5  67.0  292
6  38.0  387
7  69.0  325
8  77.0  274
9  81.0  48
10  66.0  313
11  71.0  316
12  88.0  123
13  82.0  50
14  88.0  135
15  77.0  228
16  59.0  219
17  45.0  283
18  83.0  173
19  70.0  309
20  85.0  148
0  58.0  364
1  42.0  344
2  35.0  287
3  21.0  290
4  64.0  336
5  53.0  315
6  92.0  137
7  38.0  381
8  78.0  216
9  72.0  60
10  54.0  476
11  32.0  287
12  60.0  276
13  39.0  250
14  81.0  109
15  67.0  286
16  73.0  265
17  94.0  76
18  82.0  74
19  91.0  160
20  31.0  238
0  40.0  411
1  39.0  387
2  61.0  432
3  39.0  492
4  22.0  335
5  66.0  415
6  80.0  191
7  56.0  231
8  55.0  232
9  90.0  106
10  92.0  96
11  35.0  262
12  70.0  287
13  72.0  176
14  96.0  76
15  64.0  272
16  67.0  294
17  70.0  138
18  98.0  44
19  74.0  149
20  92.0  80
0  73.0  369
1  51.0  335
2  8.0  297
3  34.0  606
4  34.0  343
5  37.0  387
6  43.0  287
7  54.0  366
8  41.0  404
9  51.0  209
10  91.0  104
11  48.0  339
12  59.0  267
13  98.0  32
14  86.0  181
15  61.0  288
16  98.0  27
17  72.0  95
18  81.0  122
19  83.0  133
20  58.0  245
0  25.0  544
1  41.0  448
2  48.0  446
3  54.0  328
4  55.0  392
5  75.0  263
6  82.0  325
7  27.0  216
8  47.0  448
9  23.0  185
10  39.0  246
11  82.0  230
12  65.0  222
13  79.0  150
14  47.0  162
15  73.0  98
16  92.0  54
17  35.0  260
18  97.0  41
19  59.0  208
20  51.0  225
0  17.0  394
1  84.0  276
2  36.0  501
3  98.0  36
4  77.0  192
5  33.0  194
6  51.0  375
7  74.0  221
8  89.0  140
9  79.0  135
10  52.0  230
11  87.0  245
12  96.0  126
13  76.0  289
14  88.0  197
15  80.0  102
16  43.0  340
17  88.0  194
18  78.0  83
19  66.0  254
20  72.0  184
0  47.0  404
1  67.0  366
2  52.0  430
3  37.0  543
4  26.0  276
5  77.0  302
6  59.0  374
7  21.0  303
8  24.0  263
9  84.0  232
10  70.0  302
11  59.0  316
12  76.0  282
13  59.0  231
14  70.0  234
15  66.0  308
16  80.0  150
17  52.0  230
18  62.0  374
19  88.0  85
20  70.0  234
0  48.0  305
1  48.0  461
2  34.0  606
3  32.0  204
4  92.0  167
5  36.0  556
6  41.0  135
7  57.0  230
8  41.0  250
9  79.0  289
10  54.0  199
11  84.0  225
12  54.0  393
13  61.0  293
14  94.0  89
15  90.0  103
16  62.0  319
17  88.0  193
18  83.0  51
19  97.0  49
20  88.0  98
0  50.0  375
1  40.0  369
2  38.0  340
3  48.0  770
4  55.0  272
5  52.0  354
6  8.0  350
7  36.0  395
8  80.0  284
9  92.0  133
10  75.0  274
11  74.0  102
12  60.0  368
13  71.0  291
14  16.0  233
15  87.0  84
16  56.0  204
17  76.0  190
18  87.0  115
19  95.0  53
20  76.0  250
0  44.0  406
1  52.0  470
2  48.0  313
3  80.0  300
4  58.0  227
5  67.0  332
6  59.0  220
7  84.0  121
8  24.0  244
9  64.0  251
10  75.0  228
11  80.0  160
12  95.0  28
13  60.0  150
14  59.0  93
15  50.0  299
16  47.0  380
17  40.0  161
18  46.0  311
19  54.0  284
20  66.0  270
0  73.0  339
1  45.0  437
2  19.0  376
3  50.0  275
4  65.0  367
5  86.0  156
6  83.0  252
7  88.0  223
8  79.0  258
9  68.0  267
10  80.0  185
11  96.0  69
12  96.0  139
13  70.0  142
14  87.0  161
15  91.0  75
16  65.0  173
17  75.0  152
18  60.0  264
19  57.0  195
20  84.0  207
0  55.0  330
1  31.0  438
2  44.0  431
3  39.0  667
4  43.0  217
5  40.0  418
6  66.0  233
7  48.0  344
8  64.0  295
9  48.0  315
10  81.0  162
11  43.0  336
12  65.0  279
13  55.0  222
14  76.0  178
15  33.0  197
16  77.0  169
17  80.0  155
18  88.0  173
19  96.0  101
20  66.0  230
0  80.0  295
1  49.0  362
2  70.0  263
3  17.0  356
4  43.0  366
5  25.0  211
6  52.0  358
7  45.0  243
8  77.0  278
9  83.0  180
10  59.0  196
11  36.0  306
12  85.0  245
13  60.0  315
14  75.0  189
15  64.0  363
16  42.0  226
17  89.0  120
18  67.0  202
19  86.0  183
20  94.0  37
0  49.0  374
1  75.0  399
2  61.0  382
3  81.0  253
4  65.0  309
5  43.0  212
6  66.0  371
7  42.0  417
8  72.0  289
9  55.0  224
10  38.0  459
11  68.0  266
12  55.0  233
13  63.0  254
14  27.0  284
15  47.0  263
16  87.0  167
17  57.0  325
18  80.0  165
19  64.0  192
20  73.0  300
0  62.0  360
1  43.0  316
2  87.0  292
3  54.0  464
4  62.0  386
5  48.0  435
6  39.0  461
7  41.0  299
8  31.0  307
9  22.0  205
10  48.0  322
11  62.0  339
12  56.0  364
13  85.0  181
14  52.0  175
15  77.0  208
16  81.0  122
17  49.0  175
18  63.0  274
19  89.0  94
20  92.0  112
0  63.0  390
1  13.0  345
2  66.0  385
3  65.0  345
4  70.0  309
5  70.0  307
6  49.0  360
7  80.0  168
8  45.0  342
9  65.0  213
10  67.0  80
11  93.0  133
12  47.0  269
13  64.0  289
14  43.0  403
15  60.0  170
16  92.0  100
17  66.0  285
18  72.0  191
19  79.0  169
20  79.0  227
0  65.0  376
1  37.0  407
2  56.0  347
3  45.0  322
4  79.0  265
5  82.0  118
6  62.0  247
7  51.0  250
8  46.0  386
9  83.0  37
10  75.0  154
11  62.0  151
12  86.0  223
13  45.0  367
14  74.0  251
15  73.0  163
16  64.0  262
17  84.0  65
18  87.0  145
19  72.0  322
20  80.0  181
0  56.0  427
1  31.0  478
2  75.0  297
3  52.0  393
4  54.0  301
5  35.0  371
6  60.0  277
7  66.0  363
8  51.0  442
9  56.0  257
10  66.0  274
11  72.0  317
12  50.0  174
13  51.0  296
14  32.0  245
15  85.0  178
16  82.0  143
17  71.0  280
18  77.0  207
19  56.0  163
20  98.0  36
0  60.0  435
1  30.0  375
2  70.0  318
3  38.0  329
4  45.0  275
5  88.0  245
6  40.0  318
7  81.0  324
8  61.0  202
9  45.0  350
10  9.0  176
11  54.0  223
12  67.0  184
13  80.0  181
14  81.0  106
15  76.0  194
16  75.0  342
17  43.0  213
18  97.0  84
19  92.0  60
20  65.0  271
0  34.0  371
1  52.0  270
2  70.0  383
3  29.0  276
4  86.0  157
5  57.0  322
6  58.0  390
7  78.0  126
8  85.0  149
9  94.0  58
10  23.0  185
11  32.0  319
12  66.0  281
13  71.0  241
14  63.0  440
15  93.0  97
16  67.0  288
17  74.0  237
18  19.0  282
19  73.0  301
20  62.0  98
0  45.0  568
1  66.0  356
2  35.0  501
3  54.0  442
4  37.0  402
5  50.0  420
6  77.0  199
7  90.0  176
8  90.0  247
9  91.0  165
10  83.0  171
11  79.0  160
12  57.0  312
13  34.0  233
14  80.0  150
15  79.0  153
16  73.0  192
17  96.0  47
18  84.0  173
19  77.0  219
20  96.0  80
0  64.0  366
1  31.0  360
2  88.0  242
3  37.0  478
4  40.0  434
5  25.0  393
6  68.0  351
7  54.0  259
8  91.0  104
9  59.0  299
10  60.0  234
11  61.0  406
12  17.0  272
13  44.0  302
14  94.0  113
15  90.0  165
16  77.0  171
17  67.0  216
18  42.0  189
19  80.0  100
20  40.0  299
0  26.0  303
1  53.0  416
2  59.0  381
3  50.0  368
4  65.0  388
5  28.0  255
6  82.0  199
7  94.0  86
8  40.0  240
9  55.0  332
10  72.0  244
11  93.0  127
12  74.0  277
13  80.0  259
14  89.0  130
15  71.0  270
16  73.0  259
17  92.0  108
18  71.0  249
19  83.0  206
20  95.0  102
0  34.0  442
1  0.0  79
2  39.0  411
3  68.0  285
4  13.0  348
5  57.0  383
6  77.0  154
7  28.0  385
8  58.0  368
9  69.0  279
10  85.0  142
11  31.0  181
12  58.0  197
13  68.0  375
14  83.0  217
15  86.0  119
16  83.0  117
17  64.0  326
18  64.0  313
19  66.0  315
20  68.0  148
0  62.0  325
1  77.0  292
2  45.0  415
3  52.0  378
4  60.0  346
5  55.0  226
6  75.0  233
7  68.0  327
8  36.0  352
9  79.0  231
10  61.0  367
11  68.0  258
12  56.0  286
13  57.0  431
14  92.0  80
15  54.0  398
16  82.0  126
17  86.0  187
18  81.0  146
19  88.0  113
20  61.0  250
0  29.0  433
1  50.0  405
2  53.0  433
3  51.0  253
4  62.0  314
5  93.0  110
6  79.0  226
7  96.0  74
8  59.0  244
9  22.0  349
10  65.0  237
11  90.0  151
12  75.0  226
13  76.0  183
14  95.0  147
15  68.0  315
16  55.0  233
17  61.0  185
18  55.0  141
19  52.0  238
20  91.0  131
0  85.0  261
1  43.0  521
2  47.0  478
3  44.0  201
4  23.0  360
5  48.0  371
6  77.0  247
7  82.0  240
8  62.0  384
9  57.0  208
10  50.0  173
11  94.0  119
12  98.0  20
13  89.0  145
14  83.0  188
15  98.0  70
16  96.0  36
17  76.0  41
18  74.0  143
19  72.0  234
20  92.0  83
0  45.0  394
1  31.0  449
2  52.0  348
3  37.0  413
4  28.0  389
5  29.0  230
6  41.0  268
7  92.0  142
8  64.0  364
9  67.0  255
10  86.0  182
11  67.0  285
12  80.0  102
13  81.0  221
14  56.0  323
15  82.0  284
16  97.0  31
17  69.0  274
18  61.0  260
19  95.0  66
20  71.0  273
0  54.0  398
1  72.0  289
2  45.0  275
3  50.0  276
4  81.0  174
5  41.0  274
6  84.0  236
7  60.0  347
8  95.0  117
9  75.0  149
10  58.0  293
11  54.0  371
12  76.0  182
13  90.0  161
14  58.0  139
15  60.0  269
16  70.0  239
17  64.0  318
18  73.0  179
19  83.0  204
20  80.0  190
0  47.0  503
1  52.0  423
2  34.0  123
3  61.0  199
4  40.0  258
5  40.0  253
6  59.0  191
7  78.0  322
8  59.0  470
9  86.0  109
10  80.0  217
11  66.0  241
12  42.0  262
13  73.0  317
14  39.0  202
15  79.0  222
16  98.0  10
17  71.0  241
18  92.0  81
19  76.0  182
20  93.0  20
0  61.0  340
1  65.0  349
2  58.0  291
3  60.0  317
4  67.0  298
5  29.0  287
6  66.0  327
7  41.0  340
8  36.0  234
9  53.0  342
10  58.0  186
11  73.0  277
12  70.0  259
13  85.0  159
14  32.0  60
15  73.0  163
16  90.0  92
17  82.0  296
18  67.0  278
19  77.0  128
20  25.0  341
0  58.0  394
1  50.0  452
2  72.0  336
3  71.0  348
4  48.0  152
5  61.0  210
6  58.0  273
7  90.0  138
8  85.0  60
9  88.0  252
10  49.0  302
11  41.0  344
12  31.0  234
13  64.0  317
14  58.0  122
15  80.0  191
16  63.0  237
17  22.0  212
18  73.0  150
19  89.0  117
20  98.0  41
0  50.0  406
1  60.0  406
2  35.0  190
3  81.0  184
4  82.0  121
5  40.0  322
6  37.0  311
7  82.0  139
8  91.0  136
9  92.0  112
10  52.0  340
11  98.0  16
12  53.0  333
13  73.0  226
14  93.0  61
15  90.0  109
16  84.0  189
17  80.0  200
18  77.0  249
19  69.0  324
20  39.0  264
0  66.0  351
1  49.0  381
2  70.0  349
3  32.0  385
4  70.0  389
5  39.0  388
6  73.0  363
7  61.0  305
8  20.0  256
9  69.0  278
10  74.0  247
11  68.0  224
12  80.0  270
13  46.0  338
14  69.0  322
15  82.0  107
16  47.0  113
17  64.0  376
18  58.0  328
19  57.0  211
20  88.0  52
0  66.0  378
1  46.0  414
2  8.0  188
3  58.0  378
4  70.0  220
5  18.0  301
6  62.0  142
7  75.0  223
8  78.0  216
9  24.0  249
10  71.0  249
11  70.0  207
12  81.0  155
13  80.0  232
14  91.0  135
15  97.0  34
16  82.0  125
17  87.0  146
18  62.0  203
19  51.0  180
20  73.0  59
0  53.0  491
1  38.0  452
2  74.0  331
3  23.0  376
4  51.0  288
5  37.0  465
6  67.0  348
7  27.0  195
8  46.0  242
9  32.0  440
10  88.0  187
11  94.0  30
12  61.0  275
13  80.0  246
14  65.0  246
15  70.0  210
16  96.0  78
17  31.0  164
18  75.0  180
19  83.0  140
20  80.0  220
0  66.0  361
1  45.0  483
2  79.0  305
3  57.0  352
4  91.0  185
5  37.0  302
6  58.0  302
7  35.0  324
8  26.0  212
9  68.0  295
10  74.0  234
11  39.0  282
12  82.0  94
13  52.0  189
14  84.0  202
15  57.0  240
16  92.0  85
17  60.0  419
18  64.0  129
19  65.0  355
20  63.0  66
0  43.0  337
1  64.0  416
2  76.0  324
3  37.0  194
4  45.0  317
5  41.0  445
6  85.0  210
7  71.0  185
8  82.0  229
9  84.0  234
10  87.0  219
11  69.0  191
12  98.0  17
13  91.0  117
14  55.0  403
15  52.0  267
16  72.0  133
17  70.0  260
18  78.0  86
19  47.0  466
20  66.0  293
0  52.0  477
1  72.0  326
2  72.0  375
3  82.0  242
4  59.0  367
5  47.0  280
6  48.0  288
7  56.0  367
8  65.0  275
9  76.0  264
10  67.0  375
11  92.0  113
12  41.0  243
13  59.0  303
14  75.0  206
15  71.0  215
16  47.0  324
17  60.0  189
18  55.0  371
19  96.0  64
20  85.0  125
0  42.0  377
1  37.0  359
2  35.0  265
3  46.0  452
4  81.0  325
5  91.0  101
6  61.0  279
7  54.0  434
8  97.0  47
9  96.0  73
10  61.0  232
11  69.0  328
12  75.0  201
13  68.0  197
14  48.0  271
15  90.0  115
16  95.0  85
17  45.0  321
18  74.0  133
19  63.0  201
20  57.0  111
0  65.0  325
1  26.0  439
2  81.0  305
3  49.0  538
4  86.0  216
5  48.0  359
6  48.0  479
7  50.0  290
8  66.0  310
9  64.0  292
10  67.0  194
11  80.0  180
12  25.0  371
13  65.0  340
14  37.0  269
15  59.0  290
16  45.0  274
17  98.0  76
18  70.0  219
19  59.0  222
20  79.0  30
0  92.0  270
1  23.0  283
2  82.0  247
3  44.0  585
4  42.0  321
5  50.0  175
6  35.0  366
7  29.0  182
8  43.0  421
9  64.0  393
10  47.0  361
11  72.0  283
12  63.0  153
13  68.0  245
14  57.0  227
15  85.0  166
16  54.0  253
17  89.0  141
18  74.0  223
19  47.0  243
20  48.0  144
0  57.0  278
1  73.0  259
2  59.0  429
3  10.0  245
4  57.0  375
5  53.0  278
6  60.0  320
7  77.0  207
8  82.0  188
9  94.0  116
10  39.0  198
11  64.0  399
12  58.0  298
13  61.0  310
14  72.0  131
15  55.0  284
16  58.0  211
17  97.0  27
18  41.0  387
19  72.0  94
20  80.0  148
0  31.0  347
1  51.0  407
2  57.0  400
3  40.0  292
4  30.0  302
5  26.0  220
6  87.0  210
7  89.0  75
8  69.0  271
9  41.0  318
10  55.0  96
11  21.0  109
12  70.0  200
13  70.0  319
14  63.0  180
15  76.0  225
16  64.0  242
17  63.0  207
18  47.0  97
19  85.0  164
20  79.0  136
0  54.0  365
1  33.0  521
2  50.0  453
3  69.0  415
4  21.0  386
5  37.0  376
6  43.0  332
7  61.0  330
8  12.0  201
9  44.0  291
10  83.0  253
11  47.0  329
12  91.0  126
13  75.0  247
14  45.0  134
15  70.0  266
16  41.0  348
17  87.0  141
18  62.0  282
19  98.0  61
20  60.0  303
0  60.0  478
1  57.0  300
2  59.0  415
3  58.0  275
4  63.0  350
5  78.0  235
6  94.0  41
7  52.0  243
8  54.0  262
9  45.0  118
10  89.0  136
11  49.0  406
12  52.0  240
13  73.0  278
14  48.0  397
15  92.0  104
16  66.0  177
17  52.0  270
18  55.0  268
19  92.0  96
20  84.0  189
0  48.0  495
1  48.0  470
2  63.0  390
3  69.0  377
4  66.0  402
5  71.0  175
6  41.0  444
7  35.0  251
8  58.0  418
9  28.0  253
10  63.0  312
11  49.0  222
12  69.0  234
13  85.0  214
14  76.0  157
15  71.0  312
16  84.0  107
17  78.0  249
18  71.0  214
19  76.0  246
20  90.0  117
0  38.0  321
1  29.0  491
2  25.0  329
3  41.0  265
4  14.0  331
5  87.0  322
6  44.0  194
7  65.0  377
8  74.0  308
9  98.0  101
10  82.0  151
11  63.0  231
12  50.0  273
13  87.0  168
14  63.0  197
15  49.0  323
16  65.0  251
17  56.0  308
18  50.0  279
19  40.0  201
20  61.0  240
0  40.0  449
1  47.0  350
2  45.0  372
3  63.0  375
4  58.0  337
5  63.0  290
6  85.0  290
7  97.0  46
8  81.0  184
9  38.0  293
10  96.0  48
11  63.0  415
12  90.0  138
13  45.0  298
14  57.0  450
15  59.0  208
16  15.0  315
17  82.0  167
18  53.0  178
19  79.0  137
20  49.0  191
0  67.0  339
1  40.0  367
2  71.0  473
3  64.0  252
4  58.0  452
5  44.0  356
6  21.0  284
7  82.0  241
8  23.0  386
9  25.0  414
10  40.0  322
11  82.0  206
12  96.0  25
13  42.0  225
14  68.0  248
15  85.0  143
16  89.0  135
17  98.0  26
18  86.0  124
19  76.0  178
20  46.0  229
0  30.0  454
1  22.0  274
2  71.0  327
3  78.0  229
4  64.0  250
5  19.0  313
6  67.0  296
7  65.0  217
8  47.0  305
9  41.0  285
10  55.0  230
11  64.0  430
12  69.0  314
13  60.0  271
14  50.0  260
15  91.0  130
16  38.0  378
17  94.0  81
18  67.0  140
19  93.0  36
20  62.0  151
0  47.0  471
1  44.0  177
2  46.0  463
3  58.0  231
4  81.0  194
5  59.0  284
6  71.0  242
7  38.0  294
8  80.0  220
9  88.0  108
10  52.0  298
11  57.0  487
12  90.0  111
13  89.0  100
14  82.0  201
15  59.0  341
16  89.0  97
17  86.0  132
18  76.0  239
19  67.0  182
20  77.0  166
0  68.0  433
1  42.0  442
2  55.0  338
3  48.0  307
4  42.0  493
5  57.0  315
6  59.0  258
7  49.0  385
8  68.0  331
9  88.0  127
10  16.0  229
11  54.0  274
12  72.0  245
13  92.0  41
14  54.0  276
15  53.0  226
16  70.0  175
17  88.0  140
18  76.0  238
19  57.0  219
20  92.0  30
0  26.0  404
1  47.0  422
2  72.0  351
3  87.0  184
4  30.0  447
5  41.0  372
6  47.0  328
7  66.0  366
8  56.0  422
9  44.0  277
10  85.0  175
11  95.0  53
12  52.0  244
13  57.0  195
14  82.0  207
15  85.0  166
16  91.0  77
17  43.0  328
18  45.0  312
19  68.0  243
20  59.0  360
0  53.0  315
1  37.0  467
2  35.0  489
3  90.0  175
4  80.0  271
5  50.0  401
6  84.0  221
7  67.0  327
8  30.0  326
9  83.0  120
10  50.0  239
11  70.0  224
12  73.0  279
13  77.0  130
14  69.0  208
15  77.0  197
16  69.0  233
17  22.0  196
18  81.0  131
19  76.0  229
20  88.0  145
0  45.0  445
1  33.0  566
2  79.0  326
3  63.0  270
4  51.0  342
5  47.0  392
6  85.0  225
7  63.0  251
8  53.0  406
9  70.0  237
10  31.0  267
11  62.0  331
12  96.0  106
13  83.0  202
14  80.0  176
15  82.0  202
16  74.0  176
17  69.0  117
18  86.0  142
19  95.0  40
20  78.0  217
0  49.0  322
1  26.0  369
2  55.0  247
3  3.0  210
4  45.0  361
5  88.0  107
6  94.0  80
7  52.0  332
8  63.0  296
9  56.0  340
10  70.0  181
11  54.0  266
12  64.0  303
13  97.0  28
14  73.0  216
15  93.0  82
16  75.0  252
17  86.0  92
18  31.0  163
19  80.0  74
20  91.0  67
0  18.0  305
1  29.0  397
2  53.0  254
3  90.0  197
4  79.0  240
5  30.0  381
6  32.0  373
7  47.0  404
8  49.0  251
9  92.0  131
10  67.0  300
11  39.0  285
12  83.0  276
13  98.0  59
14  88.0  104
15  85.0  109
16  93.0  90
17  96.0  49
18  56.0  314
19  83.0  92
20  54.0  171
0  57.0  471
1  50.0  431
2  46.0  293
3  51.0  481
4  40.0  336
5  0.0  201
6  40.0  310
7  72.0  377
8  74.0  225
9  81.0  117
10  51.0  307
11  69.0  205
12  76.0  300
13  94.0  52
14  98.0  23
15  85.0  169
16  75.0  194
17  85.0  204
18  87.0  114
19  80.0  122
20  88.0  174
0  89.0  253
1  66.0  374
2  65.0  399
3  25.0  428
4  48.0  190
5  86.0  132
6  98.0  74
7  62.0  306
8  82.0  182
9  94.0  128
10  66.0  311
11  80.0  186
12  84.0  104
13  41.0  245
14  77.0  216
15  97.0  74
16  67.0  124
17  89.0  159
18  88.0  78
19  80.0  219
20  95.0  115
0  27.0  460
1  47.0  536
2  51.0  351
3  74.0  268
4  47.0  336
5  63.0  385
6  66.0  135
7  62.0  243
8  40.0  330
9  90.0  147
10  85.0  73
11  38.0  284
12  60.0  243
13  98.0  17
14  66.0  306
15  35.0  344
16  76.0  117
17  62.0  266
18  81.0  171
19  87.0  168
20  88.0  200
0  50.0  421
1  68.0  289
2  45.0  445
3  81.0  237
4  45.0  313
5  39.0  250
6  80.0  207
7  51.0  294
8  93.0  106
9  85.0  106
10  63.0  269
11  95.0  89
12  66.0  314
13  96.0  124
14  83.0  254
15  67.0  224
16  65.0  230
17  65.0  250
18  98.0  26
19  61.0  134
20  93.0  76
0  43.0  437
1  80.0  212
2  53.0  350
3  67.0  392
4  81.0  256
5  30.0  326
6  71.0  293
7  72.0  225
8  49.0  299
9  64.0  180
10  72.0  226
11  67.0  212
12  76.0  144
13  61.0  178
14  88.0  227
15  65.0  215
16  86.0  118
17  57.0  237
18  83.0  92
19  98.0  39
20  69.0  220
0  46.0  380
1  73.0  386
2  40.0  369
3  60.0  359
4  71.0  321
5  75.0  319
6  56.0  351
7  60.0  280
8  71.0  331
9  43.0  187
10  65.0  183
11  78.0  192
12  60.0  269
13  50.0  362
14  95.0  52
15  81.0  178
16  56.0  386
17  82.0  102
18  67.0  211
19  94.0  32
20  93.0  100
0  68.0  381
1  66.0  355
2  48.0  376
3  40.0  372
4  98.0  32
5  51.0  306
6  64.0  352
7  21.0  336
8  28.0  217
9  83.0  193
10  37.0  295
11  59.0  141
12  85.0  164
13  81.0  151
14  95.0  44
15  69.0  128
16  86.0  110
17  64.0  178
18  91.0  114
19  57.0  169
20  69.0  226
0  63.0  400
1  62.0  331
2  80.0  326
3  53.0  301
4  62.0  248
5  58.0  168
6  47.0  288
7  38.0  268
8  56.0  193
9  90.0  165
10  65.0  371
11  94.0  144
12  49.0  242
13  50.0  214
14  61.0  232
15  96.0  67
16  61.0  206
17  67.0  197
18  83.0  217
19  83.0  121
20  66.0  104
0  35.0  557
1  31.0  470
2  86.0  246
3  93.0  75
4  95.0  130
5  50.0  290
6  74.0  250
7  80.0  170
8  77.0  358
9  48.0  210
10  63.0  141
11  81.0  125
12  67.0  389
13  41.0  229
14  59.0  179
15  68.0  325
16  87.0  149
17  73.0  177
18  47.0  181
19  91.0  114
20  36.0  175
0  52.0  410
1  50.0  391
2  53.0  471
3  32.0  212
4  24.0  592
5  78.0  284
6  49.0  293
7  39.0  223
8  89.0  105
9  53.0  261
10  76.0  102
11  62.0  195
12  85.0  162
13  69.0  162
14  70.0  272
15  98.0  104
16  98.0  52
17  67.0  201
18  75.0  146
19  57.0  207
20  68.0  220
0  58.0  407
1  63.0  452
2  29.0  223
3  61.0  270
4  38.0  386
5  82.0  245
6  62.0  299
7  81.0  192
8  73.0  208
9  40.0  437
10  59.0  273
11  46.0  508
12  62.0  206
13  69.0  147
14  87.0  128
15  61.0  208
16  83.0  156
17  84.0  185
18  94.0  82
19  75.0  62
20  94.0  48
0  60.0  365
1  21.0  397
2  36.0  255
3  70.0  105
4  41.0  193
5  81.0  300
6  53.0  364
7  18.0  340
8  81.0  163
9  72.0  207
10  95.0  86
11  68.0  285
12  57.0  127
13  42.0  452
14  65.0  279
15  66.0  319
16  76.0  256
17  98.0  49
18  77.0  111
19  53.0  193
20  66.0  122
0  63.0  342
1  33.0  254
2  69.0  347
3  51.0  298
4  78.0  292
5  43.0  384
6  53.0  234
7  65.0  428
8  58.0  372
9  75.0  266
10  80.0  190
11  79.0  95
12  72.0  195
13  45.0  155
14  60.0  273
15  63.0  238
16  81.0  203
17  59.0  94
18  55.0  356
19  90.0  155
20  82.0  41
0  35.0  526
1  36.0  283
2  69.0  342
3  39.0  326
4  93.0  133
5  47.0  502
6  59.0  444
7  64.0  211
8  51.0  204
9  52.0  367
10  22.0  250
11  73.0  168
12  79.0  330
13  51.0  244
14  42.0  276
15  78.0  204
16  78.0  168
17  69.0  175
18  97.0  32
19  48.0  156
20  84.0  195
0  38.0  373
1  50.0  310
2  64.0  396
3  80.0  315
4  37.0  492
5  29.0  212
6  42.0  414
7  60.0  304
8  50.0  417
9  24.0  253
10  56.0  314
11  83.0  245
12  57.0  217
13  77.0  281
14  91.0  72
15  58.0  240
16  76.0  87
17  67.0  334
18  79.0  49
19  88.0  167
20  94.0  81
0  37.0  554
1  60.0  359
2  23.0  328
3  70.0  244
4  30.0  275
5  53.0  362
6  83.0  266
7  70.0  261
8  36.0  264
9  82.0  321
10  84.0  99
11  60.0  262
12  68.0  310
13  33.0  336
14  34.0  331
15  75.0  167
16  60.0  230
17  98.0  41
18  77.0  222
19  84.0  156
20  94.0  83
0  38.0  236
1  70.0  329
2  79.0  244
3  75.0  221
4  70.0  207
5  33.0  209
6  82.0  250
7  52.0  218
8  77.0  274
9  80.0  152
10  77.0  212
11  83.0  224
12  91.0  125
13  74.0  151
14  92.0  61
15  90.0  107
16  53.0  340
17  90.0  143
18  72.0  151
19  87.0  96
20  68.0  309
0  57.0  492
1  53.0  279
2  59.0  249
3  43.0  210
4  53.0  347
5  56.0  356
6  38.0  139
7  75.0  295
8  80.0  327
9  56.0  228
10  50.0  375
11  93.0  114
12  87.0  136
13  68.0  299
14  87.0  104
15  53.0  295
16  92.0  119
17  81.0  211
18  86.0  197
19  55.0  89
20  73.0  225
0  28.0  433
1  43.0  471
2  79.0  296
3  57.0  430
4  69.0  360
5  63.0  263
6  58.0  322
7  30.0  414
8  98.0  21
9  30.0  216
10  63.0  394
11  43.0  255
12  81.0  147
13  95.0  39
14  72.0  139
15  50.0  310
16  89.0  135
17  84.0  160
18  69.0  282
19  77.0  91
20  98.0  70
0  24.0  446
1  31.0  421
2  38.0  487
3  61.0  430
4  91.0  79
5  43.0  164
6  46.0  246
7  79.0  210
8  52.0  350
9  75.0  213
10  53.0  304
11  86.0  243
12  93.0  130
13  85.0  92
14  72.0  297
15  75.0  227
16  62.0  299
17  77.0  202
18  69.0  200
19  98.0  16
20  64.0  78
0  38.0  443
1  41.0  274
2  46.0  282
3  95.0  165
4  72.0  303
5  48.0  240
6  50.0  332
7  97.0  79
8  81.0  126
9  55.0  279
10  69.0  360
11  81.0  99
12  76.0  156
13  24.0  195
14  73.0  270
15  81.0  206
16  76.0  93
17  54.0  289
18  89.0  159
19  78.0  196
20  70.0  178
0  43.0  283
1  33.0  631
2  66.0  375
3  63.0  406
4  47.0  459
5  57.0  144
6  48.0  420
7  63.0  251
8  80.0  238
9  9.0  292
10  49.0  224
11  66.0  280
12  53.0  321
13  89.0  161
14  72.0  286
15  72.0  191
16  79.0  216
17  58.0  287
18  72.0  173
19  98.0  47
20  90.0  78
0  21.0  255
1  43.0  443
2  38.0  252
3  46.0  172
4  51.0  448
5  58.0  220
6  14.0  299
7  77.0  281
8  85.0  81
9  60.0  216
10  52.0  264
11  81.0  210
12  68.0  248
13  46.0  358
14  73.0  96
15  96.0  91
16  68.0  246
17  96.0  90
18  82.0  173
19  90.0  131
20  56.0  245
0  61.0  249
1  21.0  606
2  98.0  118
3  61.0  371
4  76.0  265
5  80.0  229
6  94.0  133
7  68.0  378
8  33.0  327
9  14.0  350
10  54.0  289
11  96.0  58
12  12.0  122
13  94.0  98
14  74.0  220
15  87.0  146
16  84.0  174
17  80.0  249
18  53.0  204
19  60.0  81
20  79.0  200
0  65.0  381
1  65.0  261
2  58.0  414
3  77.0  266
4  49.0  406
5  80.0  184
6  50.0  319
7  74.0  281
8  84.0  255
9  64.0  307
10  40.0  424
11  71.0  337
12  79.0  91
13  66.0  283
14  86.0  173
15  90.0  135
16  59.0  280
17  84.0  136
18  91.0  54
19  88.0  49
20  78.0  243
0  85.0  297
1  46.0  317
2  49.0  434
3  37.0  612
4  58.0  212
5  40.0  320
6  12.0  546
7  36.0  235
8  72.0  246
9  67.0  161
10  56.0  234
11  88.0  55
12  63.0  129
13  75.0  245
14  85.0  170
15  73.0  140
16  58.0  150
17  39.0  180
18  68.0  177
19  96.0  58
20  59.0  377
0  54.0  393
1  53.0  400
2  65.0  407
3  73.0  257
4  29.0  309
5  47.0  414
6  32.0  282
7  80.0  266
8  75.0  118
9  66.0  230
10  69.0  289
11  60.0  340
12  60.0  197
13  80.0  238
14  82.0  215
15  66.0  233
16  78.0  133
17  85.0  67
18  84.0  80
19  81.0  169
20  98.0  21
0  11.0  154
1  45.0  256
2  62.0  335
3  94.0  90
4  42.0  371
5  67.0  183
6  62.0  327
7  44.0  187
8  70.0  249
9  75.0  267
10  97.0  83
11  84.0  103
12  28.0  540
13  79.0  219
14  15.0  304
15  74.0  240
16  82.0  199
17  73.0  248
18  83.0  131
19  83.0  239
20  68.0  223
0  52.0  421
1  41.0  323
2  38.0  604
3  67.0  369
4  17.0  344
5  56.0  301
6  75.0  166
7  34.0  239
8  56.0  333
9  34.0  454
10  54.0  240
11  79.0  283
12  80.0  268
13  78.0  201
14  98.0  22
15  67.0  272
16  93.0  114
17  72.0  248
18  98.0  21
19  81.0  180
20  98.0  38
0  54.0  323
1  46.0  305
2  43.0  470
3  71.0  302
4  52.0  421
5  51.0  359
6  51.0  348
7  41.0  321
8  47.0  184
9  86.0  147
10  96.0  89
11  63.0  231
12  77.0  238
13  77.0  129
14  71.0  260
15  81.0  162
16  98.0  59
17  77.0  293
18  70.0  227
19  71.0  253
20  91.0  50
0  36.0  683
1  49.0  446
2  68.0  282
3  56.0  315
4  61.0  372
5  87.0  132
6  44.0  306
7  37.0  420
8  63.0  329
9  73.0  284
10  85.0  166
11  79.0  231
12  46.0  286
13  83.0  167
14  69.0  270
15  71.0  356
16  53.0  350
17  98.0  16
18  60.0  317
19  91.0  138
20  55.0  219
0  38.0  305
1  54.0  329
2  25.0  73
3  49.0  345
4  37.0  321
5  74.0  294
6  75.0  275
7  49.0  345
8  77.0  125
9  61.0  368
10  75.0  254
11  96.0  93
12  71.0  272
13  78.0  260
14  97.0  9
15  70.0  179
16  83.0  198
17  72.0  222
18  72.0  254
19  49.0  111
20  89.0  116
0  51.0  442
1  40.0  416
2  64.0  440
3  57.0  393
4  54.0  449
5  66.0  296
6  83.0  218
7  58.0  518
8  81.0  222
9  72.0  216
10  53.0  361
11  60.0  290
12  29.0  274
13  25.0  158
14  79.0  285
15  64.0  129
16  98.0  49
17  91.0  63
18  22.0  239
19  67.0  190
20  81.0  138
0  77.0  338
1  42.0  574
2  82.0  265
3  61.0  297
4  23.0  255
5  60.0  150
6  69.0  217
7  64.0  206
8  43.0  297
9  64.0  240
10  74.0  291
11  76.0  185
12  64.0  272
13  69.0  55
14  53.0  161
15  70.0  158
16  76.0  157
17  55.0  217
18  85.0  87
19  76.0  66
20  35.0  254
0  42.0  327
1  42.0  343
2  72.0  295
3  78.0  328
4  62.0  301
5  71.0  337
6  59.0  392
7  76.0  281
8  67.0  274
9  89.0  171
10  24.0  328
11  67.0  281
12  80.0  225
13  55.0  285
14  79.0  224
15  79.0  194
16  67.0  273
17  79.0  259
18  64.0  111
19  52.0  242
20  84.0  130
0  51.0  288
1  86.0  277
2  58.0  118
3  29.0  324
4  67.0  296
5  22.0  313
6  39.0  428
7  65.0  327
8  23.0  286
9  54.0  212
10  77.0  151
11  96.0  216
12  68.0  346
13  68.0  259
14  52.0  309
15  71.0  235
16  74.0  371
17  75.0  154
18  88.0  12
19  95.0  87
20  98.0  50
0  59.0  349
1  66.0  364
2  88.0  177
3  67.0  262
4  39.0  473
5  74.0  184
6  32.0  337
7  78.0  246
8  76.0  139
9  88.0  161
10  73.0  143
11  18.0  518
12  62.0  130
13  52.0  372
14  44.0  266
15  51.0  157
16  89.0  100
17  73.0  90
18  79.0  172
19  90.0  128
20  86.0  189
0  17.0  363
1  16.0  196
2  56.0  348
3  60.0  370
4  36.0  279
5  51.0  325
6  51.0  476
7  69.0  321
8  57.0  346
9  73.0  363
10  68.0  266
11  51.0  167
12  98.0  47
13  56.0  117
14  50.0  230
15  93.0  173
16  80.0  241
17  59.0  172
18  95.0  72
19  98.0  88
20  70.0  253
0  62.0  339
1  51.0  407
2  58.0  335
3  24.0  217
4  88.0  152
5  19.0  380
6  76.0  328
7  81.0  182
8  35.0  252
9  66.0  318
10  69.0  360
11  60.0  239
12  98.0  12
13  41.0  196
14  70.0  266
15  72.0  369
16  76.0  289
17  72.0  283
18  14.0  192
19  81.0  158
20  59.0  291
0  31.0  249
1  39.0  360
2  52.0  364
3  14.0  294
4  73.0  289
5  84.0  154
6  57.0  247
7  44.0  321
8  67.0  248
9  98.0  23
10  57.0  301
11  98.0  43
12  93.0  92
13  93.0  90
14  58.0  212
15  75.0  251
16  47.0  220
17  53.0  369
18  94.0  31
19  39.0  255
20  96.0  79
0  74.0  370
1  13.0  389
2  61.0  369
3  57.0  356
4  62.0  376
5  37.0  429
6  48.0  434
7  77.0  183
8  70.0  243
9  84.0  227
10  51.0  284
11  85.0  191
12  79.0  234
13  83.0  130
14  74.0  145
15  90.0  102
16  37.0  299
17  67.0  259
18  93.0  118
19  91.0  124
20  92.0  84
